classifier_Man_weaves_and_bumps_into_car_21233 [ 0.78955 -0.78018 1.98647 -0.10079 -0.60066 1.84406 0.22433 -0.36660 0.01516 -0.09319 -0.31092 0.01317 0.21476 -0.34483 -0.14933 0.12644 -0.25386 -0.29424 -0.89034 0.17952 -0.14241
0.78999 -0.77834 1.9837 -0.10061 -0.60034 1.84418 0.22417 -0.36632 0.01496 -0.09309 -0.31111 0.01295 0.21510 -0.34293 -0.15195 0.12660 -0.25341 -0.29434 -0.89060 0.17800 -0.13952
0.77515 -0.7655 1.94975 -0.09081 -0.58163 1.82495 0.22065 -0.36066 0.01428 -0.09213 -0.30942 0.01162 0.20890 -0.33664 -0.15473 0.13363 -0.23697 -0.28213 -0.86596 0.18387 -0.12480
0.77384 -0.76238 1.94059 -0.09052 -0.57801 1.82435 0.21977 -0.36018 0.01408 -0.09202 -0.30898 0.01136 0.20907 -0.33414 -0.16102 0.13380 -0.23387 -0.28013 -0.86436 0.18437 -0.11624
0.7789 -0.76686 1.95332 -0.0935 -0.5837 1.83722 0.21857 -0.36179 0.01369 -0.09315 -0.31308 0.01109 0.21309 -0.33668 -0.16322 0.13272 -0.23547 -0.28190 -0.87240 0.18316 -0.11610
0.78038 -0.76932 1.96496 -0.09932 -0.59977 1.84662 0.21565 -0.36470 0.01440 -0.09463 -0.31552 0.01161 0.21518 -0.33594 -0.17249 0.12964 -0.24901 -0.29332 -0.87970 0.16955 -0.11834
0.76834 -0.75719 1.943 -0.09957 -0.60036 1.84749 0.20913 -0.36420 0.01552 -0.09506 -0.31647 0.01197 0.20980 -0.32424 -0.19797 0.13006 -0.24876 -0.29504 -0.86791 0.15683 -0.09551
0.7577 -0.75624 1.92738 -0.1006 -0.60075 1.849 0.20089 -0.36526 0.01675 -0.09570 -0.31679 0.01284 0.20818 -0.32222 -0.21713 0.13027 -0.24918 -0.29654 -0.85830 0.15549 -0.07838
0.68829 -0.72015 1.91895 -0.10253 -0.60157 1.85017 0.18744 -0.36440 0.02199 -0.09516 -0.31826 0.01170 0.15368 -0.28770 -0.23503 0.12929 -0.24845 -0.29863 -0.79082 0.11858 -0.06878
0.66632 -0.68315 1.8844 -0.10354 -0.60423 1.85583 0.18124 -0.36895 0.01631 -0.09561 -0.32087 0.01213 0.14499 -0.25449 -0.28573 0.13015 -0.24866 -0.30190 -0.76986 0.07892 -0.02857
0.58058 -0.63672 1.92917 -0.10768 -0.60266 1.86487 0.16746 -0.36548 0.02640 -0.09547 -0.32234 0.01283 0.07338 -0.21086 -0.25750 0.12844 -0.24678 -0.30267 -0.68826 0.03406 -0.06430
0.53835 -0.62737 1.94003 -0.11154 -0.60267 1.869 0.15824 -0.36482 0.02893 -0.09567 -0.32268 0.01312 0.04238 -0.20481 -0.26313 0.12744 -0.24723 -0.30833 -0.64989 0.02470 -0.07103
0.46732 -0.64138 1.92034 -0.12521 -0.60183 1.88251 0.13578 -0.35559 0.04813 -0.09617 -0.32480 0.01527 -0.00505 -0.22707 -0.31671 0.11937 -0.24511 -0.31476 -0.59253 0.03955 -0.03783
0.43346 -0.63396 1.92389 -0.13731 -0.59945 1.88241 0.12678 -0.35811 0.05386 -0.09934 -0.32286 0.01937 -0.02718 -0.21745 -0.32013 0.11137 -0.24432 -0.31973 -0.57077 0.03451 -0.04148
0.31763 -0.66383 1.84903 -0.14448 -0.57826 1.82974 0.11461 -0.35071 0.05186 -0.09405 -0.31496 0.01566 -0.11864 -0.26003 -0.33424 0.09967 -0.23341 -0.31095 -0.46211 0.08557 -0.01929
0.31464 -0.65419 1.84583 -0.15234 -0.58026 1.82754 0.10946 -0.35248 0.05028 -0.09374 -0.31615 0.01645 -0.11418 -0.25107 -0.33598 0.09443 -0.23464 -0.31285 -0.46698 0.07393 -0.01829
0.3061 -0.65185 1.84415 -0.15791 -0.58462 1.82774 0.10481 -0.35413 0.05004 -0.09696 -0.31708 0.02050 -0.11675 -0.24885 -0.34097 0.09227 -0.23771 -0.31736 -0.46401 0.06723 -0.01641
0.30057 -0.65093 1.83766 -0.16303 -0.58012 1.82805 0.10486 -0.35372 0.04778 -0.09213 -0.31781 0.01572 -0.11769 -0.24871 -0.34214 0.08916 -0.23328 -0.31522 -0.46360 0.07081 -0.00961
0.29075 -0.6323 1.7792 -0.15458 -0.5768 1.75718 0.09917 -0.34408 0.04492 -0.05743 -0.37557 0.02012 -0.11171 -0.24191 -0.33506 0.05797 -0.17288 -0.32577 -0.44533 0.05550 -0.02202
0.29782 -0.64453 1.81602 -0.16783 -0.57206 1.81135 0.10337 -0.35030 0.04272 -0.09964 -0.31786 0.02583 -0.11082 -0.24649 -0.34411 0.09514 -0.22607 -0.32699 -0.46565 0.07247 -0.00467
0.32716 -0.62785 1.88833 -0.17688 -0.57859 1.8767 0.10861 -0.35693 0.03763 -0.10386 -0.32523 0.02639 -0.09209 -0.22186 -0.33198 0.09473 -0.22417 -0.32145 -0.50404 0.04926 -0.01163
0.32906 -0.61561 1.8773 -0.19619 -0.54066 1.86012 0.11101 -0.35001 0.03052 -0.09890 -0.31770 0.01191 -0.09054 -0.21688 -0.33647 0.07973 -0.19446 -0.33187 -0.52525 0.07495 -0.01718
0.36285 -0.5758 1.91952 -0.23476 -0.44242 1.83806 0.11639 -0.34917 0.02105 -0.11476 -0.31181 -0.00262 -0.06682 -0.17768 -0.32500 0.06359 -0.10391 -0.38149 -0.59761 0.13338 -0.08146
0.36888 -0.53163 1.8659 -0.24357 -0.3643 1.7817 0.12636 -0.32531 0.01819 -0.20051 -0.26026 -0.05790 -0.06807 -0.15869 -0.36346 0.14401 -0.07839 -0.37393 -0.61245 0.16733 -0.08420
0.39754 -0.53999 1.98478 -0.27864 -0.29869 1.89029 0.16661 -0.31540 -0.03380 -0.20185 -0.25334 -0.17494 -0.10663 -0.17394 -0.37473 0.13126 -0.01738 -0.33646 -0.67618 0.24130 -0.09449
0.37791 -0.45465 1.84864 -0.27626 -0.19195 1.75804 0.16233 -0.29137 -0.04246 -0.16585 -0.27556 -0.11637 -0.09980 -0.11709 -0.35160 0.08595 0.10830 -0.37699 -0.65417 0.26270 -0.09060
0.36513 -0.29806 1.75321 -0.29868 0.08989 1.73693 0.21772 -0.22778 -0.12302 -0.19462 -0.15302 -0.24075 -0.16333 -0.03053 -0.34912 0.09492 0.26924 -0.25225 -0.66381 0.38795 -0.01628
0.32407 0.03345 1.68372 -0.29402 0.07115 1.74151 0.22021 -0.11005 -0.23843 -0.19502 -0.14643 -0.24190 -0.20513 0.18208 -0.28942 0.09996 0.24398 -0.23516 -0.61809 0.03770 0.05779
0.32994 0.10544 1.72247 -0.28477 0.00025 1.7285 0.21960 -0.08453 -0.24973 -0.19063 -0.18272 -0.21790 -0.20022 0.22533 -0.23583 0.10481 0.20974 -0.27280 -0.61471 -0.10519 0.00603
0.31908 0.17818 1.72734 -0.26679 -0.07236 1.70032 0.22197 -0.08118 -0.24388 -0.20771 -0.25754 -0.15063 -0.21007 0.28595 -0.21106 0.13732 0.21088 -0.34889 -0.58587 -0.25054 -0.02702
0.32032 0.2369 1.77991 -0.24984 -0.13038 1.72913 0.22422 -0.05506 -0.25708 -0.19023 -0.22163 -0.17891 -0.21587 0.31213 -0.17723 0.13817 0.11538 -0.32937 -0.57016 -0.36728 -0.05078
0.31563 0.27726 1.8059 -0.22683 -0.17395 1.75104 0.21934 -0.03641 -0.26633 -0.19724 -0.21602 -0.18015 -0.21572 0.32686 -0.14561 0.16737 0.06469 -0.31430 -0.54246 -0.45121 -0.05486
0.32649 0.29258 1.90333 -0.21356 -0.17641 1.84818 0.22622 -0.03246 -0.28241 -0.23063 -0.21984 -0.23680 -0.22743 0.33952 -0.13537 0.22129 0.06452 -0.26682 -0.54005 -0.46899 -0.05515
0.32928 0.26746 1.93012 -0.22056 -0.13186 1.88465 0.23069 -0.03967 -0.28751 -0.19012 -0.22470 -0.22185 -0.23694 0.32282 -0.15135 0.17515 0.11130 -0.29467 -0.54984 -0.39932 -0.04547
0.31081 0.18135 1.78212 -0.21444 -0.06049 1.7554 0.22181 -0.07416 -0.25230 -0.20009 -0.22395 -0.18982 -0.22343 0.27105 -0.16838 0.17493 0.18074 -0.28766 -0.52525 -0.24184 -0.02672
0.31546 0.102 1.76597 -0.21844 0.01937 1.75626 0.22906 -0.11612 -0.22925 -0.19958 -0.20613 -0.19557 -0.22686 0.23588 -0.21680 0.16939 0.25094 -0.28748 -0.53390 -0.08263 -0.00971
0.32971 -0.05326 1.84623 -0.24831 0.17059 1.89173 0.24049 -0.13737 -0.23801 -0.19692 -0.07383 -0.30258 -0.24042 0.10265 -0.26604 0.14965 0.27066 -0.18240 -0.57802 0.22385 0.04550
0.32307 -0.10099 1.86203 -0.25657 0.21822 1.91363 0.23791 -0.14172 -0.24042 -0.19985 -0.08249 -0.30004 -0.24543 0.05858 -0.25806 0.14673 0.32601 -0.17218 -0.57964 0.31921 0.05160
0.32197 -0.09342 1.87273 -0.26157 0.2212 1.91918 0.23772 -0.14134 -0.24122 -0.20087 -0.08629 -0.29847 -0.24612 0.06481 -0.24841 0.14403 0.33216 -0.16958 -0.58354 0.31462 0.04645
0.32652 -0.04511 1.86001 -0.25361 0.18563 1.90178 0.23918 -0.13855 -0.23977 -0.20541 -0.10992 -0.28550 -0.24148 0.11053 -0.25650 0.15681 0.31951 -0.19355 -0.58013 0.23074 0.04177
0.3127 0.01732 1.74719 -0.23425 0.10755 1.77919 0.24181 -0.10286 -0.22140 -0.19764 -0.13736 -0.24791 -0.23754 0.14314 -0.24685 0.15620 0.26768 -0.21053 -0.54695 0.09023 0.03200
0.31205 0.08708 1.74627 -0.22352 0.03611 1.76639 0.24150 -0.09137 -0.22712 -0.19635 -0.17060 -0.22599 -0.23675 0.20166 -0.24181 0.16460 0.23218 -0.24461 -0.53557 -0.05097 0.02012
0.30873 0.1566 1.74968 -0.21221 -0.03755 1.76252 0.23935 -0.06497 -0.23828 -0.20103 -0.19488 -0.20410 -0.23979 0.24460 -0.22335 0.17834 0.18298 -0.26798 -0.52094 -0.19415 0.01284
0.30994 0.20842 1.74996 -0.19284 -0.09185 1.74782 0.23628 -0.04881 -0.24180 -0.21232 -0.20262 -0.21084 -0.23548 0.28003 -0.20207 0.20612 0.13131 -0.26061 -0.50278 -0.30027 -0.00214
0.33526 0.26891 1.89645 -0.19318 -0.14377 1.89369 0.24718 -0.03781 -0.27029 -0.19738 -0.21452 -0.22275 -0.24486 0.32426 -0.19232 0.20512 0.09009 -0.27408 -0.52844 -0.41268 -0.00276
0.33896 0.2909 1.91007 -0.186 -0.16444 1.90654 0.24063 -0.02463 -0.27889 -0.19450 -0.21790 -0.22297 -0.23614 0.33330 -0.17330 0.21036 0.07048 -0.26608 -0.52496 -0.45534 -0.00353
0.34164 0.29154 1.92006 -0.18656 -0.15928 1.91596 0.23928 -0.02362 -0.28116 -0.19215 -0.21980 -0.22438 -0.23348 0.33309 -0.16514 0.20846 0.07575 -0.26076 -0.52820 -0.45082 -0.00410
0.34092 0.27614 1.92587 -0.19513 -0.12672 1.92399 0.23956 -0.02703 -0.28229 -0.18988 -0.21895 -0.22953 -0.23614 0.32135 -0.16623 0.19807 0.10621 -0.25614 -0.53605 -0.40286 -0.00188
0.33633 0.231 1.91128 -0.20807 -0.07187 1.91233 0.24040 -0.05253 -0.27455 -0.19070 -0.21628 -0.22769 -0.23996 0.30208 -0.17397 0.18413 0.15858 -0.25490 -0.54440 -0.30287 0.00105
0.30727 0.07456 1.75455 -0.18421 0.1014 1.74034 0.23465 -0.13803 -0.19696 -0.21003 -0.16364 -0.20701 -0.23478 0.23192 -0.21670 0.21228 0.28416 -0.25041 -0.49148 0.02684 -0.01421
0.31294 -0.00192 1.795 -0.22733 0.15262 1.80641 0.24784 -0.15283 -0.17947 -0.20293 -0.07498 -0.27141 -0.24443 0.17415 -0.24271 0.16816 0.24804 -0.16624 -0.54027 0.15454 0.01141
0.30529 -0.07241 1.80275 -0.23844 0.22013 1.82186 0.24506 -0.16308 -0.17489 -0.20684 -0.07357 -0.26946 -0.24744 0.11049 -0.24578 0.16337 0.31382 -0.15576 -0.54373 0.29254 0.01911
0.25422 -0.12961 1.78298 -0.24586 0.27147 1.8286 0.23466 -0.17383 -0.17764 -0.20709 -0.04998 -0.27371 -0.28195 0.05473 -0.26326 0.15765 0.34136 -0.13754 -0.50008 0.40108 0.04562
0.25209 -0.19688 1.79057 -0.24804 0.30328 1.82057 0.24146 -0.18949 -0.13860 -0.20546 -0.02208 -0.28010 -0.28831 0.00181 -0.27777 0.15350 0.34500 -0.11903 -0.50013 0.50016 0.03000
0.2952 -0.28013 1.89486 -0.24157 0.32713 1.84931 0.22872 -0.23185 -0.08992 -0.21269 -0.00121 -0.29073 -0.23663 -0.03931 -0.25100 0.17077 0.34810 -0.10522 -0.53677 0.60726 -0.04555
0.29536 -0.31379 1.91882 -0.23185 0.30849 1.84489 0.25635 -0.20117 -0.08507 -0.21968 -0.00068 -0.28823 -0.26430 -0.10364 -0.23017 0.18816 0.32870 -0.10773 -0.52721 0.62228 -0.07393
0.29096 -0.34502 1.93743 -0.22794 0.26352 1.83001 0.25469 -0.20250 -0.08543 -0.22976 -0.01132 -0.28071 -0.26732 -0.13319 -0.20992 0.20319 0.29446 -0.12643 -0.51890 0.60854 -0.10742
0.29295 -0.36962 1.96194 -0.23106 0.19934 1.81525 0.25345 -0.20683 -0.07711 -0.25110 -0.05653 -0.24988 -0.26501 -0.15288 -0.19691 0.22363 0.27446 -0.17091 -0.52401 0.56896 -0.14669
0.26568 -0.48457 2.15117 -0.23081 0.09943 1.91246 0.22319 -0.27216 0.00218 -0.23527 -0.05502 -0.27959 -0.28491 -0.20017 -0.23525 0.22096 0.18539 -0.18549 -0.49649 0.58400 -0.23871
0.25041 -0.49229 2.15744 -0.22815 0.05864 1.90127 0.21714 -0.27606 -0.01701 -0.22951 -0.05222 -0.28287 -0.30756 -0.19424 -0.21794 0.21611 0.15173 -0.18052 -0.47856 0.55093 -0.25617
0.24166 -0.50246 2.17808 -0.22171 0.037 1.90264 0.21479 -0.27894 -0.01911 -0.22206 -0.05798 -0.28900 -0.31833 -0.19901 -0.20482 0.21471 0.14056 -0.17857 -0.46337 0.53946 -0.27544
0.23874 -0.51307 2.18826 -0.22484 0.02705 1.89947 0.20840 -0.28366 -0.01583 -0.21909 -0.06844 -0.28893 -0.31592 -0.20469 -0.19998 0.20781 0.14294 -0.18189 -0.46358 0.54012 -0.28879
0.23942 -0.51189 2.18474 -0.22643 0.03484 1.89437 0.20635 -0.28403 -0.01473 -0.21930 -0.07036 -0.28708 -0.31383 -0.20217 -0.20062 0.20545 0.15604 -0.18254 -0.46585 0.54673 -0.29037
0.24157 -0.51093 2.18212 -0.22655 0.0443 1.89202 0.20574 -0.28380 -0.01235 -0.21967 -0.07062 -0.28612 -0.31124 -0.20133 -0.20408 0.20542 0.16725 -0.18274 -0.46812 0.55523 -0.29010
0.24416 -0.51177 2.18143 -0.22963 0.05182 1.8946 0.20564 -0.28404 -0.01253 -0.22013 -0.07100 -0.28581 -0.30899 -0.20190 -0.20658 0.20287 0.17547 -0.18132 -0.47379 0.56359 -0.28683
0.25094 -0.5148 2.18229 -0.23188 0.05798 1.89914 0.20697 -0.28357 -0.00675 -0.22081 -0.07083 -0.28620 -0.30062 -0.20768 -0.21117 0.20187 0.18189 -0.18063 -0.48282 0.57278 -0.28315
0.25151 -0.51501 2.17735 -0.23368 0.06397 1.89769 0.20586 -0.28355 -0.00794 -0.22132 -0.07027 -0.28492 -0.29918 -0.20755 -0.21129 0.20020 0.18726 -0.17841 -0.48519 0.57898 -0.27966
0.25694 -0.51488 2.16965 -0.23411 0.07063 1.89616 0.20612 -0.28274 -0.00856 -0.22236 -0.06929 -0.28358 -0.29389 -0.20808 -0.21516 0.20066 0.19289 -0.17764 -0.49105 0.58551 -0.27349
0.26118 -0.51454 2.16376 -0.23508 0.07173 1.89471 0.20735 -0.28133 -0.00921 -0.22329 -0.06866 -0.28237 -0.29099 -0.20900 -0.21789 0.20056 0.19331 -0.17749 -0.49626 0.58627 -0.26905
0.24587 -0.47519 1.9981 -0.22285 0.06644 1.75291 0.19358 -0.25865 -0.00988 -0.26722 -0.10729 -0.19387 -0.26657 -0.19417 -0.20208 0.24086 0.22268 -0.22953 -0.46872 0.54163 -0.24519
0.25337 -0.47279 1.99146 -0.22747 0.06322 1.75237 0.19719 -0.25549 -0.00674 -0.26788 -0.10935 -0.18976 -0.25978 -0.19616 -0.20623 0.23697 0.22153 -0.23297 -0.48084 0.53601 -0.23909
0.27216 -0.45896 1.99716 -0.22796 0.06491 1.75817 0.20293 -0.25230 -0.00564 -0.26882 -0.10936 -0.19008 -0.24533 -0.18683 -0.20630 0.23825 0.22344 -0.23455 -0.50012 0.52387 -0.23899
0.29209 -0.44043 1.97928 -0.22816 0.06456 1.76081 0.20736 -0.24942 -0.00782 -0.26948 -0.10968 -0.18884 -0.22917 -0.17169 -0.22358 0.23924 0.22356 -0.23654 -0.52025 0.50499 -0.21847
0.3075 -0.37274 1.89549 -0.22928 0.06513 1.76083 0.21187 -0.24604 -0.01566 -0.26939 -0.10949 -0.18897 -0.21673 -0.10831 -0.29790 0.23827 0.22401 -0.23670 -0.53678 0.43787 -0.13466
0.32682 -0.3037 1.86327 -0.23207 0.06294 1.75699 0.21765 -0.24001 -0.03433 -0.27096 -0.11093 -0.18084 -0.20050 -0.04641 -0.30535 0.23723 0.22330 -0.24456 -0.55889 0.36664 -0.10628
0.32513 -0.23257 1.81625 -0.23244 0.0618 1.75607 0.22693 -0.21642 -0.10445 -0.27068 -0.11080 -0.18080 -0.20747 -0.00061 -0.27793 0.23686 0.22207 -0.24470 -0.55757 0.29437 -0.06018
0.29875 -0.03103 1.78763 -0.23305 0.06374 1.7651 0.20864 -0.19273 -0.18088 -0.27131 -0.10972 -0.18366 -0.19673 0.17933 -0.22609 0.23784 0.22312 -0.24218 -0.53180 0.09477 -0.02253
0.27167 0.21544 1.8216 -0.23334 0.06868 1.77337 0.17161 -0.03091 -0.29521 -0.27029 -0.10472 -0.19170 -0.18904 0.26081 -0.08080 0.23626 0.22238 -0.23298 -0.50501 -0.14676 -0.04823
0.2674 0.25555 1.84 -0.23454 0.06977 1.77856 0.15795 0.00180 -0.30574 -0.27037 -0.10712 -0.19216 -0.18124 0.26638 -0.05482 0.23426 0.22415 -0.23415 -0.50194 -0.18578 -0.06144
0.25362 0.29788 1.85309 -0.23469 0.07077 1.77838 0.15800 -0.00624 -0.30585 -0.27185 -0.10983 -0.19346 -0.19537 0.31571 -0.03969 0.23363 0.22479 -0.23520 -0.48831 -0.22711 -0.07471
0.2282 0.33434 1.89514 -0.2356 0.07171 1.78595 0.10846 0.09611 -0.31409 -0.27381 -0.11281 -0.19464 -0.17124 0.24905 0.00549 0.23328 0.22574 -0.23507 -0.46380 -0.26263 -0.10919
0.2238 0.33627 1.90954 -0.23546 0.07228 1.79158 0.11012 0.09595 -0.31481 -0.27373 -0.11163 -0.19759 -0.17756 0.25053 0.01489 0.23326 0.22424 -0.23430 -0.45926 -0.26399 -0.11796
0.18892 0.38859 1.94457 -0.236 0.07183 1.79123 0.11198 0.09536 -0.31455 -0.27446 -0.11220 -0.19744 -0.21361 0.30319 0.05005 0.23290 0.22373 -0.23636 -0.42492 -0.31676 -0.15334
0.19494 0.38332 1.94766 -0.2365 0.07252 1.79249 0.11425 0.09273 -0.31440 -0.27447 -0.11247 -0.19742 -0.20958 0.30054 0.05441 0.23187 0.22416 -0.23481 -0.43144 -0.31080 -0.15517
0.23669 0.31498 1.9193 -0.23829 0.07359 1.79145 0.12007 0.08451 -0.31477 -0.27453 -0.11243 -0.19752 -0.17364 0.24015 0.02571 0.23025 0.22529 -0.23716 -0.47498 -0.24139 -0.12785
0.2486 0.30467 1.91688 -0.2388 0.0762 1.79455 0.13388 0.06585 -0.31383 -0.27489 -0.11290 -0.19787 -0.17581 0.24847 0.02103 0.22997 0.22802 -0.23542 -0.48740 -0.22847 -0.12233
0.26222 0.29033 1.90963 -0.24262 0.07854 1.79553 0.15193 0.03699 -0.31048 -0.27358 -0.11404 -0.19888 -0.18082 0.26264 0.00852 0.22459 0.23057 -0.23599 -0.50484 -0.21179 -0.11410
0.28253 0.25103 1.89319 -0.24376 0.08024 1.79467 0.17570 -0.01014 -0.29903 -0.27320 -0.11408 -0.19828 -0.18465 0.26984 -0.01807 0.22293 0.23230 -0.23587 -0.52629 -0.17079 -0.09852
0.29347 0.22409 1.88317 -0.24852 0.08147 1.79471 0.20414 -0.13100 -0.24484 -0.27283 -0.11405 -0.19763 -0.20248 0.36313 -0.08148 0.21783 0.23359 -0.23518 -0.54199 -0.14262 -0.08846
0.31052 0.17122 1.87354 -0.24963 0.08176 1.79429 0.21105 -0.15988 -0.21862 -0.27254 -0.11422 -0.19666 -0.19225 0.33923 -0.11703 0.21673 0.23426 -0.23605 -0.56015 -0.08946 -0.07925
0.32189 0.11679 1.86778 -0.25319 0.08009 1.79244 0.22025 -0.20229 -0.16176 -0.27147 -0.11392 -0.19579 -0.18998 0.32764 -0.17863 0.21293 0.23289 -0.23618 -0.57508 -0.03670 -0.07534
0.32305 0.07781 1.87126 -0.25378 0.08025 1.79232 0.22014 -0.21679 -0.13831 -0.27196 -0.11508 -0.19221 -0.18853 0.30404 -0.19977 0.21382 0.23457 -0.23921 -0.57683 0.00244 -0.07894
0.3253 0.02542 1.85017 -0.25384 0.0763 1.76727 0.21950 -0.24229 -0.08171 -0.26917 -0.11505 -0.18543 -0.18100 0.27810 -0.24779 0.20941 0.23072 -0.23949 -0.57914 0.05088 -0.08290
0.31812 -0.00664 1.81535 -0.25113 0.07135 1.73011 0.21750 -0.26079 -0.03576 -0.26567 -0.11504 -0.17428 -0.17880 0.26522 -0.28349 0.20538 0.22534 -0.24143 -0.56925 0.07799 -0.08524
0.31845 -0.0366 1.81603 -0.25209 0.06754 1.72599 0.21543 -0.26777 -0.02366 -0.26465 -0.11541 -0.17334 -0.17491 0.24246 -0.29223 0.20384 0.22226 -0.24254 -0.57054 0.10414 -0.09004
0.31992 -0.05544 1.80633 -0.25304 0.06476 1.71863 0.20790 -0.28131 0.00679 -0.26548 -0.11801 -0.16460 -0.16359 0.23686 -0.32340 0.20338 0.22218 -0.24838 -0.57296 0.12020 -0.08770
0.32924 -0.07513 1.79929 -0.25343 0.06152 1.7124 0.20252 -0.28870 0.01471 -0.26487 -0.11959 -0.16068 -0.14753 0.22426 -0.33149 0.20221 0.22058 -0.25060 -0.58267 0.13665 -0.08689
0.36058 -0.09739 1.88385 -0.26821 0.06046 1.79216 0.19204 -0.26349 -0.07374 -0.27719 -0.12596 -0.16767 -0.11864 0.17715 -0.25757 0.20872 0.22780 -0.26190 -0.62879 0.15785 -0.09169
0.36755 -0.10647 1.80751 -0.25801 0.05601 1.72286 0.19926 -0.30481 -0.00722 -0.26737 -0.12298 -0.15661 -0.10884 0.20900 -0.31698 0.20169 0.21880 -0.25667 -0.62556 0.16248 -0.08465
0.38858 -0.11776 1.79661 -0.25889 0.05167 1.71883 0.19820 -0.30336 -0.00787 -0.26764 -0.12675 -0.15043 -0.08705 0.19749 -0.32669 0.20061 0.21802 -0.26024 -0.64747 0.16943 -0.07778
0.40565 -0.12036 1.76321 -0.25725 0.04585 1.69929 0.18527 -0.29961 0.02817 -0.26477 -0.12765 -0.14646 -0.05556 0.19199 -0.37531 0.19747 0.21267 -0.25973 -0.66290 0.16621 -0.06392
0.42596 -0.12507 1.75041 -0.25835 0.04291 1.69709 0.18378 -0.29969 0.03919 -0.26378 -0.13009 -0.14538 -0.03575 0.18886 -0.39988 0.19522 0.21216 -0.25923 -0.68431 0.16798 -0.05332
0.44798 -0.12957 1.75283 -0.26061 0.03925 1.70898 0.18555 -0.29857 0.02804 -0.26517 -0.13444 -0.14298 -0.01892 0.18438 -0.40275 0.19571 0.21315 -0.26402 -0.70859 0.16882 -0.04385
0.46774 -0.13368 1.75931 -0.2652 0.03512 1.72214 0.18660 -0.29769 0.01020 -0.26681 -0.13997 -0.13906 -0.00352 0.18038 -0.39673 0.19440 0.21498 -0.27164 -0.73294 0.16880 -0.03717
0.48568 -0.13706 1.7731 -0.26885 0.03181 1.74121 0.18924 -0.29727 -0.01836 -0.26911 -0.14450 -0.13554 0.00771 0.17719 -0.37859 0.19512 0.21660 -0.27881 -0.75453 0.16887 -0.03189
0.51516 -0.14321 1.81043 -0.27844 0.0277 1.78149 0.18485 -0.26929 -0.04027 -0.27561 -0.15093 -0.13581 0.03455 0.14394 -0.36969 0.19653 0.21982 -0.28786 -0.79360 0.17091 -0.02894
0.51063 -0.14077 1.79068 -0.27848 0.02522 1.76442 0.18956 -0.28250 -0.05672 -0.27218 -0.15178 -0.13338 0.02800 0.15984 -0.35127 0.19110 0.21772 -0.28572 -0.78911 0.16599 -0.02626
0.50878 -0.14009 1.78612 -0.28174 0.02335 1.76207 0.19059 -0.28521 -0.05961 -0.27135 -0.15300 -0.13252 0.02545 0.16356 -0.34863 0.18668 0.21697 -0.28483 -0.79052 0.16344 -0.02405
0.51357 -0.14286 1.80405 -0.28583 0.02318 1.78176 0.18384 -0.26819 -0.05615 -0.27424 -0.15599 -0.13368 0.03359 0.14416 -0.35870 0.18770 0.22013 -0.28841 -0.79940 0.16604 -0.02229
0.51227 -0.14269 1.80142 -0.2861 0.02237 1.7816 0.18432 -0.26764 -0.05597 -0.27407 -0.15690 -0.13294 0.03172 0.14403 -0.36041 0.18719 0.22018 -0.28814 -0.79837 0.16506 -0.01982
0.51051 -0.14194 1.79732 -0.2864 0.02241 1.78238 0.18474 -0.26726 -0.05573 -0.27394 -0.15749 -0.13272 0.02952 0.14451 -0.36416 0.18677 0.22081 -0.28721 -0.79691 0.16435 -0.01494
0.50429 -0.13716 1.77545 -0.28431 0.02199 1.76681 0.18729 -0.27912 -0.06181 -0.27183 -0.15773 -0.12826 0.02332 0.16121 -0.35930 0.18493 0.22020 -0.28700 -0.78860 0.15915 -0.00864
0.50172 -0.13471 1.76596 -0.28374 0.02139 1.76392 0.18884 -0.28163 -0.06250 -0.27123 -0.15757 -0.12812 0.01958 0.16646 -0.36377 0.18456 0.21936 -0.28601 -0.78546 0.15610 -0.00204
0.49871 -0.12856 1.75191 -0.28294 0.02229 1.76223 0.19002 -0.28312 -0.06495 -0.27116 -0.15743 -0.12763 0.01569 0.17420 -0.37228 0.18502 0.22007 -0.28519 -0.78165 0.15085 0.01032
0.48121 -0.10566 1.67888 -0.27814 0.02097 1.7303 0.18728 -0.26412 -0.14261 -0.27017 -0.15597 -0.08640 0.00616 0.17789 -0.32765 0.18523 0.21658 -0.31889 -0.75935 0.12663 0.05142
0.47595 -0.09955 1.66476 -0.2779 0.0206 1.73782 0.18631 -0.26333 -0.14844 -0.26964 -0.15556 -0.10182 0.00033 0.18385 -0.34564 0.18597 0.21648 -0.30657 -0.75385 0.12015 0.07306
0.46295 -0.09223 1.6487 -0.27714 0.02146 1.74034 0.18089 -0.25709 -0.16291 -0.26970 -0.15546 -0.10564 -0.00766 0.18528 -0.34939 0.18704 0.21752 -0.30392 -0.74009 0.11369 0.09164
0.44557 -0.08515 1.64374 -0.2741 0.02294 1.74511 0.17876 -0.25705 -0.15711 -0.26987 -0.15467 -0.11107 -0.02414 0.19330 -0.36689 0.19100 0.21853 -0.30300 -0.71967 0.10809 0.10137
0.39377 -0.06688 1.67832 -0.27496 0.02488 1.75709 0.16485 -0.23499 -0.17129 -0.27145 -0.15613 -0.11546 -0.06462 0.18834 -0.33689 0.19357 0.22244 -0.30847 -0.66873 0.09176 0.07877
0.33806 -0.05826 1.73444 -0.27514 0.02576 1.75325 0.16607 -0.23139 -0.17495 -0.27015 -0.15556 -0.11819 -0.11819 0.19124 -0.27522 0.19213 0.22279 -0.31180 -0.61320 0.08402 0.01881
0.31499 -0.05557 1.77464 -0.27728 0.0258 1.76117 0.17013 -0.22993 -0.17651 -0.27050 -0.15641 -0.12091 -0.14198 0.19156 -0.24153 0.19129 0.22390 -0.31303 -0.59227 0.08137 -0.01347
0.28953 -0.04959 1.81745 -0.2794 0.02626 1.76694 0.17613 -0.22951 -0.17408 -0.26920 -0.15695 -0.12709 -0.16775 0.19736 -0.20485 0.18875 0.22502 -0.31223 -0.56893 0.07585 -0.05051
0.27006 -0.05484 1.84616 -0.28087 0.02596 1.76926 0.17676 -0.22979 -0.17339 -0.26862 -0.15686 -0.12906 -0.18807 0.19254 -0.17723 0.18676 0.22463 -0.30946 -0.55093 0.08080 -0.07690
0.25649 -0.05731 1.86474 -0.2817 0.02589 1.77115 0.17723 -0.23094 -0.17184 -0.26738 -0.15720 -0.13376 -0.20361 0.19170 -0.16223 0.18483 0.22488 -0.30520 -0.53819 0.08320 -0.09359
0.23831 -0.05095 1.81832 -0.27358 0.02485 1.72221 0.20901 -0.24541 -0.12555 -0.25988 -0.15283 -0.13032 -0.24677 0.21196 -0.19341 0.17978 0.21816 -0.29572 -0.51189 0.07580 -0.09611
0.23318 -0.04656 1.81213 -0.27379 0.02493 1.72559 0.20685 -0.24525 -0.12902 -0.26020 -0.15315 -0.13062 -0.25224 0.21561 -0.19917 0.17991 0.21843 -0.29399 -0.50697 0.07149 -0.08654
0.217 -0.01713 1.73744 -0.27245 0.02415 1.73885 0.18943 -0.23375 -0.15820 -0.26106 -0.15384 -0.13131 -0.25276 0.23405 -0.25225 0.18267 0.21838 -0.28849 -0.48945 0.04128 0.00141
0.19914 0.01282 1.5981 -0.26827 0.02723 1.74868 0.08812 -0.14253 -0.33132 -0.26098 -0.15451 -0.12957 -0.17062 0.17242 -0.22115 0.18657 0.22207 -0.28396 -0.46741 0.01441 0.15058
0.19727 0.00454 1.58272 -0.26885 0.02764 1.74714 0.08652 -0.14231 -0.33369 -0.26023 -0.15487 -0.12818 -0.17145 0.16331 -0.23276 0.18477 0.22262 -0.28607 -0.46612 0.02310 0.16442
0.17567 0.00036 1.59503 -0.2693 0.02975 1.73965 0.07581 -0.16457 -0.33828 -0.25933 -0.15423 -0.12641 -0.19084 0.15887 -0.21388 0.18264 0.22385 -0.28837 -0.44497 0.02939 0.14462
0.17717 -0.01449 1.72289 -0.28655 0.03318 1.84635 0.08065 -0.17348 -0.35285 -0.27566 -0.16392 -0.13517 -0.21073 0.15578 -0.20120 0.19377 0.23917 -0.30779 -0.46372 0.04767 0.12346
0.16201 -0.03364 1.81472 -0.29313 0.03466 1.86759 0.08576 -0.18934 -0.32600 -0.27974 -0.16600 -0.13861 -0.23562 0.15136 -0.16665 0.19404 0.24292 -0.31496 -0.45514 0.06830 0.05287
0.14492 -0.03854 1.71268 -0.27413 0.03172 1.73996 0.14042 -0.22865 -0.24315 -0.26080 -0.15448 -0.13085 -0.28610 0.18605 -0.19482 0.18022 0.22544 -0.29423 -0.41905 0.07026 0.02728
0.13882 -0.03966 1.72899 -0.27667 0.03046 1.74207 0.14065 -0.22958 -0.24305 -0.26139 -0.15430 -0.13312 -0.29285 0.18539 -0.18191 0.17864 0.22397 -0.29378 -0.41549 0.07012 0.01308
0.1343 -0.03946 1.73747 -0.2771 0.03016 1.74274 0.14070 -0.23024 -0.24243 -0.26173 -0.15437 -0.13487 -0.29742 0.18584 -0.17531 0.17881 0.22368 -0.29353 -0.41140 0.06962 0.00527
0.1285 -0.03503 1.73827 -0.27676 0.02931 1.74415 0.13905 -0.23045 -0.24246 -0.26162 -0.15439 -0.13478 -0.30124 0.19011 -0.17291 0.17895 0.22275 -0.29103 -0.40526 0.06434 0.00588
0.12674 -0.03343 1.73674 -0.27645 0.02867 1.74625 0.13682 -0.23117 -0.24367 -0.26179 -0.15456 -0.13494 -0.30083 0.19221 -0.17452 0.17962 0.22233 -0.29057 -0.40319 0.06210 0.00951
0.12589 -0.03288 1.73293 -0.27685 0.02873 1.74624 0.13498 -0.23142 -0.24482 -0.26177 -0.15463 -0.13490 -0.29954 0.19271 -0.17574 0.17913 0.22238 -0.28947 -0.40274 0.06161 0.01331
0.12452 -0.03236 1.72675 -0.27731 0.029 1.74545 0.13421 -0.23155 -0.24444 -0.26171 -0.15460 -0.13578 -0.29971 0.19303 -0.18085 0.17858 0.22255 -0.28857 -0.40183 0.06136 0.01870
0.1228 -0.03277 1.72414 -0.27771 0.02955 1.74693 0.13268 -0.23197 -0.24498 -0.26176 -0.15460 -0.13790 -0.29979 0.19288 -0.18350 0.17838 0.22309 -0.28632 -0.40051 0.06232 0.02279
0.11906 -0.03334 1.72136 -0.27779 0.03025 1.74822 0.13163 -0.23183 -0.24591 -0.26177 -0.15454 -0.13814 -0.30214 0.19201 -0.18468 0.17832 0.22369 -0.28467 -0.39685 0.06359 0.02686
0.11467 -0.03887 1.72098 -0.27805 0.02945 1.75111 0.12951 -0.23163 -0.24792 -0.26160 -0.15488 -0.13943 -0.30438 0.18612 -0.18537 0.17819 0.22326 -0.28334 -0.39272 0.06832 0.03013
0.10569 -0.04398 1.71508 -0.27836 0.02792 1.75068 0.12904 -0.23107 -0.24833 -0.26153 -0.15508 -0.13952 -0.31194 0.18056 -0.18995 0.17786 0.22193 -0.28402 -0.38405 0.07190 0.03560
0.04289 -0.06377 1.87337 -0.29135 0.0221 1.92335 0.08486 -0.24561 -0.30123 -0.22559 -0.11201 -0.27026 -0.35637 0.17563 -0.19144 0.14801 0.17741 -0.19774 -0.33424 0.08587 0.04998
-0.06059 -0.00385 1.72828 -0.19255 0.06328 1.77157 -0.03978 -0.18267 -0.30702 -0.20430 -0.10164 -0.25753 -0.31137 0.17322 -0.16541 0.21050 0.20593 -0.19596 -0.13196 0.06713 0.04329
-0.05323 -0.00368 1.86622 -0.29261 0.0409 1.93765 -0.06356 -0.19768 -0.33971 -0.21934 -0.10847 -0.28422 -0.30477 0.18767 -0.19108 0.14328 0.19508 -0.20225 -0.23938 0.04458 0.07143
-0.05097 0.04114 1.83759 -0.30258 0.0586 1.92754 -0.08137 -0.18216 -0.34984 -0.21803 -0.10624 -0.28311 -0.28185 0.21679 -0.19449 0.13078 0.21076 -0.19832 -0.25161 0.01746 0.08995
-0.01536 0.05292 1.663 -0.28348 0.0639 1.74539 -0.08847 -0.14111 -0.33584 -0.22206 -0.16655 -0.18398 -0.20826 0.18751 -0.15003 0.13256 0.27137 -0.24391 -0.26812 0.01098 0.08239
0.01765 0.0875 1.67499 -0.2898 0.08003 1.75829 -0.08247 -0.14065 -0.34577 -0.22879 -0.16174 -0.18252 -0.18305 0.21370 -0.14456 0.13360 0.27927 -0.24274 -0.30745 -0.00747 0.08330
0.0413 0.13047 1.69375 -0.29545 0.09845 1.77789 -0.07468 -0.12382 -0.35391 -0.23554 -0.15083 -0.18945 -0.17187 0.23810 -0.13733 0.13693 0.28311 -0.23891 -0.33675 -0.03202 0.08414
0.06024 0.175 1.71204 -0.30087 0.11067 1.79035 -0.06746 -0.10478 -0.36394 -0.24182 -0.14194 -0.19223 -0.16595 0.26027 -0.12197 0.13953 0.28434 -0.23803 -0.36111 -0.06433 0.07831
0.10073 0.23316 1.73803 -0.30619 0.12426 1.79832 -0.04457 -0.06527 -0.37048 -0.24733 -0.13156 -0.19478 -0.15094 0.28016 -0.09744 0.14076 0.28646 -0.23514 -0.40692 -0.10890 0.06029
0.12348 0.24252 1.74797 -0.30699 0.12783 1.80224 -0.03697 -0.05594 -0.36966 -0.24905 -0.12784 -0.19533 -0.13763 0.28363 -0.08997 0.14192 0.28541 -0.23178 -0.43047 -0.11469 0.05427
0.14692 0.2473 1.76052 -0.30725 0.12839 1.80781 -0.02479 -0.04963 -0.36606 -0.25090 -0.12549 -0.19573 -0.12826 0.28574 -0.08656 0.14389 0.28293 -0.23060 -0.45417 -0.11891 0.04729
0.17317 0.23976 1.77037 -0.3068 0.1268 1.81171 -0.00998 -0.04756 -0.36218 -0.25159 -0.12502 -0.19623 -0.11819 0.27910 -0.08528 0.14523 0.28003 -0.23027 -0.47997 -0.11296 0.04134
0.19836 0.2366 1.78529 -0.30905 0.12405 1.82095 0.01191 -0.05350 -0.35139 -0.25284 -0.12568 -0.19703 -0.11718 0.28452 -0.09221 0.14484 0.27731 -0.23103 -0.50741 -0.11255 0.03566
0.24739 0.21882 1.78852 -0.30489 0.11744 1.81283 0.08088 -0.14035 -0.32284 -0.25160 -0.12572 -0.19581 -0.13655 0.35546 -0.10790 0.14572 0.26926 -0.23039 -0.55228 -0.10138 0.02431
0.27245 0.21362 1.808 -0.30584 0.11485 1.82615 0.09420 -0.13710 -0.30907 -0.25364 -0.12731 -0.19640 -0.11878 0.35517 -0.10806 0.14748 0.26755 -0.23257 -0.57829 -0.09877 0.01815
0.35507 0.15913 1.82442 -0.30792 0.09696 1.82595 0.15812 -0.19388 -0.24147 -0.25597 -0.13186 -0.19036 -0.10067 0.35832 -0.16147 0.14794 0.25423 -0.24115 -0.66299 -0.06217 0.00153
0.38156 0.14816 1.82615 -0.31289 0.08597 1.82369 0.16532 -0.19942 -0.23047 -0.25870 -0.13866 -0.18301 -0.08248 0.35427 -0.16849 0.14539 0.25046 -0.24718 -0.69445 -0.06219 -0.00246
0.47407 0.03003 1.8306 -0.32212 0.05192 1.81391 0.19992 -0.23761 -0.13804 -0.25576 -0.16017 -0.16676 -0.03274 0.28441 -0.25075 0.13155 0.23967 -0.26017 -0.79619 0.02189 -0.01669
0.50002 -0.01032 1.81903 -0.31848 0.04014 1.79682 0.19586 -0.28353 -0.08998 -0.25450 -0.17364 -0.14537 -0.00032 0.28981 -0.29055 0.13122 0.24252 -0.27606 -0.81850 0.05046 -0.02221
0.52911 -0.0565 1.81536 -0.32118 0.02247 1.78888 0.19097 -0.28106 -0.08984 -0.25238 -0.18564 -0.12966 0.03071 0.24313 -0.28854 0.12464 0.23781 -0.28930 -0.85029 0.07897 -0.02648
0.60258 -0.18457 1.83197 -0.32495 -0.02 1.79188 0.18664 -0.27180 -0.01230 -0.24073 -0.21621 -0.10765 0.10389 0.10837 -0.35304 0.10784 0.22586 -0.30838 -0.92753 0.16457 -0.04009
0.63029 -0.24779 1.81485 -0.31723 -0.04019 1.76679 0.16921 -0.31479 0.02314 -0.22974 -0.22717 -0.10139 0.15372 0.08778 -0.37319 0.09985 0.21607 -0.30645 -0.94752 0.20760 -0.04806
0.66677 -0.31563 1.84337 -0.31702 -0.06635 1.77947 0.18863 -0.30652 0.01365 -0.22131 -0.24586 -0.09432 0.16913 0.01183 -0.34703 0.09060 0.20868 -0.31202 -0.98379 0.24928 -0.06390
0.69297 -0.37173 1.8471 -0.31465 -0.09408 1.77405 0.19671 -0.30723 0.01331 -0.21177 -0.26099 -0.08595 0.18906 -0.04368 -0.33018 0.08014 0.19542 -0.31233 -1.00762 0.27765 -0.07305
0.72055 -0.42612 1.86019 -0.31016 -0.12187 1.77917 0.20649 -0.31388 0.01373 -0.20509 -0.27393 -0.08875 0.20661 -0.09136 -0.31889 0.07602 0.17992 -0.30517 -1.03071 0.30425 -0.08102
0.70789 -0.45166 1.83512 -0.30356 -0.15583 1.74639 0.21254 -0.31724 0.01007 -0.17260 -0.30722 -0.04455 0.19431 -0.11364 -0.29264 0.04358 0.17774 -0.33372 -1.01145 0.29583 -0.08873
0.72135 -0.48939 1.92461 -0.30816 -0.19909 1.80875 0.22533 -0.33489 0.01015 -0.11330 -0.29948 -0.08156 0.18553 -0.13273 -0.26500 -0.01797 0.12669 -0.29543 -1.02951 0.29030 -0.11586
0.83235 -0.62386 2.05814 -0.29681 -0.28756 1.95246 0.24756 -0.36961 0.00866 -0.12305 -0.32123 -0.08603 0.25003 -0.22924 -0.28833 0.01312 0.06270 -0.30606 -1.12916 0.33630 -0.10568
0.78781 -0.62994 1.94927 -0.19287 -0.3317 1.78688 0.21441 -0.33676 0.02005 -0.14961 -0.30941 -0.04622 0.23482 -0.24701 -0.24603 0.08824 0.00914 -0.33880 -0.98068 0.29824 -0.16239
0.79155 -0.65369 1.9784 -0.19236 -0.37854 1.83422 0.21430 -0.34151 0.02361 -0.11661 -0.30686 0.02020 0.23153 -0.26216 -0.24040 0.05344 -0.04019 -0.37977 -0.98391 0.27515 -0.14418
0.81638 -0.68753 1.97576 -0.17348 -0.41458 1.83356 0.22151 -0.35036 0.01911 -0.11410 -0.30659 0.01918 0.25541 -0.29152 -0.23148 0.07074 -0.07675 -0.37154 -0.98986 0.27295 -0.14220
0.79319 -0.69918 1.96661 -0.15497 -0.4479 1.83285 0.22606 -0.35782 0.01548 -0.10905 -0.30683 0.01625 0.22925 -0.29574 -0.22395 0.08473 -0.10979 -0.35719 -0.94816 0.25128 -0.13376
0.78091 -0.73042 1.96815 -0.13812 -0.47826 1.83753 0.23078 -0.36466 0.01261 -0.10456 -0.30761 0.01389 0.21284 -0.31985 -0.21193 0.09739 -0.13917 -0.34319 -0.91903 0.25216 -0.13062
0.78366 -0.74714 1.96852 -0.12879 -0.50515 1.84294 0.22409 -0.36243 0.01836 -0.10992 -0.30516 0.01932 0.21208 -0.32979 -0.21174 0.10438 -0.16740 -0.33687 -0.91245 0.24199 -0.12558
0.77402 -0.75733 1.97788 -0.11852 -0.54584 1.84413 0.22113 -0.36133 0.02020 -0.11282 -0.30386 0.02393 0.20066 -0.33631 -0.20351 0.11257 -0.20784 -0.33637 -0.89254 0.21149 -0.13375
0.7802 -0.75898 1.97875 -0.11423 -0.58028 1.8443 0.22066 -0.36305 0.02210 -0.11307 -0.30335 0.02447 0.20476 -0.33351 -0.20002 0.11476 -0.24237 -0.33159 -0.89443 0.17870 -0.13445
0.77841 -0.76418 1.98068 -0.11054 -0.59057 1.84615 0.22051 -0.36498 0.02319 -0.11300 -0.30301 0.02569 0.20146 -0.33516 -0.19673 0.11648 -0.25263 -0.32699 -0.88895 0.17361 -0.13453
0.79139 -0.77188 1.99096 -0.10319 -0.60376 1.84723 0.22054 -0.36749 0.02433 -0.11324 -0.30240 0.02729 0.21295 -0.33860 -0.18422 0.12208 -0.26593 -0.32238 -0.89458 0.16812 -0.14373
0.79078 -0.77486 1.98959 -0.09858 -0.60945 1.83994 0.21916 -0.36758 0.02526 -0.11292 -0.30190 0.02737 0.21262 -0.33922 -0.18005 0.12509 -0.27216 -0.32390 -0.88936 0.16541 -0.14965
0.79358 -0.77833 1.99557 -0.09665 -0.61162 1.84487 0.21901 -0.36911 0.02621 -0.11142 -0.30364 0.02383 0.21352 -0.33946 -0.17626 0.12482 -0.27261 -0.31646 -0.89023 0.16671 -0.15070
0.79529 -0.77968 1.99438 -0.09465 -0.61227 1.84439 0.21872 -0.36989 0.02758 -0.11150 -0.30363 0.02349 0.21462 -0.33921 -0.17689 0.12647 -0.27344 -0.31519 -0.88994 0.16741 -0.14999
0.7961 -0.78181 1.99685 -0.09361 -0.61401 1.84343 0.21807 -0.37049 0.02837 -0.11130 -0.30412 0.02243 0.21501 -0.33989 -0.17497 0.12665 -0.27493 -0.31472 -0.88971 0.16780 -0.15342
0.79484 -0.78145 1.99763 -0.09299 -0.61475 1.84516 0.22369 -0.37651 0.02489 -0.11164 -0.30408 0.02297 0.21314 -0.33834 -0.17453 0.12722 -0.27571 -0.31294 -0.88783 0.16670 -0.15247
0.79598 -0.78267 2.00045 -0.09169 -0.616 1.84412 0.22413 -0.37700 0.02169 -0.11113 -0.30472 0.02130 0.21624 -0.34144 -0.17102 0.12774 -0.27623 -0.31226 -0.88767 0.16667 -0.15633
0.79453 -0.78041 2.00243 -0.09116 -0.61746 1.84407 0.22469 -0.37698 0.02073 -0.11070 -0.30519 0.02002 0.21575 -0.34058 -0.16917 0.12772 -0.27729 -0.31094 -0.88569 0.16295 -0.15836
0.79521 -0.78009 2.00078 -0.09136 -0.61763 1.8454 0.22493 -0.37731 0.01911 -0.11111 -0.30523 0.02047 0.21718 -0.34104 -0.17065 0.12769 -0.27749 -0.31030 -0.88657 0.16246 -0.15538
0.7963 -0.77984 2.00209 -0.09098 -0.61761 1.84556 0.22526 -0.37737 0.01835 -0.11144 -0.30533 0.02113 0.21869 -0.34154 -0.16939 0.12817 -0.27742 -0.31046 -0.88728 0.16223 -0.15653
0.79902 -0.78223 1.99865 -0.09023 -0.61785 1.84123 0.22250 -0.37716 0.02526 -0.11147 -0.30567 0.02141 0.21892 -0.33810 -0.16863 0.12841 -0.27735 -0.30964 -0.88925 0.16438 -0.15742
0.79453 -0.78095 1.99444 -0.08924 -0.61745 1.84009 0.22108 -0.37740 0.02719 -0.11171 -0.30622 0.02195 0.21366 -0.33428 -0.17053 0.12924 -0.27658 -0.30870 -0.88377 0.16350 -0.15435
0.80423 -0.7816 1.99372 -0.08901 -0.61734 1.84041 0.21855 -0.37759 0.02618 -0.11168 -0.30652 0.02239 0.22440 -0.33348 -0.16875 0.12942 -0.27626 -0.30843 -0.89324 0.16426 -0.15331
0.80358 -0.78418 2.00251 -0.08879 -0.61976 1.84672 0.22139 -0.37984 0.02003 -0.11224 -0.30700 0.02221 0.22472 -0.33818 -0.16423 0.13045 -0.27816 -0.30775 -0.89237 0.16442 -0.15579
0.80518 -0.78336 1.99864 -0.08884 -0.61883 1.84346 0.21972 -0.37972 0.02286 -0.11228 -0.30646 0.02292 0.22563 -0.33520 -0.16517 0.13017 -0.27778 -0.30810 -0.89402 0.16453 -0.15518
0.803 -0.78419 2.00595 -0.08859 -0.62042 1.8475 0.22104 -0.38062 0.01978 -0.11250 -0.30748 0.02262 0.22436 -0.33855 -0.16322 0.13084 -0.27819 -0.30866 -0.89159 0.16377 -0.15845
0.80451 -0.7844 2.00683 -0.08885 -0.62113 1.84944 0.22190 -0.38111 0.01802 -0.11265 -0.30790 0.02244 0.22602 -0.33960 -0.16511 0.13085 -0.27836 -0.30956 -0.89336 0.16327 -0.15739
0.80569 -0.7839 2.00905 -0.08901 -0.62106 1.85254 0.22237 -0.38153 0.01635 -0.11275 -0.30835 0.02230 0.22753 -0.33973 -0.16436 0.13084 -0.27774 -0.30815 -0.89470 0.16284 -0.15651
0.80522 -0.78439 2.01068 -0.08916 -0.62227 1.85261 0.22278 -0.38166 0.01532 -0.11272 -0.30875 0.02202 0.22725 -0.34085 -0.16348 0.13069 -0.27850 -0.30874 -0.89438 0.16212 -0.15807
]
