classifier_Monkey_weaves_and_bumps_into_man_26194 [ 0.56796 -0.73144 1.86116 -0.24468 -0.57852 1.90416 0.10007 -0.37681 0.03492 -0.10097 -0.32131 0.07082 0.22607 -0.28462 -0.27681 0.09905 -0.20232 -0.23918 -0.81264 0.15292 0.04300
0.56802 -0.73205 1.86234 -0.25015 -0.58354 1.91964 0.10060 -0.37735 0.03476 -0.10332 -0.32252 0.06958 0.22591 -0.28491 -0.27745 0.09390 -0.20697 -0.22576 -0.81817 0.14851 0.05730
0.57113 -0.73303 1.86452 -0.24434 -0.57753 1.90757 0.10087 -0.37721 0.03444 -0.10193 -0.32185 0.07032 0.22916 -0.28616 -0.27472 0.09965 -0.20101 -0.23756 -0.81547 0.15550 0.04305
0.56982 -0.73449 1.87033 -0.24319 -0.5769 1.90683 0.10133 -0.37754 0.03438 -0.10070 -0.32133 0.07082 0.22776 -0.28754 -0.26965 0.10092 -0.20026 -0.23916 -0.81301 0.15759 0.03650
0.57166 -0.73422 1.87158 -0.24387 -0.57643 1.90765 0.09955 -0.37677 0.03408 -0.10299 -0.32249 0.06938 0.22946 -0.28713 -0.26922 0.10043 -0.19953 -0.23958 -0.81553 0.15779 0.03607
0.57221 -0.73373 1.86891 -0.24106 -0.57496 1.90462 0.09998 -0.37671 0.03400 -0.10150 -0.32194 0.07014 0.23028 -0.28703 -0.27061 0.10306 -0.19827 -0.24133 -0.81327 0.15877 0.03571
0.57705 -0.73356 1.86827 -0.24097 -0.57546 1.90327 0.10042 -0.37681 0.03381 -0.10047 -0.32147 0.07088 0.23527 -0.28708 -0.27049 0.10302 -0.19888 -0.24232 -0.81802 0.15810 0.03500
0.57968 -0.73156 1.87087 -0.24164 -0.57598 1.90511 0.10109 -0.37733 0.03380 -0.10299 -0.32283 0.06918 0.23762 -0.28473 -0.27029 0.10274 -0.19896 -0.24296 -0.82132 0.15558 0.03424
0.57952 -0.73166 1.87491 -0.24107 -0.57559 1.90224 0.10156 -0.37743 0.03342 -0.10151 -0.32214 0.06977 0.23770 -0.28519 -0.26507 0.10310 -0.19871 -0.24502 -0.82059 0.15607 0.02733
0.57602 -0.72809 1.88265 -0.23991 -0.57414 1.90427 0.09962 -0.37630 0.03285 -0.10031 -0.32172 0.07001 0.23444 -0.28190 -0.25617 0.10417 -0.19749 -0.24221 -0.81593 0.15395 0.02162
0.56488 -0.72216 1.89326 -0.24015 -0.57366 1.90186 0.09779 -0.37548 0.03247 -0.09915 -0.32126 0.07020 0.22400 -0.27621 -0.24411 0.10371 -0.19737 -0.24333 -0.80503 0.14850 0.00860
0.5606 -0.72522 1.90084 -0.2401 -0.57372 1.90232 0.09507 -0.37542 0.03349 -0.09819 -0.32103 0.07046 0.22153 -0.27883 -0.23819 0.10389 -0.19751 -0.24356 -0.80070 0.15150 0.00148
0.49747 -0.71857 1.95074 -0.24441 -0.58554 1.93544 0.07927 -0.38906 0.05366 -0.10331 -0.32869 0.07023 0.16872 -0.25685 -0.25067 0.10656 -0.20196 -0.25363 -0.74188 0.13303 -0.01530
0.50598 -0.721 1.92818 -0.24408 -0.58549 1.93166 0.07273 -0.39042 0.06024 -0.10506 -0.32923 0.06930 0.18337 -0.25775 -0.27866 0.10668 -0.20225 -0.25621 -0.75006 0.13551 0.00348
0.46046 -0.73406 1.89119 -0.24208 -0.58095 1.92387 0.06412 -0.38910 0.06457 -0.10620 -0.32851 0.06817 0.14660 -0.27214 -0.31438 0.10788 -0.19908 -0.25758 -0.70254 0.15311 0.03268
0.37073 -0.71349 1.86788 -0.24017 -0.57839 1.92546 0.05571 -0.39046 0.06609 -0.10434 -0.32833 0.06887 0.06430 -0.24999 -0.34315 0.11078 -0.19611 -0.25913 -0.61090 0.13510 0.05758
0.36091 -0.72608 1.86583 -0.23835 -0.57378 1.92177 0.04665 -0.39369 0.06256 -0.10703 -0.32835 0.06698 0.06287 -0.25937 -0.34262 0.11356 -0.19229 -0.26209 -0.59926 0.15230 0.05594
0.34115 -0.72191 1.91834 -0.22303 -0.58075 1.90903 0.04437 -0.39982 0.04877 -0.10576 -0.32711 0.06538 0.04868 -0.25332 -0.28353 0.13013 -0.20006 -0.27438 -0.56418 0.14116 -0.00931
0.32362 -0.7055 1.98666 -0.20746 -0.57368 1.8568 0.04227 -0.40499 0.03791 -0.10998 -0.32488 0.05766 0.03442 -0.23404 -0.21206 0.14844 -0.19627 -0.32498 -0.53108 0.13182 -0.12986
0.33398 -0.72435 1.98561 -0.15119 -0.54067 1.77403 0.04240 -0.40720 0.03433 -0.11641 -0.30719 0.01065 0.04491 -0.25249 -0.21558 0.20986 -0.18244 -0.36586 -0.48517 0.18368 -0.21158
0.32145 -0.69637 1.9002 -0.10545 -0.50509 1.61107 0.03857 -0.38893 0.03300 -0.10140 -0.28274 -0.04850 0.04434 -0.24429 -0.20901 0.22942 -0.17491 -0.38278 -0.42690 0.19128 -0.28913
0.33806 -0.73466 2.00038 -0.12126 -0.39197 1.69308 0.03931 -0.40867 0.03471 -0.11574 -0.29223 -0.06695 0.04621 -0.25881 -0.21997 0.23973 -0.05052 -0.39138 -0.45932 0.34269 -0.30730
0.33442 -0.7256 1.97943 -0.09995 -0.2725 1.62666 0.03917 -0.40213 0.03332 -0.10519 -0.28454 -0.15305 0.04447 -0.25667 -0.21604 0.24699 0.06047 -0.34913 -0.43437 0.45310 -0.35277
0.33683 -0.73357 1.99315 -0.07542 -0.1446 1.60621 0.04006 -0.40577 0.03253 -0.09060 -0.23239 -0.21485 0.04306 -0.26015 -0.22191 0.25632 0.13239 -0.32976 -0.41225 0.58897 -0.38694
0.37152 -0.78776 1.9954 -0.11211 -0.04648 1.73076 0.04560 -0.42885 0.03083 -0.07488 -0.20832 -0.29540 0.05863 -0.28593 -0.33178 0.21345 0.20418 -0.23598 -0.48363 0.74128 -0.26464
0.3271 -0.7139 1.9028 -0.06748 0.21092 1.62495 0.04181 -0.39514 0.02728 -0.04052 -0.07475 -0.34174 0.03813 -0.25100 -0.24349 0.19755 0.32924 -0.11671 -0.39458 0.92482 -0.27785
0.35304 -0.7436 1.86982 -0.07301 0.34678 1.77846 0.04238 -0.39983 0.02814 -0.02843 0.04886 -0.35491 0.05776 -0.27450 -0.32796 0.16981 0.35554 0.00830 -0.42605 1.09038 -0.09136
0.3512 -0.73306 1.84616 -0.06802 0.38614 1.79992 0.04215 -0.37352 0.03007 -0.02734 0.05919 -0.34915 0.05997 -0.29134 -0.32349 0.16852 0.38644 0.05529 -0.41922 1.11920 -0.04624
0.349 -0.73699 1.86242 -0.05459 0.38589 1.86514 0.04197 -0.37645 0.03001 -0.02364 0.07430 -0.35117 0.05682 -0.29209 -0.31936 0.17835 0.37236 0.11142 -0.40359 1.12288 0.00272
0.34916 -0.73723 1.8646 -0.04556 0.38197 1.8863 0.04144 -0.38035 0.02947 -0.02105 0.08372 -0.35095 0.05740 -0.28843 -0.31973 0.18424 0.35979 0.13009 -0.39472 1.11920 0.02170
0.32661 -0.72223 1.94471 -0.04357 0.37327 1.89849 0.04120 -0.37928 0.02925 -0.02058 0.08725 -0.35117 0.03477 -0.27441 -0.24355 0.18545 0.34857 0.13894 -0.37018 1.09550 -0.04622
0.32548 -0.722 1.94058 -0.04332 0.36108 1.88712 0.04020 -0.38094 0.02881 -0.02111 0.08837 -0.35030 0.03507 -0.27259 -0.24411 0.18527 0.33622 0.13043 -0.36880 1.08308 -0.05346
0.33306 -0.72709 1.99194 -0.05103 0.32105 1.88815 0.04075 -0.38586 0.02906 -0.02822 0.08002 -0.35515 0.03799 -0.27159 -0.22753 0.18729 0.30654 0.10325 -0.38409 1.04814 -0.10379
0.32667 -0.70406 2.03156 -0.06416 0.27514 1.85105 0.04030 -0.38841 0.02909 -0.05631 0.03710 -0.35005 0.03078 -0.24570 -0.19730 0.20290 0.30424 0.05229 -0.39083 0.97920 -0.18051
0.32994 -0.70869 2.02088 -0.13817 0.14066 1.76863 0.04143 -0.38989 0.02852 -0.11057 -0.05708 -0.33111 0.03329 -0.24885 -0.20151 0.18299 0.26352 -0.04379 -0.46811 0.84935 -0.25225
0.32772 -0.70321 1.99794 -0.30093 -0.04281 1.66835 0.04106 -0.39044 0.02789 -0.17788 -0.22013 -0.18872 0.03116 -0.24234 -0.20205 0.08764 0.23621 -0.26585 -0.62865 0.66040 -0.32959
0.33025 -0.71454 1.99754 -0.36303 -0.13087 1.66957 0.04081 -0.39666 0.02622 -0.16964 -0.25708 -0.11308 0.02981 -0.24655 -0.21482 0.02643 0.17884 -0.35212 -0.69328 0.58367 -0.32797
0.30815 -0.67127 1.85989 -0.38741 -0.21865 1.60142 0.03795 -0.37255 0.02698 -0.16397 -0.34600 0.01710 0.02613 -0.23150 -0.21031 -0.01183 0.17447 -0.41346 -0.69556 0.45262 -0.25847
0.30987 -0.67622 1.86229 -0.3864 -0.21669 1.61792 0.03791 -0.37387 0.02724 -0.16068 -0.34681 0.01307 0.02628 -0.23459 -0.21550 -0.00981 0.17673 -0.40217 -0.69627 0.45953 -0.24437
0.31071 -0.67838 1.87216 -0.38721 -0.20675 1.63052 0.03832 -0.37600 0.02758 -0.15792 -0.34349 0.02352 0.02484 -0.23402 -0.21690 -0.00999 0.18243 -0.41244 -0.69792 0.47163 -0.24164
0.31115 -0.68055 1.87161 -0.38687 -0.19805 1.63357 0.03831 -0.37576 0.02745 -0.15548 -0.34302 0.02115 0.02504 -0.23632 -0.21651 -0.01031 0.18955 -0.40808 -0.69802 0.48250 -0.23804
0.30973 -0.68023 1.86566 -0.38536 -0.18753 1.63166 0.03825 -0.37542 0.02693 -0.15345 -0.34046 0.01703 0.02363 -0.23625 -0.21950 -0.00942 0.19694 -0.40456 -0.69509 0.49270 -0.23400
0.32838 -0.72233 1.97544 -0.40686 -0.18774 1.73246 0.04048 -0.39821 0.02831 -0.15318 -0.27376 -0.04724 0.02476 -0.25123 -0.23556 -0.01625 0.13276 -0.36274 -0.73524 0.53459 -0.24298
0.32281 -0.70982 1.93956 -0.39694 -0.17634 1.69916 0.03947 -0.39089 0.02834 -0.16241 -0.29219 -0.08211 0.02469 -0.24724 -0.23302 0.00014 0.16185 -0.32450 -0.71975 0.53348 -0.24040
0.32213 -0.70931 1.93756 -0.3949 -0.17292 1.69637 0.03932 -0.39059 0.02871 -0.16200 -0.29260 -0.08234 0.02399 -0.24692 -0.23504 0.00228 0.16554 -0.32700 -0.71703 0.53639 -0.24119
0.32554 -0.71577 1.95756 -0.39838 -0.17472 1.71203 0.03957 -0.39430 0.02883 -0.15724 -0.27790 -0.06967 0.02443 -0.24882 -0.23661 -0.00313 0.14961 -0.34520 -0.72392 0.54105 -0.24553
0.32651 -0.7178 1.95881 -0.39843 -0.17491 1.71283 0.03958 -0.39501 0.02886 -0.15609 -0.27457 -0.06745 0.02481 -0.24996 -0.23909 -0.00354 0.14626 -0.35028 -0.72494 0.54289 -0.24598
0.33319 -0.69684 1.97499 -0.39623 -0.17235 1.69468 0.03951 -0.39192 0.02850 -0.16056 -0.28478 -0.07991 0.03383 -0.23271 -0.20315 0.00135 0.15868 -0.33703 -0.72942 0.52449 -0.28031
0.33502 -0.70188 1.98563 -0.3985 -0.16741 1.70447 0.03978 -0.39383 0.02887 -0.15732 -0.27832 -0.06933 0.03390 -0.23537 -0.20411 -0.00237 0.15759 -0.34941 -0.73352 0.53447 -0.28116
0.33114 -0.69162 1.96206 -0.39546 -0.16166 1.67981 0.03954 -0.38886 0.02849 -0.16449 -0.29003 -0.09568 0.03331 -0.23095 -0.20136 0.00520 0.17457 -0.32234 -0.72660 0.52996 -0.28225
0.33486 -0.70027 1.98613 -0.40209 -0.16119 1.70168 0.04034 -0.39378 0.02900 -0.15831 -0.27748 -0.07081 0.03279 -0.23368 -0.20415 -0.00429 0.16312 -0.35180 -0.73695 0.53908 -0.28445
0.33426 -0.69883 1.99001 -0.40713 -0.16302 1.70533 0.04110 -0.39385 0.03019 -0.15801 -0.27577 -0.06865 0.03100 -0.23205 -0.20328 -0.00880 0.15989 -0.35269 -0.74139 0.53581 -0.28468
0.32898 -0.78516 1.93718 -0.40753 -0.17065 1.68221 0.04252 -0.38574 0.04113 -0.16342 -0.29491 -0.08952 0.02826 -0.32734 -0.23415 -0.00633 0.17099 -0.32403 -0.73651 0.61451 -0.25497
0.33398 -0.7219 1.89181 -0.41755 -0.18496 1.70109 0.04820 -0.38791 0.05428 -0.15650 -0.28456 -0.06289 0.02573 -0.26129 -0.31092 -0.01945 0.14733 -0.35150 -0.75153 0.53694 -0.19072
0.33006 -0.71316 1.88141 -0.41786 -0.18461 1.69277 0.05526 -0.38007 0.06352 -0.16093 -0.29871 -0.07653 0.01691 -0.26086 -0.31855 -0.01461 0.16247 -0.33593 -0.74792 0.52855 -0.18864
0.32396 -0.73773 1.92607 -0.42264 -0.18597 1.69968 0.07391 -0.36187 0.08880 -0.16309 -0.30320 -0.08055 -0.00778 -0.30336 -0.30512 -0.01429 0.16670 -0.33222 -0.74660 0.55176 -0.22639
0.34044 -0.67038 1.93094 -0.43284 -0.18735 1.72653 0.09677 -0.34694 0.09396 -0.16109 -0.28669 -0.06022 -0.01724 -0.24989 -0.33883 -0.02034 0.15014 -0.35951 -0.77328 0.48303 -0.20441
0.36302 -0.64817 1.91082 -0.43589 -0.18566 1.72607 0.13430 -0.30788 0.10375 -0.14797 -0.28487 -0.02425 -0.03106 -0.26716 -0.36671 -0.03478 0.14999 -0.39450 -0.79891 0.46251 -0.18475
0.39377 -0.6591 1.93142 -0.45595 -0.18758 1.78963 0.16419 -0.27938 0.09296 -0.16047 -0.28521 -0.03723 -0.03853 -0.30490 -0.41636 -0.03075 0.15034 -0.39874 -0.84972 0.47152 -0.14179
0.40543 -0.6078 1.96274 -0.45822 -0.18801 1.78639 0.21260 -0.23909 0.11680 -0.16263 -0.28179 -0.04107 -0.07351 -0.29534 -0.40458 -0.02839 0.14653 -0.39452 -0.86365 0.41979 -0.17635
0.40432 -0.60027 2.01132 -0.46469 -0.18874 1.80371 0.24304 -0.19739 0.07536 -0.16719 -0.28340 -0.04450 -0.10718 -0.33051 -0.34080 -0.02462 0.14814 -0.40027 -0.86901 0.41153 -0.20761
0.37207 -0.56993 1.96591 -0.44153 -0.17765 1.71904 0.26962 -0.14883 0.07907 -0.16140 -0.26808 -0.04424 -0.15299 -0.35382 -0.27894 -0.01868 0.14112 -0.37636 -0.81360 0.39228 -0.24687
0.28727 -0.40782 2.20895 -0.45394 -0.18524 1.79685 0.30927 -0.10344 0.08856 -0.17532 -0.27813 -0.04688 -0.29068 -0.23931 -0.13867 -0.01038 0.14430 -0.38987 -0.74121 0.22258 -0.41210
0.21747 -0.23814 2.16274 -0.43657 -0.184 1.77367 0.31479 0.02049 0.14399 -0.17179 -0.27191 -0.04561 -0.36804 -0.20162 -0.20511 0.00058 0.13815 -0.38056 -0.65404 0.05414 -0.38907
0.19484 -0.21174 2.10092 -0.42525 -0.18294 1.75059 0.30977 0.01542 0.15203 -0.16941 -0.26805 -0.04407 -0.39157 -0.19037 -0.24816 0.00617 0.13424 -0.37411 -0.62009 0.02880 -0.35033
0.1913 -0.1805 2.05002 -0.41343 -0.17895 1.72448 0.31373 0.03447 0.16238 -0.16647 -0.26386 -0.04304 -0.39777 -0.18626 -0.27619 0.01088 0.13281 -0.36614 -0.60473 0.00155 -0.32554
0.20915 -0.11608 2.01923 -0.40145 -0.17874 1.68928 0.30560 0.06217 0.18030 -0.16657 -0.25626 -0.04087 -0.36841 -0.15679 -0.28370 0.01168 0.12269 -0.35741 -0.61060 -0.06266 -0.32995
0.25538 -0.11341 1.97406 -0.39184 -0.17587 1.64894 0.30403 0.05678 0.23312 -0.16195 -0.25014 -0.03916 -0.32053 -0.16708 -0.34488 0.01096 0.11800 -0.34832 -0.64722 -0.06246 -0.32512
0.25959 -0.17273 2.01101 -0.4004 -0.17982 1.68521 0.29265 0.05105 0.19388 -0.16824 -0.25512 -0.03915 -0.31097 -0.22339 -0.31702 0.01058 0.11956 -0.35662 -0.65999 -0.00709 -0.32580
0.36203 -0.21781 2.20121 -0.43471 -0.19837 1.81255 0.29048 0.03713 0.16191 -0.17955 -0.27462 -0.04159 -0.22712 -0.25608 -0.25954 0.00745 0.12381 -0.38606 -0.79674 0.01944 -0.38866
0.2266 -0.2885 2.20227 -0.43507 -0.20016 1.79122 0.27866 0.00331 0.13960 -0.17642 -0.27267 -0.04048 -0.34717 -0.29296 -0.21259 0.00302 0.11953 -0.38468 -0.66167 0.08834 -0.41105
0.21163 -0.26309 2.17599 -0.43643 -0.20316 1.78093 0.28662 -0.01462 0.14923 -0.17476 -0.27178 -0.03937 -0.36864 -0.24911 -0.23712 -0.00024 0.11556 -0.38394 -0.64806 0.05993 -0.39506
0.16011 0.22051 2.55617 -0.41834 -0.19158 1.68712 0.28727 -0.09054 0.19087 -0.16559 -0.25770 -0.03693 -0.40597 0.31208 0.21823 -0.00445 0.11059 -0.36501 -0.57845 -0.41209 -0.86905
0.1587 0.22187 2.56972 -0.42186 -0.19345 1.69855 0.28003 -0.10515 0.17189 -0.16680 -0.25932 -0.03648 -0.40163 0.32996 0.23614 -0.00461 0.11094 -0.36674 -0.58056 -0.41532 -0.87117
0.19138 0.21409 2.57455 -0.42256 -0.19514 1.69495 0.26076 -0.14682 0.04900 -0.18785 -0.29811 -0.04950 -0.34709 0.36579 0.36357 0.01606 0.14810 -0.35736 -0.61394 -0.40923 -0.87960
0.68213 -0.28373 2.65197 -0.43616 -0.20448 1.75136 0.26908 -0.16234 0.03173 -0.19433 -0.30876 -0.05049 0.13399 -0.11530 0.38226 0.01833 0.15115 -0.37530 -1.11829 0.07925 -0.90061
0.25682 0.03356 1.95936 -0.43725 -0.19894 1.7654 0.24356 -0.20785 -0.07555 -0.18762 -0.28647 -0.05044 -0.26380 0.25549 -0.23766 0.00909 0.13469 -0.39526 -0.69407 -0.23250 -0.19396
0.28674 0.06087 1.97016 -0.43479 -0.19038 1.7664 0.24062 -0.20792 -0.09214 -0.18116 -0.27290 -0.05459 -0.23059 0.28535 -0.21536 0.00585 0.12950 -0.39667 -0.72153 -0.25125 -0.20376
0.31759 0.09719 1.91116 -0.41549 -0.16025 1.71674 0.20876 -0.20000 -0.18734 -0.19121 -0.32402 -0.03581 -0.16123 0.31434 -0.12348 0.02435 0.20872 -0.41233 -0.73308 -0.25744 -0.19442
0.29977 0.0768 1.77625 -0.38663 -0.14024 1.61119 0.19444 -0.18872 -0.17404 -0.17715 -0.32108 0.06069 -0.14802 0.28267 -0.13463 0.02397 0.22297 -0.48220 -0.68640 -0.21704 -0.16506
0.30538 0.02275 1.81369 -0.39204 -0.14022 1.6586 0.19509 -0.22266 -0.16261 -0.18344 -0.33683 -0.02943 -0.15031 0.26477 -0.17237 0.03033 0.24002 -0.40902 -0.69742 -0.16297 -0.15509
0.31118 -0.02863 1.89336 -0.40972 -0.14422 1.74607 0.19942 -0.25466 -0.16394 -0.17123 -0.26920 -0.08154 -0.16113 0.24747 -0.20257 0.01383 0.17091 -0.37964 -0.72090 -0.11559 -0.14729
0.30935 -0.09482 1.83182 -0.39253 -0.13707 1.69658 0.16628 -0.29580 -0.05693 -0.17948 -0.29534 -0.16241 -0.12132 0.22334 -0.30454 0.03026 0.20301 -0.28466 -0.70188 -0.04225 -0.13524
0.30828 -0.09638 1.782 -0.3817 -0.13147 1.65275 0.20202 -0.36222 -0.01015 -0.16087 -0.25354 -0.08216 -0.15059 0.28888 -0.33939 0.01620 0.16580 -0.34904 -0.68998 -0.03509 -0.12925
0.30725 -0.08982 1.74461 -0.37165 -0.12505 1.61441 0.19996 -0.35147 0.00108 -0.17017 -0.26930 -0.13048 -0.14355 0.28506 -0.33704 0.03031 0.18710 -0.28946 -0.67890 -0.03523 -0.13020
0.30626 -0.08122 1.71967 -0.36629 -0.11994 1.58982 0.19816 -0.34514 0.00288 -0.16749 -0.26496 -0.12871 -0.13897 0.28779 -0.33110 0.02957 0.18729 -0.28420 -0.67255 -0.03872 -0.12985
0.31218 -0.07522 1.74542 -0.3719 -0.12178 1.61234 0.20382 -0.34816 0.00367 -0.16243 -0.24494 -0.09741 -0.14245 0.29762 -0.33454 0.02221 0.16607 -0.32079 -0.68408 -0.04656 -0.13308
0.31617 -0.07177 1.75832 -0.3724 -0.11697 1.6209 0.20922 -0.34679 0.00535 -0.16191 -0.24357 -0.09433 -0.14526 0.30027 -0.33193 0.02222 0.16969 -0.32407 -0.68857 -0.04520 -0.13742
0.30911 -0.07032 1.72394 -0.36232 -0.11381 1.586 0.20643 -0.33810 0.00923 -0.16630 -0.25760 -0.12941 -0.14438 0.29272 -0.32595 0.02964 0.18599 -0.28133 -0.67143 -0.04349 -0.13794
0.30328 -0.0816 1.75154 -0.36638 -0.11448 1.60874 0.20826 -0.34208 0.01156 -0.16011 -0.24396 -0.09456 -0.15498 0.28588 -0.32387 0.02206 0.17224 -0.31648 -0.66966 -0.03288 -0.14280
0.29617 -0.07823 1.75134 -0.36383 -0.11529 1.60396 0.20493 -0.34329 0.01134 -0.16532 -0.25740 -0.12453 -0.15834 0.29050 -0.31988 0.02780 0.18480 -0.28799 -0.66000 -0.03706 -0.14738
0.25223 -0.09797 1.76233 -0.36501 -0.11829 1.61476 0.19639 -0.35181 0.00235 -0.15962 -0.24289 -0.08650 -0.19368 0.27926 -0.30987 0.02281 0.16781 -0.32790 -0.61724 -0.02032 -0.14757
0.2467 -0.10412 1.83565 -0.38062 -0.12627 1.69053 0.19582 -0.37410 -0.01188 -0.16923 -0.26515 -0.11386 -0.20890 0.29666 -0.31596 0.02793 0.18436 -0.31946 -0.62732 -0.02215 -0.14512
0.23254 -0.10517 1.81413 -0.37898 -0.12321 1.68812 0.18061 -0.38045 -0.03658 -0.16955 -0.26648 -0.12220 -0.20665 0.30195 -0.30587 0.02992 0.18909 -0.30911 -0.61152 -0.01804 -0.12601
0.21445 -0.09941 1.72488 -0.36424 -0.11904 1.63049 0.16093 -0.37128 -0.06223 -0.15702 -0.24650 -0.08842 -0.19499 0.29801 -0.29246 0.02426 0.17210 -0.32796 -0.57869 -0.01963 -0.09439
0.20773 -0.09752 1.6968 -0.36243 -0.1218 1.6362 0.16994 -0.37003 -0.04322 -0.15733 -0.24764 -0.08717 -0.19940 0.30493 -0.33726 0.02719 0.17069 -0.33111 -0.57016 -0.02428 -0.06060
0.20907 -0.09565 1.75954 -0.38167 -0.13307 1.74045 0.12038 -0.28762 -0.21348 -0.17191 -0.28234 -0.14105 -0.15869 0.22973 -0.23294 0.03755 0.19712 -0.30598 -0.59074 -0.03742 -0.01909
0.19673 -0.08572 1.71125 -0.37913 -0.13357 1.73797 0.12090 -0.28628 -0.21796 -0.17137 -0.28201 -0.14356 -0.16902 0.24084 -0.27091 0.03942 0.19670 -0.30514 -0.57586 -0.04785 0.02672
0.18052 -0.07795 1.66332 -0.37665 -0.13505 1.73538 0.11271 -0.27102 -0.23948 -0.17058 -0.28222 -0.14748 -0.17485 0.23871 -0.28788 0.04055 0.19567 -0.30213 -0.55717 -0.05710 0.07206
0.14209 -0.06606 1.65274 -0.38289 -0.14446 1.76258 0.09812 -0.25734 -0.26731 -0.16183 -0.27390 -0.08696 -0.20253 0.24545 -0.29828 0.02936 0.17895 -0.37623 -0.52498 -0.07840 0.10984
0.11159 -0.05752 1.57293 -0.36193 -0.13922 1.66405 0.08755 -0.23978 -0.25677 -0.16863 -0.33390 -0.03356 -0.20862 0.23532 -0.26319 0.04044 0.24094 -0.40489 -0.47352 -0.08170 0.09112
0.08576 -0.051 1.6013 -0.36234 -0.13806 1.66402 0.08096 -0.23990 -0.25744 -0.17030 -0.33451 -0.03324 -0.22764 0.24282 -0.23448 0.04013 0.24247 -0.40687 -0.44810 -0.08706 0.06272
0.06338 -0.05817 1.63053 -0.36151 -0.14434 1.65082 0.06587 -0.23904 -0.25239 -0.16834 -0.33462 -0.01403 -0.23361 0.23501 -0.19853 0.03665 0.23587 -0.42815 -0.42489 -0.08617 0.02029
0.02428 -0.0868 1.72182 -0.36558 -0.14708 1.65785 0.03005 -0.28245 -0.26146 -0.16670 -0.33357 -0.05948 -0.23827 0.25057 -0.10910 0.03141 0.23208 -0.38690 -0.38986 -0.06028 -0.06397
0.01077 -0.09479 1.67858 -0.35165 -0.14648 1.58518 0.02107 -0.27728 -0.24411 -0.15651 -0.32752 0.03329 -0.23332 0.23591 -0.08173 0.02636 0.22463 -0.46511 -0.36242 -0.05169 -0.09340
0.0033 -0.12343 1.74069 -0.35978 -0.14838 1.62315 0.00444 -0.30802 -0.22113 -0.16854 -0.33736 -0.02316 -0.23006 0.24124 -0.09036 0.03538 0.23369 -0.41928 -0.36308 -0.02495 -0.11754
0.00335 -0.12007 1.66826 -0.34872 -0.14224 1.56854 0.00293 -0.29681 -0.21260 -0.16945 -0.33245 0.06798 -0.22095 0.23289 -0.10088 0.03962 0.23344 -0.49482 -0.35207 -0.02217 -0.09972
0.00214 -0.12649 1.71236 -0.36295 -0.14511 1.63433 0.00238 -0.30975 -0.22142 -0.17716 -0.34557 -0.06600 -0.23022 0.24258 -0.12650 0.04191 0.24544 -0.37514 -0.36509 -0.01862 -0.07803
-0.0054 -0.11957 1.67023 -0.36283 -0.1423 1.62599 -0.01233 -0.30705 -0.23727 -0.17500 -0.34305 -0.06613 -0.22107 0.24670 -0.14105 0.03880 0.24558 -0.37294 -0.35743 -0.02273 -0.04424
-0.0133 -0.12 1.62349 -0.36025 -0.13707 1.61308 -0.01880 -0.30799 -0.23959 -0.16753 -0.34116 -0.04754 -0.21935 0.24711 -0.16555 0.03212 0.24876 -0.38641 -0.34695 -0.01707 -0.01041
-0.03308 -0.09235 1.59188 -0.36267 -0.13785 1.62402 -0.08237 -0.25694 -0.23633 -0.16000 -0.34639 -0.02172 -0.17419 0.22500 -0.20945 0.02388 0.25364 -0.41501 -0.32959 -0.04550 0.03214
-0.09948 -0.07704 1.67974 -0.37692 -0.13176 1.74162 -0.16100 -0.25899 -0.27838 -0.14611 -0.30853 -0.18834 -0.17056 0.24614 -0.21886 0.01311 0.22697 -0.27857 -0.27744 -0.05472 0.06188
-0.25268 -0.07639 1.60475 -0.30323 -0.07258 1.61183 -0.15755 -0.22695 -0.24322 -0.15619 -0.30802 -0.17292 -0.29787 0.20728 -0.18649 0.07655 0.27958 -0.29528 -0.05055 0.00381 0.00708
-0.29787 -0.08428 1.61837 -0.31445 -0.06756 1.60795 -0.16280 -0.21965 -0.23676 -0.15629 -0.31243 -0.16368 -0.33342 0.19114 -0.16708 0.06430 0.28804 -0.29900 -0.01658 0.01672 -0.01042
-0.19456 -0.03643 1.65445 -0.38988 -0.09246 1.68777 -0.16043 -0.22155 -0.24435 -0.19357 -0.32010 -0.15076 -0.23660 0.24287 -0.18232 0.04117 0.28386 -0.29240 -0.19532 -0.05603 0.03332
-0.1278 -0.06095 1.67786 -0.40523 -0.09139 1.70431 -0.13469 -0.22090 -0.24642 -0.17474 -0.32263 -0.13649 -0.19548 0.21775 -0.16362 0.02925 0.29924 -0.30515 -0.27743 -0.03044 0.02645
-0.09561 -0.0446 1.69613 -0.41846 -0.10341 1.73483 -0.11192 -0.21837 -0.25527 -0.15756 -0.30748 -0.15774 -0.18802 0.23200 -0.16139 0.01370 0.27401 -0.28683 -0.32285 -0.05881 0.03870
-0.07276 -0.03579 1.71238 -0.42544 -0.10471 1.75069 -0.09331 -0.21294 -0.26247 -0.15630 -0.29876 -0.16188 -0.18528 0.23562 -0.15522 0.00738 0.26454 -0.28412 -0.35268 -0.06892 0.03831
-0.06707 -0.02115 1.76277 -0.43414 -0.10921 1.80235 -0.08221 -0.21316 -0.27181 -0.15130 -0.27201 -0.12247 -0.19648 0.25193 -0.15662 0.00090 0.23509 -0.33392 -0.36707 -0.08806 0.03958
-0.0646 -0.01684 1.77424 -0.43105 -0.10872 1.80491 -0.07460 -0.21262 -0.27205 -0.15220 -0.27265 -0.12166 -0.20232 0.25550 -0.15065 0.00513 0.23629 -0.33678 -0.36645 -0.09188 0.03067
-0.06278 -0.01626 1.78551 -0.42518 -0.1074 1.80802 -0.07069 -0.21250 -0.27206 -0.15220 -0.27302 -0.12180 -0.20487 0.25579 -0.14285 0.01099 0.23796 -0.33579 -0.36240 -0.09114 0.02251
-0.05654 -0.02295 1.76812 -0.40291 -0.09992 1.778 -0.06366 -0.21156 -0.26383 -0.14290 -0.27579 -0.19630 -0.20248 0.24708 -0.13300 0.01870 0.24676 -0.25255 -0.34637 -0.07697 0.00988
-0.05286 -0.02128 1.80213 -0.40271 -0.10157 1.81516 -0.06079 -0.21904 -0.26462 -0.13661 -0.27108 -0.14827 -0.20641 0.25733 -0.14267 0.01763 0.24149 -0.30713 -0.34985 -0.08029 0.01303
-0.04717 -0.02494 1.79116 -0.39191 -0.10298 1.80216 -0.05542 -0.22016 -0.25762 -0.13699 -0.27863 -0.17137 -0.20488 0.25443 -0.14455 0.02590 0.24646 -0.27897 -0.34474 -0.07804 0.01100
-0.04488 -0.02623 1.78742 -0.384 -0.1006 1.79489 -0.04847 -0.22297 -0.25219 -0.13312 -0.28312 -0.18147 -0.20942 0.25570 -0.14800 0.03132 0.24955 -0.27516 -0.33912 -0.07437 0.00747
-0.04192 -0.02473 1.77289 -0.37809 -0.102 1.78088 -0.04561 -0.22303 -0.24913 -0.13129 -0.28279 -0.18706 -0.20834 0.25690 -0.15053 0.03211 0.24716 -0.26598 -0.33617 -0.07727 0.00799
-0.03596 -0.02141 1.77194 -0.37277 -0.10081 1.78051 -0.04085 -0.22545 -0.24799 -0.13144 -0.28378 -0.18789 -0.20791 0.26260 -0.15552 0.03667 0.24936 -0.26647 -0.33681 -0.07940 0.00857
-0.02809 -0.04186 1.76188 -0.36445 -0.10289 1.78239 -0.02759 -0.23446 -0.24024 -0.13049 -0.28479 -0.18995 -0.21396 0.25136 -0.17186 0.04255 0.24810 -0.25892 -0.33636 -0.06103 0.02051
-0.01184 -0.08196 1.76716 -0.35739 -0.10952 1.78967 -0.00312 -0.25634 -0.21712 -0.12856 -0.29171 -0.18447 -0.22308 0.23342 -0.19188 0.04670 0.24800 -0.25761 -0.34555 -0.02756 0.02251
-0.00776 -0.11327 1.74361 -0.34218 -0.1182 1.7802 0.01693 -0.27627 -0.22168 -0.12291 -0.29319 -0.17854 -0.23757 0.22173 -0.18865 0.05254 0.23989 -0.24878 -0.33442 -0.00493 0.03659
0.00713 -0.16292 1.73944 -0.32596 -0.13796 1.77813 0.03081 -0.28931 -0.20903 -0.11852 -0.30410 -0.16998 -0.23687 0.18539 -0.19509 0.06225 0.23032 -0.24728 -0.33309 0.02496 0.03869
0.03273 -0.27774 1.74258 -0.27772 -0.18215 1.78397 0.07623 -0.32639 -0.04295 -0.10197 -0.28703 -0.10794 -0.25750 0.10811 -0.35391 0.09227 0.16795 -0.29679 -0.31045 0.09559 0.04139
0.04206 -0.33439 1.72048 -0.23838 -0.23479 1.74992 0.09461 -0.34671 -0.04532 -0.12140 -0.28498 -0.01702 -0.26335 0.07113 -0.33144 0.14539 0.11202 -0.37545 -0.28044 0.09960 0.02944
0.06526 -0.40638 1.76983 -0.21696 -0.32156 1.78694 0.08019 -0.33256 0.04692 -0.11390 -0.29068 -0.00428 -0.22888 -0.01491 -0.39689 0.16538 0.03071 -0.37556 -0.28222 0.08482 0.01711
0.07876 -0.47547 1.75069 -0.15552 -0.4035 1.71399 0.09073 -0.33980 0.03566 -0.10877 -0.31293 0.00925 -0.21982 -0.07865 -0.33492 0.21433 -0.03193 -0.39013 -0.23428 0.07197 -0.03670
0.10185 -0.56371 1.79968 -0.15208 -0.52349 1.81723 0.09488 -0.35065 0.04577 -0.06477 -0.29677 0.05458 -0.20509 -0.15527 -0.33068 0.17600 -0.16660 -0.36309 -0.25393 0.04022 0.01755
0.10866 -0.57745 1.76995 -0.13235 -0.58029 1.79225 0.09237 -0.33503 0.18166 -0.06025 -0.29916 0.06037 -0.19091 -0.18648 -0.44156 0.18260 -0.22215 -0.33431 -0.24101 -0.00284 0.02230
0.11487 -0.57299 1.78354 -0.13611 -0.58403 1.79448 0.08965 -0.32976 0.16991 -0.06061 -0.30494 0.06900 -0.18644 -0.18781 -0.43642 0.17841 -0.21933 -0.34805 -0.25098 -0.01104 0.01094
0.11559 -0.5433 1.86616 -0.13674 -0.57702 1.7944 0.08820 -0.32916 0.16524 -0.06643 -0.30579 0.07490 -0.18635 -0.15887 -0.35811 0.18259 -0.21123 -0.35675 -0.25233 -0.03372 -0.07176
0.1168 -0.54668 1.87102 -0.13837 -0.57721 1.79679 0.08045 -0.32954 0.14685 -0.07042 -0.30600 0.06720 -0.18575 -0.16064 -0.36392 0.18512 -0.21202 -0.35828 -0.25517 -0.03053 -0.07423
0.16275 -0.59378 1.80443 -0.14069 -0.58876 1.82377 0.07343 -0.33201 0.13189 -0.07814 -0.30571 0.05427 -0.13931 -0.20322 -0.45498 0.19378 -0.22353 -0.35237 -0.30344 0.00502 0.01934
0.19085 -0.60265 1.7463 -0.14067 -0.5835 1.79718 0.06618 -0.34816 0.12806 -0.08090 -0.30047 0.04580 -0.10049 -0.19681 -0.47691 0.19138 -0.22518 -0.33869 -0.33152 0.01915 0.05088
0.22176 -0.6153 1.82643 -0.21754 -0.59799 1.90436 0.06147 -0.35504 0.11468 -0.08544 -0.30905 0.04557 -0.07356 -0.20011 -0.43880 0.12367 -0.23046 -0.28266 -0.43930 0.01731 0.07793
0.31758 -0.60814 1.8473 -0.19186 -0.60295 1.89466 0.04834 -0.40332 0.09067 -0.08868 -0.31437 0.04722 0.02919 -0.14404 -0.42539 0.15423 -0.22988 -0.32126 -0.50944 0.00519 0.04736
0.37463 -0.60367 1.83981 -0.17188 -0.59638 1.84745 0.04817 -0.39996 0.08741 -0.09034 -0.31055 0.04183 0.09102 -0.14438 -0.39225 0.17042 -0.22866 -0.32888 -0.54651 0.00729 0.00764
0.4345 -0.60438 1.86313 -0.16874 -0.59721 1.84439 0.05019 -0.40113 0.07931 -0.09151 -0.31123 0.04165 0.14669 -0.14392 -0.36296 0.17367 -0.22926 -0.33237 -0.60324 0.00717 -0.01874
0.52693 -0.60597 1.84962 -0.16075 -0.59051 1.80948 0.06151 -0.38924 0.07896 -0.09007 -0.30726 0.04075 0.22945 -0.15849 -0.34310 0.17533 -0.22756 -0.33295 -0.68768 0.01546 -0.04014
0.54194 -0.63455 1.95308 -0.15956 -0.61339 1.86764 0.07451 -0.39994 0.07829 -0.09165 -0.31999 0.04311 0.22120 -0.17442 -0.31500 0.18595 -0.23570 -0.35229 -0.70150 0.02116 -0.08544
0.57391 -0.69913 1.80498 -0.15094 -0.57998 1.77059 0.08910 -0.37652 0.08066 -0.08365 -0.30660 0.05492 0.25293 -0.26558 -0.34696 0.17225 -0.21863 -0.34759 -0.72485 0.11915 -0.03439
0.56932 -0.7016 1.82139 -0.19494 -0.57812 1.82539 0.09724 -0.37754 0.08329 -0.08249 -0.30923 0.05459 0.23998 -0.26683 -0.34031 0.12715 -0.21376 -0.30248 -0.76426 0.12348 0.00400
0.56517 -0.70296 1.81973 -0.16392 -0.57851 1.78507 0.10256 -0.37552 0.08670 -0.08227 -0.30706 0.06158 0.23219 -0.27028 -0.33455 0.15626 -0.21525 -0.33931 -0.72909 0.12445 -0.03466
0.56263 -0.70898 1.83032 -0.1565 -0.58213 1.78129 0.10623 -0.37634 0.08533 -0.08130 -0.30770 0.06062 0.22557 -0.27503 -0.32786 0.16270 -0.21702 -0.34736 -0.71913 0.12685 -0.04903
0.56241 -0.71261 1.83492 -0.15334 -0.58567 1.78942 0.11068 -0.38127 0.07251 -0.08299 -0.31008 0.06385 0.21969 -0.27315 -0.32217 0.16772 -0.21818 -0.35539 -0.71575 0.12694 -0.04550
0.5641 -0.71517 1.83631 -0.15319 -0.58675 1.7939 0.11208 -0.38421 0.06266 -0.08445 -0.31097 0.06585 0.21961 -0.27247 -0.31464 0.16871 -0.21844 -0.35756 -0.71729 0.12842 -0.04241
0.56441 -0.71406 1.82922 -0.14969 -0.58719 1.78659 0.11132 -0.38455 0.05924 -0.08376 -0.31092 0.06354 0.22115 -0.27090 -0.31422 0.17009 -0.21913 -0.35919 -0.71410 0.12687 -0.04263
0.56268 -0.71454 1.83282 -0.14956 -0.58825 1.78906 0.11020 -0.38598 0.05759 -0.08382 -0.31156 0.06245 0.22021 -0.26969 -0.31184 0.16979 -0.21968 -0.35889 -0.71224 0.12629 -0.04376
0.56216 -0.71525 1.82829 -0.14747 -0.58856 1.78582 0.10503 -0.38798 0.05430 -0.08401 -0.31202 0.06144 0.21972 -0.26639 -0.31436 0.17097 -0.21966 -0.36062 -0.70963 0.12669 -0.04247
0.5643 -0.71698 1.83143 -0.14617 -0.58992 1.78525 0.10498 -0.38898 0.05290 -0.08353 -0.31176 0.06261 0.22221 -0.26710 -0.31141 0.17201 -0.22034 -0.36354 -0.71047 0.12706 -0.04618
0.56587 -0.7173 1.83327 -0.14557 -0.59073 1.78491 0.10499 -0.38914 0.05258 -0.08378 -0.31262 0.06179 0.22411 -0.26721 -0.30903 0.17186 -0.22056 -0.36356 -0.71144 0.12657 -0.04836
0.56782 -0.71811 1.83239 -0.14526 -0.59132 1.78636 0.10484 -0.38894 0.05223 -0.08435 -0.31328 0.06189 0.22627 -0.26820 -0.31082 0.17211 -0.22071 -0.36384 -0.71308 0.12679 -0.04603
0.56779 -0.71862 1.83335 -0.14547 -0.59164 1.78721 0.10505 -0.39020 0.05122 -0.08438 -0.31403 0.06203 0.22611 -0.26747 -0.30997 0.17142 -0.22042 -0.36484 -0.71326 0.12698 -0.04614
0.56746 -0.72004 1.83577 -0.14446 -0.59232 1.78797 0.10531 -0.39081 0.05005 -0.08439 -0.31457 0.06256 0.22553 -0.26829 -0.30764 0.17217 -0.22072 -0.36635 -0.71192 0.12772 -0.04780
0.56818 -0.71892 1.8376 -0.14489 -0.59284 1.78707 0.10534 -0.39098 0.04965 -0.08364 -0.31403 0.06374 0.22635 -0.26706 -0.30546 0.17139 -0.22096 -0.36785 -0.71307 0.12608 -0.05053
0.56613 -0.71911 1.83731 -0.14334 -0.59297 1.78353 0.10542 -0.39089 0.04868 -0.08269 -0.31716 0.06528 0.22453 -0.26741 -0.30303 0.17139 -0.21813 -0.37158 -0.70947 0.12614 -0.05378
0.56768 -0.71869 1.83793 -0.14359 -0.59291 1.78353 0.10551 -0.39093 0.04818 -0.08290 -0.31723 0.06530 0.22614 -0.26694 -0.30143 0.17101 -0.21822 -0.37146 -0.71127 0.12578 -0.05440
0.56715 -0.71844 1.83389 -0.16363 -0.59089 1.7961 0.10551 -0.39051 0.04758 -0.08132 -0.31828 0.06734 0.22602 -0.26722 -0.30200 0.14953 -0.21450 -0.35748 -0.73078 0.12755 -0.03779
0.56843 -0.71782 1.83474 -0.17381 -0.5895 1.80626 0.10560 -0.39027 0.04757 -0.08029 -0.31898 0.06888 0.22745 -0.26691 -0.29983 0.13853 -0.21193 -0.34705 -0.74224 0.12832 -0.02848
0.5677 -0.71756 1.83632 -0.21759 -0.59286 1.85185 0.10612 -0.39042 0.04712 -0.08035 -0.32012 0.06987 0.22621 -0.26653 -0.29861 0.09467 -0.21432 -0.30351 -0.78529 0.12470 0.01553
0.56757 -0.71871 1.83473 -0.21229 -0.58863 1.85113 0.10672 -0.39032 0.04685 -0.07989 -0.32007 0.06984 0.22558 -0.26786 -0.29981 0.09995 -0.20962 -0.30355 -0.77986 0.13008 0.01640
0.56817 -0.71849 1.83658 -0.15409 -0.59161 1.79159 0.10720 -0.39057 0.04674 -0.08194 -0.31798 0.07329 0.22562 -0.26740 -0.29946 0.16082 -0.21428 -0.36770 -0.72226 0.12688 -0.04499
]
