classifier_Car_weaves_and_bumps_into_man_18536 [ 0.51527 -0.74045 2.03754 -0.13233 -0.642 1.83222 0.11773 -0.39373 0.06104 -0.04571 -0.36290 0.03545 0.11149 -0.30281 -0.14075 0.14011 -0.23278 -0.30149 -0.64760 0.09845 -0.20532
0.55121 -0.74579 2.00722 -0.13248 -0.6414 1.83115 0.11778 -0.39372 0.06106 -0.04563 -0.36294 0.03532 0.14738 -0.30816 -0.17114 0.13996 -0.23211 -0.30255 -0.68369 0.10439 -0.17607
0.58557 -0.7616 1.97316 -0.13145 -0.64375 1.82859 0.11728 -0.39398 0.06063 -0.04559 -0.36295 0.03536 0.18227 -0.32374 -0.20479 0.14103 -0.23447 -0.30523 -0.71702 0.11785 -0.14457
0.58411 -0.76026 1.97459 -0.14381 -0.62573 1.86101 0.11735 -0.39399 0.06070 -0.04558 -0.36295 0.03534 0.18073 -0.32239 -0.20365 0.12876 -0.21643 -0.27310 -0.72792 0.13453 -0.11358
0.58118 -0.75903 1.97843 -0.13279 -0.6407 1.8339 0.11740 -0.39385 0.06073 -0.04550 -0.36281 0.03537 0.17786 -0.32133 -0.19921 0.13970 -0.23153 -0.29967 -0.71397 0.11833 -0.14453
0.55167 -0.74674 2.00607 -0.13237 -0.64165 1.83169 0.11744 -0.39376 0.06079 -0.04545 -0.36264 0.03550 0.14835 -0.30917 -0.17139 0.14009 -0.23261 -0.30182 -0.68404 0.10509 -0.17438
0.55052 -0.74597 2.00485 -0.13221 -0.64181 1.83035 0.11691 -0.39401 0.06040 -0.04520 -0.36300 0.03560 0.14773 -0.30815 -0.17226 0.14008 -0.23239 -0.30337 -0.68273 0.10416 -0.17450
0.55129 -0.74644 2.0068 -0.13129 -0.64326 1.82925 0.11749 -0.39336 0.06288 -0.04509 -0.36301 0.03567 0.14831 -0.30849 -0.17079 0.14101 -0.23382 -0.30512 -0.68258 0.10318 -0.17755
0.55199 -0.74704 2.00716 -0.13125 -0.64323 1.83025 0.11773 -0.39330 0.06285 -0.04504 -0.36291 0.03581 0.14876 -0.30924 -0.17065 0.14110 -0.23384 -0.30447 -0.68324 0.10381 -0.17691
0.55206 -0.74632 2.00617 -0.13102 -0.6432 1.82767 0.11788 -0.39333 0.06245 -0.04489 -0.36296 0.03570 0.14880 -0.30876 -0.17159 0.14128 -0.23376 -0.30701 -0.68308 0.10312 -0.17850
0.5516 -0.746 2.00677 -0.13222 -0.6432 1.82851 0.11812 -0.39326 0.06202 -0.04493 -0.36271 0.03586 0.14823 -0.30901 -0.17106 0.14016 -0.23399 -0.30603 -0.68382 0.10280 -0.17826
0.5507 -0.74573 2.00751 -0.13199 -0.64431 1.82688 0.11828 -0.39311 0.06223 -0.04503 -0.36265 0.03594 0.14729 -0.30926 -0.17101 0.14052 -0.23514 -0.30769 -0.68269 0.10142 -0.18063
0.54909 -0.74528 2.01002 -0.1327 -0.64426 1.8259 0.11853 -0.39305 0.06238 -0.04523 -0.36273 0.03588 0.14547 -0.30918 -0.16978 0.14010 -0.23501 -0.30921 -0.68179 0.10102 -0.18412
0.54932 -0.74514 2.00987 -0.13226 -0.64512 1.82332 0.11869 -0.39290 0.06265 -0.04533 -0.36269 0.03567 0.14547 -0.30881 -0.17066 0.14064 -0.23592 -0.31173 -0.68158 0.10002 -0.18655
0.54849 -0.74522 2.01062 -0.13285 -0.64473 1.82227 0.11879 -0.39276 0.06323 -0.04584 -0.36266 0.03563 0.14457 -0.30908 -0.17127 0.14056 -0.23560 -0.31321 -0.68134 0.10049 -0.18835
0.54611 -0.74522 2.01189 -0.1337 -0.64447 1.82015 0.11857 -0.39235 0.06418 -0.04742 -0.36242 0.03611 0.14233 -0.30945 -0.17102 0.14099 -0.23561 -0.31510 -0.67981 0.10075 -0.19174
0.54596 -0.74584 2.01265 -0.14314 -0.62941 1.83889 0.11847 -0.39223 0.06482 -0.04930 -0.36202 0.03614 0.14191 -0.30978 -0.17198 0.13310 -0.22103 -0.29699 -0.68910 0.11643 -0.17376
0.54455 -0.7462 2.01307 -0.16847 -0.59866 1.83952 0.11795 -0.39266 0.06441 -0.05716 -0.35915 0.03315 0.14027 -0.30965 -0.17375 0.11534 -0.19321 -0.29482 -0.71302 0.14754 -0.17355
0.54598 -0.74863 2.02079 -0.15362 -0.62751 1.78923 0.11787 -0.39375 0.06485 -0.07010 -0.35123 0.03117 0.14026 -0.31095 -0.17406 0.14333 -0.23006 -0.34925 -0.69960 0.12112 -0.23156
0.55216 -0.75743 2.04854 -0.18744 -0.45818 1.82768 0.11978 -0.39861 0.06655 -0.13920 -0.28219 -0.00996 0.14009 -0.31460 -0.17761 0.18084 -0.12989 -0.29811 -0.73960 0.29925 -0.22086
0.60445 -0.76161 1.94904 -0.18393 -0.37353 1.78888 0.11740 -0.39019 0.06526 -0.15280 -0.26780 -0.02402 0.20020 -0.32820 -0.23214 0.19287 -0.06105 -0.27869 -0.78838 0.38808 -0.16016
0.60289 -0.75911 1.94643 -0.17331 -0.28456 1.77235 0.11734 -0.38912 0.06568 -0.14819 -0.27932 -0.05023 0.19883 -0.32657 -0.23147 0.19825 0.03902 -0.26480 -0.77620 0.47455 -0.17408
0.55395 -0.76012 2.05436 -0.15656 -0.19899 1.79722 0.12029 -0.39972 0.06724 -0.15018 -0.29084 -0.05720 0.13881 -0.31569 -0.18307 0.22135 0.13394 -0.29009 -0.71051 0.56113 -0.25714
0.54455 -0.74665 2.01854 -0.1206 -0.10542 1.74101 0.11847 -0.39239 0.06655 -0.13623 -0.27758 -0.07089 0.13613 -0.31023 -0.18074 0.23814 0.21019 -0.29546 -0.66515 0.64123 -0.27753
0.54627 -0.74926 2.02429 -0.19887 -0.03748 1.76073 0.11868 -0.39374 0.06625 -0.13070 -0.27316 -0.09648 0.13638 -0.30977 -0.18291 0.15434 0.27719 -0.25693 -0.74514 0.71178 -0.26356
0.54889 -0.75389 2.03723 -0.13381 0.11404 1.75533 0.11926 -0.39660 0.06537 -0.09957 -0.25187 -0.17988 0.13632 -0.31158 -0.18431 0.18348 0.41237 -0.19027 -0.68270 0.86793 -0.28190
0.54076 -0.74161 2.00465 -0.08444 0.22133 1.72893 0.11742 -0.39045 0.06294 -0.08818 -0.08850 -0.30002 0.13506 -0.30683 -0.18085 0.21316 0.35717 -0.05999 -0.62520 0.96294 -0.27572
0.5457 -0.7485 2.02407 -0.08954 0.25429 1.74446 0.11862 -0.39423 0.06332 -0.07748 -0.07901 -0.30909 0.13658 -0.31065 -0.18346 0.19463 0.38433 -0.05318 -0.63524 1.00279 -0.27961
0.5526 -0.75979 2.05818 -0.08654 0.27897 1.77062 0.12073 -0.40172 0.06100 -0.05680 -0.06686 -0.32241 0.13694 -0.31607 -0.18657 0.16707 0.40180 -0.04541 -0.63914 1.03876 -0.28756
0.55564 -0.76282 2.07951 -0.061 0.29257 1.77989 0.12104 -0.40627 0.05713 0.00372 -0.07763 -0.32801 0.13643 -0.31676 -0.18465 0.13339 0.42374 -0.04899 -0.61664 1.05539 -0.29962
0.54521 -0.75024 2.04522 -0.03663 0.28152 1.75241 0.11953 -0.39963 0.05527 0.02283 -0.12003 -0.30792 0.13181 -0.31214 -0.18286 0.13496 0.44549 -0.06486 -0.58184 1.03176 -0.29281
0.54818 -0.75355 2.05463 -0.01 0.25605 1.76347 0.12027 -0.40149 0.05445 0.03452 -0.17384 -0.30515 0.13218 -0.31374 -0.18355 0.15399 0.46401 -0.06799 -0.55818 1.00960 -0.29116
0.53911 -0.74124 2.02153 0.01646 0.1917 1.73202 0.11906 -0.39471 0.05355 0.00853 -0.28281 -0.16667 0.12874 -0.30881 -0.18080 0.20353 0.50080 -0.20451 -0.52265 0.93294 -0.28951
0.53178 -0.73439 1.99762 0.0265 0.095 1.7152 0.11773 -0.38964 0.05340 -0.01834 -0.27296 -0.24715 0.12583 -0.30655 -0.17769 0.23819 0.39169 -0.11543 -0.50528 0.82939 -0.28242
0.53205 -0.73552 2.00123 0.0355 0.02661 1.72331 0.11844 -0.39043 0.05240 -0.03639 -0.29128 -0.22503 0.12447 -0.30705 -0.17803 0.26579 0.34077 -0.13396 -0.49655 0.76213 -0.27792
0.54287 -0.74986 2.04328 -0.01606 -0.10465 1.79345 0.12068 -0.39893 0.05290 -0.05061 -0.35031 -0.10588 0.12637 -0.31248 -0.18244 0.23272 0.26903 -0.22734 -0.55893 0.64521 -0.24983
0.53955 -0.74695 2.03828 -0.00621 -0.11998 1.78195 0.12014 -0.39805 0.05246 -0.05029 -0.35366 -0.10797 0.12384 -0.31089 -0.18187 0.24188 0.25707 -0.23148 -0.54576 0.62697 -0.25633
0.54063 -0.74803 2.04505 -0.03643 -0.16762 1.7991 0.12045 -0.39889 0.05258 -0.07354 -0.35497 -0.06708 0.12348 -0.31170 -0.18034 0.23553 0.21105 -0.26008 -0.57706 0.58041 -0.24595
0.54199 -0.74951 2.04877 -0.08046 -0.19675 1.79163 0.12106 -0.39986 0.05296 -0.09371 -0.34952 -0.03643 0.12334 -0.31214 -0.18296 0.21232 0.17662 -0.30430 -0.62245 0.55276 -0.25714
0.52997 -0.73333 2.00669 -0.13397 -0.199 1.77765 0.11847 -0.39151 0.05187 -0.10140 -0.33717 -0.02271 0.11991 -0.30521 -0.17791 0.16229 0.16146 -0.28741 -0.66394 0.53433 -0.22904
0.54205 -0.74988 2.04976 -0.20447 -0.2045 1.82747 0.12094 -0.39992 0.05346 -0.09809 -0.34588 -0.01582 0.12303 -0.31252 -0.18171 0.09259 0.16511 -0.28971 -0.74652 0.54538 -0.22229
0.53993 -0.74721 2.04257 -0.26832 -0.17765 1.83307 0.12045 -0.39863 0.05408 -0.09687 -0.35285 -0.01097 0.12210 -0.31102 -0.18210 0.02676 0.19884 -0.28277 -0.80825 0.56956 -0.20950
0.53804 -0.74542 2.03237 -0.31094 -0.13911 1.84389 0.11982 -0.39657 0.05416 -0.09945 -0.35033 -0.00443 0.12241 -0.31132 -0.18039 -0.01425 0.23477 -0.26801 -0.84898 0.60631 -0.18848
0.53505 -0.74163 2.02446 -0.37207 -0.05015 1.86584 0.12063 -0.39347 0.05832 -0.11536 -0.34809 0.02914 0.12130 -0.30801 -0.17807 -0.05930 0.32210 -0.27115 -0.90712 0.69148 -0.15862
0.52241 -0.72393 1.97503 -0.36738 -0.04159 1.81842 0.11795 -0.38366 0.05818 -0.12154 -0.32420 0.00928 0.11921 -0.29984 -0.17353 -0.05187 0.30706 -0.24874 -0.88979 0.68234 -0.15661
0.54007 -0.74782 2.03986 -0.37518 -0.05208 1.86449 0.12199 -0.39634 0.06053 -0.12132 -0.34446 0.01169 0.12417 -0.30893 -0.17937 -0.05282 0.31797 -0.27386 -0.91525 0.69574 -0.17537
0.53353 -0.73911 2.01669 -0.36063 -0.07208 1.82508 0.12050 -0.39170 0.05987 -0.11230 -0.35505 0.01695 0.12288 -0.30516 -0.17608 -0.04935 0.30841 -0.29357 -0.89416 0.66703 -0.19161
0.53237 -0.7365 2.00969 -0.3431 -0.10303 1.79855 0.11980 -0.39035 0.05936 -0.10776 -0.36712 0.01499 0.12371 -0.30391 -0.17433 -0.03695 0.28958 -0.31007 -0.87547 0.63347 -0.21114
0.56766 -0.72871 1.87088 -0.31147 -0.12296 1.70839 0.11492 -0.37430 0.05678 -0.10008 -0.35303 0.01023 0.17588 -0.31385 -0.22309 -0.02111 0.25461 -0.30924 -0.87913 0.60575 -0.16249
0.56438 -0.72816 1.88044 -0.29777 -0.13727 1.70243 0.11523 -0.37491 0.05686 -0.09504 -0.35321 0.00537 0.17193 -0.31262 -0.21709 -0.01209 0.24057 -0.31372 -0.86215 0.59089 -0.17801
0.58934 -0.76035 1.9674 -0.30102 -0.15175 1.77241 0.12117 -0.39150 0.05944 -0.09228 -0.37245 -0.00210 0.17875 -0.32603 -0.22434 -0.00945 0.24648 -0.32657 -0.89036 0.60860 -0.19499
0.59109 -0.75897 1.97037 -0.29522 -0.15168 1.76949 0.12270 -0.39095 0.06025 -0.08622 -0.37336 -0.01171 0.17917 -0.32517 -0.22283 -0.00954 0.24745 -0.32036 -0.88631 0.60729 -0.20088
0.59331 -0.75866 1.97197 -0.29205 -0.14599 1.76487 0.12468 -0.39002 0.06169 -0.08274 -0.37441 -0.01845 0.17976 -0.32572 -0.22294 -0.00962 0.25416 -0.31833 -0.88536 0.61267 -0.20710
0.5948 -0.75765 1.97588 -0.28968 -0.14466 1.76039 0.12714 -0.38855 0.06412 -0.08020 -0.37433 -0.02353 0.17938 -0.32612 -0.22106 -0.00949 0.25540 -0.31702 -0.88448 0.61299 -0.21549
0.60178 -0.75216 1.97786 -0.28895 -0.1372 1.75524 0.13248 -0.38294 0.07796 -0.07908 -0.37455 -0.02842 0.18189 -0.32661 -0.23256 -0.00927 0.26313 -0.31591 -0.89073 0.61496 -0.22262
0.60533 -0.74635 1.98921 -0.29099 -0.13296 1.75378 0.13870 -0.37849 0.08754 -0.07883 -0.37515 -0.03156 0.17962 -0.32558 -0.23415 -0.01053 0.26813 -0.31663 -0.89632 0.61339 -0.23543
0.61673 -0.74296 1.97837 -0.29138 -0.13251 1.75214 0.14710 -0.37092 0.09830 -0.07819 -0.37499 -0.03241 0.18388 -0.33043 -0.25276 -0.01121 0.26851 -0.31339 -0.90811 0.61045 -0.22623
0.62251 -0.73621 1.98742 -0.29177 -0.13279 1.75312 0.15272 -0.36638 0.10404 -0.07779 -0.37525 -0.03253 0.18467 -0.32842 -0.24884 -0.01144 0.26860 -0.31109 -0.91428 0.60342 -0.23430
0.61442 -0.72209 1.90463 -0.28149 -0.12454 1.67963 0.15686 -0.33963 0.11628 -0.07412 -0.35970 -0.03197 0.18505 -0.34325 -0.25437 -0.01256 0.26026 -0.29646 -0.89591 0.59755 -0.22500
0.63733 -0.7398 1.96857 -0.29248 -0.13193 1.73228 0.16848 -0.34411 0.12486 -0.07169 -0.37032 -0.03171 0.18878 -0.35552 -0.25970 -0.01480 0.26790 -0.30209 -0.92981 0.60787 -0.23629
0.63018 -0.72144 1.98449 -0.28853 -0.12981 1.70559 0.17985 -0.32646 0.13255 -0.07046 -0.36497 -0.03207 0.17556 -0.35622 -0.21753 -0.01524 0.26405 -0.29488 -0.91871 0.59163 -0.27890
0.62071 -0.70774 1.94311 -0.28233 -0.12622 1.6686 0.18701 -0.31032 0.13356 -0.06863 -0.35672 -0.03136 0.16597 -0.36029 -0.21258 -0.01530 0.25876 -0.28607 -0.90304 0.58152 -0.27451
0.63661 -0.63057 1.99796 -0.29678 -0.13291 1.75242 0.21975 -0.30057 0.15603 -0.07153 -0.37426 -0.03282 0.13677 -0.29184 -0.27928 -0.01666 0.27111 -0.29842 -0.93339 0.49766 -0.24554
0.62199 -0.58671 1.95176 -0.29287 -0.13391 1.73355 0.24008 -0.26389 0.17669 -0.07050 -0.37093 -0.03260 0.10495 -0.28584 -0.32662 -0.01536 0.26659 -0.29860 -0.91486 0.45280 -0.21821
0.58552 -0.51386 1.92492 -0.29328 -0.14052 1.74203 0.25724 -0.24639 0.18209 -0.06597 -0.37059 -0.03153 0.04990 -0.23114 -0.37154 -0.01445 0.26293 -0.30295 -0.87880 0.37334 -0.18289
0.54191 -0.40481 1.91995 -0.29154 -0.15049 1.75348 0.27516 -0.21782 0.18740 -0.06615 -0.37518 -0.03176 -0.01435 -0.15183 -0.40300 -0.01059 0.25765 -0.31141 -0.83345 0.25432 -0.16647
0.37001 -0.09314 1.85793 -0.27625 -0.18019 1.77089 0.26949 -0.20089 -0.01076 -0.06284 -0.38452 -0.03387 -0.18348 0.12503 -0.31899 0.00505 0.23854 -0.32638 -0.64626 -0.08705 -0.08704
0.37631 -0.0204 1.91697 -0.27214 -0.18455 1.8043 0.27389 -0.20317 -0.00923 -0.06070 -0.39988 -0.03507 -0.18721 0.20093 -0.30310 0.00970 0.24933 -0.33276 -0.64845 -0.16415 -0.11267
0.36939 0.01839 1.84608 -0.25403 -0.17084 1.7337 0.25489 -0.19187 -0.01768 -0.05714 -0.38560 -0.03577 -0.16578 0.23209 -0.27242 0.01348 0.24638 -0.31564 -0.62342 -0.18923 -0.11238
0.38556 0.02123 1.90121 -0.25509 -0.16581 1.79676 0.25151 -0.20015 -0.03734 -0.05882 -0.40239 -0.03850 -0.15823 0.24816 -0.26640 0.01905 0.26886 -0.32010 -0.64065 -0.18704 -0.10445
0.34563 -0.16508 1.77243 -0.24393 -0.10834 1.78766 0.23091 -0.25845 -0.13338 -0.06010 -0.39303 -0.03834 -0.17151 0.11969 -0.25614 0.02520 0.31483 -0.28947 -0.58956 0.05674 0.01523
0.37131 -0.26671 1.81767 -0.25075 -0.10419 1.82419 0.24938 -0.23527 -0.01582 -0.06392 -0.39830 -0.03842 -0.16988 -0.00221 -0.36173 0.02437 0.32423 -0.28947 -0.62206 0.16252 0.00652
0.33896 -0.30103 1.71176 -0.23783 -0.09561 1.70997 0.31340 -0.25000 -0.02912 -0.06232 -0.37175 -0.03265 -0.24749 -0.02314 -0.31029 0.02128 0.30396 -0.27070 -0.57679 0.20542 -0.00179
0.32898 -0.30029 1.75415 -0.2439 -0.09967 1.727 0.32114 -0.24639 -0.02103 -0.06532 -0.37474 -0.03059 -0.26797 -0.02560 -0.29495 0.01963 0.30288 -0.27547 -0.57288 0.20062 -0.02715
0.32757 -0.19336 1.86813 -0.26559 -0.12115 1.80904 0.26150 -0.23206 -0.04883 -0.07038 -0.39280 -0.02936 -0.22517 0.06927 -0.26040 0.01273 0.30065 -0.30109 -0.59316 0.07221 -0.05909
0.36524 -0.13628 2.02774 -0.2909 -0.14201 1.95478 0.25816 -0.23260 -0.10167 -0.07647 -0.42594 -0.02955 -0.20753 0.12902 -0.22780 0.01032 0.31495 -0.33368 -0.65614 -0.00573 -0.07296
0.36484 -0.07742 1.89753 -0.27322 -0.13884 1.82541 0.24105 -0.22345 -0.07066 -0.07157 -0.39989 -0.02721 -0.17005 0.17553 -0.24083 0.00858 0.28991 -0.31906 -0.63806 -0.06142 -0.07212
0.37988 -0.05947 1.86387 -0.26823 -0.14027 1.79725 0.23746 -0.22118 -0.06567 -0.06970 -0.39425 -0.02741 -0.14673 0.19091 -0.24514 0.00826 0.28216 -0.31338 -0.64811 -0.08080 -0.06662
0.38878 -0.08291 1.8646 -0.26829 -0.13764 1.81276 0.23944 -0.22245 -0.06438 -0.06884 -0.39892 -0.02849 -0.14226 0.17048 -0.26170 0.00882 0.28960 -0.31418 -0.65707 -0.05473 -0.05184
0.36278 -0.18893 1.81963 -0.26037 -0.12845 1.80481 0.25234 -0.23701 -0.05592 -0.06766 -0.39542 -0.02918 -0.17948 0.07901 -0.29830 0.01323 0.29470 -0.30482 -0.62315 0.06048 -0.01482
0.3971 -0.24775 1.95613 -0.27503 -0.13176 1.90888 0.27166 -0.25762 -0.03529 -0.07158 -0.41762 -0.03104 -0.18196 0.04273 -0.30669 0.01354 0.31483 -0.32046 -0.67213 0.11599 -0.04725
0.37101 -0.22161 1.87148 -0.26122 -0.12042 1.80358 0.25671 -0.24417 -0.03283 -0.06829 -0.39479 -0.02888 -0.17668 0.05356 -0.26765 0.01155 0.30166 -0.30342 -0.63223 0.10119 -0.06790
0.3991 -0.20214 2.02556 -0.28311 -0.1259 1.92928 0.27244 -0.26042 -0.03971 -0.07388 -0.42199 -0.03008 -0.18495 0.09188 -0.25717 0.00891 0.32518 -0.32451 -0.68221 0.07624 -0.09628
0.42775 -0.17569 2.17466 -0.30474 -0.135 2.05508 0.24658 -0.25029 -0.12645 -0.07952 -0.44949 -0.03110 -0.15075 0.11033 -0.17248 0.00681 0.34532 -0.34658 -0.73249 0.04069 -0.11958
0.4333 -0.14794 2.15744 -0.30512 -0.13393 2.02846 0.24979 -0.24738 -0.10653 -0.07954 -0.44404 -0.02992 -0.14423 0.13434 -0.17967 0.00336 0.34047 -0.34495 -0.73842 0.01401 -0.12898
0.43881 -0.13854 2.11988 -0.30202 -0.13098 1.99039 0.25195 -0.25300 -0.06294 -0.07916 -0.43432 -0.03063 -0.13496 0.14870 -0.21674 0.00182 0.33306 -0.33878 -0.74083 0.00756 -0.12949
0.44987 -0.14794 2.11647 -0.30496 -0.13069 1.98917 0.24964 -0.25947 -0.05291 -0.07943 -0.43456 -0.03132 -0.12128 0.14574 -0.22787 -0.00109 0.33346 -0.33676 -0.75483 0.01725 -0.12730
0.37438 -0.12431 1.90907 -0.28028 -0.12225 1.82684 0.21766 -0.26435 -0.02268 -0.07306 -0.39846 -0.02972 -0.13869 0.17145 -0.27127 -0.00097 0.30336 -0.30938 -0.65466 0.00206 -0.08223
0.384 -0.14533 1.90197 -0.27837 -0.12053 1.80957 0.21073 -0.29252 -0.00645 -0.07239 -0.39415 -0.03180 -0.11968 0.17846 -0.27657 -0.00144 0.30061 -0.30661 -0.66237 0.02480 -0.09240
0.43524 -0.19597 2.05899 -0.29617 -0.12568 1.92462 0.21315 -0.32400 0.00216 -0.07697 -0.41932 -0.03550 -0.09003 0.16171 -0.27207 -0.00124 0.32247 -0.32901 -0.73141 0.07029 -0.13437
0.38472 -0.18637 1.85019 -0.26473 -0.11228 1.72792 0.17454 -0.37166 0.00149 -0.06914 -0.37563 -0.03291 -0.06984 0.21579 -0.24212 0.00005 0.28926 -0.29400 -0.64945 0.07409 -0.12227
0.38261 -0.19304 1.86045 -0.26465 -0.1131 1.73487 0.17587 -0.37342 -0.00617 -0.06954 -0.37704 -0.03324 -0.07428 0.21116 -0.23297 0.00129 0.28997 -0.29516 -0.64726 0.07994 -0.12558
0.3903 -0.19989 1.90862 -0.27005 -0.1138 1.77654 0.16805 -0.34054 0.01296 -0.07145 -0.38581 -0.03420 -0.06525 0.17226 -0.25419 0.00242 0.29857 -0.30163 -0.66035 0.08609 -0.13208
0.41635 -0.21284 2.03746 -0.28789 -0.12043 1.89546 0.17887 -0.36070 0.01431 -0.07652 -0.41138 -0.03659 -0.06895 0.18140 -0.27142 0.00310 0.31930 -0.32192 -0.70424 0.09241 -0.14200
0.41886 -0.21155 2.04539 -0.28823 -0.12014 1.9027 0.18020 -0.35844 0.01665 -0.07723 -0.41207 -0.03711 -0.06846 0.18072 -0.27251 0.00406 0.32043 -0.32053 -0.70709 0.09141 -0.14269
0.42147 -0.21004 2.05065 -0.28978 -0.12236 1.90808 0.18797 -0.35244 0.01745 -0.07761 -0.41321 -0.03716 -0.07417 0.17624 -0.27539 0.00354 0.31949 -0.32173 -0.71125 0.08768 -0.14257
0.42662 -0.19505 2.04431 -0.29055 -0.12566 1.91178 0.23571 -0.32357 -0.00373 -0.07847 -0.41530 -0.03838 -0.11766 0.16222 -0.26931 0.00440 0.31843 -0.32455 -0.71717 0.06939 -0.13253
0.44995 -0.18788 2.13662 -0.30316 -0.13504 2.01639 0.25769 -0.27869 -0.08499 -0.08266 -0.43741 -0.04044 -0.13286 0.12646 -0.22004 0.00760 0.33277 -0.33991 -0.75311 0.05284 -0.12023
0.45303 -0.16788 2.10142 -0.29671 -0.13805 2.01037 0.26455 -0.26507 -0.10382 -0.08213 -0.43751 -0.03927 -0.13546 0.13268 -0.22754 0.01262 0.32995 -0.33835 -0.74974 0.02983 -0.09105
0.45111 -0.14568 2.01446 -0.28251 -0.13444 1.96388 0.28674 -0.24603 -0.11895 -0.07924 -0.42990 -0.03539 -0.15133 0.13456 -0.23751 0.01820 0.32531 -0.32845 -0.73362 0.01124 -0.05058
0.43674 -0.12764 1.94417 -0.27007 -0.12987 1.94135 0.30247 -0.22448 -0.15555 -0.07744 -0.42414 -0.03428 -0.17685 0.12995 -0.23651 0.02567 0.32396 -0.31895 -0.70681 -0.00223 -0.00282
0.42621 -0.11885 1.88494 -0.2605 -0.12539 1.93442 0.29697 -0.21239 -0.18756 -0.07615 -0.42064 -0.03352 -0.17910 0.12511 -0.24386 0.03220 0.32487 -0.30896 -0.68671 -0.00654 0.04948
0.37142 -0.11642 1.75358 -0.24712 -0.11728 1.88876 0.26625 -0.21340 -0.28567 -0.07251 -0.40922 -0.03135 -0.19375 0.12613 -0.20691 0.03538 0.32059 -0.29022 -0.61854 -0.00086 0.13518
0.34444 -0.12723 1.72735 -0.24718 -0.11368 1.88886 0.25665 -0.21901 -0.29819 -0.07135 -0.40872 -0.03064 -0.21053 0.12010 -0.21587 0.03367 0.32362 -0.28834 -0.59162 0.01355 0.16151
0.31035 -0.13597 1.7197 -0.24937 -0.11275 1.89503 0.23318 -0.22545 -0.29215 -0.07030 -0.41040 -0.02978 -0.22127 0.11708 -0.23348 0.03077 0.32623 -0.28906 -0.55972 0.02322 0.17533
0.22016 -0.14605 1.66603 -0.24657 -0.10884 1.80795 0.15805 -0.25682 -0.23072 -0.06690 -0.39460 -0.02850 -0.22391 0.13672 -0.25505 0.02138 0.31322 -0.28635 -0.46673 0.03721 0.14192
0.18959 -0.15374 1.69575 -0.25307 -0.10921 1.80505 0.15001 -0.26456 -0.22498 -0.06695 -0.39483 -0.02910 -0.24670 0.13608 -0.23236 0.01514 0.31313 -0.29072 -0.44266 0.04453 0.10930
0.15968 -0.15209 1.68801 -0.25356 -0.10814 1.75728 0.14834 -0.28335 -0.21805 -0.06556 -0.38678 -0.02889 -0.26858 0.15578 -0.19836 0.00873 0.30545 -0.29095 -0.41324 0.04395 0.06927
0.13825 -0.14754 1.73668 -0.26341 -0.10993 1.77114 0.10973 -0.28025 -0.17302 -0.06711 -0.39092 -0.03089 -0.25480 0.15752 -0.21917 0.00277 0.30819 -0.29913 -0.40166 0.03761 0.03446
0.12791 -0.13911 1.73297 -0.26525 -0.1096 1.73249 0.13065 -0.27808 -0.18430 -0.06678 -0.38337 -0.03147 -0.28116 0.16337 -0.17452 -0.00261 0.30060 -0.30039 -0.39316 0.02951 -0.00048
0.12748 -0.12687 1.74058 -0.27024 -0.10975 1.71266 0.13899 -0.27345 -0.18437 -0.06850 -0.37801 -0.03553 -0.28780 0.17060 -0.15114 -0.00671 0.29493 -0.30049 -0.39772 0.01712 -0.02792
0.14112 -0.10033 1.8033 -0.28739 -0.12173 1.7506 0.18933 -0.25038 -0.18910 -0.07091 -0.38725 -0.03804 -0.33127 0.17386 -0.13849 -0.01484 0.29307 -0.31480 -0.42851 -0.02140 -0.05270
0.1137 -0.07778 1.83854 -0.29155 -0.1289 1.78138 0.15740 -0.20872 -0.21982 -0.07237 -0.39373 -0.04008 -0.33076 0.15442 -0.10954 -0.01257 0.29324 -0.31965 -0.40525 -0.05112 -0.05716
0.1105 -0.06259 1.82357 -0.2815 -0.13546 1.77622 0.15301 -0.19137 -0.23705 -0.07277 -0.39981 -0.04098 -0.32712 0.15073 -0.09886 -0.00212 0.29267 -0.31757 -0.39200 -0.07287 -0.04735
0.04995 -0.03453 1.79418 -0.25452 -0.14052 1.75887 0.13506 -0.16884 -0.26262 -0.07049 -0.40646 -0.04151 -0.36424 0.15389 -0.07543 0.02069 0.29388 -0.30936 -0.30447 -0.10599 -0.03531
0.02823 -0.02515 1.80491 -0.22325 -0.14961 1.79707 0.10688 -0.15616 -0.29884 -0.06758 -0.41309 -0.04265 -0.36025 0.14774 -0.06024 0.05484 0.29100 -0.30347 -0.25148 -0.12446 -0.00784
0.00923 -0.01597 1.73315 -0.18822 -0.13551 1.75034 0.06588 -0.14300 -0.31139 -0.05879 -0.39609 -0.04318 -0.32755 0.13985 -0.05085 0.07803 0.28696 -0.28471 -0.19745 -0.11954 0.01719
0.00923 -0.00855 1.77892 -0.19267 -0.14039 1.81123 0.03978 -0.16245 -0.31940 -0.05442 -0.40609 -0.04571 -0.30225 0.14668 -0.05094 0.07796 0.29296 -0.28800 -0.20190 -0.13184 0.03231
-0.02553 0.01315 1.7882 -0.20725 -0.13971 1.82136 0.03848 -0.16643 -0.31912 -0.05108 -0.40563 -0.04628 -0.33521 0.17105 -0.04844 0.06153 0.29339 -0.28591 -0.18172 -0.15286 0.03316
0.08078 0.00133 1.7334 -0.2445 -0.12438 1.79387 0.07102 -0.22316 -0.27754 -0.05019 -0.39656 -0.04451 -0.25434 0.21744 -0.09920 0.01842 0.29912 -0.27094 -0.32528 -0.12571 0.06047
0.12703 -0.00599 1.69954 -0.26122 -0.11719 1.7595 0.13456 -0.27774 -0.21033 -0.05056 -0.38752 -0.04164 -0.26449 0.26779 -0.15651 -0.00316 0.29659 -0.26376 -0.38825 -0.11120 0.05996
0.17758 -0.02768 1.68073 -0.27535 -0.11143 1.74313 0.15771 -0.27847 -0.16070 -0.04908 -0.38215 -0.02874 -0.21995 0.26697 -0.19305 -0.01769 0.29973 -0.26131 -0.45293 -0.08375 0.06240
0.23551 -0.06549 1.67659 -0.28654 -0.11152 1.73639 0.16601 -0.31305 -0.13108 -0.05397 -0.38172 -0.02278 -0.16851 0.26315 -0.21455 -0.02537 0.29885 -0.26090 -0.52205 -0.04603 0.05980
0.27528 -0.09604 1.68807 -0.29595 -0.11289 1.74167 0.17131 -0.33588 -0.14539 -0.06142 -0.39193 -0.01594 -0.13588 0.25540 -0.19605 -0.02658 0.30774 -0.26839 -0.57123 -0.01685 0.05360
0.34532 -0.19237 1.75369 -0.31067 -0.11775 1.77755 0.16182 -0.35401 -0.05303 -0.06659 -0.40534 -0.01134 -0.06394 0.17738 -0.26393 -0.03195 0.31673 -0.27573 -0.65599 0.07462 0.02386
0.33974 -0.19668 1.74185 -0.30988 -0.11559 1.7719 0.14793 -0.36797 -0.04394 -0.06688 -0.40447 -0.00830 -0.05772 0.18539 -0.28051 -0.03165 0.31813 -0.27511 -0.64962 0.08109 0.03005
0.3399 -0.21577 1.73872 -0.30575 -0.11431 1.761 0.10096 -0.39335 -0.04002 -0.06196 -0.39731 -0.00617 -0.00990 0.19637 -0.27542 -0.03023 0.31628 -0.27245 -0.64565 0.10146 0.02228
0.35981 -0.26222 1.88614 -0.32115 -0.12209 1.88246 0.11025 -0.41657 -0.04255 -0.06609 -0.42401 -0.00714 -0.01728 0.17390 -0.26524 -0.02794 0.33695 -0.28901 -0.68096 0.14013 -0.00368
0.34731 -0.26155 1.88987 -0.31475 -0.12126 1.88487 0.10360 -0.42032 -0.04582 -0.06569 -0.42451 -0.00874 -0.02494 0.17766 -0.26309 -0.02292 0.33751 -0.28961 -0.66206 0.14029 -0.00500
0.34217 -0.25977 1.92049 -0.31272 -0.12362 1.91878 0.08620 -0.42106 -0.06834 -0.06494 -0.42881 -0.01207 -0.02045 0.17721 -0.25671 -0.01896 0.33916 -0.29415 -0.65489 0.13615 -0.00171
0.33162 -0.25334 1.92071 -0.30472 -0.12295 1.92481 0.08075 -0.42115 -0.07502 -0.06416 -0.42913 -0.01518 -0.02829 0.18171 -0.26069 -0.01327 0.33931 -0.29345 -0.63634 0.13039 0.00410
0.31902 -0.24129 1.91686 -0.29051 -0.11798 1.9312 0.07683 -0.42283 -0.08187 -0.06328 -0.42666 -0.01859 -0.03952 0.19435 -0.26381 -0.00275 0.34075 -0.28895 -0.60953 0.12331 0.01434
0.31539 -0.23926 1.90971 -0.28429 -0.11558 1.93101 0.07424 -0.42255 -0.08623 -0.06368 -0.42667 -0.02033 -0.04157 0.19550 -0.26560 0.00096 0.34280 -0.28635 -0.59968 0.12368 0.02130
0.31812 -0.24375 1.90637 -0.28078 -0.11423 1.93341 0.07073 -0.42360 -0.08710 -0.06424 -0.42684 -0.02121 -0.03674 0.19101 -0.27000 0.00269 0.34350 -0.28413 -0.59890 0.12952 0.02704
0.32449 -0.25315 1.90687 -0.28002 -0.11414 1.94083 0.06994 -0.42432 -0.08803 -0.06488 -0.42758 -0.02245 -0.03143 0.18240 -0.27672 0.00284 0.34370 -0.28362 -0.60451 0.13901 0.03396
0.34293 -0.26751 1.90307 -0.28026 -0.11465 1.94336 0.07080 -0.42509 -0.08294 -0.06512 -0.42604 -0.02309 -0.01509 0.16904 -0.28810 0.00140 0.34099 -0.28228 -0.62319 0.15286 0.04029
0.34919 -0.26951 1.77468 -0.2617 -0.10762 1.81406 0.05243 -0.39445 -0.07022 -0.06085 -0.39542 -0.02165 0.02020 0.14750 -0.29245 0.00027 0.31510 -0.26301 -0.61089 0.16189 0.03938
0.3839 -0.29371 1.75487 -0.2607 -0.10721 1.79237 0.04817 -0.38630 -0.02368 -0.06032 -0.38941 -0.02115 0.06240 0.11461 -0.33180 -0.00245 0.30886 -0.26024 -0.64460 0.18650 0.03750
0.44504 -0.33737 1.81125 -0.27109 -0.10941 1.84794 0.09957 -0.36692 0.03472 -0.06238 -0.39945 -0.02178 0.06397 0.05218 -0.39399 -0.00578 0.31696 -0.26521 -0.71613 0.22796 0.03669
0.49647 -0.38407 1.84307 -0.2739 -0.10799 1.84703 0.11469 -0.36753 0.04961 -0.06294 -0.39603 -0.02160 0.10053 0.00634 -0.37165 -0.00882 0.31457 -0.26300 -0.77037 0.27608 0.00396
0.54378 -0.43973 1.87336 -0.27596 -0.10655 1.84385 0.12828 -0.37115 0.06013 -0.06370 -0.39354 -0.02076 0.13509 -0.04617 -0.34370 -0.01127 0.31303 -0.25961 -0.81974 0.33318 -0.02951
0.58553 -0.50034 1.88767 -0.27743 -0.10496 1.8333 0.14357 -0.37461 0.08705 -0.06403 -0.39029 -0.01948 0.16329 -0.10327 -0.34015 -0.01400 0.31076 -0.25757 -0.86296 0.39538 -0.05437
0.60617 -0.54392 1.92837 -0.2801 -0.10308 1.8321 0.14857 -0.37501 0.09495 -0.06476 -0.38900 -0.01779 0.17937 -0.14622 -0.30122 -0.01643 0.31115 -0.25651 -0.88627 0.44084 -0.09627
0.57389 -0.58883 2.0269 -0.28305 -0.10234 1.83647 0.14544 -0.37785 0.09185 -0.06555 -0.38902 -0.01638 0.14979 -0.18839 -0.20210 -0.01839 0.31190 -0.25652 -0.85694 0.48649 -0.19043
0.57837 -0.64703 2.04791 -0.28612 -0.10355 1.83749 0.14870 -0.37495 0.09750 -0.06638 -0.38891 -0.01528 0.15061 -0.24893 -0.18611 -0.02055 0.31051 -0.25819 -0.86449 0.54348 -0.21042
0.62696 -0.7134 1.9123 -0.27994 -0.10278 1.79338 0.13911 -0.37217 0.08463 -0.06509 -0.37983 -0.01452 0.21512 -0.31868 -0.25951 -0.02025 0.30149 -0.25463 -0.90690 0.61062 -0.11892
0.60888 -0.72067 1.92963 -0.27741 -0.11327 1.77871 0.13566 -0.37191 0.08082 -0.06506 -0.37676 -0.01409 0.20192 -0.32573 -0.22446 -0.01893 0.28763 -0.25777 -0.88629 0.60740 -0.15092
0.61704 -0.73944 1.96832 -0.28307 -0.12042 1.81001 0.14019 -0.37918 0.08169 -0.06667 -0.38391 -0.01441 0.19980 -0.33683 -0.22956 -0.01897 0.28804 -0.26879 -0.90011 0.61902 -0.15831
0.59755 -0.73374 1.9607 -0.28124 -0.1383 1.78518 0.13873 -0.37688 0.07975 -0.06622 -0.38103 -0.01455 0.18369 -0.33360 -0.21938 -0.01906 0.26707 -0.27803 -0.87879 0.59544 -0.17552
0.58906 -0.73077 1.95675 -0.28014 -0.16787 1.76272 0.13724 -0.37713 0.07639 -0.06575 -0.37994 -0.01477 0.17730 -0.33048 -0.21398 -0.01894 0.23631 -0.29466 -0.86920 0.56290 -0.19403
0.56167 -0.70871 1.93055 -0.26972 -0.25853 1.68754 0.13266 -0.37157 0.07166 -0.05263 -0.38480 -0.00090 0.15904 -0.31399 -0.19466 -0.02535 0.15006 -0.34456 -0.83139 0.45018 -0.24301
0.55717 -0.71051 1.92791 -0.25977 -0.31652 1.65777 0.13056 -0.37155 0.06830 -0.05031 -0.37694 0.00651 0.15721 -0.31618 -0.18620 -0.01840 0.08419 -0.37426 -0.81694 0.39399 -0.27014
0.57378 -0.74109 2.01127 -0.26019 -0.40979 1.72332 0.13161 -0.38960 0.06564 -0.05753 -0.37820 0.01450 0.16135 -0.32775 -0.18330 -0.00378 -0.00685 -0.39960 -0.83397 0.33130 -0.28795
0.56886 -0.74102 2.01596 -0.24804 -0.48441 1.71584 0.12919 -0.39091 0.06303 -0.05915 -0.37102 0.01832 0.15849 -0.32622 -0.17486 0.00993 -0.08867 -0.41040 -0.81690 0.25661 -0.30012
0.56989 -0.74594 2.02749 -0.21994 -0.55902 1.77454 0.12763 -0.39426 0.06220 -0.06026 -0.37259 0.01952 0.15872 -0.32703 -0.17305 0.04029 -0.16153 -0.36530 -0.78983 0.18692 -0.25295
0.56997 -0.74698 2.03023 -0.19231 -0.59897 1.81158 0.12649 -0.39540 0.06070 -0.06170 -0.37226 0.02056 0.15934 -0.32703 -0.17069 0.06955 -0.20161 -0.33139 -0.76228 0.14801 -0.21865
0.56929 -0.74831 2.02969 -0.14606 -0.65802 1.79346 0.12535 -0.39641 0.05927 -0.06238 -0.37241 0.02119 0.15928 -0.32738 -0.17121 0.11660 -0.26035 -0.35170 -0.71535 0.09029 -0.23623
0.56991 -0.74635 2.02175 -0.12062 -0.67258 1.81801 0.11907 -0.39687 0.05859 -0.06241 -0.37227 0.02208 0.15745 -0.31424 -0.17305 0.14138 -0.27502 -0.32098 -0.69053 0.07377 -0.20374
0.56868 -0.74719 2.02554 -0.12802 -0.66018 1.84047 0.11894 -0.39746 0.05838 -0.06183 -0.37317 0.02281 0.15694 -0.31593 -0.16981 0.13358 -0.26159 -0.30153 -0.69670 0.08701 -0.18507
0.60202 -0.75842 1.98367 -0.12725 -0.6514 1.83071 0.11556 -0.39729 0.05693 -0.06053 -0.37250 0.02343 0.19044 -0.32239 -0.20457 0.13240 -0.25348 -0.30523 -0.72927 0.10702 -0.15296
0.56809 -0.74647 2.02168 -0.13145 -0.65092 1.83105 0.11596 -0.39791 0.05670 -0.05934 -0.37397 0.02341 0.15750 -0.31284 -0.16803 0.12727 -0.25147 -0.30793 -0.69954 0.09555 -0.19063
0.60352 -0.75923 1.98009 -0.13159 -0.65152 1.82681 0.11336 -0.39815 0.05460 -0.05883 -0.37381 0.02332 0.19328 -0.32325 -0.20467 0.12617 -0.25225 -0.30773 -0.73511 0.10771 -0.15328
0.56875 -0.7477 2.01926 -0.13295 -0.65203 1.82802 0.11442 -0.39846 0.05537 -0.05897 -0.37454 0.02333 0.15917 -0.31420 -0.16799 0.12526 -0.25192 -0.31009 -0.70170 0.09567 -0.19124
]
