classifier_Man_jumps_on_fence_2497 [ 0.54164 -0.70689 1.81045 -0.16243 -0.60255 1.73655 0.09941 -0.32280 -0.03101 -0.10105 -0.30065 0.01508 0.18814 -0.31586 -0.30397 0.17530 -0.27681 -0.38850 -0.70407 0.10434 -0.07390
0.54175 -0.70605 1.81275 -0.16226 -0.60312 1.73778 0.09935 -0.32312 -0.03060 -0.10097 -0.30128 0.01541 0.18780 -0.31462 -0.30404 0.17578 -0.27654 -0.38984 -0.70401 0.10293 -0.07497
0.54504 -0.70671 1.81768 -0.1626 -0.60345 1.73955 0.09938 -0.32294 -0.02989 -0.10094 -0.30199 0.01588 0.19082 -0.31541 -0.30017 0.17566 -0.27598 -0.38893 -0.70764 0.10326 -0.07813
0.56492 -0.73029 1.87593 -0.17138 -0.62322 1.80257 0.10341 -0.33446 -0.02951 -0.10459 -0.31271 0.01615 0.19793 -0.32513 -0.31522 0.17881 -0.28395 -0.39785 -0.73630 0.10707 -0.07336
0.57161 -0.72709 1.88208 -0.17307 -0.61859 1.80339 0.10229 -0.33494 -0.02638 -0.10523 -0.31171 0.01652 0.20566 -0.32127 -0.31247 0.17829 -0.27976 -0.39674 -0.74468 0.10850 -0.07869
0.55543 -0.67901 1.87488 -0.18116 -0.58765 1.77743 0.08950 -0.33544 -0.00198 -0.10963 -0.30415 0.01421 0.20551 -0.27337 -0.31715 0.17205 -0.25630 -0.39339 -0.73659 0.09136 -0.09745
0.56644 -0.6643 1.94858 -0.21548 -0.56544 1.86514 0.08233 -0.35000 0.02055 -0.12187 -0.30844 0.00915 0.21377 -0.24132 -0.35012 0.15941 -0.22876 -0.38408 -0.78192 0.09886 -0.08344
0.48812 -0.56257 1.89249 -0.21327 -0.51017 1.77181 0.07600 -0.33396 0.03105 -0.12470 -0.29037 0.00246 0.15094 -0.15803 -0.34023 0.15609 -0.19251 -0.39622 -0.70139 0.05240 -0.12068
0.46777 -0.46862 1.77627 -0.23285 -0.43268 1.71652 0.07362 -0.31383 0.04127 -0.13452 -0.27276 -0.01376 0.13819 -0.08574 -0.42277 0.14152 -0.13324 -0.39246 -0.70062 0.03594 -0.05975
0.41128 -0.43858 1.82489 -0.23692 -0.37854 1.72028 0.07828 -0.30990 0.04149 -0.21214 -0.27040 -0.00604 0.07347 -0.05881 -0.40421 0.21854 -0.08135 -0.42590 -0.64820 0.06004 -0.10461
0.33531 -0.30215 1.80591 -0.23614 -0.32471 1.75947 0.11040 -0.28510 0.02806 -0.17368 -0.24608 -0.09682 -0.04391 0.05513 -0.48779 0.18962 -0.05133 -0.37263 -0.57145 -0.02256 -0.04644
0.17339 -0.15247 1.73433 -0.20198 -0.18499 1.68149 0.14995 -0.29532 -0.13761 -0.19517 -0.18255 -0.16632 -0.20773 0.17024 -0.35943 0.23277 0.01090 -0.33255 -0.37537 -0.03252 -0.05284
-0.01789 -0.048 1.57708 0.07928 -0.0615 1.63382 0.06386 -0.17473 -0.33740 -0.12777 -0.21638 -0.31875 -0.29818 0.15319 -0.20431 0.43610 0.16365 -0.12017 0.09717 -0.01350 0.05674
-0.05701 -0.02048 1.47179 0.1523 -0.05322 1.54591 0.08529 -0.17207 -0.31166 -0.07554 -0.15277 -0.34277 -0.34587 0.17648 -0.21113 0.44456 0.10847 -0.06350 0.20931 -0.03274 0.07412
-0.03924 -0.01789 1.54673 0.07619 -0.01175 1.57351 0.09466 -0.17311 -0.32266 -0.07954 -0.15811 -0.35675 -0.34434 0.18464 -0.20280 0.38274 0.15694 -0.10111 0.11543 0.00614 0.02678
-0.06042 0.00297 1.48106 0.11238 -0.00293 1.50988 0.09808 -0.15564 -0.30910 -0.06565 -0.13077 -0.35361 -0.35935 0.19273 -0.19724 0.39780 0.14076 -0.08825 0.17280 -0.00590 0.02882
-0.06154 0.01089 1.50884 0.1324 0.01535 1.53061 0.12226 -0.11080 -0.26119 -0.06445 -0.11815 -0.36401 -0.37905 0.19181 -0.22452 0.42123 0.15560 -0.08427 0.19394 0.00446 0.02177
0.19898 0.00795 1.72258 -0.1548 -0.01709 1.71 0.15977 -0.09661 -0.26505 -0.17314 -0.16157 -0.34500 -0.17712 0.20324 -0.23585 0.26659 0.17462 -0.15904 -0.35378 -0.02504 -0.01258
0.30337 -0.02348 1.77541 -0.31919 -0.04043 1.7576 0.22998 -0.14729 -0.17822 -0.22226 -0.18390 -0.25023 -0.14233 0.21613 -0.31993 0.15601 0.17422 -0.25073 -0.62256 -0.01695 -0.01781
0.31342 -0.03862 1.61222 -0.3259 -0.0448 1.59561 0.25379 -0.17876 -0.21517 -0.27881 -0.22704 -0.15853 -0.13560 0.21409 -0.22945 0.18125 0.20945 -0.28460 -0.63932 -0.00618 -0.01661
0.4744 -0.11126 1.8245 -0.47453 -0.06421 1.8025 0.23697 -0.23303 -0.03449 -0.30337 -0.28622 -0.06643 0.01669 0.18550 -0.38742 0.08689 0.25214 -0.35369 -0.94893 0.04705 -0.02200
0.48951 -0.12234 1.9318 -0.48339 0.02109 1.92769 0.24693 -0.24583 -0.03414 -0.25296 -0.20506 -0.10347 0.01021 0.19091 -0.39601 0.04186 0.25769 -0.30816 -0.97290 0.14343 -0.00411
0.43714 -0.10835 1.76505 -0.42305 0.09742 1.74806 0.25612 -0.30734 -0.05511 -0.26081 -0.23380 -0.11620 -0.03051 0.26068 -0.32852 0.08608 0.35998 -0.26550 -0.86019 0.20577 -0.01699
0.42586 -0.10496 1.77375 -0.40935 0.16833 1.74238 0.25601 -0.30777 -0.05666 -0.24552 -0.20084 -0.16752 -0.04194 0.26488 -0.31978 0.08730 0.39774 -0.22212 -0.83521 0.27329 -0.03137
0.40238 -0.10402 1.78566 -0.39538 0.18426 1.7652 0.24776 -0.31501 -0.06203 -0.22560 -0.20445 -0.16727 -0.05779 0.27335 -0.30705 0.08569 0.41518 -0.20183 -0.79776 0.28828 -0.02046
0.39494 -0.10374 1.80796 -0.39857 0.141 1.77309 0.24355 -0.32371 -0.07021 -0.19870 -0.21817 -0.16305 -0.06387 0.28328 -0.30372 0.05877 0.38585 -0.22530 -0.79351 0.24474 -0.03487
0.39412 -0.10486 1.84981 -0.4051 0.04072 1.78863 0.23969 -0.33639 -0.08089 -0.19407 -0.22288 -0.16202 -0.06593 0.29653 -0.29998 0.05323 0.29087 -0.25933 -0.79922 0.14558 -0.06118
0.38743 -0.10604 1.85413 -0.40502 -0.07145 1.76378 0.23346 -0.34011 -0.08652 -0.16442 -0.25133 -0.11831 -0.06681 0.29952 -0.29138 0.02335 0.20731 -0.32976 -0.79245 0.03459 -0.09035
0.37014 -0.10359 1.794 -0.40141 -0.1493 1.66939 0.22214 -0.33189 -0.08145 -0.15208 -0.31052 -0.05191 -0.06601 0.29218 -0.28323 0.00546 0.18762 -0.41864 -0.77155 -0.04571 -0.12461
0.36137 -0.09829 1.78948 -0.40487 -0.14755 1.67586 0.21710 -0.33604 -0.07281 -0.15179 -0.31600 -0.05672 -0.06978 0.30174 -0.29355 0.00111 0.19494 -0.40508 -0.76624 -0.04926 -0.11362
0.35918 -0.09834 1.79051 -0.40619 -0.12476 1.67702 0.21596 -0.33679 -0.07089 -0.15138 -0.31725 -0.05874 -0.07088 0.30247 -0.29313 -0.00090 0.21897 -0.40091 -0.76537 -0.02642 -0.11349
0.35312 -0.09944 1.76896 -0.40416 -0.10703 1.65665 0.21182 -0.33384 -0.06525 -0.14974 -0.31497 -0.06013 -0.07008 0.29761 -0.29189 -0.00393 0.23399 -0.39203 -0.75728 -0.00759 -0.11231
0.35123 -0.09776 1.77567 -0.4084 -0.09546 1.66265 0.21095 -0.33628 -0.06442 -0.15262 -0.31335 -0.06590 -0.07197 0.30207 -0.29393 -0.00435 0.24401 -0.38829 -0.75963 0.00230 -0.11302
0.34916 -0.09443 1.78293 -0.40812 -0.09386 1.66348 0.20450 -0.34074 -0.06091 -0.15501 -0.31279 -0.06849 -0.06792 0.31012 -0.29338 -0.00129 0.24498 -0.38820 -0.75728 0.00057 -0.11945
0.3485 -0.09564 1.78159 -0.40735 -0.09338 1.66472 0.19988 -0.34265 -0.05912 -0.15666 -0.31267 -0.06954 -0.06413 0.31122 -0.29840 0.00140 0.24522 -0.38794 -0.75585 0.00226 -0.11687
0.34695 -0.0993 1.77839 -0.40655 -0.09445 1.66393 0.19654 -0.34407 -0.05893 -0.15754 -0.31259 -0.07012 -0.06230 0.30923 -0.30183 0.00312 0.24385 -0.38834 -0.75350 0.00485 -0.11446
0.34263 -0.11414 1.77302 -0.41116 -0.09642 1.66682 0.18948 -0.34153 -0.06063 -0.16012 -0.31402 -0.07403 -0.06037 0.29229 -0.31425 0.00218 0.24314 -0.39037 -0.75379 0.01772 -0.10620
0.33262 -0.13572 1.76866 -0.4195 -0.10503 1.67414 0.18360 -0.33368 -0.06463 -0.16208 -0.31460 -0.07616 -0.06594 0.26337 -0.33003 -0.00223 0.23499 -0.39649 -0.75212 0.03069 -0.09452
0.32809 -0.14644 1.76629 -0.42218 -0.10707 1.67356 0.17976 -0.33014 -0.06440 -0.16258 -0.31523 -0.07670 -0.06691 0.24926 -0.33626 -0.00385 0.23347 -0.40033 -0.75027 0.03937 -0.09273
0.3205 -0.16192 1.75355 -0.42151 -0.10889 1.66603 0.17365 -0.32492 -0.06415 -0.16184 -0.31369 -0.07705 -0.06724 0.22820 -0.33863 -0.00502 0.22983 -0.39718 -0.74201 0.05303 -0.08752
0.30574 -0.17088 1.69669 -0.41063 -0.1052 1.60932 0.16059 -0.31229 -0.05426 -0.15675 -0.30357 -0.07530 -0.06200 0.20445 -0.33677 -0.00719 0.22252 -0.38775 -0.71637 0.06568 -0.08737
0.30819 -0.19065 1.7399 -0.42326 -0.10945 1.65152 0.15835 -0.31954 -0.05095 -0.16112 -0.31218 -0.07804 -0.06284 0.19350 -0.35437 -0.00846 0.22746 -0.40022 -0.73145 0.08120 -0.08838
0.29494 -0.19587 1.69558 -0.4152 -0.10835 1.60831 0.14383 -0.31004 -0.03973 -0.15290 -0.30536 -0.07459 -0.05599 0.17700 -0.35592 -0.01058 0.21997 -0.39179 -0.71014 0.08752 -0.08727
0.29137 -0.2079 1.73303 -0.42335 -0.11034 1.63536 0.10726 -0.26807 0.03537 -0.15272 -0.31036 -0.07506 -0.02562 0.12366 -0.42394 -0.01150 0.22271 -0.39275 -0.71472 0.09756 -0.09767
0.29035 -0.20341 1.73388 -0.42376 -0.1103 1.63355 0.12202 -0.32512 -0.02187 -0.15488 -0.31000 -0.07998 -0.04053 0.18474 -0.36032 -0.01056 0.22232 -0.38496 -0.71411 0.09311 -0.10033
0.29452 -0.19607 1.76738 -0.43376 -0.11347 1.66071 0.10936 -0.29634 0.04797 -0.15780 -0.31525 -0.08119 -0.02679 0.16395 -0.43122 -0.01346 0.22477 -0.39164 -0.72828 0.08260 -0.10667
0.28721 -0.17767 1.76698 -0.43611 -0.11522 1.65704 0.12374 -0.32211 -0.04775 -0.15882 -0.31539 -0.08231 -0.04793 0.20750 -0.33396 -0.01504 0.22313 -0.39306 -0.72332 0.06245 -0.10994
0.27279 -0.14895 1.76328 -0.43712 -0.11735 1.65288 0.12488 -0.32275 -0.04801 -0.15954 -0.31523 -0.08273 -0.06238 0.23590 -0.33280 -0.01590 0.22075 -0.39310 -0.70991 0.03160 -0.11040
0.25462 -0.10999 1.75997 -0.43727 -0.12045 1.64909 0.13240 -0.31955 -0.06535 -0.15601 -0.31518 -0.07864 -0.08606 0.27030 -0.31198 -0.01623 0.21736 -0.39115 -0.69189 -0.01046 -0.11088
0.22626 -0.06411 1.70693 -0.42521 -0.12267 1.59361 0.14277 -0.30817 -0.08610 -0.14969 -0.30615 -0.07408 -0.11423 0.30182 -0.27825 -0.01620 0.20549 -0.38508 -0.65147 -0.05856 -0.11332
0.20869 -0.0248 1.72064 -0.42721 -0.12633 1.60324 0.15637 -0.30210 -0.10808 -0.15207 -0.30863 -0.07560 -0.14092 0.33984 -0.25120 -0.01532 0.20449 -0.38758 -0.63590 -0.10153 -0.11740
0.19352 0.03246 1.81811 -0.45348 -0.13704 1.70991 0.14532 -0.21532 -0.18704 -0.16351 -0.33055 -0.08084 -0.15309 0.31815 -0.21000 -0.01376 0.21722 -0.41605 -0.64700 -0.16950 -0.10820
0.16988 0.07482 1.80738 -0.44877 -0.13949 1.71081 0.14195 -0.19765 -0.20989 -0.16442 -0.33108 -0.08150 -0.17138 0.34425 -0.19541 -0.00908 0.21545 -0.41581 -0.61865 -0.21431 -0.09657
0.07972 0.24137 1.7246 -0.4252 -0.13694 1.66297 0.07867 -0.03265 -0.32920 -0.16013 -0.32263 -0.07928 -0.19255 0.34414 -0.10132 0.00310 0.20890 -0.40892 -0.50492 -0.37831 -0.06163
0.06768 0.27161 1.75194 -0.42532 -0.13742 1.67444 0.03474 0.05682 -0.35741 -0.16306 -0.32476 -0.08181 -0.16182 0.28565 -0.06173 0.00617 0.21085 -0.41269 -0.49300 -0.40903 -0.07750
0.04142 0.31457 1.71223 -0.41102 -0.12905 1.63212 0.06386 0.00149 -0.36665 -0.15865 -0.31673 -0.07954 -0.21194 0.38216 -0.03661 0.00951 0.21031 -0.40185 -0.45244 -0.44362 -0.08011
0.01113 0.39335 1.75819 -0.41027 -0.12557 1.64677 -0.00241 0.15016 -0.36666 -0.16090 -0.31908 -0.07922 -0.17781 0.31284 -0.01206 0.01356 0.21630 -0.41010 -0.42140 -0.51892 -0.11142
-0.01104 0.42134 1.82769 -0.40579 -0.12219 1.64918 -0.00595 0.15935 -0.36471 -0.16238 -0.31914 -0.08026 -0.19655 0.33161 0.05449 0.01835 0.21986 -0.40823 -0.39475 -0.54353 -0.17851
-0.01345 0.4308 1.88861 -0.40442 -0.12075 1.64913 -0.00729 0.16423 -0.35862 -0.16368 -0.31858 -0.08180 -0.19771 0.33601 0.10906 0.01994 0.22080 -0.40751 -0.39097 -0.55155 -0.23948
-0.0172 0.43729 1.9045 -0.40465 -0.12011 1.64877 -0.00687 0.16642 -0.35696 -0.16418 -0.31790 -0.08132 -0.20250 0.34002 0.11900 0.01998 0.22083 -0.41275 -0.38745 -0.55740 -0.25573
-0.00481 0.39645 1.8707 -0.4071 -0.11434 1.64478 0.01448 0.15782 -0.35246 -0.16520 -0.31645 -0.08561 -0.21185 0.30589 0.08765 0.01696 0.22494 -0.40540 -0.40229 -0.51079 -0.22592
0.02365 0.3555 1.87986 -0.41647 -0.11479 1.67018 0.04592 0.13622 -0.35470 -0.16891 -0.32147 -0.08768 -0.21877 0.28627 0.06530 0.01484 0.23002 -0.41186 -0.44012 -0.47029 -0.20968
0.05108 0.32466 1.87284 -0.42314 -0.11718 1.68786 0.08325 0.09731 -0.34028 -0.17152 -0.32452 -0.08918 -0.23224 0.29350 0.01980 0.01328 0.23090 -0.41677 -0.47422 -0.44184 -0.18498
0.15404 0.1837 1.77402 -0.42441 -0.11858 1.68361 0.22376 -0.02601 -0.22672 -0.17885 -0.31700 -0.09817 -0.27242 0.27305 -0.19286 0.01955 0.22216 -0.41143 -0.57845 -0.30228 -0.09041
0.19404 0.11508 1.68927 -0.41449 -0.11376 1.63059 0.24781 -0.03417 -0.17996 -0.17849 -0.30650 -0.09890 -0.25273 0.21052 -0.25912 0.02184 0.21589 -0.39898 -0.60853 -0.22884 -0.05868
0.27966 0.06336 1.72383 -0.41891 -0.11627 1.65715 0.34915 -0.05087 -0.15788 -0.17238 -0.30893 -0.08905 -0.26022 0.16465 -0.27533 0.02708 0.21691 -0.39220 -0.69857 -0.17963 -0.06668
0.32026 0.01084 1.83057 -0.44721 -0.12687 1.76182 0.31953 -0.00897 -0.14559 -0.18559 -0.32813 -0.09476 -0.20440 0.07195 -0.32217 0.02892 0.22730 -0.42237 -0.76747 -0.13771 -0.06875
0.34376 -0.04351 1.81373 -0.44129 -0.13046 1.74853 0.35825 0.01314 -0.18840 -0.18554 -0.32511 -0.09429 -0.22489 -0.01709 -0.27434 0.03073 0.22048 -0.41379 -0.78505 -0.08695 -0.06520
0.35069 -0.06775 1.72824 -0.41507 -0.12666 1.65212 0.34160 0.00302 -0.21831 -0.17681 -0.30734 -0.08809 -0.20348 -0.05704 -0.21392 0.03206 0.20532 -0.39618 -0.76576 -0.05891 -0.07612
0.35761 -0.1317 1.79702 -0.42745 -0.13611 1.7155 0.29248 0.02980 -0.15184 -0.18467 -0.32041 -0.09151 -0.15785 -0.15048 -0.29749 0.03739 0.21003 -0.41465 -0.78506 -0.00441 -0.08152
0.33985 -0.12616 1.72284 -0.40397 -0.13262 1.64163 0.35077 0.01886 -0.22039 -0.17714 -0.30676 -0.08790 -0.22430 -0.13342 -0.20853 0.04071 0.19889 -0.39937 -0.74382 -0.00646 -0.08121
0.33256 -0.08094 1.73238 -0.39508 -0.13705 1.65952 0.34844 0.01639 -0.19955 -0.17819 -0.31056 -0.08859 -0.23372 -0.08802 -0.24277 0.05242 0.19866 -0.40206 -0.72764 -0.05611 -0.07286
0.32255 -0.06646 1.7237 -0.38841 -0.13543 1.65172 0.34568 0.01776 -0.16555 -0.17696 -0.31035 -0.09086 -0.23989 -0.07329 -0.27964 0.05624 0.20011 -0.40230 -0.71096 -0.06897 -0.07198
0.30816 -0.04088 1.71945 -0.38047 -0.13248 1.64765 0.34296 0.02090 -0.16213 -0.17637 -0.31067 -0.09197 -0.25060 -0.04936 -0.28606 0.06253 0.20335 -0.40429 -0.68863 -0.09160 -0.07180
0.35312 0.00603 1.85871 -0.40396 -0.13453 1.77265 0.35898 0.02815 -0.17750 -0.18682 -0.33375 -0.11875 -0.23660 -0.00758 -0.28751 0.06779 0.22622 -0.40728 -0.75708 -0.14056 -0.08606
0.35042 0.00704 1.86802 -0.40379 -0.13442 1.78435 0.35526 0.03191 -0.18470 -0.18736 -0.33620 -0.12869 -0.23639 -0.00896 -0.28634 0.06978 0.22897 -0.40107 -0.75421 -0.14146 -0.08367
0.34806 0.00831 1.87722 -0.40293 -0.13355 1.79615 0.35359 0.03294 -0.18716 -0.18841 -0.33796 -0.13075 -0.23726 -0.00786 -0.28272 0.07204 0.23171 -0.39547 -0.75099 -0.14186 -0.08107
0.34433 0.00701 1.88162 -0.40189 -0.12987 1.79257 0.35213 0.03186 -0.18804 -0.18882 -0.33895 -0.13247 -0.23928 -0.00759 -0.27999 0.07331 0.23624 -0.40012 -0.74622 -0.13688 -0.08905
0.339 -0.00053 1.8902 -0.39388 -0.13336 1.80049 0.34703 0.01610 -0.17990 -0.18981 -0.34016 -0.13518 -0.23912 0.00164 -0.28465 0.08246 0.23387 -0.39500 -0.73288 -0.13283 -0.08971
0.33578 -0.00138 1.88858 -0.39047 -0.1328 1.80665 0.34651 0.01283 -0.18131 -0.19026 -0.34047 -0.13779 -0.24082 0.00468 -0.28349 0.08577 0.23468 -0.38503 -0.72625 -0.13142 -0.08193
0.33238 -0.0022 1.89166 -0.38799 -0.12916 1.81311 0.34213 0.00650 -0.17977 -0.19234 -0.34339 -0.14270 -0.23938 0.01054 -0.28393 0.09029 0.24120 -0.37608 -0.72037 -0.12696 -0.07855
0.21157 -0.13327 1.67987 -0.34327 -0.11988 1.64393 0.30709 -0.00414 -0.17413 -0.17644 -0.31424 -0.13174 -0.29983 -0.11948 -0.28140 0.09190 0.21872 -0.33576 -0.55484 0.01339 -0.03594
0.31211 0.01107 1.88498 -0.37305 -0.14414 1.82792 0.33066 -0.00731 -0.18834 -0.19743 -0.35179 -0.15111 -0.24250 0.03050 -0.29269 0.11109 0.23455 -0.36192 -0.68516 -0.15521 -0.05706
0.27935 0.03041 1.80626 -0.34895 -0.14899 1.76467 0.31221 0.00300 -0.19610 -0.17985 -0.32033 -0.13388 -0.24558 0.04111 -0.28015 0.10760 0.19713 -0.36179 -0.62830 -0.17940 -0.04159
0.23856 0.13336 1.75385 -0.31574 -0.16234 1.73047 0.31346 0.04995 -0.19577 -0.17885 -0.31337 -0.16315 -0.28099 0.11740 -0.27562 0.13383 0.17628 -0.32024 -0.55430 -0.29570 -0.02338
0.16324 0.19016 1.69603 -0.29948 -0.16642 1.69841 0.31350 0.11262 -0.26210 -0.17285 -0.29392 -0.15298 -0.35356 0.11010 -0.22836 0.13889 0.15177 -0.32630 -0.46272 -0.35658 0.00238
0.23845 0.29569 1.85169 -0.30063 -0.16368 1.78282 0.15974 0.18870 -0.27844 -0.17612 -0.29551 -0.15929 -0.12992 0.13599 -0.15182 0.14983 0.15651 -0.33353 -0.53908 -0.45937 -0.06887
0.02588 0.41091 1.88343 -0.3163 -0.1779 1.88347 0.13371 0.21265 -0.30271 -0.18128 -0.30728 -0.16822 -0.32566 0.22376 -0.20552 0.15193 0.15534 -0.33648 -0.34218 -0.58881 0.00004
-0.10071 0.39446 1.72923 -0.29241 -0.16574 1.75777 0.05653 0.23106 -0.31672 -0.15455 -0.30918 -0.19127 -0.35823 0.18422 -0.17183 0.12767 0.16738 -0.26756 -0.19170 -0.56020 0.02854
-0.20263 0.3201 1.76339 -0.2659 -0.13544 1.71852 -0.02430 0.22136 -0.31498 -0.15019 -0.31258 -0.20043 -0.37842 0.11921 -0.15144 0.15059 0.20160 -0.31021 -0.06327 -0.45554 -0.04487
-0.279 0.2096 1.6891 -0.25209 -0.13607 1.65091 -0.07226 0.20104 -0.32280 -0.14187 -0.30287 -0.19440 -0.39699 0.02585 -0.13471 0.14572 0.19042 -0.30057 0.02691 -0.34567 -0.03819
-0.34317 0.05417 1.75319 -0.26704 -0.13747 1.68515 -0.15525 0.13278 -0.36465 -0.13657 -0.31222 -0.20893 -0.37976 -0.05709 -0.07853 0.13337 0.20029 -0.30312 0.07613 -0.19164 -0.06804
-0.32392 0.03575 1.76406 -0.2608 -0.15894 1.67809 -0.15913 0.10723 -0.35894 -0.13173 -0.30755 -0.20816 -0.35288 -0.04836 -0.05765 0.13579 0.18054 -0.29541 0.06312 -0.19469 -0.08597
-0.32187 -0.00168 1.73355 -0.28683 -0.13147 1.6754 -0.16374 0.07061 -0.35416 -0.12873 -0.28680 -0.20205 -0.34097 -0.04941 -0.05009 0.10210 0.20437 -0.25781 0.03504 -0.12979 -0.05815
-0.37725 -0.03132 2.01529 -0.30538 -0.18636 1.89979 -0.19515 0.05938 -0.41101 -0.11655 -0.16885 -0.35070 -0.39303 -0.06391 -0.04937 0.11456 0.04745 -0.21945 0.07187 -0.15504 -0.11550
-0.37786 -0.03782 2.01839 -0.30627 -0.1972 1.89263 -0.19720 0.05052 -0.41238 -0.11598 -0.16592 -0.34831 -0.39094 -0.06134 -0.04360 0.11389 0.03722 -0.22619 0.07159 -0.15938 -0.12576
-0.33257 -0.02426 1.74956 -0.26215 -0.15884 1.57512 -0.17019 0.04318 -0.35697 -0.13247 -0.26364 -0.18102 -0.34381 -0.04384 -0.03575 0.13517 0.17396 -0.37657 0.07042 -0.13458 -0.17444
-0.31993 0.00325 1.74852 -0.26066 -0.16623 1.62451 -0.16946 0.04375 -0.35660 -0.13011 -0.26435 -0.18523 -0.33116 -0.01657 -0.03549 0.13626 0.17137 -0.31932 0.05927 -0.16948 -0.12401
-0.34474 0.02079 1.87161 -0.29654 -0.18734 1.769 -0.18074 0.05036 -0.38180 -0.13804 -0.28643 -0.20010 -0.35709 -0.00348 -0.03815 0.12851 0.17724 -0.30975 0.04820 -0.20813 -0.10261
-0.37403 0.00897 1.84785 -0.28758 -0.18177 1.75081 -0.17792 0.05805 -0.37593 -0.13414 -0.28346 -0.19779 -0.38642 -0.02300 -0.03915 0.13201 0.17743 -0.30239 0.08645 -0.19074 -0.09704
-0.38293 0.02262 1.87925 -0.29007 -0.18594 1.77301 -0.17916 0.06853 -0.38116 -0.13407 -0.29155 -0.20605 -0.39647 -0.01875 -0.04166 0.13602 0.18062 -0.31227 0.09286 -0.20856 -0.10624
-0.37318 0.02709 1.86472 -0.29042 -0.17866 1.75454 -0.17484 0.07539 -0.37711 -0.13069 -0.29104 -0.20752 -0.38913 -0.02065 -0.03995 0.13074 0.18498 -0.31046 0.08276 -0.20575 -0.11018
-0.36858 0.02646 1.85544 -0.28868 -0.1648 1.74651 -0.17192 0.07925 -0.37542 -0.12873 -0.29091 -0.20999 -0.38648 -0.02415 -0.04194 0.12968 0.19693 -0.30765 0.07990 -0.19126 -0.10893
-0.3447 0.03984 1.85211 -0.29019 -0.17826 1.73241 -0.16692 0.08203 -0.37527 -0.12840 -0.29256 -0.21182 -0.36720 -0.01218 -0.04183 0.12733 0.18311 -0.31672 0.05451 -0.21810 -0.11970
-0.33933 0.03396 1.84873 -0.28898 -0.16912 1.72035 -0.15780 0.08191 -0.37912 -0.12883 -0.29265 -0.21161 -0.37036 -0.01580 -0.03961 0.12803 0.19179 -0.32483 0.05035 -0.20308 -0.12838
-0.32855 0.03676 1.8802 -0.30808 -0.16867 1.777 -0.14437 0.07315 -0.39581 -0.13150 -0.29725 -0.21509 -0.37522 -0.00261 -0.03180 0.11535 0.19767 -0.29808 0.02047 -0.20543 -0.10320
-0.31068 0.03575 1.90038 -0.31403 -0.17726 1.7952 -0.12489 0.04725 -0.39881 -0.13509 -0.29903 -0.21552 -0.37653 0.02041 -0.02257 0.11328 0.19207 -0.29438 -0.00335 -0.21301 -0.10518
-0.27914 0.02573 1.89168 -0.3129 -0.16514 1.78692 -0.05981 -0.04991 -0.39590 -0.13879 -0.29378 -0.21083 -0.41547 0.07399 -0.02638 0.11407 0.20233 -0.29158 -0.03376 -0.19087 -0.10476
-0.25623 0.01846 1.95889 -0.31857 -0.17137 1.82085 -0.04749 -0.10249 -0.39227 -0.14191 -0.29815 -0.19517 -0.40859 0.10186 -0.02376 0.11757 0.20466 -0.33222 -0.06234 -0.18983 -0.13804
-0.14818 -0.00591 1.96219 -0.31665 -0.1707 1.79975 -0.00145 -0.18892 -0.34540 -0.14020 -0.30532 -0.17636 -0.34705 0.16250 -0.06691 0.11835 0.20997 -0.37268 -0.16847 -0.16479 -0.16244
-0.09772 -0.04604 1.87641 -0.29956 -0.18224 1.70872 0.02925 -0.24362 -0.28294 -0.13197 -0.29845 -0.16870 -0.31836 0.17851 -0.10442 0.11493 0.18299 -0.36423 -0.20184 -0.13620 -0.16769
-0.0094 -0.1688 1.81558 -0.27631 -0.24952 1.66002 0.09058 -0.33579 -0.11844 -0.16887 -0.34334 -0.13936 -0.29055 0.16722 -0.26180 0.16670 0.15550 -0.37136 -0.26691 -0.08072 -0.15556
0.02921 -0.24554 1.77596 -0.25978 -0.2908 1.63888 0.13414 -0.37889 -0.05289 -0.14648 -0.27663 -0.01079 -0.29149 0.13387 -0.31798 0.15521 0.04507 -0.47281 -0.28899 -0.04526 -0.13708
0.07112 -0.33785 1.68714 -0.2361 -0.33334 1.60702 0.11128 -0.36277 -0.06062 -0.13395 -0.28078 -0.02148 -0.22424 0.04000 -0.32656 0.16168 -0.00364 -0.42245 -0.30722 0.00451 -0.08012
0.12755 -0.45153 1.77477 -0.22478 -0.40817 1.69856 0.08530 -0.37374 0.03212 -0.13108 -0.29333 -0.01708 -0.14929 -0.06403 -0.41041 0.17979 -0.06407 -0.41239 -0.35233 0.04336 -0.07621
0.16034 -0.53757 1.83451 -0.19559 -0.46957 1.74753 0.08310 -0.37974 0.02861 -0.12735 -0.31214 -0.00485 -0.12337 -0.13800 -0.36407 0.20601 -0.10641 -0.38736 -0.35593 0.06800 -0.08698
0.1922 -0.62257 1.76391 -0.14143 -0.60187 1.75436 0.08200 -0.35929 0.11472 -0.07337 -0.32653 0.04841 -0.08588 -0.24615 -0.45600 0.19344 -0.22590 -0.36790 -0.33363 0.02070 -0.00955
0.19963 -0.65463 1.75135 -0.14393 -0.61317 1.78345 0.08184 -0.36584 0.11615 -0.08227 -0.32633 0.05292 -0.08308 -0.27277 -0.50518 0.19146 -0.24437 -0.37303 -0.34356 0.04146 0.03210
0.24592 -0.64864 1.90539 -0.14649 -0.6332 1.8497 0.08466 -0.37911 0.12220 -0.09000 -0.33880 0.05885 -0.04911 -0.25367 -0.43828 0.19765 -0.25501 -0.39015 -0.39241 0.01544 -0.05569
0.3534 -0.6072 1.82491 -0.12909 -0.59593 1.7422 0.07030 -0.36013 0.11331 -0.08120 -0.31120 0.05418 0.06864 -0.22328 -0.38449 0.18970 -0.24586 -0.36831 -0.48249 0.01127 -0.08271
0.39499 -0.6156 1.83497 -0.12992 -0.59855 1.74809 0.06972 -0.36501 0.10353 -0.08055 -0.30645 0.05417 0.10416 -0.22290 -0.37010 0.18662 -0.25156 -0.36759 -0.52491 0.01705 -0.08688
0.42748 -0.64734 1.97921 -0.13971 -0.62485 1.82732 0.07371 -0.38269 0.10367 -0.08458 -0.31488 0.05614 0.11836 -0.23287 -0.31956 0.18886 -0.26671 -0.38207 -0.56719 0.02249 -0.15189
0.46841 -0.66981 1.99475 -0.14163 -0.6322 1.84669 0.04725 -0.38904 0.11137 -0.08682 -0.31535 0.05667 0.14230 -0.21539 -0.33575 0.18900 -0.27231 -0.38821 -0.61004 0.03761 -0.14806
0.52295 -0.69786 1.94995 -0.14095 -0.62538 1.82782 0.05837 -0.38979 0.09108 -0.12144 -0.32245 0.05976 0.18906 -0.24385 -0.33790 0.18412 -0.27369 -0.37928 -0.66390 0.07248 -0.12213
0.54071 -0.70651 1.86356 -0.14064 -0.60696 1.7719 0.06653 -0.37824 0.08016 -0.11552 -0.30749 0.05405 0.20741 -0.26616 -0.34456 0.17232 -0.27078 -0.36233 -0.68135 0.09955 -0.09166
0.5564 -0.71301 1.86242 -0.14136 -0.60583 1.76863 0.07570 -0.37738 0.07418 -0.11430 -0.30474 0.05242 0.21437 -0.27362 -0.33615 0.17003 -0.27230 -0.36052 -0.69776 0.10718 -0.09379
0.57869 -0.72661 1.85699 -0.13913 -0.6074 1.77286 0.07309 -0.37881 0.06440 -0.11337 -0.30367 0.05106 0.22112 -0.27124 -0.33615 0.17184 -0.27472 -0.36180 -0.71782 0.11921 -0.08413
0.57022 -0.73451 1.87754 -0.14058 -0.6151 1.79403 0.08131 -0.38585 0.06010 -0.11275 -0.30465 0.04568 0.20378 -0.27365 -0.33728 0.17171 -0.28089 -0.36061 -0.71080 0.11941 -0.08351
0.57478 -0.72262 1.81144 -0.14362 -0.60122 1.7545 0.07061 -0.36872 0.05769 -0.14222 -0.30707 0.05425 0.21133 -0.26918 -0.34886 0.15797 -0.27514 -0.35272 -0.71840 0.12140 -0.05694
0.57128 -0.74284 1.89025 -0.14349 -0.62157 1.81543 0.07077 -0.37964 0.05866 -0.14983 -0.31807 0.05975 0.19289 -0.27151 -0.34206 0.16544 -0.28511 -0.36646 -0.71477 0.12127 -0.07482
0.57745 -0.7472 1.91051 -0.14377 -0.62578 1.82788 0.06837 -0.38095 0.05802 -0.15410 -0.31802 0.05764 0.19553 -0.27051 -0.33458 0.16360 -0.29022 -0.36416 -0.72122 0.12142 -0.08263
0.56479 -0.72786 1.85852 -0.14202 -0.60982 1.7792 0.06450 -0.37189 0.05412 -0.15254 -0.30991 0.05919 0.19206 -0.26020 -0.32623 0.15511 -0.28343 -0.35808 -0.70681 0.11804 -0.07932
0.56198 -0.73043 1.86186 -0.14234 -0.61159 1.78352 0.06675 -0.37720 0.05132 -0.15131 -0.30969 0.05699 0.18798 -0.25870 -0.32637 0.15267 -0.28567 -0.35685 -0.70432 0.11884 -0.07834
0.57171 -0.75135 1.91597 -0.15262 -0.61012 1.86991 0.06995 -0.39035 0.05216 -0.15350 -0.31662 0.04730 0.18670 -0.26482 -0.33485 0.14813 -0.27628 -0.32091 -0.72433 0.14123 -0.04606
0.57649 -0.75122 1.90722 -0.14176 -0.6265 1.83157 0.07126 -0.39204 0.05111 -0.15320 -0.31438 0.04423 0.19148 -0.26399 -0.33763 0.15777 -0.29452 -0.35122 -0.71825 0.12472 -0.07565
0.57688 -0.75037 1.90309 -0.14126 -0.62622 1.82887 0.07359 -0.39464 0.04948 -0.15281 -0.31361 0.04233 0.19035 -0.26124 -0.33861 0.15729 -0.29472 -0.35040 -0.71814 0.12415 -0.07422
0.56824 -0.73397 1.8649 -0.14097 -0.61338 1.79044 0.07299 -0.38743 0.04793 -0.14923 -0.30649 0.04009 0.18933 -0.25450 -0.32930 0.15050 -0.28904 -0.34168 -0.70921 0.12059 -0.07446
0.57692 -0.74996 1.8993 -0.14029 -0.6249 1.82531 0.07508 -0.39517 0.04860 -0.15184 -0.31194 0.03974 0.19041 -0.26136 -0.33690 0.15617 -0.29451 -0.34670 -0.71721 0.12506 -0.07399
]
