classifier_Man_jumps_on_house_19357 [ 0.49587 -0.71258 1.72086 -0.17648 -0.55456 1.90339 0.08672 -0.38700 -0.26203 -0.08750 -0.35531 -0.13545 0.12609 -0.29583 -0.43189 0.08022 -0.12791 -0.31327 -0.67235 0.15802 0.18253
0.4628 -0.67034 1.6145 -0.15736 -0.53144 1.71198 0.08160 -0.36309 -0.24599 -0.08206 -0.33301 -0.12703 0.11568 -0.27985 -0.40601 0.08353 -0.13150 -0.36847 -0.62016 0.13890 0.09748
0.49522 -0.71258 1.71927 -0.17545 -0.55357 1.90274 0.08701 -0.38655 -0.26177 -0.08730 -0.35442 -0.13520 0.12560 -0.29729 -0.43196 0.08094 -0.12789 -0.31198 -0.67067 0.15901 0.18347
0.49533 -0.71322 1.71913 -0.17513 -0.55384 1.90388 0.08716 -0.38669 -0.26161 -0.08724 -0.35390 -0.13505 0.12567 -0.29803 -0.43265 0.08124 -0.12863 -0.31129 -0.67046 0.15938 0.18475
0.46543 -0.66965 1.61107 -0.1586 -0.53821 1.70307 0.08189 -0.36316 -0.24585 -0.08193 -0.33237 -0.12696 0.11818 -0.27991 -0.41025 0.08222 -0.13887 -0.37767 -0.62403 0.13144 0.09200
0.46886 -0.67058 1.60497 -0.16058 -0.53434 1.70832 0.08211 -0.36317 -0.24547 -0.08184 -0.33215 -0.12689 0.12146 -0.28093 -0.41599 0.08014 -0.13519 -0.37165 -0.62944 0.13624 0.10335
0.46675 -0.66852 1.61621 -0.16093 -0.53288 1.65196 0.08253 -0.36437 -0.24316 -0.08180 -0.33200 -0.12684 0.11900 -0.27771 -0.40636 0.07971 -0.13387 -0.42733 -0.62768 0.13564 0.03575
0.46686 -0.66944 1.6338 -0.16361 -0.51975 1.7135 0.08249 -0.36158 -0.23574 -0.08209 -0.33300 -0.12725 0.11781 -0.27638 -0.39789 0.07779 -0.11953 -0.37179 -0.63047 0.14969 0.07970
0.43375 -0.6387 1.69124 -0.14643 -0.54541 1.69072 0.07395 -0.38601 -0.23144 -0.08473 -0.34304 -0.13103 0.08525 -0.22073 -0.41374 0.10247 -0.13312 -0.45775 -0.58018 0.09329 -0.00052
0.42408 -0.62977 1.67272 -0.14476 -0.52454 1.68676 0.07043 -0.39570 -0.22251 -0.08580 -0.33996 -0.13057 0.07925 -0.20235 -0.43957 0.10507 -0.11537 -0.46031 -0.56884 0.10523 0.01404
0.43905 -0.67623 1.65731 -0.13805 -0.49368 1.68988 0.07061 -0.39929 -0.21847 -0.08910 -0.33505 -0.12964 0.09326 -0.24547 -0.46615 0.11557 -0.08920 -0.46470 -0.57710 0.18255 0.03257
0.48874 -0.73422 1.63606 -0.12704 -0.45921 1.69805 0.07101 -0.40181 -0.21996 -0.09321 -0.32051 -0.13609 0.14083 -0.30111 -0.50102 0.13174 -0.06882 -0.46469 -0.61578 0.27501 0.06199
0.25482 -0.41718 1.58033 -0.10292 -0.37857 1.61974 0.08123 -0.37386 -0.22406 -0.09198 -0.29302 -0.13654 -0.09094 -0.01424 -0.44865 0.14724 -0.01885 -0.44069 -0.35774 0.03861 0.03941
0.22478 -0.3869 1.70228 -0.08911 -0.34611 1.73213 0.07974 -0.36062 -0.22018 -0.10497 -0.30986 -0.17221 -0.13711 0.00385 -0.48199 0.18436 0.03458 -0.44027 -0.31389 0.04079 0.02985
0.18366 -0.32066 1.71137 -0.10952 -0.30794 1.79247 0.08212 -0.35710 -0.23745 -0.10821 -0.29246 -0.20200 -0.17829 0.06517 -0.43818 0.16555 0.05451 -0.33277 -0.29318 0.01272 0.08110
0.16945 -0.27927 1.74481 -0.07409 -0.25843 1.78518 0.08102 -0.34491 -0.25528 -0.10715 -0.28063 -0.23090 -0.18973 0.09237 -0.37633 0.19836 0.09097 -0.29995 -0.24354 0.02084 0.04037
0.13237 -0.21088 1.70889 -0.03883 -0.19585 1.74146 0.06940 -0.32264 -0.30862 -0.09720 -0.26341 -0.26249 -0.21054 0.13689 -0.32000 0.22052 0.13465 -0.27342 -0.17120 0.01503 0.03257
0.08373 -0.15449 1.69904 -0.05861 -0.1634 1.7513 0.06112 -0.31170 -0.33093 -0.09626 -0.25491 -0.27544 -0.24887 0.18037 -0.29150 0.19795 0.15739 -0.23357 -0.14234 -0.00891 0.05226
0.08867 -0.1211 1.64961 0.05192 -0.10763 1.65611 0.05432 -0.29458 -0.32945 -0.09235 -0.24409 -0.32115 -0.23066 0.19817 -0.27310 0.30167 0.19986 -0.21802 -0.03675 0.01347 0.00650
0.08284 -0.09095 1.65115 0.05289 -0.08532 1.66377 0.03172 -0.25892 -0.36264 -0.09264 -0.24367 -0.32192 -0.21493 0.19351 -0.24101 0.30386 0.22094 -0.21465 -0.02995 0.00563 0.01262
0.09037 -0.08083 1.64063 0.05898 -0.06689 1.64726 0.03027 -0.25401 -0.36096 -0.12481 -0.23535 -0.35281 -0.20355 0.19886 -0.22920 0.34125 0.23062 -0.17861 -0.03139 0.01394 0.00663
0.123 -0.07493 1.66727 -0.08779 -0.04085 1.68383 0.03843 -0.26554 -0.35759 -0.09955 -0.22560 -0.34509 -0.18206 0.21604 -0.22994 0.17173 0.24774 -0.17361 -0.21079 0.03408 0.01656
0.14897 -0.09039 1.66977 -0.12323 -0.07583 1.69297 0.05085 -0.28197 -0.34085 -0.10053 -0.26101 -0.34664 -0.16854 0.21577 -0.23759 0.12660 0.19455 -0.21288 -0.27220 0.01456 0.02320
0.21204 -0.15091 1.91498 -0.17822 -0.13105 1.93517 0.06001 -0.32832 -0.37675 -0.12526 -0.33676 -0.35197 -0.15091 0.20140 -0.25627 0.11224 0.21049 -0.26410 -0.39026 0.01986 0.02019
0.23898 -0.1802 1.94224 -0.21925 -0.18463 1.97856 0.06479 -0.35185 -0.36448 -0.13484 -0.35680 -0.33903 -0.13287 0.19463 -0.28259 0.08166 0.19628 -0.25028 -0.45823 -0.00443 0.03632
0.25062 -0.24008 1.73144 -0.24731 -0.26656 1.75639 0.06493 -0.37747 -0.24254 -0.09309 -0.36302 -0.15814 -0.08844 0.15963 -0.33385 -0.00196 0.14017 -0.35177 -0.49793 -0.02648 0.02495
0.25708 -0.2851 1.74581 -0.25405 -0.3112 1.7628 0.07601 -0.38505 -0.23115 -0.08362 -0.36023 -0.14238 -0.09474 0.12549 -0.34273 -0.01669 0.09565 -0.37203 -0.51113 -0.02610 0.01699
0.26231 -0.33703 1.7997 -0.26408 -0.36299 1.82616 0.08553 -0.36644 -0.17181 -0.07879 -0.36440 -0.12871 -0.10926 0.05746 -0.43311 -0.02537 0.05143 -0.40538 -0.52639 -0.02596 0.02646
0.25691 -0.36535 1.8132 -0.26345 -0.393 1.84169 0.08679 -0.36974 -0.17073 -0.08247 -0.35146 -0.11634 -0.11903 0.03350 -0.44439 -0.01934 0.00920 -0.42558 -0.52036 -0.02765 0.02849
0.24611 -0.38191 1.80952 -0.25865 -0.39861 1.82999 0.08608 -0.36636 -0.16805 -0.08291 -0.34107 -0.11036 -0.12857 0.01521 -0.44010 -0.01450 -0.00557 -0.43212 -0.50476 -0.01670 0.02047
0.23969 -0.40104 1.83717 -0.26217 -0.39964 1.84458 0.08634 -0.36940 -0.16703 -0.08627 -0.34033 -0.10537 -0.13985 0.00089 -0.44724 -0.01215 -0.00575 -0.45570 -0.50186 0.00140 0.00741
0.22902 -0.41024 1.84659 -0.26251 -0.37623 1.83959 0.08529 -0.36758 -0.16637 -0.08666 -0.33971 -0.10452 -0.15038 -0.00921 -0.44209 -0.01173 0.01781 -0.46489 -0.49153 0.03401 -0.00700
0.21374 -0.41714 1.83968 -0.26482 -0.34688 1.80761 0.08391 -0.36330 -0.16456 -0.08684 -0.33527 -0.10180 -0.16211 -0.02011 -0.42988 -0.01536 0.04279 -0.47859 -0.47856 0.07026 -0.03207
0.19445 -0.40565 1.77666 -0.23812 -0.2715 1.73228 0.07967 -0.34476 -0.15600 -0.11522 -0.39774 -0.19059 -0.16428 -0.02815 -0.39170 0.03217 0.17843 -0.35723 -0.43257 0.13415 -0.04438
0.20011 -0.43253 1.90256 -0.24972 -0.24773 1.82333 0.08399 -0.36241 -0.16468 -0.11816 -0.31362 -0.15927 -0.17872 -0.03520 -0.38705 0.03187 0.12101 -0.42474 -0.44983 0.18480 -0.07923
0.19658 -0.43277 1.89877 -0.25056 -0.20318 1.80771 0.08274 -0.35660 -0.16181 -0.13100 -0.31332 -0.20362 -0.17679 -0.04143 -0.35712 0.04127 0.16433 -0.36024 -0.44714 0.22959 -0.09106
0.19397 -0.43818 1.91991 -0.25623 -0.16742 1.82374 0.08258 -0.35592 -0.16077 -0.14643 -0.30137 -0.21712 -0.17906 -0.04743 -0.33392 0.05010 0.18759 -0.32743 -0.45020 0.27076 -0.09617
0.20602 -0.47246 2.06946 -0.26563 -0.14103 1.96801 0.08837 -0.38010 -0.16951 -0.16929 -0.29316 -0.25409 -0.19184 -0.05515 -0.33334 0.07301 0.20916 -0.30022 -0.47165 0.33143 -0.10145
0.1946 -0.45142 1.96405 -0.23014 -0.08127 1.81734 0.08319 -0.35973 -0.15494 -0.16592 -0.25921 -0.24831 -0.18035 -0.05658 -0.30425 0.09459 0.23149 -0.31015 -0.42474 0.37015 -0.14671
0.18985 -0.46168 1.97699 -0.29707 -0.08092 1.80739 0.08246 -0.36129 -0.15066 -0.17076 -0.24180 -0.26119 -0.18490 -0.06514 -0.29919 0.03216 0.21427 -0.31035 -0.48692 0.38076 -0.16960
0.19318 -0.46318 1.9831 -0.27615 -0.07481 1.79102 0.08179 -0.36339 -0.14371 -0.17348 -0.23410 -0.26628 -0.18119 -0.06439 -0.30240 0.05552 0.21251 -0.32380 -0.46933 0.38837 -0.19208
0.19289 -0.46999 1.98685 -0.22268 -0.06998 1.80656 0.07917 -0.36291 -0.14022 -0.17732 -0.23105 -0.27117 -0.17898 -0.07171 -0.30230 0.11191 0.21406 -0.30261 -0.41557 0.40001 -0.18029
0.19233 -0.47109 1.98104 -0.19755 -0.09946 1.7824 0.07769 -0.36349 -0.13576 -0.18053 -0.23054 -0.27975 -0.17703 -0.07233 -0.30411 0.13820 0.18356 -0.30917 -0.38988 0.37163 -0.19864
0.18995 -0.46586 1.95961 -0.20227 -0.13842 1.75016 0.07547 -0.36131 -0.12905 -0.18488 -0.23661 -0.30191 -0.17368 -0.06977 -0.30159 0.13506 0.14932 -0.28877 -0.39222 0.32744 -0.20945
0.19808 -0.48797 2.04689 -0.23849 -0.18438 1.84685 0.07801 -0.37992 -0.12970 -0.21748 -0.28757 -0.33577 -0.18086 -0.07182 -0.31905 0.13814 0.15651 -0.26116 -0.43657 0.30359 -0.20004
0.19761 -0.48808 2.05004 -0.23467 -0.22385 1.83392 0.07730 -0.38192 -0.12541 -0.21700 -0.29081 -0.33405 -0.18111 -0.06991 -0.32328 0.14183 0.12052 -0.27821 -0.43228 0.26423 -0.21612
0.19692 -0.48641 2.05055 -0.23669 -0.24593 1.82843 0.07720 -0.38266 -0.12252 -0.21322 -0.29568 -0.33198 -0.18176 -0.06755 -0.32539 0.13614 0.10331 -0.28507 -0.43361 0.24048 -0.22212
0.19755 -0.48494 2.05138 -0.23569 -0.25193 1.82749 0.07708 -0.38267 -0.12118 -0.21236 -0.29795 -0.33027 -0.18103 -0.06603 -0.32549 0.13627 0.09963 -0.28694 -0.43324 0.23301 -0.22389
0.20026 -0.49193 2.07304 -0.23553 -0.23522 1.84563 0.07811 -0.38676 -0.12250 -0.20354 -0.29076 -0.35009 -0.18259 -0.06851 -0.32931 0.12947 0.10989 -0.27470 -0.43579 0.25671 -0.22741
0.19955 -0.49004 2.06665 -0.23509 -0.22873 1.83829 0.07844 -0.38581 -0.12183 -0.20485 -0.29353 -0.34458 -0.18267 -0.06762 -0.32828 0.13081 0.11915 -0.27918 -0.43464 0.26131 -0.22836
0.19977 -0.48977 2.05948 -0.23411 -0.22561 1.8307 0.07973 -0.38516 -0.12049 -0.20608 -0.29575 -0.33950 -0.18280 -0.06799 -0.32877 0.13261 0.12441 -0.28378 -0.43388 0.26416 -0.22878
0.1996 -0.4903 2.05957 -0.23448 -0.22474 1.83111 0.07960 -0.38500 -0.12068 -0.20598 -0.29573 -0.33940 -0.18279 -0.06860 -0.32785 0.13215 0.12530 -0.28280 -0.43408 0.26556 -0.22846
0.19906 -0.48807 2.05799 -0.23488 -0.22698 1.82794 0.07941 -0.38451 -0.12064 -0.20665 -0.29692 -0.33688 -0.18272 -0.06690 -0.32600 0.13227 0.12436 -0.28443 -0.43394 0.26109 -0.23005
0.19912 -0.4887 2.05609 -0.23471 -0.22936 1.82594 0.07983 -0.38441 -0.11953 -0.20698 -0.29754 -0.33540 -0.18279 -0.06766 -0.32668 0.13270 0.12266 -0.28542 -0.43383 0.25934 -0.23015
0.19825 -0.49273 2.06324 -0.23697 -0.23588 1.83035 0.07973 -0.38541 -0.11984 -0.20431 -0.29648 -0.33975 -0.18431 -0.07049 -0.32513 0.12826 0.11560 -0.28162 -0.43522 0.25685 -0.23289
0.19751 -0.49332 2.06295 -0.23561 -0.23628 1.82754 0.07910 -0.38571 -0.11896 -0.20434 -0.29825 -0.33657 -0.18386 -0.07086 -0.32114 0.12936 0.11692 -0.28240 -0.43312 0.25704 -0.23541
0.19677 -0.49504 2.06052 -0.23329 -0.23411 1.82511 0.07856 -0.38604 -0.11833 -0.20440 -0.29944 -0.33443 -0.18369 -0.07231 -0.32089 0.13158 0.12030 -0.28347 -0.43006 0.26093 -0.23541
0.19716 -0.49438 2.05743 -0.23245 -0.23301 1.8218 0.07804 -0.38620 -0.11780 -0.20444 -0.30038 -0.33267 -0.18244 -0.07156 -0.32167 0.13233 0.12235 -0.28569 -0.42961 0.26137 -0.23563
0.1981 -0.49781 2.06932 -0.23363 -0.23154 1.83196 0.07826 -0.38855 -0.11848 -0.20134 -0.29496 -0.34384 -0.18357 -0.07240 -0.32392 0.12900 0.11877 -0.27855 -0.43173 0.26627 -0.23736
0.19944 -0.49515 2.06777 -0.23307 -0.23083 1.83004 0.07806 -0.38871 -0.11797 -0.20128 -0.29534 -0.34314 -0.18190 -0.06959 -0.32471 0.12944 0.11988 -0.27979 -0.43251 0.26432 -0.23773
0.19949 -0.49524 2.06545 -0.23315 -0.22926 1.8285 0.07659 -0.38673 -0.11866 -0.20178 -0.29666 -0.34131 -0.18025 -0.07159 -0.32513 0.12977 0.12280 -0.28180 -0.43264 0.26598 -0.23695
0.19981 -0.49399 2.05826 -0.23325 -0.22677 1.82619 0.07730 -0.38695 -0.11757 -0.20158 -0.29704 -0.34025 -0.18031 -0.07015 -0.33050 0.12928 0.12575 -0.28198 -0.43306 0.26722 -0.23207
0.19971 -0.49313 2.05545 -0.23263 -0.22583 1.8252 0.07754 -0.38584 -0.11711 -0.20175 -0.29833 -0.33839 -0.18037 -0.07041 -0.33173 0.12992 0.12797 -0.28268 -0.43234 0.26730 -0.23025
0.20039 -0.48529 2.05086 -0.2326 -0.22567 1.82608 0.07749 -0.38372 -0.11794 -0.20210 -0.29959 -0.33699 -0.17961 -0.06468 -0.33542 0.13029 0.12940 -0.28296 -0.43299 0.25962 -0.22478
0.20211 -0.46917 2.04262 -0.23285 -0.22608 1.82756 0.07742 -0.38026 -0.12107 -0.20230 -0.30013 -0.33732 -0.17823 -0.05197 -0.34378 0.13043 0.12957 -0.28423 -0.43496 0.24309 -0.21506
0.20858 -0.44823 2.02652 -0.23264 -0.22721 1.82726 0.07896 -0.38106 -0.11902 -0.20237 -0.30061 -0.33601 -0.17289 -0.03015 -0.35903 0.13056 0.12885 -0.28309 -0.44122 0.22102 -0.19926
0.21297 -0.42269 2.00569 -0.23276 -0.22827 1.8275 0.08097 -0.37611 -0.12678 -0.20270 -0.30137 -0.33543 -0.17065 -0.00915 -0.37293 0.13085 0.12857 -0.28451 -0.44573 0.19442 -0.17819
0.21665 -0.39223 1.9817 -0.23275 -0.22924 1.82393 0.08525 -0.37482 -0.13655 -0.20234 -0.30088 -0.33484 -0.17062 0.02021 -0.38250 0.13024 0.12702 -0.28443 -0.44940 0.16299 -0.15777
0.21934 -0.36124 1.9727 -0.23312 -0.22981 1.82369 0.09012 -0.37315 -0.14027 -0.20225 -0.30066 -0.33462 -0.17248 0.04952 -0.38598 0.12974 0.12636 -0.28299 -0.45246 0.13143 -0.14901
0.21259 -0.31923 1.92031 -0.22797 -0.22535 1.77959 0.09141 -0.38142 -0.21593 -0.19731 -0.29342 -0.32643 -0.17296 0.09899 -0.30148 0.12609 0.12227 -0.27578 -0.44056 0.09388 -0.14072
0.17437 -0.20718 1.89381 -0.22475 -0.2246 1.75548 0.09201 -0.37177 -0.27245 -0.19427 -0.28913 -0.32264 -0.20786 0.20061 -0.23897 0.12423 0.11816 -0.27152 -0.39912 -0.01742 -0.13833
0.15812 -0.07841 1.91665 -0.22295 -0.22335 1.75202 0.07488 -0.33864 -0.32241 -0.19354 -0.28854 -0.32189 -0.20742 0.29347 -0.16274 0.12505 0.11873 -0.27004 -0.38107 -0.14494 -0.16463
0.14776 -0.02184 1.94011 -0.2218 -0.22288 1.75147 0.06828 -0.31466 -0.34791 -0.19330 -0.28843 -0.32213 -0.21167 0.32392 -0.11432 0.12603 0.11912 -0.27034 -0.36956 -0.20104 -0.18864
0.14403 0.01604 1.96591 -0.22064 -0.22382 1.75367 0.05790 -0.29684 -0.36630 -0.19311 -0.28901 -0.32270 -0.20630 0.34243 -0.07417 0.12715 0.11906 -0.27048 -0.36467 -0.23986 -0.21224
0.12463 0.06922 1.98844 -0.22057 -0.22373 1.75369 0.02236 -0.25434 -0.40120 -0.19235 -0.29024 -0.32207 -0.19061 0.35313 -0.01674 0.12649 0.12058 -0.27116 -0.34520 -0.29295 -0.23475
0.11467 0.08397 2.00538 -0.22028 -0.22335 1.7523 0.01854 -0.24898 -0.40460 -0.19210 -0.29187 -0.32048 -0.19677 0.36267 0.00465 0.12629 0.12268 -0.27308 -0.33495 -0.30732 -0.25308
0.08947 0.07472 2.03363 -0.22254 -0.22712 1.75789 0.01604 -0.24457 -0.40920 -0.19186 -0.29452 -0.32039 -0.21616 0.35417 0.04322 0.12421 0.12182 -0.27465 -0.31201 -0.30184 -0.27574
0.07654 0.05308 2.03628 -0.223 -0.22729 1.75713 0.01558 -0.24512 -0.40875 -0.19051 -0.29613 -0.31949 -0.22880 0.33136 0.04514 0.12237 0.12327 -0.27566 -0.29954 -0.28037 -0.27915
0.06197 0.03246 2.0425 -0.22333 -0.22858 1.75458 0.01570 -0.25143 -0.40438 -0.18934 -0.29691 -0.31888 -0.24388 0.31620 0.04706 0.12077 0.12272 -0.27690 -0.28530 -0.26104 -0.28792
0.06291 -0.0287 2.03547 -0.22386 -0.2297 1.75155 0.03179 -0.28970 -0.37565 -0.18859 -0.29769 -0.31762 -0.25864 0.29327 0.01450 0.11934 0.12234 -0.27801 -0.28677 -0.20100 -0.28392
0.07309 -0.10013 2.04377 -0.22672 -0.23183 1.76265 0.05675 -0.32114 -0.32955 -0.18940 -0.29958 -0.31967 -0.27526 0.25384 -0.03784 0.11831 0.12252 -0.27887 -0.29981 -0.13170 -0.28112
0.06471 -0.14985 2.04312 -0.22746 -0.23256 1.75737 0.06953 -0.33958 -0.31494 -0.18905 -0.29863 -0.31824 -0.29559 0.22365 -0.04422 0.11669 0.12065 -0.27721 -0.29217 -0.08271 -0.28575
0.05827 -0.17193 2.05623 -0.23009 -0.23171 1.76396 0.07781 -0.35032 -0.29345 -0.19004 -0.29945 -0.31892 -0.31121 0.21251 -0.05962 0.11551 0.12248 -0.27674 -0.28836 -0.05978 -0.29227
0.0643 -0.1802 2.09076 -0.2323 -0.2323 1.77007 0.08564 -0.35634 -0.27436 -0.19124 -0.30056 -0.31983 -0.31408 0.21090 -0.05299 0.11510 0.12323 -0.27854 -0.29660 -0.05210 -0.32069
0.20038 -0.18804 1.95241 -0.2377 -0.22237 1.77204 0.11042 -0.34404 -0.26299 -0.19470 -0.30291 -0.31717 -0.20381 0.19084 -0.20949 0.11357 0.13570 -0.28513 -0.43808 -0.03433 -0.18037
0.25534 -0.21053 2.04693 -0.25114 -0.23201 1.87833 0.12266 -0.36360 -0.28691 -0.20722 -0.32121 -0.33554 -0.17926 0.18755 -0.23885 0.12204 0.14777 -0.30276 -0.50648 -0.02148 -0.16860
0.27596 -0.18894 2.01024 -0.24651 -0.22803 1.85918 0.13691 -0.36548 -0.29776 -0.20569 -0.31798 -0.33121 -0.16817 0.20441 -0.24360 0.12329 0.14808 -0.29882 -0.52247 -0.03909 -0.15106
0.29241 -0.17368 2.00655 -0.24541 -0.22749 1.86085 0.13250 -0.36180 -0.32427 -0.20641 -0.31840 -0.33165 -0.14447 0.19599 -0.24447 0.12539 0.14926 -0.30081 -0.53782 -0.05381 -0.14570
0.28452 -0.15779 1.87291 -0.22898 -0.21403 1.74426 0.12891 -0.36120 -0.27411 -0.19359 -0.29834 -0.31108 -0.12840 0.20946 -0.26780 0.11869 0.13911 -0.28223 -0.51350 -0.05624 -0.12865
0.28838 -0.16714 1.87069 -0.22878 -0.21474 1.75036 0.12692 -0.36327 -0.27472 -0.19300 -0.29735 -0.31456 -0.12103 0.20034 -0.27517 0.11874 0.13758 -0.27949 -0.51716 -0.04760 -0.12033
0.30594 -0.20228 2.00484 -0.24446 -0.2319 1.88327 0.10815 -0.36891 -0.33532 -0.20692 -0.31929 -0.34014 -0.10618 0.17084 -0.26664 0.12885 0.14662 -0.30099 -0.55040 -0.02962 -0.12157
0.29424 -0.24967 1.97303 -0.24234 -0.23118 1.86619 0.11645 -0.38146 -0.30957 -0.20481 -0.31676 -0.33674 -0.12346 0.13607 -0.30028 0.12734 0.14432 -0.29819 -0.53658 0.01849 -0.10684
0.26103 -0.28725 1.8121 -0.22379 -0.21304 1.7277 0.12146 -0.38691 -0.22916 -0.18959 -0.29335 -0.31170 -0.14036 0.10625 -0.34862 0.11840 0.13468 -0.27619 -0.48482 0.07421 -0.08440
0.24869 -0.32828 1.78925 -0.22077 -0.21285 1.71454 0.11816 -0.38703 -0.22301 -0.18705 -0.28983 -0.31115 -0.14819 0.06786 -0.35765 0.11766 0.13102 -0.27172 -0.46946 0.11543 -0.07471
0.2431 -0.35978 1.8137 -0.22246 -0.21606 1.73776 0.10198 -0.37247 -0.21004 -0.18774 -0.29024 -0.31981 -0.14203 0.02291 -0.37823 0.11868 0.12894 -0.27086 -0.46556 0.14372 -0.07594
0.23691 -0.36856 1.82227 -0.22252 -0.21662 1.74053 0.10107 -0.37211 -0.20965 -0.18784 -0.28929 -0.32142 -0.14821 0.01451 -0.37292 0.11888 0.12750 -0.26905 -0.45943 0.15194 -0.08174
0.23179 -0.36522 1.82891 -0.223 -0.21528 1.74452 0.10009 -0.37238 -0.20932 -0.18843 -0.28936 -0.32212 -0.15313 0.01874 -0.37036 0.11923 0.12900 -0.26806 -0.45479 0.14994 -0.08439
0.22812 -0.35805 1.83262 -0.2231 -0.21507 1.74742 0.09769 -0.37278 -0.21137 -0.18892 -0.28937 -0.32297 -0.15518 0.02672 -0.36857 0.11987 0.12928 -0.26815 -0.45122 0.14298 -0.08520
0.22431 -0.3448 1.81667 -0.22342 -0.21282 1.738 0.09284 -0.39325 -0.23360 -0.18826 -0.28743 -0.32236 -0.15333 0.06049 -0.35290 0.11826 0.12927 -0.26897 -0.44773 0.13198 -0.07867
0.2221 -0.34101 1.81164 -0.22377 -0.21235 1.73684 0.08991 -0.39331 -0.23822 -0.18896 -0.28756 -0.32126 -0.15259 0.06452 -0.35141 0.11848 0.12979 -0.26941 -0.44587 0.12866 -0.07480
0.21989 -0.34012 1.80077 -0.22272 -0.21256 1.73001 0.08879 -0.39132 -0.23840 -0.18878 -0.28673 -0.31939 -0.15280 0.06376 -0.35258 0.11876 0.12846 -0.26909 -0.44261 0.12756 -0.07076
0.2161 -0.34477 1.79384 -0.22162 -0.21376 1.73172 0.08745 -0.39070 -0.24033 -0.18861 -0.28639 -0.32004 -0.15535 0.05851 -0.35840 0.11977 0.12684 -0.26769 -0.43772 0.13101 -0.06212
0.22589 -0.36596 1.88919 -0.23344 -0.22724 1.82892 0.08852 -0.40549 -0.25693 -0.19853 -0.30075 -0.34002 -0.16262 0.05276 -0.38092 0.12645 0.13073 -0.28079 -0.45933 0.13872 -0.06027
0.21496 -0.3498 1.81306 -0.22486 -0.21945 1.76277 0.08379 -0.38796 -0.24937 -0.19120 -0.28953 -0.32813 -0.15805 0.05090 -0.37332 0.12192 0.12516 -0.27034 -0.43982 0.13035 -0.05029
0.20952 -0.33825 1.80448 -0.22366 -0.2184 1.76434 0.08164 -0.38457 -0.25547 -0.19090 -0.28905 -0.32909 -0.16147 0.05908 -0.37698 0.12295 0.12569 -0.26902 -0.43318 0.11985 -0.04014
0.20142 -0.31576 1.78936 -0.22213 -0.21825 1.76103 0.07925 -0.37830 -0.26912 -0.19047 -0.28858 -0.32852 -0.16673 0.07529 -0.37422 0.12385 0.12515 -0.26882 -0.42355 0.09751 -0.02833
0.18463 -0.27673 1.74881 -0.21687 -0.2137 1.73472 0.07127 -0.35759 -0.29513 -0.18729 -0.28382 -0.32418 -0.17121 0.09335 -0.35234 0.12366 0.12395 -0.26435 -0.40150 0.06303 -0.01409
0.16901 -0.23862 1.75519 -0.21717 -0.21564 1.75719 0.06611 -0.34310 -0.32254 -0.18948 -0.28732 -0.32838 -0.18529 0.11706 -0.34845 0.12747 0.12605 -0.26684 -0.38618 0.02298 0.00200
0.14174 -0.17949 1.74047 -0.21193 -0.21562 1.75815 0.06152 -0.32000 -0.34724 -0.18835 -0.28684 -0.32978 -0.20794 0.15294 -0.33894 0.13155 0.12533 -0.26573 -0.35367 -0.03613 0.01768
0.07637 -0.06532 1.73167 -0.20057 -0.21759 1.76157 0.01385 -0.23511 -0.41505 -0.18568 -0.28646 -0.33179 -0.22072 0.16393 -0.29261 0.14087 0.12184 -0.26281 -0.27694 -0.15227 0.02990
0.04485 -0.03107 1.69326 -0.18919 -0.21355 1.72282 0.01694 -0.23934 -0.39966 -0.18067 -0.28135 -0.32318 -0.24820 0.19167 -0.29132 0.14349 0.11918 -0.25556 -0.23404 -0.18248 0.02956
-0.00726 0.02668 1.72588 -0.18513 -0.2189 1.76195 -0.03058 -0.17638 -0.44131 -0.18305 -0.28721 -0.33091 -0.25824 0.19212 -0.25638 0.15344 0.12096 -0.25732 -0.17787 -0.24558 0.03607
-0.08233 0.06005 1.72299 -0.17072 -0.22493 1.75425 -0.06936 -0.13373 -0.44943 -0.18041 -0.28886 -0.32767 -0.29126 0.18193 -0.23550 0.16875 0.12590 -0.24356 -0.08839 -0.28498 0.03126
-0.15584 0.04409 1.71931 -0.16061 -0.23355 1.74352 -0.09708 -0.11997 -0.44496 -0.17603 -0.28960 -0.32500 -0.33290 0.15112 -0.22459 0.17594 0.12081 -0.23864 -0.00477 -0.27764 0.02421
-0.19394 0.02047 1.72464 -0.15611 -0.23913 1.74531 -0.10084 -0.12162 -0.44419 -0.17407 -0.29038 -0.32607 -0.36609 0.12932 -0.21978 0.17991 0.11846 -0.23597 0.03783 -0.25960 0.02067
-0.23078 -0.0178 1.75105 -0.15368 -0.24917 1.76745 -0.10877 -0.12772 -0.44751 -0.16472 -0.29146 -0.33934 -0.39284 0.09967 -0.20965 0.17561 0.11155 -0.23102 0.07710 -0.23137 0.01640
-0.28399 -0.0495 1.73927 -0.14038 -0.27068 1.72954 -0.11476 -0.13030 -0.44046 -0.10613 -0.26052 -0.38028 -0.43571 0.07314 -0.20012 0.11059 0.01802 -0.23235 0.14361 -0.22118 -0.00973
-0.30604 -0.10783 1.78446 -0.14316 -0.28063 1.77383 -0.12205 -0.14076 -0.44752 -0.11090 -0.27029 -0.38620 -0.45580 0.02597 -0.20201 0.11227 0.01051 -0.24362 0.16288 -0.17280 -0.01063
-0.28986 -0.14137 1.64153 -0.0413 -0.30255 1.47557 -0.11313 -0.13386 -0.40861 -0.11081 -0.25674 -0.34494 -0.42529 -0.01344 -0.18073 0.20290 -0.02320 -0.38153 0.24856 -0.16118 -0.16596
-0.26451 -0.18272 1.68291 -0.02856 -0.32089 1.50959 -0.11553 -0.13995 -0.41394 -0.11435 -0.26317 -0.34841 -0.40057 -0.04806 -0.16843 0.22331 -0.03072 -0.37780 0.23595 -0.13817 -0.17332
-0.26689 -0.1907 1.67212 0.05804 -0.16283 1.72241 -0.11496 -0.14398 -0.41141 -0.11539 -0.26479 -0.34524 -0.40219 -0.05168 -0.17437 0.31182 0.13196 -0.15940 0.32493 0.02787 0.05029
-0.27626 -0.18675 1.65209 0.04723 -0.16477 1.70519 -0.11706 -0.14828 -0.40644 -0.11761 -0.26684 -0.33943 -0.40758 -0.04337 -0.18560 0.30317 0.13317 -0.16932 0.32349 0.02198 0.05310
-0.27682 -0.18204 1.62223 0.04474 -0.16298 1.67767 -0.11408 -0.14758 -0.39911 -0.11647 -0.26452 -0.33152 -0.40659 -0.03926 -0.18392 0.29764 0.13297 -0.16651 0.32156 0.01906 0.05544
-0.27069 -0.18488 1.6597 0.04684 -0.1735 1.69914 -0.11110 -0.15673 -0.40162 -0.11902 -0.26925 -0.33297 -0.40566 -0.03293 -0.16662 0.30443 0.12895 -0.16559 0.31753 0.01138 0.03944
-0.27239 -0.17105 1.63876 -0.01076 -0.18107 1.66404 -0.10711 -0.15961 -0.39590 -0.14061 -0.28622 -0.30144 -0.40830 -0.01603 -0.16729 0.26749 0.13953 -0.20557 0.26163 -0.01002 0.02528
-0.20554 -0.17375 1.66488 0.03249 -0.20281 1.70328 -0.08742 -0.18947 -0.39867 -0.14673 -0.29551 -0.30395 -0.36708 0.01163 -0.18902 0.31977 0.12797 -0.21267 0.23803 -0.02906 0.03840
-0.202 -0.14939 1.64198 0.02942 -0.21222 1.69319 -0.07726 -0.19870 -0.39545 -0.14789 -0.29615 -0.30166 -0.37373 0.04571 -0.21316 0.31735 0.11921 -0.22150 0.23142 -0.06283 0.05121
-0.15462 -0.14786 1.60307 -0.15494 -0.15067 1.60054 -0.03603 -0.23186 -0.37883 -0.13777 -0.29250 -0.30499 -0.36610 0.08086 -0.25294 0.11965 0.17239 -0.29599 -0.00032 -0.00281 -0.00253
-0.10933 -0.16399 1.57605 -0.10434 -0.17053 1.574 -0.01263 -0.25095 -0.36440 -0.12873 -0.28706 -0.31015 -0.34383 0.08391 -0.28375 0.16029 0.14620 -0.30372 0.00499 -0.00654 -0.00205
-0.04107 -0.20785 1.61454 -0.06172 -0.20151 1.61674 0.01125 -0.28503 -0.36138 -0.16460 -0.30442 -0.22474 -0.31071 0.07392 -0.34131 0.24436 0.13376 -0.43528 -0.02065 0.00634 0.00220
0.04483 -0.26808 1.60858 0.01553 -0.2515 1.6072 0.03393 -0.27981 -0.32046 -0.16448 -0.30360 -0.22397 -0.25922 0.05855 -0.39367 0.32547 0.08817 -0.47127 -0.02930 0.01658 -0.00138
0.11935 -0.31571 1.55196 -0.15784 -0.3551 1.69491 0.04452 -0.28254 -0.28231 -0.15827 -0.29185 -0.21273 -0.19181 0.01460 -0.45736 0.14808 -0.01818 -0.35762 -0.27719 -0.03939 0.14295
0.27052 -0.43311 1.49359 -0.15972 -0.35395 1.64828 0.05970 -0.31019 -0.22133 -0.14249 -0.28680 -0.15748 -0.04692 -0.08062 -0.50463 0.12756 -0.01922 -0.37988 -0.43024 0.07916 0.15469
0.35623 -0.5223 1.63667 -0.17124 -0.404 1.77632 0.06573 -0.33912 -0.23612 -0.15121 -0.30780 -0.16768 0.01145 -0.13838 -0.52917 0.13795 -0.04167 -0.41722 -0.52747 0.11830 0.13965
0.40601 -0.55966 1.63006 -0.16586 -0.41642 1.75229 0.06902 -0.33671 -0.22852 -0.17922 -0.32408 -0.15101 0.06147 -0.17872 -0.51014 0.17019 -0.03644 -0.42301 -0.57187 0.14324 0.12223
0.42045 -0.57181 1.5958 -0.15555 -0.41952 1.6855 0.07055 -0.32813 -0.21640 -0.17288 -0.31693 -0.14517 0.08443 -0.20092 -0.46775 0.16873 -0.04709 -0.40659 -0.57600 0.15229 0.08970
0.44979 -0.634 1.61778 -0.14231 -0.44874 1.65196 0.08231 -0.33191 -0.20320 -0.15251 -0.34282 -0.14945 0.10634 -0.25968 -0.41848 0.15912 -0.05010 -0.39541 -0.59210 0.18526 0.03418
0.45908 -0.63721 1.61435 -0.13714 -0.46788 1.64619 0.08622 -0.33312 -0.20035 -0.14508 -0.34954 -0.15100 0.11218 -0.26134 -0.41744 0.15650 -0.06201 -0.39247 -0.59622 0.16933 0.03184
0.46462 -0.6422 1.60592 -0.13273 -0.49066 1.63818 0.09317 -0.34037 -0.18722 -0.13637 -0.35467 -0.15258 0.11213 -0.25875 -0.42316 0.15129 -0.07932 -0.38331 -0.59735 0.15154 0.03226
0.46948 -0.64594 1.59596 -0.1272 -0.48853 1.63313 0.09413 -0.34075 -0.18708 -0.12951 -0.35652 -0.15216 0.11585 -0.26144 -0.43093 0.14991 -0.07503 -0.38721 -0.59668 0.15741 0.03717
0.46769 -0.64742 1.59182 -0.12642 -0.50024 1.62829 0.09452 -0.34136 -0.18583 -0.12273 -0.36263 -0.15416 0.11402 -0.26187 -0.43045 0.14359 -0.08053 -0.38478 -0.59411 0.14718 0.03647
0.47949 -0.66712 1.62997 -0.13451 -0.52775 1.66676 0.09751 -0.35113 -0.19381 -0.10031 -0.33984 -0.11676 0.11583 -0.27012 -0.44121 0.11695 -0.12912 -0.44014 -0.61400 0.13937 0.03679
0.47706 -0.66723 1.63447 -0.13299 -0.53911 1.6673 0.09749 -0.35190 -0.19590 -0.10009 -0.33932 -0.11633 0.11268 -0.26893 -0.43784 0.11839 -0.14074 -0.44334 -0.61005 0.12812 0.03283
0.47534 -0.67 1.63737 -0.13277 -0.54374 1.66832 0.09716 -0.35227 -0.19725 -0.10015 -0.33924 -0.11598 0.11066 -0.27087 -0.43709 0.11887 -0.14516 -0.44639 -0.60811 0.12626 0.03095
0.47515 -0.67296 1.63973 -0.13461 -0.54509 1.66917 0.09720 -0.35277 -0.19862 -0.10019 -0.33926 -0.11553 0.10996 -0.27277 -0.43609 0.11726 -0.14625 -0.44934 -0.60976 0.12787 0.02944
0.48225 -0.69604 1.70885 -0.14039 -0.56538 1.72599 0.10012 -0.36459 -0.20626 -0.10360 -0.35050 -0.11888 0.10464 -0.28190 -0.43807 0.12010 -0.15291 -0.46651 -0.62264 0.13066 0.01714
0.48095 -0.69629 1.71233 -0.13894 -0.56773 1.72496 0.09944 -0.36473 -0.20607 -0.10362 -0.35036 -0.11870 0.10383 -0.28166 -0.43487 0.12157 -0.15535 -0.46819 -0.61989 0.12856 0.01263
0.47627 -0.67843 1.64876 -0.1345 -0.54993 1.67329 0.09533 -0.35440 -0.20135 -0.10036 -0.33847 -0.11424 0.11153 -0.27524 -0.42990 0.11785 -0.15065 -0.45191 -0.61077 0.12850 0.02453
0.48779 -0.69699 1.69618 -0.13848 -0.56699 1.71295 0.09668 -0.36317 -0.20720 -0.10292 -0.34668 -0.11670 0.11456 -0.28341 -0.43465 0.12029 -0.15772 -0.46679 -0.62627 0.13000 0.01677
0.47369 -0.67635 1.64437 -0.13503 -0.55065 1.66426 0.09310 -0.35306 -0.20157 -0.10003 -0.33662 -0.11330 0.11171 -0.27369 -0.42538 0.11639 -0.15315 -0.45363 -0.60872 0.12570 0.01989
0.48716 -0.7009 1.71164 -0.13919 -0.57168 1.72149 0.09576 -0.36585 -0.20916 -0.10369 -0.34801 -0.11681 0.11286 -0.28361 -0.43132 0.12118 -0.16029 -0.47187 -0.62635 0.12922 0.00985
0.48777 -0.70193 1.71331 -0.13956 -0.57087 1.7242 0.09499 -0.36536 -0.20935 -0.10380 -0.34779 -0.11666 0.11391 -0.28480 -0.43030 0.12097 -0.15957 -0.47019 -0.62733 0.13106 0.01089
0.48748 -0.70203 1.71453 -0.13857 -0.57276 1.7234 0.09450 -0.36559 -0.20980 -0.10375 -0.34729 -0.11619 0.11405 -0.28457 -0.42886 0.12197 -0.16161 -0.47150 -0.62605 0.12927 0.00887
0.48769 -0.70268 1.71745 -0.13962 -0.57136 1.72423 0.09408 -0.36531 -0.21165 -0.10387 -0.34682 -0.11552 0.11451 -0.28530 -0.42399 0.12093 -0.16039 -0.47068 -0.62731 0.13132 0.00678
0.47184 -0.67721 1.65288 -0.13505 -0.55112 1.66772 0.09068 -0.35306 -0.20575 -0.10030 -0.33480 -0.11127 0.11153 -0.27375 -0.41376 0.11650 -0.15414 -0.45190 -0.60689 0.12609 0.01484
0.47123 -0.67742 1.6556 -0.13381 -0.5528 1.66439 0.09045 -0.35306 -0.20655 -0.10039 -0.33487 -0.11124 0.11084 -0.27377 -0.41169 0.11788 -0.15559 -0.45658 -0.60504 0.12462 0.00879
0.47156 -0.67681 1.65659 -0.13481 -0.55238 1.6675 0.09029 -0.35314 -0.20753 -0.10051 -0.33491 -0.11100 0.11105 -0.27296 -0.41150 0.11711 -0.15492 -0.45530 -0.60637 0.12443 0.01091
0.46956 -0.67703 1.6594 -0.13543 -0.55228 1.66819 0.09026 -0.35390 -0.20900 -0.10057 -0.33485 -0.11093 0.10900 -0.27234 -0.40782 0.11654 -0.15473 -0.45515 -0.60499 0.12475 0.00879
0.4708 -0.67777 1.66086 -0.13509 -0.55282 1.66873 0.08986 -0.35387 -0.20949 -0.10060 -0.33476 -0.11086 0.11044 -0.27301 -0.40636 0.11688 -0.15525 -0.45492 -0.60589 0.12495 0.00787
0.48515 -0.70248 1.72183 -0.14021 -0.57124 1.7238 0.09236 -0.36539 -0.21596 -0.10387 -0.34555 -0.11441 0.11339 -0.28445 -0.41374 0.12000 -0.16073 -0.46967 -0.62536 0.13124 0.00197
0.4727 -0.68171 1.67214 -0.13691 -0.55437 1.6771 0.08875 -0.35439 -0.20900 -0.10154 -0.33677 -0.10989 0.11207 -0.27609 -0.40634 0.11673 -0.15423 -0.45786 -0.60961 0.12734 0.00496
0.47227 -0.68191 1.67067 -0.13617 -0.55597 1.67603 0.08831 -0.35383 -0.20864 -0.10156 -0.33661 -0.10969 0.11209 -0.27671 -0.40753 0.11743 -0.15595 -0.45849 -0.60844 0.12594 0.00536
0.47263 -0.68303 1.67274 -0.13688 -0.5579 1.67553 0.08828 -0.35492 -0.20982 -0.10040 -0.32990 -0.10513 0.11200 -0.27657 -0.40792 0.11701 -0.15737 -0.46231 -0.60951 0.12513 0.00279
0.47256 -0.68274 1.67336 -0.13675 -0.55907 1.67484 0.08805 -0.35490 -0.21033 -0.10091 -0.33071 -0.10419 0.11207 -0.27633 -0.40630 0.11742 -0.15822 -0.46348 -0.60931 0.12367 0.00148
0.48008 -0.69341 1.6992 -0.13945 -0.56441 1.69934 0.08815 -0.38645 -0.22968 -0.10227 -0.33538 -0.10574 0.11574 -0.25468 -0.39205 0.11805 -0.15827 -0.46767 -0.61953 0.12900 0.00014
0.47511 -0.68189 1.66247 -0.13743 -0.55672 1.67476 0.08732 -0.37308 -0.22371 -0.10022 -0.33024 -0.10499 0.11536 -0.25722 -0.40227 0.11570 -0.15707 -0.46126 -0.61254 0.12517 0.01229
0.4768 -0.68349 1.65753 -0.13818 -0.55865 1.67331 0.08787 -0.36927 -0.22246 -0.10026 -0.33062 -0.10531 0.11639 -0.26256 -0.40898 0.11494 -0.15889 -0.46305 -0.61498 0.12484 0.01578
0.47538 -0.6827 1.66 -0.13564 -0.55638 1.67751 0.08747 -0.36518 -0.21855 -0.10025 -0.33072 -0.10544 0.11535 -0.26579 -0.41019 0.11740 -0.15671 -0.45855 -0.61102 0.12632 0.01751
0.47325 -0.68063 1.65713 -0.13736 -0.55656 1.67191 0.08539 -0.36409 -0.22217 -0.10002 -0.33026 -0.10541 0.11379 -0.26537 -0.40867 0.11504 -0.15776 -0.45940 -0.61061 0.12407 0.01478
0.47476 -0.68183 1.65708 -0.13619 -0.55554 1.67416 0.08550 -0.36269 -0.22186 -0.10012 -0.33070 -0.10572 0.11494 -0.26791 -0.41108 0.11638 -0.15641 -0.45901 -0.61095 0.12629 0.01708
0.47547 -0.68254 1.65714 -0.13842 -0.55678 1.67281 0.08583 -0.36226 -0.22165 -0.10022 -0.33107 -0.10591 0.11538 -0.26894 -0.41167 0.11421 -0.15753 -0.46094 -0.61389 0.12576 0.01567
0.48527 -0.69916 1.70272 -0.14051 -0.57035 1.70992 0.08681 -0.37067 -0.22820 -0.10240 -0.33870 -0.10859 0.11703 -0.27629 -0.41268 0.11770 -0.16209 -0.47167 -0.62578 0.12881 0.00720
0.474 -0.68219 1.65941 -0.13154 -0.55687 1.67604 0.08412 -0.36079 -0.22279 -0.09939 -0.32696 -0.10450 0.11436 -0.27018 -0.40771 0.12061 -0.15816 -0.45480 -0.60554 0.12532 0.01663
0.47344 -0.68159 1.66152 -0.13377 -0.55614 1.67548 0.08437 -0.36086 -0.22273 -0.09914 -0.32538 -0.10396 0.11353 -0.26941 -0.40698 0.11855 -0.15716 -0.45679 -0.60721 0.12545 0.01396
0.48451 -0.69923 1.709 -0.13725 -0.57149 1.71613 0.08670 -0.36970 -0.22804 -0.10174 -0.33450 -0.10708 0.11555 -0.27692 -0.41108 0.12136 -0.16253 -0.46935 -0.62176 0.12774 0.00713
0.47087 -0.68125 1.66879 -0.13386 -0.55727 1.67691 0.08489 -0.36113 -0.22267 -0.09945 -0.32770 -0.10535 0.11037 -0.26861 -0.40258 0.11874 -0.15757 -0.45830 -0.60473 0.12398 0.00812
0.47191 -0.68124 1.66663 -0.13506 -0.55622 1.67774 0.08495 -0.36108 -0.22263 -0.09960 -0.32843 -0.10575 0.11139 -0.26866 -0.40462 0.11752 -0.15653 -0.45741 -0.60697 0.12502 0.01111
0.48472 -0.70122 1.71408 -0.13737 -0.56958 1.71867 0.08720 -0.36934 -0.22772 -0.10167 -0.33362 -0.10693 0.11544 -0.27907 -0.40778 0.12136 -0.16004 -0.46865 -0.62209 0.13164 0.00459
]
