classifier_Monkey_bumps_into_fence_25174 [ 0.55586 -0.73067 1.93333 -0.18522 -0.58929 1.8512 0.05861 -0.36326 0.06116 -0.11343 -0.31998 0.05090 0.22321 -0.27588 -0.26238 0.16674 -0.22475 -0.27711 -0.74108 0.14138 -0.08213
0.55861 -0.72629 1.93293 -0.16239 -0.59532 1.81582 0.05919 -0.36262 0.06052 -0.11257 -0.31984 0.05223 0.22585 -0.27243 -0.25894 0.18845 -0.23105 -0.30957 -0.72100 0.13097 -0.11711
0.56416 -0.72852 1.94533 -0.24148 -0.61196 1.89749 0.06042 -0.36336 0.06026 -0.11140 -0.32096 0.05369 0.22942 -0.27379 -0.25281 0.10907 -0.24654 -0.23497 -0.80564 0.11656 -0.04784
0.57086 -0.72655 1.94707 -0.24008 -0.60981 1.88096 0.06128 -0.36157 0.05986 -0.10808 -0.32157 0.05717 0.23657 -0.27404 -0.24280 0.10650 -0.24408 -0.24652 -0.81094 0.11674 -0.06611
0.57822 -0.72926 1.9729 -0.18091 -0.55005 1.92535 0.06221 -0.36249 0.06117 -0.10476 -0.32485 0.06016 0.24215 -0.27548 -0.22885 0.16364 -0.18113 -0.21392 -0.75913 0.17921 -0.04755
0.57068 -0.71416 1.9747 -0.19628 -0.54692 1.83221 0.05914 -0.35342 0.06978 -0.10081 -0.31998 0.06079 0.24279 -0.27095 -0.19946 0.14038 -0.18384 -0.27167 -0.76696 0.16724 -0.14249
0.56192 -0.61918 1.93587 -0.20108 -0.53093 1.81561 0.04801 -0.33948 0.10333 -0.09948 -0.31924 0.06258 0.24608 -0.19009 -0.27007 0.13412 -0.16880 -0.28752 -0.76300 0.08825 -0.12026
0.55781 -0.5597 1.97709 -0.20723 -0.53188 1.83364 0.04685 -0.34208 0.12083 -0.10296 -0.32834 0.06295 0.23486 -0.12541 -0.31862 0.13968 -0.15896 -0.34093 -0.76504 0.02782 -0.14345
0.51895 -0.4692 1.88161 -0.21718 -0.47558 1.77838 0.04362 -0.32171 0.13171 -0.10807 -0.30855 0.06399 0.20692 -0.05854 -0.37256 0.12889 -0.12365 -0.34504 -0.73613 -0.00638 -0.10323
0.45007 -0.37385 1.88766 -0.23408 -0.41073 1.77492 0.04949 -0.30622 0.14269 -0.11900 -0.29946 0.06125 0.12885 0.02132 -0.40862 0.12643 -0.06733 -0.37380 -0.68415 -0.03688 -0.11274
0.3686 -0.25637 1.80071 -0.24224 -0.33375 1.70485 0.06144 -0.31537 0.10781 -0.15377 -0.25684 0.01259 0.04404 0.14407 -0.39379 0.14594 -0.03462 -0.33068 -0.61084 -0.07738 -0.09586
0.31363 -0.22474 1.90955 -0.24184 -0.29637 1.82316 0.11354 -0.30512 -0.01147 -0.18273 -0.26493 -0.07469 -0.08362 0.17037 -0.33779 0.19599 0.01224 -0.29241 -0.55547 -0.07163 -0.08639
0.13965 -0.12098 1.93782 -0.23399 -0.18214 1.82874 0.18629 -0.34173 -0.20598 -0.18528 -0.25894 -0.21737 -0.27957 0.22477 -0.22688 0.21829 0.10186 -0.23130 -0.37364 -0.06116 -0.10908
0.062 -0.07297 1.92232 -0.21836 -0.1395 1.81877 0.12394 -0.25624 -0.32012 -0.17626 -0.25800 -0.31191 -0.29859 0.18723 -0.15582 0.22724 0.14254 -0.17658 -0.28036 -0.06653 -0.10355
0.00211 -0.05132 1.72137 -0.12718 -0.06979 1.66905 0.06688 -0.18405 -0.33248 -0.15815 -0.22574 -0.30446 -0.28504 0.14945 -0.16046 0.28114 0.17880 -0.16950 -0.12929 -0.01847 -0.05232
-0.1496 -0.0438 1.54621 -0.14856 -0.03558 1.53982 0.04998 -0.14524 -0.33966 -0.13158 -0.18111 -0.31100 -0.40705 0.12020 -0.19753 0.21844 0.16934 -0.16875 0.00104 0.00822 -0.00639
-0.1366 -0.02036 1.53113 -0.14593 -0.01597 1.52118 0.05105 -0.12956 -0.35062 -0.12665 -0.16290 -0.31864 -0.39437 0.12901 -0.19217 0.21556 0.17584 -0.17308 -0.00933 0.00439 -0.00995
-0.16905 -0.00814 1.51722 -0.10565 0.02222 1.51834 0.05257 -0.09839 -0.36330 -0.11365 -0.12466 -0.33263 -0.42529 0.11706 -0.17601 0.24087 0.18940 -0.14793 0.06340 0.03036 0.00112
-0.14584 0.01235 1.52548 0.05576 0.04346 1.54854 -0.03624 -0.02041 -0.30900 -0.11715 -0.10317 -0.33453 -0.30695 0.10166 -0.20497 0.40430 0.20592 -0.12036 0.20160 0.03111 0.02306
-0.15444 0.03245 1.77033 -0.23144 0.00013 1.76517 -0.04340 -0.00972 -0.35746 -0.14344 -0.09561 -0.38152 -0.33942 0.13111 -0.22205 0.17425 0.18137 -0.16309 -0.07700 -0.03232 -0.00516
0.15707 0.11338 1.75478 -0.20717 0.02416 1.732 0.17343 -0.05815 -0.29657 -0.15356 -0.06409 -0.35509 -0.23937 0.26085 -0.23079 0.19405 0.19452 -0.15050 -0.36424 -0.08922 -0.02278
0.23145 0.05988 1.72798 -0.21868 0.03734 1.71505 0.22920 -0.08361 -0.23614 -0.16357 -0.05514 -0.31923 -0.21773 0.23223 -0.27399 0.18743 0.19778 -0.15950 -0.45013 -0.02254 -0.01293
0.27521 0.04644 1.59165 -0.245 0.03401 1.58499 0.30253 -0.13047 -0.17864 -0.22404 -0.10317 -0.27290 -0.22916 0.25838 -0.27927 0.20112 0.23342 -0.15068 -0.52021 -0.01243 -0.00666
0.33727 0.03693 1.63279 -0.31357 0.01237 1.62796 0.30092 -0.14324 -0.19622 -0.24187 -0.12361 -0.25541 -0.17423 0.25491 -0.26782 0.15410 0.22933 -0.16373 -0.65084 -0.02456 -0.00483
0.4541 0.00066 1.71217 -0.39912 -0.03614 1.69464 0.27167 -0.14267 -0.07026 -0.30408 -0.24856 -0.13117 -0.03614 0.21623 -0.35920 0.14590 0.27222 -0.28344 -0.85322 -0.03680 -0.01753
0.46359 -0.01174 1.67914 -0.40881 -0.05701 1.6583 0.30591 -0.20692 -0.07711 -0.29565 -0.24514 -0.12886 -0.05731 0.26413 -0.32969 0.12396 0.24346 -0.26869 -0.87240 -0.04527 -0.02084
0.48305 -0.02364 1.70655 -0.43141 -0.06661 1.67666 0.30628 -0.21607 -0.06218 -0.29640 -0.25213 -0.08340 -0.04042 0.26103 -0.32909 0.10336 0.24440 -0.30611 -0.91446 -0.04297 -0.02989
0.48642 -0.03114 1.71064 -0.44251 -0.06069 1.67008 0.30500 -0.22305 -0.05298 -0.29340 -0.25228 -0.07667 -0.03557 0.25974 -0.32491 0.09140 0.24736 -0.31587 -0.92893 -0.02955 -0.04056
0.48737 -0.03162 1.71895 -0.45603 -0.03071 1.67548 0.30127 -0.23001 -0.04271 -0.29446 -0.24771 -0.08137 -0.03115 0.26580 -0.32574 0.08113 0.27060 -0.30879 -0.94340 0.00091 -0.04347
0.48902 -0.03046 1.74375 -0.47362 0.01587 1.71015 0.30327 -0.24204 -0.02860 -0.29124 -0.16670 -0.13184 -0.03433 0.27947 -0.34054 0.06591 0.23431 -0.25204 -0.96264 0.04633 -0.03360
0.4853 -0.0225 1.75278 -0.47915 0.06513 1.72486 0.30155 -0.24536 -0.02672 -0.29345 -0.15035 -0.13276 -0.03648 0.29060 -0.33438 0.06117 0.27209 -0.23301 -0.96445 0.08763 -0.02792
0.48378 -0.02162 1.75999 -0.4635 0.13862 1.76176 0.29682 -0.25190 -0.01871 -0.29266 -0.13222 -0.15080 -0.03252 0.29766 -0.32768 0.07672 0.32474 -0.17227 -0.94728 0.16024 0.00177
0.4969 -0.02857 1.87374 -0.47959 0.10737 1.85119 0.28252 -0.23963 -0.10539 -0.23543 -0.17111 -0.14682 -0.01450 0.28136 -0.21804 0.01428 0.33362 -0.17657 -0.97649 0.13594 -0.02255
0.49168 -0.0397 1.87785 -0.4677 -0.00071 1.84127 0.28113 -0.24265 -0.10507 -0.21250 -0.22595 -0.11894 -0.01824 0.27318 -0.21374 0.00376 0.27881 -0.21516 -0.95938 0.03899 -0.03658
0.46992 -0.04811 1.8139 -0.44375 -0.10096 1.74129 0.26446 -0.24017 -0.10670 -0.17804 -0.31635 -0.00808 -0.02019 0.25536 -0.20548 -0.01564 0.26588 -0.35361 -0.91367 -0.05285 -0.07261
0.46562 -0.05184 1.82846 -0.44791 -0.15984 1.71774 0.26148 -0.24726 -0.10916 -0.17641 -0.31624 -0.01169 -0.02568 0.25694 -0.20688 -0.01976 0.20713 -0.39054 -0.91353 -0.10800 -0.11072
0.46066 -0.0592 1.8252 -0.44543 -0.16163 1.72384 0.25768 -0.25264 -0.10686 -0.17157 -0.31994 -0.01338 -0.02763 0.25343 -0.20975 -0.02294 0.20858 -0.37970 -0.90609 -0.10243 -0.10136
0.46576 -0.07337 1.84861 -0.45362 -0.14278 1.76029 0.21634 -0.23379 -0.05368 -0.16767 -0.32183 0.00039 0.01399 0.22069 -0.27626 -0.03553 0.23821 -0.38516 -0.91938 -0.06941 -0.08832
0.44966 -0.06513 1.8071 -0.44106 -0.1137 1.72552 0.23852 -0.25472 -0.09312 -0.16378 -0.31196 0.00186 -0.01944 0.24766 -0.22668 -0.03474 0.25859 -0.36672 -0.89072 -0.04857 -0.08158
0.44483 -0.06793 1.79487 -0.43495 -0.0955 1.71362 0.23632 -0.25582 -0.09723 -0.16290 -0.30850 0.00179 -0.02130 0.24390 -0.22197 -0.03240 0.27390 -0.36062 -0.87978 -0.02757 -0.08125
0.44504 -0.0711 1.80073 -0.43419 -0.08843 1.71561 0.24048 -0.25485 -0.09472 -0.16553 -0.30783 -0.00352 -0.02182 0.24378 -0.21999 -0.02901 0.28119 -0.35662 -0.87923 -0.01733 -0.08512
0.44404 -0.06988 1.81839 -0.43302 -0.08609 1.71407 0.24023 -0.25594 -0.09506 -0.16580 -0.31353 -0.00782 -0.02067 0.24865 -0.20043 -0.02632 0.28264 -0.35533 -0.87706 -0.01621 -0.10432
0.44361 -0.06873 1.82946 -0.43272 -0.08563 1.71356 0.23354 -0.26067 -0.09951 -0.16833 -0.31068 -0.00770 -0.01691 0.25430 -0.19096 -0.02426 0.28305 -0.35472 -0.87633 -0.01690 -0.11590
0.42955 -0.06762 1.78036 -0.41979 -0.07883 1.66724 0.22038 -0.25820 -0.09864 -0.16437 -0.30310 -0.01049 -0.01342 0.25131 -0.18845 -0.02103 0.27803 -0.34501 -0.84934 -0.01121 -0.11312
0.42887 -0.07199 1.78356 -0.41991 -0.07746 1.66724 0.21590 -0.26133 -0.09817 -0.16560 -0.30374 -0.01353 -0.01035 0.25064 -0.18819 -0.01958 0.27775 -0.34364 -0.84878 -0.00547 -0.11632
0.43663 -0.08675 1.82576 -0.43473 -0.07228 1.70828 0.18327 -0.25171 -0.05472 -0.17286 -0.30946 -0.02009 0.02388 0.22841 -0.24147 -0.02102 0.28835 -0.34574 -0.87136 0.01447 -0.11748
0.43349 -0.09192 1.81842 -0.44166 -0.06271 1.71247 0.18150 -0.25169 -0.05615 -0.17400 -0.30967 -0.02008 0.02136 0.22336 -0.25225 -0.02630 0.29722 -0.34371 -0.87515 0.02921 -0.10595
0.41005 -0.08606 1.72357 -0.42223 -0.05654 1.63292 0.20062 -0.32556 -0.01290 -0.16836 -0.28862 -0.01828 -0.01126 0.29995 -0.29040 -0.02538 0.28483 -0.32291 -0.83228 0.02952 -0.09065
0.4093 -0.08584 1.72164 -0.42503 -0.05366 1.6419 0.20550 -0.32293 -0.01621 -0.16951 -0.29157 -0.02124 -0.01472 0.29952 -0.29602 -0.02536 0.28837 -0.32284 -0.83433 0.03218 -0.07974
0.40687 -0.08772 1.71138 -0.42672 -0.05451 1.64582 0.20929 -0.32092 -0.01582 -0.17048 -0.29253 -0.02411 -0.01950 0.29705 -0.30983 -0.02499 0.28692 -0.32276 -0.83359 0.03321 -0.06556
0.39932 -0.08966 1.71558 -0.43215 -0.05494 1.66982 0.21808 -0.31128 -0.02986 -0.17537 -0.29092 -0.02193 -0.03768 0.28745 -0.31950 -0.02372 0.29031 -0.32685 -0.83147 0.03472 -0.04576
0.37472 -0.08669 1.68591 -0.43205 -0.05631 1.67164 0.23339 -0.28875 -0.05172 -0.17529 -0.29366 -0.02366 -0.07683 0.26895 -0.32912 -0.02245 0.28895 -0.32897 -0.80677 0.03038 -0.01427
0.35848 -0.10826 1.68456 -0.43351 -0.05845 1.67862 0.24648 -0.27046 -0.05709 -0.17620 -0.29705 -0.02477 -0.10668 0.22997 -0.33360 -0.02132 0.28829 -0.33210 -0.79199 0.04981 -0.00594
0.35712 -0.18274 1.80793 -0.46555 -0.06416 1.80506 0.26272 -0.21430 -0.14032 -0.18923 -0.32126 -0.02843 -0.14073 0.10457 -0.28413 -0.02174 0.30857 -0.35837 -0.82267 0.11858 -0.00287
0.30614 -0.34185 1.76218 -0.4295 -0.0637 1.68403 0.26302 -0.16517 0.04383 -0.17459 -0.30114 -0.02876 -0.18700 -0.11973 -0.36715 -0.01640 0.28317 -0.32920 -0.73564 0.27815 -0.07815
0.24024 -0.55908 1.86311 -0.41856 -0.06751 1.66206 0.26512 -0.15835 0.02907 -0.17182 -0.29522 -0.02572 -0.25540 -0.35077 -0.22381 -0.01265 0.27884 -0.32261 -0.65880 0.49157 -0.20105
0.22564 -0.55469 1.98386 -0.4258 -0.06931 1.70499 0.27394 -0.16095 0.02344 -0.17404 -0.30220 -0.02631 -0.28623 -0.34714 -0.14359 -0.01272 0.28793 -0.32304 -0.65144 0.48538 -0.27887
0.23558 -0.47446 2.12646 -0.43838 -0.07051 1.75987 0.28596 -0.14767 0.03534 -0.17876 -0.31143 -0.02676 -0.29974 -0.28446 -0.07712 -0.01360 0.29950 -0.32983 -0.67396 0.40395 -0.36659
0.23893 -0.34979 2.13394 -0.44396 -0.07476 1.77694 0.30121 -0.10912 0.10098 -0.17705 -0.32210 -0.02966 -0.31825 -0.20255 -0.15909 -0.01573 0.30173 -0.33687 -0.68289 0.27503 -0.35700
0.2527 -0.23091 2.10279 -0.4452 -0.07562 1.78538 0.29136 -0.09875 0.09550 -0.17635 -0.32579 -0.03085 -0.31039 -0.10084 -0.20420 -0.01596 0.30304 -0.33671 -0.69790 0.15529 -0.31741
0.17022 -0.17102 1.9289 -0.41766 -0.07004 1.67891 0.28166 -0.06249 0.11461 -0.16641 -0.30984 -0.02874 -0.36625 -0.08200 -0.26416 -0.01344 0.28794 -0.31551 -0.58788 0.10098 -0.24999
0.18542 -0.14327 1.88458 -0.40396 -0.06575 1.6272 0.29713 -0.02704 0.19300 -0.16433 -0.29584 -0.02557 -0.35678 -0.09309 -0.32147 -0.01139 0.28189 -0.30378 -0.58938 0.07752 -0.25738
0.21724 -0.11649 1.92561 -0.40709 -0.0643 1.6401 0.29725 -0.00511 0.16100 -0.16669 -0.29642 -0.01997 -0.32866 -0.09143 -0.26897 -0.01188 0.28680 -0.31025 -0.62433 0.05219 -0.28551
0.26663 -0.16405 1.99316 -0.41606 -0.06911 1.67273 0.30646 -0.00714 0.16918 -0.16913 -0.30776 -0.02130 -0.29676 -0.13883 -0.25662 -0.01283 0.28919 -0.31980 -0.68269 0.09494 -0.32043
0.29461 -0.22212 2.09339 -0.43163 -0.07461 1.73513 0.29093 -0.02951 0.13833 -0.17616 -0.31763 -0.00193 -0.26596 -0.17912 -0.21335 -0.01359 0.29984 -0.35214 -0.72624 0.14751 -0.35826
0.27868 -0.24134 2.11778 -0.43063 -0.07943 1.73779 0.28417 -0.03107 0.11011 -0.17518 -0.32085 -0.00487 -0.27624 -0.19735 -0.16840 -0.01146 0.29583 -0.35351 -0.70931 0.16191 -0.37999
0.26194 -0.21273 2.09665 -0.42687 -0.08193 1.73528 0.28297 -0.04039 0.11002 -0.17370 -0.32023 -0.00831 -0.29333 -0.16032 -0.18815 -0.00856 0.29096 -0.34981 -0.68881 0.13080 -0.36137
0.26546 -0.16863 2.09462 -0.42845 -0.0841 1.7556 0.28958 -0.04950 0.11070 -0.17598 -0.31919 -0.02204 -0.29983 -0.10712 -0.21525 -0.00483 0.28616 -0.33898 -0.69391 0.08453 -0.33902
0.27082 -0.01046 1.88533 -0.41871 -0.07678 1.69858 0.28326 -0.09610 0.00481 -0.17311 -0.30343 -0.01893 -0.27463 0.09814 -0.25193 -0.00739 0.28116 -0.33347 -0.68953 -0.06632 -0.18675
0.32081 0.02553 1.94588 -0.43807 -0.07804 1.76236 0.29463 -0.09970 0.00424 -0.18113 -0.31057 -0.01829 -0.24535 0.13905 -0.27486 -0.01047 0.29157 -0.34975 -0.75888 -0.10357 -0.18352
0.32399 0.06685 1.92229 -0.43892 -0.0778 1.75398 0.29218 -0.10760 -0.01380 -0.18132 -0.30743 -0.01656 -0.23908 0.18848 -0.27480 -0.01261 0.28999 -0.35291 -0.76291 -0.14465 -0.16831
0.33308 0.09933 1.90853 -0.43851 -0.07484 1.74859 0.28441 -0.12011 -0.06183 -0.18108 -0.30298 -0.01698 -0.22194 0.23367 -0.23807 -0.01345 0.28993 -0.35466 -0.77159 -0.17417 -0.15994
0.34157 0.11984 1.86819 -0.4292 -0.06069 1.72218 0.24140 -0.14990 -0.18366 -0.17869 -0.29593 -0.01644 -0.16654 0.28448 -0.12718 -0.01026 0.29683 -0.35325 -0.77077 -0.18053 -0.14601
0.34407 0.10902 1.86743 -0.43149 -0.05107 1.72428 0.23856 -0.15744 -0.18519 -0.17934 -0.29136 -0.02064 -0.16224 0.28222 -0.13760 -0.01096 0.30282 -0.35834 -0.77556 -0.16009 -0.14315
0.35146 0.05599 1.85626 -0.43259 -0.04589 1.73943 0.19475 -0.22983 -0.11590 -0.17928 -0.29915 -0.02297 -0.11304 0.30312 -0.23517 -0.00874 0.31013 -0.35959 -0.78405 -0.10188 -0.11683
0.32816 0.02684 1.71095 -0.40076 -0.04127 1.61374 0.21711 -0.31193 -0.07750 -0.16512 -0.28049 -0.02481 -0.13894 0.35645 -0.25975 -0.00733 0.28765 -0.33280 -0.72892 -0.06811 -0.09721
0.33041 0.00745 1.7076 -0.40154 -0.04347 1.61652 0.21665 -0.31194 -0.07679 -0.16556 -0.28226 -0.02683 -0.13637 0.33896 -0.26864 -0.00660 0.28564 -0.33392 -0.73195 -0.05092 -0.09108
0.33003 -0.00364 1.70726 -0.40092 -0.03884 1.61558 0.21175 -0.31561 -0.07021 -0.16586 -0.28313 -0.02837 -0.13127 0.33305 -0.27454 -0.00519 0.28985 -0.33307 -0.73095 -0.03520 -0.09168
0.33036 -0.00157 1.71015 -0.40123 -0.03815 1.61734 0.21013 -0.31631 -0.07043 -0.16641 -0.28357 -0.02991 -0.12905 0.33665 -0.27184 -0.00435 0.28981 -0.33064 -0.73159 -0.03658 -0.09281
0.32826 0.01036 1.72099 -0.40283 -0.03388 1.62628 0.20843 -0.31615 -0.06830 -0.16854 -0.28667 -0.03498 -0.12969 0.34884 -0.26762 -0.00239 0.29618 -0.32182 -0.73109 -0.04424 -0.09471
0.32596 0.00743 1.71962 -0.40195 -0.03432 1.62634 0.20807 -0.31558 -0.06827 -0.16868 -0.28767 -0.03903 -0.13107 0.34579 -0.26742 -0.00038 0.29583 -0.31724 -0.72791 -0.04175 -0.09328
0.32251 0.00362 1.72095 -0.40154 -0.03465 1.63148 0.20654 -0.31626 -0.06770 -0.16871 -0.28892 -0.04079 -0.13292 0.34309 -0.27043 0.00162 0.29627 -0.31494 -0.72405 -0.03827 -0.08947
0.31664 -0.00191 1.7207 -0.40122 -0.03694 1.63579 0.20146 -0.31875 -0.07396 -0.17095 -0.28340 -0.03967 -0.13383 0.34032 -0.26843 0.00374 0.29530 -0.31366 -0.71786 -0.03503 -0.08491
0.3053 -0.00803 1.7106 -0.40113 -0.03959 1.63197 0.19337 -0.32297 -0.07606 -0.16733 -0.28632 -0.04251 -0.13547 0.33873 -0.26981 0.00343 0.29256 -0.31204 -0.70643 -0.03156 -0.07863
0.27196 -0.01484 1.71156 -0.40944 -0.04347 1.65372 0.15125 -0.34305 -0.11339 -0.16659 -0.29158 -0.04582 -0.12693 0.35293 -0.25551 0.00132 0.29458 -0.31604 -0.68140 -0.02863 -0.05784
0.24372 -0.01879 1.70874 -0.41402 -0.0452 1.66454 0.16258 -0.34386 -0.10640 -0.16474 -0.29560 -0.05048 -0.14803 0.35605 -0.26202 0.00049 0.29765 -0.31815 -0.65774 -0.02641 -0.04420
0.21088 -0.02503 1.761 -0.42947 -0.04792 1.7309 0.11136 -0.29299 -0.21675 -0.16800 -0.30781 -0.05499 -0.12176 0.30542 -0.16550 0.00131 0.31040 -0.32736 -0.64035 -0.02289 -0.03010
0.14697 -0.00936 1.71629 -0.4209 -0.04978 1.70781 0.09438 -0.26840 -0.22288 -0.16328 -0.30538 -0.05842 -0.15549 0.30613 -0.15633 0.00423 0.30625 -0.31933 -0.56787 -0.04042 -0.00848
-0.10236 0.01596 1.69121 -0.40957 -0.04872 1.7328 -0.07109 -0.21660 -0.26962 -0.16809 -0.31318 -0.04131 -0.23973 0.27904 -0.16317 0.01979 0.32733 -0.33801 -0.30721 -0.06468 0.04159
-0.33063 -0.04685 1.71204 -0.33313 -0.04221 1.71991 -0.16003 -0.19718 -0.28254 -0.18064 -0.30311 -0.12774 -0.37701 0.19495 -0.14395 0.10741 0.32397 -0.28191 -0.00250 0.00464 0.00787
-0.34036 -0.03968 1.66037 -0.3454 -0.03819 1.66095 -0.15201 -0.19213 -0.26938 -0.14678 -0.29925 -0.08808 -0.38552 0.19403 -0.13546 0.05233 0.31944 -0.31098 -0.00504 0.00149 0.00058
-0.34846 -0.0231 1.66477 -0.35463 -0.02351 1.67498 -0.14819 -0.19269 -0.26566 -0.15312 -0.30035 -0.09704 -0.39596 0.21031 -0.13393 0.04942 0.33395 -0.28951 -0.00617 -0.00041 0.01021
-0.23816 0.03999 1.66165 -0.41049 -0.02579 1.68882 -0.12425 -0.19257 -0.26484 -0.15559 -0.29010 -0.08746 -0.30866 0.27287 -0.13392 -0.00195 0.32702 -0.28056 -0.17233 -0.06578 0.02717
-0.14629 0.03884 1.72964 -0.43233 -0.02238 1.763 -0.10612 -0.19325 -0.27783 -0.16683 -0.30126 -0.08424 -0.24305 0.27382 -0.14130 -0.00064 0.34508 -0.29800 -0.28604 -0.06122 0.03336
-0.10189 0.06674 1.69008 -0.43002 -0.0229 1.73357 -0.09869 -0.18033 -0.32687 -0.16722 -0.29524 -0.08186 -0.20261 0.28743 -0.09724 -0.00186 0.33733 -0.29533 -0.32813 -0.08964 0.04349
-0.06953 0.08758 1.67957 -0.4304 -0.02046 1.7336 -0.09453 -0.18059 -0.32994 -0.16917 -0.29635 -0.07897 -0.17398 0.30749 -0.10240 0.00033 0.33993 -0.29625 -0.36087 -0.10804 0.05403
-0.05431 0.09496 1.70655 -0.43394 -0.02054 1.75887 -0.07307 -0.17246 -0.32171 -0.17316 -0.30088 -0.07768 -0.18265 0.30606 -0.11160 0.00479 0.34450 -0.30043 -0.37963 -0.11550 0.05232
-0.05302 0.09189 1.73217 -0.43058 -0.02071 1.76551 -0.05806 -0.17385 -0.31441 -0.17579 -0.30398 -0.07451 -0.19804 0.30257 -0.10743 0.01247 0.34710 -0.30944 -0.37756 -0.11260 0.03334
-0.05639 0.08834 1.7407 -0.43127 -0.02034 1.76501 -0.05522 -0.17603 -0.31379 -0.17621 -0.30509 -0.07501 -0.20500 0.30034 -0.10500 0.01290 0.34825 -0.31421 -0.37488 -0.10868 0.02431
-0.05908 0.08349 1.74055 -0.42523 -0.01819 1.76963 -0.05681 -0.17893 -0.31929 -0.17577 -0.30477 -0.07468 -0.20582 0.29783 -0.09382 0.01778 0.34937 -0.30398 -0.36615 -0.10168 0.02908
-0.06183 0.07994 1.74512 -0.42528 -0.01984 1.76947 -0.05442 -0.18120 -0.31395 -0.17550 -0.30582 -0.07119 -0.21159 0.29638 -0.09978 0.01802 0.34855 -0.31273 -0.36345 -0.09978 0.02435
-0.06397 0.07656 1.7448 -0.4256 -0.02052 1.77123 -0.05376 -0.18315 -0.31173 -0.17591 -0.30656 -0.07140 -0.21481 0.29489 -0.10478 0.01826 0.34833 -0.31324 -0.36163 -0.09708 0.02643
-0.06568 0.0742 1.74531 -0.42606 -0.02057 1.77484 -0.05339 -0.18502 -0.30952 -0.17628 -0.30708 -0.07090 -0.21743 0.29442 -0.10954 0.01841 0.34862 -0.31318 -0.36038 -0.09477 0.02953
-0.06864 0.0706 1.74397 -0.42649 -0.01916 1.77717 -0.05308 -0.18661 -0.30869 -0.17671 -0.30717 -0.07097 -0.22106 0.29241 -0.11323 0.01848 0.34992 -0.31230 -0.35785 -0.08976 0.03320
-0.07062 0.06583 1.74361 -0.42799 -0.01755 1.77677 -0.05316 -0.18794 -0.30801 -0.17697 -0.30708 -0.07069 -0.22333 0.28900 -0.11534 0.01733 0.35136 -0.31410 -0.35737 -0.08338 0.03316
-0.07367 0.05889 1.74172 -0.42867 -0.01848 1.77464 -0.05314 -0.18999 -0.30695 -0.17715 -0.30742 -0.07038 -0.22664 0.28423 -0.11803 0.01674 0.35054 -0.31645 -0.35500 -0.07737 0.03292
-0.0761 0.04761 1.73483 -0.42645 -0.01825 1.76948 -0.05260 -0.19256 -0.30341 -0.17627 -0.30755 -0.06853 -0.22881 0.27556 -0.11689 0.01660 0.35039 -0.31223 -0.35035 -0.06586 0.03465
-0.07938 0.03197 1.73214 -0.42394 -0.0215 1.7662 -0.04614 -0.20469 -0.29228 -0.17371 -0.30853 -0.06400 -0.23845 0.27238 -0.12477 0.01568 0.34778 -0.31460 -0.34456 -0.05347 0.03406
-0.08283 -0.00523 1.81839 -0.43995 -0.02961 1.85278 -0.04277 -0.22342 -0.29584 -0.17427 -0.26777 -0.10064 -0.25577 0.25622 -0.14074 0.01329 0.30187 -0.29733 -0.35712 -0.02438 0.03439
-0.07538 -0.05385 1.72969 -0.40716 -0.04416 1.76649 -0.01133 -0.24569 -0.24447 -0.15966 -0.33128 -0.05487 -0.26966 0.22898 -0.16891 0.01766 0.34758 -0.31807 -0.33178 0.00969 0.03680
-0.07912 -0.11563 1.81731 -0.40653 -0.07884 1.86573 -0.00191 -0.26873 -0.23487 -0.15188 -0.29014 -0.12088 -0.29410 0.19454 -0.19934 0.02408 0.27484 -0.26211 -0.32741 0.03679 0.04842
-0.07657 -0.16755 1.64866 -0.34632 -0.10821 1.69166 0.05253 -0.31292 -0.19778 -0.13953 -0.34065 -0.02591 -0.32769 0.18607 -0.20020 0.04653 0.28988 -0.32773 -0.26975 0.05934 0.04300
-0.06201 -0.26522 1.74304 -0.33615 -0.1673 1.76497 0.06735 -0.31338 -0.11138 -0.14569 -0.36228 -0.02416 -0.34021 0.09266 -0.30379 0.07566 0.25414 -0.36823 -0.27414 0.09792 0.02193
-0.0467 -0.35072 1.72681 -0.30057 -0.23368 1.71965 0.08509 -0.34541 -0.10808 -0.12710 -0.28410 -0.00345 -0.34168 0.04032 -0.29869 0.08945 0.10868 -0.40998 -0.25387 0.11704 -0.00716
-0.00901 -0.41511 1.68569 -0.25564 -0.306 1.65094 0.04654 -0.39743 -0.09283 -0.13173 -0.26411 0.02749 -0.25776 0.02658 -0.27026 0.12861 0.01421 -0.42478 -0.24663 0.10911 -0.03475
0.03994 -0.51416 1.71651 -0.22154 -0.38748 1.67869 0.11353 -0.38759 0.01664 -0.09570 -0.28462 0.03441 -0.27614 -0.08192 -0.34761 0.12654 -0.04682 -0.40254 -0.26148 0.12668 -0.03782
0.06531 -0.55479 1.78506 -0.19466 -0.49871 1.78959 0.11496 -0.40397 0.00684 -0.08311 -0.30261 0.05648 -0.26019 -0.10420 -0.34658 0.15032 -0.13800 -0.39081 -0.25997 0.05608 0.00453
0.10192 -0.62353 1.86606 -0.17468 -0.58971 1.86991 0.07962 -0.38570 0.04285 -0.08522 -0.31356 0.05840 -0.19972 -0.18686 -0.37570 0.18158 -0.21603 -0.38814 -0.27660 0.03382 0.00385
0.11829 -0.63332 1.87596 -0.15497 -0.63535 1.86856 0.08071 -0.38380 0.05412 -0.08264 -0.31837 0.06102 -0.18448 -0.19850 -0.37414 0.19772 -0.25704 -0.38807 -0.27326 -0.00203 -0.00740
0.12485 -0.63226 1.89656 -0.15229 -0.64346 1.87716 0.08647 -0.37059 0.07152 -0.08179 -0.32331 0.06404 -0.18543 -0.21035 -0.38366 0.20004 -0.26011 -0.39350 -0.27714 -0.01120 -0.01940
0.14929 -0.60463 1.81127 -0.1509 -0.61269 1.81175 0.08742 -0.34600 0.08841 -0.07912 -0.31233 0.06361 -0.15445 -0.20910 -0.40535 0.18761 -0.24297 -0.37620 -0.30019 -0.00806 0.00048
0.16607 -0.60656 1.8143 -0.1523 -0.61283 1.80352 0.08806 -0.34322 0.11420 -0.08007 -0.31377 0.06415 -0.13936 -0.21375 -0.42892 0.18587 -0.24318 -0.38354 -0.31837 -0.00627 -0.01078
0.19504 -0.61409 1.81362 -0.16199 -0.60552 1.80506 0.07719 -0.34155 0.11395 -0.08126 -0.31269 0.06221 -0.10824 -0.21970 -0.42432 0.17482 -0.23755 -0.37219 -0.35703 0.00857 -0.00856
0.2267 -0.62406 1.83722 -0.16293 -0.60768 1.8125 0.07407 -0.35171 0.11247 -0.08387 -0.31221 0.05790 -0.07432 -0.21940 -0.40806 0.17538 -0.24020 -0.36625 -0.38963 0.01638 -0.02472
0.30833 -0.62345 1.89648 -0.16777 -0.61417 1.83899 0.06925 -0.36407 0.10811 -0.08840 -0.31682 0.05698 0.00896 -0.20547 -0.37185 0.17411 -0.24286 -0.36130 -0.47610 0.00928 -0.05749
0.36863 -0.62866 1.94059 -0.16965 -0.62216 1.86626 0.06530 -0.38627 0.10908 -0.09135 -0.32065 0.05628 0.06943 -0.18733 -0.36161 0.17730 -0.24630 -0.36293 -0.53828 0.00650 -0.07433
0.42318 -0.61183 1.89019 -0.16627 -0.60312 1.81 0.06440 -0.38041 0.11082 -0.08973 -0.31028 0.05329 0.13128 -0.17740 -0.34776 0.16964 -0.23936 -0.34801 -0.58945 0.00871 -0.08019
0.45498 -0.62185 1.94373 -0.16941 -0.61039 1.83353 0.06595 -0.38608 0.11074 -0.09259 -0.31420 0.05446 0.15741 -0.18034 -0.32352 0.17053 -0.24226 -0.35129 -0.62439 0.01146 -0.11020
0.45509 -0.63427 1.99045 -0.16957 -0.61205 1.8394 0.07093 -0.39004 0.11152 -0.09431 -0.31486 0.05360 0.15069 -0.18818 -0.28433 0.17082 -0.24337 -0.34872 -0.62466 0.02222 -0.15105
0.483 -0.65595 2.00491 -0.16933 -0.61089 1.84274 0.07678 -0.39320 0.10997 -0.09556 -0.31529 0.05300 0.17057 -0.20576 -0.27012 0.16976 -0.24197 -0.34300 -0.65233 0.04506 -0.16217
0.54586 -0.70675 2.01156 -0.17002 -0.6107 1.84126 0.07489 -0.38580 0.10265 -0.10748 -0.31996 0.05555 0.22538 -0.25887 -0.25889 0.16731 -0.24215 -0.33877 -0.71588 0.09605 -0.17030
0.54597 -0.70385 1.98111 -0.16637 -0.60336 1.81753 0.07683 -0.37988 0.10175 -0.10504 -0.31601 0.05178 0.22211 -0.26066 -0.26447 0.16569 -0.23934 -0.33261 -0.71234 0.10049 -0.16358
0.56019 -0.71669 1.94736 -0.16207 -0.60456 1.8101 0.07870 -0.38321 0.09571 -0.10390 -0.31586 0.04878 0.22950 -0.26828 -0.29444 0.16849 -0.24079 -0.33711 -0.72226 0.11213 -0.13726
0.55874 -0.71485 1.92697 -0.15635 -0.60009 1.78924 0.07975 -0.38190 0.09044 -0.10234 -0.31260 0.04598 0.22618 -0.26716 -0.29254 0.17041 -0.24004 -0.33749 -0.71509 0.11476 -0.13773
0.55629 -0.71487 1.92471 -0.15714 -0.59938 1.78922 0.08009 -0.38413 0.08723 -0.10214 -0.31093 0.04396 0.22113 -0.26389 -0.29144 0.16849 -0.24117 -0.33396 -0.71343 0.11549 -0.13549
0.55655 -0.7165 1.92755 -0.15531 -0.6011 1.78749 0.08085 -0.38523 0.08273 -0.10233 -0.31081 0.04411 0.21854 -0.26348 -0.28701 0.17017 -0.24310 -0.33783 -0.71186 0.11540 -0.14006
0.55396 -0.71614 1.9233 -0.15143 -0.60172 1.78441 0.08142 -0.38565 0.08291 -0.10222 -0.31037 0.04479 0.21387 -0.26231 -0.29153 0.17301 -0.24429 -0.34109 -0.70539 0.11442 -0.13889
0.55407 -0.7165 1.92137 -0.15105 -0.60229 1.78404 0.08217 -0.38675 0.08219 -0.10138 -0.31021 0.04686 0.21160 -0.26100 -0.29409 0.17187 -0.24528 -0.34440 -0.70512 0.11421 -0.13733
0.55228 -0.71557 1.91619 -0.14816 -0.60298 1.78235 0.08240 -0.38715 0.07717 -0.09983 -0.31119 0.04892 0.20774 -0.25894 -0.29636 0.17209 -0.24488 -0.34958 -0.70044 0.11259 -0.13384
0.55409 -0.71476 1.91507 -0.14717 -0.60324 1.78045 0.08144 -0.38668 0.07646 -0.09885 -0.31119 0.05047 0.20934 -0.25796 -0.29572 0.17096 -0.24511 -0.35142 -0.70126 0.11152 -0.13462
0.55072 -0.71336 1.91505 -0.14453 -0.60343 1.77876 0.08047 -0.38664 0.07339 -0.09818 -0.31136 0.05213 0.20584 -0.25585 -0.29191 0.17205 -0.24513 -0.35350 -0.69525 0.10993 -0.13629
0.56015 -0.71394 1.90811 -0.14417 -0.60208 1.77606 0.05602 -0.37420 0.06335 -0.11779 -0.31726 0.05694 0.21580 -0.25666 -0.29457 0.17132 -0.24430 -0.35272 -0.70432 0.11186 -0.13205
0.55227 -0.71254 1.91246 -0.14421 -0.60173 1.788 0.06076 -0.37887 0.06254 -0.11495 -0.31603 0.05659 0.20738 -0.25246 -0.29080 0.17128 -0.24376 -0.34401 -0.69648 0.11081 -0.12446
0.55304 -0.71285 1.91255 -0.14336 -0.60218 1.78895 0.06295 -0.38030 0.06238 -0.11304 -0.31523 0.05667 0.20816 -0.25248 -0.29101 0.17195 -0.24418 -0.34450 -0.69640 0.11067 -0.12360
0.55635 -0.71303 1.90813 -0.14208 -0.6018 1.78798 0.06359 -0.38290 0.06259 -0.11137 -0.31432 0.05650 0.21237 -0.25066 -0.29508 0.17297 -0.24398 -0.34534 -0.69843 0.11123 -0.12015
0.55444 -0.71382 1.90735 -0.14169 -0.60185 1.78792 0.06450 -0.38460 0.06193 -0.10993 -0.31373 0.05608 0.21084 -0.25016 -0.29537 0.17320 -0.24402 -0.34541 -0.69613 0.11197 -0.11943
0.55375 -0.71224 1.90705 -0.14134 -0.6026 1.78754 0.06568 -0.38582 0.06176 -0.10888 -0.31343 0.05583 0.21019 -0.24784 -0.29616 0.17367 -0.24450 -0.34677 -0.69509 0.10964 -0.11951
0.55599 -0.7129 1.90639 -0.14109 -0.60211 1.78628 0.06613 -0.38726 0.06208 -0.10794 -0.31327 0.05610 0.21325 -0.24748 -0.29566 0.17370 -0.24396 -0.34722 -0.69708 0.11079 -0.12011
]
