classifier_Car_weaves_and_bumps_into_house_24470 [ 0.54516 -0.61324 1.63511 -0.40836 -0.64788 1.85464 0.14868 -0.36138 0.04276 -0.09218 -0.40966 0.00649 0.18214 -0.26790 -0.29951 -0.07980 -0.30137 -0.10908 -0.95352 -0.03464 0.21953
0.5459 -0.61259 1.63388 -0.40827 -0.64704 1.85284 0.14870 -0.36134 0.04264 -0.09217 -0.40969 0.00646 0.18286 -0.26729 -0.30062 -0.07970 -0.30052 -0.11091 -0.95417 -0.03445 0.21896
0.54554 -0.61253 1.63261 -0.41278 -0.65648 1.85181 0.14852 -0.36120 0.04263 -0.09179 -0.40987 0.00594 0.18273 -0.26738 -0.30167 -0.08460 -0.30978 -0.11121 -0.95832 -0.04395 0.21920
0.54486 -0.61285 1.63448 -0.40988 -0.65324 1.83991 0.14850 -0.36067 0.04285 -0.09150 -0.41037 0.00551 0.18217 -0.26825 -0.29950 -0.08202 -0.30608 -0.12225 -0.95474 -0.04039 0.20543
0.5451 -0.61252 1.63308 -0.4133 -0.65941 1.84035 0.14855 -0.36043 0.04269 -0.09154 -0.41034 0.00568 0.18239 -0.26818 -0.30102 -0.08535 -0.31229 -0.12233 -0.95840 -0.04689 0.20727
0.5457 -0.61263 1.6344 -0.4222 -0.68248 1.84338 0.14869 -0.35983 0.04170 -0.09136 -0.41036 0.00576 0.18285 -0.26896 -0.29989 -0.09423 -0.33533 -0.12077 -0.96790 -0.06985 0.20898
0.54403 -0.61333 1.63528 -0.43017 -0.70353 1.83735 0.14878 -0.35980 0.04169 -0.09106 -0.41019 0.00612 0.18117 -0.26976 -0.29919 -0.10242 -0.35652 -0.12741 -0.97420 -0.09020 0.20207
0.53947 -0.60673 1.62038 -0.41008 -0.66494 1.71708 0.14815 -0.35677 0.04124 -0.09218 -0.40687 0.01039 0.17942 -0.26616 -0.29622 -0.08327 -0.32062 -0.23408 -0.94955 -0.05821 0.09670
0.53837 -0.60109 1.61276 -0.40899 -0.65944 1.68296 0.14802 -0.35587 0.04114 -0.09365 -0.40578 0.01369 0.17915 -0.26159 -0.29895 -0.08114 -0.31598 -0.26672 -0.94736 -0.05835 0.07020
0.53582 -0.60015 1.61926 -0.40763 -0.63961 1.67016 0.14887 -0.35747 0.04119 -0.09577 -0.40865 0.01639 0.17498 -0.25925 -0.30059 -0.07644 -0.29341 -0.29069 -0.94345 -0.03946 0.05090
0.54081 -0.59797 1.62409 -0.40983 -0.6301 1.64463 0.14869 -0.35695 0.04184 -0.09691 -0.41044 0.01858 0.17946 -0.25785 -0.30585 -0.07613 -0.28238 -0.32837 -0.95064 -0.03213 0.02054
0.54293 -0.60022 1.63606 -0.4075 -0.60423 1.61616 0.14817 -0.35593 0.04612 -0.09953 -0.40558 0.02127 0.18163 -0.26137 -0.30466 -0.07024 -0.26145 -0.36634 -0.95043 -0.00401 -0.01990
0.53014 -0.5758 1.62366 -0.4091 -0.57313 1.58902 0.14674 -0.35410 0.04772 -0.10111 -0.40207 0.02116 0.17041 -0.23924 -0.32263 -0.06947 -0.23406 -0.39782 -0.93924 0.00267 -0.03464
0.48332 -0.52504 1.53351 -0.38847 -0.52602 1.46121 0.13686 -0.33158 0.04415 -0.09748 -0.37453 0.01887 0.14361 -0.21037 -0.32078 -0.06338 -0.21149 -0.43192 -0.87179 -0.00098 -0.07230
0.49542 -0.48976 1.58924 -0.40295 -0.51523 1.53628 0.14425 -0.34829 0.04761 -0.10693 -0.38769 0.01583 0.13584 -0.16000 -0.38468 -0.05334 -0.19106 -0.47426 -0.89837 -0.02547 -0.05296
0.45713 -0.39672 1.45502 -0.37522 -0.44931 1.43212 0.13652 -0.32503 0.04221 -0.10563 -0.35891 0.01007 0.11590 -0.08975 -0.42380 -0.03775 -0.15067 -0.48007 -0.83235 -0.05259 -0.02290
0.43651 -0.3624 1.42451 -0.36049 -0.41478 1.40502 0.13629 -0.31968 0.04026 -0.11085 -0.35511 0.00541 0.09526 -0.06117 -0.46040 -0.01640 -0.12016 -0.51133 -0.79700 -0.05238 -0.01949
0.41356 -0.332 1.42115 -0.34022 -0.38218 1.4039 0.13844 -0.31107 0.02707 -0.11596 -0.35212 0.00103 0.06775 -0.03992 -0.47594 0.01253 -0.09131 -0.53455 -0.75378 -0.05018 -0.01725
0.33135 -0.24375 1.34427 -0.28899 -0.26982 1.31741 0.14703 -0.27256 0.04075 -0.12021 -0.29297 -0.01953 -0.01661 0.01003 -0.51255 0.06187 -0.03642 -0.54471 -0.62034 -0.02607 -0.02686
0.23925 -0.1195 1.50045 -0.22033 -0.15034 1.45421 0.21833 -0.27187 -0.11188 -0.18534 -0.26719 -0.16215 -0.18665 0.12203 -0.42781 0.22387 0.05363 -0.49053 -0.45958 -0.03084 -0.04624
0.19397 -0.06563 1.50281 -0.17893 -0.11164 1.47667 0.18512 -0.23459 -0.21183 -0.17899 -0.25526 -0.19014 -0.19800 0.13502 -0.32952 0.25820 0.07679 -0.44299 -0.37290 -0.04601 -0.02614
0.14367 -0.01625 1.44496 -0.15828 -0.07156 1.45869 0.16424 -0.22809 -0.27297 -0.15324 -0.23839 -0.27813 -0.21937 0.17864 -0.24559 0.24018 0.09066 -0.29349 -0.30195 -0.05531 0.01373
0.10815 0.0192 1.42093 -0.12591 -0.02599 1.42074 0.14936 -0.20012 -0.27730 -0.13059 -0.22761 -0.35125 -0.23921 0.18833 -0.22577 0.24515 0.11840 -0.22113 -0.23406 -0.04519 -0.00019
0.08343 0.03986 1.37212 -0.08222 0.02314 1.34745 0.17399 -0.18070 -0.27244 -0.20712 -0.24157 -0.26655 -0.28154 0.19237 -0.19944 0.35758 0.17876 -0.30599 -0.16565 -0.01672 -0.02467
-0.04771 0.16044 1.45627 -0.07444 0.16337 1.44682 0.13927 -0.01023 -0.33481 -0.07826 -0.01967 -0.36673 -0.36449 0.22372 -0.14931 0.27449 0.20970 -0.22280 -0.02673 0.00293 -0.00945
-0.03376 0.1931 1.48591 -0.08987 0.19858 1.4677 0.14472 -0.01094 -0.33942 -0.08058 -0.02219 -0.37462 -0.35831 0.25737 -0.14900 0.26739 0.24581 -0.23186 -0.05611 0.00548 -0.01821
0.0656 0.19802 1.50529 -0.15765 0.19536 1.4847 0.15702 -0.01867 -0.33559 -0.09881 -0.03219 -0.35625 -0.27097 0.26400 -0.14507 0.21863 0.25114 -0.24587 -0.22325 -0.00266 -0.02059
0.1348 0.2102 1.49056 -0.23069 0.20196 1.47173 0.20822 -0.08757 -0.29140 -0.16012 -0.10602 -0.31510 -0.25804 0.31771 -0.21097 0.19216 0.31066 -0.28767 -0.36549 -0.00824 -0.01883
0.16348 0.19638 1.45288 -0.25788 0.18557 1.43617 0.19193 -0.10778 -0.28484 -0.18379 -0.17411 -0.25418 -0.21490 0.30378 -0.21642 0.17404 0.34775 -0.33072 -0.42136 -0.01081 -0.01671
0.19585 0.17452 1.45564 -0.28967 0.16438 1.44111 0.20420 -0.13464 -0.26542 -0.18608 -0.18738 -0.24460 -0.19855 0.30532 -0.24484 0.14497 0.33744 -0.34370 -0.48552 -0.01014 -0.01453
0.21488 0.0925 1.36104 -0.3349 0.03214 1.33525 0.21829 -0.22081 -0.11616 -0.17073 -0.22535 -0.17859 -0.18207 0.30921 -0.36188 0.06830 0.24352 -0.38296 -0.54978 -0.06036 -0.02579
0.28441 -0.02162 1.52588 -0.3765 -0.04776 1.49831 0.22731 -0.27636 -0.04561 -0.18355 -0.27191 -0.16528 -0.14144 0.24979 -0.45918 0.06451 0.20729 -0.42993 -0.66091 -0.02614 -0.02757
0.27911 -0.09252 1.4645 -0.35861 -0.11696 1.43152 0.20807 -0.26941 -0.03909 -0.16071 -0.28017 -0.12910 -0.11859 0.17229 -0.42789 0.04749 0.14622 -0.43047 -0.63772 -0.02444 -0.03298
0.27765 -0.16383 1.42316 -0.34461 -0.18161 1.39142 0.20020 -0.26350 -0.00237 -0.12582 -0.30686 -0.01389 -0.10883 0.09451 -0.45630 0.02059 0.10790 -0.53296 -0.62226 -0.01778 -0.03174
0.28079 -0.22498 1.43904 -0.33838 -0.24088 1.40609 0.20950 -0.25838 0.01158 -0.12361 -0.31090 -0.01090 -0.11851 0.02837 -0.47348 0.02762 0.05123 -0.54085 -0.61917 -0.01590 -0.03295
0.27305 -0.29497 1.41905 -0.32 -0.29896 1.40019 0.19223 -0.26966 0.00993 -0.13765 -0.30134 0.01046 -0.11601 -0.03169 -0.49116 0.05948 -0.01723 -0.56012 -0.59305 -0.00399 -0.01886
0.27889 -0.30183 1.44407 -0.31719 -0.27935 1.40214 0.18058 -0.27751 0.01880 -0.13994 -0.29998 0.02027 -0.10351 -0.03088 -0.48478 0.06556 0.00033 -0.57446 -0.59608 0.02248 -0.04193
0.27982 -0.2926 1.4392 -0.31664 -0.2504 1.3956 0.17610 -0.27727 0.02441 -0.13540 -0.29987 0.02152 -0.09806 -0.02202 -0.48567 0.06045 0.02869 -0.57255 -0.59646 0.04220 -0.04360
0.27604 -0.26037 1.41519 -0.30035 -0.13857 1.30255 0.16449 -0.27196 0.03997 -0.13988 -0.27652 -0.11415 -0.08632 0.00495 -0.48058 0.07534 0.11739 -0.48330 -0.57639 0.12180 -0.11264
0.27395 -0.25045 1.41179 -0.29245 -0.10717 1.29205 0.16184 -0.27232 0.04275 -0.13909 -0.27394 -0.12077 -0.08568 0.01519 -0.48413 0.08184 0.14593 -0.48415 -0.56640 0.14328 -0.11974
0.2703 -0.24775 1.40173 -0.28844 -0.08212 1.28774 0.15775 -0.27366 0.04583 -0.16826 -0.25514 -0.12394 -0.08578 0.01926 -0.49648 0.11459 0.15174 -0.48380 -0.55874 0.16563 -0.11399
0.26257 -0.24217 1.37313 -0.28201 -0.05344 1.28526 0.15661 -0.27423 0.04584 -0.20596 -0.20715 -0.15582 -0.09242 0.02533 -0.52477 0.15855 0.13204 -0.45390 -0.54458 0.18873 -0.08787
0.25834 -0.2443 1.38426 -0.27895 -0.02731 1.29066 0.15783 -0.27680 0.04626 -0.20109 -0.19118 -0.18868 -0.09976 0.02565 -0.53096 0.15796 0.14082 -0.43236 -0.53729 0.21699 -0.09360
0.26645 -0.26233 1.45334 -0.28892 -0.0064 1.36533 0.16474 -0.29665 0.04132 -0.20508 -0.16223 -0.24357 -0.11059 0.02700 -0.56890 0.16493 0.12988 -0.41684 -0.55537 0.25593 -0.08801
0.24008 -0.24973 1.34872 -0.25948 0.01099 1.26657 0.15217 -0.27677 0.03793 -0.19469 -0.14528 -0.22706 -0.10964 0.02024 -0.53242 0.16592 0.13126 -0.39063 -0.49956 0.26072 -0.08215
0.23836 -0.26256 1.36109 -0.25304 0.02413 1.27567 0.15184 -0.28018 0.03864 -0.20071 -0.10948 -0.24639 -0.11287 0.01078 -0.53772 0.17989 0.10820 -0.37880 -0.49140 0.28669 -0.08542
0.24405 -0.27544 1.41412 -0.25362 0.03118 1.31919 0.15468 -0.29176 0.04015 -0.21010 -0.10133 -0.25879 -0.11749 0.00924 -0.55382 0.19597 0.10578 -0.39097 -0.49767 0.30662 -0.09493
0.23678 -0.27583 1.38643 -0.2451 0.02739 1.2857 0.15052 -0.28665 0.03855 -0.20677 -0.05774 -0.30391 -0.11646 0.00388 -0.54127 0.19374 0.05571 -0.34017 -0.48188 0.30322 -0.10073
0.23427 -0.27954 1.37967 -0.23873 0.01426 1.26921 0.14784 -0.28568 0.03772 -0.21343 -0.04910 -0.31971 -0.11507 -0.00067 -0.53437 0.20308 0.03242 -0.32683 -0.47300 0.29380 -0.11046
0.23582 -0.28608 1.38248 -0.23788 -0.00562 1.26063 0.14545 -0.28718 0.03707 -0.21748 -0.04759 -0.31935 -0.11126 -0.00570 -0.53149 0.20698 0.01022 -0.33480 -0.47370 0.28046 -0.12185
0.23442 -0.28845 1.37649 -0.23739 -0.03032 1.24639 0.14273 -0.28631 0.03699 -0.20564 -0.03924 -0.34101 -0.10907 -0.00865 -0.52606 0.19394 -0.02298 -0.31285 -0.47181 0.25813 -0.13010
0.23346 -0.29339 1.37675 -0.24086 -0.0532 1.24162 0.14018 -0.28749 0.03843 -0.20940 -0.02817 -0.33845 -0.10763 -0.01241 -0.52827 0.19512 -0.05677 -0.31828 -0.47432 0.24019 -0.13513
0.23438 -0.29891 1.37836 -0.24442 -0.07015 1.24071 0.13722 -0.28906 0.03937 -0.21583 -0.04147 -0.32991 -0.10421 -0.01622 -0.52947 0.19920 -0.05996 -0.32648 -0.47880 0.22876 -0.13765
0.24383 -0.3112 1.41314 -0.24886 -0.08367 1.26622 0.13989 -0.29607 0.03988 -0.22344 -0.04875 -0.33251 -0.10231 -0.02156 -0.53841 0.20850 -0.06643 -0.34005 -0.49269 0.22753 -0.14692
0.24761 -0.31711 1.41471 -0.25041 -0.09159 1.26108 0.13844 -0.29634 0.04170 -0.21942 -0.04270 -0.32649 -0.09741 -0.02715 -0.53869 0.20335 -0.08009 -0.35029 -0.49802 0.22552 -0.15363
0.24647 -0.32696 1.41745 -0.24952 -0.09116 1.25878 0.13794 -0.29622 0.04231 -0.21829 -0.04101 -0.32396 -0.09806 -0.03710 -0.53544 0.20326 -0.08132 -0.35373 -0.49599 0.23580 -0.15867
0.24711 -0.32562 1.41375 -0.25201 -0.08821 1.25902 0.13834 -0.29651 0.04188 -0.21659 -0.06441 -0.33272 -0.09842 -0.03536 -0.54079 0.19964 -0.05472 -0.34616 -0.49912 0.23741 -0.15473
0.24348 -0.33218 1.41169 -0.25044 -0.08347 1.25381 0.13819 -0.29492 0.04102 -0.22355 -0.06916 -0.31697 -0.10117 -0.04338 -0.53253 0.20729 -0.04484 -0.35708 -0.49392 0.24871 -0.15788
0.24311 -0.32242 1.39452 -0.25046 -0.08061 1.24004 0.13613 -0.29178 0.04131 -0.22155 -0.07529 -0.30787 -0.09739 -0.03660 -0.52923 0.20190 -0.04177 -0.35285 -0.49357 0.24181 -0.15448
0.23651 -0.33411 1.39413 -0.24814 -0.07127 1.24276 0.13639 -0.29141 0.03980 -0.21930 -0.07421 -0.31189 -0.10410 -0.04862 -0.52519 0.20195 -0.03233 -0.34379 -0.48465 0.26284 -0.15137
0.2408 -0.32319 1.38536 -0.25227 -0.07324 1.23826 0.13603 -0.29159 0.03919 -0.21887 -0.07328 -0.31204 -0.09959 -0.03746 -0.53293 0.19772 -0.03433 -0.34814 -0.49307 0.24995 -0.14710
0.23727 -0.32847 1.38306 -0.25273 -0.07471 1.23689 0.13564 -0.29145 0.03818 -0.21660 -0.07150 -0.31570 -0.10264 -0.04279 -0.53155 0.19509 -0.03662 -0.34375 -0.49000 0.25376 -0.14617
0.24168 -0.30351 1.36458 -0.25366 -0.07156 1.23317 0.13896 -0.29026 0.02664 -0.21619 -0.07103 -0.31307 -0.10062 -0.01892 -0.52914 0.19287 -0.03323 -0.34083 -0.49534 0.23195 -0.13141
0.24574 -0.29643 1.36581 -0.25521 -0.07201 1.23838 0.14254 -0.29134 0.01882 -0.21707 -0.07086 -0.31457 -0.10108 -0.01072 -0.52832 0.19329 -0.03359 -0.34249 -0.50095 0.22442 -0.12743
0.24562 -0.27902 1.34491 -0.25259 -0.07421 1.22529 0.14179 -0.28820 0.01639 -0.21099 -0.04076 -0.34407 -0.09836 0.00361 -0.52714 0.18755 -0.06511 -0.30626 -0.49821 0.20481 -0.11962
0.24882 -0.27091 1.35031 -0.25609 -0.07577 1.23293 0.14860 -0.28688 0.01854 -0.21221 -0.02991 -0.27810 -0.10327 0.01036 -0.53650 0.18699 -0.07742 -0.37771 -0.50491 0.19514 -0.11738
0.24899 -0.25589 1.33476 -0.25308 -0.0739 1.22481 0.15329 -0.28160 0.01447 -0.19706 -0.07055 -0.34755 -0.10572 0.02001 -0.53114 0.17288 -0.03439 -0.29962 -0.50207 0.18199 -0.10995
0.24895 -0.24779 1.33251 -0.25576 -0.07464 1.2244 0.15946 -0.27966 0.00248 -0.21720 -0.07508 -0.30640 -0.11203 0.02616 -0.52243 0.19061 -0.03041 -0.34234 -0.50471 0.17315 -0.10811
0.25129 -0.23334 1.32641 -0.25556 -0.07469 1.22058 0.17456 -0.26979 -0.01211 -0.22275 -0.07682 -0.29508 -0.12389 0.03063 -0.50675 0.19550 -0.02836 -0.35016 -0.50685 0.15865 -0.10583
0.26298 -0.22768 1.35868 -0.26136 -0.07634 1.25154 0.18250 -0.27206 -0.05739 -0.20963 -0.06940 -0.34221 -0.12496 0.03810 -0.47585 0.18251 -0.03795 -0.31932 -0.52434 0.15134 -0.10714
0.26891 -0.20425 1.33419 -0.25795 -0.0747 1.23234 0.18619 -0.26127 -0.06773 -0.21462 -0.07034 -0.32120 -0.11828 0.04982 -0.45959 0.18741 -0.03456 -0.32869 -0.52686 0.12955 -0.10185
0.27739 -0.17309 1.31515 -0.25834 -0.07402 1.22458 0.19955 -0.24655 -0.07701 -0.20944 -0.06896 -0.32772 -0.12012 0.06453 -0.45791 0.18105 -0.03480 -0.31883 -0.53573 0.09907 -0.09057
0.27751 -0.1288 1.2795 -0.25372 -0.07139 1.20268 0.21948 -0.28433 0.00956 -0.20391 -0.06678 -0.32450 -0.13572 0.14604 -0.54622 0.17656 -0.03335 -0.31032 -0.53123 0.05741 -0.07682
0.28488 -0.02544 1.35639 -0.26787 -0.08533 1.26199 0.22352 -0.22492 -0.12956 -0.21553 -0.07046 -0.34630 -0.14350 0.18906 -0.44004 0.18781 -0.04519 -0.34044 -0.55275 -0.05989 -0.09440
0.26436 0.03034 1.34661 -0.26571 -0.0736 1.25575 0.22728 -0.20659 -0.14066 -0.21388 -0.06815 -0.33861 -0.16439 0.22666 -0.40840 0.18453 -0.03521 -0.32386 -0.53007 -0.10394 -0.09086
0.25383 0.0792 1.4119 -0.27287 -0.07595 1.29816 0.24580 -0.17641 -0.17720 -0.23010 -0.05466 -0.33684 -0.19949 0.24536 -0.36832 0.20145 -0.05203 -0.34740 -0.52670 -0.15515 -0.11374
0.23116 0.11853 1.41889 -0.27086 -0.073 1.28701 0.24804 -0.16545 -0.17908 -0.22747 -0.05579 -0.33565 -0.22276 0.27392 -0.34133 0.19875 -0.04768 -0.34304 -0.50202 -0.19153 -0.13188
0.2205 0.14785 1.45217 -0.27446 -0.07468 1.29955 0.25169 -0.12466 -0.21445 -0.22636 -0.06166 -0.34448 -0.23976 0.26220 -0.29529 0.19676 -0.04387 -0.34532 -0.49496 -0.22253 -0.15262
0.20868 0.16487 1.45056 -0.26943 -0.08592 1.26984 0.24931 -0.12120 -0.21371 -0.21232 -0.06412 -0.36429 -0.24774 0.27580 -0.27816 0.18512 -0.05235 -0.33620 -0.47811 -0.25079 -0.18072
0.20764 0.17081 1.44749 -0.26966 -0.07097 1.27779 0.24808 -0.12098 -0.21135 -0.20031 -0.05777 -0.38053 -0.24650 0.28154 -0.26929 0.17111 -0.04344 -0.29882 -0.47730 -0.24178 -0.16970
0.21376 0.16634 1.44071 -0.25413 -0.08865 1.23574 0.24323 -0.12316 -0.21482 -0.19037 -0.05929 -0.39658 -0.23482 0.27830 -0.26719 0.17588 -0.05927 -0.32087 -0.46789 -0.25499 -0.20497
0.25183 0.11239 1.43799 -0.27661 -0.06741 1.30117 0.22650 -0.16893 -0.21321 -0.22573 -0.07530 -0.34061 -0.18137 0.26819 -0.30863 0.19424 -0.02274 -0.35134 -0.52844 -0.17980 -0.13682
0.27728 0.06156 1.42049 -0.27739 -0.06518 1.31131 0.21991 -0.20271 -0.19165 -0.23522 -0.07547 -0.32425 -0.14899 0.25038 -0.35897 0.20538 -0.02034 -0.36989 -0.55467 -0.12674 -0.10918
0.31155 -0.00531 1.44681 -0.29061 -0.06893 1.3559 0.18873 -0.21925 -0.30096 -0.23635 -0.07622 -0.35020 -0.08982 0.19936 -0.29111 0.20287 -0.02414 -0.36890 -0.60216 -0.06362 -0.09091
0.31035 -0.10976 1.28958 -0.2655 -0.06115 1.22366 0.16991 -0.27189 -0.04922 -0.21541 -0.06352 -0.32253 -0.04972 0.14838 -0.49870 0.18300 -0.02619 -0.32465 -0.57585 0.04861 -0.06592
0.32407 -0.1242 1.32064 -0.27255 -0.06124 1.25586 0.17315 -0.26844 -0.10393 -0.22199 -0.06390 -0.33213 -0.04323 0.12983 -0.46049 0.18961 -0.02706 -0.33196 -0.59662 0.06296 -0.06478
0.31627 -0.10555 1.28387 -0.26475 -0.05886 1.22137 0.18009 -0.26547 -0.01932 -0.21969 -0.05717 -0.35037 -0.05156 0.14553 -0.52900 0.18889 -0.03076 -0.29443 -0.58102 0.04669 -0.06250
0.33174 -0.07477 1.36152 -0.28087 -0.06125 1.29614 0.20192 -0.26476 -0.09130 -0.22689 -0.03645 -0.35977 -0.06831 0.17438 -0.49066 0.19435 -0.05576 -0.32357 -0.61261 0.01352 -0.06538
0.31952 -0.02468 1.37125 -0.28071 -0.06071 1.29613 0.20643 -0.23220 -0.15973 -0.22234 -0.04920 -0.35981 -0.08453 0.19153 -0.41526 0.19059 -0.04266 -0.32638 -0.60023 -0.03603 -0.07512
0.28306 0.06923 1.4017 -0.27854 -0.05907 1.30069 0.24705 -0.18556 -0.16764 -0.22519 -0.04883 -0.36144 -0.16245 0.23862 -0.38812 0.19716 -0.04162 -0.33180 -0.56160 -0.12830 -0.10101
0.25708 0.09915 1.38059 -0.26896 -0.05858 1.26709 0.25812 -0.18201 -0.21191 -0.20018 -0.05546 -0.37761 -0.19440 0.26534 -0.31523 0.17546 -0.03367 -0.29852 -0.52604 -0.15773 -0.11350
0.24409 0.1236 1.39794 -0.27062 -0.05848 1.27434 0.26149 -0.15356 -0.16351 -0.20061 -0.05621 -0.38014 -0.21204 0.26107 -0.35784 0.17573 -0.03303 -0.30037 -0.51471 -0.18208 -0.12360
0.22602 0.14514 1.39848 -0.26482 -0.06003 1.26873 0.26663 -0.14984 -0.22858 -0.19941 -0.05789 -0.37392 -0.23432 0.27898 -0.28266 0.17932 -0.03281 -0.30269 -0.49084 -0.20517 -0.12975
0.23048 0.14272 1.40505 -0.26695 -0.06018 1.28068 0.26696 -0.15281 -0.22984 -0.20918 -0.06572 -0.35351 -0.23177 0.27938 -0.28977 0.18888 -0.02537 -0.32639 -0.49743 -0.20290 -0.12437
0.25248 0.09788 1.37811 -0.26742 -0.06042 1.27529 0.23419 -0.20715 -0.19256 -0.20698 -0.06557 -0.35293 -0.17553 0.28888 -0.34246 0.18484 -0.02562 -0.32170 -0.51990 -0.15830 -0.10282
0.27129 0.05992 1.36647 -0.27325 -0.0617 1.28553 0.23149 -0.21699 -0.19529 -0.21119 -0.06899 -0.34931 -0.15479 0.26078 -0.36360 0.18505 -0.02372 -0.32865 -0.54454 -0.12162 -0.08094
0.30552 -0.04078 1.35543 -0.28477 -0.0639 1.31059 0.19342 -0.22755 -0.19218 -0.21567 -0.07054 -0.35650 -0.08584 0.17000 -0.41480 0.18288 -0.02503 -0.33395 -0.59029 -0.02312 -0.04484
0.30297 -0.12007 1.28745 -0.28134 -0.05615 1.25841 0.18466 -0.21824 -0.18266 -0.22453 -0.05670 -0.36620 -0.07111 0.08195 -0.41081 0.18582 -0.02985 -0.29343 -0.58431 0.06392 -0.02904
0.3122 -0.12076 1.322 -0.27499 -0.07759 1.24513 0.19026 -0.22314 -0.18625 -0.20192 -0.05079 -0.40367 -0.07167 0.08563 -0.41821 0.17562 -0.05803 -0.31531 -0.58719 0.04317 -0.07687
0.30461 -0.10411 1.29673 -0.28472 -0.051 1.25283 0.21606 -0.23713 -0.08953 -0.24117 -0.06082 -0.29813 -0.09956 0.11665 -0.48752 0.19862 -0.02066 -0.35934 -0.58933 0.05311 -0.04390
0.32198 -0.06598 1.36369 -0.29144 -0.04862 1.28277 0.22900 -0.24161 -0.06536 -0.24185 -0.04315 -0.28955 -0.09953 0.15889 -0.48870 0.19831 -0.03681 -0.38269 -0.61342 0.01736 -0.08092
0.32718 -0.04727 1.38894 -0.2915 -0.04985 1.29215 0.23533 -0.23558 -0.08051 -0.24339 -0.04211 -0.28842 -0.10190 0.17136 -0.46239 0.20164 -0.03948 -0.38862 -0.61868 -0.00258 -0.09679
0.32938 -0.03081 1.4085 -0.29058 -0.05013 1.29987 0.24039 -0.22848 -0.09630 -0.24243 -0.03973 -0.29547 -0.10572 0.18067 -0.43763 0.20305 -0.04245 -0.38459 -0.61996 -0.01932 -0.10863
0.32893 -0.01563 1.40959 -0.28847 -0.05098 1.29379 0.24254 -0.22294 -0.09819 -0.24365 -0.04886 -0.29369 -0.10728 0.19053 -0.42499 0.20524 -0.03424 -0.38257 -0.61740 -0.03535 -0.11580
0.32819 -0.01242 1.42124 -0.28671 -0.05278 1.2978 0.24710 -0.21804 -0.10341 -0.23927 -0.04616 -0.31215 -0.11331 0.18883 -0.41583 0.20361 -0.03891 -0.36794 -0.61490 -0.04036 -0.12344
0.31305 -0.0359 1.37087 -0.2735 -0.0533 1.25539 0.23953 -0.21084 -0.09770 -0.21676 -0.05461 -0.32857 -0.11422 0.15870 -0.40718 0.18596 -0.02992 -0.32792 -0.58655 -0.01740 -0.11548
0.3119 -0.0608 1.36987 -0.27448 -0.05566 1.26317 0.27637 -0.20811 -0.22729 -0.20825 -0.06519 -0.34083 -0.15030 0.12661 -0.29167 0.18196 -0.03092 -0.31835 -0.58638 0.00514 -0.10670
0.30882 -0.08857 1.34247 -0.26987 -0.05708 1.24561 0.28867 -0.24140 -0.11814 -0.20564 -0.06400 -0.33579 -0.16345 0.13297 -0.40159 0.17998 -0.03108 -0.31347 -0.57869 0.03149 -0.09686
0.30945 -0.08878 1.33799 -0.26953 -0.05659 1.24414 0.28814 -0.24680 -0.10611 -0.20574 -0.06365 -0.33403 -0.16220 0.13859 -0.41465 0.17956 -0.02967 -0.31281 -0.57898 0.03219 -0.09385
0.31058 -0.08658 1.34908 -0.27085 -0.05696 1.25272 0.27959 -0.24302 -0.12652 -0.20685 -0.06350 -0.33738 -0.15392 0.13698 -0.39668 0.18075 -0.02966 -0.31434 -0.58143 0.02962 -0.09636
0.30954 -0.08297 1.35262 -0.27352 -0.05622 1.25467 0.27704 -0.24229 -0.12718 -0.20628 -0.06334 -0.33957 -0.15284 0.13994 -0.39613 0.17772 -0.02863 -0.31372 -0.58306 0.02675 -0.09795
0.30215 -0.08751 1.34527 -0.27379 -0.05564 1.24884 0.27640 -0.24180 -0.12972 -0.20923 -0.06438 -0.33169 -0.15915 0.13510 -0.39602 0.17953 -0.02623 -0.32222 -0.57594 0.03187 -0.09643
0.30091 -0.0907 1.33288 -0.27365 -0.05694 1.24805 0.27632 -0.24205 -0.13019 -0.20903 -0.06366 -0.33084 -0.16021 0.13246 -0.40459 0.17905 -0.02776 -0.32042 -0.57456 0.03376 -0.08483
0.29593 -0.08884 1.24612 -0.26214 -0.05739 1.20897 0.27191 -0.23487 -0.12565 -0.20159 -0.06066 -0.32160 -0.15514 0.12810 -0.43477 0.17502 -0.02968 -0.30619 -0.55807 0.03145 -0.03715
0.29618 -0.08556 1.20162 -0.2568 -0.05862 1.19728 0.27702 -0.23329 -0.12301 -0.19510 -0.05929 -0.32694 -0.15871 0.13036 -0.46546 0.17185 -0.03175 -0.29561 -0.55298 0.02694 -0.00434
0.30112 -0.07911 1.1721 -0.25256 -0.0696 1.18626 0.28192 -0.23266 -0.12420 -0.19528 -0.05788 -0.32617 -0.15954 0.13680 -0.49856 0.17713 -0.04255 -0.31077 -0.55368 0.00951 0.01416
0.30947 -0.05854 1.15264 -0.25433 -0.05768 1.2472 0.20377 -0.13174 -0.23760 -0.20372 -0.05838 -0.33812 -0.08084 0.05643 -0.48129 0.19342 -0.03002 -0.31433 -0.56380 0.00086 0.09456
0.29344 -0.05089 1.12288 -0.24707 -0.05429 1.21709 0.18263 -0.10694 -0.25658 -0.19919 -0.05748 -0.32882 -0.07145 0.03976 -0.44894 0.19029 -0.02692 -0.31000 -0.54051 -0.00340 0.09421
0.28058 -0.04808 1.1356 -0.24539 -0.05383 1.22425 0.17739 -0.10430 -0.26415 -0.19415 -0.05641 -0.33635 -0.07988 0.03974 -0.43957 0.18816 -0.02783 -0.30670 -0.52597 -0.00575 0.08865
0.25567 -0.04358 1.1429 -0.24266 -0.05371 1.22027 0.21678 -0.16530 -0.34021 -0.19892 -0.02813 -0.32074 -0.14294 0.10483 -0.35173 0.19478 -0.05603 -0.32205 -0.49833 -0.01013 0.07737
0.23072 -0.04375 1.15538 -0.24131 -0.05255 1.21357 0.21581 -0.16429 -0.33744 -0.19745 -0.02670 -0.33186 -0.16499 0.10329 -0.33073 0.19270 -0.05627 -0.30612 -0.47203 -0.00880 0.05819
0.20972 -0.04745 1.19246 -0.24337 -0.05377 1.22455 0.21768 -0.16763 -0.33784 -0.18113 -0.04753 -0.35629 -0.18792 0.10114 -0.31025 0.17600 -0.03720 -0.28771 -0.45309 -0.00632 0.03209
0.19241 -0.05191 1.23298 -0.2445 -0.05425 1.23605 0.19560 -0.15911 -0.37566 -0.19449 -0.03450 -0.34523 -0.18290 0.08636 -0.24883 0.19018 -0.05107 -0.30426 -0.43691 -0.00234 0.00307
0.17719 -0.0576 1.27074 -0.24682 -0.055 1.24489 0.19678 -0.17124 -0.35889 -0.19084 -0.04463 -0.35059 -0.19876 0.09086 -0.24163 0.18576 -0.04202 -0.30309 -0.42401 0.00260 -0.02585
0.14789 -0.06528 1.34129 -0.24957 -0.05877 1.27084 0.18923 -0.20948 -0.32686 -0.19232 -0.04895 -0.35727 -0.21633 0.10334 -0.24593 0.18888 -0.04172 -0.30333 -0.39746 0.00651 -0.07045
0.14338 -0.06633 1.35869 -0.25016 -0.0602 1.27723 0.19027 -0.21621 -0.30328 -0.19849 -0.04322 -0.35866 -0.22216 0.10636 -0.26216 0.19560 -0.04860 -0.30355 -0.39354 0.00613 -0.08146
0.13429 -0.06355 1.35687 -0.25002 -0.06079 1.27728 0.18945 -0.21985 -0.30533 -0.19477 -0.04810 -0.36068 -0.22958 0.11039 -0.26321 0.19192 -0.04446 -0.30081 -0.38431 0.00276 -0.07959
0.12841 -0.05867 1.3427 -0.24845 -0.05925 1.27704 0.18718 -0.22839 -0.31280 -0.19976 -0.04118 -0.35651 -0.23272 0.12235 -0.26818 0.19800 -0.05005 -0.30222 -0.37686 -0.00058 -0.06566
0.12386 -0.05255 1.31722 -0.24565 -0.05953 1.27699 0.17809 -0.22441 -0.32522 -0.19643 -0.04760 -0.35596 -0.22817 0.12361 -0.28185 0.19729 -0.04419 -0.30259 -0.36951 -0.00698 -0.04023
0.11738 -0.04549 1.27071 -0.24231 -0.05816 1.26422 0.16858 -0.22299 -0.34736 -0.19751 -0.04402 -0.35395 -0.22279 0.12772 -0.28767 0.19888 -0.04632 -0.29678 -0.35969 -0.01267 -0.00649
0.11347 -0.04052 1.23189 -0.23996 -0.05677 1.25971 0.15492 -0.21411 -0.37567 -0.19895 -0.04206 -0.35267 -0.21042 0.11481 -0.30229 0.20184 -0.04714 -0.29860 -0.35343 -0.01625 0.02782
0.11227 -0.03695 1.20082 -0.23813 -0.05517 1.26344 0.12138 -0.17819 -0.40677 -0.19340 -0.04852 -0.35684 -0.17637 0.07647 -0.31152 0.19847 -0.03986 -0.29566 -0.35040 -0.01822 0.06262
0.10912 -0.03467 1.15792 -0.23517 -0.05423 1.25104 0.12044 -0.17720 -0.40293 -0.20129 -0.03994 -0.33539 -0.17656 0.07738 -0.34204 0.20688 -0.04781 -0.31303 -0.34429 -0.01956 0.09312
0.10564 -0.03619 1.12557 -0.23217 -0.05192 1.24429 0.11262 -0.17125 -0.40519 -0.20157 -0.03709 -0.33118 -0.17117 0.06911 -0.36343 0.20839 -0.04899 -0.31499 -0.33781 -0.01573 0.11872
0.09856 -0.03768 1.09202 -0.22828 -0.05164 1.22794 0.11069 -0.16944 -0.40002 -0.19978 -0.04283 -0.32949 -0.17315 0.06534 -0.37679 0.20665 -0.05036 -0.30904 -0.32684 -0.01396 0.13592
0.09635 -0.0432 1.15418 -0.24426 -0.05629 1.30547 0.07669 -0.14730 -0.44743 -0.21279 -0.04788 -0.35046 -0.15223 0.03300 -0.38432 0.21871 -0.05633 -0.33183 -0.34061 -0.01309 0.15129
0.08602 -0.04641 1.15205 -0.24332 -0.0571 1.30022 0.07468 -0.14774 -0.44540 -0.20656 -0.06526 -0.35290 -0.16149 0.03013 -0.37801 0.21182 -0.04138 -0.32607 -0.32934 -0.01069 0.14817
0.06834 -0.04831 1.11771 -0.23502 -0.05376 1.24834 0.06979 -0.14267 -0.42817 -0.19636 -0.06860 -0.34002 -0.16848 0.02570 -0.35105 0.20034 -0.03397 -0.31365 -0.30336 -0.00545 0.13063
0.0526 -0.04892 1.12271 -0.23488 -0.05384 1.23288 0.06657 -0.15098 -0.41980 -0.19172 -0.07093 -0.33899 -0.17983 0.03454 -0.32944 0.19276 -0.03127 -0.30631 -0.28748 -0.00492 0.11017
0.03778 -0.04886 1.14496 -0.23632 -0.05434 1.23275 0.07290 -0.17383 -0.40985 -0.19061 -0.07350 -0.33952 -0.20159 0.05834 -0.31500 0.19018 -0.02952 -0.30579 -0.27410 -0.00548 0.08779
0.02377 -0.04999 1.23686 -0.25116 -0.05988 1.30406 0.07533 -0.18905 -0.43190 -0.20626 -0.08327 -0.34797 -0.22824 0.07007 -0.30771 0.20465 -0.02865 -0.33586 -0.27493 -0.00989 0.06720
0.00765 -0.04659 1.26677 -0.24997 -0.06265 1.30974 0.07737 -0.20378 -0.42344 -0.20755 -0.08463 -0.34936 -0.24744 0.08974 -0.29369 0.20824 -0.03058 -0.33812 -0.25762 -0.01606 0.04297
-0.01022 -0.04024 1.25981 -0.24057 -0.06215 1.28089 0.07363 -0.21077 -0.39323 -0.20923 -0.08805 -0.33020 -0.25777 0.10577 -0.28528 0.21390 -0.02671 -0.34130 -0.23035 -0.02191 0.02108
-0.03821 -0.03429 1.28152 -0.23664 -0.06754 1.28233 0.05936 -0.20659 -0.39029 -0.24763 -0.08988 -0.31128 -0.27228 0.10855 -0.26945 0.25688 -0.03257 -0.36370 -0.19843 -0.03325 0.00081
-0.13226 -0.03715 1.30115 -0.2365 -0.06778 1.2935 0.04496 -0.20563 -0.38872 -0.19815 -0.09911 -0.36061 -0.35471 0.10508 -0.27519 0.21229 -0.02905 -0.33107 -0.10424 -0.03063 -0.00765
-0.17707 -0.04319 1.29118 -0.22089 -0.06956 1.27845 0.02379 -0.19708 -0.38090 -0.19876 -0.10262 -0.35667 -0.37980 0.09535 -0.26157 0.22524 -0.03324 -0.32872 -0.04382 -0.02637 -0.01273
-0.17144 -0.02017 1.27932 -0.19821 -0.04587 1.26498 0.00445 -0.18161 -0.38146 -0.15562 -0.09307 -0.38900 -0.35045 0.10384 -0.22997 0.19940 -0.02013 -0.26617 -0.02677 -0.02570 -0.01434
-0.15422 0.01882 1.38479 -0.21413 -0.05204 1.3471 -0.00166 -0.18681 -0.41351 -0.12803 -0.08880 -0.46490 -0.33899 0.14352 -0.22354 0.17250 -0.03719 -0.24140 -0.05991 -0.07086 -0.03769
-0.13097 0.0437 1.33384 -0.2212 -0.04607 1.29584 -0.00703 -0.17081 -0.41806 -0.20877 -0.10018 -0.34101 -0.30354 0.15307 -0.19853 0.23658 -0.01874 -0.34267 -0.09023 -0.08977 -0.03800
-0.10048 0.06968 1.28891 -0.23726 -0.04399 1.25253 0.00648 -0.16637 -0.40809 -0.17416 -0.08656 -0.37724 -0.28242 0.17319 -0.19989 0.17818 -0.03080 -0.28900 -0.13678 -0.11367 -0.03638
-0.06721 0.09509 1.26392 -0.24088 -0.0357 1.23497 0.00434 -0.14712 -0.42495 -0.17812 -0.07895 -0.35510 -0.24880 0.17579 -0.18674 0.17428 -0.02452 -0.29064 -0.17367 -0.13079 -0.02895
-0.03379 0.11871 1.28134 -0.25024 -0.03148 1.26212 -0.00037 -0.14283 -0.43705 -0.19902 -0.05789 -0.36208 -0.22827 0.18703 -0.21300 0.19007 -0.04298 -0.29316 -0.21645 -0.15019 -0.01922
0.03794 0.14301 1.21154 -0.21471 -0.04762 1.15968 0.10025 -0.04728 -0.42587 -0.22059 -0.07291 -0.28641 -0.20378 0.19566 -0.27980 0.23287 -0.03825 -0.38905 -0.25265 -0.19063 -0.05186
0.06818 0.15587 1.22247 -0.22423 -0.04839 1.18124 0.12226 -0.06160 -0.42682 -0.22515 -0.07434 -0.29258 -0.20261 0.21601 -0.22485 0.23149 -0.03912 -0.39549 -0.29241 -0.20426 -0.04123
0.14441 0.15556 1.2125 -0.27419 -0.03211 1.25643 0.15678 -0.01919 -0.42670 -0.22610 -0.07580 -0.30180 -0.17208 0.15534 -0.19585 0.18696 -0.02284 -0.33981 -0.41860 -0.18767 0.04393
0.23184 0.10597 1.24946 -0.28293 -0.03595 1.28263 0.22250 -0.15174 -0.21502 -0.23421 -0.07753 -0.31103 -0.15361 0.23817 -0.40717 0.19217 -0.02627 -0.34252 -0.51477 -0.14192 0.03317
0.25052 0.07755 1.21329 -0.27574 -0.03814 1.24595 0.22445 -0.15453 -0.19400 -0.25944 -0.09671 -0.23873 -0.13249 0.21321 -0.41289 0.21852 -0.00721 -0.39811 -0.52626 -0.11569 0.03266
0.281 0.05198 1.25101 -0.28525 -0.04225 1.286 0.23646 -0.16199 -0.19097 -0.24377 -0.07483 -0.29639 -0.11923 0.19506 -0.43442 0.20124 -0.03509 -0.35863 -0.56625 -0.09423 0.03499
0.29031 0.0248 1.22956 -0.2804 -0.04334 1.26271 0.24374 -0.17563 -0.15147 -0.24131 -0.07274 -0.25018 -0.11473 0.18196 -0.46181 0.19978 -0.03697 -0.39293 -0.57071 -0.06814 0.03315
0.29769 0.00068 1.22458 -0.27886 -0.04302 1.25599 0.23946 -0.19189 -0.13091 -0.23553 -0.07708 -0.32076 -0.11144 0.17091 -0.48931 0.19471 -0.03185 -0.31905 -0.57655 -0.04370 0.03141
0.30053 -0.0205 1.22093 -0.2767 -0.04434 1.251 0.23556 -0.19393 -0.13223 -0.23450 -0.07702 -0.31909 -0.10393 0.15216 -0.48479 0.19525 -0.03288 -0.31900 -0.57723 -0.02384 0.03007
0.30537 -0.03018 1.23344 -0.27851 -0.04443 1.26408 0.23597 -0.20063 -0.12912 -0.23670 -0.07781 -0.32276 -0.10109 0.14924 -0.49290 0.19810 -0.03276 -0.32067 -0.58388 -0.01425 0.03064
0.3049 -0.03389 1.23104 -0.2759 -0.04249 1.25893 0.23442 -0.20805 -0.11316 -0.23480 -0.07706 -0.32950 -0.09924 0.15324 -0.50267 0.19782 -0.03125 -0.31045 -0.58080 -0.00860 0.02789
0.30361 -0.03568 1.23019 -0.27511 -0.04282 1.25352 0.23289 -0.20883 -0.11125 -0.23292 -0.07816 -0.33487 -0.09845 0.15237 -0.49910 0.19604 -0.03018 -0.30390 -0.57872 -0.00714 0.02333
0.30073 -0.0366 1.241 -0.27517 -0.04535 1.25052 0.22706 -0.21199 -0.11675 -0.23283 -0.07710 -0.31720 -0.09727 0.15397 -0.48282 0.19576 -0.03368 -0.32210 -0.57590 -0.00875 0.00952
0.30141 -0.03853 1.24494 -0.27559 -0.04859 1.25023 0.22246 -0.21206 -0.12591 -0.23188 -0.07778 -0.32191 -0.09305 0.15200 -0.46990 0.19483 -0.03600 -0.31663 -0.57700 -0.01006 0.00529
0.30864 -0.04491 1.27302 -0.28264 -0.05422 1.27634 0.22486 -0.21822 -0.12816 -0.23548 -0.08208 -0.33429 -0.09268 0.15131 -0.47647 0.19618 -0.03842 -0.31458 -0.59128 -0.00931 0.00332
0.3101 -0.05274 1.27105 -0.28424 -0.06011 1.27398 0.22256 -0.22091 -0.12210 -0.23147 -0.10393 -0.30755 -0.08870 0.14614 -0.47564 0.18975 -0.02189 -0.33399 -0.59434 -0.00737 0.00293
0.31713 -0.0649 1.27157 -0.28763 -0.07014 1.274 0.22070 -0.22641 -0.11146 -0.23900 -0.09879 -0.27557 -0.08010 0.13930 -0.48264 0.19425 -0.03649 -0.36228 -0.60476 -0.00524 0.00243
0.31843 -0.08436 1.22921 -0.28088 -0.08092 1.2312 0.20964 -0.22733 -0.08646 -0.26325 -0.12821 -0.20061 -0.06135 0.12173 -0.47807 0.21649 -0.01498 -0.40620 -0.59931 0.00344 0.00199
0.36696 -0.11629 1.37217 -0.31681 -0.108 1.36265 0.21379 -0.27486 -0.01552 -0.21030 -0.14048 -0.39347 -0.03451 0.13530 -0.58715 0.15207 -0.03573 -0.26788 -0.68377 0.00829 -0.00952
0.37379 -0.14678 1.33724 -0.31341 -0.13044 1.3238 0.21126 -0.25101 -0.09435 -0.22774 -0.11553 -0.26987 -0.01899 0.08197 -0.47459 0.16521 -0.08054 -0.36175 -0.68720 0.01634 -0.01344
0.41485 -0.22042 1.34302 -0.32857 -0.18878 1.32519 0.18918 -0.26882 -0.00358 -0.23904 -0.21117 -0.09903 0.04009 0.03039 -0.52596 0.16585 -0.03059 -0.49484 -0.74342 0.03164 -0.01783
0.46831 -0.27666 1.43652 -0.35686 -0.23625 1.40867 0.23216 -0.31096 -0.04270 -0.24471 -0.20927 -0.14463 0.04127 0.01546 -0.48726 0.15570 -0.08369 -0.46368 -0.82517 0.04041 -0.02785
0.48902 -0.3344 1.39165 -0.35916 -0.29199 1.32567 0.18470 -0.28330 0.03576 -0.18943 -0.25271 -0.04827 0.12525 -0.06799 -0.44932 0.07574 -0.09179 -0.47939 -0.84818 0.04241 -0.06598
0.52687 -0.38127 1.47742 -0.38856 -0.3404 1.39327 0.18976 -0.29364 0.03830 -0.19416 -0.25901 -0.07964 0.15124 -0.10465 -0.43431 0.05957 -0.13628 -0.45174 -0.91543 0.04087 -0.08415
0.54524 -0.57446 1.64991 -0.42725 -0.42577 1.4547 0.17434 -0.30802 0.04820 -0.19063 -0.36228 -0.16315 0.16956 -0.28270 -0.30866 0.02309 -0.10780 -0.34253 -0.97249 0.14869 -0.19521
0.56161 -0.56352 1.74583 -0.4643 -0.4859 1.5581 0.18208 -0.32675 0.05593 -0.14016 -0.33151 -0.00447 0.17038 -0.25369 -0.30717 -0.05398 -0.20317 -0.48857 -1.02591 0.07762 -0.18773
0.55096 -0.59733 1.67288 -0.44738 -0.49029 1.53076 0.16389 -0.35669 0.06588 -0.16522 -0.36978 -0.08849 0.18951 -0.25654 -0.29071 -0.02730 -0.16981 -0.33160 -0.99834 0.10704 -0.14212
0.56961 -0.61565 1.70079 -0.45988 -0.55095 1.5824 0.16915 -0.36612 0.06674 -0.15011 -0.35113 -0.03325 0.19943 -0.26569 -0.30280 -0.05104 -0.25243 -0.37701 -1.02949 0.06470 -0.11839
0.56383 -0.61285 1.68041 -0.45962 -0.56995 1.61934 0.17565 -0.37525 0.05885 -0.12613 -0.34867 0.02724 0.18964 -0.25349 -0.29697 -0.07830 -0.27458 -0.38283 -1.02345 0.04290 -0.06107
0.56216 -0.62725 1.69068 -0.46128 -0.60198 1.66813 0.17892 -0.37877 0.05817 -0.12834 -0.35398 0.02860 0.18359 -0.26442 -0.30062 -0.07673 -0.30271 -0.35118 -1.02344 0.02527 -0.02255
0.56708 -0.62625 1.69194 -0.45766 -0.62958 1.7007 0.18353 -0.37512 0.06373 -0.12717 -0.35656 0.03088 0.18424 -0.26698 -0.30397 -0.07503 -0.32830 -0.32030 -1.02474 -0.00333 0.00876
0.54786 -0.60973 1.63873 -0.43976 -0.65108 1.66283 0.18011 -0.36165 0.06463 -0.12159 -0.34767 0.03069 0.17492 -0.26318 -0.29499 -0.07232 -0.35781 -0.29275 -0.98762 -0.04135 0.02410
0.54692 -0.61268 1.64262 -0.43789 -0.6656 1.69146 0.18096 -0.36218 0.06718 -0.11957 -0.35177 0.03340 0.17289 -0.26515 -0.29635 -0.07298 -0.36900 -0.26980 -0.98481 -0.05292 0.04884
0.54661 -0.61133 1.637 -0.43388 -0.67721 1.70685 0.18045 -0.36045 0.06898 -0.11330 -0.35913 0.03345 0.17376 -0.26538 -0.29689 -0.07639 -0.37338 -0.24767 -0.98049 -0.06588 0.06985
0.5615 -0.62573 1.68044 -0.43775 -0.67699 1.78305 0.18158 -0.36801 0.06852 -0.10669 -0.38711 0.03659 0.17910 -0.27082 -0.30421 -0.08082 -0.34700 -0.22490 -0.99925 -0.05126 0.10261
0.55417 -0.62079 1.66949 -0.43622 -0.70353 1.80314 0.17845 -0.36463 0.06702 -0.10203 -0.40069 0.03857 0.17448 -0.26814 -0.30168 -0.08632 -0.35980 -0.19342 -0.99039 -0.08274 0.13365
0.55302 -0.6194 1.66577 -0.41589 -0.64161 1.83161 0.17646 -0.36290 0.06610 -0.10044 -0.40658 0.03854 0.17480 -0.26769 -0.29993 -0.06864 -0.29218 -0.15999 -0.96891 -0.02221 0.16584
0.54875 -0.61513 1.65322 -0.44447 -0.72485 1.90986 0.17354 -0.35951 0.06495 -0.09539 -0.40695 0.03576 0.17402 -0.26631 -0.29795 -0.10556 -0.37553 -0.06479 -0.99322 -0.10972 0.25664
0.55379 -0.62047 1.66598 -0.41706 -0.66192 1.87225 0.17357 -0.36176 0.06462 -0.09424 -0.41190 0.03366 0.17643 -0.26896 -0.30113 -0.07793 -0.30850 -0.11661 -0.97085 -0.04145 0.20627
0.55386 -0.62172 1.6669 -0.41612 -0.66376 1.88279 0.17230 -0.36119 0.06413 -0.09300 -0.41317 0.03250 0.17701 -0.27038 -0.30037 -0.07860 -0.30924 -0.10519 -0.96998 -0.04204 0.21589
0.55383 -0.62147 1.66808 -0.41254 -0.65463 1.87642 0.17166 -0.36086 0.06355 -0.09200 -0.41430 0.03052 0.17718 -0.27027 -0.29931 -0.07654 -0.29923 -0.10995 -0.96637 -0.03316 0.20834
0.55338 -0.62127 1.66794 -0.41329 -0.65788 1.87426 0.17102 -0.36066 0.06329 -0.09145 -0.41506 0.02905 0.17683 -0.26998 -0.29997 -0.07834 -0.30200 -0.11105 -0.96667 -0.03661 0.20632
0.5546 -0.62161 1.66836 -0.41262 -0.65312 1.86831 0.17038 -0.36050 0.06288 -0.09112 -0.41520 0.02781 0.17828 -0.27028 -0.29988 -0.07829 -0.29725 -0.11628 -0.96722 -0.03151 0.19995
0.55429 -0.62141 1.66829 -0.41279 -0.65838 1.86094 0.16949 -0.36009 0.06247 -0.09081 -0.41545 0.02687 0.17808 -0.27008 -0.30013 -0.07898 -0.30235 -0.12288 -0.96708 -0.03697 0.19265
0.5552 -0.62174 1.67023 -0.41426 -0.66114 1.86032 0.16888 -0.35986 0.06199 -0.09049 -0.41527 0.02557 0.17898 -0.27040 -0.29900 -0.08084 -0.30535 -0.12317 -0.96946 -0.03940 0.19009
]
