classifier_Monkey_bumps_into_house_24175 [ 0.59449 -0.73969 1.86746 -0.20066 -0.60372 1.85447 0.12161 -0.38187 0.01368 -0.10080 -0.31901 0.04514 0.22602 -0.28544 -0.29034 0.13872 -0.22568 -0.28721 -0.79515 0.13597 -0.01299
0.59365 -0.74068 1.86763 -0.2004 -0.60002 1.84598 0.12327 -0.38172 0.01361 -0.10030 -0.31811 0.04501 0.22746 -0.28693 -0.28510 0.13782 -0.22324 -0.28878 -0.79405 0.14066 -0.02165
0.57787 -0.73891 1.95421 -0.20448 -0.60821 1.88405 0.12124 -0.38975 0.01846 -0.10176 -0.32419 0.03810 0.20748 -0.27474 -0.24664 0.14049 -0.22401 -0.29316 -0.78235 0.13070 -0.07016
0.59955 -0.70275 1.91334 -0.18226 -0.58647 1.83646 0.11098 -0.38790 0.03329 -0.10262 -0.32462 0.03442 0.24182 -0.24036 -0.31321 0.16478 -0.20179 -0.34937 -0.78181 0.11628 -0.07688
0.58879 -0.60063 1.94962 -0.19567 -0.57792 1.8372 0.09480 -0.37844 0.05675 -0.10626 -0.32460 0.03092 0.24755 -0.14726 -0.31940 0.15724 -0.19286 -0.36458 -0.78446 0.02271 -0.11242
0.59893 -0.51259 1.9077 -0.19936 -0.52999 1.83856 0.08974 -0.37399 0.05931 -0.11166 -0.31928 0.01971 0.25978 -0.06210 -0.37212 0.15991 -0.15033 -0.35713 -0.79829 -0.01740 -0.06914
0.52011 -0.4084 1.85227 -0.21646 -0.39267 1.81919 0.08533 -0.36434 0.05499 -0.12969 -0.29246 0.00422 0.18317 0.03267 -0.42125 0.16032 -0.04041 -0.35763 -0.73657 0.01573 -0.03308
0.43862 -0.30562 1.84571 -0.19842 -0.30659 1.78998 0.09124 -0.37741 0.04271 -0.14217 -0.28950 -0.03175 0.09771 0.14770 -0.42862 0.19269 0.04163 -0.36111 -0.63704 -0.00097 -0.05573
0.35539 -0.21485 1.84641 -0.18857 -0.22465 1.74741 0.11248 -0.31532 -0.02657 -0.16696 -0.31090 -0.19562 -0.00020 0.17368 -0.33385 0.22505 0.14338 -0.21681 -0.54396 -0.00980 -0.09900
0.28167 -0.13736 1.75225 -0.16772 -0.13837 1.65829 0.16054 -0.37489 -0.06616 -0.15161 -0.26651 -0.23408 -0.10351 0.30470 -0.29793 0.22155 0.18125 -0.18294 -0.44939 -0.00101 -0.09396
0.23908 -0.07912 1.79447 -0.16727 -0.0795 1.71815 0.16077 -0.28003 -0.22137 -0.13578 -0.24608 -0.23076 -0.15000 0.27267 -0.18393 0.21598 0.21967 -0.21274 -0.40635 -0.00038 -0.07632
0.2235 -0.04872 1.8828 -0.18092 -0.04178 1.81461 0.16771 -0.27002 -0.27381 -0.12679 -0.22825 -0.28348 -0.18424 0.29741 -0.17165 0.20763 0.24223 -0.19150 -0.40442 0.00694 -0.06819
0.14991 0.05632 1.92741 -0.20619 -0.02176 1.90938 0.13107 -0.15770 -0.33589 -0.11359 -0.19492 -0.33742 -0.22909 0.29380 -0.17684 0.18096 0.23275 -0.15586 -0.35610 -0.07808 -0.01803
0.03144 0.19895 1.61479 -0.03259 0.23221 1.61437 0.09641 -0.05422 -0.33878 -0.08511 -0.08674 -0.32654 -0.26986 0.32187 -0.11490 0.27933 0.37364 -0.09753 -0.06403 0.03326 -0.00042
0.07622 0.17818 1.68008 -0.03904 0.25507 1.66938 0.10203 -0.05183 -0.34896 -0.09070 -0.08529 -0.33639 -0.23339 0.30003 -0.09918 0.28268 0.39757 -0.09238 -0.11526 0.07689 -0.01070
0.10423 0.21512 2.00913 -0.29263 0.03186 2.01064 0.12452 -0.05932 -0.41219 -0.11097 -0.09663 -0.39828 -0.26396 0.35641 -0.09708 0.09051 0.19621 -0.07469 -0.39686 -0.18326 0.00151
0.12917 0.1463 1.74283 -0.11935 0.24102 1.71941 0.11439 -0.05459 -0.34547 -0.10043 -0.08263 -0.33918 -0.19373 0.27091 -0.07578 0.21455 0.38180 -0.07623 -0.24852 0.09472 -0.02342
0.15974 0.11094 1.77008 -0.15178 0.22514 1.7416 0.13691 -0.08930 -0.32142 -0.11940 -0.10371 -0.32384 -0.18645 0.27013 -0.09056 0.20256 0.38747 -0.08831 -0.31152 0.11420 -0.02848
0.19127 0.10835 1.96626 -0.24431 0.11248 1.93894 0.16161 -0.13657 -0.30656 -0.14066 -0.13116 -0.34293 -0.19983 0.32195 -0.13639 0.15549 0.30836 -0.09734 -0.43558 0.00413 -0.02732
0.24043 0.03306 1.79095 -0.25405 0.03608 1.73555 0.12447 -0.25382 -0.21989 -0.12270 -0.24742 -0.18242 -0.08928 0.35568 -0.14948 0.10146 0.34038 -0.21668 -0.49448 0.00302 -0.05540
0.24284 -0.05237 1.84934 -0.25561 -0.06174 1.80205 0.14254 -0.29980 -0.13907 -0.12025 -0.27785 -0.16232 -0.11074 0.31640 -0.23570 0.10625 0.27364 -0.23391 -0.49845 -0.00937 -0.04729
0.2453 -0.11352 1.88787 -0.26181 -0.11627 1.82582 0.13740 -0.31008 -0.13887 -0.10402 -0.30618 -0.14286 -0.10776 0.26400 -0.23598 0.09204 0.24750 -0.26849 -0.50711 -0.00275 -0.06205
0.26008 -0.14925 1.9987 -0.25527 -0.21472 2.01259 0.08422 -0.38236 -0.06726 -0.09334 -0.32821 -0.14211 -0.05330 0.30233 -0.32275 0.10513 0.17449 -0.20734 -0.51535 -0.06547 0.01389
0.25176 -0.1668 1.95342 -0.24698 -0.21385 1.96241 0.09428 -0.35111 -0.08384 -0.05554 -0.38560 -0.10714 -0.06621 0.25075 -0.28526 0.07013 0.23125 -0.22763 -0.49874 -0.04705 0.00899
0.26377 -0.18272 2.05038 -0.25806 -0.21979 2.05657 0.10239 -0.36426 -0.08392 -0.07059 -0.35835 -0.11109 -0.07314 0.24966 -0.29108 0.08637 0.20061 -0.23120 -0.52183 -0.03707 0.00619
0.25289 -0.17773 1.97075 -0.25214 -0.19738 1.96827 0.11181 -0.35153 -0.05856 -0.09739 -0.37539 -0.11179 -0.08454 0.23806 -0.29550 0.10783 0.23707 -0.21911 -0.50503 -0.01965 -0.00248
0.23063 -0.16098 1.79765 -0.2435 -0.15412 1.7771 0.12903 -0.32505 -0.00158 -0.10822 -0.34175 -0.10579 -0.10419 0.22156 -0.31440 0.10315 0.24047 -0.20752 -0.47413 0.00686 -0.02055
0.23955 -0.15787 1.86546 -0.2925 -0.05947 1.79111 0.13141 -0.32087 -0.04056 -0.16704 -0.29259 -0.17919 -0.10579 0.22195 -0.28318 0.11968 0.28898 -0.19506 -0.53205 0.09840 -0.07435
0.23015 -0.14597 1.78899 -0.29955 -0.00404 1.70578 0.12687 -0.30802 -0.03987 -0.23020 -0.31623 -0.13775 -0.10217 0.21804 -0.26951 0.16550 0.36624 -0.23258 -0.52970 0.14193 -0.08321
0.2488 -0.15125 1.92302 -0.33978 0.05675 1.8238 0.12219 -0.33925 -0.12642 -0.21193 -0.19304 -0.17758 -0.09482 0.24784 -0.20957 0.12730 0.30799 -0.23390 -0.58858 0.20800 -0.09922
0.24178 -0.13709 1.86741 -0.35651 0.09599 1.7785 0.11871 -0.32959 -0.12311 -0.24293 -0.15318 -0.26067 -0.09214 0.25030 -0.20330 0.13435 0.30564 -0.13137 -0.59829 0.23308 -0.08891
0.24164 -0.1311 1.86095 -0.38203 0.14881 1.78031 0.11820 -0.32903 -0.12134 -0.26417 -0.11007 -0.27227 -0.09100 0.25549 -0.20396 0.12986 0.31333 -0.11109 -0.62367 0.27991 -0.08064
0.24226 -0.12316 1.85854 -0.37673 0.10276 1.70936 0.11820 -0.32841 -0.12326 -0.28128 -0.09140 -0.26273 -0.08993 0.26276 -0.20084 0.15218 0.24758 -0.18794 -0.61899 0.22592 -0.14918
0.24163 -0.12438 1.85591 -0.35285 0.04673 1.64062 0.11856 -0.32871 -0.12261 -0.28109 -0.07678 -0.26364 -0.09086 0.26216 -0.20358 0.17557 0.17579 -0.25522 -0.59448 0.17111 -0.21529
0.24704 -0.1264 1.90249 -0.37075 0.00189 1.68226 0.11878 -0.33113 -0.09413 -0.28095 -0.07721 -0.22466 -0.09099 0.26452 -0.23966 0.16351 0.13078 -0.30597 -0.61779 0.12829 -0.22023
0.24865 -0.12815 1.91069 -0.37451 -0.01713 1.68698 0.11854 -0.32931 -0.08300 -0.28131 -0.08050 -0.22531 -0.09005 0.26154 -0.25132 0.16076 0.11400 -0.30878 -0.62316 0.11102 -0.22371
0.24926 -0.12929 1.90257 -0.37449 -0.01423 1.67757 0.11736 -0.32678 -0.08196 -0.28242 -0.10146 -0.23404 -0.08729 0.25801 -0.24776 0.16011 0.13726 -0.29607 -0.62375 0.11506 -0.22500
0.24991 -0.12701 1.88812 -0.36908 -0.00789 1.66297 0.11745 -0.32550 -0.07715 -0.28090 -0.09954 -0.25235 -0.08554 0.25882 -0.25204 0.16214 0.14124 -0.27713 -0.61899 0.11912 -0.22515
0.25093 -0.12651 1.88757 -0.36532 -0.00359 1.66346 0.11740 -0.32448 -0.07630 -0.28091 -0.09832 -0.25670 -0.08428 0.25832 -0.24945 0.16533 0.14409 -0.26828 -0.61625 0.12292 -0.22411
0.25115 -0.12589 1.88302 -0.36228 -0.00408 1.66047 0.12021 -0.32440 -0.07197 -0.27866 -0.09619 -0.25540 -0.08657 0.25884 -0.25382 0.16546 0.14124 -0.26809 -0.61343 0.12181 -0.22255
0.25173 -0.12512 1.87867 -0.35984 -0.00161 1.65677 0.12242 -0.32213 -0.07100 -0.28009 -0.09535 -0.25810 -0.08792 0.25725 -0.25522 0.16880 0.14257 -0.26531 -0.61157 0.12351 -0.22190
0.25232 -0.12473 1.87302 -0.36269 0.00038 1.65542 0.12476 -0.32114 -0.07032 -0.28036 -0.09532 -0.25816 -0.08943 0.25652 -0.25817 0.16580 0.14444 -0.26322 -0.61501 0.12511 -0.21760
0.25371 -0.12409 1.86925 -0.36871 -0.00404 1.6502 0.12714 -0.32088 -0.07012 -0.28038 -0.09564 -0.25698 -0.09043 0.25686 -0.26063 0.15960 0.14024 -0.26811 -0.62242 0.12005 -0.21905
0.25261 -0.12407 1.86525 -0.37099 -0.00768 1.652 0.12870 -0.32006 -0.06847 -0.28110 -0.09567 -0.25681 -0.09293 0.25596 -0.26346 0.15774 0.13644 -0.26383 -0.62360 0.11639 -0.21325
0.2657 -0.13164 1.97504 -0.39434 -0.01439 1.7497 0.13861 -0.33815 -0.06932 -0.29732 -0.10701 -0.25905 -0.10242 0.26998 -0.28072 0.16506 0.14382 -0.29046 -0.66004 0.11725 -0.22534
0.26394 -0.13182 1.97341 -0.39916 -0.01544 1.74874 0.14057 -0.33682 -0.06923 -0.29848 -0.11004 -0.25755 -0.10616 0.26843 -0.28228 0.16149 0.14575 -0.29292 -0.66310 0.11638 -0.22467
0.2639 -0.13515 1.96639 -0.39996 -0.01569 1.74325 0.14227 -0.33588 -0.06905 -0.30020 -0.11392 -0.25289 -0.10724 0.26386 -0.28282 0.16183 0.14928 -0.29674 -0.66386 0.11946 -0.22314
0.26472 -0.14016 1.96362 -0.40452 -0.01448 1.74057 0.14717 -0.33389 -0.07011 -0.30046 -0.11541 -0.25280 -0.11102 0.25651 -0.28151 0.15738 0.15186 -0.29663 -0.66924 0.12568 -0.22305
0.25544 -0.13469 1.87702 -0.38625 -0.01605 1.6663 0.14435 -0.31781 -0.06646 -0.32517 -0.15315 -0.22149 -0.10796 0.24311 -0.27661 0.18991 0.18593 -0.30821 -0.64169 0.11864 -0.21072
0.27089 -0.1377 1.90218 -0.39391 -0.01698 1.70723 0.15701 -0.31835 -0.06669 -0.31101 -0.13547 -0.23799 -0.11040 0.24200 -0.30404 0.17451 0.16842 -0.30300 -0.66480 0.12072 -0.19495
0.2827 -0.13745 1.9277 -0.40221 -0.01611 1.73449 0.16867 -0.31743 -0.06754 -0.31144 -0.13330 -0.24843 -0.11383 0.24234 -0.31353 0.17113 0.16796 -0.30063 -0.68491 0.12134 -0.19321
0.29045 -0.13359 1.93334 -0.40054 -0.01547 1.74202 0.17677 -0.31543 -0.06509 -0.31286 -0.12887 -0.26069 -0.11511 0.24449 -0.31958 0.17567 0.16428 -0.28994 -0.69099 0.11812 -0.19132
0.29334 -0.11825 1.93657 -0.39587 -0.01298 1.74591 0.18493 -0.31112 -0.06584 -0.31247 -0.12918 -0.26089 -0.12050 0.25568 -0.31712 0.18051 0.16708 -0.28745 -0.68921 0.10527 -0.19066
0.28547 -0.11414 1.89753 -0.39029 -0.01562 1.70994 0.18601 -0.30176 -0.06396 -0.30463 -0.12662 -0.25509 -0.12438 0.24912 -0.30744 0.17280 0.16075 -0.27927 -0.67576 0.09852 -0.18759
0.28222 -0.11537 1.89848 -0.39435 -0.01835 1.71377 0.19205 -0.29670 -0.06472 -0.30420 -0.12788 -0.25373 -0.13420 0.24302 -0.31178 0.16929 0.15940 -0.28289 -0.67657 0.09702 -0.18471
0.27864 -0.12615 1.88553 -0.39692 -0.02124 1.72415 0.20479 -0.28772 -0.06331 -0.30421 -0.12901 -0.25325 -0.15089 0.22338 -0.33006 0.16754 0.15769 -0.27697 -0.67556 0.10491 -0.16138
0.28432 -0.17158 1.90172 -0.40962 -0.02745 1.76214 0.24159 -0.27324 -0.05631 -0.31059 -0.13320 -0.25753 -0.18812 0.16365 -0.37029 0.16729 0.15669 -0.28381 -0.69394 0.14413 -0.13958
0.32218 -0.38828 2.0055 -0.41846 -0.04194 1.74838 0.31541 -0.17081 0.01039 -0.30693 -0.13369 -0.24957 -0.23685 -0.16463 -0.31567 0.15304 0.14212 -0.28221 -0.74064 0.34634 -0.25712
0.24175 -0.6326 1.92469 -0.40271 -0.04006 1.67085 0.30172 -0.15318 0.01393 -0.28266 -0.13850 -0.22380 -0.30009 -0.43316 -0.29749 0.14202 0.14092 -0.28380 -0.64446 0.59254 -0.25384
0.39166 -0.45624 2.18677 -0.43052 -0.04344 1.77029 0.32536 -0.14765 0.01432 -0.29896 -0.14782 -0.23232 -0.19427 -0.26550 -0.16587 0.14574 0.14998 -0.30369 -0.82218 0.41280 -0.41648
0.31153 -0.49241 2.14779 -0.4081 -0.0423 1.67233 0.31493 -0.11391 0.04132 -0.28186 -0.13972 -0.21703 -0.25348 -0.34411 -0.09572 0.13480 0.14099 -0.28290 -0.71963 0.45011 -0.47546
0.20826 -0.41201 2.12754 -0.40607 -0.04186 1.65789 0.31393 -0.08898 0.07496 -0.31151 -0.19163 -0.15722 -0.35101 -0.28821 -0.12160 0.16305 0.19336 -0.33063 -0.61433 0.37015 -0.46965
0.23303 -0.28185 2.14493 -0.41419 -0.04363 1.68434 0.31361 -0.06179 0.10509 -0.31363 -0.19270 -0.15059 -0.33811 -0.19394 -0.16458 0.16001 0.19380 -0.33876 -0.64722 0.23822 -0.46059
0.18611 -0.20188 2.01586 -0.40268 -0.0424 1.63138 0.31473 -0.03098 0.13863 -0.30242 -0.18714 -0.14669 -0.37674 -0.14338 -0.25522 0.15315 0.18702 -0.32521 -0.58879 0.15948 -0.38448
0.18614 -0.17623 1.96664 -0.39468 -0.04248 1.60078 0.32005 -0.00996 0.17381 -0.29602 -0.18173 -0.13992 -0.37910 -0.14198 -0.29945 0.14901 0.18125 -0.32097 -0.58082 0.13375 -0.36586
0.20337 -0.12905 1.98699 -0.39995 -0.03936 1.60379 0.32204 0.03063 0.20633 -0.28712 -0.18031 -0.12491 -0.36627 -0.13958 -0.31987 0.13578 0.18140 -0.33648 -0.60332 0.08969 -0.38320
0.37314 -0.20813 1.98576 -0.4026 -0.03669 1.60907 0.30336 0.04292 0.16107 -0.28700 -0.18189 -0.12424 -0.17944 -0.23402 -0.28693 0.13377 0.18404 -0.33871 -0.77574 0.17144 -0.37669
0.43201 -0.24656 2.14012 -0.42612 -0.04116 1.69415 0.31595 0.03297 0.14837 -0.30094 -0.19233 -0.12783 -0.15010 -0.27210 -0.24548 0.13806 0.19099 -0.36336 -0.85813 0.20540 -0.44597
0.34866 -0.25926 2.23199 -0.42682 -0.05119 1.71369 0.30930 -0.00463 0.12682 -0.30486 -0.19244 -0.12776 -0.23323 -0.25180 -0.16206 0.14260 0.18290 -0.36522 -0.77548 0.20807 -0.51830
0.29619 -0.21893 2.21334 -0.42507 -0.05469 1.70694 0.31614 -0.02205 0.12488 -0.30425 -0.19245 -0.12667 -0.29224 -0.19368 -0.16820 0.14315 0.17840 -0.36304 -0.72126 0.16424 -0.50640
0.28093 -0.22642 2.18146 -0.41432 -0.05526 1.68023 0.33244 -0.04303 0.15244 -0.29914 -0.18945 -0.12409 -0.32005 -0.17979 -0.19033 0.14482 0.17335 -0.35616 -0.69525 0.17116 -0.50123
0.22265 -0.1367 2.03282 -0.40261 -0.05177 1.64399 0.31686 -0.05606 0.12184 -0.29785 -0.18539 -0.13116 -0.35634 -0.07703 -0.25512 0.14932 0.17121 -0.33371 -0.62526 0.08493 -0.38883
0.19443 -0.16524 2.03026 -0.40748 -0.05216 1.66325 0.30791 -0.06279 0.08619 -0.28133 -0.15961 -0.16346 -0.37915 -0.09873 -0.25153 0.13170 0.14511 -0.31142 -0.60191 0.11308 -0.36701
0.23493 -0.1382 1.94473 -0.39848 -0.05162 1.6395 0.30636 -0.06178 0.05979 -0.29805 -0.17025 -0.15735 -0.33211 -0.07304 -0.27918 0.15255 0.15692 -0.31002 -0.63341 0.08658 -0.30523
0.30872 -0.05893 1.97257 -0.40818 -0.05494 1.69367 0.30801 -0.06756 0.04504 -0.31285 -0.17763 -0.16159 -0.26594 0.01155 -0.30930 0.16510 0.16301 -0.32148 -0.71690 0.00399 -0.27890
0.27954 -0.01219 1.81653 -0.3898 -0.04962 1.62442 0.29329 -0.06695 0.03193 -0.30147 -0.17027 -0.15408 -0.26792 0.05865 -0.36263 0.16086 0.15996 -0.31163 -0.66934 -0.03743 -0.19211
0.31088 0.03864 1.90425 -0.39883 -0.05024 1.6792 0.30583 -0.07055 -0.02192 -0.31432 -0.17579 -0.16096 -0.25671 0.11495 -0.29383 0.17230 0.16671 -0.32128 -0.70971 -0.08888 -0.22505
0.33421 0.16798 1.96434 -0.3955 -0.04774 1.69956 0.29702 -0.09788 -0.18130 -0.32379 -0.18107 -0.16388 -0.23015 0.27255 -0.12124 0.18884 0.17571 -0.34405 -0.72971 -0.21572 -0.26478
0.31499 0.16461 1.85291 -0.3712 -0.0411 1.60444 0.27314 -0.09688 -0.17618 -0.30751 -0.17187 -0.15646 -0.21021 0.26894 -0.11067 0.18104 0.17105 -0.32395 -0.68619 -0.20571 -0.24847
0.32301 0.15773 1.9464 -0.38801 -0.04074 1.69587 0.27342 -0.11853 -0.19646 -0.32460 -0.18271 -0.16595 -0.21671 0.28578 -0.11863 0.19420 0.18494 -0.34290 -0.71102 -0.19847 -0.25053
0.29324 0.11032 1.80611 -0.36455 -0.03576 1.59324 0.24685 -0.14198 -0.19317 -0.30094 -0.17101 -0.16316 -0.20367 0.26352 -0.12528 0.17794 0.17580 -0.31649 -0.65779 -0.14608 -0.21287
0.29988 0.07361 1.87412 -0.37993 -0.03783 1.67669 0.25394 -0.16718 -0.20618 -0.31814 -0.18186 -0.17669 -0.21583 0.25600 -0.15220 0.19204 0.18701 -0.32763 -0.67981 -0.11144 -0.19743
0.29595 0.03763 1.84726 -0.37963 -0.03894 1.6703 0.24480 -0.18853 -0.20647 -0.31723 -0.18178 -0.17680 -0.20794 0.24451 -0.16841 0.19014 0.18601 -0.32587 -0.67558 -0.07657 -0.17696
0.28365 0.0091 1.74169 -0.35869 -0.02854 1.59103 0.22622 -0.20376 -0.18726 -0.30170 -0.17229 -0.16958 -0.18684 0.23169 -0.17466 0.18175 0.18506 -0.29722 -0.64234 -0.03764 -0.15066
0.28975 -0.00104 1.77104 -0.36624 -0.02934 1.62045 0.21529 -0.22591 -0.12474 -0.30657 -0.17518 -0.17375 -0.17319 0.24542 -0.24536 0.18318 0.18827 -0.30117 -0.65599 -0.02830 -0.15059
0.27823 -0.00187 1.69245 -0.35214 -0.02915 1.54011 0.25520 -0.29492 -0.07862 -0.29316 -0.16657 -0.16667 -0.21269 0.31358 -0.27253 0.17275 0.17822 -0.29403 -0.63037 -0.02728 -0.15234
0.2732 0.00522 1.65173 -0.34096 -0.01967 1.50099 0.24853 -0.28466 -0.06606 -0.28514 -0.16145 -0.16201 -0.20393 0.31060 -0.26691 0.16902 0.18153 -0.28065 -0.61416 -0.02489 -0.15074
0.28708 0.00917 1.73088 -0.35551 -0.03019 1.55796 0.26047 -0.29652 -0.07008 -0.25528 -0.12400 -0.20874 -0.21216 0.32814 -0.27433 0.13460 0.13556 -0.26602 -0.64259 -0.03936 -0.17292
0.27657 0.01325 1.66575 -0.33972 -0.01858 1.50231 0.25179 -0.28346 -0.06165 -0.28235 -0.15256 -0.17580 -0.20449 0.31879 -0.26621 0.16795 0.17432 -0.27488 -0.61629 -0.03183 -0.16344
0.27533 0.0147 1.6578 -0.33695 -0.01781 1.49418 0.25274 -0.28019 -0.04803 -0.27933 -0.15193 -0.17296 -0.20516 0.31726 -0.27468 0.16597 0.17439 -0.27315 -0.61228 -0.03251 -0.16362
0.31015 0.01736 1.86844 -0.38001 -0.02853 1.67211 0.23597 -0.23047 -0.19095 -0.31458 -0.17135 -0.19417 -0.18203 0.27349 -0.16863 0.18595 0.18829 -0.31690 -0.69016 -0.04589 -0.19633
0.31014 0.0174 1.87062 -0.37977 -0.02904 1.67144 0.23584 -0.23015 -0.19030 -0.31431 -0.17174 -0.19267 -0.18181 0.27356 -0.16598 0.18557 0.18828 -0.31803 -0.68991 -0.04644 -0.19918
0.30887 0.01423 1.87201 -0.38 -0.02799 1.67411 0.23577 -0.23059 -0.18994 -0.31272 -0.17483 -0.19008 -0.18306 0.27100 -0.16571 0.18398 0.18955 -0.31776 -0.68887 -0.04222 -0.19790
0.29205 0.01044 1.77869 -0.36169 -0.02523 1.58993 0.22350 -0.21984 -0.17826 -0.29585 -0.16839 -0.17760 -0.17435 0.25531 -0.15595 0.17242 0.18165 -0.30166 -0.65374 -0.03567 -0.18876
0.28981 0.01026 1.77525 -0.36324 -0.02314 1.58827 0.22294 -0.22028 -0.17686 -0.29368 -0.16727 -0.17147 -0.17550 0.25567 -0.15669 0.16790 0.18310 -0.30539 -0.65305 -0.03340 -0.18698
0.29934 0.00977 1.83894 -0.37464 -0.02614 1.64158 0.22201 -0.22830 -0.12334 -0.30424 -0.17259 -0.17691 -0.17351 0.26428 -0.22059 0.17507 0.18733 -0.31896 -0.67398 -0.03591 -0.19736
0.29873 0.00654 1.83701 -0.37734 -0.02539 1.64232 0.22185 -0.22811 -0.12294 -0.30374 -0.17232 -0.17612 -0.17372 0.26095 -0.22137 0.17149 0.18814 -0.31736 -0.67607 -0.03193 -0.19469
0.29384 0.00643 1.80996 -0.37099 -0.02156 1.61614 0.22396 -0.23014 -0.15857 -0.29802 -0.16944 -0.17175 -0.17670 0.26260 -0.17824 0.16800 0.18881 -0.31364 -0.66483 -0.02799 -0.19382
0.29876 0.00644 1.83502 -0.37693 -0.02598 1.64043 0.22400 -0.23146 -0.13228 -0.30114 -0.17386 -0.17314 -0.17517 0.26439 -0.20892 0.16870 0.18746 -0.31654 -0.67569 -0.03242 -0.19459
0.299 0.00649 1.83052 -0.3767 -0.02813 1.63479 0.22688 -0.23377 -0.15859 -0.30042 -0.17334 -0.17210 -0.17715 0.26680 -0.18139 0.16727 0.18524 -0.31729 -0.67570 -0.03462 -0.19573
0.30323 0.00759 1.85348 -0.38136 -0.02906 1.65679 0.22985 -0.23666 -0.16528 -0.30364 -0.17586 -0.17172 -0.17886 0.27125 -0.17768 0.16848 0.18790 -0.32078 -0.68459 -0.03665 -0.19669
0.30076 0.00691 1.83244 -0.37514 -0.0306 1.63581 0.22734 -0.23411 -0.16428 -0.30024 -0.17395 -0.16993 -0.17570 0.26774 -0.17282 0.16811 0.18440 -0.31722 -0.67590 -0.03751 -0.19663
0.30244 0.00791 1.84169 -0.37764 -0.03145 1.64563 0.22310 -0.23068 -0.13384 -0.30184 -0.17754 -0.16986 -0.17097 0.26554 -0.20468 0.16871 0.18604 -0.31766 -0.68008 -0.03936 -0.19606
0.3052 0.00809 1.85808 -0.38028 -0.03289 1.66093 0.22795 -0.23618 -0.16226 -0.30511 -0.18056 -0.16934 -0.17516 0.27152 -0.17854 0.17118 0.18870 -0.32119 -0.68548 -0.04098 -0.19715
0.30467 0.00887 1.85423 -0.37807 -0.03287 1.6585 0.22773 -0.23590 -0.16654 -0.30507 -0.18081 -0.16840 -0.17512 0.27222 -0.17520 0.17284 0.18961 -0.32188 -0.68274 -0.04174 -0.19573
0.30414 0.009 1.84726 -0.37871 -0.03317 1.65246 0.22689 -0.23511 -0.16930 -0.30460 -0.18131 -0.16873 -0.17378 0.27173 -0.17111 0.17069 0.19021 -0.31971 -0.68285 -0.04217 -0.19480
0.30522 0.00951 1.84879 -0.37855 -0.03239 1.65553 0.22681 -0.23536 -0.17100 -0.30544 -0.18278 -0.17013 -0.17267 0.27260 -0.16857 0.17166 0.19287 -0.31599 -0.68377 -0.04190 -0.19326
0.30634 0.00916 1.85 -0.38033 -0.03033 1.66251 0.21888 -0.23149 -0.13182 -0.30611 -0.18371 -0.16984 -0.16393 0.26844 -0.20945 0.17076 0.19629 -0.31207 -0.68667 -0.03949 -0.18749
0.30614 0.0083 1.85263 -0.38183 -0.03049 1.66587 0.21838 -0.23161 -0.12929 -0.30810 -0.18649 -0.16708 -0.16392 0.26780 -0.21222 0.17149 0.19925 -0.31429 -0.68797 -0.03879 -0.18676
0.30351 0.00711 1.8414 -0.38274 -0.02876 1.65413 0.22252 -0.23591 -0.16191 -0.30812 -0.18711 -0.16325 -0.16933 0.27079 -0.17931 0.16926 0.20164 -0.31847 -0.68625 -0.03587 -0.18727
0.2984 0.00611 1.82418 -0.3784 -0.02807 1.63983 0.22040 -0.23434 -0.16410 -0.30887 -0.18628 -0.16467 -0.16994 0.26815 -0.17473 0.17220 0.20139 -0.31228 -0.67680 -0.03418 -0.18435
0.29796 0.00429 1.8367 -0.38238 -0.02634 1.65208 0.21348 -0.23242 -0.13402 -0.31154 -0.18752 -0.16588 -0.16494 0.26468 -0.20635 0.17251 0.20486 -0.31259 -0.68034 -0.03063 -0.18462
0.2923 0.00365 1.81813 -0.37675 -0.02403 1.63317 0.21479 -0.23485 -0.16043 -0.30862 -0.18554 -0.16413 -0.16905 0.26623 -0.17528 0.17268 0.20509 -0.31047 -0.66905 -0.02768 -0.18496
0.30107 0.00313 1.87843 -0.38869 -0.01956 1.69452 0.21539 -0.23952 -0.13966 -0.28730 -0.14865 -0.21904 -0.16917 0.27144 -0.20961 0.14776 0.17436 -0.26655 -0.68976 -0.02269 -0.18391
0.2787 0.00247 1.73579 -0.36068 -0.01912 1.56484 0.25097 -0.30483 -0.07456 -0.26495 -0.13648 -0.20338 -0.20756 0.33409 -0.24904 0.13469 0.15961 -0.24746 -0.63938 -0.02159 -0.17095
0.27508 0.00287 1.70444 -0.35757 -0.02349 1.53566 0.24684 -0.29987 -0.07476 -0.30762 -0.18104 -0.15616 -0.20308 0.32927 -0.24704 0.17691 0.19922 -0.29179 -0.63265 -0.02636 -0.16878
0.26856 0.00173 1.64679 -0.3465 -0.02216 1.49061 0.23887 -0.29215 -0.06762 -0.29617 -0.17484 -0.15261 -0.19437 0.31970 -0.25049 0.16982 0.19330 -0.28074 -0.61506 -0.02389 -0.15618
0.27109 0.00113 1.65636 -0.35107 -0.01771 1.50941 0.23921 -0.29617 -0.07139 -0.29744 -0.17635 -0.15308 -0.19388 0.32331 -0.25584 0.16885 0.19992 -0.28043 -0.62216 -0.01884 -0.14695
0.26613 -0.00098 1.64664 -0.35089 -0.0246 1.501 0.23179 -0.30018 -0.08186 -0.29654 -0.17650 -0.15319 -0.19074 0.32513 -0.25450 0.16844 0.19345 -0.28893 -0.61702 -0.02362 -0.14564
0.26022 -0.00323 1.68304 -0.36294 -0.02626 1.5487 0.22154 -0.31451 -0.11392 -0.30524 -0.18213 -0.16051 -0.19161 0.33824 -0.24432 0.17214 0.19880 -0.29245 -0.62316 -0.02303 -0.13434
0.20174 -0.00312 1.66632 -0.36731 -0.03264 1.57052 0.13578 -0.24899 -0.26309 -0.30727 -0.18538 -0.16440 -0.15671 0.28009 -0.12840 0.17333 0.19641 -0.29313 -0.56905 -0.02952 -0.09580
0.16344 -0.00505 1.72873 -0.38561 -0.03469 1.64784 0.12198 -0.22208 -0.25554 -0.32256 -0.19740 -0.17197 -0.17579 0.27614 -0.15097 0.18296 0.20895 -0.31340 -0.54905 -0.02964 -0.08089
0.10225 -1E-05 1.70519 -0.38348 -0.03447 1.65199 0.05615 -0.20964 -0.28768 -0.32053 -0.20051 -0.17246 -0.17186 0.26702 -0.14304 0.18354 0.21258 -0.30995 -0.48573 -0.03446 -0.05320
0.03523 0.00572 1.68793 -0.38108 -0.03587 1.65444 0.00965 -0.19856 -0.30049 -0.31425 -0.20283 -0.17645 -0.19245 0.25962 -0.15180 0.18064 0.21388 -0.30905 -0.41631 -0.04159 -0.03349
-0.03842 0.00571 1.61153 -0.3643 -0.03353 1.59955 -0.03946 -0.19486 -0.30054 -0.29946 -0.19709 -0.17204 -0.20892 0.25258 -0.15151 0.17430 0.20957 -0.29374 -0.32588 -0.03924 -0.01198
-0.13713 0.00532 1.71465 -0.38603 -0.03356 1.71762 -0.06273 -0.21297 -0.30751 -0.24666 -0.14304 -0.19716 -0.29796 0.27259 -0.18881 0.12118 0.16679 -0.29822 -0.24890 -0.03888 0.00297
-0.24612 -0.01737 1.60791 -0.32952 -0.03029 1.59124 -0.08177 -0.20886 -0.30396 -0.30557 -0.18123 -0.20499 -0.37160 0.24036 -0.15379 0.21793 0.20515 -0.27435 -0.08340 -0.01292 -0.01667
-0.27903 -0.02666 1.56299 -0.32698 -0.01308 1.55997 -0.10820 -0.19753 -0.30654 -0.27707 -0.19166 -0.17271 -0.36930 0.21569 -0.12709 0.18285 0.22587 -0.27495 -0.04795 0.01358 -0.00302
-0.26072 0.02874 1.72052 -0.41535 -0.03659 1.67367 -0.12972 -0.18387 -0.30437 -0.28390 -0.18882 -0.15710 -0.34357 0.25923 -0.13809 0.12224 0.20546 -0.34644 -0.15463 -0.06533 -0.04685
-0.13294 0.09668 1.75461 -0.43596 -0.02891 1.72882 -0.10195 -0.19078 -0.29504 -0.27570 -0.19398 -0.16079 -0.22649 0.32697 -0.12632 0.12109 0.21917 -0.32947 -0.30302 -0.12559 -0.02579
-0.05059 0.1287 1.74809 -0.43838 -0.0246 1.72808 -0.06029 -0.15289 -0.32118 -0.28306 -0.20388 -0.15292 -0.18428 0.31957 -0.09894 0.13439 0.22761 -0.33639 -0.38779 -0.15330 -0.02001
-0.0361 0.12972 1.75361 -0.43797 -0.02267 1.73563 -0.05456 -0.15042 -0.32364 -0.28857 -0.20800 -0.15642 -0.17580 0.31678 -0.10032 0.14529 0.23181 -0.33594 -0.40187 -0.15239 -0.01798
-0.03618 0.12474 1.74633 -0.43628 -0.01962 1.72614 -0.05231 -0.15440 -0.33010 -0.29034 -0.20714 -0.16358 -0.18233 0.30653 -0.10133 0.14974 0.23295 -0.33043 -0.40010 -0.14436 -0.02019
-0.05489 0.10951 1.75935 -0.42544 -0.013 1.72249 -0.04434 -0.15566 -0.32691 -0.29214 -0.20947 -0.16893 -0.20835 0.29228 -0.09483 0.16316 0.24129 -0.33094 -0.37055 -0.12251 -0.03686
-0.06359 0.10538 1.77119 -0.41918 -0.01069 1.72787 -0.04025 -0.15970 -0.32142 -0.30169 -0.20785 -0.16943 -0.22253 0.29255 -0.09539 0.17127 0.24520 -0.32746 -0.35559 -0.11607 -0.04332
-0.06805 0.09869 1.78041 -0.4131 -0.00859 1.73286 -0.03678 -0.16678 -0.31478 -0.30629 -0.20732 -0.16923 -0.23220 0.29351 -0.09951 0.17831 0.24840 -0.32504 -0.34505 -0.10728 -0.04755
-0.07149 0.0942 1.78491 -0.40821 -0.00866 1.73385 -0.03607 -0.17040 -0.31228 -0.30712 -0.20704 -0.17137 -0.23737 0.29312 -0.10083 0.18154 0.24902 -0.32220 -0.33672 -0.10286 -0.05106
-0.07348 0.09241 1.78793 -0.40645 -0.00748 1.73588 -0.03602 -0.17326 -0.30862 -0.30903 -0.20725 -0.17220 -0.24019 0.29457 -0.10377 0.18316 0.25113 -0.31995 -0.33297 -0.09989 -0.05205
-0.07892 0.10025 1.93321 -0.43284 -0.00709 1.87173 -0.04636 -0.18870 -0.34836 -0.27339 -0.15563 -0.24686 -0.25201 0.32051 -0.09483 0.14140 0.20470 -0.28591 -0.35392 -0.10734 -0.06148
-0.0628 0.08671 1.75463 -0.39041 -0.00362 1.69742 -0.04247 -0.17153 -0.31926 -0.32190 -0.21325 -0.19244 -0.21972 0.28647 -0.08037 0.20254 0.26081 -0.28700 -0.32761 -0.09033 -0.05721
-0.04108 0.07421 1.94448 -0.41877 -0.0057 1.85872 -0.03455 -0.20650 -0.34338 -0.27251 -0.16452 -0.25739 -0.22624 0.31174 -0.07561 0.14926 0.21522 -0.27004 -0.37769 -0.07991 -0.08576
-0.02218 -0.00899 1.80536 -0.36655 -0.05293 1.71171 0.02834 -0.25914 -0.20218 -0.23842 -0.17723 -0.22870 -0.25427 0.28271 -0.15787 0.14076 0.17604 -0.24552 -0.34437 -0.04394 -0.09365
-0.0211 -0.06407 1.92111 -0.36628 -0.09828 1.81972 0.03931 -0.29065 -0.19085 -0.24460 -0.22044 -0.23488 -0.27823 0.26451 -0.18071 0.16140 0.17661 -0.26052 -0.34518 -0.03421 -0.10139
0.00221 -0.18109 1.8663 -0.3296 -0.15154 1.77766 0.07504 -0.32859 -0.11620 -0.20217 -0.25992 -0.16398 -0.28738 0.18862 -0.24771 0.14700 0.16115 -0.31021 -0.33181 0.02955 -0.08864
0.01918 -0.27011 1.86482 -0.29792 -0.21882 1.76454 0.08540 -0.33918 -0.07774 -0.19027 -0.28848 -0.14660 -0.28041 0.11176 -0.26754 0.16394 0.12210 -0.31967 -0.31710 0.05129 -0.10028
0.01426 -0.33158 1.8026 -0.26243 -0.28877 1.7265 0.12378 -0.37141 -0.01627 -0.18460 -0.29737 -0.13788 -0.31853 0.08233 -0.32911 0.18568 0.06052 -0.30273 -0.27669 0.04281 -0.07610
0.03839 -0.40999 1.8387 -0.18953 -0.3836 1.69507 0.09440 -0.35238 0.01153 -0.07840 -0.31302 -0.16955 -0.26426 -0.01462 -0.30654 0.15010 -0.01701 -0.28718 -0.22792 0.02639 -0.14363
0.07112 -0.5276 1.84765 -0.21492 -0.4465 1.80287 0.11250 -0.40646 0.03924 -0.10202 -0.29675 0.02422 -0.25223 -0.07729 -0.34547 0.15025 -0.09432 -0.39248 -0.28604 0.08110 -0.04478
0.09477 -0.5784 1.87183 -0.20287 -0.51501 1.87203 0.08867 -0.37290 0.07338 -0.12525 -0.32803 0.04829 -0.20854 -0.16076 -0.38825 0.18896 -0.12956 -0.37935 -0.29764 0.06339 0.00020
0.11747 -0.60989 1.89286 -0.16097 -0.611 1.86497 0.08844 -0.37070 0.09296 -0.07579 -0.33557 0.06972 -0.19198 -0.19215 -0.39698 0.18080 -0.21680 -0.40760 -0.27844 -0.00111 -0.02789
0.11241 -0.62288 1.79952 -0.14644 -0.609 1.81134 0.08692 -0.35766 0.10179 -0.06979 -0.32681 0.06969 -0.19132 -0.21882 -0.43662 0.18061 -0.22452 -0.39485 -0.25885 0.01388 0.01182
0.14877 -0.59537 1.81333 -0.16156 -0.59653 1.80348 0.08742 -0.35418 0.11418 -0.06251 -0.32929 0.06938 -0.15302 -0.19573 -0.41746 0.15731 -0.20963 -0.38794 -0.31033 -0.00116 -0.00985
0.16021 -0.58896 1.78405 -0.21669 -0.56757 1.85229 0.08569 -0.35234 0.11781 -0.06268 -0.32402 0.06619 -0.13705 -0.19218 -0.42475 0.09973 -0.18644 -0.31283 -0.37690 0.02139 0.06824
0.1704 -0.59388 1.76852 -0.2212 -0.56653 1.84794 0.08354 -0.35601 0.11662 -0.07236 -0.31400 0.04970 -0.12369 -0.19390 -0.42817 0.10219 -0.19519 -0.29008 -0.39160 0.02735 0.07942
0.22504 -0.62521 1.85898 -0.18863 -0.5822 1.89105 0.08386 -0.37424 0.12177 -0.08055 -0.32642 0.04502 -0.08290 -0.20393 -0.44041 0.15326 -0.19536 -0.33784 -0.41367 0.04301 0.03207
0.25209 -0.60123 1.76855 -0.1806 -0.55234 1.79986 0.08062 -0.36006 0.11851 -0.08307 -0.30714 0.03408 -0.04178 -0.19639 -0.42451 0.15046 -0.18725 -0.31502 -0.43269 0.04889 0.03131
0.32006 -0.60234 1.7815 -0.181 -0.5526 1.80568 0.07724 -0.36544 0.11000 -0.08596 -0.30699 0.03241 0.02356 -0.18971 -0.41142 0.15251 -0.18748 -0.31275 -0.50106 0.04974 0.02418
0.39113 -0.60969 1.85326 -0.18509 -0.56968 1.85551 0.08382 -0.38373 0.10693 -0.09076 -0.31534 0.03055 0.08251 -0.17757 -0.39460 0.15885 -0.19455 -0.31960 -0.57622 0.04001 0.00225
0.43937 -0.61326 1.8606 -0.18512 -0.5695 1.85112 0.07995 -0.38305 0.10019 -0.09221 -0.31350 0.02886 0.12853 -0.17838 -0.37898 0.15848 -0.19616 -0.31723 -0.62449 0.04376 -0.00948
0.46219 -0.63034 1.8867 -0.18422 -0.57064 1.85054 0.08835 -0.39027 0.09625 -0.09262 -0.31311 0.02812 0.14382 -0.18848 -0.34854 0.15906 -0.19762 -0.31652 -0.64641 0.05970 -0.03616
0.52149 -0.62433 1.83154 -0.28038 -0.64822 1.86458 0.09275 -0.38586 0.08877 -0.09174 -0.30839 0.02772 0.20306 -0.18775 -0.35821 0.05612 -0.28117 -0.26338 -0.80187 -0.02389 0.03304
0.55756 -0.66108 1.91063 -0.27559 -0.64951 1.93222 0.10737 -0.40251 0.08013 -0.09696 -0.32045 0.03094 0.21636 -0.20590 -0.34602 0.07248 -0.26911 -0.27298 -0.83315 0.01157 0.02159
0.58167 -0.71585 1.84997 -0.26552 -0.62997 1.87998 0.11260 -0.39178 0.07076 -0.09517 -0.31220 0.03074 0.24103 -0.27257 -0.34088 0.07257 -0.25919 -0.26835 -0.84719 0.08588 0.03001
0.57528 -0.70657 1.81836 -0.27132 -0.63428 1.84538 0.10198 -0.38429 0.05945 -0.09343 -0.30618 0.03120 0.22959 -0.26123 -0.32452 0.05841 -0.27048 -0.26014 -0.84660 0.07229 0.02702
0.57095 -0.70494 1.81112 -0.26983 -0.63126 1.82807 0.10057 -0.38058 0.05491 -0.09381 -0.30466 0.03283 0.22344 -0.26153 -0.31373 0.05452 -0.26980 -0.26217 -0.84078 0.07368 0.01695
0.58045 -0.71776 1.84653 -0.27386 -0.63993 1.85066 0.10243 -0.38457 0.05303 -0.09307 -0.30781 0.03565 0.22442 -0.26795 -0.30336 0.05163 -0.27458 -0.26821 -0.85431 0.07783 0.00413
0.57788 -0.72214 1.84745 -0.27348 -0.63844 1.84996 0.10279 -0.38391 0.05564 -0.09438 -0.30947 0.03755 0.21963 -0.27198 -0.30348 0.04933 -0.27192 -0.26885 -0.85136 0.08370 0.00251
0.58171 -0.7258 1.85622 -0.26555 -0.6317 1.85527 0.10167 -0.38470 0.05432 -0.09682 -0.31198 0.03871 0.22080 -0.27328 -0.30470 0.05497 -0.26355 -0.27387 -0.84726 0.09410 -0.00095
0.58082 -0.72725 1.85326 -0.16753 -0.58939 1.77911 0.09985 -0.38528 0.05233 -0.09601 -0.31517 0.03782 0.21898 -0.27266 -0.30833 0.14569 -0.22072 -0.34905 -0.74835 0.13786 -0.07415
0.58466 -0.72899 1.8555 -0.17528 -0.58728 1.79273 0.09796 -0.38705 0.05051 -0.09249 -0.31582 0.03642 0.22221 -0.27115 -0.30873 0.13480 -0.21785 -0.33791 -0.75994 0.14171 -0.06277
0.57869 -0.72226 1.83874 -0.19565 -0.5845 1.78097 0.09507 -0.38293 0.04895 -0.08803 -0.31360 0.03496 0.21956 -0.26745 -0.30545 0.10793 -0.21773 -0.32918 -0.77434 0.13776 -0.05777
0.57922 -0.72621 1.85083 -0.23907 -0.60772 1.83443 0.08599 -0.38084 0.04398 -0.08652 -0.31640 0.03585 0.21743 -0.26540 -0.30508 0.06423 -0.23780 -0.28938 -0.81829 0.11849 -0.01640
0.57943 -0.72629 1.85256 -0.21831 -0.58875 1.82279 0.08318 -0.38124 0.04206 -0.09498 -0.32055 0.03738 0.21739 -0.26274 -0.30302 0.08401 -0.21891 -0.30094 -0.79774 0.13754 -0.02977
0.58143 -0.72744 1.85733 -0.24125 -0.60993 1.83823 0.08111 -0.38100 0.04126 -0.09805 -0.32246 0.03681 0.21845 -0.26209 -0.30288 0.06059 -0.23993 -0.28875 -0.82268 0.11751 -0.01910
0.57623 -0.72115 1.84179 -0.23913 -0.61655 1.79779 0.07832 -0.37789 0.03932 -0.09925 -0.31980 0.03395 0.21586 -0.25790 -0.30096 0.05955 -0.25049 -0.30997 -0.81536 0.10460 -0.04400
0.57768 -0.72429 1.84676 -0.24121 -0.61687 1.81059 0.07638 -0.37872 0.03820 -0.10116 -0.32080 0.03289 0.21632 -0.25862 -0.30124 0.05771 -0.25055 -0.30128 -0.81889 0.10742 -0.03617
0.56954 -0.71788 1.83319 -0.23521 -0.61839 1.76955 0.07404 -0.37733 0.03585 -0.10164 -0.31848 0.03223 0.21096 -0.25362 -0.29571 0.06072 -0.25519 -0.32408 -0.80475 0.09949 -0.06364
0.58133 -0.72788 1.85866 -0.18754 -0.58939 1.79077 0.07362 -0.38382 0.03519 -0.10422 -0.32389 0.03223 0.21734 -0.25499 -0.30199 0.11252 -0.22075 -0.33398 -0.76887 0.13849 -0.06789
0.56959 -0.71205 1.81994 -0.27556 -0.6785 1.77547 0.07115 -0.37470 0.03359 -0.10269 -0.31667 0.03074 0.21360 -0.24935 -0.29278 0.01774 -0.31831 -0.30178 -0.84515 0.03355 -0.04447
0.58205 -0.7281 1.86589 -0.17743 -0.59232 1.78365 0.07217 -0.38382 0.03384 -0.10582 -0.32475 0.03094 0.21745 -0.25415 -0.29872 0.12291 -0.22319 -0.34457 -0.75948 0.13578 -0.08224
0.5803 -0.7264 1.8629 -0.16921 -0.59126 1.77691 0.07421 -0.38485 0.03410 -0.10126 -0.32246 0.02921 0.21629 -0.25314 -0.29797 0.13048 -0.22281 -0.34779 -0.74951 0.13514 -0.08599
0.57938 -0.72755 1.86431 -0.17053 -0.59126 1.77986 0.07598 -0.38644 0.03429 -0.09880 -0.32153 0.02840 0.21513 -0.25394 -0.29753 0.12924 -0.22266 -0.34601 -0.74991 0.13629 -0.08445
0.57999 -0.72851 1.86633 -0.17824 -0.58776 1.79604 0.07730 -0.38697 0.03505 -0.09664 -0.32062 0.02711 0.21536 -0.25511 -0.29709 0.12164 -0.21909 -0.33073 -0.75823 0.14075 -0.07029
0.58104 -0.72781 1.86687 -0.18266 -0.58519 1.80282 0.07837 -0.38790 0.03511 -0.09492 -0.31991 0.02657 0.21632 -0.25432 -0.29695 0.11718 -0.21641 -0.32448 -0.76370 0.14262 -0.06405
]
