classifier_Man_weaves_and_bumps_into_car_25103 [ 0.52806 -0.74972 1.9556 -0.16722 -0.63872 1.83714 0.08418 -0.35748 0.00451 -0.13364 -0.32091 0.03878 0.17871 -0.31714 -0.26466 0.20844 -0.28626 -0.36123 -0.69528 0.11100 -0.11846
0.5462 -0.75308 1.94255 -0.16693 -0.63809 1.83684 0.08417 -0.35766 0.00454 -0.13359 -0.32086 0.03870 0.19723 -0.32061 -0.27741 0.20925 -0.28555 -0.36100 -0.71313 0.11499 -0.10571
0.5276 -0.7501 1.96037 -0.16796 -0.63718 1.83656 0.08406 -0.35755 0.00477 -0.13363 -0.32100 0.03864 0.17897 -0.31792 -0.26058 0.20898 -0.28437 -0.36194 -0.69556 0.11292 -0.12381
0.5271 -0.7499 1.96149 -0.16823 -0.63648 1.83748 0.08397 -0.35739 0.00542 -0.13300 -0.32089 0.03805 0.17912 -0.31815 -0.25951 0.20906 -0.28372 -0.36001 -0.69533 0.11342 -0.12401
0.52591 -0.75004 1.96587 -0.16906 -0.63547 1.837 0.08445 -0.35739 0.00736 -0.13256 -0.32094 0.03750 0.17792 -0.31825 -0.25854 0.20875 -0.28257 -0.36120 -0.69497 0.11457 -0.12887
0.52764 -0.74499 1.9628 -0.17139 -0.63178 1.83298 0.08505 -0.35731 0.01066 -0.13163 -0.32032 0.03680 0.18009 -0.31336 -0.26226 0.20614 -0.27952 -0.36180 -0.69903 0.11321 -0.12982
0.52767 -0.74816 1.96574 -0.17513 -0.62822 1.82922 0.08552 -0.35754 0.01316 -0.13033 -0.31950 0.03585 0.18067 -0.31638 -0.26096 0.20226 -0.27639 -0.36355 -0.70280 0.11994 -0.13652
0.52979 -0.74225 1.96467 -0.17993 -0.62733 1.82849 0.08419 -0.35791 0.01671 -0.12930 -0.31851 0.03448 0.18517 -0.31018 -0.26551 0.19786 -0.27616 -0.36300 -0.70972 0.11492 -0.13618
0.51944 -0.72834 1.96108 -0.197 -0.54858 1.82566 0.07629 -0.35610 0.03225 -0.13611 -0.31565 0.02855 0.18716 -0.29906 -0.26036 0.17717 -0.20292 -0.33856 -0.71644 0.17976 -0.13542
0.5314 -0.71877 1.96212 -0.20292 -0.4594 1.76535 0.06810 -0.35426 0.04571 -0.13207 -0.31070 0.02182 0.20969 -0.29197 -0.26761 0.17290 -0.11801 -0.38893 -0.73432 0.25937 -0.19677
0.54539 -0.71712 1.98107 -0.21692 -0.4174 1.79714 0.06345 -0.36058 0.05900 -0.14728 -0.31088 0.00740 0.22257 -0.28237 -0.32919 0.17644 -0.07635 -0.40927 -0.76231 0.29972 -0.18393
0.47698 -0.62821 1.90836 -0.2114 -0.33937 1.70514 0.07449 -0.34620 0.05397 -0.20302 -0.34577 -0.04355 0.17288 -0.21968 -0.31027 0.23732 0.03520 -0.35829 -0.68838 0.28884 -0.20322
0.46282 -0.51272 1.86634 -0.22369 -0.28706 1.71446 0.07314 -0.33968 0.06512 -0.21184 -0.34889 -0.06952 0.15705 -0.10972 -0.38797 0.23204 0.08896 -0.34847 -0.68651 0.22566 -0.15188
0.45372 -0.44143 1.8075 -0.23078 -0.23437 1.70587 0.08386 -0.32629 0.05844 -0.13426 -0.28282 -0.13027 0.14532 -0.05364 -0.44018 0.16041 0.07324 -0.29545 -0.68450 0.20706 -0.10163
0.41418 -0.34003 1.72852 -0.22928 -0.1818 1.64631 0.11247 -0.34767 0.01902 -0.17399 -0.33985 -0.13311 0.08951 0.06394 -0.42061 0.20203 0.17703 -0.29362 -0.64346 0.15823 -0.08221
0.4071 -0.26381 1.79227 -0.24891 -0.15928 1.71866 0.12323 -0.28097 0.00327 -0.17030 -0.35247 -0.16666 0.06547 0.07303 -0.45001 0.19516 0.20953 -0.29117 -0.65601 0.10453 -0.07361
0.39871 -0.17808 1.8869 -0.27449 -0.1528 1.81772 0.17706 -0.34447 -0.05866 -0.13281 -0.31770 -0.21286 -0.00274 0.22021 -0.43728 0.14544 0.18181 -0.28128 -0.67320 0.02528 -0.06918
0.27213 0.08378 1.75672 -0.28874 -0.20965 1.71249 0.20005 -0.16458 -0.18999 -0.14507 -0.28539 -0.10630 -0.13719 0.29509 -0.31394 0.12673 0.09262 -0.37136 -0.56087 -0.29343 -0.04423
0.2559 0.12573 1.84005 -0.30714 -0.26394 1.77064 0.20316 -0.12871 -0.23044 -0.16268 -0.26861 -0.08270 -0.16152 0.30052 -0.26188 0.13267 0.02285 -0.40557 -0.56304 -0.38967 -0.06941
0.22707 0.16115 1.83393 -0.31265 -0.29456 1.75488 0.22970 -0.14562 -0.24550 -0.17023 -0.26352 -0.06286 -0.21347 0.35052 -0.22893 0.12876 -0.01246 -0.41753 -0.53972 -0.45571 -0.07905
0.20579 0.17782 1.82482 -0.31634 -0.30461 1.73385 0.22801 -0.14402 -0.24510 -0.17357 -0.25648 -0.06464 -0.23018 0.36409 -0.21167 0.12186 -0.02874 -0.41105 -0.52213 -0.48243 -0.09097
0.19164 0.1703 1.8 -0.31724 -0.28598 1.687 0.21254 -0.13884 -0.26701 -0.17002 -0.25193 -0.05768 -0.22411 0.34920 -0.16734 0.10990 -0.01473 -0.41886 -0.50888 -0.45628 -0.11300
0.19728 0.15414 1.89064 -0.33643 -0.25937 1.75548 0.21526 -0.16349 -0.28585 -0.17747 -0.26387 -0.06000 -0.23043 0.35925 -0.16040 0.10867 0.02472 -0.44840 -0.53371 -0.41351 -0.13516
0.20398 0.10398 1.88726 -0.33259 -0.19134 1.73944 0.16384 -0.17817 -0.26128 -0.12845 -0.33240 -0.12145 -0.17142 0.32408 -0.18400 0.06232 0.16172 -0.40025 -0.53657 -0.29532 -0.14782
0.19376 -0.00593 1.73512 -0.2921 -0.03539 1.63926 0.11207 -0.25804 -0.19126 -0.19182 -0.31279 -0.20300 -0.11182 0.29747 -0.27701 0.14909 0.29787 -0.29774 -0.48586 -0.02946 -0.09586
0.18373 -0.06336 1.74074 -0.2775 0.02726 1.65528 0.09917 -0.29635 -0.16879 -0.17650 -0.21088 -0.22707 -0.10894 0.27832 -0.31183 0.14761 0.26059 -0.27369 -0.46123 0.09062 -0.08546
0.17439 -0.10102 1.83193 -0.2781 0.07717 1.74864 0.09214 -0.32022 -0.18504 -0.18307 -0.19769 -0.25195 -0.12082 0.26622 -0.31595 0.16470 0.29841 -0.26254 -0.45249 0.17819 -0.08329
0.1517 -0.09815 1.84479 -0.27133 0.10364 1.76111 0.07853 -0.32219 -0.20046 -0.18119 -0.17758 -0.25996 -0.13102 0.27052 -0.29208 0.16851 0.30432 -0.24259 -0.42303 0.20179 -0.08368
0.12886 0.05638 1.84436 -0.2683 0.07012 1.76097 0.09145 -0.22172 -0.26996 -0.17598 -0.18394 -0.25865 -0.16460 0.33622 -0.21174 0.16307 0.27692 -0.24079 -0.39716 0.01374 -0.08339
0.15462 0.08787 1.90716 -0.28509 0.01207 1.79158 0.10569 -0.19941 -0.28124 -0.17143 -0.23504 -0.23093 -0.15502 0.35231 -0.16985 0.14075 0.27157 -0.27585 -0.43971 -0.07580 -0.11558
0.15106 0.12412 1.77107 -0.27584 -0.05399 1.65466 0.16055 -0.17405 -0.30641 -0.18122 -0.33052 -0.17450 -0.19809 0.36371 -0.09001 0.13831 0.29787 -0.29531 -0.42690 -0.17811 -0.11641
0.18144 0.17771 2.03144 -0.32681 -0.13325 1.89368 0.14562 -0.08423 -0.32796 -0.15271 -0.33439 -0.13136 -0.18159 0.33582 -0.11658 0.09133 0.22467 -0.40349 -0.50825 -0.31096 -0.13776
0.16404 0.17335 1.77275 -0.29424 -0.16692 1.65961 0.19082 -0.12257 -0.30712 -0.13130 -0.29796 -0.10681 -0.21933 0.35868 -0.08252 0.06865 0.15121 -0.35492 -0.45828 -0.34027 -0.11314
0.17248 0.17418 1.77577 -0.30214 -0.19165 1.666 0.19132 -0.12374 -0.30690 -0.12168 -0.30977 -0.06871 -0.21422 0.35912 -0.08271 0.05122 0.13810 -0.38980 -0.47462 -0.36583 -0.10977
0.17852 0.16374 1.76905 -0.30767 -0.18694 1.6669 0.19506 -0.12636 -0.30269 -0.12237 -0.31134 -0.06147 -0.21407 0.34955 -0.09051 0.04582 0.14416 -0.39308 -0.48619 -0.35068 -0.10215
0.21014 0.10856 1.82358 -0.33063 -0.11561 1.73187 0.18193 -0.14924 -0.22178 -0.20263 -0.34662 -0.14751 -0.17823 0.31927 -0.19477 0.11112 0.25126 -0.31838 -0.54077 -0.22417 -0.09171
0.20654 0.08225 1.72834 -0.33415 -0.06551 1.65991 0.22503 -0.21138 -0.23742 -0.20430 -0.32137 -0.14727 -0.21639 0.35228 -0.17186 0.09793 0.27516 -0.28975 -0.54069 -0.14776 -0.06843
0.21407 0.06462 1.71762 -0.35015 -0.01315 1.65528 0.22392 -0.21438 -0.23312 -0.24302 -0.27906 -0.17422 -0.20843 0.33829 -0.18538 0.12030 0.28557 -0.26591 -0.56422 -0.07777 -0.06234
0.22172 0.05118 1.71815 -0.36424 0.0391 1.65913 0.22332 -0.21909 -0.22862 -0.25999 -0.26044 -0.18261 -0.20202 0.33097 -0.19790 0.12454 0.31981 -0.26143 -0.58596 -0.01208 -0.05902
0.22942 0.02768 1.71411 -0.38325 0.11109 1.65889 0.22587 -0.22479 -0.21020 -0.30191 -0.20412 -0.18725 -0.19728 0.31592 -0.21477 0.14715 0.33550 -0.25108 -0.61267 0.08341 -0.05522
0.23544 0.00777 1.71984 -0.39692 0.10105 1.67143 0.23198 -0.22810 -0.19022 -0.31048 -0.20055 -0.17457 -0.19731 0.30089 -0.22852 0.14261 0.32196 -0.24896 -0.63236 0.09328 -0.04841
0.23797 -0.00232 1.73169 -0.40613 0.05354 1.6792 0.23768 -0.23125 -0.18154 -0.31821 -0.20902 -0.15197 -0.20124 0.29543 -0.23825 0.14306 0.28340 -0.27503 -0.64410 0.05586 -0.05249
0.23938 -0.01037 1.73678 -0.41431 -0.01496 1.67562 0.24380 -0.23921 -0.16979 -0.31700 -0.22064 -0.13539 -0.20569 0.29605 -0.24708 0.13415 0.22635 -0.29591 -0.65369 -0.00459 -0.06116
0.24986 -0.01654 1.80018 -0.43882 -0.0778 1.73113 0.25241 -0.24694 -0.17587 -0.27247 -0.20752 -0.10192 -0.21079 0.30062 -0.25457 0.07381 0.15109 -0.34843 -0.68868 -0.06126 -0.06905
0.25054 -0.02346 1.79814 -0.43705 -0.09983 1.72927 0.25401 -0.24952 -0.17105 -0.26983 -0.21669 -0.09890 -0.21106 0.29551 -0.26243 0.07390 0.13852 -0.35153 -0.68759 -0.07637 -0.06887
0.23031 -0.01709 1.73818 -0.41791 -0.06447 1.67146 0.24699 -0.24501 -0.16188 -0.29573 -0.25433 -0.12432 -0.21682 0.29525 -0.26048 0.11269 0.21127 -0.31489 -0.64822 -0.04738 -0.06672
0.22699 -0.01659 1.73609 -0.41911 -0.06386 1.66833 0.24669 -0.24697 -0.16094 -0.29507 -0.25342 -0.12715 -0.21890 0.29776 -0.26204 0.11191 0.21128 -0.31362 -0.64610 -0.04727 -0.06776
0.22504 -0.01898 1.73683 -0.41965 -0.06024 1.66366 0.24416 -0.24952 -0.16237 -0.29457 -0.25226 -0.13087 -0.21735 0.29796 -0.25962 0.11178 0.21395 -0.31426 -0.64469 -0.04126 -0.07317
0.22118 -0.02293 1.7317 -0.42259 -0.06396 1.66032 0.24174 -0.25272 -0.16259 -0.29410 -0.25177 -0.13151 -0.21753 0.29711 -0.26239 0.10897 0.20990 -0.31473 -0.64377 -0.04103 -0.07138
0.21561 -0.02615 1.72636 -0.42565 -0.07051 1.6598 0.23766 -0.25564 -0.16520 -0.29404 -0.25252 -0.13173 -0.21733 0.29684 -0.26741 0.10706 0.20444 -0.31763 -0.64126 -0.04436 -0.06656
0.20258 -0.02503 1.72011 -0.4296 -0.0788 1.66482 0.22980 -0.25679 -0.17703 -0.29514 -0.25418 -0.13292 -0.22154 0.29974 -0.27319 0.10640 0.19815 -0.32271 -0.63218 -0.05377 -0.05529
0.18494 -0.00546 1.69069 -0.42863 -0.08968 1.65828 0.20146 -0.23526 -0.20199 -0.29429 -0.25397 -0.13317 -0.20684 0.29992 -0.27070 0.10688 0.18739 -0.32559 -0.61357 -0.08422 -0.03241
0.10576 0.09994 1.80442 -0.44135 -0.12365 1.70071 0.09312 -0.13519 -0.29127 -0.27926 -0.27875 -0.08464 -0.18260 0.30732 -0.13088 0.09462 0.18317 -0.39986 -0.54711 -0.22359 -0.10371
0.06374 0.18021 1.70809 -0.41659 -0.12354 1.62713 0.08676 -0.13200 -0.31116 -0.26640 -0.27054 -0.09299 -0.20847 0.38218 -0.11144 0.09904 0.17576 -0.37716 -0.48033 -0.30375 -0.08096
0.03473 0.2612 1.75037 -0.42418 -0.12767 1.65496 0.02440 0.00686 -0.36041 -0.26955 -0.27509 -0.09667 -0.17821 0.32559 -0.05900 0.10072 0.17688 -0.38703 -0.45891 -0.38887 -0.09541
0.00932 0.33038 1.8366 -0.43717 -0.13179 1.71114 -0.00732 0.08369 -0.38626 -0.21956 -0.23278 -0.08946 -0.17795 0.32020 -0.01734 0.04744 0.13050 -0.41061 -0.44649 -0.46217 -0.12546
-0.00106 0.36095 1.86436 -0.43598 -0.1306 1.7081 -0.01207 0.10646 -0.38815 -0.22145 -0.23311 -0.08889 -0.18320 0.32782 0.01555 0.04785 0.13092 -0.41031 -0.43492 -0.49155 -0.15626
-0.01136 0.47068 2.01346 -0.43822 -0.12452 1.74177 -0.02111 0.17550 -0.38090 -0.22780 -0.23764 -0.08980 -0.18746 0.36751 0.11451 0.05519 0.14137 -0.41837 -0.42686 -0.59520 -0.27169
-0.00991 0.4445 1.95904 -0.42474 -0.11355 1.66808 -0.01990 0.17328 -0.36032 -0.27991 -0.26099 -0.13091 -0.17844 0.33845 0.13768 0.10814 0.17399 -0.35419 -0.41483 -0.55805 -0.29096
-0.01266 0.44622 1.97111 -0.42702 -0.10912 1.67151 -0.01868 0.17600 -0.35715 -0.28103 -0.26160 -0.13026 -0.18255 0.33640 0.14548 0.10618 0.17873 -0.35246 -0.41436 -0.55534 -0.29960
-0.01439 0.44877 1.96415 -0.43018 -0.10729 1.67208 -0.01757 0.17724 -0.35536 -0.28179 -0.26205 -0.12878 -0.18527 0.33694 0.13798 0.10310 0.18085 -0.35198 -0.41579 -0.55606 -0.29207
-0.01496 0.44342 1.96089 -0.43373 -0.1072 1.67292 -0.01326 0.17446 -0.35586 -0.28306 -0.26284 -0.12557 -0.19047 0.33289 0.13207 0.10058 0.18159 -0.35738 -0.41877 -0.55062 -0.28797
-0.0156 0.39595 1.93897 -0.43709 -0.10644 1.67431 0.00109 0.16161 -0.35612 -0.28533 -0.26388 -0.12467 -0.20580 0.29701 0.10631 0.09937 0.18346 -0.36136 -0.42149 -0.50239 -0.26466
0.00021 0.34977 1.92414 -0.44181 -0.10427 1.67617 0.03236 0.12672 -0.35691 -0.28718 -0.26524 -0.13119 -0.22194 0.28548 0.08702 0.09965 0.18728 -0.36056 -0.44202 -0.45404 -0.24797
0.03413 0.29196 1.91502 -0.44837 -0.10227 1.68121 0.05706 0.09045 -0.34769 -0.29157 -0.27026 -0.13703 -0.21373 0.26407 0.06020 0.10091 0.19468 -0.35912 -0.48250 -0.39423 -0.23381
0.06298 0.25269 1.89111 -0.44348 -0.0992 1.65296 0.12036 -0.00103 -0.31965 -0.28767 -0.26307 -0.13902 -0.24622 0.31597 0.04460 0.09880 0.19042 -0.35027 -0.50646 -0.35189 -0.23815
0.12461 0.17534 1.89311 -0.45468 -0.09936 1.69127 0.14977 -0.04792 -0.30205 -0.29788 -0.26801 -0.13854 -0.21883 0.28706 -0.02474 0.10240 0.19532 -0.36346 -0.57929 -0.27470 -0.20184
0.18285 0.1055 1.88589 -0.46178 -0.09571 1.70562 0.18288 -0.12572 -0.23665 -0.30150 -0.26818 -0.14010 -0.19507 0.29535 -0.11376 0.10031 0.19906 -0.36234 -0.64463 -0.20121 -0.18027
0.22712 0.04182 1.82868 -0.44826 -0.09015 1.66673 0.19978 -0.17573 -0.18641 -0.29533 -0.26102 -0.13633 -0.16314 0.28018 -0.16856 0.10142 0.19658 -0.35216 -0.67538 -0.13197 -0.16195
0.27262 -0.01966 1.83371 -0.45499 -0.09219 1.68859 0.20611 -0.20422 -0.16050 -0.29633 -0.26680 -0.14062 -0.12657 0.24766 -0.21961 0.10811 0.20132 -0.35539 -0.72761 -0.07253 -0.14512
0.30343 -0.08523 1.77909 -0.44459 -0.09113 1.65536 0.20214 -0.24815 -0.07898 -0.29116 -0.25891 -0.14018 -0.08871 0.22359 -0.31020 0.10663 0.19385 -0.34197 -0.74802 -0.00590 -0.12373
0.32769 -0.18909 1.72877 -0.41315 -0.08489 1.61551 0.16675 -0.27763 -0.02177 -0.28525 -0.25530 -0.13336 -0.03646 0.13933 -0.37926 0.12579 0.19586 -0.34360 -0.74084 0.10420 -0.11326
0.31211 -0.20092 1.68886 -0.41487 -0.10423 1.58322 0.18548 -0.33947 -0.04444 -0.22494 -0.21239 -0.09121 -0.06531 0.18838 -0.33695 0.05586 0.13301 -0.35822 -0.72698 0.09669 -0.10564
0.31273 -0.21395 1.75433 -0.42612 -0.11153 1.63634 0.17910 -0.32922 -0.01031 -0.23362 -0.22004 -0.09298 -0.06480 0.16730 -0.37500 0.06050 0.13421 -0.37004 -0.73885 0.10242 -0.11799
0.30684 -0.2043 1.76953 -0.42287 -0.11013 1.64448 0.18326 -0.35460 0.00020 -0.23508 -0.22154 -0.09358 -0.07593 0.20310 -0.38144 0.06588 0.13721 -0.37126 -0.72971 0.09417 -0.12505
0.30851 -0.19671 1.76946 -0.42161 -0.10621 1.64875 0.17110 -0.32251 -0.01994 -0.27898 -0.26333 -0.14676 -0.06270 0.17915 -0.36702 0.11509 0.18393 -0.31995 -0.73012 0.09050 -0.12071
0.30375 -0.17289 1.74427 -0.41114 -0.09613 1.63072 0.18453 -0.34307 -0.04631 -0.27617 -0.25931 -0.14738 -0.07887 0.22327 -0.34339 0.11891 0.18957 -0.31447 -0.71489 0.07676 -0.11355
0.30059 -0.17017 1.74144 -0.40971 -0.09582 1.63043 0.18573 -0.34592 -0.04458 -0.27625 -0.25820 -0.14783 -0.08304 0.22903 -0.34551 0.11917 0.18863 -0.31130 -0.71030 0.07435 -0.11101
0.29516 -0.16849 1.73342 -0.40939 -0.09672 1.62212 0.18692 -0.34705 -0.04751 -0.27344 -0.25723 -0.15011 -0.08879 0.23175 -0.34134 0.11873 0.18742 -0.30971 -0.70455 0.07177 -0.11130
0.29392 -0.17002 1.76842 -0.41753 -0.10056 1.65321 0.17820 -0.32205 -0.05188 -0.27754 -0.26224 -0.15534 -0.08511 0.20634 -0.34304 0.12167 0.18966 -0.31467 -0.71145 0.06946 -0.11521
0.28337 -0.16854 1.77314 -0.41757 -0.10294 1.65394 0.17627 -0.31852 -0.05484 -0.27721 -0.26472 -0.15293 -0.09400 0.20441 -0.33851 0.12320 0.19026 -0.32044 -0.70094 0.06560 -0.11920
0.27176 -0.167 1.81691 -0.42856 -0.10701 1.69242 0.17081 -0.31590 -0.07640 -0.28323 -0.27185 -0.15589 -0.10483 0.20457 -0.32442 0.12557 0.19427 -0.33005 -0.70032 0.05999 -0.12449
0.21919 -0.14964 1.82874 -0.43103 -0.11459 1.70528 0.15791 -0.29784 -0.09975 -0.22431 -0.23249 -0.10400 -0.14489 0.20372 -0.30499 0.06704 0.14779 -0.38564 -0.65022 0.03505 -0.12346
0.1844 -0.13777 1.76522 -0.41236 -0.10585 1.65031 0.13620 -0.29289 -0.11965 -0.27068 -0.26545 -0.16301 -0.15099 0.20638 -0.27999 0.12010 0.18794 -0.31164 -0.59676 0.03192 -0.11491
0.1246 -0.10169 1.72281 -0.40237 -0.10606 1.64612 0.07785 -0.29493 -0.20121 -0.27039 -0.26544 -0.15906 -0.15201 0.24422 -0.23240 0.12706 0.18723 -0.31110 -0.52697 -0.00437 -0.07669
0.10269 -0.08879 1.70801 -0.40053 -0.10986 1.66443 0.08133 -0.33551 -0.21814 -0.22146 -0.23436 -0.10110 -0.17937 0.29830 -0.24613 0.08068 0.15237 -0.36735 -0.50322 -0.02107 -0.04358
0.07604 -0.07469 1.65198 -0.39735 -0.10645 1.65088 0.06909 -0.33343 -0.23002 -0.21989 -0.23208 -0.09988 -0.19124 0.31093 -0.26475 0.07866 0.15311 -0.35956 -0.47339 -0.03176 -0.00110
0.05559 -0.07114 1.68554 -0.41401 -0.10856 1.73568 0.01702 -0.25090 -0.30107 -0.23007 -0.24108 -0.10835 -0.16892 0.23463 -0.26612 0.08400 0.16116 -0.37261 -0.46960 -0.03742 0.05014
0.03453 -0.07245 1.64474 -0.41204 -0.10535 1.74112 0.01576 -0.24824 -0.30123 -0.23071 -0.23992 -0.11216 -0.18814 0.23097 -0.30847 0.08642 0.16316 -0.36810 -0.44657 -0.03290 0.09638
0.01493 -0.07225 1.56222 -0.39511 -0.09759 1.68098 0.01151 -0.23092 -0.29206 -0.26569 -0.27828 -0.15778 -0.19431 0.21227 -0.31578 0.12840 0.20811 -0.30490 -0.41004 -0.02534 0.11876
-0.00479 -0.07292 1.57135 -0.39726 -0.09531 1.69065 0.01231 -0.24021 -0.27629 -0.26750 -0.28000 -0.15943 -0.21254 0.21098 -0.31586 0.12932 0.21197 -0.30943 -0.39247 -0.02239 0.11930
-0.02008 -0.07633 1.59616 -0.40031 -0.09374 1.69374 0.01013 -0.23390 -0.27898 -0.26820 -0.28010 -0.16109 -0.22541 0.20286 -0.29468 0.12743 0.21356 -0.31083 -0.38023 -0.01741 0.09758
-0.03694 -0.0795 1.63433 -0.40434 -0.09478 1.69416 0.01023 -0.23270 -0.27794 -0.26858 -0.28018 -0.16194 -0.24218 0.19971 -0.26108 0.12403 0.21264 -0.31281 -0.36740 -0.01528 0.05983
-0.0515 -0.07564 1.59466 -0.38963 -0.09397 1.60791 0.02468 -0.30182 -0.26957 -0.25591 -0.26658 -0.15367 -0.26146 0.27137 -0.20461 0.11344 0.19852 -0.30274 -0.33813 -0.01833 0.01325
-0.06483 -0.08952 1.65618 -0.39786 -0.09864 1.6233 0.02529 -0.30509 -0.27348 -0.25936 -0.26961 -0.15569 -0.27739 0.26239 -0.16544 0.11171 0.19724 -0.31111 -0.33303 -0.00912 -0.03288
-0.08317 -0.10813 1.78043 -0.42558 -0.10911 1.71169 0.01465 -0.25602 -0.21495 -0.27368 -0.28450 -0.16370 -0.29504 0.19819 -0.21513 0.11200 0.20311 -0.32907 -0.34241 -0.00098 -0.06874
-0.09325 -0.10601 1.70716 -0.40372 -0.10308 1.61452 0.01952 -0.32568 -0.24547 -0.25879 -0.26859 -0.15462 -0.29918 0.26586 -0.13256 0.10441 0.19173 -0.31361 -0.31047 0.00293 -0.09264
-0.10149 -0.11109 1.72114 -0.40557 -0.10383 1.61742 0.01883 -0.32504 -0.24692 -0.26020 -0.26972 -0.15045 -0.30637 0.26166 -0.11977 0.10426 0.19222 -0.31639 -0.30408 0.00726 -0.10372
-0.10678 -0.11129 1.7599 -0.42547 -0.10375 1.67794 0.01574 -0.33516 -0.25602 -0.23526 -0.24113 -0.08687 -0.31387 0.27444 -0.14029 0.06801 0.16477 -0.38787 -0.31869 0.00754 -0.08196
-0.11201 -0.11824 1.67694 -0.42202 -0.09373 1.66154 0.01149 -0.34336 -0.21575 -0.22426 -0.23484 -0.09085 -0.31088 0.27581 -0.23192 0.06466 0.17085 -0.37500 -0.31001 0.02451 -0.01540
-0.1233 -0.12911 1.60806 -0.41176 -0.09165 1.62067 0.00653 -0.32830 -0.22529 -0.25665 -0.27576 -0.13018 -0.31033 0.24909 -0.22982 0.10456 0.21515 -0.31899 -0.28846 0.03746 0.01261
-0.16132 -0.13524 1.62582 -0.41933 -0.09204 1.65722 -0.02239 -0.30211 -0.28001 -0.25892 -0.28249 -0.13310 -0.31707 0.21479 -0.18239 0.10631 0.22122 -0.31833 -0.25801 0.04320 0.03140
-0.21012 -0.13444 1.60308 -0.40671 -0.08614 1.63717 -0.02036 -0.29986 -0.26822 -0.25316 -0.27991 -0.13390 -0.36338 0.21144 -0.18467 0.10869 0.21998 -0.31215 -0.19659 0.04830 0.03409
-0.30333 -0.10377 1.61554 -0.40885 -0.08603 1.63407 -0.04703 -0.22506 -0.23492 -0.25402 -0.27900 -0.14361 -0.42970 0.16686 -0.21711 0.10979 0.21773 -0.32156 -0.10552 0.01774 0.01853
-0.30057 -0.09781 1.62114 -0.42838 -0.07706 1.64321 -0.05795 -0.22202 -0.24226 -0.25380 -0.28101 -0.14400 -0.41526 0.16939 -0.20909 0.09127 0.22740 -0.32036 -0.12781 0.02075 0.02207
-0.21343 -0.12607 1.66815 -0.45934 -0.07348 1.70362 -0.06007 -0.22773 -0.24970 -0.25838 -0.30805 -0.09891 -0.33006 0.14781 -0.21191 0.07164 0.25780 -0.36513 -0.24591 0.05259 0.03547
-0.18023 -0.09921 1.68353 -0.47004 -0.07141 1.72307 -0.05981 -0.22900 -0.25560 -0.26597 -0.30671 -0.09952 -0.29859 0.17631 -0.21507 0.07181 0.26265 -0.37084 -0.28981 0.02780 0.03954
-0.12674 -0.06009 1.62404 -0.46172 -0.07229 1.66572 -0.05023 -0.21985 -0.24914 -0.25065 -0.27445 -0.09331 -0.24859 0.20446 -0.21057 0.06401 0.24209 -0.36254 -0.33498 -0.01220 0.04168
-0.07428 -0.02181 1.68289 -0.4955 -0.0664 1.73382 -0.03465 -0.22163 -0.26500 -0.25864 -0.27888 -0.10050 -0.21885 0.24631 -0.22341 0.05461 0.25991 -0.37833 -0.42122 -0.04459 0.05093
-0.00956 -0.00681 1.60092 -0.47417 -0.06731 1.64172 -0.01113 -0.20011 -0.26896 -0.24682 -0.26195 -0.09864 -0.16824 0.23681 -0.19001 0.05140 0.24054 -0.35928 -0.46461 -0.06050 0.04080
0.02731 0.01918 1.66685 -0.50279 -0.06233 1.71815 0.01397 -0.21007 -0.29219 -0.26203 -0.27189 -0.11092 -0.16464 0.27410 -0.19232 0.05286 0.25874 -0.36414 -0.53010 -0.08151 0.05130
0.04876 0.02317 1.65284 -0.49608 -0.06353 1.70124 0.04824 -0.21933 -0.29722 -0.25639 -0.26988 -0.11498 -0.17695 0.28729 -0.18339 0.05612 0.25450 -0.36143 -0.54484 -0.08670 0.04840
0.05536 -0.00345 1.65811 -0.47608 -0.06327 1.7072 0.07921 -0.22824 -0.27685 -0.25993 -0.27226 -0.12507 -0.20345 0.26918 -0.20486 0.07994 0.25744 -0.34762 -0.53144 -0.05982 0.04909
0.05 -0.01042 1.65538 -0.46665 -0.0627 1.70015 0.08509 -0.23636 -0.26412 -0.26041 -0.27275 -0.13456 -0.21582 0.26950 -0.21517 0.08837 0.25868 -0.33608 -0.51665 -0.05228 0.04477
0.04732 -0.01967 1.66359 -0.46033 -0.06122 1.70457 0.08223 -0.23602 -0.26465 -0.26033 -0.27398 -0.13749 -0.21742 0.25965 -0.21476 0.09512 0.26183 -0.33467 -0.50765 -0.04155 0.04098
0.03857 -0.02305 1.66699 -0.45337 -0.06146 1.70416 0.07831 -0.23655 -0.26572 -0.25819 -0.27351 -0.14177 -0.22294 0.25677 -0.21167 0.09964 0.26129 -0.33096 -0.49194 -0.03841 0.03717
0.03156 -0.02681 1.66977 -0.44669 -0.0622 1.70447 0.06894 -0.23919 -0.26898 -0.25552 -0.27320 -0.14750 -0.22499 0.25163 -0.21025 0.10217 0.25929 -0.32592 -0.47825 -0.03539 0.03470
0.02663 -0.02889 1.67241 -0.4422 -0.06007 1.70557 0.06297 -0.23921 -0.27143 -0.25349 -0.27197 -0.15075 -0.22418 0.24993 -0.20649 0.10447 0.26042 -0.32268 -0.46883 -0.03118 0.03316
0.02218 -0.02997 1.67556 -0.43855 -0.05874 1.70572 0.06223 -0.24035 -0.27068 -0.25398 -0.27287 -0.15281 -0.22808 0.25034 -0.20519 0.10689 0.26136 -0.32314 -0.46073 -0.02877 0.03016
0.02083 -0.03262 1.67737 -0.436 -0.06001 1.70553 0.05718 -0.23990 -0.27167 -0.25396 -0.27301 -0.15611 -0.22636 0.24652 -0.20421 0.10808 0.25922 -0.32155 -0.45683 -0.02739 0.02816
0.02457 -0.03456 1.67544 -0.43039 -0.05822 1.70027 0.05383 -0.24056 -0.27342 -0.25393 -0.27249 -0.15850 -0.22116 0.24490 -0.20371 0.11188 0.25960 -0.32283 -0.45496 -0.02366 0.02483
0.02899 -0.03715 1.67843 -0.42963 -0.05615 1.69988 0.05359 -0.24040 -0.27344 -0.25344 -0.27211 -0.15835 -0.21674 0.24281 -0.20196 0.11186 0.26164 -0.32377 -0.45862 -0.01900 0.02145
0.0324 -0.04106 1.67873 -0.42686 -0.055 1.69689 0.05346 -0.24025 -0.27342 -0.25223 -0.27141 -0.16318 -0.21340 0.23930 -0.20162 0.11278 0.26220 -0.32069 -0.45926 -0.01394 0.01816
0.03892 -0.04838 1.67373 -0.42007 -0.05508 1.68634 0.06368 -0.26377 -0.25861 -0.25083 -0.27011 -0.16296 -0.21998 0.25512 -0.21001 0.11598 0.26052 -0.31758 -0.45899 -0.00670 0.01261
0.04715 -0.06045 1.67847 -0.41746 -0.05755 1.68451 0.06776 -0.26763 -0.25307 -0.25316 -0.27306 -0.16477 -0.21593 0.24764 -0.21273 0.11811 0.25838 -0.31864 -0.46461 0.00290 0.00604
0.06691 -0.10425 1.69241 -0.40672 -0.06129 1.68899 0.08408 -0.27889 -0.22025 -0.25045 -0.27382 -0.17741 -0.21314 0.21608 -0.23689 0.12648 0.25613 -0.30564 -0.47363 0.04296 -0.00342
0.07683 -0.1299 1.66249 -0.38976 -0.0593 1.65692 0.09787 -0.28909 -0.17771 -0.24558 -0.27052 -0.17248 -0.21339 0.20042 -0.26621 0.13211 0.25454 -0.29722 -0.46659 0.07060 -0.00557
0.0981 -0.17428 1.7241 -0.39241 -0.06936 1.71735 0.11120 -0.28409 -0.13393 -0.25299 -0.28348 -0.17705 -0.21269 0.15351 -0.32025 0.14591 0.25903 -0.30376 -0.49051 0.10492 -0.00675
0.12563 -0.25393 1.66227 -0.3453 -0.09163 1.66973 0.12564 -0.34933 -0.07235 -0.23763 -0.28525 -0.16643 -0.20430 0.14290 -0.37182 0.16741 0.23665 -0.28627 -0.47093 0.16230 0.00746
0.13677 -0.29732 1.58835 -0.31068 -0.11709 1.60793 0.10268 -0.33724 -0.04579 -0.21288 -0.28581 -0.16328 -0.16739 0.08868 -0.38953 0.15514 0.19799 -0.26056 -0.44745 0.18023 0.01958
0.16193 -0.38612 1.72426 -0.3042 -0.17486 1.74324 0.08934 -0.31384 0.01474 -0.18841 -0.28514 -0.11480 -0.14379 -0.01894 -0.48043 0.15419 0.13616 -0.33803 -0.46613 0.21126 0.01898
0.16669 -0.4583 1.76361 -0.27448 -0.23669 1.77027 0.07859 -0.39170 -0.01168 -0.17874 -0.25335 -0.07827 -0.12992 -0.01220 -0.44484 0.18095 0.04651 -0.37742 -0.44117 0.22161 0.00666
0.15551 -0.54556 1.72835 -0.20765 -0.37907 1.70201 0.07584 -0.37475 -0.00320 -0.17721 -0.28485 -0.00316 -0.12640 -0.11889 -0.37465 0.23122 -0.06590 -0.40420 -0.36316 0.16649 -0.02634
0.16824 -0.63002 1.89113 -0.20406 -0.49745 1.85945 0.08973 -0.34800 0.06835 -0.14635 -0.29246 -0.00646 -0.14380 -0.22566 -0.45484 0.22779 -0.17016 -0.41536 -0.37230 0.13257 -0.03168
0.16134 -0.65866 1.86544 -0.19067 -0.57251 1.84665 0.08854 -0.34544 0.06971 -0.13201 -0.34101 0.00527 -0.14585 -0.25753 -0.44895 0.22166 -0.19692 -0.40566 -0.35201 0.08615 -0.01879
0.16444 -0.66841 1.87238 -0.18205 -0.63006 1.85746 0.08752 -0.35173 0.07388 -0.11757 -0.33060 0.00856 -0.14251 -0.26065 -0.45697 0.21895 -0.26115 -0.40920 -0.34649 0.03835 -0.01492
0.16828 -0.6663 1.86538 -0.1744 -0.65094 1.8639 0.07887 -0.35342 0.07329 -0.10496 -0.33058 0.01536 -0.13714 -0.25624 -0.46374 0.21420 -0.28022 -0.40556 -0.34268 0.01536 -0.00148
0.17249 -0.64883 1.8278 -0.16276 -0.63764 1.82408 0.07152 -0.34534 0.07135 -0.09486 -0.32842 0.02340 -0.12518 -0.24710 -0.45121 0.20524 -0.27006 -0.40047 -0.33525 0.01119 -0.00372
0.23551 -0.64891 1.83764 -0.16376 -0.6319 1.81488 0.06361 -0.35373 0.06785 -0.08422 -0.33081 0.02889 -0.05943 -0.23657 -0.43479 0.19316 -0.26111 -0.40905 -0.39927 0.01701 -0.02276
0.21648 -0.65871 1.66752 -0.15394 -0.59342 1.703 0.05926 -0.37035 0.09033 -0.07718 -0.30985 0.02626 -0.05740 -0.23272 -0.49391 0.17963 -0.24531 -0.38705 -0.37042 0.06529 0.03548
0.3344 -0.61407 1.74853 -0.15778 -0.59898 1.71088 0.05316 -0.37435 0.08837 -0.07703 -0.31002 0.02531 0.05686 -0.17961 -0.42754 0.17716 -0.24992 -0.39122 -0.49218 0.01509 -0.03765
0.43092 -0.62052 1.80573 -0.22568 -0.5746 1.89732 0.05825 -0.38243 0.07980 -0.07996 -0.30810 0.02335 0.14648 -0.17657 -0.39954 0.11647 -0.22643 -0.24213 -0.65660 0.04592 0.09159
0.44463 -0.65113 1.92996 -0.17217 -0.63758 1.81421 0.06028 -0.39709 0.07881 -0.08503 -0.31553 0.02174 0.14667 -0.18875 -0.36374 0.18423 -0.28020 -0.41246 -0.61680 0.01355 -0.11575
0.47063 -0.63687 1.84165 -0.17055 -0.60664 1.77218 0.05869 -0.38170 0.07352 -0.08233 -0.30084 0.02221 0.18033 -0.19086 -0.36564 0.17110 -0.26543 -0.37335 -0.64118 0.03023 -0.06947
0.53566 -0.684 1.81316 -0.22416 -0.57098 1.9035 0.04085 -0.37521 0.05652 -0.12188 -0.31116 0.02476 0.23793 -0.23560 -0.38333 0.11528 -0.23271 -0.23748 -0.75982 0.11302 0.09034
0.54335 -0.68854 1.81992 -0.16427 -0.61393 1.74537 0.04212 -0.37484 0.04892 -0.11950 -0.30938 0.02413 0.23685 -0.23666 -0.37429 0.17389 -0.27686 -0.39861 -0.70762 0.07461 -0.07455
0.55292 -0.70232 1.83535 -0.16425 -0.61727 1.75391 0.05790 -0.38029 0.04174 -0.11566 -0.30959 0.02404 0.23024 -0.24447 -0.36250 0.17120 -0.27970 -0.40159 -0.71717 0.08505 -0.08144
0.53711 -0.68498 1.77638 -0.15952 -0.59569 1.69436 0.05920 -0.36662 0.03451 -0.10824 -0.29830 0.02507 0.21862 -0.24084 -0.34027 0.16053 -0.27020 -0.38858 -0.69663 0.08929 -0.08202
0.56261 -0.71668 1.84075 -0.16449 -0.61577 1.75504 0.06273 -0.37909 0.03457 -0.10886 -0.30732 0.02630 0.22792 -0.25488 -0.35047 0.16284 -0.28017 -0.40284 -0.72710 0.10091 -0.08571
0.54543 -0.69561 1.77571 -0.15989 -0.59507 1.69198 0.06306 -0.36532 0.03223 -0.11392 -0.29776 0.02569 0.21741 -0.24835 -0.33701 0.15275 -0.27250 -0.39012 -0.70532 0.10054 -0.08373
0.56859 -0.72745 1.8507 -0.16579 -0.61957 1.76359 0.06668 -0.37996 0.03327 -0.12213 -0.31016 0.02696 0.22306 -0.25992 -0.35148 0.15677 -0.28431 -0.40637 -0.73438 0.10788 -0.08711
0.56865 -0.73111 1.85489 -0.16661 -0.61982 1.76691 0.03852 -0.36285 0.02792 -0.14911 -0.31629 0.02847 0.22039 -0.26156 -0.35007 0.15383 -0.28505 -0.40489 -0.73526 0.11129 -0.08798
0.5691 -0.73399 1.8617 -0.16689 -0.62152 1.77303 0.04350 -0.36663 0.02842 -0.14542 -0.31467 0.02379 0.21788 -0.26136 -0.35011 0.15105 -0.28797 -0.40099 -0.73599 0.11247 -0.08867
0.5671 -0.73521 1.86692 -0.16845 -0.62262 1.7792 0.03082 -0.35818 0.02486 -0.15664 -0.31709 0.01997 0.21403 -0.26086 -0.34953 0.14621 -0.29014 -0.39343 -0.73555 0.11259 -0.08772
0.56801 -0.7368 1.87024 -0.16711 -0.62268 1.78052 0.02556 -0.35397 0.02391 -0.15687 -0.31394 0.01629 0.21372 -0.26119 -0.34986 0.14466 -0.29104 -0.39189 -0.73512 0.11412 -0.08972
0.56821 -0.73782 1.87117 -0.1675 -0.62314 1.78452 0.02257 -0.35200 0.02323 -0.15842 -0.31139 0.01354 0.21233 -0.26065 -0.35202 0.14097 -0.29170 -0.38690 -0.73571 0.11468 -0.08665
0.56975 -0.73892 1.873 -0.16823 -0.62424 1.78688 0.02062 -0.35142 0.02255 -0.15927 -0.30920 0.01091 0.21207 -0.25949 -0.35218 0.13739 -0.29398 -0.38332 -0.73798 0.11468 -0.08612
0.57053 -0.73985 1.87458 -0.16839 -0.62435 1.79138 0.01903 -0.35103 0.02215 -0.16083 -0.30732 0.00860 0.21154 -0.25893 -0.35399 0.13505 -0.29467 -0.37864 -0.73892 0.11550 -0.08320
0.57207 -0.73978 1.87498 -0.16852 -0.62456 1.79222 0.01697 -0.34874 0.02156 -0.16257 -0.30569 0.00664 0.21205 -0.25810 -0.35366 0.13316 -0.29461 -0.37520 -0.74059 0.11522 -0.08276
0.57275 -0.73998 1.87586 -0.16638 -0.62381 1.79228 0.01548 -0.34740 0.02149 -0.16349 -0.30411 0.00587 0.21212 -0.25793 -0.35338 0.13383 -0.29398 -0.37421 -0.73913 0.11617 -0.08358
0.57382 -0.74077 1.87375 -0.16588 -0.62441 1.79191 0.01510 -0.34704 0.02170 -0.16414 -0.30398 0.00483 0.21202 -0.25797 -0.35637 0.13269 -0.29386 -0.37337 -0.73970 0.11636 -0.08184
0.57416 -0.74162 1.87392 -0.16697 -0.62485 1.79439 0.01519 -0.34761 0.02155 -0.16439 -0.30344 0.00430 0.21098 -0.25766 -0.35828 0.13017 -0.29456 -0.37179 -0.74113 0.11677 -0.07953
0.57233 -0.74184 1.87719 -0.16683 -0.62477 1.79649 0.01520 -0.34797 0.02088 -0.16458 -0.30355 0.00320 0.20810 -0.25718 -0.35675 0.12925 -0.29367 -0.37039 -0.73916 0.11707 -0.08070
]
