classifier_Monkey_bumps_into_monkey_19371 [ 0.4607 -0.68271 1.7012 -0.13116 -0.57005 1.73872 0.08233 -0.35199 -0.23183 -0.09421 -0.33624 -0.09459 0.09960 -0.27319 -0.37607 0.12108 -0.15754 -0.41829 -0.59186 0.11266 0.03752
0.4625 -0.68387 1.70279 -0.129 -0.56961 1.7393 0.07989 -0.35781 -0.23430 -0.09413 -0.33605 -0.09460 0.10389 -0.26855 -0.37151 0.12313 -0.15731 -0.41713 -0.59150 0.11426 0.03651
0.46438 -0.68502 1.70207 -0.12946 -0.57144 1.73966 0.08146 -0.35586 -0.23312 -0.09413 -0.33594 -0.09457 0.10414 -0.27163 -0.37400 0.12272 -0.15925 -0.41739 -0.59384 0.11358 0.03759
0.46605 -0.68548 1.7055 -0.1321 -0.56951 1.74546 0.08295 -0.35308 -0.22976 -0.09410 -0.33579 -0.09419 0.10432 -0.27493 -0.37419 0.12009 -0.15748 -0.41217 -0.59815 0.11597 0.03996
0.49288 -0.73221 1.82978 -0.14636 -0.5585 2.00005 0.09100 -0.37563 -0.24470 -0.10066 -0.35913 -0.10062 0.10381 -0.29514 -0.39470 0.12333 -0.11789 -0.30691 -0.63924 0.17371 0.17027
0.46971 -0.686 1.7153 -0.15056 -0.54661 1.71258 0.09096 -0.34865 -0.22682 -0.09598 -0.33552 -0.09093 0.10004 -0.27989 -0.36664 0.10351 -0.13486 -0.44754 -0.62027 0.13939 -0.00272
0.46993 -0.67833 1.72631 -0.17076 -0.51961 1.73714 0.10489 -0.34218 -0.21801 -0.10584 -0.33486 -0.08297 0.08636 -0.27876 -0.36487 0.09326 -0.10853 -0.43175 -0.64069 0.15872 0.01083
0.48345 -0.67231 1.76124 -0.18715 -0.52868 1.78411 0.13309 -0.34094 -0.21828 -0.12965 -0.32785 -0.07411 0.06573 -0.27280 -0.37849 0.10415 -0.12302 -0.44128 -0.67060 0.14363 0.02287
0.49403 -0.65547 1.77553 -0.21356 -0.52566 1.82149 0.17282 -0.32705 -0.20739 -0.16089 -0.31346 -0.05626 0.03266 -0.26933 -0.40747 0.11157 -0.13340 -0.45371 -0.70759 0.12981 0.04596
0.46352 -0.57305 1.77389 -0.27795 -0.47427 1.82682 0.23968 -0.27658 -0.16358 -0.26268 -0.24871 -0.05883 -0.05892 -0.24170 -0.40016 0.14677 -0.14787 -0.39441 -0.74147 0.09878 0.05293
0.47976 -0.59528 1.90355 -0.32747 -0.50359 1.95426 0.24590 -0.25578 -0.07964 -0.31006 -0.22098 -0.02404 -0.06373 -0.28177 -0.47590 0.15307 -0.20094 -0.42079 -0.80723 0.09169 0.05071
0.45479 -0.57254 2.05928 -0.41446 -0.51833 2.07618 0.28762 -0.19860 -0.05774 -0.32906 -0.14263 -0.01218 -0.12930 -0.31682 -0.33262 0.08465 -0.29480 -0.30146 -0.86925 0.05421 0.01690
0.44736 -0.56988 2.09859 -0.42208 -0.52946 2.10786 0.28980 -0.19481 -0.05404 -0.31239 -0.14523 0.06672 -0.13834 -0.31833 -0.29167 0.06014 -0.30394 -0.34339 -0.86944 0.04042 0.00927
0.44308 -0.55119 2.14987 -0.42903 -0.53723 2.15514 0.29637 -0.19128 -0.02729 -0.31371 -0.14656 0.07478 -0.15098 -0.30298 -0.28127 0.05558 -0.31142 -0.31869 -0.87211 0.01396 0.00527
0.44725 -0.56315 2.21243 -0.43398 -0.55156 2.22116 0.30330 -0.19299 -0.01399 -0.32139 -0.14824 0.08038 -0.15976 -0.31223 -0.27918 0.06177 -0.32288 -0.30417 -0.88123 0.01159 0.00873
0.45309 -0.5356 2.23535 -0.42886 -0.55054 2.2412 0.30346 -0.19138 -0.00080 -0.32331 -0.14511 0.08874 -0.15418 -0.28661 -0.26823 0.06885 -0.32615 -0.29161 -0.88195 -0.01494 0.00585
0.45511 -0.52504 2.2438 -0.42587 -0.53941 2.25075 0.30413 -0.19008 0.00562 -0.32401 -0.13940 0.08826 -0.15319 -0.27763 -0.26854 0.07279 -0.32086 -0.28372 -0.88098 -0.01437 0.00695
0.42773 -0.53709 2.2526 -0.40064 -0.55263 2.25212 0.30644 -0.18362 0.00172 -0.32299 -0.13587 0.08900 -0.18152 -0.29664 -0.24406 0.09633 -0.33807 -0.27133 -0.82837 -0.01554 -0.00048
0.4591 -0.52238 2.21183 -0.39159 -0.56817 2.23013 0.30522 -0.17751 -0.00098 -0.31673 -0.13570 0.08582 -0.14526 -0.28903 -0.25197 0.09966 -0.35750 -0.26223 -0.85069 -0.04579 0.01830
0.47333 -0.5426 2.25064 -0.4302 -0.53087 2.24962 0.31162 -0.17899 -0.00298 -0.32334 -0.13666 0.08759 -0.14267 -0.30704 -0.25416 0.07071 -0.31772 -0.28599 -0.90353 0.01173 -0.00102
0.46721 -0.56945 2.25295 -0.45922 -0.50362 2.27048 0.31219 -0.17795 -0.00548 -0.32479 -0.13497 0.08734 -0.14914 -0.33518 -0.24820 0.04308 -0.29206 -0.26346 -0.92643 0.06583 0.01753
0.46318 -0.56531 2.26503 -0.4777 -0.49426 2.26148 0.31283 -0.17754 -0.00645 -0.32505 -0.13288 0.08891 -0.15397 -0.33168 -0.23715 0.02504 -0.28448 -0.27542 -0.94088 0.07105 -0.00355
0.4596 -0.55517 2.26355 -0.47857 -0.4909 2.26851 0.31324 -0.17730 -0.00640 -0.32529 -0.13016 0.08797 -0.15801 -0.32199 -0.24024 0.02451 -0.28370 -0.26872 -0.93817 0.06427 0.00496
0.45902 -0.54094 2.26411 -0.47561 -0.48724 2.26502 0.31345 -0.17723 -0.00690 -0.32518 -0.12745 0.08675 -0.15872 -0.30802 -0.23995 0.02750 -0.28249 -0.27105 -0.93463 0.05370 0.00091
0.44863 -0.53192 2.25933 -0.47171 -0.48414 2.26057 0.31294 -0.17899 -0.00746 -0.32251 -0.12510 0.08688 -0.16868 -0.29764 -0.24691 0.03060 -0.28142 -0.27760 -0.92034 0.04778 0.00124
0.44511 -0.52297 2.24442 -0.45961 -0.47854 2.23789 0.31000 -0.18328 -0.00602 -0.32179 -0.12773 0.09022 -0.16887 -0.28468 -0.26095 0.04175 -0.27326 -0.30132 -0.90472 0.04443 -0.00653
0.42926 -0.51173 2.22011 -0.40845 -0.48265 2.21786 0.30251 -0.19554 -0.00351 -0.31882 -0.12994 0.08948 -0.17727 -0.26128 -0.28896 0.08988 -0.27514 -0.32183 -0.83771 0.02908 -0.00225
0.42479 -0.50844 2.19647 -0.40549 -0.46242 2.18308 0.29538 -0.20611 -0.00294 -0.31602 -0.13967 0.08296 -0.17454 -0.24750 -0.31300 0.08997 -0.24516 -0.34990 -0.83028 0.04602 -0.01339
0.37823 -0.49864 2.1665 -0.38341 -0.43019 2.12492 0.27913 -0.22677 -0.01373 -0.32943 -0.13954 0.02162 -0.20392 -0.21724 -0.32482 0.12484 -0.21324 -0.33941 -0.76164 0.06845 -0.04158
0.36339 -0.47564 2.1141 -0.35502 -0.36869 2.04187 0.26231 -0.23774 -0.02202 -0.30357 -0.17490 0.03280 -0.19740 -0.18434 -0.32988 0.12438 -0.11762 -0.39427 -0.71841 0.10695 -0.07223
0.35397 -0.44936 2.05952 -0.32325 -0.29174 1.95502 0.24463 -0.24525 -0.02676 -0.28999 -0.17865 0.04432 -0.18310 -0.15165 -0.32750 0.13861 -0.03924 -0.44190 -0.67722 0.15762 -0.10450
0.3545 -0.46559 2.16861 -0.32445 -0.2223 2.04337 0.24179 -0.27497 -0.03922 -0.30653 -0.27337 -0.08465 -0.19725 -0.13501 -0.34656 0.16362 0.12929 -0.36029 -0.67895 0.24329 -0.12524
0.32979 -0.44816 2.10127 -0.3127 -0.15159 2.00135 0.22715 -0.27364 -0.03929 -0.23823 -0.26551 -0.02496 -0.19868 -0.12046 -0.34123 0.10140 0.18992 -0.39092 -0.64249 0.29657 -0.09992
0.31571 -0.45068 2.1008 -0.31594 -0.11433 2.02142 0.21687 -0.28212 -0.04156 -0.23608 -0.26218 -0.07593 -0.20323 -0.11440 -0.34314 0.09562 0.22406 -0.32189 -0.63165 0.33635 -0.07938
0.30834 -0.45758 2.1023 -0.3153 -0.09169 2.03309 0.20526 -0.29226 -0.03903 -0.22734 -0.26835 -0.08867 -0.19999 -0.11085 -0.35272 0.08752 0.25353 -0.30453 -0.62364 0.36589 -0.06921
0.27661 -0.45215 2.05072 -0.29964 -0.07968 1.97346 0.19012 -0.30022 -0.02619 -0.20162 -0.26535 -0.11837 -0.20750 -0.09915 -0.34314 0.07156 0.26079 -0.26156 -0.57625 0.37247 -0.07726
0.26771 -0.4794 2.07718 -0.28497 -0.1006 1.9831 0.15339 -0.32732 -0.04272 -0.14905 -0.29302 -0.14735 -0.18304 -0.09850 -0.33024 0.03484 0.26851 -0.25196 -0.55268 0.37880 -0.09408
0.26035 -0.48525 2.07266 -0.27493 -0.1269 1.96146 0.14882 -0.33096 -0.04331 -0.13683 -0.30497 -0.15013 -0.18426 -0.10084 -0.32392 0.03104 0.25318 -0.26215 -0.53528 0.35835 -0.11120
0.20314 -0.51127 2.05131 -0.26579 -0.15865 1.9285 0.14317 -0.33627 -0.03717 -0.11502 -0.32875 -0.14215 -0.23263 -0.12208 -0.32770 0.01590 0.24426 -0.27999 -0.46893 0.35262 -0.12281
0.2003 -0.51032 2.04405 -0.2586 -0.18678 1.90726 0.14042 -0.33915 -0.04176 -0.10704 -0.33339 -0.14672 -0.23134 -0.12024 -0.32424 0.01370 0.22036 -0.28421 -0.45890 0.32354 -0.13679
0.19433 -0.49761 1.9854 -0.24793 -0.19726 1.84159 0.16165 -0.32291 0.00637 -0.09951 -0.33036 -0.14566 -0.24972 -0.12511 -0.35810 0.01057 0.20302 -0.28202 -0.44226 0.30035 -0.14381
0.28811 -0.50974 2.07966 -0.26188 -0.20345 1.9231 0.17104 -0.33371 0.01009 -0.10386 -0.34858 -0.13851 -0.17735 -0.12432 -0.36694 0.00751 0.21817 -0.30416 -0.54999 0.30629 -0.15656
0.17746 -0.5258 1.98352 -0.25603 -0.18716 1.84731 0.16887 -0.31877 0.01713 -0.10171 -0.33412 -0.13177 -0.27416 -0.15702 -0.37232 0.00440 0.21720 -0.29193 -0.43349 0.33864 -0.13621
0.18632 -0.52543 1.98802 -0.25968 -0.18029 1.85188 0.17251 -0.31673 0.02221 -0.10860 -0.32836 -0.13306 -0.26956 -0.15825 -0.37692 0.00775 0.21852 -0.29015 -0.44600 0.34514 -0.13614
0.30326 -0.49548 2.01186 -0.26903 -0.17699 1.87458 0.18222 -0.31689 0.02564 -0.11459 -0.32784 -0.13396 -0.16589 -0.12742 -0.38603 0.00626 0.22229 -0.29521 -0.57229 0.31849 -0.13728
0.33453 -0.51141 2.02628 -0.27442 -0.18142 1.90208 0.19105 -0.31098 0.01666 -0.11852 -0.33010 -0.13439 -0.14834 -0.14831 -0.40264 0.00736 0.22157 -0.30573 -0.60895 0.32999 -0.12420
0.39748 -0.57422 2.08994 -0.28079 -0.19008 1.95662 0.21777 -0.28024 -0.01771 -0.12385 -0.33852 -0.13640 -0.12070 -0.24032 -0.37639 0.01112 0.22375 -0.31923 -0.67827 0.38414 -0.13332
0.41772 -0.56733 2.07607 -0.27651 -0.18812 1.93243 0.22548 -0.26843 -0.01931 -0.12394 -0.33132 -0.13680 -0.10374 -0.24635 -0.35730 0.01342 0.21763 -0.31386 -0.69423 0.37921 -0.14364
0.44946 -0.57056 2.15163 -0.28036 -0.19143 1.96264 0.27991 -0.21888 -0.01618 -0.12621 -0.33566 -0.13867 -0.13024 -0.29865 -0.31920 0.01430 0.21991 -0.31674 -0.72982 0.37913 -0.18899
0.44107 -0.55899 2.17791 -0.28092 -0.19079 1.96611 0.28430 -0.21427 -0.01373 -0.12654 -0.33563 -0.13998 -0.14299 -0.29623 -0.29964 0.01421 0.22000 -0.31730 -0.72199 0.36820 -0.21180
0.42535 -0.52339 2.20202 -0.28119 -0.19111 1.96481 0.28739 -0.20916 0.00055 -0.12674 -0.33608 -0.14075 -0.16185 -0.26534 -0.28896 0.01408 0.21985 -0.31893 -0.70654 0.33228 -0.23721
0.44948 -0.4652 2.23652 -0.2808 -0.19127 1.96448 0.28993 -0.20427 0.00976 -0.12698 -0.33709 -0.14175 -0.14067 -0.21126 -0.26194 0.01434 0.21969 -0.31909 -0.73028 0.27393 -0.27204
0.40938 -0.45394 2.24086 -0.28048 -0.19134 1.96163 0.29005 -0.20271 0.01307 -0.12746 -0.33911 -0.14380 -0.18133 -0.20094 -0.25643 0.01436 0.21959 -0.31833 -0.68986 0.26260 -0.27923
0.40744 -0.44272 2.24319 -0.27999 -0.19097 1.95932 0.29086 -0.20022 0.01755 -0.12712 -0.33991 -0.14549 -0.18444 -0.19164 -0.25560 0.01425 0.22031 -0.31751 -0.68743 0.25175 -0.28387
0.42684 -0.45098 2.23777 -0.2802 -0.19082 1.9584 0.29171 -0.19831 0.02092 -0.12602 -0.33924 -0.14662 -0.16618 -0.20177 -0.26427 0.01291 0.22040 -0.31725 -0.70704 0.26016 -0.27937
0.42616 -0.48238 2.2263 -0.28025 -0.19166 1.95566 0.29172 -0.19697 0.02296 -0.12634 -0.34157 -0.15080 -0.16644 -0.23472 -0.27444 0.01270 0.21950 -0.31498 -0.70641 0.29072 -0.27064
0.43369 -0.52678 2.2279 -0.28048 -0.18997 1.95645 0.29207 -0.19563 0.02698 -0.12585 -0.34224 -0.15247 -0.15896 -0.28075 -0.27745 0.01220 0.22090 -0.31474 -0.71417 0.33681 -0.27145
0.44975 -0.55221 2.22368 -0.28102 -0.19024 1.95482 0.29214 -0.19548 0.02741 -0.12569 -0.34311 -0.15168 -0.14275 -0.30663 -0.28226 0.01152 0.22104 -0.31786 -0.73077 0.36197 -0.26886
0.44741 -0.54852 2.23833 -0.28171 -0.19025 1.95549 0.29663 -0.18906 0.02584 -0.12573 -0.34376 -0.15267 -0.14898 -0.30999 -0.26648 0.01094 0.22119 -0.31745 -0.72912 0.35827 -0.28284
0.4301 -0.5054 2.2091 -0.27718 -0.18643 1.91897 0.29250 -0.18429 0.02373 -0.12484 -0.33873 -0.15258 -0.15630 -0.27297 -0.24941 0.01156 0.21782 -0.31191 -0.70728 0.31897 -0.29013
0.42455 -0.51595 2.24647 -0.28226 -0.18951 1.95431 0.29360 -0.19280 0.02986 -0.12766 -0.34423 -0.15605 -0.16830 -0.27412 -0.26264 0.01229 0.22124 -0.31691 -0.70681 0.32644 -0.29216
0.42924 -0.4593 2.24004 -0.28022 -0.18893 1.9432 0.29066 -0.19394 0.02996 -0.12749 -0.34190 -0.15622 -0.15911 -0.21664 -0.25655 0.01337 0.21918 -0.31568 -0.70946 0.27037 -0.29684
0.39945 -0.43906 2.18754 -0.2799 -0.18912 1.9479 0.27606 -0.21921 0.01597 -0.12895 -0.34270 -0.15918 -0.17468 -0.17141 -0.30319 0.01562 0.21992 -0.31581 -0.67935 0.24994 -0.23964
0.40665 -0.41506 2.13274 -0.27804 -0.18998 1.94538 0.26091 -0.23897 -0.00030 -0.12897 -0.34262 -0.16007 -0.15151 -0.12844 -0.34096 0.01733 0.21871 -0.31613 -0.68469 0.22508 -0.18736
0.38597 -0.3879 2.05475 -0.27244 -0.18801 1.92191 0.23902 -0.25695 -0.02038 -0.12749 -0.33830 -0.15813 -0.14705 -0.08358 -0.37321 0.01974 0.21640 -0.31607 -0.65841 0.19989 -0.13284
0.36477 -0.3508 1.98841 -0.26737 -0.18594 1.91006 0.22787 -0.26445 -0.03053 -0.12666 -0.33825 -0.15601 -0.15562 -0.03900 -0.41724 0.02299 0.21787 -0.31776 -0.63214 0.16486 -0.07835
0.34258 -0.30276 1.95342 -0.2663 -0.18664 1.93364 0.22228 -0.27544 -0.03387 -0.12784 -0.34235 -0.16059 -0.17615 0.02080 -0.48335 0.02748 0.22283 -0.32261 -0.60888 0.11612 -0.01978
0.29077 -0.17256 1.87096 -0.25001 -0.17711 1.86143 0.13069 -0.31904 -0.20078 -0.12343 -0.32850 -0.16439 -0.12466 0.18852 -0.31831 0.03330 0.21703 -0.30685 -0.54078 -0.00455 -0.00953
0.27531 -0.13345 1.83295 -0.24181 -0.1711 1.81164 0.13237 -0.36158 -0.24165 -0.12021 -0.31936 -0.16172 -0.12509 0.22113 -0.29667 0.03368 0.21289 -0.29632 -0.51712 -0.03765 -0.02131
0.26777 -0.11207 1.83714 -0.242 -0.17071 1.81144 0.10503 -0.34431 -0.29022 -0.12053 -0.32053 -0.16262 -0.10174 0.21211 -0.25387 0.03349 0.21375 -0.29630 -0.50977 -0.05864 -0.02570
0.25886 -0.12179 1.84048 -0.24383 -0.1732 1.80841 0.09318 -0.34932 -0.28714 -0.12021 -0.32100 -0.16415 -0.09811 0.20066 -0.25641 0.03092 0.21090 -0.29466 -0.50269 -0.05141 -0.03207
0.26783 -0.15108 1.94 -0.25874 -0.18718 1.90955 0.08777 -0.36801 -0.30702 -0.12663 -0.33803 -0.17357 -0.09821 0.17814 -0.28064 0.03099 0.21822 -0.30812 -0.52657 -0.03610 -0.03045
0.24621 -0.18232 1.83185 -0.24714 -0.18057 1.80533 0.05610 -0.38978 -0.23699 -0.11878 -0.32075 -0.16610 -0.07259 0.17216 -0.32073 0.02595 0.20273 -0.29152 -0.49335 0.00175 -0.02652
0.23791 -0.22119 1.83038 -0.24849 -0.18505 1.80838 0.07220 -0.38428 -0.24219 -0.11764 -0.32213 -0.16570 -0.09710 0.13116 -0.31550 0.02346 0.19914 -0.29018 -0.48640 0.03614 -0.02200
0.22822 -0.23566 1.82256 -0.2501 -0.18883 1.80896 0.07434 -0.38527 -0.24040 -0.11699 -0.32344 -0.16621 -0.10934 0.12328 -0.32135 0.02134 0.19648 -0.29073 -0.47832 0.04683 -0.01360
0.22799 -0.26621 1.83276 -0.25088 -0.19155 1.80862 0.07748 -0.38765 -0.23498 -0.11580 -0.32565 -0.16335 -0.11343 0.09729 -0.31490 0.01934 0.19580 -0.29346 -0.47887 0.07466 -0.02414
0.22904 -0.26883 1.83536 -0.25115 -0.19171 1.80792 0.07784 -0.38911 -0.23214 -0.11612 -0.32622 -0.16228 -0.11312 0.09727 -0.31433 0.01938 0.19606 -0.29495 -0.48019 0.07712 -0.02744
0.23257 -0.26444 1.83588 -0.25135 -0.1904 1.80881 0.07788 -0.38993 -0.23071 -0.11661 -0.32593 -0.16291 -0.10974 0.10335 -0.31452 0.01971 0.19702 -0.29357 -0.48392 0.07404 -0.02707
0.23743 -0.25539 1.8332 -0.25121 -0.1891 1.80952 0.07767 -0.38952 -0.23138 -0.11788 -0.32690 -0.16008 -0.10519 0.11284 -0.31563 0.02106 0.19908 -0.29543 -0.48864 0.06629 -0.02368
0.25675 -0.2516 1.9265 -0.26504 -0.19612 1.91093 0.08466 -0.40102 -0.26065 -0.12519 -0.34536 -0.16901 -0.10762 0.12688 -0.32557 0.02317 0.21338 -0.31183 -0.52179 0.05548 -0.01557
0.25223 -0.24227 1.92615 -0.26512 -0.19646 1.91778 0.08346 -0.39521 -0.27327 -0.12605 -0.34618 -0.17004 -0.11186 0.13027 -0.32158 0.02482 0.21408 -0.31251 -0.51735 0.04581 -0.00837
0.22707 -0.22791 1.80961 -0.24825 -0.18444 1.80688 0.07809 -0.36923 -0.26313 -0.11879 -0.32758 -0.15998 -0.11591 0.11974 -0.30510 0.02519 0.20311 -0.29764 -0.47532 0.04347 -0.00273
0.2229 -0.21766 1.91364 -0.25991 -0.1959 1.91653 0.07537 -0.37641 -0.30176 -0.12635 -0.34789 -0.16979 -0.13358 0.13573 -0.30543 0.03050 0.21564 -0.31449 -0.48281 0.02176 0.00289
0.18653 -0.19413 1.79822 -0.24145 -0.18527 1.80694 0.07049 -0.35435 -0.28481 -0.11926 -0.32893 -0.15920 -0.14887 0.13852 -0.29194 0.03243 0.20362 -0.29614 -0.42798 0.00886 0.00872
0.15735 -0.18488 1.79198 -0.23681 -0.18536 1.80567 0.07072 -0.35424 -0.28447 -0.11954 -0.32961 -0.15998 -0.17890 0.14942 -0.29516 0.03725 0.20418 -0.29540 -0.39416 -0.00048 0.01369
0.12397 -0.18564 1.78565 -0.23089 -0.18409 1.80267 0.06499 -0.34928 -0.29085 -0.11972 -0.33024 -0.16520 -0.20684 0.14578 -0.28895 0.04301 0.20653 -0.28897 -0.35486 0.00155 0.01702
0.07375 -0.17037 1.78125 -0.22573 -0.18413 1.80329 0.05610 -0.34354 -0.29899 -0.11965 -0.33169 -0.16742 -0.25070 0.16668 -0.27316 0.04773 0.20763 -0.28403 -0.29948 -0.01376 0.02204
0.0369 -0.17317 1.77606 -0.21859 -0.18228 1.79746 0.04449 -0.33565 -0.30889 -0.11953 -0.33335 -0.17088 -0.27651 0.15846 -0.26172 0.05429 0.21066 -0.28277 -0.25549 -0.00911 0.02140
0.00873 -0.18493 1.77896 -0.21228 -0.18201 1.79736 0.02675 -0.31704 -0.32989 -0.11670 -0.32978 -0.16848 -0.28862 0.12741 -0.24469 0.05753 0.20976 -0.28157 -0.22101 0.00292 0.01840
-0.05022 -0.16687 1.76982 -0.20687 -0.18168 1.79546 0.01834 -0.31223 -0.33464 -0.11803 -0.33965 -0.16883 -0.33890 0.14398 -0.24044 0.06159 0.21298 -0.28578 -0.15665 -0.01481 0.02564
-0.06429 -0.18347 1.85409 -0.20851 -0.17713 1.87272 0.01096 -0.31985 -0.35593 -0.12384 -0.36142 -0.24923 -0.35758 0.13543 -0.23826 0.06649 0.21789 -0.25335 -0.14422 0.00634 0.01863
-0.04257 -0.18491 1.74988 -0.12087 -0.1457 1.74474 0.00809 -0.30078 -0.33778 -0.11743 -0.34195 -0.23591 -0.31728 0.11510 -0.22529 0.13908 0.22750 -0.26427 -0.07830 0.03921 -0.00514
-0.06054 -0.15677 1.7477 -0.22457 -0.13462 1.75048 0.00537 -0.29976 -0.33928 -0.11865 -0.34408 -0.23053 -0.33282 0.14273 -0.22710 0.03663 0.24045 -0.26592 -0.16403 0.02215 0.00278
-0.01917 -0.14336 1.75586 -0.24404 -0.1711 1.78655 0.00541 -0.30246 -0.33994 -0.12019 -0.34887 -0.20553 -0.29258 0.16008 -0.22835 0.02041 0.20984 -0.26549 -0.22487 -0.02774 0.03069
0.01024 -0.13888 1.76368 -0.24959 -0.17011 1.7961 0.00775 -0.30713 -0.33779 -0.11988 -0.34536 -0.19564 -0.26635 0.16929 -0.23090 0.01644 0.21024 -0.27176 -0.25983 -0.03123 0.03242
0.04571 -0.13621 1.76783 -0.25397 -0.16953 1.80063 0.01874 -0.31868 -0.32752 -0.12036 -0.33967 -0.19227 -0.24186 0.18269 -0.24193 0.01470 0.21049 -0.27185 -0.29968 -0.03332 0.03280
0.14226 -0.15461 1.79436 -0.26188 -0.17367 1.82114 0.05535 -0.33785 -0.27294 -0.11627 -0.33063 -0.15897 -0.18537 0.18868 -0.28567 0.00721 0.20672 -0.29825 -0.40414 -0.01906 0.02678
0.16509 -0.1653 1.83604 -0.26667 -0.17742 1.86047 0.05646 -0.33122 -0.26458 -0.12023 -0.33764 -0.16484 -0.16983 0.16882 -0.30868 0.00996 0.21083 -0.30440 -0.43176 -0.01212 0.02443
0.17317 -0.16768 1.79579 -0.25991 -0.17657 1.81885 0.06041 -0.35980 -0.28020 -0.11882 -0.32925 -0.16538 -0.15992 0.19338 -0.28290 0.01186 0.20210 -0.29401 -0.43308 -0.00889 0.02306
0.17951 -0.17395 1.79477 -0.25799 -0.17778 1.8159 0.06052 -0.35924 -0.28079 -0.11904 -0.32894 -0.16570 -0.15339 0.18474 -0.28478 0.01397 0.20106 -0.29558 -0.43750 -0.00383 0.02113
0.17968 -0.17923 1.79761 -0.25666 -0.17954 1.81673 0.06213 -0.35991 -0.27944 -0.11901 -0.32999 -0.16674 -0.15423 0.17891 -0.28339 0.01497 0.19939 -0.29367 -0.43634 -0.00031 0.01912
0.17579 -0.17797 1.79419 -0.25396 -0.17853 1.81263 0.06206 -0.35882 -0.27988 -0.11955 -0.33241 -0.16822 -0.15772 0.17909 -0.28327 0.01797 0.20271 -0.29324 -0.42975 -0.00056 0.01844
0.17278 -0.17898 1.79061 -0.25341 -0.17918 1.80983 0.06312 -0.35896 -0.27871 -0.11961 -0.33391 -0.16956 -0.16146 0.17836 -0.28552 0.01841 0.20312 -0.29305 -0.42619 -0.00020 0.01922
0.17175 -0.1825 1.79056 -0.25333 -0.1783 1.81025 0.06337 -0.35912 -0.27854 -0.11937 -0.33365 -0.16973 -0.16274 0.17514 -0.28583 0.01819 0.20419 -0.29219 -0.42508 0.00420 0.01969
0.17133 -0.18374 1.789 -0.25381 -0.17899 1.81079 0.06350 -0.35918 -0.27870 -0.11821 -0.33540 -0.16608 -0.16333 0.17417 -0.28784 0.01659 0.20521 -0.29608 -0.42514 0.00475 0.02179
0.17334 -0.18743 1.7868 -0.25412 -0.17904 1.81064 0.06345 -0.35911 -0.27868 -0.11805 -0.33502 -0.16662 -0.16133 0.17091 -0.28948 0.01613 0.20503 -0.29524 -0.42746 0.00839 0.02384
0.17754 -0.19457 1.78566 -0.25457 -0.17883 1.81065 0.06362 -0.35911 -0.27858 -0.11826 -0.33415 -0.16772 -0.15716 0.16385 -0.29039 0.01588 0.20467 -0.29383 -0.43211 0.01574 0.02499
0.18105 -0.19717 1.78208 -0.25431 -0.17856 1.81037 0.06341 -0.35892 -0.27897 -0.11903 -0.33365 -0.16864 -0.15349 0.16117 -0.29368 0.01686 0.20479 -0.29294 -0.43536 0.01861 0.02829
0.1883 -0.20566 1.77806 -0.25451 -0.18008 1.81076 0.06391 -0.35911 -0.27851 -0.11927 -0.33313 -0.16959 -0.14679 0.15305 -0.29790 0.01687 0.20253 -0.29155 -0.44281 0.02558 0.03270
0.19892 -0.21875 1.77262 -0.25373 -0.18159 1.80926 0.06398 -0.35884 -0.27834 -0.11978 -0.33383 -0.16938 -0.13613 0.13994 -0.30197 0.01797 0.20149 -0.29182 -0.45265 0.03716 0.03664
0.21154 -0.23246 1.76391 -0.25326 -0.18329 1.80741 0.06508 -0.35878 -0.27784 -0.12051 -0.33710 -0.16477 -0.12448 0.12617 -0.31026 0.01896 0.20267 -0.29759 -0.46480 0.04917 0.04350
0.22913 -0.25242 1.75333 -0.2527 -0.18557 1.80787 0.09122 -0.37726 -0.24244 -0.12077 -0.33787 -0.16521 -0.13306 0.12495 -0.35699 0.01955 0.20066 -0.29773 -0.48183 0.06685 0.05454
0.25005 -0.27708 1.73822 -0.25122 -0.18983 1.80488 0.08874 -0.37428 -0.24803 -0.12023 -0.33845 -0.16735 -0.10932 0.09857 -0.36418 0.02028 0.19647 -0.29825 -0.50127 0.08725 0.06666
0.27522 -0.3092 1.72074 -0.24779 -0.19643 1.79968 0.07986 -0.39355 -0.21715 -0.12004 -0.34126 -0.16900 -0.07465 0.08783 -0.40818 0.02333 0.19213 -0.30071 -0.52301 0.11277 0.07894
0.3608 -0.45308 1.7837 -0.2364 -0.26158 1.87356 0.08747 -0.39154 -0.21714 -0.13012 -0.38604 -0.25800 -0.01139 -0.05595 -0.46995 0.05320 0.17510 -0.26047 -0.59720 0.19150 0.08986
0.37875 -0.50754 1.64388 -0.19595 -0.29962 1.69638 0.08392 -0.36899 -0.19331 -0.12289 -0.38322 -0.19179 0.03058 -0.13103 -0.45186 0.07544 0.13208 -0.32999 -0.57470 0.20792 0.05250
0.39353 -0.53995 1.64825 -0.18636 -0.34781 1.69114 0.08570 -0.37474 -0.19135 -0.11849 -0.30549 -0.09262 0.04184 -0.15682 -0.46331 0.08225 0.00853 -0.44761 -0.57989 0.19214 0.04289
0.40009 -0.56326 1.64646 -0.17638 -0.39017 1.67117 0.08676 -0.37209 -0.19576 -0.11500 -0.30499 -0.09227 0.04869 -0.18222 -0.44706 0.08822 -0.03308 -0.45418 -0.57647 0.17309 0.02471
0.42225 -0.59645 1.58913 -0.15691 -0.47473 1.62395 0.08689 -0.36564 -0.19864 -0.10313 -0.31815 -0.09879 0.07887 -0.22136 -0.42877 0.09148 -0.10460 -0.42363 -0.57916 0.12172 0.03482
0.44748 -0.63289 1.64622 -0.1465 -0.53372 1.6929 0.08572 -0.37880 -0.22719 -0.10453 -0.33259 -0.10304 0.09519 -0.24371 -0.42824 0.10918 -0.14615 -0.43254 -0.59398 0.09917 0.04668
0.44619 -0.64615 1.61617 -0.13951 -0.53644 1.67138 0.08528 -0.37287 -0.22895 -0.10005 -0.33329 -0.10559 0.09678 -0.26240 -0.43387 0.11040 -0.14791 -0.42948 -0.58570 0.10971 0.05521
0.45478 -0.65262 1.61234 -0.13923 -0.54567 1.67063 0.08500 -0.37225 -0.22985 -0.09892 -0.33388 -0.10592 0.10583 -0.26900 -0.43520 0.10951 -0.15631 -0.42899 -0.59401 0.10695 0.05829
0.45506 -0.6541 1.60646 -0.1135 -0.54443 1.70022 0.08413 -0.37176 -0.23089 -0.09770 -0.33377 -0.10650 0.10699 -0.27075 -0.43936 0.13407 -0.15485 -0.39819 -0.56856 0.10967 0.09376
0.45442 -0.65694 1.61148 -0.11379 -0.54677 1.69443 0.08685 -0.36979 -0.23404 -0.09727 -0.33388 -0.10661 0.10325 -0.27522 -0.43320 0.13360 -0.15665 -0.40594 -0.56821 0.11017 0.08295
0.45536 -0.65781 1.61256 -0.11449 -0.54673 1.69619 0.08160 -0.37031 -0.23553 -0.09592 -0.33448 -0.10772 0.10943 -0.27538 -0.43094 0.13172 -0.15567 -0.40363 -0.56985 0.11108 0.08363
0.45494 -0.66265 1.61404 -0.11638 -0.54777 1.69343 0.08006 -0.37072 -0.23525 -0.09588 -0.33431 -0.10743 0.11072 -0.27982 -0.42897 0.12980 -0.15649 -0.40569 -0.57132 0.11488 0.07939
0.4671 -0.6915 1.68742 -0.11976 -0.56877 1.75319 0.08295 -0.38328 -0.24551 -0.09960 -0.34656 -0.11147 0.11031 -0.29549 -0.42840 0.13571 -0.16299 -0.42253 -0.58686 0.12273 0.06577
0.46511 -0.69112 1.6883 -0.12256 -0.56463 1.75258 0.08242 -0.38247 -0.24696 -0.09984 -0.34648 -0.11167 0.10887 -0.29590 -0.42585 0.13315 -0.15888 -0.42272 -0.58767 0.12649 0.06428
0.46591 -0.6909 1.68727 -0.11632 -0.57275 1.75124 0.08203 -0.38218 -0.24751 -0.09976 -0.34660 -0.11180 0.11007 -0.29583 -0.42597 0.13937 -0.16670 -0.42353 -0.58223 0.11815 0.06397
0.46592 -0.691 1.68646 -0.11738 -0.57142 1.75039 0.08199 -0.38198 -0.24779 -0.09979 -0.34670 -0.11173 0.11019 -0.29603 -0.42612 0.13840 -0.16511 -0.42416 -0.58330 0.11958 0.06393
0.46671 -0.69041 1.68294 -0.11659 -0.57253 1.75039 0.08148 -0.38201 -0.24798 -0.09957 -0.34661 -0.11185 0.11154 -0.29533 -0.42928 0.13907 -0.16614 -0.42413 -0.58330 0.11788 0.06745
0.46923 -0.69054 1.68099 -0.11687 -0.57256 1.75171 0.08145 -0.38208 -0.24797 -0.09939 -0.34653 -0.11172 0.11410 -0.29535 -0.43134 0.13869 -0.16605 -0.42292 -0.58610 0.11798 0.07072
0.46751 -0.69059 1.68256 -0.11731 -0.5711 1.75118 0.08142 -0.38194 -0.24814 -0.09915 -0.34657 -0.11197 0.11249 -0.29555 -0.42928 0.13799 -0.16455 -0.42298 -0.58482 0.11949 0.06862
]
