classifier_Monkey_weaves_and_bumps_into_car_24126 [ 0.54157 -0.74589 1.92752 -0.18062 -0.63809 1.79831 0.08629 -0.35642 0.00373 -0.10202 -0.33907 0.06058 0.18112 -0.32513 -0.26577 0.16073 -0.28041 -0.40113 -0.72219 0.10780 -0.12921
0.54129 -0.74565 1.92645 -0.18016 -0.6381 1.7971 0.08620 -0.35638 0.00343 -0.10182 -0.33947 0.06172 0.18104 -0.32487 -0.26617 0.16102 -0.28000 -0.40301 -0.72145 0.10755 -0.12935
0.55451 -0.74753 1.9281 -0.18164 -0.63921 1.7936 0.08581 -0.35779 0.00225 -0.10065 -0.33996 0.06142 0.19520 -0.32490 -0.26355 0.15866 -0.28050 -0.40625 -0.73615 0.10832 -0.13450
0.55847 -0.74585 1.93751 -0.18315 -0.63801 1.79156 0.08517 -0.35762 0.00162 -0.09893 -0.34068 0.06164 0.20062 -0.32273 -0.25341 0.15602 -0.27847 -0.40886 -0.74162 0.10784 -0.14595
0.56051 -0.74183 1.9466 -0.18351 -0.63814 1.79313 0.09127 -0.35837 0.00079 -0.09812 -0.34135 0.06049 0.20351 -0.31747 -0.24786 0.15597 -0.27762 -0.41077 -0.74402 0.10369 -0.15347
0.56035 -0.73825 1.94984 -0.1842 -0.6357 1.79435 0.08913 -0.35871 0.00137 -0.09353 -0.33855 0.05436 0.20555 -0.31311 -0.24435 0.15539 -0.27472 -0.40890 -0.74455 0.10255 -0.15549
0.56095 -0.73059 1.95196 -0.18534 -0.63187 1.79299 0.08354 -0.36019 0.00619 -0.09409 -0.33837 0.05441 0.21223 -0.30368 -0.24348 0.15439 -0.27109 -0.40646 -0.74629 0.09872 -0.15897
0.48828 -0.65555 1.81634 -0.17469 -0.62811 1.7051 0.03981 -0.35910 0.05741 -0.08452 -0.31045 0.04248 0.20017 -0.23363 -0.29643 0.14719 -0.29240 -0.35934 -0.66297 0.02744 -0.11124
0.46281 -0.60276 1.84927 -0.19806 -0.57929 1.74833 0.03983 -0.36399 0.06173 -0.08633 -0.30989 0.03857 0.17095 -0.17474 -0.30532 0.13421 -0.24184 -0.35372 -0.66087 0.02347 -0.10094
0.44377 -0.55476 1.87058 -0.21534 -0.54694 1.76001 0.04392 -0.35623 0.06706 -0.08835 -0.30972 0.03526 0.14379 -0.13326 -0.33243 0.12786 -0.20805 -0.38433 -0.65911 0.00782 -0.11057
0.4131 -0.50805 1.86925 -0.25601 -0.37942 1.71489 0.06788 -0.33886 0.05984 -0.09160 -0.30238 0.02805 0.10615 -0.10875 -0.34686 0.09538 -0.04649 -0.43826 -0.66911 0.12863 -0.15436
0.37771 -0.30394 1.74714 -0.26439 -0.29286 1.69266 0.09203 -0.29973 0.02774 -0.13262 -0.26968 0.03557 0.05465 0.05141 -0.42804 0.13080 0.00777 -0.45911 -0.64210 0.01108 -0.05448
0.36129 -0.24052 1.7794 -0.27994 -0.27333 1.73722 0.10440 -0.28899 0.00947 -0.14483 -0.30520 0.03451 0.02564 0.10140 -0.43485 0.13726 0.06351 -0.46974 -0.64123 -0.03281 -0.04218
0.31448 -0.16129 1.64612 -0.26229 -0.22466 1.61494 0.14442 -0.32131 -0.05510 -0.11419 -0.36582 0.02519 -0.04069 0.20559 -0.35348 0.10909 0.16986 -0.43711 -0.57677 -0.06337 -0.03118
0.31762 -0.11639 1.76008 -0.28459 -0.21933 1.73574 0.17543 -0.33523 -0.08786 -0.12682 -0.28068 -0.07198 -0.07693 0.26259 -0.35564 0.11336 0.08936 -0.35842 -0.60221 -0.10294 -0.02434
0.29849 -0.06867 1.75552 -0.28793 -0.20234 1.73668 0.19184 -0.32491 -0.09749 -0.12032 -0.28344 -0.08336 -0.10691 0.29584 -0.34575 0.10952 0.10776 -0.35105 -0.58642 -0.13367 -0.01884
0.28269 0.01274 1.87711 -0.31598 -0.1935 1.87414 0.19778 -0.21545 -0.16383 -0.12518 -0.31788 -0.09176 -0.13986 0.26850 -0.30986 0.10502 0.15249 -0.35439 -0.59867 -0.20624 -0.00297
0.25644 0.04006 1.80539 -0.30758 -0.18764 1.79945 0.23850 -0.24417 -0.18028 -0.11942 -0.31009 -0.08555 -0.19552 0.32206 -0.26817 0.09520 0.14918 -0.33902 -0.56402 -0.22770 -0.00594
0.23648 0.0667 1.78126 -0.30463 -0.18926 1.76618 0.23900 -0.23594 -0.18424 -0.11613 -0.30951 -0.08070 -0.21176 0.33968 -0.25411 0.09037 0.14651 -0.34302 -0.54111 -0.25596 -0.01508
0.22268 0.08626 1.78778 -0.30686 -0.20477 1.75524 0.24388 -0.22372 -0.19701 -0.11495 -0.30944 -0.07159 -0.23004 0.34684 -0.23878 0.08736 0.13094 -0.36672 -0.52954 -0.29103 -0.03254
0.20901 0.10409 1.80574 -0.31317 -0.2345 1.76075 0.24796 -0.21260 -0.21178 -0.11692 -0.29488 -0.05303 -0.24886 0.35343 -0.22405 0.08509 0.08684 -0.39726 -0.52218 -0.33859 -0.04499
0.18992 0.10628 1.72297 -0.29881 -0.23997 1.6721 0.23607 -0.19866 -0.20683 -0.08508 -0.38862 -0.06731 -0.24560 0.33949 -0.20501 0.05403 0.17377 -0.36609 -0.48873 -0.34625 -0.05087
0.18589 0.10443 1.74979 -0.30046 -0.2428 1.6863 0.22321 -0.18746 -0.23346 -0.08726 -0.39284 -0.07317 -0.23879 0.32675 -0.17934 0.05782 0.17537 -0.37338 -0.48635 -0.34723 -0.06349
0.1886 0.09392 1.81822 -0.30442 -0.22282 1.74315 0.17650 -0.16749 -0.22239 -0.12589 -0.28296 -0.05288 -0.19609 0.29802 -0.20880 0.10315 0.08636 -0.42256 -0.49302 -0.31674 -0.07507
0.19285 0.05788 1.84904 -0.30963 -0.18756 1.77041 0.17446 -0.18232 -0.22106 -0.11355 -0.35490 -0.13261 -0.19044 0.27957 -0.21581 0.08993 0.19379 -0.35175 -0.50248 -0.24544 -0.07863
0.18689 -0.04038 1.69676 -0.27267 -0.0519 1.64647 0.14061 -0.27186 -0.16147 -0.15357 -0.33272 -0.17997 -0.14449 0.26841 -0.27608 0.14267 0.30506 -0.27704 -0.45956 -0.01152 -0.05029
0.21027 -0.13078 1.82109 -0.27929 0.01073 1.76562 0.13792 -0.31455 -0.14588 -0.14900 -0.23748 -0.23460 -0.13214 0.22254 -0.32579 0.14555 0.27722 -0.25503 -0.48956 0.14151 -0.05547
0.2096 -0.17387 1.79441 -0.26812 0.05961 1.77084 0.12156 -0.33979 -0.10874 -0.14820 -0.21308 -0.24411 -0.11611 0.20478 -0.38836 0.15344 0.30186 -0.23740 -0.47772 0.23348 -0.02357
0.19813 -0.17734 1.76296 -0.255 0.08989 1.7473 0.12204 -0.33758 -0.11539 -0.14824 -0.16839 -0.28256 -0.12045 0.19931 -0.38025 0.16180 0.28666 -0.18777 -0.45313 0.26723 -0.01566
0.19913 -0.15631 1.80674 -0.25534 0.10286 1.78461 0.12481 -0.34649 -0.11423 -0.14331 -0.15750 -0.28766 -0.12603 0.22865 -0.38363 0.16131 0.28902 -0.18826 -0.45447 0.25917 -0.02213
0.20771 -0.05241 1.87278 -0.26368 0.06989 1.82126 0.15300 -0.27730 -0.17333 -0.13980 -0.18945 -0.26677 -0.14738 0.26694 -0.31094 0.15352 0.28964 -0.22344 -0.47139 0.12230 -0.05152
0.20254 0.02182 1.84801 -0.27519 0.01181 1.79991 0.15846 -0.24252 -0.19112 -0.13095 -0.23798 -0.21282 -0.15546 0.30795 -0.28099 0.12610 0.28064 -0.26260 -0.47773 -0.01001 -0.04810
0.20548 0.08849 1.9093 -0.29864 -0.05439 1.85194 0.17712 -0.18388 -0.23013 -0.11819 -0.30328 -0.15200 -0.17807 0.31697 -0.24425 0.09606 0.27894 -0.33580 -0.50412 -0.14288 -0.05736
0.18943 0.14027 1.84442 -0.29501 -0.12248 1.77895 0.23096 -0.17661 -0.29251 -0.10002 -0.30577 -0.12867 -0.24281 0.35767 -0.14888 0.07045 0.20953 -0.33843 -0.48444 -0.26275 -0.06547
0.17664 0.17321 1.80005 -0.28795 -0.17667 1.73053 0.22264 -0.15356 -0.29194 -0.08326 -0.32896 -0.09567 -0.24343 0.36388 -0.11988 0.05258 0.17707 -0.34846 -0.46459 -0.34988 -0.06952
0.16547 0.18435 1.75494 -0.27725 -0.20429 1.68138 0.21444 -0.13817 -0.28548 -0.06922 -0.34079 -0.06439 -0.24211 0.35620 -0.09652 0.04091 0.16010 -0.35598 -0.44272 -0.38864 -0.07356
0.1698 0.18169 1.88602 -0.28815 -0.20722 1.80359 0.17503 -0.09037 -0.26478 -0.09526 -0.41343 -0.07512 -0.21292 0.30716 -0.13121 0.07329 0.23107 -0.36697 -0.45795 -0.38891 -0.08243
0.15729 0.14846 1.74901 -0.27118 -0.15732 1.6739 0.21853 -0.15958 -0.27316 -0.09547 -0.38059 -0.08027 -0.25496 0.34038 -0.09620 0.07163 0.24595 -0.33129 -0.42847 -0.30578 -0.07511
0.17183 0.13719 1.87244 -0.30096 -0.11415 1.79797 0.17037 -0.12482 -0.25276 -0.13812 -0.39334 -0.11506 -0.20788 0.29687 -0.15524 0.10237 0.30245 -0.33263 -0.47279 -0.25134 -0.07447
0.16631 0.10276 1.72057 -0.29255 -0.05508 1.65874 0.23010 -0.20355 -0.24609 -0.17112 -0.32983 -0.14575 -0.25754 0.33878 -0.13766 0.12247 0.29610 -0.26766 -0.45886 -0.15784 -0.06183
0.17986 0.08107 1.7209 -0.31638 -0.00976 1.66055 0.23273 -0.21106 -0.24005 -0.20525 -0.29601 -0.16531 -0.24797 0.32552 -0.15259 0.13314 0.30998 -0.25451 -0.49624 -0.09083 -0.06035
0.18953 0.0659 1.70994 -0.3332 0.03474 1.6494 0.23451 -0.21780 -0.22871 -0.24508 -0.25572 -0.19323 -0.24054 0.31908 -0.17105 0.15662 0.31523 -0.23322 -0.52273 -0.03116 -0.06054
0.19842 0.05174 1.70438 -0.35356 0.06221 1.64222 0.23451 -0.22295 -0.21715 -0.25919 -0.23803 -0.19646 -0.23262 0.31253 -0.18517 0.15105 0.32508 -0.23362 -0.55198 0.01047 -0.06216
0.20646 0.03824 1.69928 -0.37013 0.07696 1.62992 0.23641 -0.23305 -0.19885 -0.27361 -0.21876 -0.19823 -0.22694 0.31111 -0.20563 0.14952 0.32022 -0.24072 -0.57659 0.03872 -0.06936
0.21423 0.02365 1.706 -0.39058 0.06659 1.62692 0.23727 -0.23863 -0.18958 -0.28052 -0.21410 -0.19656 -0.22140 0.30463 -0.21630 0.13763 0.30527 -0.25278 -0.60481 0.04294 -0.07908
0.22246 -0.00368 1.71646 -0.41933 -0.03283 1.61929 0.23594 -0.25650 -0.16922 -0.28141 -0.22899 -0.15455 -0.21261 0.29644 -0.23490 0.11102 0.22026 -0.30929 -0.64179 -0.02915 -0.09717
0.23451 -0.01503 1.80324 -0.44597 -0.09166 1.69217 0.24619 -0.27460 -0.17058 -0.23356 -0.21388 -0.10980 -0.22049 0.30635 -0.25276 0.04930 0.14733 -0.38380 -0.68048 -0.07663 -0.11107
0.23556 -0.02317 1.80547 -0.44326 -0.12564 1.69003 0.24533 -0.28077 -0.16184 -0.23101 -0.21940 -0.10473 -0.21862 0.30505 -0.26120 0.05008 0.11884 -0.39242 -0.67882 -0.10247 -0.11544
0.2355 -0.0283 1.80894 -0.43862 -0.13941 1.69345 0.24523 -0.28347 -0.15961 -0.22709 -0.22530 -0.09964 -0.21883 0.30306 -0.26474 0.05150 0.11100 -0.39832 -0.67412 -0.11111 -0.11549
0.23204 -0.02975 1.7929 -0.43782 -0.13534 1.68389 0.24356 -0.28382 -0.15413 -0.22223 -0.22902 -0.09450 -0.21881 0.30175 -0.26839 0.04544 0.11863 -0.39524 -0.66986 -0.10559 -0.10901
0.22856 -0.02786 1.79041 -0.43763 -0.1272 1.68461 0.24378 -0.28407 -0.15399 -0.22182 -0.23181 -0.09340 -0.22222 0.30399 -0.27047 0.04528 0.12957 -0.39484 -0.66619 -0.09934 -0.10580
0.22627 -0.02247 1.79555 -0.43818 -0.10905 1.68518 0.24479 -0.28410 -0.15362 -0.22247 -0.23184 -0.09477 -0.22515 0.31018 -0.26778 0.04584 0.14777 -0.39523 -0.66445 -0.08658 -0.11037
0.218 -0.02046 1.73684 -0.42321 -0.09793 1.62806 0.23648 -0.27466 -0.14892 -0.26930 -0.26304 -0.15418 -0.21738 0.30162 -0.25351 0.09863 0.18921 -0.31682 -0.64121 -0.07747 -0.10878
0.2157 -0.02084 1.73358 -0.42397 -0.09367 1.62449 0.23653 -0.27654 -0.14919 -0.26860 -0.26240 -0.15431 -0.21868 0.30360 -0.25155 0.09682 0.19276 -0.31579 -0.63967 -0.07283 -0.10909
0.21177 -0.0226 1.73233 -0.42259 -0.09272 1.62336 0.23598 -0.27817 -0.15024 -0.26824 -0.26163 -0.15585 -0.22116 0.30392 -0.25015 0.09787 0.19290 -0.31406 -0.63436 -0.07012 -0.10897
0.20689 -0.02575 1.73259 -0.42535 -0.094 1.62723 0.23491 -0.27931 -0.15235 -0.26855 -0.26258 -0.15544 -0.22414 0.30310 -0.25066 0.09609 0.19258 -0.31408 -0.63224 -0.06825 -0.10536
0.20181 -0.02992 1.72816 -0.42395 -0.09658 1.62347 0.23297 -0.28077 -0.15363 -0.26838 -0.26343 -0.15285 -0.22643 0.30049 -0.25125 0.09735 0.19087 -0.31815 -0.62576 -0.06666 -0.10469
0.19518 -0.03377 1.72067 -0.42372 -0.0969 1.62315 0.23099 -0.28287 -0.15434 -0.26803 -0.26347 -0.15213 -0.23022 0.29848 -0.25557 0.09737 0.19063 -0.31685 -0.61890 -0.06313 -0.09752
0.19179 -0.04034 1.71486 -0.42756 -0.09967 1.62454 0.22921 -0.28456 -0.15531 -0.26774 -0.26362 -0.15167 -0.23130 0.29321 -0.25910 0.09348 0.18809 -0.31461 -0.61935 -0.05933 -0.09032
0.18669 -0.04552 1.7087 -0.42814 -0.10095 1.62233 0.22795 -0.28662 -0.15544 -0.26736 -0.26355 -0.15122 -0.23461 0.28909 -0.26305 0.09260 0.18672 -0.31502 -0.61483 -0.05543 -0.08637
0.18458 -0.05224 1.70597 -0.42937 -0.10165 1.62398 0.22684 -0.28958 -0.15522 -0.26740 -0.26808 -0.14132 -0.23581 0.28329 -0.26605 0.09174 0.19055 -0.32276 -0.61395 -0.04941 -0.08199
0.19121 -0.06438 1.76355 -0.44388 -0.11277 1.68138 0.23471 -0.30287 -0.15890 -0.22697 -0.23226 -0.09025 -0.24394 0.28418 -0.28098 0.04633 0.14447 -0.39089 -0.63509 -0.04839 -0.08217
0.18596 -0.07789 1.6985 -0.42912 -0.10819 1.62011 0.22757 -0.29248 -0.15053 -0.26877 -0.26786 -0.13697 -0.23530 0.25686 -0.27618 0.09402 0.18372 -0.32853 -0.61508 -0.03030 -0.07839
0.19805 -0.11102 1.78068 -0.45244 -0.11758 1.70339 0.20923 -0.24444 -0.14296 -0.27802 -0.28595 -0.12102 -0.21502 0.17497 -0.30888 0.09343 0.19347 -0.36686 -0.65049 -0.00656 -0.07729
0.21405 -0.15518 1.78068 -0.45445 -0.12455 1.70952 0.22236 -0.23584 -0.12946 -0.27772 -0.28745 -0.12005 -0.21337 0.12076 -0.32934 0.09273 0.18793 -0.36914 -0.66850 0.03063 -0.07116
0.23053 -0.21136 1.73916 -0.44285 -0.12637 1.66722 0.29864 -0.21053 -0.14144 -0.26134 -0.27952 -0.11230 -0.27027 0.03786 -0.30431 0.08852 0.17786 -0.37169 -0.67338 0.08499 -0.07194
0.26871 -0.27289 1.76833 -0.4417 -0.13124 1.65878 0.30822 -0.15430 -0.02074 -0.25672 -0.27760 -0.11255 -0.24213 -0.08070 -0.38421 0.08701 0.17115 -0.37123 -0.71041 0.14165 -0.10955
0.3019 -0.32076 1.79932 -0.43853 -0.13875 1.64926 0.33591 -0.11508 0.06867 -0.21578 -0.23980 -0.08389 -0.23661 -0.16916 -0.42553 0.04992 0.12571 -0.39413 -0.74043 0.18201 -0.15006
0.32969 -0.36503 1.85657 -0.44146 -0.14742 1.65659 0.34045 -0.10773 0.05186 -0.21356 -0.23975 -0.08376 -0.21540 -0.22161 -0.35528 0.04707 0.11696 -0.39174 -0.77115 0.21761 -0.19998
0.32194 -0.38349 1.87596 -0.42965 -0.15123 1.62505 0.35130 -0.07368 0.06853 -0.22917 -0.25240 -0.07591 -0.23168 -0.27584 -0.30857 0.06808 0.12512 -0.38621 -0.75159 0.23226 -0.25091
0.32025 -0.39665 2.04958 -0.45268 -0.16929 1.72876 0.30100 -0.10255 -0.01210 -0.24638 -0.27418 -0.07525 -0.20710 -0.26441 -0.18617 0.07947 0.13039 -0.41131 -0.77293 0.22736 -0.32082
0.21397 -0.38098 2.13487 -0.45039 -0.17378 1.73357 0.30136 -0.10204 -0.01177 -0.24850 -0.27767 -0.07232 -0.31416 -0.24995 -0.10397 0.08456 0.12948 -0.41264 -0.66436 0.20720 -0.40130
0.25239 -0.21901 2.10744 -0.44854 -0.17521 1.73395 0.30558 -0.09287 -0.00884 -0.24595 -0.27555 -0.07256 -0.28165 -0.09845 -0.13058 0.08330 0.12588 -0.40781 -0.70093 0.04380 -0.37349
0.08214 -0.19247 2.04755 -0.44157 -0.17103 1.72223 0.32823 -0.01163 0.00240 -0.19703 -0.23218 -0.05343 -0.47221 -0.15572 -0.17948 0.03837 0.08640 -0.41792 -0.52371 0.02144 -0.32532
0.07648 -0.18051 1.91525 -0.41148 -0.15497 1.61166 0.30773 -0.00620 -0.00326 -0.23946 -0.26507 -0.06486 -0.44271 -0.15240 -0.16262 0.09235 0.13371 -0.37564 -0.48796 0.02554 -0.30359
0.33322 -0.11095 2.09461 -0.45952 -0.16958 1.79791 0.33824 -0.00645 -0.01642 -0.26674 -0.29496 -0.07007 -0.24187 -0.08669 -0.21545 0.10119 0.15162 -0.41697 -0.79274 -0.05863 -0.29670
0.3437 -0.15643 1.95887 -0.43314 -0.15561 1.69007 0.30920 -0.01368 -0.02687 -0.24651 -0.27188 -0.06069 -0.19508 -0.13936 -0.21743 0.08951 0.14091 -0.39979 -0.77684 0.00082 -0.26880
0.37578 -0.21579 1.96771 -0.43395 -0.15667 1.69468 0.30512 -0.02463 -0.03522 -0.24748 -0.27278 -0.06211 -0.16266 -0.19940 -0.21644 0.09029 0.14106 -0.40092 -0.80973 0.05912 -0.27303
0.37815 -0.29401 2.00308 -0.43404 -0.15964 1.69786 0.30177 -0.02943 -0.03629 -0.24613 -0.27410 -0.05743 -0.15730 -0.27279 -0.18407 0.08943 0.13973 -0.40689 -0.81219 0.13437 -0.30522
0.35145 -0.30993 2.04134 -0.43361 -0.16572 1.69904 0.30088 -0.03509 -0.03211 -0.24003 -0.26936 -0.06106 -0.18283 -0.27983 -0.14333 0.08398 0.12932 -0.40155 -0.78506 0.14421 -0.34230
0.28047 -0.29738 2.11717 -0.43887 -0.17151 1.7201 0.29792 -0.05902 -0.03098 -0.23661 -0.26920 -0.05315 -0.25304 -0.24125 -0.08864 0.07866 0.12407 -0.41205 -0.71934 0.12587 -0.39707
0.17842 -0.2385 2.05864 -0.43595 -0.17053 1.70534 0.29997 -0.08698 -0.03288 -0.23420 -0.26592 -0.05287 -0.35789 -0.14910 -0.12148 0.07669 0.12170 -0.40789 -0.61437 0.06797 -0.35330
0.15763 -0.23165 2.0551 -0.44077 -0.17011 1.72354 0.30455 -0.09099 -0.03359 -0.20028 -0.22980 -0.03441 -0.38627 -0.13678 -0.14853 0.04123 0.08637 -0.43394 -0.59840 0.06154 -0.33156
0.23571 -0.15116 2.04863 -0.44944 -0.16883 1.74734 0.30877 -0.09609 -0.04742 -0.20340 -0.23258 -0.03579 -0.31484 -0.05052 -0.17025 0.03949 0.09076 -0.43900 -0.68515 -0.01767 -0.30129
0.28729 -0.0885 1.92724 -0.4477 -0.15789 1.72339 0.29739 -0.09346 -0.05650 -0.23688 -0.24363 -0.04162 -0.24428 0.01199 -0.24681 0.07105 0.11245 -0.42899 -0.73499 -0.06939 -0.20385
0.29237 -0.0308 1.82305 -0.43573 -0.14657 1.67062 0.28610 -0.09514 -0.05431 -0.24055 -0.24705 -0.04835 -0.22072 0.07198 -0.29115 0.07871 0.12650 -0.41344 -0.72810 -0.11577 -0.15243
0.33695 0.0303 1.94631 -0.46109 -0.15244 1.7625 0.30251 -0.12515 -0.02807 -0.25758 -0.26399 -0.05410 -0.20588 0.16531 -0.32029 0.08596 0.13902 -0.43918 -0.79804 -0.18274 -0.18381
0.33148 0.07175 1.88772 -0.42997 -0.13985 1.68183 0.28421 -0.12572 -0.06144 -0.24395 -0.24961 -0.05362 -0.18495 0.20808 -0.26585 0.09302 0.13622 -0.44145 -0.76145 -0.21160 -0.20589
0.31741 0.09288 1.81907 -0.41245 -0.13489 1.61414 0.31286 -0.19343 -0.09916 -0.19721 -0.21159 -0.05430 -0.21915 0.29771 -0.21028 0.04878 0.10097 -0.41840 -0.72986 -0.22777 -0.20493
0.31645 0.09643 1.81923 -0.41567 -0.13909 1.6223 0.29957 -0.20457 -0.12745 -0.19788 -0.21181 -0.05250 -0.20757 0.31355 -0.18515 0.04439 0.09659 -0.41254 -0.73212 -0.23552 -0.19693
0.30277 0.09672 1.79432 -0.40914 -0.13433 1.60249 0.26891 -0.22442 -0.14184 -0.21141 -0.22257 -0.05113 -0.18834 0.33477 -0.17313 0.05989 0.11151 -0.40989 -0.71191 -0.23105 -0.19183
0.2859 0.07182 1.88438 -0.43368 -0.13643 1.70431 0.17018 -0.23069 -0.20735 -0.24387 -0.26677 -0.08008 -0.11999 0.32017 -0.16065 0.08424 0.15515 -0.41958 -0.71958 -0.20825 -0.18007
0.22527 -0.02075 1.65885 -0.37406 -0.13188 1.53462 0.13794 -0.32513 -0.15110 -0.21855 -0.23987 -0.07206 -0.11767 0.32456 -0.21469 0.09118 0.13082 -0.37870 -0.59933 -0.11113 -0.12423
0.22136 -0.04778 1.70382 -0.38663 -0.13728 1.5952 0.14389 -0.33794 -0.15488 -0.22388 -0.24687 -0.07415 -0.13155 0.31194 -0.24114 0.09341 0.13344 -0.39267 -0.60799 -0.08950 -0.10862
0.22164 -0.06501 1.73146 -0.39878 -0.12752 1.63108 0.14069 -0.35752 -0.13062 -0.22940 -0.25541 -0.08078 -0.12962 0.31531 -0.28101 0.09242 0.15242 -0.39473 -0.62042 -0.06251 -0.10038
0.22359 -0.06875 1.72784 -0.39683 -0.12103 1.62851 0.14116 -0.35816 -0.12771 -0.23037 -0.25606 -0.08123 -0.12650 0.31218 -0.28650 0.09484 0.15928 -0.39561 -0.62042 -0.05228 -0.09933
0.22679 -0.06486 1.71134 -0.39382 -0.11517 1.6141 0.14082 -0.35603 -0.12205 -0.22865 -0.25431 -0.08225 -0.12026 0.31376 -0.28946 0.09432 0.16304 -0.39181 -0.62061 -0.05031 -0.09724
0.23635 -0.06028 1.74578 -0.40261 -0.11748 1.64707 0.14525 -0.36272 -0.12347 -0.23146 -0.25506 -0.08163 -0.11894 0.32546 -0.29543 0.09387 0.16181 -0.40165 -0.63896 -0.05720 -0.09871
0.23321 -0.05428 1.69453 -0.39379 -0.1099 1.59795 0.14495 -0.35072 -0.11875 -0.22559 -0.24721 -0.07749 -0.11531 0.31879 -0.28747 0.08847 0.16056 -0.39074 -0.62700 -0.05562 -0.09658
0.24118 -0.05231 1.73304 -0.40035 -0.11058 1.63353 0.15320 -0.35646 -0.12250 -0.23085 -0.25241 -0.07966 -0.12016 0.32698 -0.29360 0.09338 0.16562 -0.40126 -0.64153 -0.05827 -0.09951
0.24609 -0.05173 1.74326 -0.40187 -0.11063 1.64297 0.16113 -0.35572 -0.12143 -0.23588 -0.25435 -0.09139 -0.12422 0.32693 -0.29594 0.09851 0.16765 -0.39173 -0.64796 -0.05890 -0.10029
0.24587 -0.05294 1.729 -0.3991 -0.10755 1.62669 0.16453 -0.35070 -0.11887 -0.24718 -0.25465 -0.12088 -0.12596 0.32047 -0.29344 0.11043 0.17093 -0.35959 -0.64497 -0.05461 -0.10231
0.23677 -0.05074 1.65671 -0.38178 -0.10748 1.55728 0.16074 -0.33465 -0.11252 -0.23677 -0.24636 -0.11138 -0.12240 0.30568 -0.28104 0.10563 0.16154 -0.34740 -0.61855 -0.05674 -0.09943
0.23693 -0.05195 1.66093 -0.38239 -0.10982 1.56011 0.16215 -0.33449 -0.11305 -0.22701 -0.24065 -0.08504 -0.12392 0.30434 -0.27932 0.09530 0.15342 -0.37265 -0.61932 -0.05787 -0.10082
0.23661 -0.05268 1.66163 -0.38501 -0.10752 1.55774 0.16350 -0.33433 -0.11074 -0.22644 -0.24038 -0.08530 -0.12550 0.30343 -0.28024 0.09252 0.15558 -0.37427 -0.62162 -0.05484 -0.10389
0.23533 -0.05281 1.65831 -0.38144 -0.10982 1.55168 0.16455 -0.33413 -0.10499 -0.22460 -0.23950 -0.08268 -0.12725 0.30303 -0.28370 0.09425 0.15262 -0.37736 -0.61677 -0.05701 -0.10663
0.24405 -0.05453 1.72244 -0.40062 -0.11817 1.61131 0.17173 -0.34718 -0.10561 -0.25062 -0.24605 -0.14155 -0.13318 0.31518 -0.29658 0.11109 0.15180 -0.33521 -0.64467 -0.06364 -0.11113
0.2449 -0.05593 1.72295 -0.40214 -0.11486 1.60576 0.17223 -0.34715 -0.10264 -0.24983 -0.24569 -0.14027 -0.13259 0.31371 -0.29671 0.10894 0.15476 -0.33978 -0.64704 -0.05893 -0.11719
0.24491 -0.05494 1.71713 -0.40093 -0.11398 1.59785 0.17194 -0.34592 -0.09932 -0.25457 -0.25168 -0.14255 -0.13131 0.31335 -0.29586 0.11324 0.16132 -0.33395 -0.64584 -0.05904 -0.11928
0.24564 -0.05525 1.71643 -0.40045 -0.11376 1.59684 0.17200 -0.34575 -0.09834 -0.25576 -0.25430 -0.14419 -0.13044 0.31285 -0.29587 0.11540 0.16423 -0.33188 -0.64609 -0.05851 -0.11959
0.24549 -0.05419 1.71594 -0.40265 -0.11538 1.59802 0.17197 -0.34565 -0.09858 -0.24995 -0.25900 -0.12651 -0.13052 0.31380 -0.29585 0.10798 0.16743 -0.34815 -0.64814 -0.06119 -0.11792
0.24549 -0.05427 1.71438 -0.40153 -0.11279 1.59256 0.17183 -0.34517 -0.09703 -0.25486 -0.26054 -0.13099 -0.12992 0.31318 -0.29471 0.11303 0.17129 -0.34352 -0.64702 -0.05852 -0.12182
0.24485 -0.05339 1.71406 -0.40015 -0.11142 1.59174 0.17140 -0.34447 -0.09671 -0.24966 -0.26060 -0.11803 -0.12967 0.31328 -0.29076 0.10935 0.17269 -0.35296 -0.64500 -0.05803 -0.12232
0.24346 -0.05161 1.71393 -0.40149 -0.1138 1.59154 0.17106 -0.34393 -0.09642 -0.24743 -0.26071 -0.11378 -0.13035 0.31449 -0.28755 0.10573 0.17032 -0.35396 -0.64495 -0.06219 -0.12239
0.2419 -0.05163 1.71643 -0.40067 -0.11253 1.58958 0.17102 -0.34410 -0.09653 -0.23636 -0.25033 -0.09214 -0.13187 0.31466 -0.28566 0.09597 0.16126 -0.37846 -0.64257 -0.06090 -0.12685
0.23726 -0.04996 1.71023 -0.40073 -0.1126 1.58389 0.16972 -0.34304 -0.09532 -0.23955 -0.25410 -0.09480 -0.13417 0.31523 -0.28370 0.09729 0.16462 -0.37103 -0.63799 -0.06264 -0.12634
0.23302 -0.05091 1.71937 -0.40075 -0.1122 1.58914 0.17001 -0.34498 -0.09578 -0.23943 -0.25302 -0.09027 -0.13926 0.31656 -0.28393 0.09801 0.16387 -0.37945 -0.63377 -0.06129 -0.13023
0.22236 -0.05175 1.72405 -0.4034 -0.11604 1.59397 0.16949 -0.34617 -0.09563 -0.23730 -0.25091 -0.08541 -0.14891 0.31707 -0.28302 0.09437 0.15807 -0.38389 -0.62576 -0.06429 -0.13008
0.21015 -0.05174 1.75018 -0.40535 -0.11816 1.62058 0.16848 -0.35221 -0.10606 -0.24292 -0.25997 -0.09068 -0.16185 0.32429 -0.28224 0.10320 0.16547 -0.38861 -0.61550 -0.06642 -0.12960
0.19395 -0.05438 1.7644 -0.41145 -0.12233 1.63865 0.16672 -0.34702 -0.14168 -0.24557 -0.26433 -0.09614 -0.16986 0.32392 -0.24325 0.10282 0.16595 -0.38572 -0.60540 -0.06795 -0.12575
0.18085 -0.05604 1.83671 -0.42619 -0.12749 1.70962 0.14488 -0.29168 -0.20260 -0.25266 -0.27400 -0.09481 -0.16816 0.27180 -0.20117 0.10766 0.17165 -0.41090 -0.60704 -0.07145 -0.12709
0.16395 -0.0602 1.82942 -0.42464 -0.12883 1.71184 0.14410 -0.29129 -0.20047 -0.25142 -0.27425 -0.09427 -0.18451 0.26906 -0.21205 0.10917 0.17076 -0.41427 -0.58859 -0.06863 -0.11758
0.14903 -0.05904 1.82197 -0.42494 -0.13239 1.72515 0.12950 -0.29643 -0.22057 -0.23159 -0.26119 -0.09732 -0.18807 0.27854 -0.21178 0.09053 0.15426 -0.41314 -0.57397 -0.07335 -0.09682
0.13675 -0.05624 1.79407 -0.42483 -0.13589 1.73254 0.11635 -0.29144 -0.23439 -0.22570 -0.25713 -0.09847 -0.18913 0.27786 -0.23107 0.08537 0.14678 -0.41171 -0.56158 -0.07965 -0.06153
0.11905 -0.04696 1.73622 -0.41833 -0.13506 1.72696 0.09229 -0.27683 -0.25994 -0.21864 -0.25259 -0.09745 -0.18286 0.27313 -0.24814 0.08292 0.14287 -0.40541 -0.53738 -0.08810 -0.00926
0.04682 -0.06442 1.62875 -0.4063 -0.13259 1.73231 0.06548 -0.25420 -0.29617 -0.21684 -0.25314 -0.09742 -0.22752 0.23147 -0.31529 0.09276 0.14581 -0.39891 -0.45312 -0.06817 0.10356
-0.03479 -0.1058 1.7491 -0.41925 -0.13126 1.7434 0.06519 -0.25997 -0.28452 -0.21792 -0.25600 -0.09783 -0.31073 0.19568 -0.23169 0.08421 0.15037 -0.41460 -0.38446 -0.02546 -0.00570
-0.05838 -0.12557 1.77841 -0.42122 -0.13189 1.72927 0.06251 -0.26377 -0.26217 -0.21550 -0.25439 -0.09614 -0.33003 0.17893 -0.21005 0.07814 0.14805 -0.41746 -0.36284 -0.00632 -0.04914
-0.10798 -0.1691 1.88219 -0.43891 -0.13893 1.76018 0.04630 -0.28115 -0.24170 -0.21892 -0.25869 -0.09756 -0.36729 0.15340 -0.17203 0.06978 0.14605 -0.43105 -0.33093 0.03017 -0.12201
-0.11927 -0.17011 1.88145 -0.43934 -0.13798 1.76088 0.03840 -0.28378 -0.23750 -0.21249 -0.25542 -0.10214 -0.36995 0.15502 -0.17586 0.06922 0.14702 -0.43056 -0.32007 0.03213 -0.12057
-0.12699 -0.16965 1.87199 -0.44099 -0.13906 1.76516 0.03621 -0.28476 -0.23582 -0.20862 -0.25339 -0.10407 -0.37490 0.15638 -0.18747 0.06724 0.14537 -0.42804 -0.31400 0.03059 -0.10683
-0.13023 -0.16232 1.82918 -0.43359 -0.13476 1.74725 0.03066 -0.27966 -0.22586 -0.22726 -0.27568 -0.10394 -0.36608 0.15928 -0.20047 0.08901 0.17136 -0.41743 -0.30336 0.02756 -0.08193
-0.1247 -0.14673 1.7103 -0.4077 -0.1252 1.66088 0.02326 -0.32485 -0.26776 -0.22437 -0.26894 -0.12362 -0.34128 0.21805 -0.15955 0.10191 0.17412 -0.37513 -0.28300 0.02153 -0.04942
-0.12184 -0.14339 1.6802 -0.41473 -0.12328 1.6668 0.02335 -0.32643 -0.26656 -0.21923 -0.27066 -0.11325 -0.33708 0.22286 -0.18898 0.09320 0.17882 -0.38540 -0.29289 0.02011 -0.01340
-0.12583 -0.12953 1.61496 -0.41039 -0.11814 1.63935 0.02268 -0.32207 -0.25982 -0.21843 -0.26861 -0.11173 -0.33502 0.23125 -0.21827 0.09009 0.18074 -0.37353 -0.28456 0.01139 0.02439
-0.13375 -0.13252 1.60261 -0.41353 -0.11925 1.6443 0.01941 -0.32147 -0.26118 -0.21275 -0.27038 -0.10702 -0.33812 0.22720 -0.22701 0.08644 0.18273 -0.37856 -0.27978 0.01327 0.04169
-0.15635 -0.15603 1.69806 -0.43845 -0.12227 1.73309 -0.01504 -0.25314 -0.24949 -0.23295 -0.29651 -0.11737 -0.33493 0.13684 -0.25386 0.09325 0.20358 -0.39165 -0.28210 0.03376 0.03503
-0.21383 -0.15595 1.72653 -0.44418 -0.11988 1.75518 -0.00257 -0.25958 -0.22299 -0.23956 -0.30957 -0.11239 -0.39339 0.14000 -0.24631 0.09338 0.21383 -0.39719 -0.23035 0.03607 0.02865
-0.30212 -0.13134 1.66271 -0.34517 -0.12507 1.66473 -0.00697 -0.24717 -0.21942 -0.22068 -0.28021 -0.10949 -0.47106 0.15026 -0.22429 0.15952 0.17633 -0.39278 -0.04305 0.00627 0.00202
-0.29447 -0.12461 1.58893 -0.27449 -0.1281 1.58953 -0.01106 -0.23432 -0.21373 -0.20601 -0.25434 -0.11571 -0.45179 0.14259 -0.20967 0.20178 0.14526 -0.36205 0.01998 -0.00349 0.00060
-0.05889 -0.05814 1.71339 -0.46468 -0.08646 1.76 0.00459 -0.23513 -0.25710 -0.22473 -0.24491 -0.09418 -0.24801 0.21315 -0.22554 0.05361 0.18382 -0.39156 -0.40579 -0.02832 0.04661
-0.01615 -0.00596 1.64002 -0.46426 -0.07158 1.69418 0.04096 -0.22528 -0.27997 -0.21781 -0.23362 -0.08853 -0.23724 0.25369 -0.20358 0.03636 0.18700 -0.38181 -0.44811 -0.06562 0.05416
0.00425 -0.00522 1.5928 -0.45153 -0.06768 1.64024 0.04662 -0.22004 -0.28028 -0.24577 -0.25968 -0.10545 -0.21899 0.24705 -0.18995 0.06796 0.21652 -0.35069 -0.45578 -0.06246 0.04744
0.0155 -0.00496 1.59079 -0.43729 -0.07177 1.63149 0.05526 -0.21938 -0.28103 -0.24014 -0.25676 -0.11751 -0.21717 0.24577 -0.18428 0.08145 0.21385 -0.34651 -0.45279 -0.06681 0.04070
0.02188 -0.00559 1.59687 -0.43577 -0.06155 1.62914 0.06308 -0.21972 -0.27954 -0.24062 -0.26025 -0.12662 -0.21980 0.24520 -0.17640 0.08413 0.22971 -0.33714 -0.45765 -0.05596 0.03227
0.02973 -0.00921 1.68889 -0.44869 -0.06715 1.71482 0.07032 -0.23271 -0.28802 -0.25192 -0.27276 -0.13676 -0.23026 0.25643 -0.18124 0.09627 0.23901 -0.34811 -0.47842 -0.05794 0.02593
0.02927 -0.01051 1.69732 -0.44305 -0.06437 1.71465 0.06973 -0.23352 -0.28669 -0.25554 -0.27558 -0.13545 -0.23237 0.25533 -0.17819 0.10082 0.24297 -0.34653 -0.47232 -0.05386 0.01733
0.03133 -0.01313 1.69828 -0.43773 -0.06132 1.71408 0.06881 -0.23394 -0.28615 -0.25271 -0.27527 -0.14359 -0.23026 0.25354 -0.17627 0.10300 0.24651 -0.34010 -0.46906 -0.04819 0.01580
0.03068 -0.01232 1.70134 -0.43392 -0.06086 1.71265 0.06810 -0.23416 -0.28410 -0.25146 -0.27528 -0.14948 -0.23112 0.25506 -0.17458 0.10489 0.24711 -0.33618 -0.46460 -0.04854 0.01131
0.03042 -0.01213 1.70589 -0.43073 -0.06199 1.7156 0.06794 -0.23562 -0.28210 -0.25486 -0.27720 -0.14653 -0.23230 0.25722 -0.17565 0.10731 0.24605 -0.33377 -0.46115 -0.04986 0.00971
0.03062 -0.01221 1.70732 -0.42824 -0.05761 1.71336 0.06635 -0.23582 -0.28193 -0.25613 -0.27790 -0.14437 -0.23221 0.25779 -0.17607 0.10886 0.25018 -0.33671 -0.45886 -0.04540 0.00604
0.03198 -0.01407 1.71204 -0.42713 -0.0579 1.71659 0.06644 -0.23644 -0.27901 -0.25709 -0.27870 -0.14523 -0.23161 0.25697 -0.17716 0.10960 0.24998 -0.33343 -0.45911 -0.04383 0.00455
0.03258 -0.01708 1.71452 -0.42544 -0.0556 1.71543 0.06563 -0.23628 -0.27854 -0.25768 -0.27945 -0.14419 -0.23090 0.25425 -0.17609 0.11054 0.25248 -0.33466 -0.45802 -0.03852 0.00091
0.03345 -0.01585 1.71457 -0.42291 -0.0586 1.714 0.06480 -0.23710 -0.27777 -0.25813 -0.27991 -0.14388 -0.22967 0.25665 -0.17755 0.11236 0.24943 -0.33579 -0.45636 -0.04275 -0.00057
0.03602 -0.02026 1.71753 -0.41996 -0.05751 1.71284 0.06395 -0.23845 -0.27484 -0.25844 -0.28056 -0.14406 -0.22692 0.25396 -0.17924 0.11490 0.25076 -0.33712 -0.45598 -0.03725 -0.00469
0.03631 -0.02248 1.71871 -0.41797 -0.05932 1.71141 0.06285 -0.23937 -0.27330 -0.25800 -0.28066 -0.14572 -0.22609 0.25306 -0.18069 0.11548 0.24866 -0.33668 -0.45428 -0.03684 -0.00730
0.03847 -0.02694 1.72352 -0.41758 -0.06183 1.71361 0.06218 -0.24248 -0.26908 -0.25811 -0.28098 -0.14754 -0.22377 0.25227 -0.18152 0.11524 0.24622 -0.33298 -0.45605 -0.03489 -0.00991
0.04605 -0.04179 1.72448 -0.41041 -0.06666 1.71226 0.07219 -0.26880 -0.23982 -0.25643 -0.28275 -0.15478 -0.22632 0.26448 -0.20707 0.12050 0.24310 -0.32720 -0.45646 -0.02487 -0.01222
0.06349 -0.08943 1.72852 -0.39498 -0.08657 1.7088 0.07553 -0.29094 -0.21453 -0.25402 -0.28763 -0.15291 -0.21238 0.23974 -0.22357 0.13102 0.22740 -0.32451 -0.45847 0.00286 -0.01972
0.06899 -0.12144 1.73969 -0.38612 -0.10423 1.72407 0.07836 -0.30034 -0.17692 -0.24840 -0.29949 -0.14959 -0.21279 0.21869 -0.26835 0.13509 0.22130 -0.32839 -0.45511 0.01721 -0.01562
0.07406 -0.16747 1.76336 -0.37073 -0.14145 1.74967 0.08648 -0.32247 -0.13413 -0.19615 -0.28129 -0.10709 -0.22027 0.19709 -0.31836 0.10078 0.16563 -0.37391 -0.44479 0.02602 -0.01369
0.0773 -0.22138 1.71242 -0.34053 -0.17801 1.71246 0.10539 -0.38450 -0.12913 -0.19717 -0.29336 -0.11581 -0.23174 0.20521 -0.32047 0.12440 0.13986 -0.34652 -0.41783 0.04337 0.00004
0.08895 -0.30264 1.76176 -0.32004 -0.23901 1.7757 0.10170 -0.39861 -0.13551 -0.18714 -0.24960 -0.05979 -0.22354 0.13996 -0.33657 0.14295 0.03541 -0.40978 -0.40899 0.06363 0.01394
0.08842 -0.35565 1.61919 -0.26183 -0.28343 1.64047 0.08645 -0.37181 -0.10983 -0.20783 -0.26510 0.11088 -0.19216 0.05744 -0.32295 0.19905 0.00419 -0.53161 -0.35025 0.07222 0.02128
0.10575 -0.45424 1.70746 -0.24472 -0.36968 1.73607 0.07748 -0.33869 0.02845 -0.18722 -0.29081 0.00521 -0.17525 -0.07135 -0.46628 0.20708 -0.05534 -0.42427 -0.35047 0.08456 0.02861
0.12753 -0.59567 1.77263 -0.21847 -0.44445 1.76808 0.07064 -0.40332 -0.01590 -0.18359 -0.29392 0.01536 -0.14720 -0.14736 -0.35536 0.22951 -0.12702 -0.40104 -0.34600 0.15122 -0.00455
0.13765 -0.60513 1.7726 -0.19339 -0.55697 1.8455 0.07105 -0.40530 -0.01505 -0.16983 -0.31117 0.03045 -0.13936 -0.15366 -0.36680 0.24141 -0.22197 -0.34694 -0.33104 0.04816 0.07290
0.15548 -0.68233 1.84093 -0.17936 -0.63081 1.89812 0.07422 -0.37223 0.06742 -0.11433 -0.32980 0.02824 -0.14554 -0.25254 -0.47446 0.21139 -0.27530 -0.38702 -0.33484 0.05152 0.05719
0.16661 -0.6758 1.84554 -0.16654 -0.65357 1.89662 0.07439 -0.37203 0.06936 -0.10380 -0.33747 0.03152 -0.13407 -0.24638 -0.46783 0.21203 -0.29017 -0.38555 -0.33315 0.02223 0.05108
0.17707 -0.66998 1.84985 -0.15617 -0.64904 1.9016 0.07432 -0.37291 0.07243 -0.09328 -0.34221 0.03696 -0.12311 -0.23991 -0.46299 0.20991 -0.28007 -0.38148 -0.33324 0.02094 0.05175
0.24948 -0.6622 1.72644 -0.14576 -0.61165 1.78495 0.07077 -0.37050 0.08645 -0.08944 -0.32198 0.03605 -0.03419 -0.23783 -0.47010 0.19767 -0.26432 -0.36521 -0.39524 0.05055 0.05851
0.37057 -0.61221 1.82548 -0.1518 -0.62448 1.82443 0.07378 -0.38172 0.08804 -0.09450 -0.32555 0.03589 0.07893 -0.17542 -0.41972 0.19868 -0.27239 -0.37070 -0.52237 -0.01227 -0.00105
0.4083 -0.63934 1.95147 -0.15778 -0.64425 1.88166 0.07860 -0.39582 0.08968 -0.10187 -0.33192 0.03448 0.10444 -0.18647 -0.36503 0.20514 -0.28496 -0.38008 -0.56608 -0.00491 -0.06981
0.47206 -0.62402 1.80349 -0.15134 -0.61576 1.8013 0.07832 -0.38004 0.08392 -0.10120 -0.31106 0.02866 0.17758 -0.18929 -0.41133 0.19889 -0.27909 -0.35679 -0.62340 0.00826 -0.00219
0.47609 -0.65968 1.9579 -0.15778 -0.64413 1.88313 0.08737 -0.39806 0.08266 -0.10828 -0.32020 0.02632 0.16158 -0.20410 -0.35167 0.20982 -0.29765 -0.36641 -0.63387 0.01555 -0.07477
0.49989 -0.67435 1.9734 -0.15768 -0.64686 1.89026 0.07227 -0.37776 0.06511 -0.11695 -0.31997 0.02648 0.17220 -0.22090 -0.33630 0.21149 -0.30200 -0.36441 -0.65757 0.02749 -0.08314
0.5382 -0.7151 1.951 -0.15582 -0.64163 1.87643 0.08435 -0.38257 0.05888 -0.11642 -0.31551 0.02470 0.20445 -0.26042 -0.33447 0.21056 -0.30181 -0.35836 -0.69402 0.07347 -0.07457
0.54607 -0.71918 1.94464 -0.15481 -0.63961 1.87016 0.09063 -0.38416 0.05384 -0.11619 -0.31340 0.02381 0.20609 -0.26277 -0.32815 0.21005 -0.30233 -0.35528 -0.70088 0.07957 -0.07448
0.56022 -0.72205 1.92223 -0.15343 -0.63808 1.86594 0.09550 -0.38542 0.04870 -0.11642 -0.31193 0.02315 0.21485 -0.26410 -0.34110 0.21057 -0.30271 -0.35358 -0.71365 0.08397 -0.05629
0.56462 -0.72771 1.9147 -0.15325 -0.63613 1.86164 0.09783 -0.38456 0.04531 -0.11612 -0.31161 0.02215 0.21669 -0.27041 -0.34002 0.20875 -0.30168 -0.35090 -0.71787 0.09158 -0.05306
0.56878 -0.73039 1.90828 -0.15191 -0.63436 1.85686 0.10020 -0.38404 0.04144 -0.11648 -0.31094 0.02183 0.21834 -0.27377 -0.33714 0.20830 -0.30115 -0.34895 -0.72069 0.09603 -0.05142
0.57478 -0.73777 1.91159 -0.15209 -0.63528 1.85701 0.10289 -0.38199 0.03823 -0.11574 -0.31010 0.02456 0.22056 -0.28309 -0.33145 0.20613 -0.30348 -0.35163 -0.72687 0.10249 -0.05458
0.57931 -0.74308 1.91996 -0.15164 -0.63853 1.86493 0.10441 -0.38277 0.03585 -0.13729 -0.31459 0.03036 0.22125 -0.28698 -0.33173 0.20692 -0.30571 -0.35502 -0.73095 0.10455 -0.05503
0.58045 -0.74292 1.91858 -0.15191 -0.63827 1.86375 0.10408 -0.38211 0.03452 -0.13433 -0.31413 0.03085 0.22187 -0.28711 -0.32970 0.20482 -0.30595 -0.35467 -0.73236 0.10465 -0.05483
0.58162 -0.74246 1.91701 -0.15196 -0.63789 1.86444 0.10319 -0.38201 0.03377 -0.13162 -0.31364 0.03107 0.22274 -0.28642 -0.33036 0.20276 -0.30606 -0.35420 -0.73358 0.10457 -0.05257
0.58417 -0.74437 1.91349 -0.15304 -0.63809 1.86531 0.08100 -0.37112 0.03402 -0.14333 -0.31495 0.03308 0.22489 -0.28797 -0.33413 0.19864 -0.30724 -0.35185 -0.73721 0.10628 -0.04818
0.5869 -0.74583 1.91312 -0.15295 -0.63879 1.86667 0.08282 -0.37280 0.03273 -0.13714 -0.31281 0.02847 0.22689 -0.28858 -0.33462 0.19594 -0.30989 -0.34703 -0.73985 0.10704 -0.04645
0.58818 -0.74725 1.91254 -0.15256 -0.63859 1.86803 0.08413 -0.37385 0.03201 -0.13367 -0.31181 0.02551 0.22743 -0.28948 -0.33659 0.19458 -0.31052 -0.34467 -0.74074 0.10866 -0.04451
0.59005 -0.74714 1.91231 -0.15303 -0.63976 1.87017 0.08515 -0.37481 0.03164 -0.13472 -0.31205 0.02518 0.22860 -0.28862 -0.33890 0.19320 -0.31167 -0.34348 -0.74308 0.10738 -0.04214
0.58958 -0.74855 1.9142 -0.15254 -0.64023 1.87009 0.08604 -0.37537 0.03119 -0.13491 -0.31271 0.02505 0.22776 -0.28976 -0.33705 0.19261 -0.31165 -0.34325 -0.74212 0.10832 -0.04411
0.58983 -0.74923 1.91469 -0.15258 -0.63978 1.87006 0.08671 -0.37587 0.03084 -0.13540 -0.31336 0.02682 0.22780 -0.29022 -0.33663 0.19158 -0.31074 -0.34472 -0.74241 0.10945 -0.04463
0.57069 -0.72436 1.84947 -0.1501 -0.61869 1.80848 0.08446 -0.36323 0.02947 -0.13133 -0.30328 0.02599 0.22041 -0.28091 -0.32612 0.18188 -0.30039 -0.33172 -0.72079 0.10567 -0.04099
0.57228 -0.7246 1.84996 -0.14949 -0.62014 1.8089 0.08512 -0.36339 0.02913 -0.13192 -0.30362 0.02616 0.22125 -0.28098 -0.32690 0.18237 -0.30156 -0.33276 -0.72177 0.10446 -0.04106
0.571 -0.72475 1.85034 -0.14985 -0.62014 1.8097 0.08585 -0.36345 0.02892 -0.13236 -0.30392 0.02636 0.21922 -0.28106 -0.32737 0.18178 -0.30131 -0.33284 -0.72085 0.10461 -0.04064
0.57225 -0.72352 1.85132 -0.15014 -0.62088 1.81069 0.08688 -0.36374 0.02887 -0.13256 -0.30460 0.02708 0.21944 -0.27955 -0.32722 0.18111 -0.30135 -0.33315 -0.72239 0.10264 -0.04063
0.57199 -0.72465 1.85313 -0.14951 -0.62097 1.81061 0.08814 -0.36333 0.02857 -0.13245 -0.30508 0.02733 0.21786 -0.28110 -0.32632 0.18142 -0.30094 -0.33445 -0.72150 0.10368 -0.04252
0.57287 -0.72557 1.85291 -0.14999 -0.62054 1.81205 0.08905 -0.36346 0.02837 -0.13237 -0.30539 0.02736 0.21790 -0.28196 -0.32695 0.18067 -0.30019 -0.33351 -0.72286 0.10503 -0.04086
]
