classifier_Man_man_bumps_into_each_other_25166 [ 0.56455 -0.72987 1.83312 -0.21785 -0.5943 1.84329 0.09072 -0.38065 0.01589 -0.11101 -0.32039 0.05248 0.20876 -0.26889 -0.30202 0.11810 -0.22012 -0.28560 -0.78240 0.13557 0.01017
0.56691 -0.73074 1.83168 -0.21678 -0.59476 1.84238 0.09064 -0.38031 0.01579 -0.11108 -0.32021 0.05327 0.21147 -0.27028 -0.30282 0.11941 -0.22054 -0.28668 -0.78369 0.13598 0.01070
0.56773 -0.72964 1.83238 -0.21689 -0.59388 1.8413 0.09135 -0.37929 0.01545 -0.11172 -0.32003 0.05552 0.21205 -0.27053 -0.29965 0.12045 -0.21923 -0.28904 -0.78462 0.13576 0.00892
0.57087 -0.72705 1.83542 -0.21682 -0.58473 1.85018 0.09247 -0.37794 0.01515 -0.11177 -0.31898 0.05593 0.21474 -0.27000 -0.29384 0.12163 -0.20977 -0.28024 -0.78769 0.14232 0.01476
0.57089 -0.72623 1.832 -0.21472 -0.58303 1.8447 0.09376 -0.37616 0.01489 -0.11141 -0.31768 0.05565 0.21425 -0.27150 -0.29302 0.12402 -0.20854 -0.28328 -0.78561 0.14320 0.01270
0.57033 -0.72547 1.83121 -0.21141 -0.58267 1.83898 0.09521 -0.37504 0.01473 -0.11046 -0.31747 0.05641 0.21299 -0.27249 -0.29086 0.12764 -0.20767 -0.28904 -0.78174 0.14280 0.00777
0.57139 -0.72447 1.83188 -0.21078 -0.58118 1.83925 0.09676 -0.37366 0.01467 -0.10934 -0.31638 0.05575 0.21322 -0.27334 -0.28814 0.12851 -0.20648 -0.28784 -0.78217 0.14329 0.00737
0.57051 -0.71899 1.82346 -0.20865 -0.57864 1.82436 0.09724 -0.37175 0.01451 -0.10772 -0.31734 0.05738 0.21401 -0.27068 -0.28363 0.12916 -0.20267 -0.29345 -0.77916 0.14035 0.00090
0.56857 -0.71712 1.82433 -0.20473 -0.57663 1.81218 0.09768 -0.36978 0.01448 -0.10591 -0.31508 0.05543 0.21343 -0.27149 -0.27395 0.13188 -0.20240 -0.29637 -0.77330 0.14049 -0.01215
0.55304 -0.71134 1.85052 -0.20481 -0.57162 1.81763 0.09156 -0.37407 0.03289 -0.10883 -0.31517 0.05275 0.20460 -0.26211 -0.27159 0.13610 -0.19841 -0.29608 -0.75785 0.13972 -0.03289
0.54898 -0.71063 1.8269 -0.14776 -0.57357 1.7681 0.08983 -0.37445 0.03410 -0.11219 -0.31323 0.05090 0.20290 -0.26136 -0.29926 0.19750 -0.20285 -0.34774 -0.69674 0.13706 -0.05880
0.55493 -0.72547 1.81376 -0.14677 -0.57092 1.76884 0.08550 -0.37483 0.03830 -0.11276 -0.31222 0.04798 0.21400 -0.27620 -0.31750 0.19986 -0.20171 -0.34567 -0.70170 0.15455 -0.04492
0.53644 -0.69869 1.82936 -0.13984 -0.55823 1.80266 0.08025 -0.37810 0.04502 -0.11405 -0.31573 0.04435 0.19809 -0.24583 -0.33789 0.21192 -0.18520 -0.33748 -0.67628 0.14046 -0.02670
0.56094 -0.73196 1.74024 -0.11726 -0.5108 1.72793 0.07297 -0.36390 0.04630 -0.10814 -0.30321 0.03508 0.24013 -0.29681 -0.35161 0.22052 -0.15279 -0.32747 -0.67820 0.22116 -0.01231
0.35142 -0.68316 1.9241 -0.06342 -0.42272 1.77075 0.07282 -0.38793 0.05165 -0.10174 -0.31368 0.01190 0.01654 -0.22074 -0.29843 0.28265 -0.05146 -0.38501 -0.41484 0.26044 -0.15335
0.29925 -0.65488 1.90288 -0.04445 -0.35354 1.72789 0.06600 -0.38215 0.05231 -0.08783 -0.29780 -0.04661 -0.02610 -0.20002 -0.30491 0.28607 0.00134 -0.35309 -0.34370 0.30134 -0.17499
0.28954 -0.65068 1.77512 -0.03178 -0.26758 1.65941 0.05675 -0.36973 0.05160 -0.05080 -0.29562 -0.11507 -0.01960 -0.21092 -0.37879 0.25608 0.08379 -0.29974 -0.32132 0.38310 -0.11571
0.21497 -0.65427 1.68767 -0.01653 -0.0637 1.5998 0.04735 -0.36523 0.03942 -0.01359 -0.22628 -0.22985 -0.08189 -0.21995 -0.44039 0.23213 0.21578 -0.23065 -0.23150 0.59057 -0.08787
0.21059 -0.65475 1.68 -0.02242 0.02811 1.59793 0.04470 -0.36774 0.03209 0.00781 -0.17140 -0.28026 -0.08232 -0.21870 -0.43882 0.20263 0.24655 -0.17832 -0.23301 0.68286 -0.08207
0.20967 -0.65976 1.68045 -0.02966 0.11459 1.61892 0.04447 -0.37407 0.02289 0.01686 -0.12964 -0.31545 -0.08242 -0.21793 -0.43500 0.18414 0.28503 -0.12547 -0.23933 0.77435 -0.06153
0.19553 -0.65999 1.66841 -0.02967 0.21045 1.63033 0.04457 -0.36869 0.01888 0.03607 -0.05842 -0.34982 -0.09578 -0.22418 -0.43834 0.16128 0.30805 -0.07033 -0.22520 0.87044 -0.03808
0.20148 -0.66405 1.67716 -0.03932 0.26786 1.66537 0.04628 -0.36713 0.01715 0.03138 -0.02657 -0.35179 -0.09273 -0.22975 -0.43957 0.15059 0.33642 -0.03921 -0.24080 0.93191 -0.01179
0.20906 -0.66689 1.67985 -0.0456 0.4094 1.72708 0.05059 -0.35352 0.01448 0.03883 0.09463 -0.35260 -0.08880 -0.24634 -0.43319 0.12720 0.37080 0.02660 -0.25466 1.07629 0.04723
0.21439 -0.67272 1.68432 -0.04131 0.40496 1.80029 0.05105 -0.35327 0.01445 0.03382 0.10603 -0.34865 -0.08352 -0.25254 -0.42964 0.13204 0.36053 0.09686 -0.25570 1.07768 0.11597
0.21725 -0.67259 1.68071 -0.0367 0.40282 1.80349 0.05101 -0.35479 0.01486 0.02115 0.11867 -0.34064 -0.07998 -0.25108 -0.43077 0.13716 0.35700 0.10133 -0.25395 1.07541 0.12278
0.25342 -0.65674 1.86985 -0.03551 0.41855 1.86703 0.05299 -0.36836 0.01558 0.01796 0.12780 -0.35044 -0.05473 -0.21933 -0.31982 0.14511 0.37114 0.10192 -0.28893 1.07529 -0.00282
0.25501 -0.65922 1.87572 -0.02969 0.36801 1.83773 0.05297 -0.36989 0.01615 0.01193 0.12244 -0.34586 -0.05374 -0.22017 -0.31982 0.15490 0.32932 0.06504 -0.28470 1.02723 -0.03799
0.26759 -0.67821 1.77237 -0.02538 0.30114 1.77895 0.05195 -0.36588 0.01437 -0.01547 0.05266 -0.32985 -0.03545 -0.24470 -0.37851 0.18291 0.32887 0.03143 -0.29297 0.97935 0.00658
0.27976 -0.69092 1.8687 -0.01903 0.25319 1.84139 0.05332 -0.37754 0.01438 -0.02174 0.01577 -0.33429 -0.03280 -0.24382 -0.34925 0.20432 0.31263 0.03210 -0.29879 0.94411 -0.02731
0.27907 -0.69208 1.87908 -0.02431 0.16546 1.8467 0.05336 -0.37993 0.01395 -0.04666 -0.06396 -0.32539 -0.03523 -0.24261 -0.34950 0.22993 0.29516 0.01568 -0.30338 0.85754 -0.03238
0.27863 -0.69023 1.8808 -0.05084 0.09057 1.83804 0.05296 -0.38006 0.01279 -0.07880 -0.12405 -0.30740 -0.03628 -0.24088 -0.34681 0.23928 0.27437 -0.01264 -0.32947 0.78080 -0.04276
0.27712 -0.68678 1.87227 -0.1072 0.01227 1.81028 0.05379 -0.37919 0.01220 -0.10078 -0.15689 -0.28299 -0.03818 -0.23880 -0.34515 0.20548 0.22716 -0.05573 -0.38432 0.69905 -0.06199
0.2924 -0.72418 1.97029 -0.17012 -0.03318 1.89037 0.05720 -0.40794 -0.00002 -0.13557 -0.20665 -0.26199 -0.04220 -0.25082 -0.36385 0.19071 0.23420 -0.10966 -0.46252 0.69100 -0.07992
0.27104 -0.6673 1.82226 -0.22116 -0.06805 1.72298 0.05355 -0.37763 0.00199 -0.16118 -0.23947 -0.20014 -0.03961 -0.22844 -0.33540 0.14729 0.23011 -0.16718 -0.49220 0.59925 -0.09928
0.2651 -0.65282 1.78168 -0.28449 -0.10783 1.66427 0.05361 -0.37335 0.00201 -0.19062 -0.29394 -0.15253 -0.04070 -0.21872 -0.32844 0.10881 0.24329 -0.22890 -0.54959 0.54499 -0.11741
0.27488 -0.67228 1.81878 -0.40251 -0.20641 1.69081 0.05423 -0.37954 0.00345 -0.17018 -0.26433 -0.03734 -0.03769 -0.22952 -0.33759 -0.00648 0.11442 -0.37300 -0.67739 0.46587 -0.12797
0.27185 -0.67088 1.81543 -0.42626 -0.2353 1.69296 0.05281 -0.37924 0.00612 -0.16819 -0.26580 -0.03302 -0.03952 -0.22729 -0.34128 -0.02687 0.08672 -0.37754 -0.69811 0.43558 -0.12247
0.26722 -0.6642 1.74301 -0.42423 -0.23854 1.66491 0.05076 -0.37004 0.00839 -0.16598 -0.25944 -0.02175 -0.03600 -0.23029 -0.36363 -0.02847 0.07540 -0.36971 -0.69145 0.42566 -0.07810
0.26637 -0.66929 1.77625 -0.43279 -0.23288 1.69281 0.04944 -0.37428 0.01099 -0.16953 -0.26220 -0.01658 -0.03829 -0.22977 -0.35539 -0.02802 0.08413 -0.37166 -0.69916 0.43641 -0.08344
0.24829 -0.62469 1.66778 -0.40685 -0.21562 1.59192 0.04462 -0.35266 0.00979 -0.18263 -0.29202 0.02640 -0.03396 -0.21172 -0.33471 -0.00171 0.12754 -0.38820 -0.65514 0.40907 -0.07586
0.25809 -0.63917 1.6928 -0.41964 -0.21317 1.63249 0.04363 -0.36212 0.00986 -0.18630 -0.29995 0.02619 -0.02757 -0.21579 -0.36124 -0.00348 0.13890 -0.39790 -0.67773 0.42600 -0.06031
0.26152 -0.63032 1.6747 -0.41564 -0.20858 1.6057 0.04136 -0.35526 0.01274 -0.18624 -0.29692 0.02305 -0.01770 -0.21372 -0.34680 -0.00133 0.13953 -0.39022 -0.67716 0.42174 -0.06900
0.2392 -0.61524 1.7519 -0.43373 -0.21655 1.66731 0.04168 -0.36785 0.01577 -0.19507 -0.30903 0.02317 -0.04932 -0.18315 -0.34825 -0.00057 0.14529 -0.40507 -0.67293 0.39869 -0.08459
0.23102 -0.59467 1.62493 -0.41695 -0.20655 1.59647 0.03818 -0.34891 0.01690 -0.18717 -0.29629 0.02135 -0.04350 -0.18375 -0.38784 -0.00003 0.14020 -0.38988 -0.64797 0.38812 -0.02846
0.20979 -0.51791 1.67688 -0.42862 -0.21276 1.64684 0.03027 -0.32992 -0.00741 -0.19504 -0.30834 0.01932 -0.06073 -0.12791 -0.37209 0.00497 0.14755 -0.39821 -0.63841 0.30515 -0.03004
0.18632 -0.43356 1.63578 -0.42653 -0.21409 1.64506 0.03064 -0.31377 -0.01816 -0.19348 -0.30748 0.01752 -0.08116 -0.06213 -0.39769 0.00648 0.14565 -0.39571 -0.61285 0.21947 0.00928
0.16648 -0.31905 1.62207 -0.42987 -0.21882 1.67082 0.04420 -0.29299 -0.06171 -0.19529 -0.31243 0.01629 -0.11844 0.03338 -0.39717 0.01002 0.14691 -0.40239 -0.59635 0.10023 0.04875
0.12772 -0.21579 1.58047 -0.4148 -0.21592 1.61843 0.06069 -0.30434 -0.14780 -0.18856 -0.30292 0.01480 -0.16491 0.14588 -0.28385 0.01100 0.13847 -0.38899 -0.54252 -0.00013 0.03796
0.10397 -0.10829 1.60447 -0.42283 -0.21887 1.65412 0.05335 -0.31631 -0.03231 -0.20269 -0.30501 0.01985 -0.18631 0.26469 -0.41853 0.01209 0.14369 -0.39822 -0.52680 -0.11058 0.04965
0.08886 9E-05 1.8168 -0.47711 -0.24778 1.87297 -0.03265 -0.18711 -0.31712 -0.22984 -0.34472 0.02467 -0.14594 0.24983 -0.19291 0.01367 0.16301 -0.45451 -0.56597 -0.24787 0.05617
0.05035 0.15935 1.59575 -0.42132 -0.21738 1.66321 -0.03285 -0.15398 -0.30447 -0.19602 -0.30652 0.01358 -0.15004 0.36688 -0.16059 0.01438 0.14737 -0.40392 -0.47167 -0.37673 0.06746
0.02229 0.27584 1.79029 -0.44662 -0.2178 1.76655 -0.06031 0.04692 -0.36242 -0.20373 -0.32326 0.01060 -0.14117 0.28746 -0.02112 0.01328 0.16515 -0.42714 -0.46891 -0.49364 -0.02374
0.0138 0.3522 1.83005 -0.45063 -0.2132 1.77364 -0.05982 0.07035 -0.36406 -0.21051 -0.32053 0.01511 -0.14740 0.34355 0.01545 0.00937 0.16892 -0.42622 -0.46443 -0.56540 -0.05641
0.01137 0.37625 1.8554 -0.45151 -0.20597 1.76354 -0.05740 0.10328 -0.35996 -0.21324 -0.31688 0.01650 -0.14650 0.33805 0.04945 0.00572 0.17302 -0.42304 -0.46288 -0.58222 -0.09186
0.00747 0.42002 1.90989 -0.45409 -0.2001 1.76373 -0.04877 0.12611 -0.36079 -0.21643 -0.31625 0.01676 -0.15109 0.36477 0.10348 0.00353 0.17860 -0.42040 -0.46156 -0.62012 -0.14616
0.0032 0.42365 1.93764 -0.45633 -0.19511 1.76229 -0.04330 0.13911 -0.35911 -0.21318 -0.31940 0.01002 -0.15824 0.35636 0.13275 0.00111 0.18265 -0.41750 -0.45953 -0.61876 -0.17535
-0.00064 0.42969 1.94417 -0.45923 -0.19361 1.7649 -0.03755 0.14511 -0.35825 -0.21795 -0.31813 0.01311 -0.16666 0.35638 0.13555 -0.00072 0.18434 -0.41699 -0.45859 -0.62330 -0.17927
0.00751 0.34068 1.89917 -0.46231 -0.19144 1.76669 -0.02878 0.14650 -0.35760 -0.22154 -0.31727 0.01432 -0.16623 0.26572 0.08802 -0.00207 0.18668 -0.41611 -0.46982 -0.53212 -0.13248
0.01943 0.35466 1.86155 -0.46495 -0.19134 1.76198 -0.01648 0.14264 -0.35631 -0.22333 -0.31578 0.01538 -0.16534 0.28326 0.05338 -0.00438 0.18571 -0.41664 -0.48438 -0.54600 -0.09957
0.02961 0.35129 1.83728 -0.46686 -0.19188 1.75963 0.00585 0.12621 -0.35866 -0.21892 -0.31864 0.00969 -0.17636 0.29621 0.03428 -0.00438 0.18505 -0.41638 -0.49647 -0.54317 -0.07765
0.0426 0.3504 1.82834 -0.46921 -0.1944 1.75608 0.02658 0.10495 -0.36080 -0.21894 -0.32132 0.00538 -0.18364 0.31639 0.02815 -0.00365 0.18317 -0.41764 -0.51181 -0.54480 -0.07226
0.08784 0.28314 1.80885 -0.47399 -0.19619 1.76597 0.08389 0.02465 -0.34885 -0.22822 -0.32191 0.00756 -0.19661 0.32993 -0.01768 -0.00238 0.18400 -0.42017 -0.56183 -0.47933 -0.04288
0.13621 0.22337 1.79495 -0.47488 -0.19631 1.76956 0.10404 -0.02059 -0.33073 -0.23291 -0.32270 0.01021 -0.16875 0.31541 -0.05593 -0.00029 0.18554 -0.42313 -0.61109 -0.41968 -0.02539
0.27571 0.03423 1.79416 -0.47691 -0.19894 1.77463 0.15471 -0.20721 -0.20543 -0.23747 -0.32602 0.00802 -0.08195 0.31166 -0.19492 0.00370 0.18752 -0.42660 -0.75262 -0.23317 -0.01953
0.30901 -0.06683 1.79284 -0.47511 -0.20028 1.76516 0.15476 -0.26376 -0.12764 -0.22004 -0.33091 0.00372 -0.04874 0.26649 -0.26349 0.00504 0.18716 -0.42472 -0.78412 -0.13345 -0.02768
0.31838 -0.09987 1.75106 -0.45954 -0.19783 1.70568 0.14107 -0.31539 -0.11902 -0.21394 -0.32170 0.00298 -0.02060 0.28272 -0.24409 0.00612 0.17885 -0.41188 -0.77792 -0.09796 -0.04538
0.33567 -0.19726 1.81201 -0.46873 -0.20391 1.74018 0.11409 -0.31663 -0.01578 -0.21947 -0.33096 0.00176 0.01774 0.18818 -0.33419 0.00802 0.18360 -0.42197 -0.80440 -0.00665 -0.07183
0.34756 -0.24339 1.86345 -0.47515 -0.21078 1.76695 0.11142 -0.36586 -0.02214 -0.22007 -0.33765 0.00180 0.02760 0.19235 -0.31222 0.00951 0.18428 -0.42950 -0.82271 0.03261 -0.09650
0.33489 -0.27351 1.80077 -0.45247 -0.20265 1.68964 0.09090 -0.35647 0.00070 -0.21111 -0.32369 0.00193 0.04348 0.14953 -0.30207 0.01094 0.17622 -0.40923 -0.78736 0.07086 -0.11113
0.34038 -0.29857 1.82717 -0.45287 -0.20705 1.69609 0.08741 -0.36799 0.00949 -0.21057 -0.32605 0.00188 0.05048 0.13594 -0.29555 0.01263 0.17451 -0.41214 -0.79325 0.09152 -0.13108
0.35001 -0.31646 1.86988 -0.45613 -0.20952 1.71945 0.07544 -0.33309 0.08249 -0.21234 -0.33182 0.00107 0.06828 0.08379 -0.35909 0.01612 0.17873 -0.41970 -0.80614 0.10694 -0.15043
0.3547 -0.32091 1.87768 -0.45515 -0.20827 1.71793 0.07476 -0.33313 0.08252 -0.21072 -0.33190 0.00088 0.07320 0.07892 -0.35002 0.01612 0.18015 -0.41831 -0.80985 0.11264 -0.15975
0.34606 -0.30562 1.81017 -0.43509 -0.19924 1.64918 0.07162 -0.36459 0.05221 -0.20172 -0.31993 -0.00124 0.06964 0.11754 -0.31342 0.01738 0.17498 -0.40144 -0.78115 0.10638 -0.16099
0.37139 -0.31734 1.92034 -0.4593 -0.20912 1.74525 0.07651 -0.39203 0.04573 -0.21192 -0.33921 -0.00681 0.07464 0.13488 -0.32556 0.01871 0.18764 -0.42215 -0.83069 0.10822 -0.17509
0.36687 -0.26958 1.8248 -0.43531 -0.18596 1.67051 0.08094 -0.37779 0.03400 -0.20238 -0.32495 -0.00696 0.07186 0.16556 -0.31811 0.02172 0.19399 -0.40244 -0.80218 0.08362 -0.15429
0.38697 -0.26623 1.90889 -0.45689 -0.19043 1.75215 0.09981 -0.39038 0.00698 -0.21173 -0.34106 -0.00739 0.06010 0.18448 -0.31225 0.02198 0.20832 -0.42093 -0.84386 0.07580 -0.15674
0.39153 -0.23578 1.90384 -0.46135 -0.18469 1.76678 0.11970 -0.37647 -0.01585 -0.18251 -0.25917 -0.04941 0.04511 0.20334 -0.30104 -0.01048 0.13243 -0.37317 -0.85288 0.05109 -0.13706
0.371 -0.20124 1.79304 -0.43528 -0.16858 1.67519 0.11738 -0.30680 0.00175 -0.20271 -0.33264 0.04408 0.03977 0.16595 -0.30900 0.02151 0.21891 -0.44083 -0.80628 0.03266 -0.11785
0.36485 -0.17788 1.76453 -0.42989 -0.1614 1.66119 0.14552 -0.32198 -0.05372 -0.20160 -0.32812 0.03485 0.00889 0.20431 -0.25330 0.02249 0.22083 -0.41842 -0.79474 0.01648 -0.10334
0.36778 -0.17399 1.7726 -0.431 -0.1602 1.67099 0.13328 -0.29195 -0.00728 -0.20329 -0.33096 0.06056 0.02354 0.17878 -0.30003 0.02426 0.22507 -0.44328 -0.79878 0.01379 -0.10161
0.36274 -0.16739 1.74302 -0.42716 -0.15686 1.64828 0.14857 -0.31321 -0.05596 -0.20079 -0.32641 0.05528 0.00680 0.20604 -0.24831 0.02180 0.22293 -0.42923 -0.78990 0.01053 -0.09474
0.36401 -0.16332 1.74234 -0.42782 -0.15414 1.65253 0.14925 -0.31355 -0.05624 -0.20124 -0.32706 0.05315 0.00748 0.21076 -0.24997 0.02194 0.22621 -0.42477 -0.79183 0.00918 -0.08981
0.39572 -0.1715 1.89013 -0.46548 -0.16139 1.8008 0.16255 -0.34088 -0.06146 -0.19152 -0.26257 -0.03872 0.00806 0.23535 -0.27451 -0.00366 0.15904 -0.36049 -0.86120 0.01011 -0.08933
0.38063 -0.14798 1.86334 -0.45398 -0.14269 1.79511 0.15228 -0.33091 -0.09124 -0.18953 -0.26121 -0.03916 0.00476 0.24877 -0.25699 0.00440 0.17600 -0.35173 -0.83461 0.00529 -0.06823
0.36297 -0.13492 1.83661 -0.43759 -0.12431 1.78142 0.14389 -0.32830 -0.09979 -0.18564 -0.26009 -0.04340 -0.00243 0.25875 -0.25525 0.01503 0.19270 -0.34224 -0.80056 0.01061 -0.05519
0.30612 -0.09942 1.80693 -0.39019 -0.08875 1.78389 0.07971 -0.31101 -0.16089 -0.16706 -0.29296 -0.15210 0.00542 0.27773 -0.22887 0.04464 0.26092 -0.23844 -0.69631 0.01067 -0.02304
0.2567 -0.08701 1.79063 -0.34896 -0.07381 1.7811 0.07219 -0.30966 -0.17640 -0.16161 -0.29588 -0.16307 -0.02948 0.28784 -0.22397 0.07612 0.27855 -0.22925 -0.60566 0.01320 -0.00953
0.19004 -0.07495 1.77848 -0.29323 -0.0598 1.7806 0.06055 -0.31594 -0.19665 -0.14708 -0.30076 -0.17981 -0.07202 0.29941 -0.22043 0.10802 0.29805 -0.21662 -0.48327 0.01515 0.00212
0.11167 -0.07035 1.75743 -0.22368 -0.04389 1.76589 0.03788 -0.30993 -0.19625 -0.12609 -0.28981 -0.20581 -0.13510 0.30239 -0.21964 0.14169 0.30688 -0.18194 -0.33535 0.02646 0.00846
-0.08065 -0.00907 1.82405 -0.0851 -0.0351 1.82428 -0.06801 -0.23156 -0.25097 -0.03740 -0.25368 -0.27706 -0.22790 0.28705 -0.16520 0.20404 0.27616 -0.12113 -0.00445 -0.02603 0.00023
-0.06456 -0.00057 1.79591 -0.04107 0.02463 1.80462 -0.06633 -0.22697 -0.24537 -0.04235 -0.26157 -0.26506 -0.20883 0.28952 -0.15076 0.25111 0.33834 -0.10761 0.02349 0.02520 0.00871
0.0811 0.04331 1.85883 -0.19306 0.05637 1.86566 -0.03726 -0.24916 -0.26110 -0.06308 -0.22576 -0.25580 -0.09936 0.35744 -0.14387 0.12414 0.34301 -0.12023 -0.27416 0.01306 0.00683
0.1429 0.02658 1.8876 -0.25771 0.03579 1.89435 0.03176 -0.21476 -0.27074 -0.10738 -0.21910 -0.24499 -0.10993 0.30997 -0.14032 0.10364 0.31948 -0.13784 -0.40061 0.00921 0.00675
0.1885 0.03497 1.85968 -0.3003 0.03994 1.86959 0.05936 -0.21532 -0.25822 -0.16367 -0.23654 -0.23164 -0.07881 0.32573 -0.13968 0.11373 0.33942 -0.14256 -0.48880 0.00497 0.00991
0.22294 0.00832 1.85755 -0.32849 0.03934 1.86618 0.11239 -0.26002 -0.19881 -0.17429 -0.23263 -0.22942 -0.09519 0.34410 -0.19217 0.09699 0.33358 -0.14083 -0.55143 0.03102 0.00863
0.2343 0.00734 1.85838 -0.33929 0.03708 1.8705 0.11681 -0.25851 -0.19696 -0.18678 -0.22882 -0.22441 -0.08776 0.34166 -0.19164 0.10056 0.32625 -0.14195 -0.57359 0.02974 0.01212
0.23391 0.00539 1.85792 -0.33858 0.03256 1.86937 0.12547 -0.25573 -0.19896 -0.19102 -0.22848 -0.22090 -0.09610 0.33693 -0.18523 0.10599 0.32061 -0.14303 -0.57249 0.02717 0.01145
0.22788 0.00319 1.85629 -0.32967 0.02798 1.86692 0.13660 -0.25407 -0.20050 -0.19221 -0.22987 -0.21656 -0.11237 0.33320 -0.17918 0.11604 0.31718 -0.14451 -0.55755 0.02479 0.01063
0.21971 0.00096 1.85631 -0.31879 0.02023 1.86484 0.14012 -0.25431 -0.20042 -0.19218 -0.23464 -0.21112 -0.12291 0.33170 -0.17574 0.12646 0.31410 -0.14894 -0.53850 0.01927 0.00853
0.21142 -0.0013 1.85547 -0.31143 0.01487 1.86164 0.14142 -0.25402 -0.20022 -0.19065 -0.23786 -0.20941 -0.13110 0.32979 -0.17413 0.13176 0.31198 -0.15156 -0.52285 0.01617 0.00617
0.20434 -0.00268 1.85504 -0.30698 0.01116 1.85968 0.14212 -0.25293 -0.19969 -0.18839 -0.24419 -0.20661 -0.13736 0.32921 -0.17308 0.13340 0.31473 -0.15584 -0.51132 0.01384 0.00464
0.18803 0.01099 1.8292 -0.29983 0.01044 1.8355 0.11180 -0.22232 -0.22899 -0.18476 -0.24395 -0.20387 -0.12029 0.31301 -0.14231 0.13354 0.31314 -0.15680 -0.48786 -0.00055 0.00630
0.18717 0.0103 1.83196 -0.30123 0.01057 1.83724 0.11132 -0.22098 -0.22915 -0.18452 -0.24493 -0.20421 -0.12056 0.31197 -0.14066 0.13156 0.31453 -0.15641 -0.48840 0.00027 0.00528
0.1896 0.00875 1.8612 -0.30789 0.01157 1.86535 0.11304 -0.22577 -0.23152 -0.18738 -0.24917 -0.20764 -0.12274 0.31721 -0.14301 0.13121 0.32068 -0.15929 -0.49749 0.00282 0.00415
0.18957 0.00699 1.86116 -0.30865 0.0119 1.86315 0.11368 -0.22710 -0.22924 -0.18701 -0.24936 -0.20808 -0.12318 0.31766 -0.14439 0.12984 0.32116 -0.16063 -0.49822 0.00491 0.00199
0.19058 0.00271 1.86046 -0.30846 0.01058 1.86119 0.11416 -0.22805 -0.22608 -0.18649 -0.24943 -0.20862 -0.12238 0.31585 -0.14552 0.12915 0.31994 -0.16034 -0.49904 0.00787 0.00073
0.19027 -0.00221 1.85833 -0.30648 0.00754 1.85881 0.11418 -0.22917 -0.22340 -0.18597 -0.25029 -0.20901 -0.12255 0.31336 -0.14838 0.13028 0.31772 -0.16138 -0.49675 0.00975 0.00048
0.18821 -0.01224 1.85377 -0.30075 0.00072 1.85547 0.11380 -0.23126 -0.22078 -0.18540 -0.25170 -0.20895 -0.12432 0.30651 -0.15223 0.13485 0.31233 -0.16219 -0.48896 0.01296 0.00170
0.18514 -0.03899 1.84186 -0.29262 -0.01601 1.84179 0.11667 -0.25785 -0.19736 -0.18360 -0.25649 -0.20508 -0.13026 0.30543 -0.17720 0.13927 0.30015 -0.16790 -0.47776 0.02298 -0.00007
0.17139 -0.11032 1.80259 -0.26148 -0.09047 1.80565 0.10154 -0.29317 -0.18472 -0.18101 -0.29027 -0.17194 -0.14619 0.24707 -0.21158 0.16332 0.25728 -0.20346 -0.43287 0.01985 0.00306
0.17777 -0.17456 1.9634 -0.25931 -0.16764 1.98446 0.08944 -0.32843 -0.18669 -0.17920 -0.28993 -0.13705 -0.15977 0.21439 -0.27231 0.18893 0.17746 -0.26948 -0.43708 0.00692 0.02106
0.15401 -0.22654 1.8336 -0.20142 -0.22964 1.85876 0.09412 -0.33987 -0.08174 -0.17367 -0.27835 -0.13437 -0.17350 0.17042 -0.35629 0.22485 0.10000 -0.24856 -0.35543 -0.00310 0.02516
0.14006 -0.29815 1.76934 -0.15557 -0.30934 1.8314 0.10428 -0.38643 -0.09209 -0.15159 -0.28609 -0.08171 -0.19263 0.14447 -0.35387 0.24770 0.02540 -0.27344 -0.29563 -0.01119 0.06206
0.14272 -0.52447 1.87453 -0.15277 -0.49461 1.90178 0.07978 -0.35961 0.03933 -0.13551 -0.30397 -0.00243 -0.17524 -0.10502 -0.44983 0.24419 -0.14085 -0.35017 -0.29549 0.02986 0.02725
0.13603 -0.63223 1.86401 -0.1768 -0.61287 1.91086 0.07708 -0.36167 0.04424 -0.12725 -0.31748 0.02395 -0.17579 -0.21158 -0.42672 0.20831 -0.24636 -0.32908 -0.31283 0.01936 0.04685
0.13572 -0.61566 1.81076 -0.19005 -0.59434 1.88085 0.08115 -0.37716 0.09139 -0.12098 -0.31297 0.03427 -0.17285 -0.18133 -0.45247 0.17965 -0.23240 -0.29425 -0.32577 0.02132 0.07009
0.15192 -0.61279 1.86463 -0.19425 -0.60396 1.91471 0.07947 -0.37999 0.09265 -0.11730 -0.32489 0.04359 -0.15957 -0.17449 -0.43951 0.17581 -0.22812 -0.30768 -0.34617 0.00883 0.05008
0.15236 -0.59695 1.76198 -0.18754 -0.57589 1.83632 0.07417 -0.35583 0.08701 -0.11103 -0.31235 0.04492 -0.14486 -0.18503 -0.44734 0.16539 -0.21358 -0.29825 -0.33990 0.02106 0.07434
0.18776 -0.60634 1.9278 -0.19854 -0.60484 1.92485 0.07638 -0.37040 0.08964 -0.11512 -0.32831 0.04808 -0.12308 -0.17697 -0.38841 0.17053 -0.22404 -0.31504 -0.38630 0.00150 -0.00295
0.18957 -0.60948 1.93631 -0.23536 -0.60776 1.96997 0.07513 -0.36920 0.08758 -0.11571 -0.32842 0.04817 -0.12133 -0.18089 -0.38332 0.13410 -0.22584 -0.27390 -0.42493 0.00172 0.03366
0.1923 -0.6127 1.93622 -0.2366 -0.6079 1.9678 0.07242 -0.37124 0.08636 -0.11620 -0.32825 0.04854 -0.11653 -0.18167 -0.38109 0.13312 -0.22583 -0.27426 -0.42890 0.00480 0.03158
0.19428 -0.61364 1.92853 -0.23846 -0.60578 1.96801 0.07060 -0.37359 0.08523 -0.11763 -0.32713 0.04761 -0.11326 -0.17996 -0.38602 0.13180 -0.22411 -0.27057 -0.43274 0.00786 0.03948
0.17489 -0.62074 1.80812 -0.23087 -0.59279 1.92652 0.06579 -0.37295 0.07924 -0.11671 -0.32020 0.04611 -0.12423 -0.18846 -0.45997 0.13324 -0.21854 -0.26992 -0.40576 0.02795 0.11840
0.19932 -0.63416 1.84615 -0.23457 -0.60249 1.95473 0.06141 -0.38385 0.07310 -0.11972 -0.32423 0.04649 -0.09968 -0.18980 -0.44930 0.13549 -0.22292 -0.27376 -0.43389 0.03167 0.10858
0.22598 -0.63415 1.84665 -0.23014 -0.59787 1.93864 0.05687 -0.39769 0.06495 -0.11977 -0.32203 0.04638 -0.06730 -0.17604 -0.42483 0.13753 -0.22148 -0.27276 -0.45612 0.03628 0.09199
0.2515 -0.63961 1.86145 -0.22307 -0.59321 1.91219 0.05535 -0.39923 0.06383 -0.11892 -0.31847 0.04597 -0.03828 -0.18018 -0.38558 0.14058 -0.22065 -0.27554 -0.47457 0.04640 0.05074
0.35085 -0.6428 1.8714 -0.22261 -0.60034 1.92808 0.05794 -0.40006 0.05996 -0.12080 -0.32118 0.04664 0.05555 -0.18144 -0.39421 0.14486 -0.22423 -0.28201 -0.57346 0.04246 0.05668
0.39396 -0.63533 1.82553 -0.18024 -0.59388 1.82621 0.05932 -0.38787 0.05574 -0.11792 -0.31295 0.04549 0.10291 -0.18719 -0.37861 0.17731 -0.22729 -0.32636 -0.57420 0.04145 0.00068
0.41052 -0.65538 1.92102 -0.18722 -0.60594 1.87727 0.06351 -0.39806 0.05473 -0.12110 -0.32000 0.04648 0.10912 -0.19484 -0.33289 0.17854 -0.23080 -0.32593 -0.59774 0.04944 -0.04375
0.46169 -0.66051 1.9232 -0.18795 -0.60166 1.86966 0.07076 -0.39982 0.04597 -0.12034 -0.31712 0.04501 0.15316 -0.19734 -0.30922 0.17478 -0.22959 -0.31915 -0.64964 0.05885 -0.05354
0.54649 -0.71102 1.79864 -0.18166 -0.57939 1.80918 0.07911 -0.39359 0.03550 -0.11630 -0.30502 0.04234 0.23676 -0.25532 -0.34782 0.16768 -0.22124 -0.30265 -0.72815 0.13163 0.01054
0.55273 -0.70461 1.80332 -0.18209 -0.5807 1.8129 0.08535 -0.39796 0.02979 -0.11687 -0.30500 0.04214 0.23524 -0.24365 -0.34161 0.16737 -0.22236 -0.30256 -0.73482 0.12391 0.00958
0.55355 -0.72468 1.86452 -0.1883 -0.59653 1.86412 0.09012 -0.40748 0.02695 -0.12072 -0.31325 0.04303 0.22368 -0.25183 -0.33589 0.17002 -0.22839 -0.30897 -0.74185 0.12815 -0.00040
0.55673 -0.71307 1.80621 -0.18251 -0.57922 1.80933 0.09054 -0.39384 0.02219 -0.11773 -0.30392 0.04134 0.23224 -0.25482 -0.32585 0.16481 -0.22185 -0.29957 -0.73924 0.13385 0.00312
0.55281 -0.71789 1.81537 -0.18362 -0.58133 1.81599 0.09525 -0.39554 0.01810 -0.11773 -0.30457 0.03977 0.22156 -0.25719 -0.32044 0.16325 -0.22314 -0.29862 -0.73643 0.13656 0.00062
0.54586 -0.7226 1.82199 -0.1857 -0.58302 1.82773 0.09570 -0.39574 0.01716 -0.11817 -0.30549 0.03899 0.21164 -0.26067 -0.32366 0.16139 -0.22370 -0.29639 -0.73156 0.13958 0.00574
0.55246 -0.7264 1.82599 -0.18698 -0.58459 1.83548 0.09641 -0.39624 0.01561 -0.12750 -0.30979 0.04297 0.21566 -0.26331 -0.32562 0.15993 -0.22462 -0.29504 -0.73944 0.14181 0.00949
0.55143 -0.72534 1.82466 -0.18586 -0.58419 1.83115 0.07714 -0.38100 0.01774 -0.12640 -0.30823 0.04220 0.21394 -0.26379 -0.32130 0.15950 -0.22572 -0.29507 -0.73729 0.14115 0.00649
0.55455 -0.72679 1.8298 -0.18579 -0.58605 1.83763 0.08113 -0.38509 0.01461 -0.13193 -0.31007 0.04399 0.21399 -0.26250 -0.32088 0.16012 -0.22739 -0.29542 -0.74034 0.14074 0.00783
0.56511 -0.73169 1.82996 -0.18531 -0.58873 1.84393 0.08418 -0.38844 0.01200 -0.13531 -0.31140 0.04488 0.22148 -0.26433 -0.32647 0.16114 -0.22962 -0.29670 -0.75042 0.14296 0.01397
0.56233 -0.73345 1.82924 -0.18487 -0.58899 1.84212 0.07580 -0.38198 0.01072 -0.13744 -0.31171 0.04547 0.21746 -0.26519 -0.32387 0.16087 -0.23053 -0.29671 -0.74720 0.14446 0.01288
0.56358 -0.73423 1.83109 -0.18601 -0.58834 1.84637 0.08059 -0.38552 0.00918 -0.13904 -0.31260 0.04590 0.21748 -0.26497 -0.32362 0.15941 -0.22972 -0.29452 -0.74959 0.14589 0.01528
0.56535 -0.73289 1.83064 -0.18547 -0.58865 1.84456 0.07453 -0.38125 0.00745 -0.13986 -0.31280 0.04630 0.21824 -0.26313 -0.32261 0.15915 -0.23034 -0.29594 -0.75082 0.14424 0.01392
0.56696 -0.73301 1.83162 -0.18544 -0.58962 1.84473 0.07063 -0.37994 0.00625 -0.14091 -0.31300 0.04670 0.21895 -0.26243 -0.32165 0.15862 -0.23161 -0.29654 -0.75240 0.14339 0.01311
0.56494 -0.73307 1.83878 -0.18543 -0.59161 1.8458 0.06873 -0.37955 0.00515 -0.14166 -0.31403 0.04697 0.21611 -0.26158 -0.31745 0.15861 -0.23316 -0.29904 -0.75037 0.14146 0.00702
0.56366 -0.73416 1.84198 -0.1854 -0.59232 1.84806 0.06978 -0.38096 0.00417 -0.13832 -0.31232 0.04442 0.21435 -0.26185 -0.31542 0.15858 -0.23422 -0.29824 -0.74906 0.14184 0.00608
0.56621 -0.73487 1.83936 -0.18437 -0.59245 1.84511 0.06820 -0.38067 0.00356 -0.14014 -0.31270 0.04596 0.21653 -0.26204 -0.31720 0.15944 -0.23441 -0.30133 -0.75058 0.14242 0.00575
0.56785 -0.73462 1.84022 -0.18407 -0.59309 1.84398 0.06761 -0.38039 0.00275 -0.14115 -0.31319 0.04636 0.21795 -0.26173 -0.31548 0.15969 -0.23501 -0.30252 -0.75192 0.14153 0.00376
0.56643 -0.73378 1.84185 -0.18554 -0.59262 1.84559 0.06707 -0.38046 0.00274 -0.14209 -0.31372 0.04699 0.21600 -0.26010 -0.31493 0.15837 -0.23433 -0.30236 -0.75197 0.14116 0.00374
0.56615 -0.73515 1.84047 -0.18446 -0.59277 1.84289 0.06670 -0.38012 0.00268 -0.14257 -0.31410 0.04735 0.21556 -0.26140 -0.31530 0.15931 -0.23426 -0.30471 -0.75061 0.14238 0.00242
0.56679 -0.73375 1.84261 -0.18037 -0.59552 1.8389 0.06638 -0.37816 0.00312 -0.14305 -0.31438 0.04765 0.21637 -0.26168 -0.31352 0.16333 -0.23679 -0.30884 -0.74716 0.13823 -0.00371
0.56382 -0.73448 1.8419 -0.18034 -0.59565 1.83875 0.06622 -0.37641 0.00317 -0.14289 -0.31516 0.04810 0.21326 -0.26422 -0.31438 0.16302 -0.23622 -0.30968 -0.74416 0.13883 -0.00315
0.56675 -0.73466 1.84316 -0.18159 -0.59535 1.8404 0.06620 -0.37521 0.00352 -0.14277 -0.31545 0.04839 0.21598 -0.26529 -0.31351 0.16159 -0.23567 -0.30856 -0.74834 0.13931 -0.00276
]
