classifier_Man_bumps_into_man_19541 [ 0.605 -0.74633 1.85027 -0.13093 -0.64972 1.77012 0.12156 -0.38262 0.00924 -0.05249 -0.36298 0.01568 0.16902 -0.28634 -0.23849 0.12159 -0.23664 -0.32982 -0.73593 0.09661 -0.08015
0.63455 -0.75442 1.81814 -0.13067 -0.64894 1.77078 0.12165 -0.38249 0.00877 -0.05258 -0.36299 0.01423 0.19851 -0.29456 -0.27049 0.12190 -0.23587 -0.32935 -0.76522 0.10548 -0.04736
0.61004 -0.74841 1.8415 -0.1311 -0.64931 1.77021 0.12172 -0.38250 0.00847 -0.05265 -0.36302 0.01315 0.17397 -0.28857 -0.24685 0.12149 -0.23622 -0.32989 -0.74114 0.09910 -0.07129
0.60911 -0.74828 1.84055 -0.13087 -0.6495 1.76986 0.12176 -0.38222 0.00770 -0.05270 -0.36306 0.01236 0.17295 -0.28871 -0.24761 0.12177 -0.23636 -0.33059 -0.73998 0.09878 -0.07069
0.62156 -0.7511 1.83344 -0.13085 -0.64985 1.76962 0.12177 -0.38214 0.00737 -0.05286 -0.36309 0.01168 0.18538 -0.29155 -0.25467 0.12181 -0.23660 -0.33101 -0.75241 0.10125 -0.06382
0.60572 -0.74724 1.85144 -0.13135 -0.64999 1.7703 0.12180 -0.38184 0.00691 -0.05315 -0.36322 0.01115 0.16949 -0.28803 -0.23706 0.12146 -0.23659 -0.33092 -0.73707 0.09725 -0.08114
0.60573 -0.74741 1.85141 -0.13149 -0.64954 1.77002 0.12178 -0.38165 0.00637 -0.05356 -0.36317 0.01064 0.16949 -0.28842 -0.23704 0.12158 -0.23613 -0.33127 -0.73722 0.09787 -0.08139
0.60526 -0.74662 1.85123 -0.13413 -0.64621 1.76782 0.12103 -0.38224 0.00361 -0.05506 -0.36265 0.00947 0.16919 -0.28825 -0.23701 0.12016 -0.23336 -0.33228 -0.73939 0.10041 -0.08341
0.60501 -0.74786 1.8543 -0.13662 -0.64199 1.76638 0.12084 -0.38214 0.00446 -0.06076 -0.36067 0.00982 0.16831 -0.28917 -0.23711 0.12278 -0.23106 -0.33491 -0.74163 0.10587 -0.08792
0.59749 -0.73707 1.82455 -0.12462 -0.63316 1.71646 0.11730 -0.37611 0.00111 -0.07502 -0.34517 0.00730 0.16743 -0.28555 -0.23539 0.14493 -0.23867 -0.34822 -0.72211 0.10391 -0.10809
0.61517 -0.75958 1.88081 -0.13946 -0.57623 1.79004 0.11947 -0.38715 -0.00059 -0.10423 -0.32588 -0.00886 0.17201 -0.29477 -0.24242 0.16438 -0.19988 -0.31957 -0.75463 0.18335 -0.09077
0.59612 -0.76186 1.90077 -0.1191 -0.52194 1.78242 0.11755 -0.38952 -0.00474 -0.11957 -0.30146 -0.02672 0.15184 -0.29530 -0.22898 0.19992 -0.17059 -0.31752 -0.71522 0.23992 -0.11835
0.60407 -0.74433 1.84739 -0.05454 -0.26386 1.68877 0.11230 -0.37832 -0.00461 -0.13294 -0.29495 -0.06034 0.17106 -0.29120 -0.24076 0.27244 0.07927 -0.33319 -0.65861 0.48047 -0.15862
0.62145 -0.76692 1.90023 -0.11432 -0.15035 1.77087 0.11620 -0.38647 0.00056 -0.13941 -0.28603 -0.08883 0.17671 -0.30212 -0.24890 0.22473 0.18446 -0.28275 -0.73577 0.61657 -0.12936
0.62384 -0.7662 1.89314 -0.10376 -0.05761 1.78036 0.11633 -0.38828 0.00198 -0.11865 -0.28528 -0.10505 0.17924 -0.29876 -0.25567 0.21349 0.27477 -0.25741 -0.72760 0.70859 -0.11278
0.6034 -0.7404 1.8296 -0.06001 0.05946 1.71051 0.11231 -0.37611 0.00236 -0.09992 -0.26920 -0.13048 0.17385 -0.28785 -0.24742 0.23066 0.37319 -0.23085 -0.66341 0.79986 -0.11909
0.59046 -0.72735 1.79961 -0.02618 0.1761 1.68578 0.11002 -0.36935 0.00268 -0.08331 -0.25438 -0.15960 0.16894 -0.28295 -0.24053 0.24305 0.47489 -0.18943 -0.61664 0.90345 -0.11383
0.62355 -0.76746 1.90076 -0.03122 0.21743 1.78561 0.11599 -0.39037 0.00312 -0.03774 -0.07210 -0.32543 0.17879 -0.29806 -0.25450 0.20041 0.33677 -0.03779 -0.65477 0.98489 -0.11515
0.61645 -0.76279 1.8931 -0.02301 0.24279 1.77011 0.11462 -0.40610 -0.04698 -0.02679 -0.06998 -0.32484 0.17493 -0.29774 -0.24975 0.19456 0.35956 -0.04034 -0.63946 1.00558 -0.12299
0.61594 -0.76256 1.89281 -0.00798 0.26316 1.76676 0.11430 -0.40816 -0.05128 0.00220 -0.05985 -0.32805 0.17468 -0.29844 -0.25079 0.17917 0.36904 -0.04099 -0.62392 1.02572 -0.12605
0.59314 -0.76584 1.92073 0.04513 0.23051 1.76183 0.11358 -0.41177 -0.05725 0.01907 -0.13796 -0.30920 0.14936 -0.29924 -0.23512 0.19605 0.35770 -0.08088 -0.54801 0.99635 -0.15890
0.58258 -0.75421 1.89502 0.06269 0.21684 1.74271 0.11152 -0.40632 -0.05690 0.02420 -0.16921 -0.28151 0.14500 -0.29426 -0.23057 0.20581 0.37577 -0.09572 -0.51989 0.97105 -0.15231
0.58163 -0.75449 1.89673 0.07425 0.17111 1.74338 0.11117 -0.39649 -0.03872 0.03205 -0.22786 -0.29115 0.14412 -0.29479 -0.22987 0.21822 0.40775 -0.08959 -0.50738 0.92560 -0.15335
0.57214 -0.74342 1.86742 0.03542 -0.0457 1.74456 0.10981 -0.39093 -0.03355 -0.02818 -0.34762 -0.11573 0.14071 -0.28928 -0.22840 0.24159 0.32041 -0.23562 -0.53672 0.69772 -0.12286
0.53648 -0.72651 1.87321 0.01032 -0.13933 1.74817 0.10872 -0.38573 -0.02929 -0.04836 -0.33863 -0.08686 0.10952 -0.27659 -0.19581 0.23765 0.22650 -0.23588 -0.52616 0.58718 -0.12504
0.56979 -0.73589 1.84147 -0.0247 -0.16663 1.75841 0.10919 -0.38854 -0.03010 -0.07090 -0.33814 -0.05462 0.14055 -0.28317 -0.23237 0.22758 0.20358 -0.26367 -0.59449 0.56926 -0.08306
0.58077 -0.74892 1.87831 -0.07765 -0.18864 1.78012 0.11092 -0.39572 -0.03008 -0.07876 -0.34208 -0.03458 0.14311 -0.28733 -0.23558 0.18702 0.18796 -0.30251 -0.65842 0.56028 -0.09819
0.60468 -0.74894 1.85632 -0.12683 -0.2021 1.8076 0.11106 -0.39304 -0.02430 -0.07925 -0.34858 -0.01752 0.16853 -0.28859 -0.25047 0.13813 0.18152 -0.28534 -0.73151 0.54684 -0.04872
0.59735 -0.73985 1.83341 -0.184 -0.1942 1.79978 0.10954 -0.39053 -0.02506 -0.07289 -0.35078 -0.01093 0.16624 -0.28337 -0.24686 0.07223 0.19191 -0.27345 -0.78135 0.54565 -0.03363
0.60197 -0.74593 1.84729 -0.23332 -0.17605 1.82772 0.11208 -0.39260 -0.01917 -0.07204 -0.35636 -0.00725 0.16707 -0.28493 -0.25189 0.02362 0.21622 -0.26828 -0.83529 0.56988 -0.01957
0.5975 -0.74055 1.83487 -0.26393 -0.15591 1.83017 0.11154 -0.39158 -0.01973 -0.07405 -0.35296 0.00676 0.16587 -0.28160 -0.24989 -0.00618 0.23303 -0.26610 -0.86143 0.58464 -0.00470
0.59624 -0.73785 1.82684 -0.28583 -0.14338 1.8344 0.11151 -0.39251 -0.02084 -0.07600 -0.34774 0.01514 0.16729 -0.27965 -0.24860 -0.02669 0.24078 -0.26197 -0.88207 0.59447 0.00756
0.59315 -0.73453 1.82091 -0.29816 -0.13725 1.83006 0.11113 -0.39274 -0.02234 -0.07635 -0.34313 0.02747 0.16680 -0.27732 -0.24600 -0.03908 0.24263 -0.27139 -0.89131 0.59728 0.00915
0.59201 -0.7329 1.81777 -0.30399 -0.14091 1.81893 0.11160 -0.39240 -0.02266 -0.07623 -0.34327 0.02843 0.16683 -0.27604 -0.24529 -0.04561 0.23858 -0.28094 -0.89600 0.59199 0.00116
0.58592 -0.72354 1.79359 -0.30059 -0.15719 1.78277 0.11078 -0.38825 -0.02407 -0.07422 -0.35192 0.02940 0.16706 -0.27234 -0.24178 -0.04560 0.23116 -0.29184 -0.88651 0.56635 -0.01082
0.5948 -0.73551 1.82479 -0.30046 -0.18716 1.79601 0.11381 -0.39630 -0.02830 -0.07398 -0.37209 0.02882 0.16974 -0.27765 -0.24477 -0.04250 0.22155 -0.31398 -0.89526 0.54835 -0.02878
0.58577 -0.72317 1.79738 -0.28578 -0.19652 1.75571 0.11224 -0.38969 -0.02981 -0.06965 -0.37457 0.02730 0.16796 -0.27282 -0.23823 -0.03499 0.21393 -0.31926 -0.87155 0.52665 -0.04167
0.59841 -0.73212 1.82288 -0.27706 -0.20612 1.77418 0.11409 -0.39455 -0.03349 -0.06731 -0.38084 0.02040 0.17575 -0.27695 -0.23928 -0.02620 0.21117 -0.32065 -0.87547 0.52600 -0.04870
0.59922 -0.72643 1.82458 -0.26328 -0.20317 1.76438 0.11370 -0.39297 -0.03572 -0.06249 -0.38886 0.01059 0.17898 -0.27435 -0.23016 -0.01764 0.22187 -0.31285 -0.86250 0.52326 -0.06020
0.60044 -0.71626 1.82353 -0.24646 -0.19503 1.76566 0.10991 -0.39174 -0.01336 -0.05687 -0.39000 0.00441 0.18427 -0.26376 -0.25411 -0.00565 0.23106 -0.31276 -0.84690 0.52123 -0.05787
0.61602 -0.61271 1.83257 -0.24293 -0.19104 1.765 0.10370 -0.38304 0.00775 -0.05309 -0.38728 -0.00424 0.20639 -0.16914 -0.26738 -0.00499 0.23287 -0.30761 -0.85895 0.42167 -0.06757
0.57783 -0.52425 1.78595 -0.2333 -0.18954 1.72348 0.09686 -0.36380 0.02319 -0.05109 -0.37953 -0.00408 0.18234 -0.10189 -0.28250 -0.00119 0.22544 -0.30331 -0.81113 0.33471 -0.06247
0.59748 -0.43812 1.84243 -0.23945 -0.1911 1.77962 -0.00084 -0.38937 -0.01209 -0.05220 -0.39247 -0.00419 0.28966 0.01127 -0.26101 0.00055 0.23831 -0.31664 -0.83693 0.24702 -0.06281
0.58744 -0.3071 1.84408 -0.24056 -0.19353 1.80712 0.11361 -0.33989 0.02675 -0.05383 -0.39762 -0.01667 0.16011 0.09278 -0.33445 0.00470 0.24191 -0.31169 -0.82800 0.11357 -0.03696
0.55574 -0.19485 1.8238 -0.23502 -0.19243 1.78994 0.11626 -0.33436 0.00832 -0.05287 -0.39351 -0.01613 0.12987 0.18988 -0.32876 0.00805 0.23886 -0.30926 -0.79076 0.00242 -0.03386
0.51394 -0.08722 1.7924 -0.22699 -0.19179 1.75919 0.12564 -0.33721 0.00246 -0.05199 -0.38788 -0.01337 0.08371 0.29983 -0.31849 0.01248 0.23346 -0.30726 -0.74093 -0.10457 -0.03321
0.46186 0.11718 1.87569 -0.22636 -0.20497 1.84275 0.19148 -0.20809 -0.16786 -0.05388 -0.40559 -0.01515 -0.04943 0.37762 -0.16579 0.02447 0.24016 -0.32203 -0.68822 -0.32215 -0.03294
0.41247 0.18042 1.87236 -0.21882 -0.20347 1.84235 0.19757 -0.16675 -0.20537 -0.05642 -0.40408 -0.00480 -0.10439 0.39870 -0.12551 0.03439 0.24053 -0.32838 -0.63129 -0.38389 -0.03001
0.36355 0.24389 1.87312 -0.2124 -0.20304 1.84834 0.18587 -0.12314 -0.24683 -0.05624 -0.40295 0.00235 -0.14186 0.41665 -0.08379 0.04083 0.24010 -0.33213 -0.57595 -0.44693 -0.02478
0.31969 0.24929 1.86729 -0.20743 -0.19972 1.85532 0.16354 -0.08257 -0.28045 -0.05552 -0.40281 0.00312 -0.16330 0.37824 -0.05942 0.04531 0.24342 -0.33195 -0.52712 -0.44901 -0.01197
0.27643 0.24827 1.82453 -0.20058 -0.19192 1.82563 0.14488 -0.05627 -0.29288 -0.05173 -0.37704 -0.00991 -0.18106 0.34940 -0.04828 0.04442 0.22485 -0.31078 -0.47701 -0.44019 0.00110
0.24701 0.25685 1.85882 -0.20264 -0.19603 1.876 0.12795 -0.03128 -0.32275 -0.05535 -0.38453 -0.01586 -0.19919 0.33348 -0.03760 0.04583 0.22489 -0.31623 -0.44965 -0.45288 0.01718
0.14225 0.31178 1.81307 -0.19777 -0.18873 1.83836 0.04923 0.02459 -0.35277 -0.05195 -0.37335 -0.01655 -0.21188 0.33358 0.00005 0.04371 0.22078 -0.30492 -0.34002 -0.50051 0.02529
0.11032 0.31138 1.85262 -0.20322 -0.19395 1.88428 0.05255 0.02853 -0.35742 -0.05206 -0.38112 -0.01728 -0.24724 0.33671 -0.00179 0.04344 0.22494 -0.30891 -0.31354 -0.50533 0.03166
0.08536 0.28096 1.83422 -0.20458 -0.1877 1.86718 0.05060 0.01441 -0.34820 -0.05050 -0.37637 -0.01758 -0.25771 0.33360 -0.00003 0.03914 0.22654 -0.30256 -0.28994 -0.46866 0.03296
0.06574 0.2575 1.86424 -0.21156 -0.19095 1.89315 0.04462 -0.02024 -0.33913 -0.05045 -0.38098 -0.01834 -0.27205 0.34739 -0.00349 0.03506 0.22859 -0.30329 -0.27730 -0.44845 0.02891
0.06101 0.19999 1.83392 -0.21367 -0.18489 1.86495 0.04293 -0.08114 -0.32202 -0.04863 -0.37518 -0.01873 -0.26958 0.34587 -0.01457 0.02896 0.22830 -0.29656 -0.27468 -0.38488 0.03103
0.0638 0.14729 1.88762 -0.22525 -0.18668 1.91804 0.04298 -0.22440 -0.25385 -0.04834 -0.39330 -0.02484 -0.27441 0.43146 -0.08901 0.02427 0.23922 -0.30331 -0.28905 -0.33397 0.03042
0.06369 0.09472 1.81973 -0.22291 -0.1739 1.84112 0.03951 -0.22425 -0.23489 -0.04564 -0.37749 -0.02368 -0.26147 0.36541 -0.08438 0.01649 0.23528 -0.28860 -0.28660 -0.26862 0.02139
0.0768 0.05044 1.76007 -0.22173 -0.16405 1.78304 0.05655 -0.26765 -0.16557 -0.04419 -0.36590 -0.02288 -0.25691 0.36133 -0.14554 0.01047 0.23299 -0.27833 -0.29853 -0.21449 0.02297
0.12448 -0.03072 1.88435 -0.24393 -0.17276 1.91702 0.06282 -0.29690 -0.16637 -0.04811 -0.39428 -0.02498 -0.23810 0.31093 -0.17498 0.00603 0.25381 -0.29618 -0.36841 -0.14204 0.03267
0.17754 -0.10661 1.88435 -0.24927 -0.16871 1.91076 0.10612 -0.31175 -0.11558 -0.05220 -0.39413 -0.02072 -0.22741 0.24977 -0.21698 0.00372 0.25710 -0.29719 -0.42681 -0.06210 0.02641
0.22824 -0.13316 1.86946 -0.25171 -0.16341 1.89285 0.10824 -0.32311 -0.09472 -0.05376 -0.38957 -0.01633 -0.17669 0.23290 -0.23146 0.00094 0.25909 -0.29407 -0.47995 -0.03025 0.02339
0.27169 -0.13051 1.77629 -0.24365 -0.15266 1.80455 0.14599 -0.35894 -0.10979 -0.05397 -0.37414 -0.01540 -0.15560 0.26894 -0.20484 -0.00112 0.25230 -0.27708 -0.51534 -0.02215 0.02826
0.34412 -0.17301 1.8399 -0.25383 -0.1574 1.86942 0.12570 -0.35970 -0.07851 -0.05781 -0.38828 -0.01415 -0.07242 0.22752 -0.24719 -0.00207 0.26270 -0.28440 -0.59795 0.01561 0.02952
0.40372 -0.23638 1.87984 -0.25653 -0.15761 1.88289 0.13777 -0.34952 0.01930 -0.06064 -0.39104 -0.01229 -0.02814 0.15387 -0.32532 -0.00188 0.26552 -0.28704 -0.66025 0.07877 0.00305
0.44236 -0.26278 1.8615 -0.24537 -0.15907 1.83421 0.12874 -0.37265 0.12018 -0.05917 -0.38184 -0.01061 0.02481 0.14811 -0.39943 0.00353 0.25546 -0.28534 -0.68773 0.10371 -0.02729
0.43919 -0.263 1.85954 -0.23882 -0.16095 1.82057 0.12324 -0.36999 0.12642 -0.05854 -0.37968 -0.01144 0.02724 0.14399 -0.40201 0.00863 0.25220 -0.28749 -0.67801 0.10205 -0.03897
0.43116 -0.26422 1.85748 -0.23111 -0.16384 1.81231 0.11637 -0.36885 0.13181 -0.06055 -0.38005 -0.00870 0.02612 0.14088 -0.40624 0.01502 0.24900 -0.28984 -0.66227 0.10038 -0.04517
0.43769 -0.27193 1.91319 -0.23131 -0.16868 1.86737 0.13272 -0.34615 0.04954 -0.06087 -0.39048 -0.01146 0.00697 0.11149 -0.33622 0.02116 0.25665 -0.29816 -0.66900 0.10325 -0.04582
0.42139 -0.2518 1.86443 -0.21824 -0.1653 1.81471 0.12374 -0.40105 -0.01027 -0.05658 -0.37790 -0.01501 0.00756 0.18544 -0.26630 0.02484 0.24705 -0.28846 -0.63963 0.08650 -0.04972
0.42408 -0.25683 1.89579 -0.21675 -0.1665 1.84561 0.12402 -0.37078 0.01787 -0.05616 -0.38389 -0.01689 0.00469 0.15074 -0.30139 0.02936 0.25289 -0.29317 -0.64083 0.09033 -0.05018
0.42008 -0.25398 1.89156 -0.21276 -0.1649 1.84661 0.12388 -0.37053 0.01671 -0.05513 -0.38324 -0.01840 0.00041 0.15299 -0.30634 0.03251 0.25418 -0.29142 -0.63284 0.08908 -0.04495
0.41677 -0.253 1.89055 -0.21079 -0.16479 1.84786 0.12425 -0.37026 0.01511 -0.05408 -0.38248 -0.01972 -0.00360 0.15335 -0.30776 0.03365 0.25378 -0.29004 -0.62756 0.08821 -0.04269
0.41359 -0.25184 1.8891 -0.2099 -0.16521 1.85032 0.12564 -0.36962 0.01412 -0.05356 -0.38265 -0.02053 -0.00861 0.15375 -0.31106 0.03428 0.25372 -0.28916 -0.62349 0.08663 -0.03878
0.4122 -0.24725 1.88756 -0.21013 -0.16507 1.8515 0.12689 -0.36727 0.01264 -0.05347 -0.38282 -0.02025 -0.01149 0.15687 -0.31136 0.03408 0.25413 -0.28919 -0.62233 0.08218 -0.03606
0.41034 -0.24548 1.88773 -0.21036 -0.16543 1.85413 0.12766 -0.36530 0.01255 -0.05300 -0.38258 -0.02076 -0.01441 0.15745 -0.31183 0.03365 0.25370 -0.28757 -0.62070 0.08005 -0.03360
0.43191 -0.256 1.9917 -0.22383 -0.17444 1.95872 0.13536 -0.38431 0.00990 -0.05567 -0.40379 -0.02198 -0.01724 0.16799 -0.32812 0.03373 0.26815 -0.30305 -0.65574 0.08156 -0.03298
0.40718 -0.23775 1.88206 -0.21292 -0.16559 1.85017 0.12543 -0.36015 0.00441 -0.05305 -0.38270 -0.02122 -0.01776 0.16149 -0.30760 0.03030 0.25231 -0.28622 -0.62010 0.07216 -0.03189
0.40735 -0.23519 1.88829 -0.21417 -0.16602 1.85759 0.12670 -0.36020 0.00320 -0.05362 -0.38460 -0.02131 -0.01964 0.16422 -0.30686 0.02978 0.25316 -0.28576 -0.62152 0.06917 -0.03070
0.40629 -0.23279 1.888 -0.21525 -0.1673 1.85831 0.12766 -0.35931 0.00286 -0.05299 -0.38439 -0.02055 -0.02152 0.16553 -0.30707 0.02865 0.25234 -0.28626 -0.62154 0.06549 -0.02969
0.40194 -0.22693 1.8893 -0.21588 -0.16856 1.85958 0.13008 -0.35551 -0.00300 -0.05244 -0.38507 -0.02080 -0.02856 0.16740 -0.30293 0.02828 0.25233 -0.28765 -0.61782 0.05837 -0.02972
0.38856 -0.21207 1.85072 -0.21128 -0.16626 1.82256 0.14294 -0.38314 -0.04714 -0.05123 -0.37803 -0.02042 -0.04858 0.20889 -0.25300 0.02792 0.24609 -0.28115 -0.59984 0.04581 -0.02816
0.36529 -0.19542 1.7826 -0.20366 -0.15975 1.75852 0.13846 -0.37114 -0.04577 -0.04895 -0.36455 -0.01977 -0.05709 0.21179 -0.24928 0.02737 0.23849 -0.27327 -0.56895 0.03567 -0.02408
0.34718 -0.17692 1.76575 -0.20168 -0.16024 1.74768 0.13788 -0.36955 -0.04538 -0.04792 -0.36177 -0.01970 -0.07275 0.22832 -0.25398 0.02799 0.23564 -0.27196 -0.54886 0.01668 -0.01807
0.33781 -0.16183 1.83527 -0.20839 -0.16917 1.827 0.16096 -0.38537 -0.08822 -0.04947 -0.37712 -0.02074 -0.11678 0.25931 -0.23547 0.03184 0.24420 -0.28427 -0.54620 -0.00734 -0.00827
0.29424 -0.12958 1.76939 -0.19826 -0.16502 1.76925 0.16161 -0.33581 -0.15893 -0.04745 -0.36494 -0.02023 -0.14811 0.24127 -0.15902 0.03454 0.23545 -0.27693 -0.49250 -0.03544 -0.00014
0.20572 -0.08603 1.77116 -0.18602 -0.17258 1.80401 0.09603 -0.30878 -0.11876 -0.05036 -0.37957 -0.00869 -0.17902 0.26033 -0.23143 0.05351 0.24364 -0.29047 -0.39174 -0.08655 0.03285
0.15434 -0.08348 1.75561 -0.17236 -0.17158 1.78866 0.12307 -0.29900 -0.19451 -0.04701 -0.37021 -0.01266 -0.25517 0.25299 -0.14705 0.06224 0.23546 -0.28021 -0.32670 -0.08810 0.03305
0.08922 -0.07699 1.72561 -0.15638 -0.16873 1.7656 0.10079 -0.27680 -0.21552 -0.04664 -0.37340 0.01356 -0.29393 0.23756 -0.12212 0.07549 0.24142 -0.30010 -0.24560 -0.09174 0.03999
0.10964 -0.16203 1.90519 -0.15392 -0.18402 1.93767 0.08285 -0.28081 -0.23172 -0.03435 -0.40040 -0.01129 -0.28496 0.15391 -0.11347 0.08281 0.25729 -0.28940 -0.26356 -0.02199 0.03248
-0.0273 -0.11553 1.86702 -0.1496 -0.19207 1.89207 0.04432 -0.28429 -0.22514 -0.00416 -0.36850 -0.01545 -0.38194 0.19869 -0.13203 0.05629 0.21722 -0.31153 -0.12230 -0.07654 0.02505
-0.05319 -0.1171 1.87133 -0.19938 -0.56628 1.8446 0.00831 -0.29942 -0.22475 -0.00724 -0.36900 -0.01373 -0.36824 0.21418 -0.11912 0.01014 -0.15628 -0.35860 -0.14619 -0.44918 -0.02673
-0.03088 -0.09783 1.82488 -0.14884 -0.11648 1.84784 0.00942 -0.29320 -0.21691 -0.01110 -0.36095 -0.01182 -0.33947 0.22743 -0.12452 0.06047 0.28468 -0.31073 -0.11796 -0.01865 0.02296
0.14666 -0.09873 1.72046 -0.22002 -0.12139 1.80038 0.07503 -0.31736 -0.13338 -0.03465 -0.36349 -0.00455 -0.21775 0.24975 -0.24174 0.00588 0.28110 -0.29317 -0.36668 -0.02266 0.07992
0.19176 -0.13891 1.71674 -0.22499 -0.11677 1.78248 0.08282 -0.31642 -0.12369 -0.03790 -0.36301 -0.00489 -0.17881 0.20769 -0.24090 0.00223 0.28516 -0.29266 -0.41675 0.02214 0.06574
0.21043 -0.154 1.75624 -0.2313 -0.11965 1.81745 0.08672 -0.32955 -0.11774 -0.04076 -0.37139 -0.00559 -0.17085 0.20515 -0.25363 0.00230 0.29162 -0.29915 -0.44173 0.03435 0.06121
0.22465 -0.17543 1.76154 -0.23084 -0.1179 1.81342 0.08997 -0.33402 -0.10599 -0.04257 -0.37133 -0.00624 -0.15937 0.18795 -0.25603 0.00395 0.29326 -0.29768 -0.45549 0.05753 0.05188
0.22717 -0.17941 1.7123 -0.22297 -0.11158 1.75781 0.08567 -0.38580 -0.12068 -0.04249 -0.35987 -0.00566 -0.14351 0.23533 -0.22456 0.00494 0.28702 -0.28728 -0.45014 0.06783 0.04551
0.23459 -0.19139 1.71292 -0.21587 -0.14834 1.77674 0.08809 -0.38388 -0.12040 -0.04310 -0.35868 -0.00600 -0.13753 0.22200 -0.21761 0.01162 0.24894 -0.26107 -0.45046 0.04305 0.06382
0.24936 -0.21079 1.77455 -0.22109 -0.15726 1.83683 0.09073 -0.39827 -0.11864 -0.04519 -0.37051 -0.00726 -0.13486 0.21894 -0.22652 0.01416 0.25315 -0.26782 -0.47045 0.05353 0.06228
0.25364 -0.22079 1.78018 -0.21972 -0.15704 1.83976 0.09107 -0.40138 -0.10608 -0.04603 -0.37056 -0.00696 -0.13112 0.21249 -0.23621 0.01587 0.25350 -0.26641 -0.47336 0.06375 0.05958
0.25608 -0.22585 1.78496 -0.21817 -0.15614 1.84015 0.09085 -0.40249 -0.10101 -0.04654 -0.37057 -0.00677 -0.12844 0.20883 -0.23796 0.01764 0.25444 -0.26618 -0.47425 0.06971 0.05519
0.25841 -0.23552 1.78635 -0.21685 -0.15641 1.83925 0.08999 -0.40368 -0.09486 -0.04698 -0.37026 -0.00650 -0.12516 0.20080 -0.24275 0.01910 0.25390 -0.26646 -0.47526 0.07911 0.05290
0.27593 -0.25312 1.79067 -0.21418 -0.15757 1.83838 0.09165 -0.40722 -0.06872 -0.04751 -0.37033 -0.00642 -0.10934 0.18806 -0.26484 0.02222 0.25282 -0.26806 -0.49011 0.09555 0.04771
0.29295 -0.26037 1.80618 -0.21582 -0.15867 1.85175 0.09545 -0.39672 -0.05592 -0.05113 -0.37578 -0.00580 -0.09834 0.17090 -0.27862 0.02242 0.25476 -0.27033 -0.50877 0.10170 0.04557
0.31976 -0.28189 1.86025 -0.22218 -0.16422 1.90594 0.07834 -0.42820 -0.01950 -0.05343 -0.38760 -0.00656 -0.06291 0.18344 -0.32332 0.02386 0.26219 -0.27767 -0.54194 0.11767 0.04569
0.3496 -0.30648 1.90365 -0.22799 -0.16777 1.94813 0.08026 -0.42910 -0.03726 -0.05464 -0.39552 -0.00649 -0.04105 0.16158 -0.30719 0.02323 0.26742 -0.28057 -0.57759 0.13871 0.04448
0.39337 -0.3358 1.81446 -0.22163 -0.16361 1.86117 0.09514 -0.39072 -0.00342 -0.05293 -0.37726 -0.00635 0.00140 0.09263 -0.33295 0.01935 0.25168 -0.27051 -0.61500 0.17219 0.04671
0.43004 -0.36753 1.81277 -0.22512 -0.1677 1.8642 0.09654 -0.38028 -0.00036 -0.05630 -0.37964 -0.00565 0.02937 0.05363 -0.35038 0.01693 0.24811 -0.27323 -0.65516 0.19983 0.05143
0.45485 -0.38288 1.76007 -0.2197 -0.17202 1.80908 0.10010 -0.39612 0.03698 -0.05493 -0.36818 -0.00485 0.05996 0.05319 -0.37725 0.01572 0.23151 -0.26678 -0.67455 0.21086 0.04901
0.49947 -0.41718 1.78589 -0.22492 -0.17446 1.83408 0.10781 -0.40234 0.02238 -0.05560 -0.37337 -0.00490 0.09283 0.02584 -0.36726 0.01401 0.23500 -0.27197 -0.72439 0.24272 0.04819
0.53877 -0.45199 1.79659 -0.2264 -0.18386 1.8388 0.10942 -0.40349 0.02182 -0.05377 -0.36019 -0.02464 0.12988 -0.00747 -0.36310 0.01158 0.21281 -0.25489 -0.76517 0.26813 0.04221
0.56854 -0.48417 1.79572 -0.22581 -0.18859 1.82942 0.13631 -0.38491 0.02497 -0.05357 -0.36518 -0.01538 0.13467 -0.05803 -0.35615 0.01158 0.21327 -0.26353 -0.79435 0.29558 0.03370
0.58206 -0.52554 1.82472 -0.22541 -0.19396 1.82271 0.13686 -0.38390 0.02534 -0.05295 -0.36666 -0.01374 0.14846 -0.10026 -0.32294 0.01142 0.20964 -0.26787 -0.80747 0.33158 -0.00201
0.5818 -0.56412 1.8541 -0.22451 -0.19673 1.81866 0.13858 -0.38353 0.02537 -0.05147 -0.39049 0.00867 0.14734 -0.13899 -0.28848 0.01075 0.23099 -0.28989 -0.80631 0.36739 -0.03544
0.59614 -0.59269 1.84667 -0.224 -0.20248 1.81167 0.13701 -0.38184 0.02422 -0.05021 -0.39447 0.01263 0.16071 -0.16715 -0.28953 0.00979 0.22949 -0.29557 -0.82014 0.39021 -0.03500
0.56203 -0.66842 1.92603 -0.22319 -0.21045 1.80104 0.13740 -0.38307 0.01792 -0.04911 -0.39471 0.01387 0.12319 -0.23802 -0.19361 0.00903 0.22193 -0.29920 -0.78522 0.45797 -0.12499
0.56098 -0.67875 1.93421 -0.22435 -0.21286 1.80946 0.13671 -0.38379 0.01589 -0.04672 -0.38882 -0.00157 0.11892 -0.24469 -0.19031 0.00487 0.21277 -0.28293 -0.78533 0.46589 -0.12475
0.55437 -0.677 1.92159 -0.22323 -0.21198 1.80136 0.13572 -0.38263 0.01351 -0.04609 -0.39389 0.00369 0.11313 -0.24271 -0.18761 0.00478 0.21898 -0.28616 -0.77760 0.46502 -0.12023
0.60078 -0.70157 1.87737 -0.22371 -0.21317 1.81319 0.13651 -0.38545 0.00989 -0.04565 -0.38623 -0.00697 0.15593 -0.26294 -0.23743 0.00320 0.20985 -0.27248 -0.82449 0.48840 -0.06418
0.61993 -0.72572 1.81697 -0.22123 -0.21013 1.7988 0.13632 -0.38793 0.00309 -0.04503 -0.39141 0.00240 0.17645 -0.28390 -0.27306 0.00410 0.21837 -0.28035 -0.84116 0.51559 -0.01817
0.61116 -0.72165 1.79932 -0.21721 -0.20955 1.77963 0.13415 -0.38397 -0.00018 -0.04390 -0.38121 -0.00438 0.17212 -0.28282 -0.26123 0.00514 0.20874 -0.26884 -0.82837 0.51210 -0.01969
0.6095 -0.73475 1.82143 -0.21741 -0.19925 1.80884 0.13410 -0.39054 -0.00331 -0.04445 -0.38056 -0.01135 0.16404 -0.28539 -0.26100 0.00847 0.21933 -0.26462 -0.82691 0.53550 -0.01259
0.59298 -0.71544 1.76869 -0.20941 -0.19704 1.76038 0.12933 -0.37896 -0.00298 -0.04710 -0.38088 0.00637 0.15959 -0.27576 -0.25093 0.01416 0.22110 -0.27244 -0.80239 0.51840 -0.00831
0.59189 -0.71554 1.76687 -0.20777 -0.1972 1.7554 0.12823 -0.37791 -0.00186 -0.04689 -0.38159 0.00890 0.15965 -0.27488 -0.24526 0.01519 0.22196 -0.27467 -0.79966 0.51834 -0.01147
0.63457 -0.73818 1.77979 -0.21097 -0.20045 1.79234 0.13048 -0.38670 -0.00433 -0.04737 -0.39120 0.01065 0.19293 -0.28670 -0.27344 0.01643 0.22940 -0.28335 -0.84554 0.53773 0.01255
0.63477 -0.73664 1.77863 -0.20888 -0.20723 1.7882 0.12981 -0.38666 -0.00492 -0.04693 -0.39113 0.01165 0.19337 -0.28426 -0.27145 0.01820 0.22281 -0.28666 -0.84365 0.52941 0.00957
0.63564 -0.73652 1.77621 -0.20789 -0.21712 1.77843 0.12865 -0.38583 -0.00423 -0.04617 -0.39327 0.01378 0.19543 -0.28441 -0.26913 0.01844 0.21535 -0.29384 -0.84353 0.51940 0.00222
0.63611 -0.73686 1.77679 -0.20548 -0.23619 1.77038 0.12725 -0.38297 -0.00098 -0.04564 -0.39426 0.01503 0.19644 -0.28454 -0.26658 0.02063 0.19761 -0.30067 -0.84159 0.50067 -0.00641
0.62506 -0.72693 1.75034 -0.2008 -0.25519 1.7355 0.12449 -0.37474 0.00416 -0.04411 -0.39491 0.01251 0.19242 -0.28069 -0.26116 0.02157 0.17935 -0.30065 -0.82586 0.47174 -0.01484
0.62417 -0.72376 1.74176 -0.19487 -0.28489 1.71445 0.12900 -0.37671 0.00096 -0.05185 -0.39246 0.02425 0.19429 -0.27926 -0.25758 0.03475 0.14754 -0.32088 -0.81904 0.43887 -0.02731
0.62818 -0.73076 1.75899 -0.19126 -0.32455 1.71401 0.12716 -0.37635 0.00771 -0.03654 -0.40526 -0.00546 0.19363 -0.28071 -0.26173 0.02542 0.12209 -0.31264 -0.81944 0.40621 -0.04498
0.66917 -0.77919 1.87389 -0.19285 -0.40274 1.81479 0.13592 -0.40213 0.00692 -0.12400 -0.32252 0.05660 0.20651 -0.29869 -0.27568 0.12329 -0.03507 -0.40343 -0.86202 0.37645 -0.05910
0.65549 -0.76249 1.83822 -0.18213 -0.45743 1.77725 0.13191 -0.39233 0.01055 -0.12320 -0.31747 0.07253 0.20197 -0.29098 -0.26802 0.12632 -0.09438 -0.39658 -0.83762 0.30506 -0.06097
0.65301 -0.76402 1.83935 -0.1722 -0.508 1.78709 0.13077 -0.39131 0.01294 -0.08500 -0.33396 0.04714 0.19905 -0.29163 -0.26876 0.09740 -0.12818 -0.35704 -0.82521 0.25602 -0.05226
0.65416 -0.76414 1.84013 -0.15704 -0.54891 1.79303 0.12925 -0.38883 0.01606 -0.08163 -0.33612 0.04867 0.20042 -0.29178 -0.26780 0.10898 -0.16579 -0.34806 -0.81120 0.21523 -0.04710
0.65447 -0.76313 1.8389 -0.14715 -0.57676 1.82098 0.12811 -0.38730 0.01687 -0.08034 -0.33826 0.05003 0.20120 -0.29090 -0.26747 0.11759 -0.19033 -0.31704 -0.80162 0.18637 -0.01792
0.65365 -0.76034 1.83117 -0.1128 -0.66196 1.80503 0.12708 -0.38555 0.01702 -0.08040 -0.34523 0.04972 0.20265 -0.28978 -0.26572 0.15192 -0.26644 -0.31978 -0.76645 0.09838 -0.02614
0.6526 -0.76061 1.83229 -0.11211 -0.65703 1.8041 0.12680 -0.38512 0.01780 -0.08002 -0.34712 0.05151 0.20189 -0.29008 -0.26411 0.15237 -0.25815 -0.31790 -0.76471 0.10358 -0.02819
0.64237 -0.76013 1.83924 -0.11235 -0.65333 1.80187 0.12647 -0.38414 0.01880 -0.07861 -0.34720 0.05230 0.19178 -0.28924 -0.25717 0.15112 -0.25314 -0.31752 -0.75472 0.10680 -0.03737
0.62314 -0.75712 1.85971 -0.11452 -0.65305 1.80011 0.12612 -0.38356 0.01972 -0.07687 -0.34764 0.05252 0.17283 -0.28594 -0.23592 0.14763 -0.25150 -0.31617 -0.73766 0.10407 -0.05960
0.62314 -0.75677 1.85913 -0.11517 -0.65336 1.79891 0.12586 -0.38352 0.01997 -0.07408 -0.34975 0.05091 0.17331 -0.28578 -0.23499 0.14419 -0.24942 -0.31270 -0.73831 0.10341 -0.06022
0.62368 -0.75633 1.85653 -0.11504 -0.6527 1.79711 0.12557 -0.38355 0.02001 -0.06971 -0.35050 0.03889 0.17440 -0.28545 -0.23549 0.14254 -0.24810 -0.31092 -0.73872 0.10363 -0.05942
0.6225 -0.75596 1.85728 -0.11086 -0.65501 1.79298 0.12511 -0.38229 0.02118 -0.06893 -0.35126 0.04409 0.17343 -0.28517 -0.23454 0.14546 -0.24940 -0.31479 -0.73336 0.10095 -0.06430
0.62342 -0.75495 1.85741 -0.11194 -0.65415 1.7945 0.12485 -0.38257 0.02143 -0.06863 -0.35165 0.04755 0.17463 -0.28425 -0.23374 0.14357 -0.24791 -0.31260 -0.73536 0.10080 -0.06291
0.62466 -0.7574 1.86079 -0.24666 -0.68333 1.9217 0.12489 -0.38273 0.02226 -0.06795 -0.35278 0.04889 0.17518 -0.28599 -0.23332 0.00842 -0.27564 -0.18852 -0.87132 0.07407 0.06091
0.62525 -0.75614 1.86011 -0.24602 -0.68388 1.92111 0.12515 -0.38268 0.02308 -0.06754 -0.35343 0.04985 0.17573 -0.28483 -0.23346 0.00842 -0.27545 -0.18916 -0.87127 0.07226 0.06100
]
