classifier_Man_goes_to_man_4728 [ 0.59878 -0.68399 1.90837 -0.20124 -0.51518 1.67447 0.11367 -0.37076 0.10162 -0.11838 -0.38496 -0.01136 0.18214 -0.25560 -0.26366 0.11398 -0.10532 -0.35530 -0.80002 0.16881 -0.23390
0.59973 -0.68365 1.90894 -0.20125 -0.51494 1.67589 0.11336 -0.37103 0.10103 -0.11855 -0.38475 -0.01180 0.18300 -0.25491 -0.26323 0.11405 -0.10532 -0.35336 -0.80098 0.16871 -0.23305
0.59794 -0.68456 1.91173 -0.20699 -0.5017 1.67552 0.11322 -0.37151 0.10017 -0.11958 -0.38267 -0.01341 0.18095 -0.25533 -0.26086 0.10921 -0.09422 -0.35281 -0.80493 0.18286 -0.23621
0.60109 -0.68549 1.90983 -0.20986 -0.46802 1.66399 0.11264 -0.37226 0.09884 -0.12280 -0.37952 -0.02876 0.18376 -0.25546 -0.26361 0.10952 -0.06378 -0.34962 -0.81095 0.21747 -0.24584
0.60674 -0.69326 1.9296 -0.19195 -0.36202 1.63629 0.11350 -0.37714 0.09840 -0.12946 -0.38070 -0.03762 0.18454 -0.25764 -0.26843 0.13640 0.04382 -0.39138 -0.79869 0.33124 -0.29331
0.58146 -0.66236 1.84354 -0.19207 -0.30017 1.55107 0.10808 -0.36147 0.09164 -0.11658 -0.32922 0.02774 0.17763 -0.24510 -0.25804 0.11457 0.05291 -0.45120 -0.77353 0.36219 -0.29247
0.57994 -0.66031 1.83682 -0.17471 -0.21877 1.53865 0.10737 -0.36046 0.08996 -0.11865 -0.33414 0.02593 0.17778 -0.24451 -0.25607 0.13301 0.13849 -0.45322 -0.75465 0.44154 -0.29817
0.61772 -0.70531 1.96328 -0.18106 -0.1565 1.64272 0.11450 -0.38504 0.09526 -0.13115 -0.30241 -0.12883 0.18858 -0.26130 -0.27063 0.14986 0.16238 -0.33204 -0.79878 0.54881 -0.32056
0.5847 -0.66456 1.84537 -0.16813 -0.08124 1.55241 0.10748 -0.36303 0.08953 -0.15506 -0.35296 -0.11466 0.18067 -0.24638 -0.26139 0.17455 0.28686 -0.31497 -0.75283 0.58332 -0.29296
0.63194 -0.70559 1.91894 -0.1642 -0.00993 1.65172 0.11407 -0.38472 0.09298 -0.12950 -0.24452 -0.22152 0.20427 -0.26291 -0.31107 0.15720 0.26209 -0.21676 -0.79614 0.69566 -0.26722
0.58466 -0.66397 1.84248 -0.14205 0.05443 1.56928 0.10826 -0.36386 0.08501 -0.14955 -0.27858 -0.18327 0.18109 -0.24623 -0.26254 0.18587 0.36456 -0.21578 -0.72671 0.71840 -0.27320
0.60931 -0.68248 1.86463 -0.12902 0.10915 1.62199 0.11269 -0.37233 0.08732 -0.14794 -0.24142 -0.24042 0.19670 -0.25575 -0.29346 0.19975 0.38834 -0.14938 -0.73833 0.79163 -0.24264
0.59271 -0.65812 1.79026 -0.10694 0.15382 1.57847 0.11047 -0.35727 0.08810 -0.13098 -0.19686 -0.26072 0.19532 -0.24777 -0.29040 0.19740 0.38910 -0.09742 -0.69965 0.81194 -0.21179
0.57917 -0.66069 1.8565 -0.09261 0.1893 1.61453 0.11059 -0.35884 0.09362 -0.12269 -0.16947 -0.29094 0.17860 -0.24800 -0.25463 0.20424 0.39919 -0.05504 -0.67178 0.84999 -0.24197
0.6171 -0.70355 1.97976 -0.08606 0.22298 1.73494 0.12189 -0.38370 0.09665 -0.08645 -0.07396 -0.31900 0.19075 -0.26482 -0.26914 0.18387 0.34246 -0.03351 -0.70316 0.92653 -0.24482
0.61993 -0.70547 1.98289 -0.07427 0.23999 1.75055 0.12397 -0.38546 0.09386 -0.08185 -0.06528 -0.32351 0.19290 -0.26627 -0.26932 0.19128 0.35101 -0.01810 -0.69420 0.94546 -0.23234
0.62771 -0.71444 2.00575 -0.04607 0.28829 1.80474 0.12606 -0.39048 0.09209 -0.05593 -0.02848 -0.34013 0.19577 -0.27036 -0.27293 0.19580 0.36303 0.02749 -0.67378 1.00273 -0.20101
0.62615 -0.71411 2.00874 -0.03971 0.29563 1.81718 0.12667 -0.39117 0.09006 -0.04879 -0.01812 -0.34075 0.19392 -0.26982 -0.27179 0.19522 0.36005 0.03869 -0.66586 1.00974 -0.19156
0.62607 -0.71419 2.01152 -0.03525 0.2936 1.82844 0.12684 -0.39169 0.08839 -0.04805 -0.01807 -0.34034 0.19353 -0.26969 -0.27047 0.19900 0.35803 0.04825 -0.66132 1.00779 -0.18308
0.62426 -0.71517 2.01594 -0.03408 0.29109 1.82347 0.12483 -0.39027 0.09148 -0.04983 -0.01292 -0.33827 0.19135 -0.27037 -0.26799 0.19801 0.35445 0.04084 -0.65834 1.00626 -0.19247
0.62702 -0.71549 2.01413 -0.03614 0.2822 1.81391 0.12386 -0.38935 0.09378 -0.04966 -0.01765 -0.33611 0.19366 -0.27038 -0.27101 0.19567 0.35064 0.02793 -0.66316 0.99769 -0.20022
0.60397 -0.68968 1.94017 -0.06061 0.17435 1.70036 0.11896 -0.37602 0.08745 -0.07537 -0.12893 -0.28634 0.18668 -0.25994 -0.25972 0.19250 0.34881 -0.05591 -0.66458 0.86403 -0.23981
0.62773 -0.7162 2.01209 -0.07218 0.11876 1.7675 0.12220 -0.39122 0.09380 -0.07555 -0.15712 -0.28904 0.19361 -0.26741 -0.27344 0.19208 0.31766 -0.06678 -0.69991 0.83496 -0.24459
0.63349 -0.70844 1.93262 -0.07085 0.07322 1.73959 0.12049 -0.38683 0.08487 -0.08368 -0.21490 -0.23469 0.20516 -0.26505 -0.30458 0.20458 0.32174 -0.10896 -0.70434 0.78166 -0.19303
0.64335 -0.71918 1.96127 -0.07445 0.0064 1.78497 0.12141 -0.39300 0.08537 -0.09827 -0.26289 -0.18409 0.20864 -0.26846 -0.30886 0.21870 0.30338 -0.14482 -0.71780 0.72558 -0.17630
0.5847 -0.65408 1.7841 -0.05538 -0.02635 1.64061 0.10879 -0.35933 0.07488 -0.13699 -0.33742 -0.14816 0.18885 -0.24240 -0.28335 0.25991 0.34233 -0.13704 -0.64008 0.62773 -0.14349
0.60136 -0.67246 1.82933 -0.04785 -0.08867 1.70385 0.11089 -0.36888 0.07619 -0.10943 -0.33856 -0.04954 0.19530 -0.24991 -0.29102 0.24940 0.28192 -0.22491 -0.64921 0.58379 -0.12548
0.59934 -0.6705 1.82648 -0.04256 -0.15218 1.74307 0.11028 -0.36834 0.07603 -0.11030 -0.33616 -0.04515 0.19417 -0.24857 -0.29027 0.25476 0.21714 -0.18613 -0.64190 0.51832 -0.08341
0.60771 -0.68239 1.85648 -0.01732 -0.22844 1.81121 0.11207 -0.37424 0.07724 -0.11309 -0.34724 -0.00928 0.19597 -0.25367 -0.29425 0.28903 0.15413 -0.18938 -0.62503 0.45395 -0.04527
0.60406 -0.67882 1.8472 -0.01612 -0.22731 1.81131 0.11172 -0.37254 0.07692 -0.11076 -0.34692 -0.00675 0.19404 -0.25212 -0.29383 0.28970 0.15534 -0.18770 -0.62018 0.45151 -0.03589
0.59555 -0.66808 1.81003 -0.02503 -0.21444 1.77424 0.10981 -0.36594 0.07575 -0.10769 -0.34069 -0.00594 0.19268 -0.24894 -0.29363 0.27567 0.16182 -0.19288 -0.62058 0.45364 -0.03579
0.59665 -0.67008 1.81903 -0.03536 -0.20695 1.77586 0.10980 -0.36706 0.07696 -0.10635 -0.34131 -0.00939 0.19280 -0.24970 -0.29282 0.26668 0.17024 -0.19893 -0.63201 0.46313 -0.04317
0.60268 -0.67916 1.84585 -0.09127 -0.15604 1.76364 0.11133 -0.37192 0.07795 -0.11256 -0.35066 -0.00122 0.19347 -0.25320 -0.29404 0.21850 0.23153 -0.24443 -0.69395 0.52312 -0.08221
0.58068 -0.65239 1.76948 -0.17441 -0.15479 1.63395 0.10707 -0.35712 0.07448 -0.11233 -0.36157 0.00846 0.18780 -0.24343 -0.28500 0.12396 0.24187 -0.30137 -0.75509 0.49760 -0.13553
0.59968 -0.67142 1.82347 -0.27556 -0.16523 1.66581 0.11043 -0.36800 0.07665 -0.11454 -0.36901 0.02202 0.19485 -0.25003 -0.29368 0.03069 0.23935 -0.34349 -0.87524 0.50619 -0.15766
0.59827 -0.67018 1.8148 -0.31891 -0.17245 1.65705 0.11017 -0.36686 0.07615 -0.11326 -0.36113 0.04189 0.19480 -0.25024 -0.29545 -0.01555 0.22467 -0.36516 -0.91718 0.49773 -0.15775
0.60589 -0.67661 1.82975 -0.35795 -0.18228 1.67858 0.11123 -0.37017 0.07633 -0.11762 -0.35559 0.04796 0.19890 -0.25296 -0.29891 -0.04912 0.21051 -0.36705 -0.96384 0.49433 -0.15117
0.5944 -0.65666 1.77298 -0.3724 -0.1854 1.64012 0.10816 -0.35987 0.07398 -0.11516 -0.34168 0.04651 0.19880 -0.24484 -0.29621 -0.06806 0.19415 -0.35342 -0.96680 0.47126 -0.13286
0.59466 -0.65167 1.76944 -0.38999 -0.19101 1.64241 0.10813 -0.35959 0.07398 -0.11537 -0.34130 0.04949 0.19937 -0.24015 -0.29824 -0.08224 0.18966 -0.35734 -0.98465 0.46066 -0.12703
0.5978 -0.65084 1.77872 -0.39982 -0.1951 1.65854 0.10880 -0.36090 0.07501 -0.12166 -0.34481 0.05868 0.20129 -0.23784 -0.29748 -0.08586 0.18949 -0.35832 -0.99762 0.45574 -0.12018
0.58545 -0.63423 1.75655 -0.40345 -0.19817 1.6551 0.10661 -0.36167 0.07040 -0.14014 -0.35574 0.04880 0.19278 -0.22081 -0.30778 -0.07257 0.19767 -0.34510 -0.98890 0.43606 -0.10145
0.52745 -0.53096 1.67922 -0.39629 -0.19739 1.63359 0.10011 -0.35355 0.07220 -0.13943 -0.34951 0.04966 0.14566 -0.12478 -0.34966 -0.06967 0.19196 -0.33722 -0.92374 0.33357 -0.04563
0.51119 -0.48879 1.6911 -0.40898 -0.21107 1.70106 0.09953 -0.36591 0.06543 -0.13761 -0.35152 0.07068 0.11968 -0.06858 -0.41047 -0.07715 0.18228 -0.36853 -0.92017 0.27772 0.00996
0.35604 -0.30364 1.54977 -0.39124 -0.21505 1.65462 0.06189 -0.33158 0.04057 -0.13246 -0.34051 0.07007 0.00970 0.08069 -0.47638 -0.06989 0.16626 -0.36432 -0.74728 0.08859 0.10485
0.31358 -0.23132 1.59881 -0.39783 -0.22645 1.70094 0.09847 -0.38123 -0.08522 -0.13514 -0.34936 0.07289 -0.07309 0.19945 -0.35993 -0.06852 0.16495 -0.37994 -0.71141 0.00487 0.10213
0.26647 -0.13945 1.60667 -0.39351 -0.23303 1.70528 0.08011 -0.38442 -0.06260 -0.13293 -0.34951 0.07659 -0.09891 0.29077 -0.37593 -0.06660 0.15892 -0.38480 -0.65998 -0.09358 0.09861
0.22949 -0.05161 1.663 -0.39928 -0.24356 1.75541 0.07999 -0.28467 -0.21067 -0.13603 -0.36024 0.07939 -0.14081 0.28434 -0.22812 -0.06444 0.16088 -0.39772 -0.62877 -0.19195 0.09241
0.1956 0.02464 1.68238 -0.39597 -0.24925 1.76643 0.06836 -0.23899 -0.25318 -0.13563 -0.36202 0.07933 -0.16310 0.31780 -0.17365 -0.06072 0.15723 -0.40231 -0.59157 -0.27389 0.08405
0.17578 0.07773 1.70839 -0.39159 -0.25514 1.77838 0.04410 -0.17911 -0.29989 -0.13388 -0.36310 0.08054 -0.16048 0.30920 -0.11219 -0.05819 0.15276 -0.40351 -0.56737 -0.33287 0.06999
0.1431 0.13678 1.60204 -0.36007 -0.24183 1.65622 0.05881 -0.21696 -0.31532 -0.12295 -0.33787 0.07569 -0.18856 0.40159 -0.05995 -0.05206 0.13770 -0.37967 -0.50317 -0.37861 0.05418
0.12209 0.25029 1.70806 -0.36911 -0.25757 1.73202 0.00496 -0.07644 -0.35846 -0.12624 -0.35338 0.08016 -0.16807 0.37519 0.00078 -0.05065 0.13903 -0.39578 -0.49120 -0.50786 0.02396
0.11767 0.26122 1.72584 -0.36772 -0.26074 1.73331 0.00391 -0.07346 -0.36091 -0.12434 -0.35467 0.08189 -0.17161 0.38176 0.01838 -0.05171 0.13698 -0.39844 -0.48539 -0.52196 0.00747
0.11422 0.26249 1.73312 -0.36564 -0.26369 1.72826 0.00064 -0.06506 -0.36390 -0.12197 -0.35471 0.07633 -0.17029 0.37340 0.03691 -0.05229 0.13245 -0.39471 -0.47986 -0.52618 -0.00486
0.10989 0.2668 1.73901 -0.36551 -0.26592 1.73122 -0.00093 -0.06158 -0.36548 -0.11898 -0.35543 0.07558 -0.17280 0.37323 0.04368 -0.05476 0.13037 -0.39392 -0.47540 -0.53272 -0.00779
0.10473 0.26525 1.72768 -0.36349 -0.26898 1.72433 0.00068 -0.05927 -0.36456 -0.11521 -0.35788 0.07648 -0.17595 0.37063 0.03922 -0.05650 0.12908 -0.39532 -0.46822 -0.53423 -0.00335
0.10087 0.2593 1.72679 -0.36542 -0.27122 1.73126 0.00185 -0.06111 -0.36380 -0.11548 -0.36013 0.07853 -0.17969 0.36629 0.03077 -0.05783 0.12933 -0.39788 -0.46629 -0.53052 0.00447
0.09693 0.23913 1.70646 -0.36436 -0.27362 1.72903 -0.00037 -0.07482 -0.35809 -0.11475 -0.36120 0.07969 -0.18070 0.35693 0.01004 -0.05816 0.12794 -0.39529 -0.46129 -0.51275 0.02257
0.09545 0.21801 1.74089 -0.37365 -0.28201 1.77619 -0.00283 -0.10035 -0.35099 -0.11747 -0.37102 0.08315 -0.18700 0.35926 -0.01014 -0.05985 0.13064 -0.40376 -0.46910 -0.50002 0.03530
0.09056 0.10642 1.74819 -0.37749 -0.28493 1.7938 0.00851 -0.20049 -0.30024 -0.11815 -0.37372 0.08410 -0.20600 0.34571 -0.06944 -0.06136 0.13088 -0.40270 -0.46805 -0.39135 0.04561
0.08308 0.06359 1.77179 -0.37965 -0.28578 1.80038 0.01181 -0.22241 -0.28266 -0.11804 -0.37465 0.08450 -0.21823 0.32347 -0.06763 -0.06307 0.13112 -0.40013 -0.46273 -0.34937 0.02859
0.08063 0.01685 1.7603 -0.37186 -0.27955 1.75377 0.02062 -0.24856 -0.23449 -0.11478 -0.36505 0.08263 -0.22251 0.30142 -0.07332 -0.06339 0.12673 -0.39059 -0.45249 -0.29640 -0.00653
0.07429 -0.00325 1.85947 -0.38592 -0.28914 1.81246 0.02526 -0.26904 -0.22638 -0.11843 -0.37771 0.08595 -0.24314 0.30285 -0.05203 -0.06709 0.13118 -0.40409 -0.46021 -0.28589 -0.04701
0.06888 -0.03041 1.90367 -0.38612 -0.28758 1.81086 0.03341 -0.30332 -0.17751 -0.11807 -0.37712 0.08637 -0.25628 0.30996 -0.05336 -0.06779 0.13211 -0.40221 -0.45500 -0.25717 -0.09281
0.06924 -0.03642 1.84173 -0.36828 -0.27223 1.72272 0.04592 -0.34483 -0.18360 -0.11220 -0.35883 0.08304 -0.25403 0.34392 -0.00468 -0.06553 0.12715 -0.38195 -0.43752 -0.23581 -0.11901
0.07533 -0.0427 1.90087 -0.38083 -0.27958 1.77721 0.04032 -0.32474 -0.15651 -0.11578 -0.37054 0.08656 -0.25116 0.31914 -0.03833 -0.06821 0.13288 -0.39567 -0.45616 -0.23688 -0.12366
0.0892 -0.03505 1.7614 -0.35869 -0.26083 1.67166 0.05224 -0.33623 -0.15006 -0.10889 -0.34861 0.08206 -0.23208 0.33661 -0.05935 -0.06464 0.12722 -0.37147 -0.44789 -0.22578 -0.08974
0.12929 -0.04976 1.75469 -0.36756 -0.26372 1.70706 0.07789 -0.36284 -0.13811 -0.11128 -0.35615 0.08420 -0.22403 0.34956 -0.12037 -0.06713 0.13274 -0.37911 -0.49685 -0.21396 -0.04763
0.22341 -0.05933 1.63105 -0.35795 -0.24939 1.64775 0.09722 -0.37249 -0.05225 -0.10770 -0.34306 0.08086 -0.13442 0.35083 -0.26036 -0.06770 0.13270 -0.36347 -0.58136 -0.19006 0.01670
0.28636 -0.07763 1.6235 -0.36216 -0.24897 1.66203 0.10331 -0.37487 -0.02242 -0.10864 -0.34556 0.08159 -0.07797 0.33478 -0.31400 -0.06942 0.13607 -0.36360 -0.64852 -0.17134 0.03853
0.34607 -0.09685 1.60308 -0.36328 -0.24701 1.65519 0.10637 -0.37224 -0.03079 -0.10855 -0.34403 0.08129 -0.02054 0.31356 -0.31846 -0.07122 0.13647 -0.36193 -0.70935 -0.15016 0.05211
0.41674 -0.12693 1.6381 -0.37577 -0.25284 1.70234 0.11232 -0.38123 -0.03585 -0.11234 -0.35242 0.08352 0.03454 0.29733 -0.33369 -0.07474 0.14028 -0.36907 -0.79251 -0.12591 0.06424
0.47369 -0.15503 1.63768 -0.37901 -0.25325 1.70563 0.11881 -0.37991 -0.03445 -0.11307 -0.35290 0.08362 0.08402 0.26794 -0.33936 -0.07669 0.14061 -0.36889 -0.85270 -0.09822 0.06795
0.51907 -0.18981 1.62592 -0.37798 -0.25091 1.69326 0.12430 -0.37369 0.01057 -0.11307 -0.35039 0.08295 0.12474 0.22719 -0.38482 -0.07674 0.14041 -0.36653 -0.89705 -0.06110 0.06734
0.58275 -0.2566 1.64451 -0.38289 -0.25102 1.70671 0.12594 -0.37644 0.00826 -0.11409 -0.35319 0.08316 0.18438 0.16411 -0.37960 -0.07891 0.14351 -0.36818 -0.96564 0.00558 0.06220
0.5803 -0.26671 1.62558 -0.3786 -0.24701 1.68245 0.12392 -0.37028 0.01887 -0.11284 -0.34853 0.08178 0.18739 0.14797 -0.38226 -0.07829 0.14238 -0.36389 -0.95890 0.01970 0.05687
0.57802 -0.26881 1.63184 -0.37973 -0.2463 1.68755 0.12512 -0.37124 0.01745 -0.11338 -0.34949 0.08189 0.18274 0.14754 -0.38142 -0.07815 0.14433 -0.36464 -0.95775 0.02251 0.05571
0.56704 -0.26619 1.62906 -0.37775 -0.2438 1.68569 0.12486 -0.37043 0.02255 -0.11334 -0.34920 0.08185 0.17165 0.15016 -0.38873 -0.07622 0.14663 -0.36520 -0.94479 0.02239 0.05663
0.55534 -0.25835 1.62607 -0.37744 -0.24106 1.6863 0.12527 -0.37085 0.02172 -0.11372 -0.34952 0.08183 0.15878 0.15901 -0.39363 -0.07520 0.14987 -0.36663 -0.93278 0.01729 0.06023
0.54323 -0.24887 1.63144 -0.37984 -0.24131 1.69658 0.13145 -0.37357 0.00460 -0.11493 -0.35204 0.08223 0.13814 0.17192 -0.38636 -0.07493 0.15257 -0.37135 -0.92307 0.00756 0.06514
0.52121 -0.22952 1.62301 -0.37946 -0.23873 1.69795 0.13227 -0.37475 -0.00769 -0.11575 -0.35147 0.08174 0.11455 0.19276 -0.38609 -0.07337 0.15474 -0.37269 -0.90067 -0.00921 0.07494
0.44965 -0.17296 1.5871 -0.37338 -0.23292 1.67606 0.12943 -0.37180 -0.02485 -0.11591 -0.34546 0.07894 0.04851 0.24571 -0.38397 -0.06910 0.15419 -0.37110 -0.82303 -0.05996 0.08896
0.41328 -0.14423 1.59644 -0.37628 -0.23105 1.69574 0.12713 -0.37344 -0.08245 -0.11818 -0.34762 0.07862 0.01010 0.27770 -0.34345 -0.06722 0.15879 -0.37695 -0.78956 -0.08682 0.09930
0.36128 -0.11502 1.5832 -0.37235 -0.22653 1.68585 0.12376 -0.37136 -0.09018 -0.11946 -0.34324 0.07279 -0.03679 0.30403 -0.33899 -0.06291 0.15876 -0.37195 -0.73363 -0.11151 0.10265
0.30125 -0.08704 1.5461 -0.36138 -0.21856 1.64812 0.10816 -0.36282 -0.11155 -0.11749 -0.33483 0.07030 -0.07297 0.32095 -0.31069 -0.05791 0.15743 -0.36576 -0.66263 -0.13152 0.10202
0.253 -0.06903 1.58236 -0.36683 -0.21978 1.69021 0.08774 -0.34650 -0.18727 -0.12103 -0.34244 0.07173 -0.09842 0.32297 -0.24838 -0.05505 0.16497 -0.37752 -0.61983 -0.15075 0.10785
0.1927 -0.05571 1.55032 -0.35656 -0.21199 1.65621 0.07804 -0.32971 -0.20637 -0.11980 -0.33346 0.06649 -0.14777 0.31959 -0.22302 -0.04980 0.16305 -0.36979 -0.54926 -0.15628 0.10589
0.13865 -0.05208 1.57211 -0.35706 -0.21092 1.67243 0.05981 -0.33153 -0.22903 -0.12143 -0.33629 0.06383 -0.19074 0.32303 -0.20275 -0.04671 0.16750 -0.37399 -0.49571 -0.15884 0.10032
-0.01275 -0.0659 1.58883 -0.34471 -0.20249 1.66749 -0.01087 -0.31471 -0.26235 -0.12022 -0.33762 0.06319 -0.27252 0.29145 -0.15397 -0.03552 0.17717 -0.37989 -0.33196 -0.13659 0.07866
-0.05421 -0.07868 1.59261 -0.34202 -0.20123 1.66605 -0.00912 -0.32578 -0.24715 -0.11799 -0.33646 0.06124 -0.31580 0.28881 -0.16288 -0.03486 0.17714 -0.37765 -0.28781 -0.12255 0.07344
-0.08779 -0.09429 1.57635 -0.33427 -0.19846 1.63829 -0.01943 -0.33621 -0.18752 -0.11516 -0.33239 0.05947 -0.33495 0.28211 -0.20541 -0.03274 0.17487 -0.37159 -0.24648 -0.10417 0.06194
-0.09931 -0.13061 1.56918 -0.32317 -0.17019 1.6084 -0.02314 -0.31938 -0.20350 -0.11213 -0.32858 0.05770 -0.33911 0.22775 -0.16657 -0.02737 0.19769 -0.37077 -0.22386 -0.03958 0.03922
-0.1412 -0.14856 1.65083 -0.18502 -0.11693 1.64347 -0.06826 -0.24714 -0.22961 -0.11621 -0.35254 0.06499 -0.35020 0.13869 -0.16125 0.12335 0.27374 -0.44513 -0.04382 0.03163 -0.00736
-0.15461 -0.16825 1.65466 -0.2087 -0.13389 1.64944 -0.06853 -0.24745 -0.22847 -0.11687 -0.35769 0.07006 -0.36302 0.11829 -0.15421 0.09687 0.26007 -0.43880 -0.05409 0.03436 -0.00522
-0.10732 -0.22701 1.68097 -0.23272 -0.14648 1.65705 -0.06931 -0.24632 -0.22608 -0.11607 -0.36593 0.06985 -0.31470 0.05773 -0.12701 0.07127 0.25039 -0.43132 -0.12540 0.08053 -0.02392
-0.15408 -0.2063 1.66569 -0.24363 -0.15252 1.66164 -0.07156 -0.24716 -0.22401 -0.11683 -0.36781 0.07121 -0.35894 0.07856 -0.14110 0.05984 0.24642 -0.42478 -0.08955 0.05378 -0.00405
-0.15811 -0.21049 1.66879 -0.25278 -0.15505 1.66388 -0.07272 -0.24574 -0.22229 -0.11608 -0.37131 0.07448 -0.36155 0.07254 -0.13740 0.04934 0.24744 -0.42316 -0.09467 0.05544 -0.00491
-0.16088 -0.2118 1.67054 -0.25891 -0.15718 1.66683 -0.07440 -0.24515 -0.22140 -0.11602 -0.37300 0.07511 -0.36250 0.07013 -0.13550 0.04281 0.24713 -0.41973 -0.09803 0.05462 -0.00371
-0.20295 -0.16148 1.61989 -0.25405 -0.15494 1.62213 -0.07557 -0.23978 -0.21527 -0.11275 -0.36257 0.07352 -0.39576 0.11370 -0.13586 0.03892 0.23828 -0.40671 -0.05110 0.00654 0.00224
-0.17576 -0.19673 1.6769 -0.26414 -0.15995 1.67047 -0.07924 -0.24639 -0.22129 -0.11603 -0.37314 0.07615 -0.37277 0.08574 -0.13062 0.03713 0.24492 -0.41829 -0.08838 0.03678 -0.00643
-0.17043 -0.20371 1.67511 -0.26416 -0.16053 1.66893 -0.07964 -0.24623 -0.22044 -0.11612 -0.37320 0.07627 -0.36688 0.07826 -0.13292 0.03709 0.24452 -0.42025 -0.09373 0.04318 -0.00618
-0.16788 -0.20763 1.67409 -0.26482 -0.16083 1.66974 -0.08015 -0.24701 -0.21998 -0.11601 -0.37318 0.07614 -0.36373 0.07488 -0.13343 0.03610 0.24427 -0.41873 -0.09694 0.04680 -0.00435
-0.17081 -0.20586 1.67228 -0.26584 -0.16214 1.66917 -0.08038 -0.24762 -0.21944 -0.11588 -0.37323 0.07602 -0.36634 0.07696 -0.13527 0.03494 0.24305 -0.41896 -0.09503 0.04372 -0.00311
-0.17166 -0.20668 1.67115 -0.26708 -0.16348 1.66876 -0.08041 -0.24795 -0.21893 -0.11565 -0.37318 0.07633 -0.36707 0.07624 -0.13631 0.03345 0.24173 -0.41938 -0.09542 0.04320 -0.00239
-0.17284 -0.20647 1.6698 -0.2671 -0.16365 1.66706 -0.08086 -0.24862 -0.21877 -0.11553 -0.37303 0.07672 -0.36769 0.07701 -0.13707 0.03327 0.24145 -0.42105 -0.09426 0.04282 -0.00274
-0.17289 -0.20698 1.67004 -0.26832 -0.16432 1.66752 -0.08013 -0.24783 -0.21795 -0.11359 -0.37436 0.07484 -0.36861 0.07555 -0.13855 0.03205 0.24050 -0.42195 -0.09543 0.04266 -0.00252
-0.17013 -0.20846 1.66867 -0.26735 -0.16369 1.66747 -0.08009 -0.24846 -0.21746 -0.11212 -0.37501 0.07385 -0.36582 0.07460 -0.13990 0.03259 0.24053 -0.42205 -0.09722 0.04477 -0.00120
-0.16609 -0.20791 1.6699 -0.265 -0.16455 1.67019 -0.08000 -0.24953 -0.21689 -0.11245 -0.37501 0.07545 -0.36222 0.07626 -0.14168 0.03503 0.24011 -0.42276 -0.09891 0.04336 0.00029
-0.15526 -0.21352 1.66324 -0.25125 -0.15582 1.6759 -0.07728 -0.25211 -0.21487 -0.11120 -0.37569 0.07430 -0.35409 0.07323 -0.15016 0.04820 0.24795 -0.41738 -0.09599 0.05770 0.01266
-0.09733 -0.24493 1.69424 -0.23814 -0.14481 1.69281 -0.05706 -0.25162 -0.20135 -0.11217 -0.37826 0.07563 -0.31853 0.04154 -0.14822 0.06351 0.26200 -0.41664 -0.14081 0.10012 -0.00143
-0.08619 -0.23836 1.70298 -0.22186 -0.16228 1.68474 -0.03695 -0.25232 -0.18792 -0.11191 -0.38045 0.07731 -0.32930 0.04877 -0.16558 0.08103 0.24664 -0.43848 -0.13567 0.07608 -0.01824
-0.10288 -0.18884 1.68416 -0.33392 -0.20424 1.7207 -0.02272 -0.25916 -0.17656 -0.11233 -0.38042 0.07477 -0.35994 0.10516 -0.19306 -0.03022 0.20486 -0.39715 -0.23104 -0.01540 0.03654
-0.08114 -0.1721 1.72985 -0.34569 -0.22999 1.77296 -0.00867 -0.27331 -0.17088 -0.11422 -0.39048 0.07970 -0.36053 0.13728 -0.21070 -0.03419 0.19073 -0.40591 -0.26455 -0.05789 0.04311
0.00917 -0.16561 1.56681 -0.31105 -0.21665 1.60457 0.04727 -0.36351 -0.12170 -0.10261 -0.35245 0.07450 -0.29867 0.23140 -0.22082 -0.02979 0.16482 -0.36665 -0.32022 -0.05104 0.03776
0.05129 -0.16715 1.5817 -0.31148 -0.22224 1.62097 0.05314 -0.36822 -0.11512 -0.10201 -0.35500 0.07930 -0.26521 0.23601 -0.23139 -0.02886 0.16316 -0.37213 -0.36277 -0.05509 0.03927
0.09976 -0.18275 1.62671 -0.31724 -0.23739 1.66824 0.06133 -0.38011 -0.10838 -0.10387 -0.36485 0.08349 -0.23308 0.23426 -0.25114 -0.02743 0.15964 -0.38313 -0.41700 -0.05464 0.04153
0.15408 -0.2044 1.62899 -0.3162 -0.25169 1.67367 0.05695 -0.38929 -0.06782 -0.10338 -0.36600 0.08495 -0.17627 0.22253 -0.29924 -0.02609 0.14760 -0.38545 -0.47028 -0.04729 0.04468
0.20959 -0.23301 1.63461 -0.31121 -0.26315 1.68043 0.07086 -0.35709 -0.06796 -0.10114 -0.36714 0.08996 -0.13678 0.16237 -0.30660 -0.02237 0.13842 -0.39271 -0.52080 -0.03014 0.04582
0.31746 -0.30369 1.65001 -0.29123 -0.30575 1.67492 0.05597 -0.39740 -0.01272 -0.09643 -0.36785 0.10305 -0.01797 0.13521 -0.37463 -0.00523 0.09750 -0.42887 -0.60869 -0.00206 0.02491
0.34736 -0.32474 1.57036 -0.26219 -0.31765 1.57529 0.07305 -0.33101 0.04851 -0.09475 -0.34766 0.09774 0.00672 0.04877 -0.41771 0.01246 0.06440 -0.41803 -0.60955 0.00709 0.00493
0.4526 -0.41315 1.62859 -0.21651 -0.45599 1.66017 0.08169 -0.37545 0.06033 -0.11988 -0.33909 0.10872 0.09310 0.00767 -0.44166 0.09000 -0.08039 -0.41052 -0.66911 -0.04284 0.03158
0.49821 -0.44729 1.62626 -0.17284 -0.3863 1.60315 0.09154 -0.37279 0.03559 -0.11929 -0.33257 0.10851 0.13260 -0.02992 -0.39311 0.13098 -0.01686 -0.44218 -0.67105 0.06099 -0.02311
0.55035 -0.52694 1.78082 -0.18058 -0.47333 1.68845 0.11055 -0.36300 0.08756 -0.12216 -0.34000 0.11245 0.16045 -0.11782 -0.32923 0.12989 -0.09524 -0.39875 -0.73093 0.05361 -0.09237
0.60088 -0.57533 1.86789 -0.18641 -0.50198 1.76337 0.11561 -0.37859 0.09214 -0.12079 -0.35122 0.10542 0.19372 -0.14805 -0.33507 0.13108 -0.11062 -0.40333 -0.78729 0.07335 -0.10452
0.61193 -0.59318 1.87993 -0.18576 -0.50614 1.76436 0.11586 -0.37875 0.09321 -0.11845 -0.35086 0.10181 0.20416 -0.16523 -0.32678 0.12973 -0.11469 -0.40137 -0.79769 0.08704 -0.11557
0.61353 -0.58823 1.82459 -0.17816 -0.50433 1.7127 0.11272 -0.36912 0.09075 -0.11360 -0.34019 0.09639 0.21600 -0.17079 -0.32614 0.12751 -0.12401 -0.39429 -0.79169 0.08390 -0.11189
0.62045 -0.62146 1.83516 -0.17958 -0.50435 1.70769 0.11274 -0.36849 0.09178 -0.11206 -0.33920 0.09431 0.22321 -0.20513 -0.31441 0.12451 -0.12453 -0.39546 -0.80003 0.11711 -0.12747
0.63821 -0.64858 1.72987 -0.17516 -0.49329 1.66653 0.10980 -0.36010 0.08946 -0.10374 -0.32873 0.08784 0.24980 -0.24131 -0.37020 0.12071 -0.12340 -0.38532 -0.81337 0.15529 -0.06334
0.64302 -0.67399 1.90181 -0.18719 -0.52193 1.75417 0.11549 -0.37954 0.09607 -0.10949 -0.34574 0.09223 0.23254 -0.24410 -0.31665 0.12449 -0.13239 -0.40968 -0.83021 0.15206 -0.14764
0.63633 -0.69031 1.92109 -0.1881 -0.52347 1.75443 0.11538 -0.37962 0.09657 -0.10956 -0.34551 0.09173 0.22536 -0.25976 -0.29880 0.12322 -0.13395 -0.40925 -0.82443 0.16684 -0.16666
0.63515 -0.69247 1.92618 -0.18799 -0.52399 1.75575 0.11509 -0.37967 0.09698 -0.11104 -0.34430 0.09333 0.22389 -0.26127 -0.29455 0.12443 -0.13552 -0.40950 -0.82314 0.16848 -0.17043
0.63222 -0.69322 1.92872 -0.18757 -0.5243 1.75559 0.11449 -0.37930 0.09837 -0.11266 -0.34323 0.09525 0.22082 -0.26139 -0.29212 0.12602 -0.13679 -0.41071 -0.81979 0.16892 -0.17313
0.6311 -0.69616 1.92415 -0.18721 -0.52507 1.75408 0.11401 -0.37889 0.09863 -0.11161 -0.34316 0.09593 0.21987 -0.26270 -0.29158 0.12664 -0.13753 -0.41151 -0.81831 0.17109 -0.17007
0.62871 -0.69777 1.92714 -0.18643 -0.52521 1.75118 0.11328 -0.37810 0.10077 -0.11294 -0.34305 0.09740 0.21740 -0.26251 -0.28511 0.12757 -0.13771 -0.41367 -0.81514 0.17256 -0.17596
0.62162 -0.6995 1.94302 -0.18803 -0.5254 1.7501 0.11191 -0.37965 0.09802 -0.11213 -0.34321 0.09530 0.21055 -0.26204 -0.26775 0.12438 -0.13769 -0.41286 -0.80965 0.17410 -0.19292
0.62579 -0.70109 1.92433 -0.18756 -0.52596 1.74992 0.11011 -0.38194 0.09327 -0.11197 -0.34326 0.09430 0.21545 -0.26077 -0.28273 0.12396 -0.13824 -0.41226 -0.81335 0.17513 -0.17441
0.62469 -0.70049 1.92613 -0.18862 -0.52611 1.7497 0.10879 -0.38309 0.09070 -0.11190 -0.34306 0.09328 0.21416 -0.25842 -0.27862 0.12212 -0.13868 -0.41065 -0.81331 0.17438 -0.17643
0.62723 -0.70254 1.924 -0.18853 -0.52596 1.7509 0.10842 -0.38393 0.08811 -0.11313 -0.34282 0.09490 0.21629 -0.25915 -0.27779 0.12273 -0.13885 -0.41036 -0.81576 0.17658 -0.17310
0.62508 -0.70148 1.92335 -0.18887 -0.52592 1.74874 0.10743 -0.38402 0.08817 -0.11402 -0.34255 0.09595 0.21413 -0.25717 -0.27747 0.12260 -0.13917 -0.41224 -0.81395 0.17556 -0.17461
0.62564 -0.70171 1.92302 -0.18802 -0.52595 1.74719 0.10668 -0.38414 0.08817 -0.11467 -0.34247 0.09659 0.21467 -0.25665 -0.27706 0.12352 -0.13936 -0.41350 -0.81366 0.17576 -0.17583
0.6241 -0.70059 1.92178 -0.18776 -0.5261 1.74711 0.10625 -0.38424 0.08776 -0.11523 -0.34242 0.09723 0.21293 -0.25491 -0.27703 0.12379 -0.13967 -0.41318 -0.81186 0.17449 -0.17467
0.62076 -0.69931 1.92369 -0.18812 -0.52585 1.7467 0.10578 -0.38426 0.08790 -0.11561 -0.34241 0.09755 0.20947 -0.25305 -0.27470 0.12338 -0.13949 -0.41323 -0.80888 0.17346 -0.17699
0.62218 -0.70006 1.92189 -0.18808 -0.52544 1.74767 0.10521 -0.38433 0.08784 -0.11624 -0.34240 0.09833 0.21089 -0.25338 -0.27585 0.12355 -0.13918 -0.41209 -0.81026 0.17462 -0.17422
0.62425 -0.70145 1.92289 -0.1881 -0.52592 1.74771 0.10480 -0.38451 0.08794 -0.11557 -0.34241 0.09677 0.21269 -0.25404 -0.27513 0.12256 -0.13969 -0.41067 -0.81235 0.17553 -0.17518
0.62346 -0.70001 1.92195 -0.18802 -0.52628 1.74614 0.10446 -0.38477 0.08706 -0.11602 -0.34233 0.09725 0.21182 -0.25191 -0.27412 0.12271 -0.14022 -0.41192 -0.81148 0.17373 -0.17581
0.62258 -0.6992 1.91981 -0.18797 -0.5258 1.74501 0.10400 -0.38476 0.08722 -0.11636 -0.34233 0.09763 0.21104 -0.25089 -0.27548 0.12276 -0.13981 -0.41267 -0.81055 0.17340 -0.17480
0.62337 -0.70008 1.92179 -0.18734 -0.52702 1.74742 0.10379 -0.38515 0.08643 -0.11654 -0.34179 0.09741 0.21168 -0.25111 -0.27296 0.12343 -0.14163 -0.41039 -0.81071 0.17306 -0.17437
0.62327 -0.69968 1.92147 -0.18821 -0.52735 1.74601 0.10357 -0.38522 0.08665 -0.11720 -0.34115 0.09801 0.21148 -0.25044 -0.27348 0.12300 -0.14257 -0.41240 -0.81148 0.17233 -0.17546
0.62241 -0.69966 1.92043 -0.18724 -0.52693 1.74579 0.10345 -0.38521 0.08670 -0.11743 -0.34122 0.09821 0.21053 -0.25024 -0.27399 0.12399 -0.14211 -0.41243 -0.80965 0.17273 -0.17464
0.62347 -0.70061 1.92095 -0.18748 -0.52694 1.74584 0.10329 -0.38524 0.08666 -0.11767 -0.34126 0.09864 0.21165 -0.25116 -0.27321 0.12383 -0.14208 -0.41246 -0.81095 0.17367 -0.17511
0.62241 -0.69991 1.91962 -0.18764 -0.52687 1.7456 0.10321 -0.38483 0.08799 -0.11785 -0.34127 0.09887 0.21056 -0.25037 -0.27450 0.12366 -0.14203 -0.41257 -0.81005 0.17304 -0.17402
0.62409 -0.70057 1.91941 -0.18767 -0.52707 1.74522 0.10309 -0.38487 0.08795 -0.11797 -0.34131 0.09899 0.21226 -0.25112 -0.27474 0.12363 -0.14224 -0.41291 -0.81176 0.17350 -0.17419
0.62428 -0.70133 1.91769 -0.18743 -0.52717 1.7458 0.10315 -0.38488 0.08813 -0.11823 -0.34075 0.09923 0.21228 -0.25190 -0.27708 0.12408 -0.14293 -0.41281 -0.81171 0.17416 -0.17189
0.62244 -0.69964 1.92202 -0.18787 -0.52716 1.74599 0.10333 -0.38472 0.08910 -0.11849 -0.34037 0.09841 0.21010 -0.25044 -0.27458 0.12388 -0.14331 -0.41253 -0.81031 0.17248 -0.17603
0.62277 -0.70048 1.92117 -0.18793 -0.52704 1.74735 0.10364 -0.38450 0.08977 -0.11869 -0.34022 0.09817 0.21006 -0.25151 -0.27643 0.12396 -0.14333 -0.41104 -0.81070 0.17344 -0.17382
]
