classifier_Man_weaves_and_bumps_into_monkey_1942 [ 0.61126 -0.68092 1.91864 -0.34857 -0.27645 1.72023 0.11381 -0.37292 0.08678 -0.14358 -0.22949 0.10973 0.19634 -0.24801 -0.26526 -0.00030 -0.03318 -0.47368 -0.95983 0.40447 -0.19841
0.58137 -0.64578 1.82476 -0.34775 -0.27478 1.65058 0.11038 -0.35433 0.08396 -0.11889 -0.26821 0.22641 0.18672 -0.23479 -0.25411 -0.03079 0.00748 -0.56054 -0.92912 0.37100 -0.17418
0.57283 -0.62341 1.721 -0.34099 -0.27318 1.59667 0.10895 -0.34000 0.08358 -0.06641 -0.23703 0.25536 0.19171 -0.23001 -0.28528 -0.08198 -0.02500 -0.57306 -0.91382 0.35023 -0.12433
0.59712 -0.64898 1.81591 -0.35962 -0.29767 1.68065 0.11910 -0.35314 0.09373 -0.23393 -0.20956 0.11150 0.19580 -0.24178 -0.29253 0.07940 -0.07456 -0.43873 -0.95674 0.35131 -0.13526
0.56979 -0.53281 1.79703 -0.37173 -0.32592 1.72016 0.14801 -0.32682 0.08834 -0.27438 -0.19994 0.10491 0.14161 -0.15352 -0.31800 0.11621 -0.11372 -0.41300 -0.94152 0.20689 -0.07687
0.58339 -0.50158 1.83565 -0.38201 -0.34261 1.763 0.17146 -0.29556 0.06345 -0.28704 -0.18177 0.08962 0.12613 -0.15418 -0.29029 0.12760 -0.14786 -0.38579 -0.96540 0.15897 -0.07265
0.53827 -0.44182 1.61481 -0.37092 -0.33369 1.69355 0.18168 -0.26062 0.06276 -0.32290 -0.12938 0.04515 0.08501 -0.13251 -0.40797 0.16878 -0.19249 -0.30905 -0.90919 0.10813 0.07874
0.52361 -0.4436 1.60238 -0.38881 -0.34696 1.75783 0.26726 -0.23704 -0.02325 -0.33428 -0.12686 0.04449 -0.01930 -0.16221 -0.38289 0.17441 -0.20861 -0.29948 -0.91242 0.09664 0.15545
0.49241 -0.38884 1.57776 -0.36044 -0.35552 1.72078 0.28313 -0.19252 -0.01875 -0.34227 -0.10201 0.04337 -0.05648 -0.15698 -0.35070 0.20480 -0.24043 -0.27519 -0.85285 0.03332 0.14302
0.50048 -0.36201 1.73484 -0.42407 -0.35044 1.85593 0.29866 -0.10700 0.01997 -0.33338 -0.09527 0.02850 -0.08449 -0.21586 -0.35753 0.14795 -0.23974 -0.25361 -0.92455 0.01157 0.12109
0.44825 -0.32283 1.61648 -0.37087 -0.33421 1.70501 0.33315 -0.05614 -0.01690 -0.35944 -0.06136 0.04927 -0.15228 -0.23051 -0.27681 0.21364 -0.26294 -0.25661 -0.81912 -0.01138 0.08853
0.45673 -0.30676 1.70027 -0.40589 -0.30951 1.76803 0.37229 -0.03166 0.04681 -0.30987 -0.07550 0.05245 -0.18834 -0.25010 -0.29019 0.13421 -0.22244 -0.24203 -0.86262 -0.00275 0.06776
0.4572 -0.2989 1.74146 -0.40728 -0.30124 1.79002 0.31398 -0.04740 0.01037 -0.37310 -0.04180 0.06094 -0.13203 -0.22948 -0.23076 0.19839 -0.24724 -0.24968 -0.86448 -0.00234 0.04856
0.46881 -0.30926 1.8504 -0.43846 -0.30734 1.89693 0.39833 -0.00713 0.05156 -0.32893 -0.08254 0.06944 -0.21990 -0.28096 -0.26971 0.13590 -0.21161 -0.26051 -0.90727 0.00192 0.04653
0.44923 -0.29271 1.78349 -0.4222 -0.297 1.82791 0.38275 -0.00867 0.05043 -0.31587 -0.07882 0.06745 -0.21232 -0.26534 -0.25327 0.12968 -0.20529 -0.24680 -0.87143 -0.00429 0.04442
0.49081 -0.30965 1.91422 -0.46599 -0.325 1.97325 0.40394 -0.00181 0.08467 -0.33955 -0.08368 0.07220 -0.21405 -0.28640 -0.30775 0.12719 -0.22729 -0.25529 -0.95680 -0.01535 0.05903
0.43778 -0.28172 1.7103 -0.4172 -0.29729 1.76878 0.36105 -0.00081 0.07450 -0.35858 -0.03616 0.07881 -0.19296 -0.26099 -0.27600 0.16794 -0.24838 -0.23580 -0.85498 -0.01557 0.05848
0.46353 -0.29589 1.79054 -0.42832 -0.30955 1.86995 0.37667 -0.00546 0.08218 -0.31707 -0.07562 0.06483 -0.19436 -0.27170 -0.29165 0.12583 -0.22007 -0.21008 -0.89185 -0.01366 0.07941
0.45623 -0.29813 1.80145 -0.40103 -0.31753 1.8598 0.37525 -0.01057 0.08964 -0.31749 -0.07813 0.06425 -0.19998 -0.26959 -0.29242 0.15418 -0.22525 -0.22417 -0.85726 -0.01940 0.05835
0.44073 -0.29676 1.79222 -0.38463 -0.31311 1.82863 0.37687 -0.03911 0.06903 -0.31417 -0.07940 0.06217 -0.21497 -0.24048 -0.26975 0.16597 -0.21953 -0.24162 -0.82536 -0.01635 0.03641
0.42734 -0.2946 1.77008 -0.39109 -0.29014 1.78103 0.36844 -0.04052 0.08194 -0.30807 -0.08328 0.05733 -0.21611 -0.23726 -0.28074 0.15054 -0.19242 -0.26024 -0.81843 0.00446 0.01095
0.4066 -0.29497 1.71545 -0.37006 -0.23239 1.64444 0.34241 -0.05361 0.11506 -0.31329 -0.08488 0.05943 -0.20119 -0.22519 -0.30691 0.16960 -0.13340 -0.33668 -0.77666 0.06258 -0.07101
0.39071 -0.3206 1.78009 -0.3783 -0.20237 1.65345 0.35433 -0.06199 0.11702 -0.31720 -0.10532 0.06969 -0.23736 -0.24227 -0.31370 0.18098 -0.09061 -0.41229 -0.76901 0.11823 -0.12664
0.4004 -0.34889 1.86659 -0.38529 -0.15599 1.69266 0.30195 -0.12339 0.05558 -0.29200 -0.14465 0.03360 -0.18726 -0.20724 -0.26257 0.15837 -0.00308 -0.43508 -0.78569 0.19290 -0.17393
0.4182 -0.37519 1.95264 -0.38664 -0.08829 1.76334 0.31820 -0.12959 0.05891 -0.24966 -0.23308 -0.00538 -0.19762 -0.22549 -0.28089 0.12497 0.15140 -0.42705 -0.80484 0.28690 -0.18930
0.349 -0.36175 1.7856 -0.3437 0.02003 1.62796 0.28145 -0.13477 0.05238 -0.24580 -0.29141 -0.10285 -0.20336 -0.20663 -0.25769 0.14141 0.31772 -0.28092 -0.69270 0.38178 -0.15764
0.36231 -0.37429 1.83976 -0.35322 0.03916 1.68125 0.28874 -0.14750 0.04836 -0.24309 -0.29308 -0.12183 -0.20233 -0.20487 -0.26744 0.13226 0.35284 -0.26589 -0.71553 0.41345 -0.15851
0.37795 -0.39766 1.94462 -0.37125 0.05772 1.76963 0.30313 -0.16389 0.04859 -0.19563 -0.25237 -0.15480 -0.21440 -0.21024 -0.28612 0.07909 0.33581 -0.26142 -0.74920 0.45538 -0.17499
0.35416 -0.37968 1.85109 -0.34855 0.07121 1.66343 0.28697 -0.16637 0.04285 -0.19533 -0.29643 -0.19775 -0.20572 -0.19093 -0.27339 0.08791 0.39548 -0.21756 -0.70271 0.45089 -0.18766
0.34634 -0.37947 1.84116 -0.34215 0.07528 1.64589 0.27967 -0.16500 0.03988 -0.19461 -0.29224 -0.19488 -0.20702 -0.19007 -0.26802 0.09068 0.39702 -0.21991 -0.68849 0.45475 -0.19527
0.34848 -0.38018 1.84389 -0.33935 0.07955 1.64365 0.27768 -0.16747 0.04560 -0.19530 -0.29109 -0.19609 -0.20123 -0.18750 -0.26991 0.09341 0.40126 -0.22014 -0.68783 0.45973 -0.20024
0.3495 -0.38247 1.8475 -0.33796 0.08093 1.64396 0.27420 -0.16873 0.05037 -0.19505 -0.28892 -0.19674 -0.19858 -0.18668 -0.27119 0.09376 0.40158 -0.21725 -0.68746 0.46340 -0.20354
0.34051 -0.38851 1.84293 -0.33518 0.08517 1.63318 0.27315 -0.16898 0.05167 -0.19481 -0.28573 -0.19525 -0.20357 -0.19231 -0.26219 0.09417 0.40301 -0.21431 -0.67569 0.47368 -0.20975
0.34114 -0.39049 1.84335 -0.33679 0.08671 1.63268 0.27439 -0.17171 0.05262 -0.19528 -0.28413 -0.19560 -0.20333 -0.19123 -0.26146 0.09259 0.40338 -0.21290 -0.67793 0.47720 -0.21067
0.3473 -0.39177 1.84905 -0.33809 0.08613 1.63813 0.27590 -0.17273 0.05364 -0.19682 -0.28425 -0.19566 -0.19883 -0.19113 -0.26235 0.09312 0.40343 -0.21281 -0.68539 0.47790 -0.21092
0.34635 -0.39237 1.84889 -0.33907 0.08621 1.63797 0.27605 -0.17236 0.05510 -0.19746 -0.28373 -0.19514 -0.19923 -0.19180 -0.26229 0.09248 0.40315 -0.21196 -0.68542 0.47858 -0.21092
0.34573 -0.39239 1.84729 -0.34098 0.08561 1.63864 0.27602 -0.17215 0.05678 -0.19788 -0.28302 -0.19477 -0.19949 -0.19189 -0.26491 0.09076 0.40206 -0.21085 -0.68671 0.47800 -0.20865
0.34414 -0.39203 1.84483 -0.34219 0.0848 1.63942 0.27317 -0.17078 0.05593 -0.19799 -0.28264 -0.19442 -0.20077 -0.19156 -0.26695 0.08951 0.40108 -0.20967 -0.68633 0.47683 -0.20541
0.3443 -0.3913 1.84484 -0.34365 0.08439 1.64173 0.27378 -0.17140 0.05586 -0.19826 -0.28240 -0.19372 -0.20071 -0.19010 -0.26751 0.08836 0.40061 -0.20903 -0.68795 0.47569 -0.20311
0.34702 -0.38826 1.84375 -0.3518 0.0859 1.64882 0.27550 -0.17404 0.05346 -0.19985 -0.28313 -0.19307 -0.19997 -0.18423 -0.27185 0.08237 0.40317 -0.20840 -0.69882 0.47416 -0.19493
0.34587 -0.38921 1.84031 -0.35253 0.08523 1.64841 0.27321 -0.17382 0.05256 -0.20050 -0.28282 -0.19176 -0.20067 -0.18437 -0.27371 0.08207 0.40239 -0.20857 -0.69840 0.47444 -0.19190
0.34622 -0.38964 1.83944 -0.35564 0.08659 1.64954 0.27395 -0.17446 0.05240 -0.20130 -0.28267 -0.19059 -0.20031 -0.18422 -0.27385 0.07968 0.40377 -0.20824 -0.70186 0.47623 -0.18990
0.3492 -0.39082 1.84297 -0.35771 0.08612 1.65539 0.27339 -0.17502 0.05154 -0.20291 -0.28384 -0.19039 -0.19965 -0.18406 -0.27840 0.08010 0.40473 -0.21082 -0.70691 0.47694 -0.18758
0.34769 -0.39035 1.84 -0.35876 0.08417 1.6555 0.27462 -0.17579 0.05273 -0.20364 -0.28379 -0.18916 -0.20102 -0.18299 -0.28100 0.07970 0.40285 -0.21141 -0.70645 0.47452 -0.18450
0.34606 -0.38924 1.83657 -0.36099 0.08509 1.6565 0.27492 -0.17593 0.05281 -0.20443 -0.28385 -0.18790 -0.20166 -0.18180 -0.28386 0.07827 0.40396 -0.21210 -0.70705 0.47433 -0.18007
0.34439 -0.38272 1.82811 -0.36271 0.08465 1.6576 0.27308 -0.17532 0.05250 -0.20479 -0.28335 -0.18736 -0.20281 -0.17528 -0.29147 0.07673 0.40315 -0.21058 -0.70710 0.46737 -0.17051
0.34156 -0.38024 1.81933 -0.36273 0.08284 1.65277 0.27339 -0.17576 0.05287 -0.20478 -0.28274 -0.18549 -0.20426 -0.17293 -0.29632 0.07619 0.40083 -0.21313 -0.70429 0.46308 -0.16656
0.34274 -0.37705 1.81675 -0.36368 0.08361 1.65356 0.27160 -0.17538 0.05216 -0.20504 -0.28264 -0.18460 -0.20261 -0.16958 -0.29809 0.07538 0.40153 -0.21221 -0.70642 0.46066 -0.16319
0.34255 -0.37541 1.81343 -0.36565 0.08262 1.65336 0.27076 -0.17573 0.05177 -0.20521 -0.28249 -0.18300 -0.20262 -0.16717 -0.29993 0.07332 0.40056 -0.21222 -0.70820 0.45803 -0.16007
0.34073 -0.37315 1.80566 -0.36446 0.08151 1.64808 0.26921 -0.17598 0.05270 -0.20478 -0.28186 -0.18155 -0.20286 -0.16445 -0.30314 0.07339 0.39888 -0.21288 -0.70519 0.45466 -0.15758
0.33946 -0.37243 1.80322 -0.36471 0.07898 1.64862 0.26876 -0.17652 0.05289 -0.20511 -0.28224 -0.18047 -0.20407 -0.16298 -0.30574 0.07342 0.39685 -0.21322 -0.70417 0.45141 -0.15460
0.33957 -0.37198 1.80061 -0.36469 0.07813 1.64664 0.26808 -0.17687 0.05241 -0.20541 -0.28304 -0.17750 -0.20349 -0.16208 -0.30665 0.07354 0.39695 -0.21656 -0.70426 0.45011 -0.15397
0.33834 -0.37152 1.79541 -0.36511 0.07647 1.64104 0.26711 -0.17696 0.05211 -0.20507 -0.28247 -0.17698 -0.20350 -0.16149 -0.30740 0.07229 0.39471 -0.21848 -0.70345 0.44799 -0.15437
0.33728 -0.3703 1.79277 -0.36522 0.07625 1.64189 0.26621 -0.17721 0.05120 -0.20504 -0.28247 -0.17674 -0.20392 -0.15987 -0.30889 0.07211 0.39455 -0.21760 -0.70250 0.44655 -0.15088
0.30923 -0.35955 1.7409 -0.35591 0.074 1.60597 0.26065 -0.17461 0.05168 -0.20052 -0.27687 -0.17145 -0.22070 -0.15226 -0.31583 0.07174 0.38596 -0.21366 -0.66514 0.43355 -0.13493
0.33437 -0.35301 1.81141 -0.3736 0.07235 1.68411 0.27399 -0.18459 0.05155 -0.17714 -0.22795 -0.14790 -0.22300 -0.13395 -0.34610 0.04202 0.33721 -0.25859 -0.70797 0.42536 -0.12730
0.30474 -0.31079 1.73682 -0.36298 0.07103 1.64336 0.31028 -0.18047 0.04517 -0.17291 -0.22234 -0.14412 -0.28274 -0.09654 -0.36419 0.04259 0.32958 -0.25257 -0.66772 0.38182 -0.09346
0.29326 -0.27342 1.78439 -0.37651 0.07527 1.72436 0.31189 -0.20802 -0.08569 -0.18027 -0.23327 -0.15169 -0.31084 -0.02970 -0.28778 0.04783 0.34664 -0.26409 -0.66977 0.34869 -0.06003
0.27873 -0.21564 1.81101 -0.38692 0.07567 1.78286 0.24222 -0.20020 -0.08847 -0.18495 -0.24216 -0.15849 -0.26563 0.02100 -0.33527 0.05080 0.35738 -0.27520 -0.66565 0.29131 -0.02815
0.22352 -0.11845 1.7897 -0.38224 0.07474 1.7808 0.20561 -0.19601 -0.17153 -0.18066 -0.24312 -0.15904 -0.28256 0.10778 -0.27376 0.05081 0.35760 -0.27468 -0.60576 0.19319 -0.00890
0.19157 -0.02888 1.74586 -0.36891 0.07299 1.74503 0.17020 -0.18375 -0.24114 -0.17430 -0.23864 -0.15716 -0.27254 0.19174 -0.20504 0.05238 0.35079 -0.26694 -0.56048 0.10187 -0.00083
0.16467 0.11411 1.74072 -0.35823 0.07333 1.72545 0.11502 -0.16100 -0.31002 -0.16845 -0.23645 -0.15587 -0.24422 0.31466 -0.11580 0.05327 0.34852 -0.26163 -0.52290 -0.04078 -0.01527
0.14931 0.15885 1.68532 -0.34141 0.07005 1.66079 0.11315 -0.17320 -0.31723 -0.16069 -0.22721 -0.14961 -0.25092 0.37143 -0.08248 0.05145 0.33443 -0.25032 -0.49072 -0.08880 -0.02453
0.12296 0.21439 1.63767 -0.3295 0.06877 1.61004 0.06557 -0.12119 -0.37629 -0.15542 -0.21961 -0.14449 -0.22293 0.37402 -0.00805 0.04912 0.32439 -0.24342 -0.45246 -0.14562 -0.02763
0.12385 0.26884 1.76272 -0.34871 0.07691 1.71702 0.01265 -0.05204 -0.38433 -0.16472 -0.23262 -0.15359 -0.18882 0.36184 -0.00604 0.05219 0.34738 -0.25716 -0.47256 -0.19193 -0.04570
0.12377 0.2871 1.79999 -0.35216 0.07747 1.73395 -0.00083 -0.03226 -0.39497 -0.16581 -0.23214 -0.15535 -0.17949 0.36060 0.02361 0.05051 0.34737 -0.25692 -0.47593 -0.20963 -0.06604
0.11715 0.29852 1.81734 -0.35435 0.08163 1.7404 -0.00984 -0.02002 -0.39831 -0.16604 -0.23168 -0.15468 -0.17878 0.35975 0.04079 0.04782 0.35088 -0.25450 -0.47150 -0.21689 -0.07694
0.11367 0.29503 1.81921 -0.35653 0.08191 1.74261 -0.01393 -0.01589 -0.39987 -0.16621 -0.23109 -0.15392 -0.17907 0.35209 0.04425 0.04499 0.35042 -0.25331 -0.47020 -0.21312 -0.07660
0.10756 0.28354 1.80714 -0.35856 0.08252 1.7442 -0.01530 -0.01635 -0.40002 -0.16646 -0.23105 -0.15351 -0.18433 0.34112 0.03234 0.04276 0.35099 -0.25231 -0.46612 -0.20102 -0.06294
0.09378 0.2706 1.77815 -0.35853 0.07965 1.73447 -0.01537 -0.03483 -0.39386 -0.16529 -0.23053 -0.15175 -0.19652 0.34639 0.01139 0.03970 0.34734 -0.24989 -0.45231 -0.19095 -0.04368
0.08194 0.2489 1.76828 -0.36351 0.07968 1.74175 0.00851 -0.05976 -0.37258 -0.16505 -0.23223 -0.15107 -0.21121 0.35597 -0.01337 0.03511 0.34933 -0.25076 -0.44545 -0.16922 -0.02653
0.08433 0.16668 1.82041 -0.3791 0.08093 1.80833 0.02427 -0.11183 -0.35349 -0.17050 -0.24153 -0.15664 -0.22596 0.32462 -0.05070 0.03369 0.36146 -0.25962 -0.46343 -0.08575 -0.01208
0.07398 0.09367 1.80078 -0.37653 0.07898 1.77977 0.04258 -0.17951 -0.31425 -0.16726 -0.23831 -0.15368 -0.24876 0.31558 -0.07204 0.02900 0.35572 -0.25448 -0.45051 -0.01469 -0.02101
0.05161 0.04377 1.869 -0.38617 0.0815 1.81994 0.05511 -0.21022 -0.28871 -0.16994 -0.24453 -0.15542 -0.28940 0.29515 -0.07516 0.02739 0.36524 -0.26047 -0.43778 0.03773 -0.04906
0.04283 -0.02092 1.90952 -0.38977 0.0795 1.82151 0.06554 -0.23974 -0.25854 -0.16976 -0.24583 -0.15433 -0.30848 0.25964 -0.06572 0.02391 0.36457 -0.26173 -0.43260 0.10042 -0.08801
0.02931 -0.05206 1.95107 -0.39327 0.0826 1.82389 0.08288 -0.26558 -0.22459 -0.16958 -0.24679 -0.15237 -0.33909 0.25469 -0.05756 0.02040 0.36859 -0.26157 -0.42258 0.13466 -0.12718
0.03061 -0.0733 1.91471 -0.37909 0.07826 1.74219 0.10896 -0.29681 -0.22635 -0.16219 -0.23643 -0.14411 -0.35089 0.26327 0.00846 0.01632 0.35218 -0.25111 -0.40970 0.15156 -0.17252
0.0315 -0.0781 1.98175 -0.39084 0.07934 1.78806 0.09994 -0.28746 -0.20711 -0.16662 -0.24273 -0.14692 -0.34796 0.25042 0.00072 0.01514 0.36060 -0.25816 -0.42234 0.15744 -0.19369
0.03544 -0.07403 1.98481 -0.39537 0.08099 1.79785 0.09715 -0.28259 -0.20608 -0.16778 -0.24469 -0.14602 -0.34312 0.24998 -0.01199 0.01341 0.36448 -0.26407 -0.43081 0.15502 -0.18696
0.05389 -0.05761 1.97433 -0.39912 0.08156 1.81435 0.09419 -0.27681 -0.20967 -0.16943 -0.24694 -0.14733 -0.32415 0.26099 -0.03837 0.01349 0.36764 -0.26600 -0.45301 0.13917 -0.15998
0.06176 0.03462 1.81166 -0.37903 0.07902 1.72677 0.08802 -0.25666 -0.20550 -0.16123 -0.23468 -0.13982 -0.29609 0.33092 -0.09522 0.01336 0.35092 -0.25083 -0.44079 0.04440 -0.08489
0.10155 0.04591 1.78566 -0.38059 0.08113 1.74112 0.09277 -0.25310 -0.21432 -0.16263 -0.23651 -0.14094 -0.26336 0.33908 -0.13011 0.01510 0.35518 -0.25272 -0.48214 0.03522 -0.04454
0.22002 0.02405 1.79008 -0.39595 0.08361 1.80951 0.10358 -0.25279 -0.24002 -0.16875 -0.24508 -0.14572 -0.16664 0.31932 -0.18285 0.01443 0.36763 -0.25791 -0.61597 0.05956 0.01943
0.26362 0.0245 1.77261 -0.39999 0.08272 1.82012 0.13046 -0.23950 -0.22615 -0.16953 -0.24764 -0.14337 -0.13525 0.32363 -0.21001 0.01252 0.36952 -0.26166 -0.66361 0.05822 0.04751
0.30128 0.01209 1.74352 -0.40195 0.08185 1.81784 0.13972 -0.24146 -0.21723 -0.16994 -0.24799 -0.14186 -0.10640 0.31327 -0.24714 0.01103 0.36910 -0.26517 -0.70323 0.06976 0.07432
0.32616 -0.00156 1.7285 -0.40453 0.08232 1.82383 0.14914 -0.24327 -0.20308 -0.17062 -0.24870 -0.14060 -0.09124 0.30141 -0.27942 0.00954 0.37045 -0.26369 -0.73069 0.08388 0.09533
0.33648 -0.01051 1.71439 -0.40434 0.07824 1.81947 0.15474 -0.24628 -0.19171 -0.17026 -0.24860 -0.13973 -0.08599 0.29507 -0.30061 0.00907 0.36634 -0.26499 -0.74082 0.08875 0.10508
0.31781 -0.01795 1.60833 -0.37883 0.07297 1.70882 0.17732 -0.30117 -0.19417 -0.15943 -0.23425 -0.12959 -0.11105 0.33850 -0.27015 0.00902 0.34438 -0.25077 -0.69664 0.09092 0.10049
0.30866 -0.02014 1.61859 -0.37726 0.07073 1.70638 0.17638 -0.30311 -0.19201 -0.15935 -0.23414 -0.12963 -0.11937 0.33749 -0.26224 0.01047 0.34204 -0.25276 -0.68592 0.09087 0.08779
0.29926 -0.01843 1.62475 -0.371 0.07269 1.70066 0.17454 -0.30614 -0.18180 -0.15906 -0.23373 -0.12952 -0.12649 0.34150 -0.26349 0.01604 0.34354 -0.25494 -0.67026 0.09112 0.07591
0.29744 -0.01735 1.62707 -0.36996 0.074 1.70108 0.17353 -0.30771 -0.17909 -0.15898 -0.23364 -0.12965 -0.12733 0.34374 -0.26452 0.01696 0.34478 -0.25393 -0.66740 0.09135 0.07401
0.29598 -0.01686 1.62698 -0.36889 0.07397 1.70108 0.17288 -0.30862 -0.17847 -0.15893 -0.23355 -0.12973 -0.12815 0.34470 -0.26588 0.01794 0.34466 -0.25345 -0.66487 0.09083 0.07410
0.2931 -0.01597 1.62475 -0.36788 0.07563 1.69919 0.17264 -0.30974 -0.17422 -0.15874 -0.23326 -0.12960 -0.13042 0.34655 -0.27037 0.01849 0.34600 -0.25296 -0.66098 0.09160 0.07444
0.28993 -0.01667 1.62557 -0.36807 0.07519 1.6986 0.17251 -0.31027 -0.17352 -0.15868 -0.23314 -0.12955 -0.13330 0.34638 -0.26956 0.01817 0.34546 -0.25285 -0.65800 0.09186 0.07303
0.2846 -0.01433 1.6257 -0.36869 0.07545 1.69749 0.17278 -0.31029 -0.17337 -0.15876 -0.23317 -0.12967 -0.13875 0.34887 -0.27007 0.01772 0.34577 -0.25453 -0.65329 0.08978 0.07179
0.27695 -0.01188 1.62474 -0.36933 0.07362 1.69903 0.17302 -0.31019 -0.17311 -0.15885 -0.23313 -0.13007 -0.14630 0.35153 -0.27161 0.01724 0.34392 -0.25323 -0.64628 0.08550 0.07429
0.26611 -0.0102 1.62087 -0.36818 0.07353 1.69564 0.17410 -0.30912 -0.17247 -0.15870 -0.23262 -0.13060 -0.15691 0.35334 -0.27419 0.01816 0.34331 -0.25524 -0.63429 0.08373 0.07477
0.25132 -0.00592 1.60918 -0.36674 0.07165 1.69315 0.17649 -0.30607 -0.17440 -0.15822 -0.23204 -0.13075 -0.17124 0.35665 -0.27743 0.01865 0.34077 -0.25326 -0.61806 0.07757 0.08397
0.21673 -0.01511 1.59755 -0.37693 0.0707 1.76997 0.12502 -0.21566 -0.30209 -0.16631 -0.24620 -0.14164 -0.15755 0.26758 -0.25318 0.02786 0.35586 -0.26663 -0.59366 0.08581 0.17242
0.20796 -0.02721 1.55002 -0.37573 0.06868 1.77011 0.14215 -0.19815 -0.30839 -0.16627 -0.24770 -0.14326 -0.16304 0.25305 -0.28120 0.02988 0.35553 -0.26891 -0.58369 0.09589 0.22009
0.19516 -0.0425 1.46811 -0.36699 0.06702 1.74481 0.13464 -0.19597 -0.33118 -0.16388 -0.24604 -0.14378 -0.16462 0.23406 -0.31277 0.03394 0.35173 -0.26606 -0.56215 0.10952 0.27670
0.15291 -0.06762 1.37184 -0.35493 0.06274 1.70113 0.10812 -0.20993 -0.34676 -0.15909 -0.24077 -0.14215 -0.18317 0.20174 -0.34192 0.03624 0.34124 -0.25927 -0.50784 0.13036 0.32929
0.134 -0.05458 1.41088 -0.35713 0.06423 1.71526 0.09811 -0.20493 -0.34867 -0.16126 -0.24428 -0.14493 -0.19865 0.20509 -0.31675 0.03809 0.34648 -0.25733 -0.49113 0.11881 0.30438
0.10595 -0.0332 1.4067 -0.34649 0.06622 1.65575 0.08450 -0.19205 -0.33527 -0.17738 -0.29357 -0.16956 -0.20641 0.20981 -0.26112 0.05673 0.39639 -0.21715 -0.45244 0.09942 0.24905
0.08488 -0.01874 1.47648 -0.35032 0.06582 1.66949 0.07736 -0.18795 -0.32232 -0.17890 -0.29603 -0.17184 -0.22348 0.21906 -0.22155 0.05637 0.39880 -0.21842 -0.43520 0.08456 0.19301
0.06437 -0.00067 1.54948 -0.35377 0.06794 1.68018 0.07239 -0.19145 -0.30969 -0.17976 -0.29789 -0.17271 -0.24311 0.23704 -0.17618 0.05522 0.40299 -0.21958 -0.41814 0.06861 0.13070
0.04913 0.01679 1.70313 -0.37194 0.07158 1.77054 0.07122 -0.21722 -0.30743 -0.16969 -0.25768 -0.15967 -0.27667 0.27085 -0.14030 0.03950 0.36841 -0.25520 -0.42107 0.05479 0.06741
0.04025 0.02344 1.76512 -0.37243 0.06807 1.77609 0.06873 -0.22210 -0.30023 -0.16714 -0.25585 -0.15803 -0.28618 0.27955 -0.09478 0.03733 0.36315 -0.25931 -0.41268 0.04463 0.01097
0.03671 0.02973 1.80586 -0.37197 0.06736 1.7792 0.06629 -0.22475 -0.29670 -0.16724 -0.25649 -0.15826 -0.28931 0.28591 -0.06309 0.03838 0.36306 -0.25944 -0.40868 0.03763 -0.02666
0.03218 0.03233 1.72082 -0.35184 0.06682 1.69138 0.05682 -0.21095 -0.27911 -0.17051 -0.28444 -0.15992 -0.27252 0.27109 -0.05748 0.04937 0.38817 -0.23387 -0.38402 0.03449 -0.02944
0.02994 0.03816 1.80756 -0.37256 0.0716 1.79461 0.05831 -0.22385 -0.29692 -0.16423 -0.25418 -0.15519 -0.29215 0.28997 -0.07879 0.03635 0.36473 -0.26184 -0.40250 0.03344 -0.01295
0.01315 0.04544 1.69176 -0.35746 0.07007 1.71899 0.05332 -0.21346 -0.28584 -0.17470 -0.29269 -0.16520 -0.29319 0.28489 -0.11378 0.05154 0.39998 -0.23418 -0.37061 0.02463 0.02723
0.01382 0.0337 1.64206 -0.3584 0.06918 1.71735 0.04427 -0.20632 -0.29443 -0.17540 -0.29312 -0.16567 -0.28294 0.26497 -0.15017 0.05066 0.39939 -0.23009 -0.37222 0.03548 0.07529
0.007 0.01946 1.57372 -0.35664 0.06887 1.70068 0.02532 -0.18974 -0.31132 -0.17586 -0.29191 -0.16539 -0.26812 0.23320 -0.18075 0.05053 0.39742 -0.22620 -0.36364 0.04941 0.12696
-0.00165 0.00792 1.51326 -0.35625 0.06772 1.69033 0.02327 -0.18795 -0.31480 -0.17542 -0.29067 -0.16426 -0.27239 0.21891 -0.22346 0.04893 0.39482 -0.22426 -0.35460 0.05980 0.17707
-0.014 -0.00398 1.46316 -0.359 0.06649 1.67946 0.01557 -0.18193 -0.32773 -0.17499 -0.29039 -0.16487 -0.27177 0.20040 -0.24098 0.04475 0.39330 -0.22309 -0.34500 0.07047 0.21630
-0.03163 -0.01171 1.43983 -0.36235 0.06138 1.67106 0.00818 -0.18012 -0.33575 -0.17495 -0.29131 -0.16493 -0.27757 0.18978 -0.24563 0.04148 0.39002 -0.22559 -0.33072 0.07309 0.23123
-0.10237 -0.01096 1.45697 -0.36563 0.05466 1.648 0.00303 -0.18092 -0.31918 -0.16358 -0.27907 -0.16008 -0.33636 0.18945 -0.22114 0.03381 0.38363 -0.22822 -0.26326 0.06562 0.19103
-0.14779 -0.01239 1.51763 -0.36336 0.06589 1.661 -0.03548 -0.17629 -0.32179 -0.14685 -0.24020 -0.18146 -0.34333 0.18287 -0.18006 0.03361 0.38211 -0.20704 -0.21557 0.07828 0.14337
-0.16731 -0.03565 1.58008 -0.34916 0.06837 1.66191 -0.04403 -0.18513 -0.31535 -0.13929 -0.24357 -0.15855 -0.35004 0.16255 -0.14281 0.04318 0.38872 -0.25459 -0.18185 0.10402 0.08183
-0.28495 0.01512 1.6375 -0.32668 0.03438 1.65927 -0.04625 -0.20618 -0.31108 -0.13366 -0.15482 -0.24693 -0.45367 0.21512 -0.11287 0.06295 0.26565 -0.19257 -0.04173 0.01926 0.02177
-0.28864 0.04223 1.58095 -0.2803 0.03322 1.57787 -0.05808 -0.19988 -0.28535 -0.17400 -0.21276 -0.23731 -0.43546 0.23722 -0.09755 0.13753 0.31850 -0.18462 0.00834 -0.00901 -0.00308
-0.28798 0.05423 1.61357 -0.26809 0.04346 1.60593 -0.06139 -0.19964 -0.28560 -0.18600 -0.19903 -0.23146 -0.43506 0.25325 -0.08999 0.16543 0.31710 -0.19074 0.01989 -0.01077 -0.00764
-0.26366 0.06818 1.62049 -0.36355 0.07757 1.6726 -0.05599 -0.20326 -0.28327 -0.13352 -0.21415 -0.17945 -0.41948 0.27285 -0.10283 0.02090 0.36834 -0.19371 -0.09989 0.00939 0.05211
-0.13355 0.06236 1.59041 -0.37151 0.06789 1.67922 -0.03065 -0.21337 -0.27795 -0.13312 -0.21578 -0.17666 -0.31656 0.28051 -0.13437 0.01336 0.35795 -0.18796 -0.23796 0.00553 0.08881
-0.0231 -0.00625 1.69173 -0.40849 0.07845 1.81941 0.03393 -0.25357 -0.26711 -0.14754 -0.24786 -0.16474 -0.29211 0.25528 -0.20709 0.00718 0.39780 -0.22753 -0.38539 0.08470 0.12768
0.0508 -0.01491 1.66899 -0.41045 0.07756 1.80335 0.04055 -0.25108 -0.26453 -0.14724 -0.24767 -0.15597 -0.22553 0.24462 -0.20879 0.00044 0.39259 -0.22698 -0.46125 0.09247 0.13436
0.11196 -0.02671 1.60277 -0.39788 0.07343 1.73659 0.06415 -0.24842 -0.24813 -0.16242 -0.27657 -0.15207 -0.19373 0.23132 -0.21764 0.01640 0.41191 -0.21203 -0.50984 0.10014 0.13382
0.15768 -0.03234 1.57261 -0.39115 0.07371 1.70579 0.06062 -0.25513 -0.26783 -0.16049 -0.27286 -0.14875 -0.16078 0.23722 -0.21430 0.01530 0.40612 -0.20501 -0.54883 0.10605 0.13318
0.19166 -0.03819 1.57227 -0.38904 0.07392 1.70498 0.09134 -0.27022 -0.24991 -0.16143 -0.27459 -0.14579 -0.15569 0.25104 -0.23003 0.01641 0.40678 -0.20413 -0.58070 0.11211 0.13271
0.21533 -0.04471 1.57492 -0.38294 0.07316 1.70541 0.09967 -0.27045 -0.24914 -0.16329 -0.27619 -0.14479 -0.13795 0.24738 -0.23033 0.02238 0.40597 -0.20467 -0.59827 0.11787 0.13049
0.2253 -0.04748 1.56802 -0.37336 0.07273 1.69677 0.11535 -0.27325 -0.25236 -0.16369 -0.27586 -0.14237 -0.13583 0.25466 -0.23768 0.02938 0.40370 -0.20577 -0.59866 0.12021 0.12875
0.22802 -0.04791 1.56618 -0.36662 0.07362 1.69151 0.11908 -0.27519 -0.25291 -0.16455 -0.27634 -0.14194 -0.13530 0.25757 -0.23906 0.03510 0.40412 -0.20857 -0.59464 0.12153 0.12533
0.22314 -0.04776 1.56651 -0.35909 0.0743 1.69061 0.12155 -0.27460 -0.25494 -0.16443 -0.27673 -0.14092 -0.14149 0.25951 -0.23734 0.04106 0.40443 -0.21035 -0.58223 0.12206 0.12410
0.21905 -0.04523 1.56772 -0.35379 0.07466 1.6884 0.12209 -0.27550 -0.25578 -0.16455 -0.27725 -0.14065 -0.14607 0.26421 -0.23516 0.04523 0.40460 -0.21160 -0.57284 0.11989 0.12068
0.21282 -0.04676 1.54365 -0.34566 0.07485 1.66256 0.08096 -0.27864 -0.28628 -0.16168 -0.27364 -0.13880 -0.14091 0.23777 -0.25505 0.04660 0.40005 -0.21165 -0.55848 0.12161 0.11891
0.20594 -0.0491 1.50348 -0.33419 0.07285 1.61754 0.03846 -0.24959 -0.30671 -0.15759 -0.26649 -0.13514 -0.13101 0.17458 -0.30926 0.04733 0.38927 -0.20672 -0.54013 0.12195 0.11406
0.20326 -0.05028 1.50078 -0.33244 0.07478 1.61552 0.03860 -0.24966 -0.30623 -0.15778 -0.26646 -0.13502 -0.13290 0.17280 -0.31001 0.04883 0.39102 -0.20740 -0.53570 0.12506 0.11474
0.20228 -0.05245 1.4984 -0.33168 0.07235 1.61316 0.03677 -0.24897 -0.30603 -0.15785 -0.26616 -0.13479 -0.13363 0.17287 -0.30585 0.04905 0.38810 -0.20631 -0.53396 0.12480 0.11476
0.20037 -0.05306 1.49856 -0.33253 0.07313 1.61094 0.03478 -0.24992 -0.30584 -0.15839 -0.26648 -0.13518 -0.13633 0.17783 -0.29944 0.04875 0.38912 -0.20941 -0.53290 0.12619 0.11238
0.20121 -0.05379 1.50176 -0.33368 0.0744 1.61474 0.03533 -0.25230 -0.30472 -0.15924 -0.26729 -0.13528 -0.13523 0.18008 -0.29522 0.04878 0.39112 -0.20924 -0.53489 0.12819 0.11298
0.20365 -0.05467 1.50984 -0.33548 0.07162 1.62224 0.03862 -0.25868 -0.30204 -0.16054 -0.26915 -0.13602 -0.13370 0.18649 -0.28775 0.04959 0.39040 -0.21298 -0.53913 0.12629 0.11240
0.20417 -0.05437 1.51129 -0.33627 0.07185 1.62296 0.03759 -0.25856 -0.30255 -0.16076 -0.26943 -0.13600 -0.13202 0.18673 -0.28649 0.04906 0.39088 -0.21328 -0.54044 0.12622 0.11167
0.20721 -0.05656 1.51179 -0.33666 0.07033 1.62137 0.03751 -0.25847 -0.30255 -0.16097 -0.27004 -0.13649 -0.12876 0.18448 -0.28572 0.04869 0.38983 -0.21412 -0.54387 0.12689 0.10958
0.21096 -0.05279 1.52512 -0.33884 0.06944 1.63452 0.05534 -0.26138 -0.30165 -0.16245 -0.27276 -0.13781 -0.12922 0.21234 -0.26558 0.04969 0.39190 -0.21631 -0.54980 0.12223 0.10940
0.21595 -0.05284 1.53533 -0.3399 0.06957 1.64218 0.07458 -0.26645 -0.29560 -0.16329 -0.27435 -0.13868 -0.12899 0.23135 -0.25033 0.05051 0.39380 -0.21827 -0.55585 0.12241 0.10685
0.22349 -0.05525 1.53507 -0.33695 0.06937 1.63811 0.06720 -0.26652 -0.29740 -0.16290 -0.27493 -0.13864 -0.11686 0.20665 -0.27643 0.05282 0.39411 -0.22233 -0.56044 0.12462 0.10304
0.23959 -0.05964 1.53786 -0.33302 0.06916 1.62578 0.07510 -0.27755 -0.28066 -0.16099 -0.27389 -0.13775 -0.10706 0.21156 -0.27804 0.05295 0.39243 -0.22165 -0.57261 0.12880 0.08792
0.24991 -0.06537 1.54628 -0.3329 0.0687 1.62707 0.07725 -0.27971 -0.27835 -0.16071 -0.27505 -0.13810 -0.09930 0.20700 -0.27500 0.05267 0.39306 -0.22161 -0.58281 0.13407 0.08079
0.26228 -0.08061 1.54474 -0.3321 0.06581 1.61682 0.09903 -0.29861 -0.24485 -0.15906 -0.27430 -0.13770 -0.09825 0.21983 -0.27436 0.05020 0.38902 -0.21955 -0.59438 0.14642 0.07208
0.28133 -0.10045 1.53471 -0.3306 0.06372 1.59881 0.11296 -0.31875 -0.20041 -0.15719 -0.27226 -0.13582 -0.08570 0.22997 -0.28634 0.04737 0.38432 -0.21898 -0.61193 0.16417 0.06410
0.32353 -0.13502 1.59744 -0.34688 0.0602 1.66124 0.12714 -0.33792 -0.16300 -0.16225 -0.28357 -0.14123 -0.06796 0.21666 -0.33592 0.04447 0.39392 -0.22544 -0.67041 0.19522 0.06380
0.35497 -0.16678 1.58019 -0.3444 0.05643 1.64028 0.12195 -0.35001 -0.15292 -0.15964 -0.28138 -0.13839 -0.03472 0.21420 -0.31924 0.04154 0.38738 -0.22494 -0.69937 0.22321 0.06009
0.39356 -0.20588 1.57929 -0.34739 0.0494 1.63601 0.12221 -0.35106 -0.14742 -0.15896 -0.28247 -0.13818 0.00142 0.18018 -0.31894 0.03738 0.38132 -0.22516 -0.74095 0.25528 0.05672
0.43567 -0.25357 1.58302 -0.35058 0.04619 1.63317 0.12657 -0.35160 -0.13961 -0.15840 -0.28497 -0.13572 0.03787 0.13520 -0.31961 0.03331 0.38054 -0.22749 -0.78625 0.29976 0.05015
0.55748 -0.3966 1.647 -0.35723 0.02897 1.63482 0.13361 -0.35778 -0.11125 -0.15691 -0.29354 -0.12897 0.15315 -0.00487 -0.29025 0.02546 0.37192 -0.23387 -0.91471 0.42557 -0.01218
0.55446 -0.47665 1.82221 -0.35904 0.02053 1.64839 0.12126 -0.35875 0.04162 -0.15806 -0.30337 -0.12554 0.16044 -0.08505 -0.28942 0.02707 0.37384 -0.24242 -0.91350 0.49718 -0.17382
0.55133 -0.49654 1.77944 -0.34775 0.01076 1.60342 0.06694 -0.34356 0.13760 -0.15158 -0.29887 -0.11920 0.21941 -0.12212 -0.37493 0.02599 0.35836 -0.24022 -0.89908 0.50730 -0.17602
0.56168 -0.5273 1.79167 -0.34437 -0.00127 1.60731 0.07626 -0.35169 0.11969 -0.15297 -0.30747 -0.11365 0.21944 -0.14529 -0.35567 0.02847 0.35320 -0.25052 -0.90605 0.52603 -0.18436
0.57411 -0.55845 1.82559 -0.34218 -0.0161 1.62933 0.09254 -0.36934 0.07441 -0.14917 -0.31759 -0.10803 0.21200 -0.15895 -0.30706 0.03045 0.34969 -0.26264 -0.91629 0.54235 -0.19626
0.57937 -0.57907 1.85161 -0.33652 -0.03496 1.6352 0.10965 -0.36868 0.06751 -0.14482 -0.33003 -0.09718 0.19723 -0.17598 -0.28287 0.03324 0.34377 -0.27915 -0.91589 0.54411 -0.21641
0.59023 -0.6401 1.78749 -0.31611 -0.05303 1.5926 0.10934 -0.35913 0.06731 -0.13527 -0.33102 -0.08214 0.21374 -0.24529 -0.29706 0.03896 0.32556 -0.29030 -0.90634 0.58707 -0.19489
0.58871 -0.63644 1.7901 -0.29967 -0.07684 1.58176 0.10954 -0.35719 0.06707 -0.12579 -0.34046 -0.05780 0.21267 -0.24258 -0.28406 0.04486 0.31083 -0.31618 -0.88838 0.55960 -0.20834
0.59121 -0.64468 1.80139 -0.2806 -0.10151 1.58844 0.11103 -0.36022 0.06718 -0.12170 -0.34388 -0.06071 0.21076 -0.24637 -0.28918 0.06130 0.28964 -0.32301 -0.87181 0.54317 -0.21295
0.59404 -0.65096 1.81872 -0.26191 -0.14113 1.59836 0.11298 -0.36403 0.06613 -0.11801 -0.35153 -0.05735 0.20799 -0.24715 -0.29034 0.07798 0.25733 -0.33615 -0.85595 0.50983 -0.22036
0.59827 -0.66291 1.85987 -0.20965 -0.2234 1.63363 0.11478 -0.37136 0.06646 -0.11885 -0.28259 -0.00806 0.20458 -0.24999 -0.28820 0.12809 0.09945 -0.38754 -0.80792 0.43951 -0.22624
0.57642 -0.64038 1.79509 -0.17778 -0.25417 1.57538 0.11026 -0.35876 0.06280 -0.11313 -0.32724 0.08463 0.19637 -0.24055 -0.27659 0.14624 0.11171 -0.46732 -0.75420 0.38621 -0.21971
0.58087 -0.6482 1.81706 -0.16725 -0.29522 1.59858 0.11127 -0.36302 0.06219 -0.10685 -0.32685 0.07689 0.19631 -0.24295 -0.27622 0.15537 0.07289 -0.45837 -0.74812 0.35298 -0.21848
0.57665 -0.64679 1.8045 -0.13677 -0.37931 1.61633 0.11012 -0.36230 0.05942 -0.09861 -0.36821 -0.04800 0.19388 -0.24135 -0.27622 0.17485 0.02869 -0.30774 -0.71342 0.26748 -0.18817
0.58707 -0.65933 1.84049 -0.1439 -0.40697 1.65846 0.11218 -0.36944 0.05972 -0.09591 -0.32447 0.07244 0.19667 -0.24502 -0.27796 0.16796 -0.04334 -0.42497 -0.73097 0.25236 -0.18203
0.58386 -0.6564 1.82979 -0.13891 -0.40802 1.64581 0.11111 -0.36782 0.05964 -0.08504 -0.37103 -0.06049 0.19546 -0.24297 -0.27772 0.16004 0.00120 -0.29572 -0.72277 0.24838 -0.18398
0.60121 -0.67028 1.83199 -0.14725 -0.42961 1.68456 0.11256 -0.37341 0.05804 -0.09712 -0.32510 0.06721 0.20734 -0.25039 -0.30180 0.16618 -0.06622 -0.41193 -0.74846 0.24067 -0.14743
0.58447 -0.65536 1.79075 -0.09283 -0.362 1.57395 0.10910 -0.36528 0.05525 -0.08915 -0.37004 -0.07241 0.20020 -0.24416 -0.29145 0.20692 0.04499 -0.33610 -0.67730 0.29336 -0.21680
0.59312 -0.6654 1.82405 -0.1503 -0.43182 1.67426 0.11117 -0.37243 0.05390 -0.09688 -0.32137 0.05569 0.20123 -0.24557 -0.29317 0.16041 -0.07315 -0.39989 -0.74342 0.23358 -0.14979
0.61563 -0.69134 1.88984 -0.14987 -0.43877 1.7333 0.11490 -0.38624 0.05606 -0.11863 -0.38376 -0.05140 0.20921 -0.25545 -0.30536 0.19004 -0.01671 -0.30823 -0.76550 0.25257 -0.15654
0.58309 -0.65394 1.78698 -0.15093 -0.43015 1.63942 0.10816 -0.36485 0.05219 -0.12086 -0.33761 -0.02615 0.19898 -0.24168 -0.28777 0.17889 -0.05659 -0.31357 -0.73402 0.22379 -0.14756
0.57779 -0.6516 1.80704 -0.15425 -0.43012 1.63862 0.10814 -0.36569 0.05242 -0.12161 -0.33856 -0.02609 0.19264 -0.23815 -0.27284 0.17653 -0.05585 -0.31916 -0.73204 0.22148 -0.16842
0.61347 -0.69165 1.91638 -0.17103 -0.4453 1.73438 0.11454 -0.38766 0.05605 -0.09947 -0.30748 0.03801 0.20500 -0.25304 -0.28913 0.14970 -0.10029 -0.40671 -0.78450 0.24635 -0.18200
]
