classifier_Man_weaves_and_bumps_into_fence_24104 [ 0.52603 -0.74387 1.96223 -0.16483 -0.63574 1.81555 0.06941 -0.34503 0.00213 -0.10078 -0.32878 0.04341 0.19039 -0.33697 -0.25097 0.18907 -0.28267 -0.36427 -0.69086 0.10813 -0.14668
0.52731 -0.74395 1.96314 -0.16417 -0.63506 1.81487 0.06934 -0.34441 0.00247 -0.10021 -0.32851 0.04345 0.19198 -0.33764 -0.24961 0.18962 -0.28210 -0.36528 -0.69148 0.10889 -0.14827
0.52633 -0.74067 1.96677 -0.16346 -0.63121 1.81434 0.06929 -0.34413 0.00323 -0.09928 -0.32829 0.04314 0.19123 -0.33461 -0.24696 0.18994 -0.27836 -0.36670 -0.68979 0.10946 -0.15243
0.52741 -0.74234 1.97561 -0.16323 -0.62877 1.81271 0.06892 -0.34401 0.00415 -0.09875 -0.32698 0.04321 0.19285 -0.33632 -0.24011 0.19006 -0.27716 -0.36956 -0.69064 0.11357 -0.16290
0.53194 -0.73727 1.97417 -0.16311 -0.62216 1.80595 0.06846 -0.34394 0.01110 -0.09782 -0.32566 0.04300 0.19844 -0.33126 -0.24634 0.18949 -0.27185 -0.37496 -0.69505 0.11511 -0.16822
0.52378 -0.72533 2.00086 -0.16512 -0.61447 1.8104 0.06685 -0.34810 0.02275 -0.10188 -0.32637 0.03475 0.19061 -0.31459 -0.24452 0.18939 -0.26332 -0.38300 -0.68890 0.11086 -0.19046
0.55409 -0.72834 2.00915 -0.17509 -0.59797 1.81158 0.06367 -0.34847 0.03886 -0.10218 -0.32590 0.03509 0.22257 -0.31665 -0.26846 0.18221 -0.24695 -0.39702 -0.72918 0.13037 -0.19757
0.57163 -0.71163 1.9804 -0.19392 -0.55627 1.81532 0.06026 -0.34500 0.06880 -0.10304 -0.31975 0.03337 0.24499 -0.30377 -0.31929 0.16397 -0.21113 -0.38354 -0.76555 0.15536 -0.16508
0.50107 -0.5624 1.88374 -0.17013 -0.49916 1.70032 0.05912 -0.32173 0.07662 -0.10443 -0.29579 0.02363 0.18886 -0.18115 -0.31746 0.17475 -0.17881 -0.38860 -0.67120 0.06324 -0.18342
0.46318 -0.49586 1.82596 -0.20495 -0.43898 1.71618 0.06641 -0.30720 0.08695 -0.11740 -0.28219 0.00318 0.14210 -0.12923 -0.40433 0.15345 -0.13206 -0.37129 -0.66813 0.05688 -0.10978
0.41416 -0.46588 1.89235 -0.21491 -0.40809 1.77802 0.07992 -0.30356 0.08661 -0.13620 -0.27874 -0.02157 0.06847 -0.10091 -0.43565 0.17176 -0.10389 -0.38023 -0.62907 0.05779 -0.11433
0.33549 -0.35413 1.88593 -0.21696 -0.36244 1.80589 0.11369 -0.28045 0.07286 -0.15409 -0.27725 -0.05252 -0.05095 -0.01080 -0.49044 0.19331 -0.05951 -0.38145 -0.55245 -0.00831 -0.08004
0.26336 -0.28906 1.80806 -0.19791 -0.29932 1.73064 0.14643 -0.26474 0.03454 -0.15862 -0.25822 -0.08043 -0.13573 0.02613 -0.46033 0.20773 -0.01709 -0.36032 -0.46127 -0.01026 -0.07742
0.21971 -0.24021 1.84361 -0.18602 -0.2481 1.75588 0.13883 -0.26935 -0.11255 -0.15856 -0.23938 -0.15448 -0.17808 0.08093 -0.33448 0.22481 0.01517 -0.31707 -0.40573 -0.00789 -0.08773
0.17293 -0.18897 1.85683 -0.17222 -0.20356 1.77341 0.13181 -0.26473 -0.16754 -0.15044 -0.23712 -0.20429 -0.22268 0.12807 -0.31286 0.23523 0.05728 -0.29535 -0.34515 -0.01459 -0.08342
0.11115 -0.13309 1.75655 -0.14769 -0.14996 1.69426 0.13574 -0.25953 -0.22056 -0.13315 -0.22756 -0.25890 -0.26998 0.16457 -0.27409 0.23257 0.09868 -0.23563 -0.25884 -0.01687 -0.06229
0.04945 -0.07582 1.59904 0.06951 -0.09472 1.61962 0.05481 -0.18062 -0.33721 -0.10199 -0.20097 -0.30398 -0.23448 0.13742 -0.17888 0.40377 0.12447 -0.13276 0.02006 -0.01890 0.02058
-0.05945 -0.05396 1.55242 0.01581 -0.05803 1.56749 0.05945 -0.16998 -0.33749 -0.10728 -0.20613 -0.31008 -0.34308 0.14775 -0.18715 0.35079 0.16454 -0.14263 0.07526 -0.00407 0.01507
-0.11676 -0.03039 1.54207 0.07828 -0.00431 1.58186 0.12451 -0.15963 -0.34996 -0.09208 -0.16004 -0.35993 -0.43038 0.11786 -0.22072 0.39946 0.17215 -0.09107 0.19504 0.02608 0.03979
0.11305 0.00222 1.66884 0.00562 -4E-05 1.65956 0.16341 -0.15799 -0.35885 -0.10007 -0.16802 -0.37749 -0.23598 0.16206 -0.18192 0.34645 0.18546 -0.09953 -0.10743 -0.00226 -0.00928
0.21096 -0.01171 1.71801 -0.12506 -0.00471 1.68221 0.21383 -0.09255 -0.22074 -0.12292 -0.17033 -0.37767 -0.21302 0.18895 -0.25071 0.24082 0.18511 -0.11293 -0.33602 0.00700 -0.03580
0.25201 -0.02289 1.73167 -0.20341 -0.0293 1.68857 0.23528 -0.11232 -0.18350 -0.16266 -0.16995 -0.34136 -0.19158 0.19135 -0.27584 0.19694 0.16609 -0.14170 -0.45542 -0.00641 -0.04310
0.37192 -0.08018 1.72748 -0.28042 -0.04194 1.67695 0.26526 -0.16285 -0.06264 -0.25483 -0.17631 -0.19803 -0.10090 0.17246 -0.34057 0.20490 0.15881 -0.23144 -0.65234 0.03824 -0.05053
0.43125 -0.10773 1.85641 -0.41871 -0.05506 1.80125 0.26799 -0.19944 -0.04151 -0.28745 -0.18535 -0.17673 -0.06651 0.17247 -0.37654 0.11448 0.15621 -0.26155 -0.84996 0.05267 -0.05516
0.42167 -0.11945 1.76384 -0.42719 -0.02915 1.70939 0.24705 -0.20374 -0.01694 -0.33243 -0.21163 -0.11454 -0.04402 0.15674 -0.36504 0.13938 0.20700 -0.28828 -0.84886 0.09030 -0.05445
0.41374 -0.1273 1.72556 -0.44017 0.01461 1.67776 0.26420 -0.24843 -0.00444 -0.32196 -0.21251 -0.09858 -0.06429 0.18953 -0.35725 0.12507 0.25242 -0.27718 -0.85391 0.14191 -0.04780
0.38431 -0.14505 1.72413 -0.4829 0.03993 1.77814 0.24156 -0.26304 0.00015 -0.30723 -0.18940 -0.11017 -0.06918 0.18436 -0.34126 0.07086 0.25253 -0.14662 -0.86721 0.18498 0.05401
0.39013 -0.14947 1.81528 -0.4588 0.19581 1.81947 0.24424 -0.28940 -0.00769 -0.26603 -0.13870 -0.11268 -0.07684 0.20850 -0.34659 0.06472 0.35827 -0.20651 -0.84893 0.34528 0.00419
0.37431 -0.15065 1.81103 -0.46626 0.18278 1.81372 0.23684 -0.29762 -0.01525 -0.25899 -0.21221 -0.09527 -0.08484 0.21447 -0.33980 0.05250 0.41717 -0.22662 -0.84057 0.33343 0.00269
0.36053 -0.15009 1.8128 -0.47578 0.11453 1.79812 0.22635 -0.31263 -0.01917 -0.24294 -0.22060 -0.09398 -0.08838 0.22953 -0.33765 0.02830 0.35710 -0.24679 -0.83631 0.26462 -0.01468
0.35885 -0.15536 1.86399 -0.49265 0.02603 1.8108 0.22535 -0.32918 -0.03158 -0.23762 -0.22465 -0.09151 -0.09626 0.23693 -0.33815 0.01066 0.27350 -0.29699 -0.85150 0.18139 -0.05319
0.33478 -0.15096 1.77787 -0.46987 -0.06678 1.70597 0.20962 -0.31971 -0.03743 -0.21761 -0.30535 -0.03260 -0.09452 0.22649 -0.31532 -0.00096 0.26059 -0.35894 -0.80465 0.08418 -0.07190
0.32379 -0.15218 1.75059 -0.47122 -0.11638 1.65348 0.20423 -0.31544 -0.03860 -0.20915 -0.29845 -0.03413 -0.09673 0.22023 -0.30875 -0.01195 0.20532 -0.38019 -0.79501 0.03580 -0.09711
0.31901 -0.15185 1.74776 -0.47183 -0.11541 1.65136 0.20336 -0.31485 -0.03950 -0.20056 -0.29818 -0.03180 -0.10025 0.22001 -0.30798 -0.01888 0.20795 -0.38356 -0.79084 0.03644 -0.09640
0.31788 -0.15151 1.75927 -0.47455 -0.09539 1.66678 0.20209 -0.30398 -0.05371 -0.19839 -0.30055 -0.03222 -0.10114 0.20988 -0.29295 -0.02097 0.23153 -0.37899 -0.79243 0.05612 -0.09249
0.31684 -0.15132 1.76736 -0.47649 -0.07762 1.67838 0.20364 -0.30021 -0.06116 -0.20146 -0.30418 -0.03556 -0.10474 0.20664 -0.28781 -0.02081 0.25321 -0.37472 -0.79333 0.07370 -0.08898
0.31102 -0.15455 1.76272 -0.47661 -0.05484 1.67344 0.20498 -0.30147 -0.06026 -0.20497 -0.30353 -0.03916 -0.11179 0.20471 -0.29528 -0.01803 0.27553 -0.37818 -0.78763 0.09971 -0.08928
0.31006 -0.15572 1.76285 -0.47625 -0.054 1.67217 0.20452 -0.30087 -0.06203 -0.20732 -0.30321 -0.04083 -0.11232 0.20306 -0.29566 -0.01585 0.27614 -0.38015 -0.78631 0.10172 -0.09068
0.30953 -0.15751 1.77174 -0.47941 -0.05168 1.6806 0.20237 -0.30057 -0.06805 -0.20611 -0.29968 -0.04765 -0.11176 0.20147 -0.29429 -0.01382 0.27549 -0.37769 -0.78894 0.10583 -0.09114
0.30686 -0.16004 1.76824 -0.47893 -0.05248 1.68021 0.19912 -0.30030 -0.07034 -0.20391 -0.29962 -0.04852 -0.11087 0.19878 -0.29647 -0.01202 0.27476 -0.37756 -0.78579 0.10756 -0.08803
0.30524 -0.16029 1.7716 -0.47911 -0.05323 1.68098 0.19593 -0.30026 -0.07276 -0.20283 -0.29895 -0.04951 -0.10906 0.19860 -0.29159 -0.01075 0.27429 -0.37678 -0.78435 0.10706 -0.09062
0.29835 -0.16409 1.77761 -0.48613 -0.04985 1.68951 0.19235 -0.29855 -0.08023 -0.20492 -0.29671 -0.05484 -0.11292 0.19343 -0.28831 -0.01228 0.27647 -0.37290 -0.78448 0.11424 -0.08810
0.29762 -0.16064 1.78106 -0.48828 -0.04762 1.69436 0.19151 -0.29797 -0.08267 -0.20579 -0.29495 -0.05722 -0.11283 0.19643 -0.28668 -0.01150 0.27764 -0.36984 -0.78590 0.11302 -0.08670
0.29714 -0.16009 1.78137 -0.48973 -0.04675 1.69416 0.19118 -0.29783 -0.08368 -0.20623 -0.29354 -0.05845 -0.11287 0.19690 -0.28749 -0.01114 0.27751 -0.37077 -0.78687 0.11334 -0.08721
0.29638 -0.15999 1.78172 -0.49093 -0.04456 1.69766 0.19165 -0.29798 -0.08514 -0.20728 -0.29220 -0.06156 -0.11423 0.19724 -0.28951 -0.00991 0.27875 -0.36784 -0.78731 0.11543 -0.08406
0.29622 -0.15978 1.78099 -0.49117 -0.04542 1.69775 0.19156 -0.29740 -0.08655 -0.20734 -0.29174 -0.06178 -0.11406 0.19684 -0.28943 -0.00913 0.27769 -0.36781 -0.78739 0.11436 -0.08324
0.29391 -0.16409 1.77802 -0.49154 -0.04498 1.69849 0.19094 -0.29535 -0.09044 -0.20742 -0.29161 -0.06197 -0.11568 0.19046 -0.28991 -0.00853 0.27818 -0.36813 -0.78545 0.11911 -0.07953
0.2892 -0.16875 1.76334 -0.48854 -0.04435 1.68881 0.19002 -0.29285 -0.09233 -0.20682 -0.28929 -0.06319 -0.11819 0.18293 -0.29206 -0.00715 0.27629 -0.36633 -0.77774 0.12440 -0.07453
0.27858 -0.17672 1.72504 -0.47986 -0.04398 1.65864 0.17763 -0.28639 -0.01588 -0.20334 -0.28367 -0.06298 -0.11227 0.16735 -0.36881 -0.00645 0.27050 -0.35962 -0.75844 0.13274 -0.06640
0.27382 -0.18759 1.7186 -0.47888 -0.04254 1.65872 0.17772 -0.28674 -0.01489 -0.21060 -0.28479 -0.06376 -0.11683 0.15672 -0.37600 -0.00512 0.27173 -0.35939 -0.75270 0.14505 -0.05988
0.26525 -0.19809 1.69555 -0.47513 -0.04216 1.64555 0.17273 -0.27452 -0.01325 -0.20820 -0.28263 -0.06410 -0.11859 0.13345 -0.38570 -0.00418 0.26965 -0.35769 -0.74038 0.15593 -0.05000
0.26083 -0.20412 1.68636 -0.47315 -0.04275 1.64235 0.16890 -0.26656 -0.01185 -0.20673 -0.28160 -0.06416 -0.11824 0.11917 -0.38904 -0.00348 0.26793 -0.35360 -0.73398 0.16137 -0.04401
0.25696 -0.20591 1.686 -0.47251 -0.04462 1.64255 0.16837 -0.26539 -0.01042 -0.20633 -0.28181 -0.06453 -0.12161 0.11609 -0.39281 -0.00205 0.26618 -0.35475 -0.72947 0.16129 -0.04345
0.25671 -0.20223 1.75461 -0.48916 -0.05036 1.70887 0.17454 -0.27468 -0.01110 -0.21445 -0.29402 -0.06761 -0.13644 0.13118 -0.40831 0.00086 0.27376 -0.36888 -0.74587 0.15187 -0.04574
0.23272 -0.16958 1.71693 -0.47726 -0.05365 1.67688 0.16550 -0.26655 -0.02644 -0.21079 -0.29166 -0.06332 -0.14704 0.15397 -0.39049 0.00464 0.26754 -0.36506 -0.70998 0.11593 -0.04005
0.16039 0.02203 1.76701 -0.47485 -0.07346 1.71703 0.13190 -0.18870 -0.22702 -0.22504 -0.30383 -0.06461 -0.18559 0.28066 -0.19604 0.02145 0.25867 -0.38725 -0.63524 -0.09549 -0.04998
0.12554 0.10466 1.75152 -0.46314 -0.07725 1.70816 0.12004 -0.14073 -0.27129 -0.22177 -0.30395 -0.06171 -0.20448 0.31824 -0.15407 0.02911 0.25396 -0.39022 -0.58868 -0.18191 -0.04336
0.07621 0.22656 1.63886 -0.43075 -0.0725 1.6215 0.11614 -0.12715 -0.27694 -0.20939 -0.28850 -0.05852 -0.23828 0.42400 -0.15035 0.03445 0.24142 -0.37083 -0.50696 -0.29906 -0.01736
0.05869 0.28921 1.73697 -0.44189 -0.07348 1.69423 0.03368 0.04827 -0.35842 -0.22468 -0.30352 -0.06311 -0.18209 0.31478 -0.06496 0.04335 0.25439 -0.38823 -0.50058 -0.36269 -0.04274
0.04547 0.32505 1.76239 -0.43555 -0.06748 1.68751 0.02772 0.07221 -0.36281 -0.22199 -0.30236 -0.06364 -0.18879 0.32638 -0.03125 0.04650 0.25796 -0.39049 -0.48102 -0.39253 -0.07488
0.04116 0.33911 1.78628 -0.43131 -0.06359 1.67813 0.01957 0.10780 -0.36789 -0.21886 -0.30006 -0.06535 -0.18373 0.30420 0.00816 0.04607 0.25848 -0.38798 -0.47247 -0.40270 -0.10815
0.01547 0.41833 1.8724 -0.43071 -0.05856 1.68493 0.01446 0.14070 -0.36113 -0.22352 -0.30115 -0.07308 -0.20438 0.34910 0.08719 0.04644 0.26449 -0.37484 -0.44618 -0.47689 -0.18747
0.01453 0.41767 1.89988 -0.43401 -0.05736 1.69601 0.01424 0.14673 -0.36108 -0.22742 -0.30271 -0.07435 -0.20617 0.34131 0.10384 0.04538 0.26737 -0.37383 -0.44854 -0.47503 -0.20387
0.01318 0.41608 1.91385 -0.43769 -0.05525 1.70353 0.01473 0.14849 -0.36122 -0.22892 -0.30240 -0.07586 -0.20886 0.33715 0.11207 0.04205 0.26923 -0.37089 -0.45087 -0.47133 -0.21032
0.01915 0.38829 1.90514 -0.44128 -0.05306 1.70658 0.01616 0.14733 -0.36124 -0.23027 -0.30260 -0.07620 -0.20485 0.30933 0.10090 0.03872 0.27170 -0.36984 -0.46043 -0.44135 -0.19856
0.02119 0.36701 1.90057 -0.44678 -0.05328 1.71395 0.02384 0.13901 -0.35989 -0.23038 -0.30397 -0.07658 -0.21095 0.29615 0.09035 0.03453 0.27304 -0.36672 -0.46797 -0.42029 -0.18662
0.03833 0.32435 1.89776 -0.45604 -0.05518 1.73004 0.04509 0.10418 -0.35342 -0.23297 -0.30688 -0.07753 -0.21700 0.28880 0.06236 0.02948 0.27430 -0.36882 -0.49437 -0.37953 -0.16772
0.05583 0.28979 1.90679 -0.46476 -0.05795 1.74405 0.05830 0.06945 -0.34078 -0.23623 -0.31158 -0.07829 -0.21426 0.28936 0.04489 0.02532 0.27651 -0.36814 -0.52059 -0.34774 -0.16274
0.0976 0.20899 1.82685 -0.45876 -0.05606 1.70476 0.11028 -0.03464 -0.30920 -0.22941 -0.30680 -0.07163 -0.21925 0.31124 -0.01175 0.02069 0.27367 -0.36005 -0.55636 -0.26505 -0.12209
0.17499 0.0822 1.83601 -0.47641 -0.06191 1.752 0.14957 -0.12733 -0.25738 -0.23640 -0.31546 -0.07331 -0.18592 0.27947 -0.11082 0.01654 0.27710 -0.36766 -0.65140 -0.14411 -0.08401
0.22082 0.01308 1.82014 -0.48016 -0.06397 1.74702 0.16488 -0.19435 -0.19969 -0.23684 -0.31542 -0.07391 -0.15413 0.27766 -0.17849 0.01279 0.27511 -0.36619 -0.70098 -0.07705 -0.07312
0.26541 -0.06231 1.80425 -0.48238 -0.06895 1.74045 0.16580 -0.23409 -0.15018 -0.23810 -0.31628 -0.07269 -0.10931 0.24096 -0.23985 0.01149 0.27112 -0.36882 -0.74779 -0.00664 -0.06380
0.28766 -0.12786 1.70672 -0.46045 -0.07018 1.66289 0.16187 -0.27698 -0.07261 -0.23060 -0.30646 -0.06874 -0.07250 0.20637 -0.32018 0.01445 0.25914 -0.35008 -0.74811 0.05768 -0.04383
0.30757 -0.19699 1.65693 -0.44942 -0.07564 1.62546 0.15343 -0.35013 -0.02248 -0.22714 -0.30116 -0.06636 -0.04089 0.20759 -0.37695 0.01688 0.24806 -0.34394 -0.75699 0.12135 -0.03147
0.3199 -0.24282 1.65066 -0.44313 -0.07829 1.61935 0.14538 -0.34581 -0.00059 -0.22820 -0.30340 -0.06226 -0.02077 0.15834 -0.39559 0.02323 0.24765 -0.34407 -0.76303 0.16453 -0.03131
0.32456 -0.27104 1.67287 -0.44161 -0.08276 1.63262 0.14115 -0.34520 0.01038 -0.23105 -0.30690 -0.06262 -0.01393 0.13002 -0.40225 0.02955 0.24697 -0.34633 -0.76617 0.18828 -0.04025
0.32337 -0.27338 1.68285 -0.43696 -0.08517 1.62684 0.13708 -0.34365 0.01693 -0.22268 -0.30592 -0.06368 -0.01150 0.12630 -0.39834 0.03496 0.24497 -0.35001 -0.76033 0.18821 -0.05601
0.32625 -0.26472 1.70285 -0.43374 -0.08359 1.63942 0.13786 -0.34830 0.01731 -0.22600 -0.30816 -0.06381 -0.01164 0.14077 -0.39149 0.04167 0.24901 -0.34965 -0.75999 0.18113 -0.06343
0.3297 -0.25093 1.71131 -0.43133 -0.08094 1.64574 0.13816 -0.34982 0.01950 -0.22325 -0.30831 -0.06554 -0.00996 0.15683 -0.39251 0.04570 0.25246 -0.34967 -0.76103 0.16999 -0.06557
0.33078 -0.23567 1.70608 -0.42593 -0.08063 1.63795 0.14455 -0.35531 0.01795 -0.22405 -0.30690 -0.06563 -0.01530 0.17777 -0.38791 0.04898 0.25127 -0.34847 -0.75671 0.15504 -0.06813
0.33334 -0.22397 1.70878 -0.42253 -0.07847 1.64235 0.15073 -0.35737 0.02809 -0.22536 -0.30708 -0.06705 -0.02032 0.19182 -0.39985 0.05265 0.25345 -0.34580 -0.75587 0.14550 -0.06643
0.33314 -0.21552 1.70381 -0.41807 -0.07629 1.63823 0.15110 -0.35638 0.02472 -0.22563 -0.30630 -0.06743 -0.02112 0.19928 -0.39646 0.05546 0.25459 -0.34399 -0.75121 0.13923 -0.06558
0.33296 -0.21135 1.70335 -0.41568 -0.07501 1.63758 0.15136 -0.35620 0.02067 -0.22602 -0.30582 -0.06819 -0.02206 0.20320 -0.39145 0.05677 0.25522 -0.34166 -0.74864 0.13634 -0.06577
0.33359 -0.21215 1.71035 -0.41711 -0.07423 1.64362 0.15161 -0.35740 0.01174 -0.22724 -0.30702 -0.06956 -0.02323 0.20383 -0.38546 0.05662 0.25712 -0.34315 -0.75070 0.13792 -0.06673
0.333 -0.21432 1.70904 -0.41621 -0.07142 1.64437 0.15104 -0.35741 0.01074 -0.22741 -0.30710 -0.07083 -0.02364 0.20172 -0.38676 0.05688 0.25988 -0.34203 -0.74921 0.14290 -0.06467
0.33112 -0.21669 1.70952 -0.4162 -0.07344 1.64726 0.15003 -0.35748 0.01034 -0.22738 -0.30733 -0.07234 -0.02484 0.19950 -0.38733 0.05642 0.25802 -0.33887 -0.74732 0.14325 -0.06226
0.34787 -0.2321 1.80888 -0.44154 -0.07907 1.74319 0.12783 -0.30349 -0.00768 -0.24072 -0.32558 -0.07730 0.00176 0.13363 -0.39308 0.05834 0.27197 -0.35921 -0.78941 0.15303 -0.06569
0.32896 -0.22215 1.71652 -0.41926 -0.07249 1.65587 0.13677 -0.35899 0.00320 -0.22846 -0.30927 -0.07302 -0.01521 0.19599 -0.38489 0.05477 0.26082 -0.34079 -0.74822 0.14966 -0.06065
0.32772 -0.22444 1.71736 -0.42027 -0.07301 1.65541 0.13654 -0.35937 0.00243 -0.22816 -0.30893 -0.07326 -0.01635 0.19417 -0.38354 0.05309 0.25991 -0.34123 -0.74799 0.15143 -0.06195
0.32603 -0.22434 1.7181 -0.42186 -0.07167 1.65551 0.13593 -0.36399 -0.01132 -0.22796 -0.30856 -0.07514 -0.01801 0.19567 -0.38233 0.05110 0.26079 -0.34105 -0.74789 0.15267 -0.06259
0.33938 -0.23367 1.79305 -0.43851 -0.075 1.73114 0.12180 -0.32158 -0.02621 -0.23781 -0.32147 -0.08047 0.00019 0.14532 -0.38976 0.05482 0.27129 -0.35210 -0.77789 0.15867 -0.06191
0.32539 -0.22871 1.79533 -0.43746 -0.07761 1.72979 0.12005 -0.32043 -0.02685 -0.23807 -0.32167 -0.08083 -0.01246 0.15010 -0.38787 0.05624 0.26888 -0.35604 -0.76285 0.15110 -0.06554
0.31297 -0.22447 1.78059 -0.43233 -0.07742 1.71795 0.11764 -0.31722 -0.02675 -0.23603 -0.31892 -0.08052 -0.02074 0.15134 -0.38315 0.05705 0.26611 -0.35061 -0.74530 0.14705 -0.06264
0.29858 -0.22313 1.78528 -0.43317 -0.07782 1.72382 0.11479 -0.31805 -0.02902 -0.23662 -0.32069 -0.08355 -0.03300 0.15390 -0.38225 0.05737 0.26750 -0.34858 -0.73175 0.14531 -0.06146
0.26758 -0.2107 1.73614 -0.42116 -0.07796 1.67729 0.10794 -0.31572 -0.03883 -0.22965 -0.31201 -0.08241 -0.05139 0.16261 -0.36292 0.05558 0.25803 -0.33988 -0.68874 0.13274 -0.05885
0.2351 -0.20115 1.72355 -0.4185 -0.08105 1.67331 0.10628 -0.32407 -0.04684 -0.22904 -0.31138 -0.08242 -0.08145 0.18016 -0.36134 0.05698 0.25430 -0.33946 -0.65360 0.12010 -0.05024
0.1972 -0.18353 1.71217 -0.41714 -0.0867 1.6786 0.08360 -0.33681 -0.13530 -0.22917 -0.31241 -0.08218 -0.09415 0.19992 -0.29584 0.05911 0.24981 -0.34116 -0.61434 0.09683 -0.03357
0.15348 -0.15727 1.65024 -0.40408 -0.08721 1.64035 0.08142 -0.36658 -0.09995 -0.21840 -0.30428 -0.08218 -0.13027 0.25518 -0.34071 0.06035 0.24164 -0.33252 -0.55756 0.07006 -0.00989
0.11295 -0.12036 1.58612 -0.39271 -0.08851 1.59802 0.06046 -0.34810 -0.14785 -0.21336 -0.29746 -0.07921 -0.14612 0.27401 -0.30967 0.06052 0.23325 -0.33485 -0.50566 0.03185 0.01190
0.08314 -0.09967 1.57572 -0.39466 -0.09102 1.61923 0.02848 -0.32760 -0.22037 -0.21048 -0.29984 -0.08672 -0.14822 0.27880 -0.27090 0.06286 0.23456 -0.33619 -0.47780 0.00865 0.04351
0.02107 -0.07221 1.59312 -0.4114 -0.08684 1.71927 -0.02996 -0.21923 -0.29005 -0.22217 -0.31820 -0.09618 -0.16240 0.20409 -0.30423 0.07205 0.25890 -0.35524 -0.43247 -0.01463 0.12615
-0.01006 -0.06735 1.52776 -0.39922 -0.08352 1.66756 -0.03582 -0.20885 -0.28839 -0.21557 -0.31061 -0.09474 -0.18105 0.19745 -0.31198 0.06978 0.25369 -0.35412 -0.38916 -0.01617 0.13980
-0.04076 -0.06816 1.53592 -0.40239 -0.08232 1.67984 -0.04866 -0.20248 -0.30560 -0.21572 -0.31669 -0.10289 -0.19853 0.19082 -0.30401 0.06823 0.26096 -0.35669 -0.36163 -0.01416 0.14392
-0.06953 -0.07228 1.5559 -0.40294 -0.08066 1.68372 -0.04913 -0.20371 -0.30400 -0.21348 -0.31827 -0.11010 -0.22623 0.18704 -0.28680 0.06570 0.26427 -0.35006 -0.33341 -0.00838 0.12782
-0.09825 -0.07945 1.59813 -0.40559 -0.07777 1.69645 -0.05082 -0.20650 -0.30230 -0.21433 -0.32071 -0.11192 -0.25307 0.18245 -0.25431 0.06522 0.26974 -0.34648 -0.30734 0.00168 0.09832
-0.11967 -0.0932 1.6521 -0.41012 -0.07621 1.70004 -0.05415 -0.21210 -0.29504 -0.21503 -0.32322 -0.11796 -0.27127 0.17457 -0.21715 0.06298 0.27398 -0.34861 -0.29045 0.01699 0.04794
-0.13507 -0.10204 1.6302 -0.39522 -0.07282 1.6333 -0.01745 -0.31357 -0.24756 -0.20626 -0.31074 -0.11450 -0.30198 0.25267 -0.18458 0.05916 0.26385 -0.33145 -0.26015 0.02922 0.00310
-0.1777 -0.10824 1.71546 -0.40256 -0.07506 1.64888 -0.03622 -0.31721 -0.25504 -0.21043 -0.31543 -0.12712 -0.32922 0.25325 -0.11750 0.05975 0.26614 -0.32768 -0.22486 0.03318 -0.06658
-0.18578 -0.11706 1.71577 -0.40086 -0.0743 1.63555 -0.04210 -0.31701 -0.24914 -0.20007 -0.31549 -0.13159 -0.33028 0.24566 -0.10865 0.05933 0.26547 -0.32480 -0.21508 0.04276 -0.08022
-0.19089 -0.12457 1.70722 -0.40189 -0.07393 1.63108 -0.05450 -0.32654 -0.23682 -0.19621 -0.31460 -0.13820 -0.32258 0.24870 -0.12551 0.05815 0.26402 -0.32060 -0.21100 0.05064 -0.07614
-0.20744 -0.13162 1.75751 -0.4209 -0.07852 1.71038 -0.10961 -0.25033 -0.23104 -0.21561 -0.31383 -0.18030 -0.28660 0.16702 -0.16595 0.07408 0.25903 -0.29316 -0.21346 0.05310 -0.04713
-0.2306 -0.12129 1.67413 -0.43208 -0.06915 1.70289 -0.10196 -0.31728 -0.26256 -0.18067 -0.27947 -0.11059 -0.30848 0.24385 -0.20151 0.02911 0.23267 -0.36470 -0.20148 0.05214 0.02876
-0.24261 -0.12077 1.63201 -0.4391 -0.06222 1.68955 -0.10206 -0.31292 -0.26196 -0.17933 -0.27825 -0.11094 -0.31408 0.23933 -0.22034 0.01843 0.23717 -0.35981 -0.19649 0.05855 0.05754
-0.25224 -0.12782 1.55295 -0.25417 -0.11988 1.55331 -0.09735 -0.30042 -0.24892 -0.17634 -0.26579 -0.11499 -0.30565 0.21315 -0.20280 0.18656 0.16425 -0.39752 -0.00193 0.00794 0.00036
-0.35721 -0.14463 1.67661 -0.44768 -0.03758 1.68588 -0.12607 -0.23789 -0.22872 -0.18459 -0.27267 -0.16502 -0.35963 0.12602 -0.17606 0.03852 0.26186 -0.33356 -0.09047 0.10705 0.00927
-0.39189 -0.15272 1.69961 -0.45907 -0.03494 1.69725 -0.12433 -0.23768 -0.22468 -0.17934 -0.27228 -0.17053 -0.39251 0.11790 -0.15486 0.03189 0.26761 -0.31995 -0.06718 0.11778 -0.00236
-0.42402 -0.11776 1.67138 -0.44459 -0.08795 1.68129 -0.12797 -0.23346 -0.21880 -0.17678 -0.26910 -0.17053 -0.41709 0.14860 -0.16114 0.04299 0.21159 -0.30872 -0.02057 0.02981 0.00991
-0.37227 -0.14886 1.69796 -0.45694 -0.07405 1.70499 -0.13373 -0.23426 -0.22087 -0.17856 -0.27072 -0.17298 -0.35921 0.11914 -0.15748 0.03858 0.22699 -0.30962 -0.08467 0.07481 0.00703
-0.46235 -0.05998 1.73763 -0.48773 -0.05314 1.78559 -0.13768 -0.24203 -0.22942 -0.18675 -0.26655 -0.18201 -0.44830 0.21654 -0.18350 0.02838 0.24151 -0.29950 -0.02538 0.00684 0.04796
-0.28762 -0.06679 1.71237 -0.5127 -0.02594 1.76705 -0.10881 -0.23805 -0.22611 -0.23524 -0.28866 -0.21081 -0.30038 0.20548 -0.18170 0.03713 0.28471 -0.25753 -0.22508 0.04085 0.05468
-0.24143 -0.07699 1.73652 -0.53448 -0.02121 1.77969 -0.08812 -0.24504 -0.23649 -0.20813 -0.31608 -0.14350 -0.27865 0.20150 -0.18727 -0.00614 0.32241 -0.34598 -0.29305 0.05578 0.04317
-0.21375 -0.06964 1.7254 -0.52821 -0.02053 1.76859 -0.07279 -0.24561 -0.24517 -0.20756 -0.31103 -0.13836 -0.27886 0.21290 -0.18924 -0.00414 0.32016 -0.34513 -0.31446 0.04911 0.04319
-0.18868 -0.08487 1.73944 -0.52522 -0.01864 1.77415 -0.03988 -0.24994 -0.23219 -0.20367 -0.30635 -0.13776 -0.29184 0.20366 -0.20122 0.00010 0.32245 -0.34830 -0.33654 0.06623 0.03471
-0.16803 -0.09407 1.73799 -0.50942 -0.01469 1.77334 -0.03230 -0.25326 -0.23626 -0.20085 -0.30354 -0.13717 -0.28094 0.19665 -0.20125 0.01320 0.32524 -0.34319 -0.34139 0.07938 0.03535
-0.16061 -0.09732 1.73576 -0.50267 -0.01557 1.77018 -0.02998 -0.25302 -0.23330 -0.19875 -0.30296 -0.13737 -0.27910 0.19403 -0.20318 0.01742 0.32477 -0.34051 -0.34206 0.08175 0.03442
-0.15282 -0.08801 1.66328 -0.47165 -0.01416 1.68854 0.01233 -0.31080 -0.22681 -0.18430 -0.28297 -0.13420 -0.31055 0.26020 -0.18764 0.02167 0.30972 -0.32772 -0.31883 0.07385 0.02526
-0.15363 -0.08665 1.6656 -0.46708 -0.0149 1.6899 0.00940 -0.31067 -0.22902 -0.18174 -0.28314 -0.13475 -0.31124 0.26183 -0.18459 0.02341 0.30925 -0.32525 -0.31345 0.07175 0.02430
-0.15479 -0.08665 1.66621 -0.46325 -0.01724 1.69454 0.00724 -0.31065 -0.23049 -0.17885 -0.28318 -0.13401 -0.31250 0.26214 -0.18521 0.02422 0.30705 -0.32297 -0.30846 0.06941 0.02833
-0.15476 -0.08782 1.66845 -0.45991 -0.01786 1.69813 0.00623 -0.30932 -0.23469 -0.17679 -0.28325 -0.13222 -0.31335 0.26007 -0.18232 0.02505 0.30694 -0.32386 -0.30515 0.06996 0.02968
-0.15258 -0.08766 1.66976 -0.45666 -0.01795 1.69823 0.00538 -0.30934 -0.23868 -0.17453 -0.28354 -0.13100 -0.31165 0.26053 -0.17854 0.02576 0.30701 -0.32597 -0.30408 0.06971 0.02847
-0.14823 -0.08631 1.66564 -0.45148 -0.0185 1.69562 0.00137 -0.30987 -0.24636 -0.17338 -0.28363 -0.13040 -0.30753 0.26105 -0.17709 0.02804 0.30631 -0.32376 -0.30325 0.06781 0.02998
-0.13388 -0.09128 1.66388 -0.43921 -0.0246 1.69372 -0.00061 -0.31062 -0.25243 -0.17148 -0.28410 -0.12946 -0.29598 0.25609 -0.17358 0.03630 0.30037 -0.32021 -0.30533 0.06668 0.02984
-0.12471 -0.10166 1.6634 -0.42834 -0.03213 1.69448 0.00970 -0.31299 -0.24402 -0.16974 -0.28628 -0.13015 -0.29720 0.24865 -0.17652 0.04312 0.29436 -0.31341 -0.30363 0.06953 0.03108
-0.11432 -0.12861 1.70986 -0.42484 -0.05414 1.75096 0.05563 -0.34949 -0.19737 -0.14662 -0.25034 -0.11165 -0.33812 0.26018 -0.23444 0.02732 0.23558 -0.33798 -0.31052 0.07447 0.04110
-0.09166 -0.16864 1.70234 -0.39817 -0.08248 1.7511 0.06785 -0.34935 -0.16906 -0.14404 -0.24905 -0.10780 -0.32732 0.22075 -0.25217 0.04745 0.20501 -0.32286 -0.30651 0.08616 0.04876
-0.06567 -0.20299 1.59662 -0.34361 -0.115 1.66521 0.07368 -0.33424 -0.14402 -0.15718 -0.34413 -0.07297 -0.29845 0.17041 -0.25006 0.09435 0.26371 -0.30685 -0.27794 0.08799 0.06859
-0.03763 -0.26503 1.6042 -0.32031 -0.1726 1.65541 0.09847 -0.34195 -0.10624 -0.15407 -0.35168 -0.01812 -0.29867 0.11823 -0.29116 0.11495 0.21297 -0.38220 -0.28268 0.09243 0.05121
-0.01989 -0.34805 1.68857 -0.29449 -0.23621 1.70687 0.10562 -0.36130 -0.10942 -0.15861 -0.25400 -0.03765 -0.29932 0.05757 -0.32133 0.15943 0.05181 -0.43277 -0.27460 0.11184 0.01830
0.01482 -0.42791 1.70523 -0.25774 -0.3164 1.72384 0.12493 -0.37028 -0.07035 -0.14719 -0.26464 -0.03259 -0.28759 -0.01223 -0.36531 0.18781 -0.01719 -0.44274 -0.27256 0.11151 0.01861
0.05037 -0.48708 1.65175 -0.21364 -0.38817 1.67409 0.11796 -0.35948 -0.06773 -0.12639 -0.30363 -0.01864 -0.24011 -0.08354 -0.34828 0.20093 -0.05080 -0.43047 -0.26401 0.09891 0.02234
0.09322 -0.57881 1.71962 -0.18567 -0.47303 1.759 0.11664 -0.38333 -0.06643 -0.10590 -0.29113 -0.00857 -0.20079 -0.15011 -0.32689 0.21475 -0.14713 -0.40119 -0.27889 0.10578 0.03938
0.16619 -0.61125 1.91089 -0.16767 -0.59227 1.83191 0.12818 -0.34020 0.04554 -0.09982 -0.30302 -0.00332 -0.14657 -0.22376 -0.32472 0.23695 -0.25251 -0.41251 -0.33386 0.01898 -0.07898
0.17326 -0.60833 1.88583 -0.15514 -0.6177 1.82869 0.12448 -0.33321 0.04563 -0.06747 -0.37862 0.01303 -0.13249 -0.22854 -0.30191 0.20809 -0.20037 -0.38012 -0.32840 -0.00937 -0.05714
0.17668 -0.61893 1.92873 -0.16164 -0.6489 1.88469 0.12424 -0.34329 0.04924 -0.06632 -0.34298 0.02037 -0.13473 -0.22749 -0.32198 0.20582 -0.26383 -0.38956 -0.33832 -0.02997 -0.04404
0.1551 -0.62653 1.8563 -0.15605 -0.63339 1.87259 0.11716 -0.34218 0.04735 -0.06823 -0.33610 0.02518 -0.15098 -0.23559 -0.38050 0.20595 -0.25390 -0.38770 -0.31115 -0.00686 0.01629
0.14284 -0.63435 1.77564 -0.1529 -0.61762 1.83267 0.09834 -0.33314 0.03645 -0.06892 -0.32529 0.02930 -0.15432 -0.25074 -0.41210 0.19868 -0.24939 -0.37797 -0.29574 0.01673 0.05703
0.17531 -0.62036 1.94684 -0.15932 -0.64109 1.9027 0.09613 -0.34491 0.03580 -0.07374 -0.33249 0.03159 -0.13158 -0.22219 -0.32162 0.20366 -0.26369 -0.38620 -0.33463 -0.02073 -0.04414
0.17664 -0.62102 1.95354 -0.1612 -0.64245 1.91 0.09267 -0.34587 0.03572 -0.07291 -0.32916 0.02773 -0.13027 -0.22115 -0.32152 0.20195 -0.26857 -0.37910 -0.33784 -0.02143 -0.04354
0.1786 -0.62517 1.94266 -0.16257 -0.64353 1.91247 0.08926 -0.34839 0.03691 -0.07797 -0.32677 0.02860 -0.12766 -0.22208 -0.33985 0.20131 -0.27228 -0.37842 -0.34117 -0.01836 -0.03019
0.16137 -0.64311 1.7804 -0.15715 -0.62209 1.84845 0.08372 -0.33790 0.03762 -0.07873 -0.31518 0.02848 -0.13395 -0.25169 -0.42916 0.19427 -0.26458 -0.36423 -0.31852 0.02102 0.06805
0.17196 -0.6488 1.77273 -0.15556 -0.62216 1.84561 0.08059 -0.34291 0.04215 -0.08446 -0.31380 0.03027 -0.12207 -0.25164 -0.44060 0.19531 -0.26744 -0.36297 -0.32752 0.02664 0.07288
0.21156 -0.65263 1.79219 -0.15704 -0.61865 1.84511 0.07525 -0.35433 0.04623 -0.08800 -0.31233 0.03207 -0.07792 -0.24361 -0.41955 0.19252 -0.26638 -0.35610 -0.36860 0.03398 0.05292
0.28006 -0.65154 1.87672 -0.15817 -0.626 1.86934 0.04740 -0.38366 0.03893 -0.09166 -0.31466 0.03071 -0.00462 -0.20547 -0.36983 0.19559 -0.27175 -0.35703 -0.43823 0.02554 -0.00738
0.4096 -0.628 1.78413 -0.15213 -0.60379 1.80132 0.04944 -0.37632 0.04438 -0.08614 -0.30096 0.02597 0.13257 -0.19167 -0.38652 0.18851 -0.26511 -0.34160 -0.56173 0.02421 0.01719
0.45891 -0.65948 1.85386 -0.15686 -0.62102 1.84633 0.05377 -0.38870 0.04888 -0.08717 -0.30605 0.02366 0.17213 -0.20925 -0.37604 0.19208 -0.27656 -0.35027 -0.61577 0.03846 -0.00753
0.51063 -0.68854 1.82858 -0.15174 -0.60355 1.7961 0.05724 -0.37931 0.05312 -0.08393 -0.29501 0.02056 0.22706 -0.24937 -0.34466 0.18710 -0.27155 -0.33826 -0.66237 0.08499 -0.03248
0.52365 -0.69435 1.83498 -0.15215 -0.60395 1.79884 0.06370 -0.38106 0.05658 -0.10135 -0.29849 0.02836 0.23343 -0.25323 -0.34276 0.18661 -0.27264 -0.33736 -0.67580 0.09040 -0.03614
0.53496 -0.70441 1.84999 -0.15079 -0.60633 1.80342 0.07229 -0.38240 0.05862 -0.10835 -0.30003 0.03034 0.23525 -0.26149 -0.33600 0.18818 -0.27527 -0.33891 -0.68575 0.09808 -0.04657
0.55612 -0.72051 1.87202 -0.15146 -0.61126 1.82025 0.07422 -0.38416 0.05982 -0.10728 -0.30122 0.02993 0.24563 -0.27237 -0.33442 0.18865 -0.27879 -0.34105 -0.70758 0.10925 -0.05177
0.55867 -0.72481 1.87777 -0.15147 -0.61109 1.82223 0.07445 -0.38284 0.06034 -0.10505 -0.30019 0.02850 0.24412 -0.27616 -0.32948 0.18647 -0.27970 -0.33823 -0.71014 0.11372 -0.05554
0.55773 -0.73002 1.88542 -0.15131 -0.61184 1.82422 0.07508 -0.38245 0.06041 -0.10314 -0.30015 0.02742 0.23947 -0.28070 -0.32358 0.18477 -0.28066 -0.33705 -0.70904 0.11818 -0.06120
0.55518 -0.7349 1.89184 -0.15186 -0.61166 1.82954 0.07493 -0.38252 0.05993 -0.10186 -0.29979 0.02736 0.23476 -0.28459 -0.31949 0.18291 -0.28110 -0.33452 -0.70704 0.12324 -0.06230
0.54878 -0.72612 1.86768 -0.1495 -0.60094 1.81236 0.07252 -0.37732 0.05800 -0.09923 -0.29496 0.02618 0.23174 -0.28113 -0.31257 0.17889 -0.27593 -0.32155 -0.69828 0.12518 -0.05532
0.54937 -0.73025 1.87626 -0.15234 -0.60278 1.82276 0.07135 -0.37914 0.05636 -0.09885 -0.29572 0.02583 0.23035 -0.28224 -0.31274 0.17584 -0.27730 -0.32081 -0.70171 0.12747 -0.05350
0.54592 -0.72746 1.86888 -0.15104 -0.6011 1.8167 0.06948 -0.37872 0.05363 -0.10725 -0.29658 0.02848 0.22779 -0.27936 -0.31088 0.17445 -0.27745 -0.31906 -0.69696 0.12636 -0.05218
0.54336 -0.72604 1.86695 -0.1489 -0.59955 1.81354 0.06818 -0.37626 0.05143 -0.11033 -0.29687 0.02926 0.22554 -0.28005 -0.30731 0.17500 -0.27681 -0.31816 -0.69226 0.12649 -0.05341
0.54575 -0.73071 1.88148 -0.1636 -0.59661 1.84965 0.04582 -0.37268 0.04397 -0.12876 -0.30260 0.03778 0.22595 -0.28049 -0.30632 0.16185 -0.27155 -0.29751 -0.70935 0.13410 -0.03183
0.5465 -0.72327 1.8592 -0.14891 -0.59763 1.80465 0.04054 -0.36684 0.04189 -0.13093 -0.30048 0.03957 0.23015 -0.27896 -0.30285 0.17189 -0.27597 -0.31860 -0.69541 0.12564 -0.05455
0.55284 -0.72624 1.86451 -0.15414 -0.59452 1.82935 0.03859 -0.36776 0.03914 -0.13287 -0.30271 0.04067 0.23501 -0.28044 -0.30473 0.16701 -0.27100 -0.30304 -0.70698 0.13172 -0.03516
0.55186 -0.72873 1.8741 -0.15139 -0.60231 1.82331 0.03634 -0.37028 0.03777 -0.13455 -0.30439 0.04192 0.23334 -0.27984 -0.30302 0.17073 -0.27727 -0.31854 -0.70325 0.12642 -0.05079
0.55377 -0.73205 1.88316 -0.152 -0.60545 1.83102 0.03529 -0.37266 0.03700 -0.13555 -0.30633 0.04254 0.23400 -0.28053 -0.30282 0.17102 -0.27871 -0.32064 -0.70577 0.12660 -0.05214
0.55725 -0.73535 1.89016 -0.15555 -0.60656 1.84257 0.04422 -0.37597 0.03870 -0.13243 -0.30696 0.04076 0.23581 -0.28327 -0.30211 0.16825 -0.27867 -0.31618 -0.71280 0.12879 -0.04759
0.55881 -0.7373 1.89614 -0.15678 -0.60871 1.84952 0.04880 -0.37737 0.03872 -0.13030 -0.30765 0.03925 0.23567 -0.28484 -0.30185 0.16782 -0.27969 -0.31583 -0.71559 0.12859 -0.04662
0.56095 -0.73806 1.90043 -0.15859 -0.60999 1.85352 0.05226 -0.37765 0.03854 -0.13150 -0.30887 0.04041 0.23630 -0.28597 -0.30085 0.16656 -0.27995 -0.31584 -0.71954 0.12807 -0.04691
]
