classifier_Car_goes_to_fence_198 [ 0.60693 -0.70885 1.87159 -0.15519 -0.50187 1.84261 0.10607 -0.38159 0.06177 -0.12632 -0.33754 0.07360 0.19004 -0.25715 -0.36517 0.17675 -0.13212 -0.36926 -0.76212 0.20698 -0.02898
0.60921 -0.70529 1.86868 -0.15945 -0.49918 1.83026 0.10590 -0.38087 0.06210 -0.12502 -0.33825 0.06825 0.19253 -0.25408 -0.36622 0.17227 -0.12996 -0.37974 -0.76866 0.20611 -0.03842
0.60719 -0.68576 1.83732 -0.17155 -0.49621 1.7796 0.10361 -0.37220 0.06253 -0.12396 -0.32464 0.05364 0.19757 -0.24385 -0.36107 0.15620 -0.14175 -0.38278 -0.77874 0.18955 -0.05772
0.60538 -0.67183 1.8281 -0.18403 -0.48151 1.74964 0.10394 -0.36934 0.06508 -0.12578 -0.30722 0.02989 0.19697 -0.23308 -0.36070 0.14490 -0.14525 -0.38027 -0.78941 0.19032 -0.07846
0.58548 -0.60656 1.87029 -0.18899 -0.46593 1.79679 0.10794 -0.37463 0.06823 -0.14286 -0.30889 0.02256 0.16376 -0.16034 -0.38603 0.16376 -0.12755 -0.39135 -0.77447 0.14063 -0.07350
0.55776 -0.50882 1.77885 -0.1847 -0.39473 1.75483 0.11185 -0.36271 0.06508 -0.15316 -0.29287 0.01336 0.13294 -0.07459 -0.46938 0.17827 -0.07274 -0.42085 -0.74246 0.11409 -0.02402
0.50548 -0.42895 1.73851 -0.16699 -0.32929 1.73263 0.12064 -0.34750 0.04747 -0.18787 -0.26346 -0.05463 0.06928 -0.00931 -0.50998 0.23282 -0.03702 -0.39379 -0.67247 0.09966 -0.00588
0.4422 -0.35359 1.64904 -0.15485 -0.26393 1.6705 0.12005 -0.32564 0.03574 -0.19334 -0.24239 -0.08539 0.01730 0.03864 -0.54002 0.24630 0.00600 -0.37582 -0.59705 0.08966 0.02146
0.4274 -0.30863 1.77048 -0.16247 -0.22252 1.77214 0.15266 -0.27843 -0.09638 -0.20388 -0.22125 -0.18721 -0.04863 0.03748 -0.43886 0.26426 0.02608 -0.32201 -0.58987 0.08611 0.00166
0.36856 -0.22641 1.66705 -0.1726 -0.15804 1.65788 0.18041 -0.32355 -0.21263 -0.20349 -0.20570 -0.21643 -0.11434 0.15792 -0.29828 0.24165 0.06889 -0.28098 -0.54116 0.06837 -0.00917
0.31743 -0.16718 1.60927 -0.15865 -0.10506 1.59618 0.18332 -0.29857 -0.20893 -0.19803 -0.18655 -0.24971 -0.15273 0.18138 -0.29595 0.24399 0.09247 -0.24915 -0.47608 0.06212 -0.01309
0.1811 -0.06831 1.52399 -0.14424 -0.02548 1.50435 0.15207 -0.19475 -0.26054 -0.23061 -0.16517 -0.28057 -0.23926 0.16645 -0.23881 0.28499 0.15553 -0.22043 -0.32534 0.04283 -0.01964
0.22559 -0.04444 1.52621 -0.13956 0.00091 1.5115 0.15687 -0.19466 -0.25590 -0.22983 -0.15332 -0.29413 -0.20118 0.19071 -0.26360 0.29226 0.17144 -0.22419 -0.36515 0.04535 -0.01471
0.22617 -0.0209 1.64021 -0.14338 0.02447 1.62563 0.16709 -0.22129 -0.33671 -0.19499 -0.12074 -0.36874 -0.21405 0.18451 -0.27965 0.27054 0.16352 -0.20496 -0.36955 0.04537 -0.01458
0.21571 0.00184 1.63952 -0.14347 0.0397 1.62593 0.16759 -0.21893 -0.33982 -0.19858 -0.06549 -0.33299 -0.22582 0.20483 -0.28383 0.26905 0.17689 -0.21668 -0.35918 0.03786 -0.01359
0.16601 0.02432 1.56564 -0.13571 0.04642 1.55057 0.15440 -0.19027 -0.33971 -0.19478 -0.00312 -0.27006 -0.25041 0.19935 -0.25959 0.25903 0.17626 -0.21119 -0.30172 0.02210 -0.01507
-0.04208 0.06191 1.52099 -0.14675 0.04353 1.50687 0.14003 -0.16883 -0.34476 -0.19001 -0.00149 -0.26465 -0.43749 0.21596 -0.24478 0.23821 0.16856 -0.20942 -0.10467 -0.01838 -0.01412
0.16254 0.03383 1.58654 -0.13833 0.04787 1.57331 0.14748 -0.17754 -0.35833 -0.19696 -0.00093 -0.27466 -0.25128 0.19589 -0.25651 0.26200 0.17765 -0.21846 -0.30087 0.01404 -0.01323
-0.03795 0.05509 1.51805 -0.15093 0.0401 1.50348 0.14131 -0.17034 -0.34336 -0.18869 -0.00049 -0.26537 -0.43454 0.21064 -0.24841 0.23226 0.16436 -0.21165 -0.11298 -0.01499 -0.01457
0.13595 0.02833 1.56443 -0.14071 0.03718 1.548 0.14473 -0.17602 -0.35344 -0.19451 -0.00084 -0.27309 -0.27163 0.18913 -0.25395 0.25344 0.16566 -0.21759 -0.27666 0.00885 -0.01643
0.14453 0.01818 1.57233 -0.14536 0.02967 1.55567 0.14054 -0.17621 -0.35730 -0.19566 -0.00130 -0.27701 -0.26004 0.17892 -0.25215 0.24996 0.16042 -0.21502 -0.28989 0.01149 -0.01666
0.06655 0.0134 1.55715 -0.15085 0.02166 1.53934 0.13571 -0.17638 -0.35359 -0.19117 -0.00712 -0.26447 -0.33033 0.17445 -0.24703 0.23745 0.15741 -0.22112 -0.21740 0.00826 -0.01781
0.07022 0.00547 1.55927 -0.1536 0.01556 1.5398 0.12973 -0.18004 -0.35401 -0.19237 -0.01114 -0.26671 -0.32047 0.17017 -0.24477 0.23584 0.15554 -0.21849 -0.22382 0.01009 -0.01947
0.18968 -0.02696 1.58939 -0.15786 0.01706 1.55072 0.13016 -0.22292 -0.33287 -0.19282 -0.01643 -0.26325 -0.20696 0.16256 -0.28906 0.23385 0.16378 -0.22978 -0.34754 0.04402 -0.03867
0.19062 -0.04466 1.60875 -0.16588 0.0226 1.54716 0.12691 -0.22650 -0.33342 -0.19213 -0.02204 -0.25845 -0.20568 0.14643 -0.27799 0.22570 0.17533 -0.24484 -0.35650 0.06726 -0.06159
0.19124 -0.09988 1.59151 -0.21138 0.02805 1.47389 0.12684 -0.29449 -0.24819 -0.23629 -0.11408 -0.25645 -0.19698 0.16352 -0.29178 0.21364 0.24816 -0.25215 -0.40262 0.12793 -0.11762
0.20655 -0.14341 1.72128 -0.26749 0.01922 1.57704 0.14136 -0.32043 -0.24989 -0.20018 -0.17046 -0.21120 -0.21582 0.15983 -0.26234 0.13640 0.23767 -0.35986 -0.47404 0.16263 -0.14424
0.22533 -0.19452 1.80103 -0.29742 0.0304 1.6436 0.15086 -0.30659 -0.21330 -0.20186 -0.18521 -0.22321 -0.21559 0.13770 -0.22549 0.11691 0.25489 -0.34730 -0.52275 0.22492 -0.15743
0.26801 -0.28803 1.911 -0.35101 0.05063 1.69034 0.19214 -0.35776 -0.04310 -0.20397 -0.19186 -0.21971 -0.22270 0.09890 -0.34348 0.07236 0.28308 -0.35883 -0.61902 0.33866 -0.22066
0.24006 -0.30234 1.80334 -0.34349 0.04252 1.57146 0.16798 -0.34381 0.03553 -0.18888 -0.18152 -0.19623 -0.20716 0.07010 -0.37522 0.05083 0.26254 -0.34552 -0.58355 0.34486 -0.23188
0.22327 -0.34155 1.87335 -0.35852 0.03416 1.58165 0.16761 -0.33757 0.03931 -0.19061 -0.18918 -0.19453 -0.22988 0.03060 -0.33294 0.03999 0.25994 -0.36116 -0.58179 0.37571 -0.29170
0.27013 -0.37199 1.8956 -0.3683 0.02853 1.60227 0.17002 -0.33357 0.04568 -0.19323 -0.19315 -0.18894 -0.19211 0.00057 -0.34902 0.03568 0.25991 -0.36992 -0.63843 0.40052 -0.29333
0.27455 -0.40126 1.91028 -0.36543 0.01552 1.57951 0.20153 -0.35821 0.03403 -0.19052 -0.19415 -0.17872 -0.21719 -0.00232 -0.29878 0.03348 0.24806 -0.37584 -0.63998 0.41678 -0.33077
0.24235 -0.40808 1.93368 -0.36623 0.01227 1.58045 0.20128 -0.36088 0.02732 -0.19087 -0.19597 -0.17611 -0.25194 -0.00417 -0.27779 0.03360 0.24714 -0.38306 -0.60858 0.42035 -0.35323
0.24059 -0.41469 1.96003 -0.36835 0.00886 1.59127 0.16856 -0.31439 0.08038 -0.19234 -0.19840 -0.17601 -0.22490 -0.05528 -0.32551 0.03479 0.24671 -0.39109 -0.60894 0.42355 -0.36876
0.24105 -0.41444 1.96001 -0.36581 0.00756 1.58645 0.17019 -0.31469 0.08358 -0.19208 -0.19881 -0.17403 -0.22555 -0.05544 -0.32756 0.03686 0.24634 -0.39606 -0.60686 0.42200 -0.37356
0.24209 -0.40971 1.95594 -0.36089 0.00366 1.58182 0.17042 -0.31326 0.08464 -0.19057 -0.19976 -0.17175 -0.22520 -0.05140 -0.33062 0.03998 0.24361 -0.39910 -0.60298 0.41337 -0.37412
0.24165 -0.40926 1.95503 -0.35931 0.00508 1.58059 0.16996 -0.31420 0.08359 -0.18860 -0.20196 -0.16861 -0.22491 -0.05076 -0.33160 0.03969 0.24757 -0.40424 -0.60096 0.41434 -0.37444
0.24314 -0.40592 1.95585 -0.35858 0.00106 1.58074 0.16913 -0.31245 0.08259 -0.18760 -0.20291 -0.16787 -0.22364 -0.04826 -0.33135 0.03942 0.24468 -0.40459 -0.60172 0.40698 -0.37511
0.23866 -0.40416 1.94737 -0.35665 0.00065 1.57317 0.17296 -0.30372 0.08917 -0.18551 -0.20380 -0.16470 -0.23061 -0.05602 -0.33807 0.03843 0.24524 -0.40670 -0.59531 0.40481 -0.37420
0.23767 -0.40217 1.94582 -0.35767 -0.00043 1.57082 0.17207 -0.30131 0.08898 -0.18526 -0.20394 -0.16401 -0.23164 -0.05563 -0.34047 0.03700 0.24474 -0.40827 -0.59534 0.40174 -0.37500
0.23672 -0.40338 1.94076 -0.3582 6E-05 1.5693 0.17149 -0.29909 0.08926 -0.18454 -0.20466 -0.16264 -0.23243 -0.05841 -0.34409 0.03550 0.24601 -0.40841 -0.59492 0.40344 -0.37146
0.23351 -0.39972 1.93193 -0.3589 0.00136 1.56768 0.17080 -0.29661 0.08882 -0.18426 -0.20506 -0.16160 -0.23535 -0.05651 -0.35091 0.03434 0.24777 -0.40861 -0.59241 0.40108 -0.36425
0.2313 -0.40245 1.91462 -0.35814 0.00132 1.56724 0.17023 -0.29327 0.08675 -0.18394 -0.20510 -0.16055 -0.23710 -0.06200 -0.36428 0.03467 0.24796 -0.40779 -0.58944 0.40377 -0.34738
0.25995 -0.37008 1.80405 -0.35049 0.0048 1.55061 0.16915 -0.28366 0.06768 -0.18206 -0.20272 -0.15986 -0.20302 -0.03958 -0.42867 0.03832 0.24873 -0.40061 -0.61044 0.37488 -0.25344
0.27637 -0.33214 1.77721 -0.35035 0.00622 1.57474 0.17215 -0.27241 -0.01729 -0.20528 -0.25685 -0.22927 -0.19388 -0.01157 -0.39947 0.06472 0.30501 -0.33577 -0.62672 0.33836 -0.20247
0.2768 -0.25078 1.67845 -0.33855 0.00997 1.53699 0.24096 -0.27416 -0.11475 -0.19986 -0.25042 -0.22382 -0.25315 0.06958 -0.34737 0.06671 0.30149 -0.32941 -0.61535 0.26075 -0.14146
0.29841 -0.15874 1.67081 -0.33967 0.01193 1.566 0.20152 -0.29498 -0.13067 -0.20345 -0.25434 -0.23352 -0.18985 0.17504 -0.37669 0.07340 0.30822 -0.33314 -0.63808 0.17067 -0.10481
0.31325 -0.05384 1.68311 -0.34344 0.01271 1.60042 0.17798 -0.22897 -0.16467 -0.20633 -0.25911 -0.23665 -0.15152 0.21476 -0.37457 0.07720 0.31472 -0.34244 -0.65669 0.06655 -0.08269
0.29945 0.04533 1.59867 -0.32369 0.01158 1.53013 0.21909 -0.22307 -0.27868 -0.19620 -0.24700 -0.22543 -0.19293 0.30637 -0.23872 0.07698 0.29950 -0.32341 -0.62314 -0.03375 -0.06854
0.29508 0.11564 1.57839 -0.3167 0.01149 1.51203 0.21279 -0.20551 -0.28844 -0.19284 -0.24382 -0.22082 -0.18717 0.35819 -0.21663 0.07740 0.29542 -0.31566 -0.61178 -0.10415 -0.06636
0.29669 0.15244 1.60042 -0.31892 0.01017 1.52648 0.20848 -0.18418 -0.31185 -0.19176 -0.24334 -0.22173 -0.18369 0.37356 -0.19067 0.07604 0.29384 -0.32251 -0.61561 -0.14227 -0.07394
0.29404 0.1158 1.58678 -0.31981 0.00805 1.52747 0.20873 -0.18583 -0.31058 -0.19215 -0.24400 -0.22204 -0.18674 0.33797 -0.20724 0.07577 0.29231 -0.32454 -0.61385 -0.10775 -0.05931
0.29832 0.04869 1.59208 -0.32566 0.00771 1.55013 0.21723 -0.20316 -0.30171 -0.19443 -0.24703 -0.22473 -0.19312 0.28837 -0.23313 0.07471 0.29552 -0.32441 -0.62398 -0.04098 -0.04195
0.29653 -0.03665 1.58065 -0.3289 0.00696 1.55169 0.21540 -0.22634 -0.28574 -0.19421 -0.24731 -0.22410 -0.19110 0.22637 -0.26062 0.07167 0.29527 -0.32440 -0.62543 0.04361 -0.02896
0.29935 -0.11212 1.62114 -0.3422 0.00633 1.59608 0.19987 -0.25561 -0.19620 -0.19850 -0.25406 -0.22647 -0.17980 0.18059 -0.37101 0.06915 0.30295 -0.33793 -0.64155 0.11845 -0.02506
0.28526 -0.14154 1.59458 -0.3364 0.00324 1.56331 0.20977 -0.25385 -0.21887 -0.18208 -0.26855 -0.24530 -0.19769 0.14800 -0.32848 0.06587 0.29347 -0.32961 -0.62166 0.14478 -0.03127
0.27534 -0.11394 1.54171 -0.32399 0.00037 1.5033 0.25665 -0.26658 -0.16655 -0.17552 -0.26279 -0.23962 -0.24341 0.18585 -0.35368 0.06531 0.28232 -0.31698 -0.59933 0.11431 -0.03841
0.28884 -0.05443 1.59306 -0.33 -0.00178 1.54613 0.23481 -0.24690 -0.24516 -0.18527 -0.25954 -0.23418 -0.21383 0.22650 -0.27938 0.07104 0.28879 -0.32186 -0.61884 0.05265 -0.04693
0.28997 0.02454 1.58914 -0.32471 -0.00362 1.53413 0.23544 -0.23222 -0.25355 -0.18553 -0.25533 -0.22929 -0.21085 0.29161 -0.25680 0.07364 0.28498 -0.31853 -0.61468 -0.02816 -0.05501
0.29117 0.0978 1.59246 -0.32088 -0.00493 1.52857 0.23728 -0.19392 -0.28168 -0.18614 -0.25281 -0.23087 -0.21148 0.32676 -0.21721 0.07618 0.28180 -0.31410 -0.61205 -0.10273 -0.06389
0.29427 0.14912 1.60822 -0.32029 -0.00537 1.52984 0.23558 -0.17408 -0.29755 -0.18526 -0.24909 -0.22878 -0.20767 0.35829 -0.18922 0.07507 0.27832 -0.31787 -0.61456 -0.15449 -0.07838
0.29556 0.1745 1.60556 -0.3209 -0.00801 1.53242 0.23494 -0.15591 -0.30493 -0.18576 -0.24827 -0.22849 -0.20651 0.36775 -0.18138 0.07404 0.27556 -0.31902 -0.61646 -0.18251 -0.07314
0.29556 0.14503 1.5984 -0.32222 -0.00793 1.53678 0.23514 -0.15680 -0.30591 -0.18596 -0.24776 -0.22816 -0.20753 0.33878 -0.19198 0.07236 0.27568 -0.31815 -0.61778 -0.15296 -0.06162
0.2981 0.09367 1.60281 -0.32837 -0.01111 1.55318 0.23798 -0.16783 -0.30626 -0.18827 -0.25138 -0.23075 -0.21097 0.29863 -0.20913 0.07033 0.27699 -0.32052 -0.62647 -0.10478 -0.04963
0.29651 0.0375 1.5914 -0.33107 -0.01822 1.553 0.24034 -0.19009 -0.29211 -0.18816 -0.25474 -0.22139 -0.21465 0.26481 -0.23409 0.06749 0.27389 -0.32930 -0.62758 -0.05572 -0.03840
0.31007 -0.01269 1.6433 -0.346 -0.0217 1.61285 0.19824 -0.19686 -0.19065 -0.19350 -0.26272 -0.22457 -0.16804 0.22301 -0.36163 0.06565 0.28033 -0.34287 -0.65607 -0.00901 -0.03045
0.30402 -0.04026 1.59086 -0.33667 -0.02136 1.55718 0.23831 -0.23424 -0.25931 -0.18737 -0.25312 -0.21778 -0.20417 0.23134 -0.27288 0.06160 0.27038 -0.33158 -0.64069 0.01890 -0.03368
0.31013 -0.03207 1.59338 -0.33486 -0.02133 1.55413 0.23889 -0.23358 -0.25799 -0.19056 -0.25369 -0.22219 -0.19776 0.23894 -0.26800 0.06630 0.27136 -0.32582 -0.64499 0.01074 -0.03925
0.3157 -0.01703 1.59986 -0.33343 -0.01594 1.55252 0.23947 -0.23256 -0.25760 -0.19208 -0.25441 -0.22154 -0.19226 0.25313 -0.25961 0.06917 0.27775 -0.32559 -0.64913 0.00109 -0.04734
0.32235 0.00137 1.60824 -0.33285 -0.01564 1.54988 0.24572 -0.23090 -0.25253 -0.19348 -0.25441 -0.22312 -0.19119 0.27136 -0.25477 0.07113 0.27849 -0.32533 -0.65520 -0.01701 -0.05836
0.33112 0.01372 1.60547 -0.33079 -0.01213 1.54183 0.25864 -0.22429 -0.24135 -0.19244 -0.25266 -0.22099 -0.19414 0.27821 -0.25726 0.07124 0.28036 -0.32549 -0.66191 -0.02585 -0.06364
0.33708 0.02521 1.58666 -0.32661 -0.0114 1.5289 0.26042 -0.21893 -0.23658 -0.19108 -0.25077 -0.21952 -0.18733 0.28460 -0.25810 0.07194 0.27897 -0.31788 -0.66369 -0.03661 -0.05776
0.34201 0.03247 1.58146 -0.3265 -0.01067 1.52661 0.26195 -0.21496 -0.23837 -0.19031 -0.25034 -0.21829 -0.18396 0.28787 -0.26080 0.07127 0.27946 -0.32052 -0.66851 -0.04314 -0.05485
0.34868 0.03091 1.56167 -0.32284 -0.01079 1.51599 0.26048 -0.21170 -0.23730 -0.18138 -0.26496 -0.23603 -0.17397 0.28280 -0.26536 0.07149 0.27697 -0.31659 -0.67152 -0.04170 -0.04568
0.35219 0.02598 1.55703 -0.32248 -0.01302 1.51442 0.26126 -0.20995 -0.23752 -0.17973 -0.26705 -0.23853 -0.17117 0.27613 -0.26838 0.07133 0.27465 -0.31671 -0.67467 -0.03900 -0.04261
0.35742 0.02012 1.55805 -0.32311 -0.01513 1.51846 0.26220 -0.20986 -0.23853 -0.17924 -0.26878 -0.24069 -0.16780 0.27038 -0.27207 0.07161 0.27343 -0.31725 -0.68053 -0.03525 -0.03959
0.36055 0.00415 1.55536 -0.32411 -0.01662 1.51904 0.26281 -0.21003 -0.23805 -0.17825 -0.27008 -0.24046 -0.16546 0.25458 -0.27662 0.07045 0.27241 -0.31889 -0.68466 -0.02077 -0.03632
0.36482 0.00417 1.56725 -0.32692 -0.01446 1.53089 0.26334 -0.21030 -0.24277 -0.18327 -0.25983 -0.22927 -0.16382 0.25509 -0.27582 0.07055 0.27675 -0.32093 -0.69174 -0.01863 -0.03636
0.36418 0.0018 1.56873 -0.32709 -0.01386 1.53319 0.26243 -0.20983 -0.24567 -0.18572 -0.25771 -0.22623 -0.16410 0.25229 -0.27552 0.07207 0.27874 -0.32159 -0.69127 -0.01566 -0.03554
0.36375 -0.00011 1.56874 -0.32767 -0.01171 1.53644 0.26196 -0.20931 -0.24706 -0.18722 -0.25739 -0.22731 -0.16419 0.24988 -0.27519 0.07278 0.28178 -0.31721 -0.69142 -0.01160 -0.03230
0.36061 -0.00111 1.56225 -0.32736 -0.00814 1.53125 0.26353 -0.21126 -0.24157 -0.18772 -0.25545 -0.22606 -0.16828 0.25069 -0.28197 0.07262 0.28462 -0.31666 -0.68797 -0.00703 -0.03100
0.35767 -0.00098 1.54858 -0.32544 -0.00813 1.51746 0.26216 -0.20955 -0.23815 -0.18599 -0.25170 -0.22268 -0.16751 0.24875 -0.28062 0.07062 0.28136 -0.31453 -0.68311 -0.00715 -0.03112
0.35915 0.00078 1.56208 -0.32851 -0.00848 1.53296 0.25941 -0.20629 -0.25073 -0.18818 -0.25360 -0.22445 -0.16561 0.24762 -0.27292 0.07145 0.28383 -0.31491 -0.68766 -0.00926 -0.02912
0.35182 -0.00202 1.55038 -0.32697 -0.00984 1.52517 0.25494 -0.20448 -0.25405 -0.18160 -0.26523 -0.24000 -0.16723 0.24287 -0.27207 0.07212 0.28102 -0.31224 -0.67879 -0.00782 -0.02521
0.34038 -0.00192 1.52224 -0.32144 -0.00998 1.49633 0.25794 -0.20807 -0.23493 -0.18115 -0.25477 -0.22932 -0.17691 0.24595 -0.28295 0.07099 0.27601 -0.30926 -0.66182 -0.00806 -0.02591
0.32994 -0.00379 1.50786 -0.31892 -0.00996 1.48637 0.25746 -0.20884 -0.22959 -0.17628 -0.26004 -0.23638 -0.18462 0.24460 -0.28805 0.07101 0.27416 -0.30675 -0.64886 -0.00617 -0.02149
0.32162 -0.00492 1.52447 -0.32299 -0.00994 1.50755 0.24988 -0.20602 -0.25021 -0.17821 -0.26590 -0.24190 -0.18790 0.24193 -0.27648 0.07247 0.27796 -0.30940 -0.64461 -0.00502 -0.01692
0.3011 -0.00159 1.51722 -0.32211 -0.00855 1.50502 0.25236 -0.19781 -0.25367 -0.17696 -0.26728 -0.24328 -0.20268 0.24641 -0.26507 0.07307 0.27893 -0.30978 -0.62321 -0.00696 -0.01220
0.2765 -0.00122 1.49823 -0.31953 -0.00789 1.49038 0.25413 -0.19341 -0.24898 -0.17507 -0.26559 -0.24255 -0.22218 0.24818 -0.26380 0.07227 0.27681 -0.30706 -0.59603 -0.00667 -0.00785
0.24833 -0.00086 1.49259 -0.31941 -0.0091 1.48644 0.25507 -0.19225 -0.24272 -0.17917 -0.25502 -0.23098 -0.24696 0.25485 -0.26679 0.07149 0.27454 -0.30891 -0.56774 -0.00824 -0.00615
0.21763 -2E-05 1.49957 -0.32131 -0.00745 1.494 0.22852 -0.15205 -0.25553 -0.18210 -0.25295 -0.22849 -0.23941 0.24121 -0.24188 0.07226 0.27799 -0.31247 -0.53894 -0.00743 -0.00557
0.19917 -0.00216 1.57912 -0.33932 -0.00875 1.57789 0.14864 -0.09538 -0.30021 -0.18902 -0.27497 -0.25065 -0.18900 0.19833 -0.22258 0.07606 0.29234 -0.32739 -0.53849 -0.00659 -0.00123
0.16337 -0.00432 1.56878 -0.33691 -0.00705 1.5678 0.13770 -0.09045 -0.32021 -0.19038 -0.26857 -0.24423 -0.21150 0.19485 -0.19904 0.07608 0.29204 -0.32497 -0.50028 -0.00273 -0.00098
0.12523 -0.00134 1.56819 -0.33638 -0.00804 1.56772 0.12253 -0.09411 -0.33059 -0.19221 -0.26447 -0.23988 -0.23537 0.19974 -0.18717 0.07626 0.29061 -0.32282 -0.46161 -0.00670 -0.00047
0.09231 -0.00265 1.57541 -0.33731 -0.00653 1.57528 0.10289 -0.10194 -0.33805 -0.19278 -0.26223 -0.24025 -0.25183 0.20066 -0.18146 0.07634 0.29189 -0.32227 -0.42962 -0.00388 -0.00013
0.05722 -0.00251 1.57062 -0.33475 -0.00744 1.56598 0.06139 -0.14451 -0.36470 -0.19266 -0.25730 -0.23808 -0.25608 0.19524 -0.17164 0.07740 0.28911 -0.32115 -0.39197 -0.00493 -0.00464
0.0269 -0.00725 1.56831 -0.33151 -0.00592 1.56277 0.02688 -0.21165 -0.37033 -0.19190 -0.25436 -0.23494 -0.26448 0.17890 -0.18391 0.07887 0.28921 -0.31832 -0.35841 0.00133 -0.00554
-0.04392 -0.00312 1.58927 -0.33 -0.00731 1.56402 -0.03802 -0.20652 -0.37350 -0.19252 -0.24824 -0.23337 -0.27078 0.17824 -0.16455 0.08108 0.28708 -0.32002 -0.28608 -0.00419 -0.02525
-0.06086 -0.01019 1.59668 -0.32406 -0.00405 1.57268 -0.04242 -0.20634 -0.37343 -0.19328 -0.24472 -0.23363 -0.28298 0.17237 -0.15717 0.08738 0.29041 -0.31127 -0.26320 0.00614 -0.02400
-0.07809 -0.01555 1.64275 -0.33039 -0.00347 1.61564 -0.04780 -0.21304 -0.38216 -0.18143 -0.20287 -0.17679 -0.30091 0.17439 -0.15667 0.07510 0.25253 -0.38128 -0.25230 0.01208 -0.02711
-0.09122 -0.01757 1.64716 -0.32811 -0.00123 1.61967 -0.05521 -0.21499 -0.37998 -0.18124 -0.20181 -0.17823 -0.30584 0.17510 -0.15285 0.07759 0.25516 -0.37631 -0.23689 0.01634 -0.02749
-0.10292 -0.01885 1.64885 -0.32621 -0.00104 1.6183 -0.06198 -0.21554 -0.37775 -0.18208 -0.19963 -0.17887 -0.30981 0.17488 -0.14880 0.08077 0.25681 -0.37207 -0.22329 0.01781 -0.03055
-0.11001 -0.02057 1.6463 -0.32428 0.00131 1.61606 -0.06701 -0.21559 -0.37564 -0.18195 -0.20022 -0.17675 -0.31087 0.17377 -0.14747 0.08242 0.26077 -0.37139 -0.21427 0.02188 -0.03024
-0.1164 -0.0215 1.64596 -0.32113 0.0029 1.61493 -0.07137 -0.21577 -0.37385 -0.18169 -0.19909 -0.17738 -0.31209 0.17340 -0.14526 0.08519 0.26205 -0.36813 -0.20473 0.02440 -0.03103
-0.16351 -0.01101 1.63668 -0.32953 -0.00939 1.58465 -0.04995 -0.21571 -0.36282 -0.18038 -0.19648 -0.17678 -0.36649 0.19379 -0.12614 0.07393 0.24810 -0.38091 -0.16602 0.00162 -0.05203
-0.16077 -0.01081 1.62131 -0.32694 -0.00843 1.56857 -0.04854 -0.21784 -0.36428 -0.17864 -0.19634 -0.17261 -0.36487 0.19421 -0.12308 0.07260 0.24877 -0.37989 -0.16617 0.00238 -0.05274
-0.1601 -0.01177 1.61908 -0.32835 -0.00882 1.55913 -0.04453 -0.21631 -0.35833 -0.17893 -0.19596 -0.17161 -0.36517 0.19418 -0.12190 0.07155 0.24991 -0.38688 -0.16825 0.00295 -0.05995
-0.15928 -0.01137 1.61097 -0.32795 -0.01046 1.55271 -0.04557 -0.21789 -0.36082 -0.17805 -0.19527 -0.17046 -0.36431 0.19418 -0.12106 0.07003 0.24773 -0.38450 -0.16867 0.00091 -0.05826
-0.1571 -0.01028 1.62095 -0.33108 -0.00824 1.56352 -0.06311 -0.21441 -0.35954 -0.17940 -0.19583 -0.17223 -0.34746 0.19058 -0.12825 0.06968 0.25136 -0.38584 -0.17398 0.00204 -0.05743
-0.26239 0.00936 1.56942 -0.31909 -0.00953 1.50403 -0.06610 -0.20532 -0.34662 -0.17304 -0.18848 -0.16594 -0.44128 0.20079 -0.11742 0.06724 0.24083 -0.37426 -0.05670 -0.01889 -0.06539
-0.13372 -0.01526 1.64178 -0.32291 0.00347 1.60259 -0.07305 -0.21525 -0.36531 -0.18234 -0.19882 -0.17384 -0.31910 0.18479 -0.13427 0.08400 0.26780 -0.37530 -0.18919 0.01873 -0.03919
-0.12647 -0.01871 1.63124 -0.32002 0.00366 1.59435 -0.07483 -0.21369 -0.36359 -0.18134 -0.19735 -0.17281 -0.30890 0.17943 -0.13389 0.08456 0.26653 -0.37111 -0.19355 0.02237 -0.03689
-0.12594 -0.01823 1.62825 -0.32011 0.00296 1.58878 -0.07615 -0.21315 -0.36344 -0.18098 -0.19685 -0.17228 -0.30685 0.17891 -0.13319 0.08365 0.26552 -0.37213 -0.19417 0.02119 -0.03947
-0.12604 -0.01887 1.63138 -0.31952 0.0015 1.59323 -0.07732 -0.21362 -0.36452 -0.18140 -0.19741 -0.17245 -0.30657 0.17845 -0.13415 0.08532 0.26515 -0.37229 -0.19348 0.02037 -0.03815
-0.12466 -0.01902 1.6247 -0.31834 0.00148 1.58573 -0.07767 -0.21246 -0.36290 -0.18063 -0.19653 -0.17172 -0.30386 0.17710 -0.13363 0.08485 0.26416 -0.37149 -0.19368 0.02050 -0.03897
-0.27685 0.00423 1.55766 -0.31504 -0.00956 1.49579 -0.07724 -0.20142 -0.34757 -0.17236 -0.18848 -0.16302 -0.44512 0.18981 -0.12111 0.06988 0.24227 -0.37405 -0.03819 -0.01379 -0.06187
-0.21133 -0.00175 1.60521 -0.32565 -0.01006 1.54904 -0.08009 -0.20867 -0.35984 -0.17857 -0.19528 -0.16822 -0.38555 0.19037 -0.13258 0.07294 0.25079 -0.38669 -0.11432 -0.00831 -0.05617
-0.14538 -0.00794 1.63504 -0.3168 0.00077 1.58411 -0.08094 -0.21143 -0.36407 -0.18052 -0.19758 -0.16951 -0.32162 0.18659 -0.12107 0.08604 0.26465 -0.37215 -0.17142 0.00871 -0.05093
-0.11519 -0.01912 1.66211 -0.32409 0.00084 1.60376 -0.07685 -0.21232 -0.36258 -0.18279 -0.19936 -0.17276 -0.29607 0.18042 -0.11832 0.08393 0.26716 -0.37675 -0.20890 0.01996 -0.05835
-0.09361 -0.02139 1.68946 -0.33202 -0.00602 1.59254 -0.05601 -0.23578 -0.35040 -0.17546 -0.21675 -0.19963 -0.29576 0.20165 -0.10316 0.06850 0.27617 -0.36135 -0.23841 0.01537 -0.09692
-0.05791 -0.0351 1.72703 -0.33467 -0.00715 1.59817 -0.03895 -0.24388 -0.33817 -0.18259 -0.22545 -0.21869 -0.27760 0.19898 -0.07941 0.07294 0.28053 -0.34115 -0.27676 0.02795 -0.12886
-0.01991 -0.05523 1.7881 -0.34398 -0.01383 1.62242 0.00651 -0.27134 -0.29693 -0.18796 -0.23558 -0.22164 -0.28809 0.21049 -0.08148 0.07099 0.28046 -0.33951 -0.32407 0.04140 -0.16568
0.00913 -0.07835 1.82326 -0.35121 -0.02434 1.63466 0.02724 -0.28737 -0.27129 -0.19159 -0.24438 -0.21956 -0.28055 0.20612 -0.07583 0.06722 0.27546 -0.33427 -0.36034 0.05401 -0.18860
0.04109 -0.11201 1.8498 -0.3584 -0.04377 1.63781 0.06661 -0.31848 -0.20948 -0.19515 -0.26379 -0.22239 -0.28924 0.20785 -0.10790 0.06211 0.26303 -0.33489 -0.39949 0.06824 -0.21199
0.06888 -0.14092 1.72972 -0.33864 -0.06229 1.53582 0.12135 -0.35759 -0.14459 -0.19067 -0.30975 -0.17902 -0.29985 0.22291 -0.14205 0.07058 0.27004 -0.34116 -0.40752 0.07863 -0.19390
0.10171 -0.17841 1.68922 -0.33351 -0.08901 1.51656 0.14957 -0.35456 -0.08176 -0.18471 -0.30516 -0.17574 -0.29158 0.18571 -0.20826 0.06703 0.23663 -0.32551 -0.43522 0.08940 -0.17266
0.21818 -0.30305 1.69937 -0.33014 -0.16809 1.57101 0.15056 -0.31708 0.02532 -0.13537 -0.26347 -0.09098 -0.19492 0.05337 -0.43808 0.03374 0.11626 -0.47266 -0.54832 0.13496 -0.12836
0.3039 -0.35774 1.62245 -0.29632 -0.21213 1.53666 0.12835 -0.30055 0.04217 -0.18846 -0.31923 -0.17194 -0.08073 -0.01410 -0.47546 0.10599 0.13970 -0.34957 -0.60022 0.14561 -0.08579
0.4079 -0.42515 1.65884 -0.26321 -0.26447 1.57049 0.14674 -0.37139 0.00538 -0.18757 -0.33442 -0.15409 -0.00221 -0.00504 -0.43690 0.13927 0.10542 -0.35742 -0.67111 0.16068 -0.08835
0.48999 -0.48391 1.71079 -0.2297 -0.31379 1.61186 0.14313 -0.38053 0.01174 -0.18454 -0.32195 -0.15963 0.08026 -0.05181 -0.40935 0.17031 0.04523 -0.32379 -0.71969 0.17012 -0.09893
0.53198 -0.5206 1.74148 -0.19384 -0.35418 1.63397 0.13579 -0.37908 0.02363 -0.14167 -0.30627 0.01403 0.12981 -0.08849 -0.37998 0.16089 -0.00973 -0.46038 -0.72582 0.16642 -0.10751
0.56184 -0.56169 1.86741 -0.17211 -0.4299 1.73115 0.12975 -0.38789 0.05749 -0.16336 -0.33181 -0.00815 0.15693 -0.11823 -0.35089 0.20985 -0.05816 -0.40126 -0.73395 0.13179 -0.13626
0.55937 -0.57094 1.84567 -0.15342 -0.4581 1.708 0.10671 -0.36639 0.11111 -0.16244 -0.32806 0.00094 0.18459 -0.14970 -0.36507 0.22034 -0.09043 -0.37091 -0.71279 0.11284 -0.13767
0.57989 -0.60332 1.90248 -0.13496 -0.4846 1.76634 0.11834 -0.37189 0.10971 -0.16488 -0.34277 0.00665 0.18706 -0.17426 -0.34927 0.24392 -0.10062 -0.35786 -0.71485 0.11872 -0.13614
0.59518 -0.66389 1.83816 -0.11632 -0.47731 1.73276 0.12226 -0.35936 0.10300 -0.15559 -0.34057 0.03481 0.20424 -0.24755 -0.34544 0.24608 -0.09634 -0.35543 -0.71150 0.18658 -0.10540
0.60283 -0.67863 1.8562 -0.10254 -0.49329 1.7702 0.12392 -0.36691 0.09949 -0.12758 -0.34068 0.05672 0.19861 -0.25028 -0.36398 0.23374 -0.11090 -0.37117 -0.70537 0.18534 -0.08600
0.59948 -0.68334 1.85898 -0.09266 -0.50191 1.78535 0.12616 -0.36809 0.09853 -0.12602 -0.34128 0.05914 0.19178 -0.25346 -0.36822 0.24217 -0.11857 -0.36586 -0.69214 0.18143 -0.07363
0.59501 -0.68649 1.85659 -0.08313 -0.47468 1.80006 0.12185 -0.37027 0.09437 -0.12573 -0.34045 0.06024 0.18596 -0.25180 -0.36798 0.25027 -0.09216 -0.34881 -0.67814 0.21181 -0.05653
0.59707 -0.69305 1.87004 -0.102 -0.47333 1.82751 0.12298 -0.37452 0.09243 -0.12416 -0.32864 0.05894 0.18436 -0.25356 -0.37178 0.23056 -0.10308 -0.33508 -0.69907 0.21972 -0.04253
0.60224 -0.70116 1.87721 -0.10492 -0.47983 1.83687 0.12179 -0.37862 0.08903 -0.12413 -0.32293 0.05409 0.18912 -0.25710 -0.37372 0.22840 -0.11500 -0.33328 -0.70716 0.22133 -0.04034
0.5811 -0.67955 1.81822 -0.09381 -0.4996 1.74932 0.11434 -0.36533 0.08446 -0.11981 -0.30647 0.04770 0.18179 -0.24864 -0.36266 0.22848 -0.15304 -0.34821 -0.67491 0.17995 -0.06890
0.59694 -0.70036 1.8624 -0.11331 -0.483 1.8214 0.11410 -0.37418 0.08408 -0.12368 -0.30419 0.03919 0.18804 -0.25708 -0.37544 0.21788 -0.13759 -0.32302 -0.71025 0.21736 -0.04100
0.59697 -0.70099 1.85793 -0.11316 -0.4843 1.81593 0.11148 -0.37503 0.08050 -0.12423 -0.30059 0.03728 0.18972 -0.25582 -0.37477 0.21758 -0.14350 -0.32152 -0.71013 0.21669 -0.04200
0.60024 -0.70777 1.87332 -0.1136 -0.49156 1.83212 0.10902 -0.37867 0.07712 -0.12577 -0.30291 0.03714 0.19036 -0.25672 -0.37856 0.22030 -0.14791 -0.32588 -0.71384 0.21621 -0.04120
0.59138 -0.6961 1.84073 -0.0951 -0.51507 1.77453 0.10966 -0.37364 0.07870 -0.12400 -0.29775 0.03609 0.18864 -0.25251 -0.37335 0.23313 -0.17718 -0.34740 -0.68648 0.18103 -0.06620
0.59744 -0.70373 1.86399 -0.09741 -0.52473 1.79252 0.11109 -0.37825 0.07989 -0.12638 -0.30207 0.03925 0.19032 -0.25506 -0.37541 0.23452 -0.18304 -0.35391 -0.69485 0.17900 -0.07147
0.60485 -0.71397 1.89112 -0.11716 -0.49443 1.85636 0.11260 -0.38355 0.08046 -0.13012 -0.31608 0.05916 0.19233 -0.25921 -0.37875 0.22109 -0.13803 -0.33977 -0.72201 0.21954 -0.03476
0.5948 -0.70222 1.85952 -0.11508 -0.48694 1.82445 0.11082 -0.37770 0.07899 -0.12762 -0.31042 0.05655 0.18916 -0.25467 -0.37328 0.21702 -0.13673 -0.33475 -0.70988 0.21528 -0.03507
0.60195 -0.71016 1.88103 -0.11614 -0.49315 1.84562 0.11215 -0.38248 0.07964 -0.12874 -0.31331 0.05638 0.19187 -0.25734 -0.37676 0.21921 -0.13945 -0.33764 -0.71809 0.21701 -0.03541
]
