classifier_Monkey_jumps_on_fence_24120 [ 0.57029 -0.74856 1.93779 -0.15416 -0.64533 1.81561 0.09455 -0.36327 -0.00187 -0.09918 -0.33166 0.03545 0.19323 -0.31214 -0.29539 0.16600 -0.28237 -0.40389 -0.72445 0.10323 -0.12218
0.57132 -0.7494 1.93719 -0.15374 -0.64523 1.81536 0.09440 -0.36308 -0.00187 -0.09918 -0.33166 0.03534 0.19425 -0.31290 -0.29614 0.16640 -0.28235 -0.40429 -0.72506 0.10417 -0.12183
0.57042 -0.74987 1.93794 -0.15359 -0.64567 1.81512 0.09462 -0.36338 -0.00160 -0.09921 -0.33133 0.03500 0.19334 -0.31307 -0.29592 0.16661 -0.28314 -0.40460 -0.72401 0.10420 -0.12282
0.57187 -0.74964 1.94271 -0.15305 -0.64567 1.81677 0.09460 -0.36361 -0.00128 -0.10263 -0.33358 0.03509 0.19461 -0.31226 -0.29246 0.16726 -0.28312 -0.40420 -0.72492 0.10397 -0.12594
0.57919 -0.74865 1.94142 -0.1535 -0.64566 1.81601 0.09521 -0.36406 0.00027 -0.10248 -0.33304 0.03470 0.20193 -0.31068 -0.29434 0.16672 -0.28368 -0.40386 -0.73269 0.10299 -0.12541
0.5935 -0.74503 1.96246 -0.21605 -0.61168 1.92126 0.09703 -0.36085 0.01119 -0.10537 -0.33353 0.03570 0.21487 -0.30991 -0.28080 0.10479 -0.25063 -0.29635 -0.80955 0.13335 -0.04120
0.59428 -0.74536 1.98808 -0.1752 -0.629 1.84491 0.09869 -0.35887 0.02688 -0.10595 -0.33204 0.03552 0.21556 -0.31220 -0.26869 0.14674 -0.26906 -0.37156 -0.76948 0.11636 -0.14317
0.5952 -0.72501 1.98016 -0.17301 -0.62562 1.8373 0.09886 -0.35389 0.04573 -0.10962 -0.32876 0.03540 0.21684 -0.29679 -0.29126 0.15286 -0.26879 -0.37514 -0.76821 0.09939 -0.14286
0.59522 -0.68533 1.94664 -0.17271 -0.61841 1.83107 0.09813 -0.34960 0.05949 -0.11564 -0.32597 0.03395 0.21756 -0.26129 -0.33945 0.15999 -0.26402 -0.38103 -0.76793 0.06692 -0.11557
0.56378 -0.63324 1.88754 -0.17135 -0.59557 1.7849 0.10039 -0.33262 0.10492 -0.12381 -0.31121 0.02580 0.19016 -0.22785 -0.39454 0.16510 -0.25644 -0.37075 -0.73513 0.03767 -0.10264
0.48529 -0.56488 1.947 -0.17509 -0.5837 1.81493 0.10631 -0.32982 0.10822 -0.13739 -0.31010 0.01791 0.10104 -0.16111 -0.37646 0.17901 -0.24523 -0.36993 -0.66038 -0.01882 -0.13207
0.43761 -0.49592 1.85227 -0.18285 -0.52084 1.79045 0.12147 -0.30597 0.11880 -0.14809 -0.29693 0.00571 0.04312 -0.11760 -0.44347 0.17869 -0.19621 -0.34434 -0.62046 -0.02492 -0.06182
0.29563 -0.36974 1.83112 -0.17996 -0.43173 1.77841 0.16004 -0.25305 0.04661 -0.16057 -0.27505 -0.03946 -0.14018 -0.05019 -0.44860 0.20039 -0.12921 -0.36635 -0.47559 -0.06199 -0.05271
0.25317 -0.32713 1.87228 -0.17333 -0.37907 1.79537 0.16506 -0.26733 -0.00309 -0.16506 -0.27196 -0.05889 -0.19408 0.00813 -0.40961 0.21458 -0.08152 -0.38082 -0.42650 -0.05194 -0.07691
0.17937 -0.26113 1.72496 -0.14519 -0.29895 1.64593 0.20363 -0.28295 -0.04923 -0.15367 -0.24246 -0.08153 -0.28640 0.08489 -0.34855 0.21367 -0.03466 -0.34887 -0.32456 -0.03782 -0.07903
0.14985 -0.23894 1.85972 -0.15448 -0.27593 1.77581 0.15694 -0.25517 -0.13665 -0.15016 -0.25157 -0.15717 -0.29290 0.08464 -0.32178 0.21826 -0.00223 -0.33457 -0.30433 -0.03699 -0.08391
-0.0699 -0.20977 1.68772 -0.11979 -0.21108 1.67877 0.12026 -0.21660 -0.20459 -0.12464 -0.23112 -0.22011 -0.46334 0.07106 -0.32768 0.21749 0.04038 -0.27264 -0.04989 -0.00131 -0.00895
-0.08064 -0.15036 1.59098 -0.0323 -0.14541 1.5945 0.11467 -0.20739 -0.23461 -0.11874 -0.21749 -0.22206 -0.45444 0.11623 -0.28922 0.28874 0.09013 -0.25236 0.04834 0.00495 0.00352
-0.10233 -0.11845 1.54191 0.04333 -0.09168 1.58137 0.01945 -0.13341 -0.33447 -0.11787 -0.21225 -0.23264 -0.37298 0.07078 -0.18157 0.35814 0.13537 -0.19957 0.14566 0.02677 0.03946
-0.10822 -0.08724 1.47653 0.06025 -0.05588 1.51938 0.03291 -0.13446 -0.32230 -0.10711 -0.21064 -0.30129 -0.37693 0.08983 -0.17971 0.35750 0.16588 -0.11561 0.16847 0.03136 0.04285
-0.12265 -0.07473 1.4864 0.11464 -0.03766 1.53145 0.05190 -0.12634 -0.32873 -0.06268 -0.16294 -0.34443 -0.40977 0.09356 -0.17581 0.36884 0.13571 -0.07363 0.23729 0.03707 0.04505
-0.11932 -0.05175 1.48793 0.10024 -0.01715 1.51802 0.06641 -0.11606 -0.33231 -0.08167 -0.16643 -0.33965 -0.42033 0.10791 -0.17435 0.37405 0.15959 -0.09603 0.21956 0.03460 0.03009
-0.08475 -0.02172 1.51406 0.09321 -0.0079 1.53765 0.11014 -0.10784 -0.31644 -0.09956 -0.16775 -0.34085 -0.42995 0.14147 -0.19072 0.38753 0.17051 -0.10446 0.17796 0.01382 0.02359
0.17228 -0.00455 1.68461 -0.16488 -0.01214 1.65759 0.18899 -0.20854 -0.32254 -0.17632 -0.17350 -0.32075 -0.21680 0.11963 -0.30478 0.22138 0.18119 -0.18780 -0.33716 -0.00759 -0.02702
0.23759 -0.01258 1.70616 -0.24829 -0.04374 1.67597 0.22564 -0.23786 -0.27743 -0.21052 -0.18178 -0.29816 -0.18920 0.14055 -0.34220 0.17172 0.15761 -0.20527 -0.48588 -0.03116 -0.03019
0.33501 -0.04328 1.73379 -0.34303 -0.07424 1.69736 0.28128 -0.24042 -0.19233 -0.26569 -0.19470 -0.21688 -0.15779 0.16517 -0.34667 0.13149 0.13789 -0.25864 -0.67804 -0.03096 -0.03643
0.37751 -0.06478 1.76846 -0.37302 -0.08464 1.73063 0.30983 -0.24779 -0.16088 -0.27678 -0.20094 -0.20917 -0.15791 0.17480 -0.35288 0.11582 0.13351 -0.25896 -0.75053 -0.01986 -0.03783
0.43251 -0.09851 1.77403 -0.41217 -0.0795 1.74369 0.31679 -0.25555 -0.10560 -0.26842 -0.20697 -0.12682 -0.11829 0.16910 -0.36372 0.09581 0.15098 -0.31073 -0.84468 0.01901 -0.03034
0.43235 -0.1025 1.74077 -0.41252 -0.05798 1.71838 0.30930 -0.25665 -0.08355 -0.30051 -0.26458 -0.09371 -0.10765 0.16954 -0.36916 0.11989 0.22911 -0.32324 -0.84487 0.04452 -0.02239
0.43254 -0.10792 1.74095 -0.42203 -0.03438 1.74828 0.30434 -0.26210 -0.07290 -0.29524 -0.26668 -0.09746 -0.10244 0.17144 -0.36941 0.11263 0.25642 -0.28516 -0.85457 0.07354 0.00733
0.42899 -0.10503 1.84823 -0.39721 0.10705 1.88235 0.30786 -0.28987 -0.07440 -0.23467 -0.19040 -0.13511 -0.12190 0.20448 -0.37387 0.08411 0.32113 -0.22426 -0.82620 0.21208 0.03412
0.41804 -0.10247 1.85324 -0.38935 0.10629 1.87494 0.30201 -0.29445 -0.07935 -0.23608 -0.19238 -0.13512 -0.12709 0.21291 -0.36162 0.09015 0.32136 -0.22928 -0.80739 0.20876 0.02170
0.39376 -0.09842 1.84377 -0.39365 -0.02597 1.82918 0.29337 -0.29459 -0.10338 -0.22168 -0.23486 -0.10580 -0.14209 0.21840 -0.33607 0.06698 0.23065 -0.29331 -0.78741 0.07245 -0.01459
0.38467 -0.0959 1.83196 -0.40655 -0.12767 1.78917 0.28980 -0.29191 -0.10840 -0.20074 -0.24583 -0.07923 -0.14635 0.21920 -0.32552 0.03567 0.14029 -0.34672 -0.79122 -0.03177 -0.04279
0.38471 -0.09628 1.85985 -0.43411 -0.20029 1.77447 0.29365 -0.29540 -0.11169 -0.18798 -0.25276 -0.05793 -0.15398 0.22352 -0.32541 0.00136 0.07532 -0.41559 -0.81882 -0.10401 -0.08538
0.36661 -0.09226 1.82888 -0.43879 -0.17152 1.76232 0.29009 -0.28764 -0.11470 -0.18535 -0.25802 -0.04919 -0.16470 0.21977 -0.31530 -0.00819 0.10958 -0.40134 -0.80540 -0.07926 -0.06656
0.33398 -0.08404 1.70314 -0.41047 -0.14039 1.64532 0.27248 -0.26370 -0.11191 -0.18837 -0.30630 0.00750 -0.16325 0.20263 -0.28854 0.00743 0.18757 -0.42443 -0.74445 -0.05635 -0.05782
0.3278 -0.08286 1.70782 -0.41359 -0.12895 1.64951 0.27583 -0.26072 -0.11768 -0.18868 -0.30521 0.00179 -0.17387 0.20117 -0.28754 0.00675 0.19792 -0.42502 -0.74139 -0.04609 -0.05831
0.32087 -0.08439 1.70908 -0.4151 -0.12238 1.65198 0.27938 -0.25614 -0.12148 -0.18959 -0.30239 -0.00205 -0.18462 0.19528 -0.28509 0.00761 0.20144 -0.42251 -0.73597 -0.03799 -0.05710
0.3197 -0.09189 1.72268 -0.42269 -0.12008 1.66143 0.28400 -0.24378 -0.14278 -0.20378 -0.29973 -0.00702 -0.19254 0.17581 -0.26981 0.00841 0.19942 -0.42404 -0.74239 -0.02819 -0.06125
0.32303 -0.12367 1.72176 -0.42639 -0.11562 1.65023 0.30934 -0.22358 -0.11598 -0.21116 -0.29597 -0.01019 -0.21333 0.12371 -0.28532 0.00747 0.19903 -0.41840 -0.74942 0.00805 -0.07153
0.34161 -0.17499 1.78416 -0.44211 -0.11932 1.70918 0.28427 -0.17137 -0.07719 -0.21498 -0.30464 -0.01592 -0.17810 0.02103 -0.33879 0.01041 0.20484 -0.43137 -0.78372 0.05567 -0.07498
0.33478 -0.22564 1.74038 -0.43275 -0.11597 1.65611 0.33446 -0.13363 -0.03323 -0.21597 -0.29668 -0.01913 -0.23165 -0.06551 -0.36461 0.01025 0.19902 -0.41858 -0.76753 0.10967 -0.08427
0.32668 -0.28314 1.69381 -0.41878 -0.11325 1.60264 0.31947 -0.09313 0.05642 -0.21170 -0.28623 -0.02103 -0.21718 -0.16533 -0.42999 0.01030 0.19032 -0.39962 -0.74546 0.16989 -0.09117
0.34268 -0.32793 1.74034 -0.42107 -0.11389 1.61721 0.31319 -0.07737 0.04305 -0.21430 -0.28917 -0.02063 -0.20038 -0.22538 -0.38562 0.01119 0.19268 -0.40029 -0.76375 0.21404 -0.12313
0.35594 -0.36732 1.79174 -0.41887 -0.11536 1.62478 0.31327 -0.06946 -0.01393 -0.20284 -0.28924 -0.02571 -0.19041 -0.27257 -0.27916 0.01358 0.19385 -0.39432 -0.77481 0.25196 -0.16696
0.35111 -0.4197 1.84339 -0.41808 -0.11408 1.63092 0.31383 -0.06561 -0.01253 -0.19883 -0.29197 -0.02918 -0.19864 -0.33013 -0.23193 0.01501 0.19925 -0.39010 -0.76919 0.30562 -0.21247
0.34971 -0.44155 1.99399 -0.43324 -0.12069 1.70654 0.29336 -0.09493 -0.03073 -0.20454 -0.30583 -0.03096 -0.19220 -0.32394 -0.15274 0.01810 0.20791 -0.40302 -0.78295 0.32086 -0.28745
0.32311 -0.41252 2.07625 -0.43589 -0.12645 1.73355 0.29701 -0.09993 -0.03068 -0.20441 -0.31081 -0.03095 -0.22436 -0.29238 -0.09909 0.02074 0.20802 -0.40489 -0.75900 0.28607 -0.34270
0.25376 -0.37428 2.1688 -0.44415 -0.13081 1.76825 0.30090 -0.10346 -0.02959 -0.20930 -0.32132 -0.03006 -0.30125 -0.25326 -0.04769 0.02311 0.21479 -0.41113 -0.69791 0.24347 -0.40055
0.22156 -0.30715 2.16789 -0.44331 -0.132 1.77345 0.29864 -0.09685 -0.01748 -0.20989 -0.32359 -0.02951 -0.33214 -0.19413 -0.06403 0.02555 0.21587 -0.40992 -0.66487 0.17515 -0.39444
0.07412 -0.31167 1.96591 -0.42009 -0.12969 1.68475 0.29124 -0.06759 0.00565 -0.19765 -0.30589 -0.02514 -0.45965 -0.22902 -0.17259 0.02350 0.19934 -0.38815 -0.49421 0.18198 -0.28116
0.07259 -0.29688 1.97922 -0.4225 -0.13403 1.69451 0.30187 -0.02111 0.02251 -0.19879 -0.30940 -0.02104 -0.47495 -0.26350 -0.18984 0.02388 0.19869 -0.39454 -0.49509 0.16285 -0.28471
0.20598 -0.23314 2.08773 -0.43607 -0.1412 1.755 0.30868 -0.02018 0.02157 -0.20599 -0.32229 -0.01956 -0.35940 -0.20444 -0.15886 0.02620 0.20528 -0.40917 -0.64205 0.09194 -0.33273
0.31743 -0.2308 2.04093 -0.43129 -0.13998 1.7409 0.29426 -0.01758 0.03662 -0.20489 -0.32255 -0.01619 -0.24683 -0.21876 -0.20719 0.02766 0.20654 -0.40698 -0.74872 0.09082 -0.30003
0.35513 -0.29055 2.07736 -0.43004 -0.15266 1.74409 0.29415 -0.01993 0.03744 -0.20383 -0.32489 -0.01358 -0.20917 -0.27707 -0.17482 0.02836 0.19626 -0.40955 -0.78517 0.13789 -0.33327
0.23812 -0.20287 2.15198 -0.4324 -0.16305 1.77565 0.29714 -0.03603 0.04231 -0.20454 -0.33007 -0.01228 -0.33203 -0.17046 -0.14501 0.03153 0.19163 -0.41842 -0.67052 0.03982 -0.37633
0.25041 -0.17549 2.12395 -0.43019 -0.16141 1.76759 0.30089 -0.03929 0.05541 -0.20037 -0.32774 -0.00563 -0.32100 -0.13836 -0.17666 0.02837 0.19072 -0.42203 -0.68060 0.01408 -0.35636
0.19082 -0.18856 1.95653 -0.4109 -0.14798 1.67581 0.28769 -0.04247 0.05060 -0.19034 -0.31010 -0.00441 -0.35246 -0.14758 -0.22645 0.02417 0.18512 -0.40164 -0.60172 0.04058 -0.28072
0.20953 -0.17969 1.93567 -0.4157 -0.14792 1.695 0.28282 -0.07890 0.01881 -0.19307 -0.31419 -0.00500 -0.33011 -0.10133 -0.24459 0.02541 0.18962 -0.40941 -0.62523 0.03177 -0.24067
0.2958 -0.12766 1.90568 -0.42428 -0.1537 1.72898 0.28541 -0.09826 -0.01479 -0.19839 -0.32136 -0.01073 -0.24902 -0.02804 -0.29932 0.02887 0.19165 -0.42643 -0.72008 -0.02604 -0.17670
0.30546 -0.039 1.93459 -0.42425 -0.15296 1.7684 0.26687 -0.16863 -0.01647 -0.20517 -0.32255 -0.03638 -0.21276 0.14027 -0.34165 0.04455 0.19446 -0.43662 -0.72971 -0.11396 -0.16619
0.2756 0.00742 1.79476 -0.3835 -0.12908 1.63055 0.30686 -0.24110 -0.02699 -0.19017 -0.28870 -0.06866 -0.26151 0.26137 -0.29930 0.05057 0.18263 -0.37477 -0.65910 -0.13650 -0.16421
0.27772 0.03843 1.80061 -0.37394 -0.11579 1.63056 0.28151 -0.25906 -0.05089 -0.19813 -0.29851 -0.10648 -0.23296 0.31312 -0.27191 0.06838 0.20570 -0.34026 -0.65166 -0.15422 -0.17005
0.2934 0.05574 1.88214 -0.38085 -0.11055 1.70661 0.23859 -0.27152 -0.13738 -0.20463 -0.31038 -0.10882 -0.18405 0.34518 -0.19900 0.07874 0.22367 -0.35585 -0.67425 -0.16629 -0.17553
0.28023 0.04827 1.82596 -0.36072 -0.09893 1.66944 0.22753 -0.29315 -0.09894 -0.19823 -0.30297 -0.10680 -0.17972 0.36148 -0.23883 0.08605 0.22715 -0.34282 -0.64095 -0.14720 -0.15652
0.27698 0.02225 1.85684 -0.36304 -0.10069 1.70373 0.23219 -0.30520 -0.09790 -0.16985 -0.25737 -0.11243 -0.19245 0.35213 -0.26850 0.06223 0.18032 -0.36382 -0.64002 -0.12294 -0.15311
0.26091 -0.01525 1.7906 -0.34706 -0.09287 1.67579 0.21866 -0.31051 -0.09567 -0.17963 -0.29390 -0.11054 -0.18823 0.31996 -0.28339 0.08177 0.22400 -0.34187 -0.60797 -0.07762 -0.11481
0.25111 -0.04814 1.75383 -0.33901 -0.09104 1.65217 0.21270 -0.32341 -0.09478 -0.17799 -0.29435 -0.12036 -0.18735 0.30020 -0.29102 0.08470 0.22590 -0.32736 -0.59012 -0.04290 -0.10166
0.25089 -0.06849 1.77251 -0.34098 -0.09925 1.67976 0.21082 -0.33636 -0.09467 -0.16371 -0.27158 -0.11231 -0.18781 0.29305 -0.30111 0.07159 0.19516 -0.33655 -0.59187 -0.03076 -0.09275
0.24628 -0.07251 1.75162 -0.3343 -0.09744 1.65771 0.20338 -0.33545 -0.09290 -0.17117 -0.28942 -0.12462 -0.18129 0.28792 -0.29653 0.08250 0.21446 -0.32035 -0.58058 -0.02493 -0.09391
0.24705 -0.06928 1.75407 -0.33192 -0.09534 1.65982 0.19999 -0.33699 -0.09378 -0.17351 -0.29337 -0.12618 -0.17633 0.29273 -0.29094 0.08682 0.22044 -0.31511 -0.57897 -0.02606 -0.09425
0.2482 -0.06511 1.75245 -0.33074 -0.09479 1.65365 0.19769 -0.33719 -0.09450 -0.17663 -0.29725 -0.12942 -0.17178 0.29705 -0.28651 0.09035 0.22475 -0.31345 -0.57894 -0.02968 -0.09880
0.25029 -0.06233 1.76238 -0.33156 -0.09168 1.67181 0.19748 -0.33918 -0.09759 -0.17914 -0.30085 -0.13064 -0.17038 0.30187 -0.28467 0.09318 0.23149 -0.30522 -0.58185 -0.02935 -0.09057
0.25132 -0.06073 1.76334 -0.33175 -0.09015 1.66932 0.19773 -0.33964 -0.09859 -0.18036 -0.30223 -0.12912 -0.16977 0.30384 -0.28623 0.09448 0.23436 -0.31279 -0.58307 -0.02942 -0.09402
0.25605 -0.06256 1.79914 -0.33687 -0.09161 1.70304 0.20268 -0.34699 -0.10063 -0.16638 -0.27040 -0.12467 -0.17457 0.30980 -0.29614 0.08082 0.20150 -0.33085 -0.59292 -0.02905 -0.09610
0.25365 -0.06787 1.79399 -0.33413 -0.09257 1.70582 0.20270 -0.34636 -0.10029 -0.16462 -0.26815 -0.12239 -0.17622 0.30367 -0.29813 0.08138 0.19818 -0.32729 -0.58778 -0.02470 -0.08817
0.23133 -0.09134 1.72457 -0.31898 -0.10087 1.65888 0.18755 -0.34220 -0.08400 -0.17726 -0.31001 -0.12913 -0.17509 0.27493 -0.30950 0.10076 0.23097 -0.29526 -0.55031 -0.00953 -0.06569
0.22242 -0.11723 1.76002 -0.32332 -0.11646 1.70485 0.18244 -0.35578 -0.09446 -0.16596 -0.29632 -0.11670 -0.18464 0.26252 -0.32202 0.09193 0.20230 -0.32008 -0.54574 0.00077 -0.05517
0.19494 -0.14705 1.75641 -0.31968 -0.14137 1.72282 0.13441 -0.37852 -0.10597 -0.16620 -0.29937 -0.11528 -0.16631 0.25552 -0.33402 0.09792 0.18031 -0.32312 -0.51462 0.00568 -0.03359
0.15005 -0.163 1.72696 -0.31194 -0.16216 1.71498 0.09243 -0.39092 -0.09992 -0.16399 -0.30034 -0.11310 -0.16873 0.25202 -0.36218 0.10307 0.16053 -0.32649 -0.46199 0.00084 -0.01198
0.05502 -0.11655 1.73893 -0.30164 -0.19716 1.74223 -0.02950 -0.34478 -0.23368 -0.16367 -0.30747 -0.09999 -0.14503 0.25555 -0.25794 0.11881 0.13395 -0.35605 -0.35666 -0.08061 0.00330
0.018 -0.06129 1.72326 -0.28939 -0.2156 1.7184 -0.05258 -0.27131 -0.26844 -0.16282 -0.30726 -0.10000 -0.15483 0.23744 -0.21608 0.12810 0.11505 -0.36033 -0.30739 -0.15431 -0.00486
-0.02505 0.04562 1.75234 -0.28949 -0.21154 1.75506 -0.07874 -0.23053 -0.30903 -0.16277 -0.32079 -0.11328 -0.17391 0.30265 -0.19557 0.13483 0.13292 -0.36357 -0.26444 -0.25716 0.00272
-0.10472 0.24539 1.73922 -0.27681 -0.19444 1.70137 -0.15750 -0.08516 -0.38673 -0.13912 -0.32826 -0.15230 -0.16327 0.35066 -0.06792 0.11951 0.15727 -0.32143 -0.17209 -0.43983 -0.03785
-0.14783 0.30763 1.82454 -0.28487 -0.19241 1.73563 -0.14723 -0.07371 -0.36139 -0.13855 -0.34111 -0.16722 -0.19029 0.39609 -0.03022 0.12562 0.17229 -0.33878 -0.13704 -0.50004 -0.08891
-0.24048 0.26886 1.88422 -0.29371 -0.17572 1.73456 -0.20184 -0.03552 -0.33447 -0.14216 -0.33867 -0.18130 -0.22841 0.31857 -0.00115 0.12127 0.18766 -0.32760 -0.05323 -0.44458 -0.14966
-0.39535 0.06941 1.82435 -0.28582 -0.16743 1.63052 -0.27015 -0.13001 -0.24821 -0.14271 -0.32964 -0.18003 -0.29580 0.21749 -0.02461 0.11126 0.17903 -0.32257 0.10953 -0.23684 -0.19383
-0.41816 -0.01148 1.78378 -0.28259 -0.17614 1.5908 -0.21636 -0.15875 -0.21717 -0.14097 -0.31553 -0.18718 -0.36946 0.16460 -0.04753 0.10721 0.15569 -0.30401 0.13557 -0.16466 -0.19298
-0.45423 -0.06657 1.8144 -0.29105 -0.18307 1.60885 -0.20758 -0.19285 -0.20659 -0.12896 -0.30821 -0.20214 -0.41688 0.14369 -0.05467 0.09122 0.14152 -0.29904 0.16318 -0.11650 -0.20555
-0.48996 -0.09282 1.84272 -0.30175 -0.18793 1.63771 -0.20646 -0.20709 -0.20276 -0.13808 -0.27715 -0.22032 -0.45525 0.13249 -0.06290 0.09491 0.10620 -0.28744 0.18821 -0.09511 -0.20501
-0.49233 -0.10525 1.85518 -0.30749 -0.19779 1.63686 -0.20517 -0.21300 -0.19984 -0.13905 -0.27489 -0.22216 -0.45816 0.12639 -0.05726 0.09203 0.09464 -0.29268 0.18484 -0.09254 -0.21832
-0.4619 -0.12029 1.876 -0.31413 -0.20276 1.64121 -0.20493 -0.21440 -0.19938 -0.13991 -0.27315 -0.22279 -0.42761 0.11295 -0.04353 0.08824 0.08835 -0.29601 0.14777 -0.08247 -0.23479
-0.45653 -0.0672 1.81231 -0.31318 -0.18739 1.603 -0.18743 -0.20760 -0.18319 -0.14751 -0.31900 -0.20295 -0.42324 0.15950 -0.05834 0.09791 0.14948 -0.30438 0.14335 -0.12019 -0.20931
-0.45884 -0.05385 1.82159 -0.31512 -0.18814 1.61263 -0.18576 -0.20724 -0.18266 -0.13895 -0.31797 -0.20644 -0.42478 0.17336 -0.06352 0.09292 0.14470 -0.31150 0.14372 -0.13429 -0.20896
-0.47333 -0.04888 1.88869 -0.32753 -0.19053 1.665 -0.18802 -0.21036 -0.18717 -0.10119 -0.25752 -0.15364 -0.43969 0.18356 -0.07060 0.05484 0.08152 -0.39704 0.14580 -0.14165 -0.22369
-0.45234 -0.0422 1.81451 -0.31613 -0.1837 1.60801 -0.17907 -0.20023 -0.18004 -0.14718 -0.32264 -0.20565 -0.42090 0.17929 -0.07235 0.10292 0.15210 -0.32108 0.13621 -0.14150 -0.20650
-0.44586 -0.03923 1.80863 -0.31519 -0.18087 1.60569 -0.17873 -0.19952 -0.18053 -0.14497 -0.32323 -0.20446 -0.41380 0.18161 -0.07253 0.10201 0.15486 -0.31988 0.13067 -0.14164 -0.20294
-0.44988 -0.03655 1.84355 -0.32071 -0.18316 1.63662 -0.18168 -0.20292 -0.18454 -0.14724 -0.32946 -0.20916 -0.41726 0.18825 -0.07384 0.10472 0.15853 -0.32634 0.12917 -0.14661 -0.20693
-0.43748 -0.02877 1.80747 -0.3134 -0.17951 1.60778 -0.17832 -0.19873 -0.18239 -0.14371 -0.32312 -0.20488 -0.40507 0.19139 -0.06966 0.10357 0.15509 -0.31556 0.12408 -0.15074 -0.19969
-0.43244 -0.02286 1.81283 -0.31392 -0.17833 1.60953 -0.17859 -0.19915 -0.18423 -0.14358 -0.32359 -0.20584 -0.39995 0.19778 -0.06635 0.10374 0.15641 -0.31695 0.11852 -0.15547 -0.20330
-0.42813 -0.01265 1.81948 -0.31551 -0.17594 1.61478 -0.18021 -0.19895 -0.18922 -0.14284 -0.31883 -0.21670 -0.39781 0.20737 -0.06401 0.10074 0.15521 -0.30571 0.11262 -0.16329 -0.20470
-0.42025 -0.0042 1.81595 -0.31609 -0.17064 1.60562 -0.18086 -0.19736 -0.19271 -0.14402 -0.32157 -0.20839 -0.39160 0.21361 -0.05967 0.09923 0.16415 -0.31440 0.10416 -0.16644 -0.21033
-0.41001 0.00536 1.80902 -0.31417 -0.16502 1.60173 -0.18048 -0.19582 -0.19490 -0.14494 -0.32327 -0.20021 -0.38281 0.22127 -0.05541 0.09939 0.17224 -0.31424 0.09584 -0.17038 -0.20729
-0.38156 0.01551 1.81571 -0.31391 -0.16089 1.60381 -0.17702 -0.19593 -0.20081 -0.14857 -0.32270 -0.19760 -0.36017 0.23148 -0.04793 0.10121 0.17900 -0.31539 0.06765 -0.17640 -0.21190
-0.37625 0.01558 1.90743 -0.32942 -0.16505 1.68237 -0.17429 -0.20403 -0.21539 -0.15693 -0.33714 -0.20260 -0.36676 0.24059 -0.04283 0.10520 0.19130 -0.33266 0.04683 -0.18063 -0.22506
-0.3495 0.01787 1.91779 -0.33079 -0.16622 1.69051 -0.16104 -0.20790 -0.22106 -0.15769 -0.33405 -0.19422 -0.35611 0.24677 -0.03497 0.10303 0.18882 -0.33686 0.01871 -0.18409 -0.22728
-0.2716 -0.00558 1.91604 -0.32591 -0.16041 1.7063 -0.16449 -0.20721 -0.22630 -0.15797 -0.32732 -0.18077 -0.27872 0.22310 -0.02834 0.10372 0.19107 -0.32310 -0.05431 -0.15483 -0.20974
-0.22047 -0.05933 1.96026 -0.32971 -0.17408 1.75718 -0.05352 -0.26940 -0.21453 -0.16016 -0.33484 -0.18257 -0.34691 0.23273 -0.05787 0.10960 0.18582 -0.33017 -0.10924 -0.11475 -0.20308
-0.19702 -0.09116 1.9583 -0.31778 -0.18324 1.75766 -0.00778 -0.28750 -0.18763 -0.16286 -0.34164 -0.18885 -0.37413 0.22020 -0.10674 0.12671 0.18382 -0.34041 -0.12076 -0.09208 -0.20064
-0.15595 -0.12537 1.82747 -0.28124 -0.20285 1.6131 0.02844 -0.29006 -0.14475 -0.15474 -0.29356 -0.13275 -0.36091 0.18892 -0.13898 0.13718 0.11460 -0.39414 -0.12529 -0.07748 -0.21437
-0.07138 -0.21909 1.84767 -0.26207 -0.24223 1.66167 0.09094 -0.32216 -0.07058 -0.15749 -0.27947 -0.07092 -0.34560 0.12945 -0.23642 0.16417 0.06167 -0.44733 -0.19069 -0.02314 -0.18600
-0.01158 -0.27907 1.79732 -0.24859 -0.29561 1.69045 0.10267 -0.32392 -0.03148 -0.14690 -0.26658 -0.05466 -0.29847 0.07217 -0.30482 0.16432 -0.00451 -0.40953 -0.23701 -0.01654 -0.10687
0.06566 -0.34927 1.77701 -0.22725 -0.35986 1.74351 0.11239 -0.32946 0.00547 -0.16313 -0.31039 -0.01757 -0.23617 0.00884 -0.39687 0.20723 -0.02349 -0.42474 -0.29291 -0.01059 -0.03350
0.16139 -0.41744 1.76271 -0.19917 -0.42296 1.77839 0.11475 -0.33677 0.03728 -0.15852 -0.31796 -0.00864 -0.14598 -0.05041 -0.45080 0.23156 -0.07827 -0.40316 -0.36056 -0.00552 0.01568
0.23765 -0.44691 1.62106 -0.1548 -0.45423 1.69355 0.11050 -0.36961 0.00274 -0.13612 -0.30203 0.00550 -0.05587 -0.04771 -0.41473 0.23466 -0.12626 -0.35393 -0.39245 -0.00732 0.07249
0.31883 -0.49471 1.68095 -0.13669 -0.50606 1.71819 0.11352 -0.35284 0.07691 -0.11788 -0.31604 0.02379 0.01900 -0.11121 -0.43298 0.23242 -0.16216 -0.34665 -0.45552 -0.01135 0.03724
0.40752 -0.55083 1.77454 -0.1289 -0.57548 1.79251 0.08557 -0.35117 0.06197 -0.10908 -0.31951 0.02976 0.09736 -0.15295 -0.40936 0.23418 -0.22543 -0.34166 -0.53642 -0.02465 0.01797
0.45977 -0.64289 1.96546 -0.12928 -0.6466 1.90433 0.08729 -0.37366 0.06696 -0.10227 -0.34110 0.04089 0.12955 -0.21841 -0.35069 0.24050 -0.27301 -0.36569 -0.58905 -0.00371 -0.06113
0.48934 -0.66172 2.00631 -0.11702 -0.65329 1.90143 0.09153 -0.37793 0.06801 -0.09867 -0.34376 0.05444 0.15506 -0.23318 -0.31013 0.23955 -0.27460 -0.37914 -0.60636 0.00843 -0.10488
0.51332 -0.6752 2.01631 -0.11771 -0.64673 1.8884 0.08698 -0.37977 0.06713 -0.10118 -0.34247 0.05897 0.17117 -0.24087 -0.29057 0.23127 -0.26767 -0.38403 -0.63103 0.02847 -0.12791
0.50104 -0.65548 1.95199 -0.10853 -0.61085 1.78758 0.09205 -0.36696 0.06353 -0.09877 -0.32448 0.05844 0.16721 -0.23705 -0.23933 0.21852 -0.25070 -0.37307 -0.60957 0.04463 -0.16441
0.54084 -0.66528 1.92302 -0.11216 -0.61093 1.78701 0.10217 -0.37635 0.06250 -0.10197 -0.32351 0.05878 0.19676 -0.23756 -0.26927 0.21120 -0.25120 -0.37533 -0.65300 0.05435 -0.13601
0.54885 -0.6758 1.92603 -0.11267 -0.61311 1.78807 0.10521 -0.37633 0.06214 -0.10653 -0.32130 0.06051 0.19630 -0.24665 -0.26826 0.20728 -0.25486 -0.37540 -0.66152 0.06269 -0.13796
0.58094 -0.69491 1.85303 -0.11046 -0.59766 1.74099 0.10431 -0.36642 0.05680 -0.10723 -0.31082 0.05809 0.23133 -0.27597 -0.27957 0.19792 -0.25063 -0.36255 -0.69140 0.09725 -0.11204
0.57853 -0.69847 1.8479 -0.1134 -0.60031 1.74426 0.07792 -0.35844 0.04397 -0.11118 -0.31059 0.05997 0.22167 -0.27313 -0.28787 0.19221 -0.25370 -0.36485 -0.69193 0.09816 -0.10364
0.5772 -0.70131 1.84334 -0.11509 -0.60083 1.74515 0.07642 -0.35985 0.03928 -0.11499 -0.30958 0.06134 0.21557 -0.27201 -0.29164 0.18703 -0.25591 -0.36614 -0.69229 0.10048 -0.09819
0.57007 -0.69882 1.82665 -0.1142 -0.5965 1.72776 0.07404 -0.35573 0.03538 -0.11480 -0.30667 0.06422 0.20846 -0.27268 -0.28985 0.18077 -0.25556 -0.36998 -0.68427 0.10232 -0.09889
0.57669 -0.71171 1.85134 -0.12636 -0.61092 1.75689 0.07089 -0.36015 0.03356 -0.11659 -0.31148 0.06843 0.20777 -0.27792 -0.30152 0.17018 -0.26501 -0.38011 -0.70305 0.10079 -0.09445
0.57263 -0.71285 1.84881 -0.129 -0.61252 1.75811 0.06670 -0.35826 0.02977 -0.11649 -0.31115 0.06884 0.20215 -0.27881 -0.30569 0.16487 -0.26739 -0.38186 -0.70163 0.10033 -0.09070
0.56476 -0.71595 1.83936 -0.12837 -0.6126 1.7579 0.06827 -0.35802 0.02786 -0.11438 -0.31066 0.07578 0.19077 -0.28144 -0.31521 0.15962 -0.26844 -0.39072 -0.69313 0.10335 -0.08146
0.55236 -0.70362 1.80689 -0.11433 -0.5955 1.73118 0.06429 -0.35127 0.02420 -0.11888 -0.30695 0.07764 0.18156 -0.27528 -0.30778 0.16489 -0.25735 -0.38320 -0.66669 0.10812 -0.07571
0.55916 -0.71705 1.84486 -0.12384 -0.61219 1.763 0.06410 -0.35713 0.02223 -0.12328 -0.31373 0.08244 0.17840 -0.28036 -0.30883 0.15842 -0.26762 -0.39647 -0.68300 0.10486 -0.08186
0.56466 -0.72992 1.87861 -0.12351 -0.62114 1.79525 0.06484 -0.36272 0.02082 -0.12751 -0.31947 0.08424 0.17492 -0.28515 -0.31075 0.16191 -0.27081 -0.40269 -0.68817 0.10878 -0.08336
0.56238 -0.72649 1.86603 -0.12383 -0.61888 1.78458 0.06418 -0.36065 0.01874 -0.12795 -0.31823 0.08465 0.17277 -0.28357 -0.31006 0.15851 -0.27032 -0.40323 -0.68621 0.10761 -0.08145
0.55971 -0.72547 1.86303 -0.12432 -0.61838 1.78266 0.06351 -0.35988 0.01781 -0.12873 -0.31794 0.08451 0.16961 -0.28306 -0.30914 0.15669 -0.27054 -0.40235 -0.68403 0.10709 -0.08037
0.57463 -0.74531 1.91338 -0.12195 -0.63185 1.83508 0.06464 -0.37001 0.01731 -0.13307 -0.32692 0.08609 0.17283 -0.29007 -0.31852 0.16578 -0.27432 -0.41045 -0.69658 0.11346 -0.07830
0.57232 -0.74411 1.91545 -0.12192 -0.63338 1.83371 0.06404 -0.37406 0.01409 -0.13321 -0.32670 0.08369 0.17001 -0.28461 -0.31356 0.16480 -0.27620 -0.41025 -0.69424 0.11073 -0.08174
0.56127 -0.72666 1.8654 -0.12477 -0.62084 1.78738 0.06225 -0.36404 0.01331 -0.13035 -0.31897 0.08124 0.16833 -0.27916 -0.30883 0.15464 -0.27235 -0.40198 -0.68604 0.10582 -0.07802
0.57395 -0.74456 1.9135 -0.12235 -0.63311 1.83544 0.06347 -0.37461 0.01214 -0.13335 -0.32703 0.08408 0.17113 -0.28453 -0.31289 0.16324 -0.27591 -0.40907 -0.69630 0.11145 -0.07806
0.56444 -0.73317 1.89308 -0.12177 -0.62645 1.80822 0.06220 -0.37017 0.01176 -0.13111 -0.32255 0.08476 0.16700 -0.27874 -0.30332 0.15943 -0.27417 -0.40860 -0.68621 0.10672 -0.08486
0.55902 -0.72534 1.87327 -0.12244 -0.62105 1.79122 0.06362 -0.36419 0.00883 -0.12699 -0.31938 0.08395 0.16476 -0.27854 -0.30010 0.15604 -0.27165 -0.40579 -0.68146 0.10429 -0.08205
0.5583 -0.72434 1.87528 -0.1228 -0.62167 1.79013 0.06528 -0.36126 0.00537 -0.12639 -0.31977 0.08422 0.16379 -0.28125 -0.29356 0.15524 -0.27191 -0.40675 -0.68110 0.10267 -0.08515
0.55769 -0.72302 1.87059 -0.12372 -0.62068 1.78635 0.06496 -0.35883 0.00399 -0.12552 -0.32018 0.08443 0.16416 -0.28312 -0.29218 0.15351 -0.27037 -0.40666 -0.68141 0.10234 -0.08424
0.57187 -0.74583 1.93575 -0.12271 -0.63714 1.84937 0.06902 -0.36977 0.00275 -0.12865 -0.33153 0.08682 0.16468 -0.29322 -0.29881 0.16369 -0.27419 -0.41833 -0.69458 0.10869 -0.08638
]
