classifier_Car_bumps_into_fence_21456 [ 0.16730 -0.34050 -0.00096 -0.09676 -0.39201 0.03531 0.16105 -0.27307 -0.28889 -0.07872 -0.30679 -0.13858 -0.95362 -0.05027 0.20291
0.16985 -0.34558 -0.00112 -0.09847 -0.39795 0.03575 0.16476 -0.27724 -0.29034 -0.08420 -0.32247 -0.14572 -0.97404 -0.06214 0.19810
0.16996 -0.34592 -0.00242 -0.09890 -0.39700 0.03564 0.16429 -0.27521 -0.28999 -0.09135 -0.34935 -0.16217 -0.98114 -0.08973 0.18256
0.16788 -0.34116 -0.00233 -0.10120 -0.38743 0.03811 0.16082 -0.27034 -0.28452 -0.07967 -0.32587 -0.19278 -0.96057 -0.06693 0.14930
0.16146 -0.34277 -0.00221 -0.10371 -0.38721 0.03323 0.16509 -0.27402 -0.29929 -0.08142 -0.32879 -0.22970 -0.98100 -0.06366 0.12729
0.16420 -0.34369 0.00037 -0.10712 -0.37721 0.03277 0.16267 -0.26742 -0.29389 -0.08383 -0.32378 -0.26692 -0.98866 -0.05459 0.08534
0.16188 -0.31301 0.02218 -0.12621 -0.34104 0.04298 0.13125 -0.22257 -0.33937 -0.06590 -0.28971 -0.37808 -0.93933 -0.06113 0.00943
0.16185 -0.30929 0.02393 -0.13048 -0.32666 0.04177 0.10247 -0.12223 -0.41474 -0.05603 -0.24957 -0.42903 -0.90160 -0.11118 0.03203
0.16754 -0.30320 0.02585 -0.13726 -0.31563 0.03092 0.06317 -0.08551 -0.46990 -0.04696 -0.18536 -0.43000 -0.86866 -0.07878 0.07444
0.17306 -0.29356 0.02550 -0.14501 -0.30665 0.02691 0.01690 -0.04906 -0.54249 -0.01704 -0.14565 -0.48313 -0.80892 -0.07603 0.09045
0.17307 -0.25343 0.03511 -0.15114 -0.27225 0.00466 -0.04486 -0.02847 -0.52664 0.01776 -0.09715 -0.46516 -0.70146 -0.05528 0.05965
0.20543 -0.22887 0.03021 -0.16055 -0.26738 -0.00292 -0.12122 -0.01325 -0.51616 0.07200 -0.06824 -0.48829 -0.61168 -0.06174 0.02386
0.22233 -0.21743 -0.01224 -0.18410 -0.24782 -0.06140 -0.17038 0.01044 -0.46074 0.11544 -0.00873 -0.41568 -0.55651 -0.01863 0.02558
0.23336 -0.22393 -0.02692 -0.20487 -0.23810 -0.09854 -0.21226 0.04304 -0.46165 0.16686 0.02382 -0.40058 -0.50932 -0.00267 0.02179
0.20724 -0.21630 -0.17757 -0.16412 -0.25092 -0.18492 -0.21723 0.05564 -0.32823 0.16226 0.06641 -0.34031 -0.45608 0.00695 0.01683
0.20598 -0.21440 -0.17604 -0.16445 -0.26906 -0.26303 -0.24509 0.07496 -0.32691 0.19501 0.11678 -0.26250 -0.38246 0.01727 0.01477
0.18558 -0.19904 -0.23460 -0.15937 -0.26799 -0.26645 -0.25269 0.07985 -0.26194 0.22126 0.13882 -0.25912 -0.31551 0.02069 0.00856
0.18398 -0.19885 -0.24207 -0.14585 -0.26639 -0.28780 -0.30463 0.09818 -0.26029 0.23157 0.14665 -0.24795 -0.23946 0.01336 0.00584
0.15546 -0.17341 -0.23991 -0.12560 -0.24491 -0.27237 -0.41315 0.11007 -0.21744 0.35521 0.13621 -0.22410 0.08756 -0.01032 0.00048
0.12077 -0.17104 -0.29554 -0.12112 -0.24618 -0.29108 -0.40969 0.10452 -0.16856 0.36323 0.14048 -0.21795 0.12355 -0.00982 -0.00554
0.12016 -0.17584 -0.30001 -0.11435 -0.24217 -0.30332 -0.36872 0.11536 -0.17687 0.34914 0.14482 -0.21381 0.07488 -0.00926 -0.00120
0.12030 -0.18222 -0.31392 -0.08247 -0.21482 -0.35976 -0.35643 0.12553 -0.18475 0.39696 0.11550 -0.17169 0.13816 -0.01592 0.00784
0.13662 -0.18403 -0.30192 -0.10263 -0.22561 -0.33151 -0.37611 0.12801 -0.19501 0.42884 0.12621 -0.19759 0.16589 -0.01617 0.00990
0.18948 -0.19790 -0.33124 -0.13044 -0.23942 -0.31570 -0.25598 0.13224 -0.24391 0.17785 0.15638 -0.29524 -0.32300 0.01244 0.01123
0.20654 -0.20689 -0.20553 -0.13346 -0.23401 -0.30692 -0.21669 0.14040 -0.37200 0.13504 0.15170 -0.29864 -0.41575 0.01336 0.01829
0.22369 -0.20551 -0.17467 -0.15354 -0.22504 -0.26770 -0.15468 0.14030 -0.40935 0.11035 0.14863 -0.34288 -0.54511 0.01210 0.02622
0.24107 -0.21818 -0.18457 -0.19252 -0.20979 -0.23400 -0.14701 0.14982 -0.44616 0.10322 0.15801 -0.37099 -0.62366 0.01174 0.03115
0.25083 -0.21717 -0.15825 -0.19608 -0.20933 -0.21668 -0.14620 0.14957 -0.46109 0.09749 0.15769 -0.38285 -0.64113 0.01260 0.02717
0.25130 -0.22317 -0.09222 -0.20525 -0.20410 -0.26655 -0.14674 0.15781 -0.50042 0.10724 0.15548 -0.31470 -0.62644 0.01423 0.01966
0.25855 -0.22856 -0.10018 -0.19700 -0.21438 -0.17722 -0.14822 0.15551 -0.50475 0.09243 0.16281 -0.42496 -0.65328 0.01934 0.01194
0.25493 -0.22589 -0.10381 -0.21222 -0.23784 -0.18962 -0.14925 0.14889 -0.48855 0.10628 0.19208 -0.41074 -0.64610 0.02947 0.00145
0.24933 -0.22644 -0.09706 -0.21045 -0.23643 -0.19548 -0.15095 0.14073 -0.48519 0.10609 0.19747 -0.40218 -0.63419 0.04536 -0.00563
0.24513 -0.23652 -0.10528 -0.19508 -0.24346 -0.16299 -0.15736 0.12388 -0.44671 0.09219 0.23568 -0.38389 -0.61247 0.10292 0.01449
0.23448 -0.23944 -0.26074 -0.19363 -0.24445 -0.16704 -0.15175 0.11414 -0.27978 0.09022 0.24825 -0.39451 -0.61603 0.13438 -0.00429
0.25699 -0.26218 -0.10163 -0.18089 -0.23165 -0.16100 -0.18239 0.11960 -0.40390 0.07935 0.24469 -0.39271 -0.59042 0.15938 -0.03323
0.26226 -0.25525 -0.08501 -0.17609 -0.22782 -0.15856 -0.19099 0.08715 -0.40530 0.07342 0.24783 -0.40796 -0.59075 0.19085 -0.06263
0.22206 -0.23218 -0.05455 -0.17771 -0.22912 -0.17185 -0.14904 0.02986 -0.43931 0.07256 0.24677 -0.42188 -0.60965 0.22218 -0.08656
0.22828 -0.24446 -0.01121 -0.17951 -0.23019 -0.17503 -0.15531 0.00744 -0.47645 0.07367 0.23176 -0.43852 -0.61727 0.24026 -0.11368
0.20732 -0.25478 0.00656 -0.18061 -0.22710 -0.17750 -0.13243 -0.01747 -0.48043 0.07544 0.19755 -0.45317 -0.62125 0.24417 -0.14549
0.20265 -0.25186 0.02608 -0.18021 -0.21540 -0.18625 -0.12589 -0.05051 -0.48192 0.07586 0.15053 -0.45916 -0.61976 0.23874 -0.18041
0.20356 -0.26125 0.03559 -0.18161 -0.22372 -0.17878 -0.11964 -0.09525 -0.45888 0.07020 0.10831 -0.51262 -0.63845 0.24231 -0.26120
0.20320 -0.26410 0.03703 -0.18034 -0.22337 -0.18016 -0.11658 -0.10746 -0.44339 0.06844 0.10337 -0.50856 -0.64237 0.25267 -0.27767
0.20305 -0.26672 0.04167 -0.17801 -0.22358 -0.17995 -0.11362 -0.11386 -0.43217 0.06551 0.10189 -0.50594 -0.64491 0.25999 -0.29213
0.20277 -0.26840 0.04592 -0.17604 -0.22395 -0.18028 -0.11453 -0.11885 -0.42420 0.06389 0.10421 -0.50257 -0.64319 0.26861 -0.30260
0.20960 -0.28033 0.05088 -0.18013 -0.23313 -0.18635 -0.12080 -0.12330 -0.43604 0.06403 0.11205 -0.52206 -0.66334 0.28363 -0.32214
0.21033 -0.28250 0.05320 -0.17377 -0.23318 -0.19705 -0.12353 -0.13013 -0.42867 0.05672 0.11882 -0.51498 -0.66653 0.29894 -0.33555
0.21060 -0.28345 0.05433 -0.17313 -0.23351 -0.19944 -0.12554 -0.13437 -0.42548 0.05561 0.12136 -0.51741 -0.66813 0.30588 -0.34391
0.21051 -0.28361 0.05374 -0.17340 -0.23228 -0.20186 -0.13559 -0.14616 -0.41855 0.05482 0.12553 -0.51310 -0.66030 0.32353 -0.34898
0.20959 -0.28280 0.05293 -0.17239 -0.23206 -0.20269 -0.14417 -0.14772 -0.42092 0.05355 0.12696 -0.51022 -0.65199 0.32555 -0.34344
0.20257 -0.27372 0.05063 -0.16538 -0.22443 -0.19796 -0.14444 -0.13781 -0.41382 0.05213 0.12087 -0.49102 -0.62595 0.30762 -0.32370
0.20722 -0.28048 0.05094 -0.16955 -0.23074 -0.20235 -0.14786 -0.13834 -0.42982 0.05374 0.12413 -0.50250 -0.64144 0.31180 -0.32426
0.20590 -0.28012 0.04943 -0.17119 -0.23508 -0.19947 -0.14712 -0.13368 -0.44582 0.05600 0.12739 -0.50789 -0.64331 0.30575 -0.30929
0.20361 -0.26486 0.03515 -0.16539 -0.22674 -0.19282 -0.13285 -0.07530 -0.48277 0.05781 0.12817 -0.48749 -0.63125 0.24104 -0.23103
0.20250 -0.25497 0.02822 -0.16197 -0.22250 -0.18889 -0.12731 -0.05473 -0.48463 0.05734 0.12673 -0.47825 -0.62384 0.21330 -0.20910
0.20653 -0.24695 0.01814 -0.16245 -0.22379 -0.18865 -0.12422 -0.03818 -0.48835 0.05844 0.13075 -0.47803 -0.63130 0.19116 -0.19471
0.22803 -0.22988 0.00533 -0.16203 -0.22430 -0.18960 -0.12999 0.00318 -0.50101 0.06048 0.13409 -0.47728 -0.64216 0.13519 -0.16718
0.24586 -0.21179 -0.02399 -0.16144 -0.22503 -0.18850 -0.14170 0.02851 -0.49559 0.06198 0.13785 -0.47671 -0.64356 0.09471 -0.13994
0.29335 -0.23414 -0.07000 -0.16137 -0.24772 -0.12425 -0.19398 0.10021 -0.43484 0.06785 0.16433 -0.51810 -0.61671 0.04922 -0.13101
0.25505 -0.22820 -0.04267 -0.16926 -0.24431 -0.18518 -0.15773 0.14158 -0.51173 0.07027 0.15442 -0.51183 -0.65493 -0.00463 -0.13456
0.26147 -0.21508 -0.07099 -0.16663 -0.24619 -0.18982 -0.18020 0.18578 -0.48488 0.06902 0.14802 -0.51751 -0.63991 -0.06297 -0.13853
0.26612 -0.19957 -0.10259 -0.16717 -0.24507 -0.19149 -0.20490 0.22259 -0.44026 0.06988 0.14769 -0.51432 -0.61855 -0.11419 -0.14952
0.25925 -0.18900 -0.10904 -0.15172 -0.24576 -0.21142 -0.21470 0.24825 -0.39494 0.05735 0.15091 -0.47353 -0.58574 -0.14780 -0.16707
0.25897 -0.18831 -0.12103 -0.15592 -0.24142 -0.19322 -0.22198 0.26935 -0.37398 0.06003 0.14368 -0.49813 -0.58267 -0.16871 -0.18053
0.25200 -0.19140 -0.13921 -0.15993 -0.24275 -0.19251 -0.21422 0.27859 -0.35218 0.06250 0.14624 -0.50774 -0.58809 -0.17381 -0.19264
0.21409 -0.22486 -0.15763 -0.16282 -0.24405 -0.19059 -0.15757 0.27539 -0.35924 0.06209 0.15217 -0.50523 -0.61167 -0.13274 -0.16265
0.19139 -0.25965 -0.10555 -0.16188 -0.24040 -0.18409 -0.11262 0.26200 -0.42272 0.06039 0.15231 -0.49847 -0.62610 -0.08129 -0.13827
0.19098 -0.26238 -0.08406 -0.16827 -0.23784 -0.17514 -0.09716 0.21318 -0.46394 0.06736 0.16423 -0.48322 -0.63774 -0.02698 -0.10770
0.19615 -0.28286 -0.29434 -0.17451 -0.24785 -0.18324 -0.08113 0.18126 -0.29002 0.06847 0.16881 -0.50446 -0.68316 0.02153 -0.09764
0.18164 -0.26493 -0.14739 -0.17281 -0.24449 -0.17967 -0.04642 0.14303 -0.43840 0.06800 0.16461 -0.49615 -0.69643 0.04246 -0.08179
0.19868 -0.27229 -0.07521 -0.17387 -0.24493 -0.18149 -0.05555 0.17748 -0.51078 0.06817 0.16269 -0.49617 -0.70793 0.01367 -0.08208
0.20658 -0.22959 -0.27497 -0.16313 -0.23735 -0.17684 -0.07168 0.18752 -0.28313 0.06037 0.14993 -0.48336 -0.67989 -0.03535 -0.08689
0.21558 -0.23639 -0.12446 -0.16468 -0.24401 -0.18235 -0.08497 0.24157 -0.43057 0.05941 0.14840 -0.50147 -0.68881 -0.08518 -0.10914
0.24652 -0.24092 -0.21237 -0.16214 -0.24027 -0.17991 -0.13289 0.29172 -0.32107 0.05813 0.14588 -0.49450 -0.66345 -0.12876 -0.12082
0.26476 -0.20585 -0.20217 -0.16288 -0.24610 -0.17839 -0.19498 0.34102 -0.30623 0.06083 0.14856 -0.50452 -0.62206 -0.21502 -0.15263
0.26223 -0.20079 -0.20082 -0.17560 -0.24001 -0.16528 -0.19665 0.33971 -0.29756 0.07424 0.16492 -0.48646 -0.60944 -0.21786 -0.15245
0.26027 -0.20437 -0.20094 -0.16645 -0.24503 -0.17186 -0.18379 0.32232 -0.31270 0.06637 0.15426 -0.49723 -0.62064 -0.19851 -0.14001
0.24793 -0.22417 -0.19360 -0.16169 -0.24609 -0.17202 -0.15562 0.30887 -0.32876 0.06257 0.15376 -0.49929 -0.63413 -0.16343 -0.12926
0.23822 -0.24393 -0.19410 -0.16702 -0.24592 -0.16941 -0.12605 0.28606 -0.34845 0.07024 0.16584 -0.48979 -0.65670 -0.12358 -0.10661
0.22867 -0.26425 -0.20445 -0.16707 -0.24596 -0.17040 -0.09864 0.25699 -0.36044 0.07064 0.16875 -0.48969 -0.67589 -0.07400 -0.08675
0.21577 -0.25655 -0.31376 -0.15861 -0.24365 -0.23392 -0.06563 0.19296 -0.30367 0.05495 0.15899 -0.46596 -0.73321 -0.02731 -0.07437
0.18046 -0.27035 -0.07085 -0.16630 -0.23988 -0.17007 -0.03839 0.16961 -0.50589 0.06938 0.16113 -0.47993 -0.68304 0.01752 -0.06427
0.19674 -0.29754 -0.17060 -0.16746 -0.24341 -0.17333 -0.05763 0.16761 -0.41332 0.06825 0.16169 -0.48760 -0.68898 0.04493 -0.06645
0.18013 -0.28932 -0.07528 -0.17371 -0.25058 -0.18067 -0.04575 0.14227 -0.52638 0.06858 0.16712 -0.50215 -0.70550 0.06075 -0.07014
0.20550 -0.30835 -0.17612 -0.16707 -0.24025 -0.17419 -0.08569 0.16776 -0.39701 0.06546 0.16137 -0.48204 -0.66952 0.05966 -0.07164
0.18108 -0.29621 -0.02798 -0.17531 -0.25083 -0.18356 -0.05927 0.15746 -0.56578 0.06831 0.16895 -0.50587 -0.69830 0.05535 -0.08298
0.18945 -0.29902 -0.03283 -0.17872 -0.25459 -0.18648 -0.06925 0.17691 -0.56767 0.06955 0.17006 -0.51608 -0.70627 0.03645 -0.08890
0.19703 -0.29328 -0.04405 -0.17912 -0.25539 -0.18727 -0.07637 0.19316 -0.55592 0.07094 0.17418 -0.51814 -0.70731 0.01816 -0.09174
0.24089 -0.22012 -0.25607 -0.17254 -0.24623 -0.18105 -0.13241 0.17297 -0.31373 0.07105 0.16970 -0.50111 -0.67116 -0.02969 -0.09829
0.23403 -0.24619 -0.07658 -0.17817 -0.24842 -0.17799 -0.11930 0.21852 -0.48588 0.07709 0.17750 -0.50324 -0.68046 -0.04820 -0.11130
0.25342 -0.18764 -0.26739 -0.17863 -0.24623 -0.17376 -0.14539 0.18543 -0.28379 0.08035 0.17874 -0.49182 -0.66631 -0.07233 -0.11027
0.25297 -0.18199 -0.27119 -0.17793 -0.24418 -0.17042 -0.14496 0.19740 -0.27093 0.08184 0.17661 -0.48596 -0.65945 -0.09087 -0.11144
0.25455 -0.17625 -0.27311 -0.17767 -0.24424 -0.17017 -0.15035 0.20862 -0.26570 0.08353 0.17682 -0.48535 -0.65369 -0.10791 -0.11372
0.25687 -0.16740 -0.27824 -0.17382 -0.24348 -0.17510 -0.15270 0.21543 -0.25464 0.08115 0.17164 -0.48462 -0.65196 -0.12409 -0.11812
0.30695 -0.20605 -0.22771 -0.17216 -0.24092 -0.17324 -0.20389 0.26384 -0.30242 0.08210 0.16906 -0.47976 -0.64400 -0.13482 -0.11508
0.30252 -0.20312 -0.22433 -0.16990 -0.23941 -0.16801 -0.19853 0.25267 -0.30658 0.08201 0.16926 -0.47684 -0.63720 -0.12572 -0.10680
0.30356 -0.20379 -0.21796 -0.16950 -0.23663 -0.16962 -0.19722 0.23180 -0.32426 0.08229 0.16798 -0.46758 -0.63658 -0.10368 -0.08910
0.26798 -0.18725 -0.13050 -0.17019 -0.23754 -0.17334 -0.15058 0.17646 -0.43460 0.08320 0.16767 -0.46864 -0.65061 -0.06681 -0.07122
0.31503 -0.19676 -0.20904 -0.17375 -0.24144 -0.17545 -0.19315 0.14164 -0.38463 0.08599 0.17331 -0.47378 -0.66177 -0.02267 -0.05092
0.29980 -0.19736 -0.18572 -0.16607 -0.23077 -0.16759 -0.18267 0.10760 -0.39443 0.08367 0.16602 -0.45108 -0.63133 0.01478 -0.03433
0.27407 -0.19638 -0.29340 -0.16529 -0.23125 -0.16969 -0.15684 0.08757 -0.29370 0.08243 0.15937 -0.45500 -0.63220 0.02943 -0.03105
0.23822 -0.18952 -0.15008 -0.16937 -0.23814 -0.17521 -0.10888 0.06918 -0.44875 0.08358 0.16375 -0.46872 -0.65939 0.03991 -0.03667
0.22918 -0.21621 -0.09805 -0.16492 -0.23313 -0.17141 -0.10188 0.10524 -0.48484 0.08077 0.15828 -0.45918 -0.64573 0.03119 -0.03840
0.23013 -0.21686 -0.09862 -0.16459 -0.23293 -0.17361 -0.10195 0.11155 -0.48460 0.08008 0.15817 -0.46055 -0.64795 0.02679 -0.04042
0.23172 -0.21723 -0.10301 -0.16466 -0.23229 -0.17605 -0.10253 0.11642 -0.48084 0.07943 0.16000 -0.45809 -0.65079 0.02545 -0.03884
0.23138 -0.21676 -0.10235 -0.16435 -0.23221 -0.17618 -0.10150 0.11816 -0.48250 0.07914 0.15917 -0.46106 -0.65121 0.02298 -0.04031
0.23166 -0.21543 -0.10497 -0.16556 -0.23145 -0.17566 -0.10092 0.11827 -0.48050 0.08115 0.16234 -0.45949 -0.65183 0.02310 -0.03984
0.23239 -0.21485 -0.10259 -0.16588 -0.23168 -0.17405 -0.10064 0.11947 -0.48301 0.08060 0.16231 -0.46364 -0.65287 0.02200 -0.04129
0.23256 -0.21424 -0.09926 -0.16710 -0.23154 -0.17167 -0.10054 0.11856 -0.48682 0.08231 0.16701 -0.46090 -0.65227 0.02499 -0.03820
0.23687 -0.21714 -0.08255 -0.16774 -0.23145 -0.17061 -0.10449 0.12188 -0.50422 0.08283 0.16792 -0.45966 -0.65276 0.02442 -0.03650
0.23554 -0.21685 -0.08729 -0.16791 -0.23130 -0.17051 -0.10456 0.11776 -0.50079 0.08254 0.16554 -0.45947 -0.65202 0.02534 -0.03546
0.23324 -0.21581 -0.10498 -0.16673 -0.23088 -0.17313 -0.10509 0.11533 -0.48756 0.08099 0.16081 -0.46228 -0.64970 0.02438 -0.03370
0.23134 -0.21718 -0.09966 -0.16599 -0.23100 -0.17424 -0.10483 0.11402 -0.49262 0.07984 0.15788 -0.45981 -0.64861 0.02533 -0.03093
0.27096 -0.22378 -0.22385 -0.16162 -0.22527 -0.17374 -0.15915 0.12222 -0.36210 0.07738 0.15385 -0.44962 -0.62329 0.02649 -0.02550
0.27060 -0.22509 -0.22302 -0.16126 -0.22527 -0.17397 -0.16393 0.12130 -0.36558 0.07695 0.15255 -0.45107 -0.61779 0.02815 -0.02358
0.25875 -0.22762 -0.23016 -0.16366 -0.22906 -0.17710 -0.17387 0.12151 -0.37815 0.07854 0.15571 -0.45707 -0.60351 0.03003 -0.01195
0.25270 -0.23284 -0.21629 -0.16310 -0.22888 -0.17729 -0.18010 0.12922 -0.39648 0.07948 0.15648 -0.45631 -0.58869 0.02831 -0.00636
0.23102 -0.22768 -0.27667 -0.16233 -0.22759 -0.17665 -0.18178 0.12560 -0.34109 0.08120 0.15497 -0.45468 -0.55952 0.02443 0.00020
0.21654 -0.22574 -0.27909 -0.16250 -0.22819 -0.17726 -0.19124 0.12818 -0.34665 0.08416 0.15504 -0.45554 -0.53232 0.01851 0.00640
0.19127 -0.21348 -0.34322 -0.16407 -0.23294 -0.17986 -0.19233 0.12079 -0.30111 0.08767 0.15637 -0.46560 -0.50739 0.00863 0.01231
0.09495 -0.20343 -0.40048 -0.15541 -0.22736 -0.21024 -0.22537 0.12713 -0.27156 0.09010 0.15095 -0.44203 -0.37682 -0.01707 0.02670
0.09752 -0.20551 -0.38014 -0.16992 -0.23317 -0.17095 -0.26531 0.13467 -0.28536 0.11122 0.16389 -0.46271 -0.32911 -0.02176 0.03027
0.03307 -0.18977 -0.40876 -0.15001 -0.21656 -0.26756 -0.25111 0.12290 -0.25997 0.09659 0.15023 -0.37158 -0.27072 -0.02272 0.03128
0.00367 -0.18359 -0.41839 -0.15183 -0.21507 -0.26376 -0.30079 0.12364 -0.24807 0.12026 0.15455 -0.39063 -0.16816 -0.02293 0.01671
-0.03880 -0.16542 -0.40096 -0.14688 -0.20278 -0.24688 -0.28757 0.09975 -0.21812 0.16409 0.16480 -0.38609 -0.06943 0.00713 -0.00758
-0.04807 -0.16600 -0.39401 -0.11887 -0.18638 -0.32987 -0.32593 0.11471 -0.22162 0.14809 0.13983 -0.35062 -0.01245 -0.01475 -0.05079
-0.05407 -0.16571 -0.39029 -0.11854 -0.18429 -0.34463 -0.32305 0.12374 -0.22636 0.14022 0.15470 -0.30744 -0.01970 -0.00730 -0.01154
-0.10281 -0.12915 -0.42258 -0.12815 -0.18344 -0.32444 -0.28213 0.10840 -0.20201 0.11446 0.18193 -0.32479 -0.04866 -0.00071 0.00312
-0.07967 -0.13173 -0.42079 -0.14721 -0.18430 -0.23721 -0.28585 0.14729 -0.20362 0.10159 0.18106 -0.41619 -0.09497 -0.03685 0.00102
-0.07040 -0.12467 -0.43115 -0.16707 -0.20981 -0.20434 -0.25272 0.17588 -0.20096 0.09480 0.21740 -0.41291 -0.16902 -0.06024 0.04406
-0.04950 -0.11387 -0.43030 -0.19019 -0.20316 -0.17989 -0.22739 0.18101 -0.22365 0.10201 0.23135 -0.40730 -0.23662 -0.08069 0.06219
-0.01035 -0.09706 -0.44052 -0.20371 -0.20661 -0.16333 -0.21884 0.20688 -0.22994 0.10200 0.24337 -0.42493 -0.29886 -0.11073 0.07273
0.02879 -0.08941 -0.44125 -0.21185 -0.20289 -0.15658 -0.20567 0.23339 -0.24015 0.09981 0.24246 -0.42631 -0.35892 -0.13885 0.08353
0.11294 -0.07662 -0.40308 -0.21972 -0.20040 -0.15653 -0.17742 0.25246 -0.26789 0.09679 0.24252 -0.43186 -0.48296 -0.15965 0.08469
0.14483 -0.09875 -0.31224 -0.22590 -0.20370 -0.15848 -0.15007 0.28004 -0.35408 0.09963 0.24212 -0.44102 -0.55127 -0.16100 0.08196
0.22146 -0.14462 -0.32055 -0.22402 -0.20048 -0.15364 -0.18254 0.32022 -0.32831 0.10148 0.23416 -0.43661 -0.58483 -0.15562 0.07757
0.22936 -0.14890 -0.30811 -0.22263 -0.19998 -0.14856 -0.14575 0.30084 -0.32799 0.10371 0.23161 -0.43478 -0.62183 -0.13342 0.07249
0.22908 -0.14783 -0.30403 -0.21662 -0.19629 -0.15054 -0.10864 0.27065 -0.31776 0.10302 0.21906 -0.42552 -0.64665 -0.11282 0.06535
0.22990 -0.16931 -0.17778 -0.21474 -0.19984 -0.16255 -0.07179 0.25372 -0.44890 0.10395 0.21545 -0.42167 -0.68952 -0.08165 0.06270
0.24348 -0.18368 -0.17822 -0.22315 -0.21149 -0.17301 -0.05891 0.24551 -0.47775 0.11135 0.22092 -0.44551 -0.74296 -0.06209 0.05800
0.24275 -0.19007 -0.15486 -0.21730 -0.20810 -0.16996 -0.04345 0.21286 -0.47900 0.11169 0.21183 -0.43459 -0.74255 -0.02862 0.04934
0.24579 -0.19055 -0.14775 -0.20950 -0.20859 -0.17922 -0.03615 0.17985 -0.48107 0.10897 0.20709 -0.42804 -0.74818 0.00077 0.04273
0.24387 -0.20582 -0.12361 -0.20536 -0.20563 -0.18632 -0.02831 0.17223 -0.49708 0.10880 0.20595 -0.41815 -0.75056 0.02087 0.03040
0.24506 -0.20720 -0.12907 -0.20607 -0.20986 -0.18724 -0.02398 0.15454 -0.49462 0.11083 0.20587 -0.42563 -0.75911 0.03800 0.02715
0.25077 -0.21250 -0.13026 -0.20435 -0.21093 -0.18802 -0.02837 0.14908 -0.48821 0.10978 0.20530 -0.42983 -0.75962 0.04969 0.01903
0.25619 -0.22321 -0.13133 -0.19652 -0.21190 -0.19245 -0.03613 0.15269 -0.47656 0.10271 0.19760 -0.43130 -0.75410 0.05707 0.00835
0.25969 -0.23005 -0.13110 -0.19226 -0.22191 -0.20240 -0.03941 0.15761 -0.47521 0.09723 0.19311 -0.43487 -0.75695 0.05961 0.00481
0.25863 -0.23356 -0.12879 -0.19184 -0.22511 -0.20079 -0.03622 0.16100 -0.47267 0.09549 0.19423 -0.43933 -0.76084 0.06106 -0.00075
0.23317 -0.23501 -0.08908 -0.19102 -0.22931 -0.18978 -0.00070 0.14782 -0.50193 0.09131 0.19123 -0.44793 -0.77437 0.06907 -0.00866
0.24646 -0.24855 -0.09447 -0.19030 -0.22960 -0.18935 -0.00546 0.14368 -0.48501 0.08979 0.18213 -0.44987 -0.78426 0.07788 -0.02145
0.24869 -0.26051 -0.09271 -0.18814 -0.23130 -0.18389 0.00296 0.12908 -0.47969 0.08476 0.17295 -0.46291 -0.80121 0.09394 -0.03584
0.22763 -0.26754 -0.04168 -0.18354 -0.22979 -0.18347 0.03086 0.10271 -0.51098 0.08236 0.14986 -0.47596 -0.80208 0.10675 -0.06769
0.23557 -0.28303 -0.05237 -0.16906 -0.25364 -0.15624 0.02911 0.07627 -0.48316 0.06948 0.14795 -0.50345 -0.80427 0.12413 -0.08433
0.22146 -0.28722 -0.01079 -0.16849 -0.25798 -0.15468 0.06955 -0.01789 -0.50628 0.06232 0.05859 -0.50815 -0.84194 0.13061 -0.10561
0.25284 -0.34171 -0.06727 -0.16528 -0.25779 -0.11482 0.04226 0.00032 -0.41225 0.05354 0.02747 -0.50044 -0.83170 0.13542 -0.09797
0.19738 -0.28994 0.01750 -0.16126 -0.27179 -0.09087 0.10923 -0.08959 -0.47688 0.03652 -0.01898 -0.51755 -0.86123 0.11380 -0.11155
0.22232 -0.35155 -0.00498 -0.16751 -0.27813 -0.06452 0.09298 -0.07496 -0.41719 0.02726 -0.07489 -0.53393 -0.89125 0.09890 -0.13912
0.21350 -0.33236 0.04173 -0.17639 -0.30015 -0.06864 0.12987 -0.17340 -0.42180 0.00981 -0.14024 -0.54336 -0.97759 0.09210 -0.19232
0.21143 -0.33274 0.04325 -0.16946 -0.30806 -0.06027 0.13255 -0.23890 -0.38732 -0.01151 -0.18811 -0.51433 -0.99274 0.10115 -0.19116
0.20272 -0.32640 0.04210 -0.17293 -0.32901 -0.06487 0.15618 -0.29417 -0.37759 -0.01360 -0.19789 -0.45155 -1.00120 0.11694 -0.14277
0.19228 -0.32247 0.03650 -0.16381 -0.31410 -0.05914 0.15090 -0.29766 -0.33204 -0.02321 -0.26584 -0.44649 -0.96476 0.06116 -0.17408
0.18708 -0.37546 0.01704 -0.14844 -0.33512 0.00473 0.16317 -0.26515 -0.31567 -0.04193 -0.25614 -0.42487 -0.98796 0.07081 -0.08448
0.18738 -0.38091 0.01575 -0.14770 -0.33674 0.00556 0.16427 -0.26701 -0.31326 -0.04191 -0.28792 -0.38854 -0.99058 0.04494 -0.04789
0.18307 -0.35715 0.02492 -0.13971 -0.32478 0.01378 0.14969 -0.26875 -0.30885 -0.04720 -0.34544 -0.38489 -0.95109 -0.02357 -0.05062
0.19237 -0.37347 0.02681 -0.14230 -0.34660 0.02151 0.16028 -0.28846 -0.32464 -0.04296 -0.32274 -0.32781 -0.99204 0.01414 0.03101
0.19231 -0.37265 0.02698 -0.13924 -0.34816 0.02467 0.16069 -0.29080 -0.32600 -0.04497 -0.33897 -0.30236 -0.99180 -0.00198 0.06182
0.19185 -0.37157 0.02663 -0.13361 -0.35504 0.02949 0.16110 -0.29254 -0.32354 -0.05000 -0.34767 -0.28454 -0.99029 -0.01680 0.08317
0.18669 -0.36256 0.02386 -0.12599 -0.35505 0.03456 0.15739 -0.28886 -0.31282 -0.05274 -0.34393 -0.26384 -0.96699 -0.02594 0.10092
0.18892 -0.36745 0.02152 -0.12599 -0.37074 0.03768 0.15949 -0.29571 -0.31326 -0.05638 -0.35635 -0.23700 -0.98257 -0.04177 0.13508
0.18818 -0.36624 0.02167 -0.12301 -0.37580 0.03860 0.15896 -0.29571 -0.31047 -0.05759 -0.34867 -0.22369 -0.97884 -0.04034 0.14679
0.18780 -0.36554 0.02114 -0.12156 -0.37813 0.03693 0.15853 -0.29509 -0.31090 -0.05937 -0.34839 -0.21301 -0.97837 -0.04364 0.15723
0.18320 -0.35769 0.01977 -0.11774 -0.37296 0.03513 0.15470 -0.28828 -0.30289 -0.05833 -0.33670 -0.19526 -0.95513 -0.04185 0.16584
0.18682 -0.36539 0.01993 -0.11948 -0.38314 0.03620 0.15848 -0.29425 -0.30741 -0.05936 -0.33935 -0.19731 -0.97440 -0.04054 0.17042
0.18610 -0.36470 0.01887 -0.11842 -0.38526 0.03490 0.15882 -0.29425 -0.30469 -0.06088 -0.34101 -0.19999 -0.97429 -0.04491 0.16511
0.18380 -0.36218 0.01415 -0.11707 -0.38913 0.03289 0.15972 -0.29607 -0.30164 -0.06254 -0.33971 -0.20329 -0.97365 -0.04796 0.16188
]
