classifier_Monkey_jumps_on_fence_21314 [ 0.15079 -0.32060 -0.03193 -0.07182 -0.32699 0.01349 0.19717 -0.32676 -0.23201 0.14648 -0.27070 -0.34584 -0.75027 0.07240 -0.05417
0.15056 -0.32059 -0.03096 -0.07167 -0.32628 0.01436 0.19846 -0.32910 -0.23305 0.14581 -0.27040 -0.34422 -0.75249 0.07572 -0.05174
0.15030 -0.32020 -0.03151 -0.07199 -0.32667 0.01373 0.20243 -0.33028 -0.22770 0.14660 -0.27241 -0.34679 -0.75451 0.07418 -0.05978
0.14992 -0.32042 -0.02912 -0.07199 -0.32637 0.01431 0.20910 -0.32466 -0.23470 0.14563 -0.27309 -0.34937 -0.76200 0.06876 -0.05653
0.14747 -0.32277 -0.01774 -0.07212 -0.32678 0.01611 0.19900 -0.31175 -0.24697 0.14595 -0.27479 -0.35654 -0.75125 0.05574 -0.06157
0.14779 -0.33383 0.01021 -0.07486 -0.33929 0.01649 0.09000 -0.24781 -0.25542 0.13706 -0.28265 -0.37296 -0.67008 -0.01579 -0.09549
0.13620 -0.32650 0.06331 -0.07507 -0.33908 0.01755 0.02714 -0.22086 -0.29905 0.11600 -0.27975 -0.37015 -0.61347 -0.04856 -0.10374
0.12387 -0.31997 0.07132 -0.07482 -0.33312 0.01890 -0.13447 -0.29357 -0.37296 0.08724 -0.26522 -0.33969 -0.45550 0.03557 -0.00882
0.11701 -0.31857 0.07540 -0.07542 -0.33255 0.02093 -0.13532 -0.29357 -0.37861 0.08092 -0.27910 -0.35908 -0.45055 0.01939 -0.02658
0.09774 -0.32311 0.08094 -0.07875 -0.33474 0.02373 -0.12802 -0.27740 -0.37373 0.07749 -0.27865 -0.36078 -0.44434 0.00421 -0.03762
0.09426 -0.32422 0.08002 -0.08025 -0.33615 0.02471 -0.12458 -0.27441 -0.36964 0.07775 -0.27796 -0.36222 -0.44510 0.00053 -0.04205
0.09392 -0.32459 0.07888 -0.07731 -0.33422 0.02575 -0.12454 -0.27191 -0.36519 0.07801 -0.27626 -0.36252 -0.44406 -0.00163 -0.04584
0.09314 -0.32493 0.07820 -0.07813 -0.33507 0.02567 -0.12664 -0.26986 -0.36548 0.07744 -0.27815 -0.36430 -0.44219 -0.00637 -0.04690
0.09296 -0.32480 0.07833 -0.07894 -0.33586 0.02551 -0.12853 -0.26792 -0.36604 0.07759 -0.27597 -0.36418 -0.44062 -0.00697 -0.04622
0.09305 -0.32484 0.07779 -0.07945 -0.33620 0.02549 -0.12816 -0.26875 -0.36631 0.07682 -0.27707 -0.36405 -0.44224 -0.00745 -0.04496
0.09311 -0.32486 0.07717 -0.07946 -0.33674 0.02490 -0.12637 -0.26811 -0.36454 0.07444 -0.27797 -0.36567 -0.44638 -0.00914 -0.04807
0.09817 -0.33045 0.07961 -0.08264 -0.34318 0.02572 -0.10566 -0.24107 -0.32807 0.07735 -0.28338 -0.37474 -0.48239 -0.04222 -0.09502
0.13785 -0.30603 0.07594 -0.10237 -0.32577 0.01674 -0.11008 -0.15841 -0.34885 0.09879 -0.30553 -0.37498 -0.52961 -0.15599 -0.07816
0.18634 -0.25626 -0.03276 -0.15323 -0.27294 -0.05375 -0.18882 -0.10708 -0.35414 0.10364 -0.12819 -0.39539 -0.60097 -0.02457 -0.05304
0.24746 -0.23444 -0.04820 -0.15351 -0.23321 -0.07019 -0.27299 -0.04532 -0.32787 0.11681 -0.08368 -0.36401 -0.52017 -0.02431 -0.05007
0.24918 -0.23799 -0.05836 -0.18649 -0.20836 -0.11666 -0.30877 0.01554 -0.33610 0.17463 -0.05890 -0.35037 -0.46614 -0.03182 -0.06419
0.15318 -0.20847 -0.19323 -0.14651 -0.20594 -0.30538 -0.28411 0.09602 -0.21559 0.20167 0.03690 -0.20442 -0.33741 -0.04151 -0.09237
0.12996 -0.20621 -0.24829 -0.15149 -0.21785 -0.33606 -0.33639 0.13797 -0.18894 0.21303 0.08051 -0.20959 -0.29390 -0.05111 -0.09852
0.11705 -0.18705 -0.24714 -0.13847 -0.20243 -0.32447 -0.46083 0.12141 -0.26206 0.21562 0.11069 -0.19484 -0.11007 -0.00518 0.00039
0.06627 -0.13327 -0.30267 -0.12471 -0.18742 -0.34168 -0.45392 0.11932 -0.19482 0.21032 0.14317 -0.16502 -0.05910 -0.00289 0.00527
0.06139 -0.12938 -0.30924 -0.10467 -0.15947 -0.36113 -0.45233 0.12990 -0.18050 0.20204 0.13783 -0.13990 -0.04770 0.00402 0.00479
0.04553 -0.11578 -0.32631 -0.10393 -0.15434 -0.36478 -0.44572 0.12580 -0.16162 0.20226 0.14362 -0.13679 -0.04111 0.00401 0.00366
0.04298 -0.11167 -0.32691 -0.10411 -0.14551 -0.36136 -0.44047 0.12755 -0.15123 0.21307 0.15244 -0.12941 -0.02932 0.01314 0.00510
0.04140 -0.10436 -0.31025 -0.11765 -0.13818 -0.32723 -0.42313 0.12202 -0.13732 0.23011 0.14617 -0.13221 -0.01327 0.01052 0.00577
0.04197 -0.10394 -0.30948 -0.12467 -0.13804 -0.32081 -0.42152 0.12138 -0.13335 0.32330 0.15891 -0.13274 0.07290 0.02216 0.00757
0.04195 -0.10212 -0.30388 -0.12542 -0.13539 -0.31267 -0.38428 0.15588 -0.11645 0.40988 0.14529 -0.11062 0.13130 -0.02606 0.01537
0.04272 -0.10243 -0.30331 -0.12676 -0.13451 -0.31126 -0.36929 0.14193 -0.11557 0.39501 0.14744 -0.11683 0.10010 -0.00930 0.00971
0.05331 -0.10650 -0.30105 -0.12920 -0.13428 -0.31044 -0.39221 0.13193 -0.11115 0.46096 0.13010 -0.11442 0.17488 -0.01280 0.00656
0.05823 -0.10941 -0.30295 -0.12872 -0.13305 -0.31269 -0.38972 0.14076 -0.11681 0.38548 0.13788 -0.11654 0.08875 -0.00998 0.00979
0.05323 -0.11888 -0.30367 -0.13387 -0.13384 -0.30255 -0.39762 0.14426 -0.11721 0.38839 0.13640 -0.12324 0.10441 -0.01818 0.01050
0.05352 -0.12317 -0.30549 -0.13601 -0.13446 -0.30258 -0.39840 0.14137 -0.11889 0.39152 0.13338 -0.12933 0.10741 -0.01914 0.00858
0.07023 -0.13323 -0.29501 -0.14046 -0.13514 -0.29457 -0.41454 0.13366 -0.13446 0.41578 0.12859 -0.14082 0.13296 -0.00996 0.01011
0.07842 -0.13614 -0.28894 -0.14174 -0.13373 -0.28975 -0.43047 0.13302 -0.14286 0.41715 0.12507 -0.14405 0.14604 -0.01026 0.01382
0.09568 -0.14362 -0.27951 -0.14583 -0.13170 -0.28621 -0.45603 0.13129 -0.15519 0.52113 0.10442 -0.14384 0.25831 -0.02274 0.02026
0.13041 -0.13720 -0.29541 -0.17212 -0.13674 -0.30316 -0.34517 0.14066 -0.16767 0.21900 0.13043 -0.19757 -0.22452 -0.01086 -0.01711
0.21519 -0.17212 -0.25049 -0.19085 -0.14593 -0.29897 -0.24885 0.15125 -0.21317 0.19130 0.12875 -0.20755 -0.46357 0.00122 -0.02275
0.21346 -0.17270 -0.25145 -0.20772 -0.15289 -0.28426 -0.22634 0.14826 -0.21437 0.17943 0.12876 -0.22043 -0.51395 -0.00355 -0.01960
0.21813 -0.17547 -0.24390 -0.23745 -0.16877 -0.24975 -0.20593 0.14450 -0.22103 0.16634 0.13918 -0.24496 -0.58434 -0.00484 -0.01167
0.21869 -0.17724 -0.24252 -0.23785 -0.16883 -0.24776 -0.18163 0.13874 -0.22290 0.13189 0.13202 -0.23757 -0.64781 -0.00743 -0.00413
0.23661 -0.18964 -0.24069 -0.25457 -0.17997 -0.25089 -0.17094 0.14235 -0.24404 0.12318 0.13435 -0.25352 -0.73046 -0.00976 -0.00423
0.24458 -0.19494 -0.21661 -0.26915 -0.20851 -0.18517 -0.14748 0.14114 -0.25635 0.10858 0.15747 -0.30491 -0.78940 -0.01007 -0.00219
0.25543 -0.21897 -0.15969 -0.26706 -0.21487 -0.14826 -0.12808 0.14927 -0.29405 0.06797 0.15049 -0.31509 -0.85277 -0.00848 0.00355
0.24578 -0.21539 -0.15068 -0.25915 -0.21655 -0.12812 -0.10909 0.14352 -0.28508 0.05010 0.14464 -0.31438 -0.86133 -0.01406 0.00550
0.23963 -0.22424 -0.11745 -0.23316 -0.23223 -0.08384 -0.08943 0.14601 -0.29991 0.03189 0.15762 -0.34952 -0.87172 -0.01440 0.00255
0.23236 -0.22173 -0.11250 -0.25034 -0.26289 -0.07007 -0.08033 0.13816 -0.29083 0.04737 0.18406 -0.35054 -0.87090 -0.01468 0.00330
0.26384 -0.25890 -0.09931 -0.24686 -0.26773 -0.06445 -0.11354 0.16591 -0.30453 0.02892 0.17905 -0.34291 -0.88511 -0.01473 0.01548
0.26122 -0.25924 -0.09638 -0.22651 -0.27524 -0.04428 -0.11297 0.15655 -0.29978 0.00123 0.17161 -0.33348 -0.88697 -0.01938 0.03623
0.26175 -0.27297 -0.06206 -0.21698 -0.27804 -0.04391 -0.11181 0.15707 -0.33402 0.00062 0.16062 -0.30789 -0.88543 -0.01956 0.06119
0.25538 -0.27475 -0.07314 -0.20556 -0.28227 -0.03835 -0.10919 0.14717 -0.31472 0.00408 0.16668 -0.31479 -0.86346 -0.00558 0.05068
0.23985 -0.28046 -0.03636 -0.19273 -0.28095 -0.03886 -0.09490 0.14221 -0.33813 0.01101 0.16458 -0.30994 -0.83149 0.00918 0.03247
0.21881 -0.28661 -0.04088 -0.17566 -0.28192 -0.03988 -0.07939 0.13446 -0.32128 0.00847 0.17112 -0.30786 -0.79904 0.03103 0.01792
0.22059 -0.29290 -0.03936 -0.17057 -0.29997 -0.04353 -0.07323 0.11353 -0.33413 0.00266 0.17959 -0.32708 -0.83425 0.04741 0.00650
0.22243 -0.30744 -0.05102 -0.16178 -0.30529 -0.04366 -0.07734 0.11657 -0.32160 0.00217 0.18127 -0.33085 -0.82245 0.05730 -0.00205
0.21883 -0.31611 -0.07517 -0.15808 -0.31446 -0.04702 -0.07117 0.10657 -0.29550 0.00117 0.18625 -0.33719 -0.83068 0.07046 -0.01344
0.21660 -0.31839 -0.08388 -0.14973 -0.32253 -0.05103 -0.06909 0.09533 -0.28698 0.00136 0.19152 -0.34354 -0.82334 0.08342 -0.02851
0.20307 -0.29958 -0.08176 -0.13031 -0.30845 -0.04862 -0.06138 0.08719 -0.26748 -0.00215 0.17220 -0.33244 -0.76955 0.06920 -0.03869
0.20545 -0.30378 -0.08490 -0.12871 -0.31520 -0.04976 -0.06173 0.08829 -0.27306 -0.00570 0.17791 -0.33741 -0.77986 0.07221 -0.03810
0.20944 -0.31029 -0.08790 -0.12976 -0.32352 -0.05107 -0.06296 0.08794 -0.27911 -0.00847 0.18489 -0.34466 -0.79654 0.07841 -0.03917
0.20365 -0.30188 -0.08611 -0.12282 -0.31521 -0.05222 -0.06109 0.08433 -0.27209 -0.00905 0.18007 -0.33816 -0.77462 0.07661 -0.04099
0.21185 -0.31429 -0.09019 -0.12757 -0.32912 -0.05379 -0.06445 0.08615 -0.28347 -0.01015 0.18967 -0.35133 -0.80486 0.08320 -0.04204
0.21133 -0.31469 -0.09107 -0.12737 -0.33004 -0.05522 -0.06483 0.08327 -0.28419 -0.01031 0.19352 -0.35327 -0.80335 0.08968 -0.04444
0.21108 -0.31472 -0.09182 -0.12754 -0.33026 -0.05472 -0.06560 0.08119 -0.28200 -0.01032 0.19463 -0.35332 -0.80173 0.09295 -0.04597
0.21837 -0.32587 -0.09560 -0.13192 -0.34192 -0.05632 -0.07053 0.07815 -0.29232 -0.01212 0.19888 -0.36724 -0.82807 0.09986 -0.04814
0.19668 -0.21086 -0.00582 -0.12950 -0.33620 -0.05926 -0.04837 -0.04229 -0.36895 -0.01279 0.19570 -0.35775 -0.81817 0.10476 -0.05077
0.19570 -0.21163 -0.00480 -0.12932 -0.33620 -0.05934 -0.04695 -0.04312 -0.37284 -0.01234 0.19421 -0.35820 -0.81721 0.10560 -0.04913
0.20597 -0.21869 -0.04737 -0.12866 -0.34253 -0.06192 -0.05386 -0.04312 -0.34085 -0.01376 0.20379 -0.36567 -0.83612 0.11499 -0.04734
0.18173 -0.22532 -0.00040 -0.12683 -0.33727 -0.05979 -0.02900 -0.03270 -0.38119 -0.01374 0.20199 -0.36055 -0.82491 0.11567 -0.04768
0.17975 -0.22367 0.00101 -0.12615 -0.33467 -0.05880 -0.02573 -0.03126 -0.38535 -0.01320 0.19512 -0.35986 -0.82049 0.10961 -0.04524
0.17938 -0.22340 0.00131 -0.12626 -0.33451 -0.05822 -0.02534 -0.03013 -0.38704 -0.01353 0.19344 -0.35855 -0.81982 0.10717 -0.04286
0.18016 -0.22461 0.00170 -0.12708 -0.33677 -0.05957 -0.02468 -0.03581 -0.40144 -0.01314 0.19956 -0.35858 -0.82423 0.11832 -0.03142
0.17952 -0.22524 0.00407 -0.12825 -0.33664 -0.06330 -0.01170 -0.04742 -0.40881 -0.01233 0.19807 -0.35750 -0.83779 0.12987 -0.03033
0.27510 -0.18781 -0.05620 -0.12444 -0.32663 -0.06150 -0.09984 -0.10276 -0.33830 -0.01080 0.19178 -0.34812 -0.82459 0.15215 -0.02994
0.27879 -0.18946 -0.05640 -0.12715 -0.33263 -0.06423 -0.07896 -0.13732 -0.32548 -0.01039 0.19480 -0.34907 -0.86059 0.18563 -0.04797
0.29395 -0.16836 -0.05767 -0.12592 -0.32771 -0.06298 -0.08284 -0.25368 -0.30258 -0.00798 0.19181 -0.33837 -0.86075 0.28360 -0.05798
0.31057 -0.16123 -0.06224 -0.12580 -0.32496 -0.06010 -0.10833 -0.29167 -0.24680 -0.00425 0.19075 -0.33309 -0.83906 0.31260 -0.09553
0.29394 -0.18934 -0.05538 -0.12767 -0.32889 -0.06033 -0.10461 -0.29237 -0.20861 -0.00206 0.19405 -0.33565 -0.83088 0.33835 -0.14024
0.29252 -0.19212 -0.05209 -0.12305 -0.32844 -0.06224 -0.11864 -0.29229 -0.17189 -0.00028 0.19634 -0.33742 -0.81722 0.33903 -0.17809
0.29277 -0.19201 -0.04463 -0.12508 -0.33039 -0.06466 -0.13391 -0.28659 -0.15446 0.00281 0.19921 -0.33501 -0.80374 0.33256 -0.20120
0.28916 -0.18513 -0.04254 -0.12778 -0.33197 -0.06705 -0.21271 -0.26928 -0.13060 0.00598 0.20455 -0.33136 -0.72157 0.31102 -0.22481
0.29213 -0.18595 -0.04201 -0.12972 -0.33775 -0.07301 -0.15278 -0.21269 -0.21112 0.00948 0.21231 -0.33444 -0.79629 0.25408 -0.15113
0.29063 -0.18184 -0.04122 -0.13141 -0.33939 -0.07265 -0.15077 -0.19108 -0.23213 0.01092 0.21521 -0.33382 -0.79820 0.22899 -0.13017
0.27810 -0.17095 -0.04360 -0.12709 -0.33250 -0.07059 -0.09496 -0.16464 -0.25799 0.01407 0.21789 -0.32605 -0.83226 0.20357 -0.09566
0.28393 -0.16847 -0.03935 -0.12894 -0.33688 -0.06915 -0.07918 -0.19766 -0.24765 0.01423 0.22129 -0.33029 -0.85779 0.23258 -0.11310
0.28532 -0.16732 -0.03516 -0.12943 -0.33690 -0.06674 -0.06489 -0.24366 -0.23200 0.01500 0.22114 -0.32950 -0.86908 0.27656 -0.12980
0.28837 -0.16771 -0.03191 -0.12688 -0.33532 -0.06922 -0.05529 -0.27277 -0.21400 0.01560 0.22047 -0.32801 -0.88049 0.30454 -0.15078
0.28965 -0.16722 -0.02757 -0.12434 -0.33273 -0.06888 -0.05973 -0.28550 -0.19791 0.01535 0.22155 -0.32713 -0.87432 0.31862 -0.16905
0.29125 -0.16888 -0.02471 -0.12237 -0.33126 -0.06846 -0.07464 -0.29088 -0.17090 0.01528 0.22189 -0.32686 -0.85985 0.32594 -0.19757
0.29194 -0.16718 -0.01956 -0.12449 -0.33207 -0.06819 -0.11742 -0.26681 -0.16348 0.01695 0.22370 -0.32571 -0.81527 0.30184 -0.20979
0.29184 -0.16354 -0.01508 -0.12412 -0.33171 -0.07009 -0.14446 -0.24038 -0.19235 0.01770 0.22290 -0.32393 -0.78767 0.27035 -0.18497
0.28793 -0.15583 -0.02125 -0.12412 -0.33139 -0.07141 -0.16351 -0.19176 -0.22780 0.01852 0.22352 -0.32413 -0.76415 0.21443 -0.14434
0.28555 -0.14162 -0.03317 -0.12809 -0.33398 -0.07170 -0.16452 -0.13046 -0.26177 0.02059 0.22474 -0.32531 -0.76307 0.13823 -0.10102
0.28045 -0.14105 -0.05482 -0.12773 -0.32614 -0.06972 -0.21169 0.01793 -0.31432 0.02293 0.22540 -0.32209 -0.68872 -0.00268 -0.02091
0.26230 -0.15021 -0.10850 -0.13317 -0.33423 -0.07419 -0.17666 0.10576 -0.29615 0.02344 0.23562 -0.32552 -0.71947 -0.07908 0.00731
0.25189 -0.14509 -0.10645 -0.13077 -0.32437 -0.07099 -0.16192 0.16496 -0.29319 0.02382 0.22847 -0.31432 -0.70188 -0.13767 0.01615
0.25612 -0.16436 -0.09983 -0.13180 -0.32252 -0.07227 -0.17221 0.24658 -0.28835 0.02481 0.22859 -0.31137 -0.69432 -0.19757 0.00632
0.24378 -0.17211 -0.11193 -0.13292 -0.31791 -0.06496 -0.15594 0.27691 -0.25631 0.02703 0.22650 -0.31277 -0.68757 -0.21662 -0.00757
0.20239 -0.19575 -0.13512 -0.13489 -0.31847 -0.06521 -0.12884 0.33497 -0.22344 0.03151 0.22983 -0.31017 -0.67007 -0.24717 -0.01440
0.19829 -0.21071 -0.12859 -0.13840 -0.32385 -0.06679 -0.13093 0.34709 -0.23471 0.03508 0.23271 -0.31363 -0.66976 -0.24636 -0.01396
0.18566 -0.23489 -0.10621 -0.13931 -0.32391 -0.06538 -0.12548 0.35657 -0.25576 0.03887 0.23134 -0.31283 -0.65699 -0.23200 -0.01196
0.17084 -0.25838 -0.08167 -0.13980 -0.32373 -0.06375 -0.11645 0.35799 -0.28217 0.04168 0.23119 -0.31749 -0.64637 -0.20904 -0.01206
0.13639 -0.30772 -0.01856 -0.13630 -0.31616 -0.06170 -0.08616 0.30123 -0.33918 0.04658 0.22629 -0.31288 -0.61641 -0.09815 -0.00933
0.13325 -0.26223 -0.15752 -0.14546 -0.34021 -0.06732 -0.08800 0.24235 -0.23361 0.05294 0.24153 -0.33586 -0.64745 -0.09400 -0.00318
0.11702 -0.27475 -0.14933 -0.13705 -0.33943 -0.05292 -0.08260 0.18730 -0.24149 0.05340 0.23802 -0.34837 -0.61818 -0.02751 0.00043
0.11481 -0.27950 -0.14631 -0.13694 -0.33983 -0.05301 -0.07914 0.19162 -0.24435 0.05561 0.23469 -0.34588 -0.61422 -0.03051 0.00440
0.11589 -0.28492 -0.14888 -0.13956 -0.34565 -0.05401 -0.07806 0.19222 -0.24920 0.05846 0.23117 -0.35416 -0.62243 -0.03481 0.00381
0.11498 -0.28489 -0.14871 -0.13924 -0.34507 -0.05410 -0.07520 0.19261 -0.24800 0.05835 0.22991 -0.35322 -0.62155 -0.03557 0.00396
0.11594 -0.28618 -0.14864 -0.13924 -0.34643 -0.05480 -0.07205 0.19535 -0.24953 0.05861 0.23060 -0.35397 -0.62557 -0.03747 0.00475
0.11671 -0.28738 -0.14850 -0.13724 -0.34733 -0.05680 -0.07066 0.19677 -0.24974 0.05652 0.23068 -0.35175 -0.62824 -0.03837 0.00557
0.11492 -0.28240 -0.14564 -0.13378 -0.34272 -0.05282 -0.06871 0.19326 -0.24684 0.05429 0.22620 -0.34853 -0.61778 -0.03929 0.00719
0.11824 -0.28994 -0.14928 -0.13664 -0.35254 -0.05282 -0.06986 0.19869 -0.25225 0.05383 0.23351 -0.35963 -0.63590 -0.03981 0.00592
0.11850 -0.28985 -0.14933 -0.13632 -0.35308 -0.05246 -0.07076 0.19778 -0.25426 0.05340 0.23382 -0.36051 -0.63465 -0.03906 0.00780
0.11505 -0.28118 -0.14448 -0.13150 -0.34212 -0.05331 -0.06887 0.19488 -0.24691 0.05035 0.22384 -0.34533 -0.61547 -0.04336 0.00966
0.12116 -0.29762 -0.15162 -0.13747 -0.36470 -0.04264 -0.07256 0.20881 -0.26178 0.05147 0.24199 -0.37854 -0.64908 -0.04573 0.01030
0.11703 -0.29889 -0.12132 -0.12777 -0.34066 -0.04594 -0.07107 0.20693 -0.27038 0.04432 0.23483 -0.34800 -0.61072 -0.02494 0.01474
0.11610 -0.29536 -0.13102 -0.12870 -0.34332 -0.04618 -0.06871 0.20721 -0.26519 0.04313 0.23579 -0.34936 -0.61757 -0.03050 0.01787
0.11676 -0.29339 -0.13513 -0.12903 -0.34338 -0.05094 -0.06812 0.20662 -0.26517 0.04211 0.23598 -0.34467 -0.62143 -0.03170 0.02205
0.11560 -0.28657 -0.13528 -0.12691 -0.33825 -0.04963 -0.06652 0.20969 -0.26157 0.04098 0.23026 -0.33918 -0.61320 -0.04191 0.02537
0.11791 -0.28638 -0.13849 -0.12720 -0.34092 -0.05380 -0.06648 0.21651 -0.26618 0.03955 0.23116 -0.33774 -0.62167 -0.05079 0.03083
0.12493 -0.27949 -0.15161 -0.12815 -0.34373 -0.05413 -0.07161 0.22425 -0.26423 0.03942 0.23421 -0.34145 -0.62830 -0.06526 0.03823
0.13464 -0.25964 -0.17906 -0.12854 -0.34518 -0.05583 -0.08076 0.22495 -0.24710 0.03905 0.23522 -0.34114 -0.63137 -0.08614 0.04785
0.13728 -0.24948 -0.18633 -0.12809 -0.34585 -0.05581 -0.08728 0.24938 -0.25361 0.03803 0.23591 -0.34235 -0.62803 -0.12055 0.06132
0.14057 -0.23785 -0.19759 -0.12871 -0.34901 -0.05830 -0.09483 0.26723 -0.25565 0.03738 0.23803 -0.34375 -0.62908 -0.15070 0.07231
0.13615 -0.20965 -0.20140 -0.12292 -0.33368 -0.05565 -0.10036 0.26740 -0.24289 0.03587 0.22636 -0.32667 -0.59213 -0.17474 0.08379
0.13795 -0.19517 -0.21990 -0.12500 -0.33973 -0.05675 -0.11269 0.28613 -0.24140 0.03701 0.23080 -0.33364 -0.58922 -0.20983 0.09510
0.11762 -0.12327 -0.28706 -0.12758 -0.34712 -0.06040 -0.10275 0.23764 -0.19033 0.03749 0.23475 -0.33821 -0.58939 -0.23757 0.10590
0.11590 -0.11845 -0.28987 -0.12724 -0.34747 -0.06023 -0.12047 0.26968 -0.19355 0.03917 0.23399 -0.33852 -0.56573 -0.27611 0.11442
0.10446 -0.09805 -0.30300 -0.12778 -0.34561 -0.06998 -0.12872 0.27528 -0.18401 0.04074 0.23251 -0.32668 -0.54186 -0.30103 0.12396
0.09099 -0.08119 -0.31514 -0.13271 -0.32834 -0.07936 -0.14256 0.28847 -0.17866 0.04577 0.21257 -0.32220 -0.51550 -0.33347 0.12889
0.02268 -0.00431 -0.36643 -0.13306 -0.33266 -0.07884 -0.14335 0.28887 -0.12549 0.05077 0.20680 -0.32977 -0.44114 -0.42011 0.12248
0.01658 0.00172 -0.36864 -0.13591 -0.33771 -0.07701 -0.16690 0.29753 -0.12255 0.05522 0.21111 -0.33018 -0.40799 -0.43472 0.12472
0.02872 0.01694 -0.38947 -0.13690 -0.34043 -0.08899 -0.18254 0.31491 -0.11072 0.06124 0.21464 -0.32465 -0.37092 -0.46645 0.12239
-0.00534 0.03071 -0.37781 -0.14013 -0.33237 -0.09347 -0.18169 0.30097 -0.10063 0.06886 0.20972 -0.30876 -0.32602 -0.46082 0.11578
-0.07021 -0.02467 -0.39947 -0.14511 -0.30523 -0.13374 -0.20543 0.32479 -0.09686 0.07208 0.18382 -0.28414 -0.29831 -0.49187 0.11792
-0.09511 0.01059 -0.37952 -0.14351 -0.30473 -0.13415 -0.21505 0.30501 -0.09352 0.07776 0.18578 -0.28876 -0.22271 -0.46925 0.10524
-0.10316 -0.02086 -0.37807 -0.14291 -0.30578 -0.13706 -0.23709 0.30037 -0.09363 0.08152 0.18744 -0.28944 -0.18868 -0.45630 0.09872
-0.12436 -0.02375 -0.36734 -0.13853 -0.32165 -0.13798 -0.23928 0.28065 -0.09121 0.08192 0.20278 -0.28649 -0.15225 -0.43358 0.08875
-0.13859 -0.05674 -0.36469 -0.13309 -0.32982 -0.17515 -0.25240 0.26391 -0.09218 0.07973 0.21141 -0.25186 -0.12336 -0.40532 0.08211
-0.14942 -0.06909 -0.34977 -0.13815 -0.32627 -0.17315 -0.26438 0.24981 -0.08803 0.08625 0.20895 -0.24549 -0.09188 -0.38075 0.06721
-0.16801 -0.08876 -0.36139 -0.09808 -0.21906 -0.26955 -0.28582 0.23058 -0.09117 0.03900 0.09530 -0.17912 -0.08176 -0.36062 0.04805
-0.17540 -0.10266 -0.35495 -0.09007 -0.20495 -0.28093 -0.30398 0.21734 -0.08372 0.04465 0.14269 -0.34480 -0.04194 -0.27258 -0.14464
-0.17605 -0.11907 -0.32717 -0.08560 -0.19573 -0.26745 -0.30393 0.20477 -0.07374 0.04241 0.11670 -0.39562 -0.01518 -0.25357 -0.22207
-0.19755 -0.13890 -0.32614 -0.08787 -0.20048 -0.27259 -0.31029 0.19922 -0.06893 0.04714 0.11658 -0.36515 0.00664 -0.23403 -0.20225
-0.18375 -0.18978 -0.30267 -0.08069 -0.18686 -0.26296 -0.33403 0.24501 -0.06048 0.04160 0.10565 -0.34170 0.04071 -0.22107 -0.20344
-0.17106 -0.19552 -0.29295 -0.08240 -0.19023 -0.26558 -0.35956 0.21496 -0.07053 0.04298 0.10233 -0.34565 0.04878 -0.19207 -0.20975
-0.20447 -0.21008 -0.29549 -0.09117 -0.24594 -0.26983 -0.35393 0.16046 -0.07774 0.05076 0.12522 -0.35829 0.05872 -0.13555 -0.20378
-0.21727 -0.21374 -0.29205 -0.09165 -0.25460 -0.27099 -0.34672 0.15060 -0.07867 0.04993 0.12211 -0.36094 0.06103 -0.13019 -0.20747
-0.20779 -0.20381 -0.27597 -0.08806 -0.24765 -0.25724 -0.33400 0.13761 -0.07026 0.04443 0.11848 -0.39656 0.05879 -0.11909 -0.25478
-0.21965 -0.21423 -0.28706 -0.09197 -0.26211 -0.27174 -0.35206 0.14065 -0.07118 0.05743 0.12825 -0.27021 0.07627 -0.11712 -0.12624
-0.21545 -0.20926 -0.27816 -0.08961 -0.25781 -0.26648 -0.34485 0.13398 -0.06763 0.05193 0.11259 -0.37001 0.07309 -0.12428 -0.23345
-0.23214 -0.22530 -0.29788 -0.09596 -0.27890 -0.28904 -0.37167 0.14295 -0.07690 0.06323 0.13149 -0.27949 0.08758 -0.12273 -0.13125
-0.21715 -0.21079 -0.27737 -0.08939 -0.26204 -0.27076 -0.34076 0.12947 -0.07594 0.05214 0.11083 -0.36768 0.06891 -0.12313 -0.22594
-0.22172 -0.21537 -0.28220 -0.09061 -0.26809 -0.27786 -0.34817 0.13274 -0.07887 0.05357 0.11012 -0.35672 0.07148 -0.12924 -0.21233
-0.21465 -0.20841 -0.27218 -0.08752 -0.26003 -0.26886 -0.34071 0.13067 -0.07391 0.05014 0.11231 -0.37710 0.07178 -0.12176 -0.24006
-0.21705 -0.21056 -0.27454 -0.08849 -0.26360 -0.27185 -0.34381 0.13281 -0.07406 0.05145 0.11457 -0.36997 0.07313 -0.12315 -0.23226
-0.21772 -0.21097 -0.27473 -0.08872 -0.26452 -0.27271 -0.33618 0.12733 -0.07898 0.05275 0.11452 -0.36738 0.06643 -0.11807 -0.22514
-0.22117 -0.21414 -0.27857 -0.08997 -0.26892 -0.27743 -0.34805 0.13336 -0.07651 0.05508 0.11354 -0.36128 0.07603 -0.12673 -0.22101
-0.22137 -0.21386 -0.27797 -0.08981 -0.26892 -0.27725 -0.34852 0.13332 -0.07400 0.05476 0.11333 -0.36057 0.07691 -0.12690 -0.22309
-0.22302 -0.21369 -0.27528 -0.08951 -0.26873 -0.27742 -0.34579 0.13710 -0.07763 0.05560 0.11456 -0.36486 0.07795 -0.12884 -0.22623
-0.22160 -0.21473 -0.27548 -0.08801 -0.26953 -0.27625 -0.33209 0.15462 -0.07685 0.05650 0.12026 -0.36047 0.06528 -0.14021 -0.22099
-0.21503 -0.22119 -0.27977 -0.08649 -0.26716 -0.28080 -0.31901 0.16512 -0.07922 0.05225 0.11614 -0.35890 0.04196 -0.14300 -0.21762
-0.12758 -0.23436 -0.26456 -0.08309 -0.25448 -0.28621 -0.37709 0.18985 -0.09320 0.04175 0.10294 -0.35424 0.01167 -0.14978 -0.22310
-0.12203 -0.23330 -0.26240 -0.08402 -0.24988 -0.28059 -0.35290 0.21697 -0.08641 0.03486 0.11019 -0.36142 -0.02129 -0.16739 -0.23769
-0.05900 -0.25397 -0.27165 -0.14374 -0.35121 -0.17849 -0.28229 0.27215 -0.10992 0.07901 0.16823 -0.30962 -0.20624 -0.26027 -0.05020
-0.03924 -0.24885 -0.25565 -0.13669 -0.33958 -0.15825 -0.23645 0.26029 -0.12406 0.06337 0.16896 -0.35051 -0.26415 -0.23877 -0.07445
-0.01338 -0.26022 -0.25634 -0.13940 -0.34822 -0.16261 -0.19035 0.21579 -0.13988 0.06261 0.16700 -0.37594 -0.35781 -0.19522 -0.08588
0.03097 -0.27806 -0.23570 -0.13900 -0.34612 -0.16121 -0.19176 0.23199 -0.17988 0.06329 0.15774 -0.37854 -0.40314 -0.20012 -0.07038
0.03777 -0.26088 -0.21973 -0.14894 -0.35404 -0.13267 -0.15523 0.18078 -0.19991 0.07783 0.15294 -0.39389 -0.46538 -0.14306 -0.06482
0.08394 -0.30662 -0.20000 -0.15704 -0.36027 -0.12079 -0.14006 0.16905 -0.25538 0.09138 0.12838 -0.41013 -0.53829 -0.13383 -0.02822
0.13221 -0.32330 -0.15823 -0.15047 -0.31632 -0.03527 -0.11237 0.09145 -0.26679 0.08794 0.06220 -0.45388 -0.58185 -0.06211 -0.02046
0.13432 -0.31606 -0.15621 -0.18250 -0.29455 -0.10079 -0.06569 0.03029 -0.28777 0.12226 0.00667 -0.37551 -0.63518 -0.01870 0.00088
0.14228 -0.34300 -0.07258 -0.17551 -0.29606 -0.08357 -0.01986 -0.00223 -0.36985 0.11895 -0.02344 -0.37210 -0.68293 0.01594 0.01523
0.12531 -0.35182 -0.01092 -0.15833 -0.28683 -0.07529 0.05717 -0.06661 -0.42808 0.10930 -0.04905 -0.34476 -0.71166 0.07900 0.04315
0.14194 -0.36117 0.01383 -0.15437 -0.32256 -0.07948 0.08055 -0.10719 -0.38910 0.10872 -0.06311 -0.34217 -0.77216 0.08374 -0.02386
0.14476 -0.35781 0.02571 -0.15277 -0.32566 -0.07228 0.11276 -0.15817 -0.36468 0.11263 -0.09030 -0.32467 -0.80321 0.10517 -0.03768
0.14179 -0.34587 0.03222 -0.09688 -0.32010 0.01430 0.13767 -0.19168 -0.33227 0.06704 -0.11041 -0.37732 -0.80216 0.11471 -0.04427
0.13947 -0.33941 0.03131 -0.09595 -0.31438 0.01575 0.16004 -0.22254 -0.28431 0.12762 -0.30108 -0.40018 -0.75480 -0.04275 -0.11602
0.13870 -0.33786 0.03140 -0.09598 -0.31358 0.01727 0.16044 -0.22740 -0.27073 0.13480 -0.29275 -0.38632 -0.74762 -0.02610 -0.11502
0.14035 -0.33734 0.02734 -0.09664 -0.31397 0.01929 0.16534 -0.23842 -0.26399 0.14955 -0.26725 -0.37328 -0.73780 0.00884 -0.10451
0.14132 -0.33544 0.02481 -0.09556 -0.31360 0.02025 0.16931 -0.24776 -0.25731 0.16074 -0.27289 -0.35658 -0.72705 0.01024 -0.09221
0.14620 -0.33615 0.01597 -0.09163 -0.32116 0.01956 0.17092 -0.25907 -0.24959 0.16057 -0.23543 -0.29449 -0.73076 0.05166 -0.03062
0.14493 -0.33507 0.01172 -0.08810 -0.32000 0.02026 0.16861 -0.26254 -0.24161 0.16220 -0.27867 -0.35742 -0.72447 0.01131 -0.09667
0.14637 -0.32654 0.00080 -0.08284 -0.31645 0.01900 0.20563 -0.32045 -0.24869 0.15176 -0.27246 -0.34827 -0.75617 0.07033 -0.07159
0.14806 -0.32585 -0.00375 -0.07921 -0.31974 0.01658 0.20427 -0.32936 -0.24327 0.14763 -0.27214 -0.34778 -0.75594 0.07554 -0.07482
0.14948 -0.32523 -0.00817 -0.07700 -0.32145 0.01458 0.19985 -0.33239 -0.23620 0.14378 -0.27132 -0.34513 -0.75373 0.07716 -0.07713
0.14562 -0.32533 -0.00526 -0.07645 -0.31848 0.01544 0.19643 -0.33252 -0.23233 0.14249 -0.27052 -0.34538 -0.75250 0.08335 -0.07933
0.14381 -0.32571 -0.00438 -0.07604 -0.31735 0.01577 0.19587 -0.33337 -0.22816 0.14079 -0.26922 -0.34405 -0.75375 0.08652 -0.08146
0.14280 -0.32580 -0.00375 -0.07615 -0.31596 0.01678 0.19538 -0.33300 -0.22707 0.13936 -0.27007 -0.34419 -0.75490 0.08635 -0.08114
0.14477 -0.32592 -0.00626 -0.07612 -0.31791 0.01598 0.19637 -0.33727 -0.22381 0.15262 -0.21482 -0.26064 -0.74212 0.14261 -0.00024
0.14579 -0.32599 -0.00801 -0.07572 -0.31937 0.01444 0.19727 -0.33833 -0.22378 0.15535 -0.22325 -0.26922 -0.73923 0.13304 -0.00929
0.14645 -0.32624 -0.00944 -0.07514 -0.32084 0.01245 0.19932 -0.34068 -0.22286 0.15635 -0.22789 -0.27384 -0.73960 0.12922 -0.01582
0.14692 -0.32647 -0.01138 -0.07503 -0.32183 0.01166 0.20172 -0.34288 -0.22209 0.15651 -0.22987 -0.27440 -0.74144 0.12856 -0.01662
0.15158 -0.33623 -0.01290 -0.07679 -0.33226 0.01054 0.20576 -0.34839 -0.23440 0.13661 -0.22117 -0.27884 -0.78528 0.14229 -0.00824
0.14894 -0.32962 -0.01388 -0.07506 -0.32671 0.00937 0.20149 -0.34168 -0.23069 0.14790 -0.22416 -0.28475 -0.75518 0.13146 -0.01862
0.14889 -0.32868 -0.01467 -0.07468 -0.32644 0.00859 0.19899 -0.34072 -0.23192 0.14842 -0.22246 -0.28298 -0.74990 0.13160 -0.01568
0.14881 -0.32807 -0.01529 -0.07457 -0.32632 0.00833 0.19449 -0.33692 -0.23537 0.14800 -0.22010 -0.28079 -0.74433 0.12986 -0.00990
0.14903 -0.32776 -0.01669 -0.07418 -0.32660 0.00750 0.19275 -0.33771 -0.23665 0.14855 -0.21998 -0.28134 -0.74118 0.13032 -0.00874
0.14911 -0.32739 -0.01769 -0.07391 -0.32648 0.00712 0.19379 -0.33850 -0.23773 0.14829 -0.21836 -0.27867 -0.74155 0.13258 -0.00448
0.14447 -0.32749 -0.01353 -0.07323 -0.32551 0.00672 0.19382 -0.33259 -0.23924 0.14695 -0.21838 -0.27812 -0.74400 0.13445 -0.00082
0.14588 -0.32758 -0.01590 -0.07297 -0.32616 0.00620 0.19805 -0.33502 -0.23884 0.14670 -0.21892 -0.27741 -0.74789 0.13426 0.00042
0.14687 -0.32762 -0.01741 -0.07299 -0.32677 0.00604 0.19933 -0.33625 -0.23825 0.14630 -0.21802 -0.27665 -0.74947 0.13493 0.00107
0.14746 -0.32759 -0.01860 -0.07283 -0.32707 0.00573 0.19620 -0.33569 -0.23727 0.14602 -0.21899 -0.27786 -0.74618 0.13255 -0.00079
0.14798 -0.32771 -0.01999 -0.07270 -0.32750 0.00546 0.19649 -0.33959 -0.23840 0.14617 -0.21908 -0.27826 -0.74623 0.13563 0.00053
0.14826 -0.32775 -0.02069 -0.07249 -0.32775 0.00520 0.19624 -0.33591 -0.23684 0.14663 -0.21975 -0.27841 -0.74508 0.13071 -0.00109
0.14873 -0.32788 -0.02142 -0.07238 -0.32805 0.00505 0.20050 -0.33713 -0.23806 0.14514 -0.21982 -0.27753 -0.75087 0.13141 0.00145
0.14906 -0.32795 -0.02194 -0.07225 -0.32833 0.00492 0.20085 -0.33612 -0.23742 0.14558 -0.22048 -0.27904 -0.75077 0.12933 -0.00043
]
