classifier_Car_bumps_into_fence_2267 [ 0.08314 -0.35165 0.00272 -0.14229 -0.28145 0.05842 0.15659 -0.29142 -0.29056 0.11390 -0.04227 -0.41211 -0.74965 0.36964 -0.13373
0.08312 -0.35146 0.00236 -0.14390 -0.28133 0.05888 0.16183 -0.29164 -0.29126 0.11410 -0.04312 -0.41458 -0.75486 0.36942 -0.13542
0.08177 -0.35238 0.00400 -0.14242 -0.28094 0.05705 0.17543 -0.29189 -0.27240 0.11488 -0.04061 -0.41890 -0.76706 0.37280 -0.16087
0.05307 -0.34911 0.04382 -0.15061 -0.27910 0.05767 0.18043 -0.23564 -0.29107 0.12985 -0.04777 -0.46029 -0.74583 0.30804 -0.22327
0.05025 -0.34832 0.04958 -0.14797 -0.27414 0.04395 0.16568 -0.16189 -0.30667 0.12740 -0.04061 -0.43212 -0.72897 0.24667 -0.20149
0.04967 -0.35800 0.05975 -0.18603 -0.28854 0.05407 0.15154 -0.09115 -0.38071 0.17911 -0.03054 -0.46329 -0.72632 0.18320 -0.16168
0.04806 -0.32258 0.06457 -0.22428 -0.32338 -0.02369 0.07861 -0.05690 -0.38015 0.21493 0.04080 -0.35256 -0.61953 0.14751 -0.13159
0.05182 -0.31798 0.07111 -0.18913 -0.26497 -0.04336 0.01295 0.04157 -0.49063 0.18393 -0.02086 -0.37575 -0.59787 0.04703 -0.07944
0.09346 -0.34922 -0.07153 -0.18221 -0.25996 -0.08118 -0.11817 0.14066 -0.34486 0.19671 0.00701 -0.34229 -0.47531 0.01021 -0.08709
0.11035 -0.27512 -0.14957 -0.17513 -0.25014 -0.17375 -0.26109 0.17869 -0.25686 0.23362 0.06775 -0.28323 -0.29987 -0.03219 -0.13148
0.03861 -0.18548 -0.30192 -0.16168 -0.23923 -0.25433 -0.35749 0.14194 -0.22834 0.27665 0.12814 -0.21935 -0.06579 -0.01588 -0.02329
0.02731 -0.14906 -0.29291 -0.14454 -0.21873 -0.24548 -0.40470 0.10881 -0.19934 0.39397 0.15401 -0.12640 0.18341 0.02017 0.04943
0.02858 -0.13547 -0.31924 -0.10133 -0.18659 -0.31365 -0.36848 0.12644 -0.17658 0.39862 0.13352 -0.06880 0.19245 0.00107 0.04296
0.04940 -0.13705 -0.35078 -0.10705 -0.19070 -0.33708 -0.34604 0.15455 -0.17124 0.36740 0.16806 -0.09657 0.08804 0.00884 0.01504
0.05106 -0.11675 -0.32801 -0.09841 -0.16749 -0.31239 -0.38554 0.13830 -0.16665 0.40770 0.14818 -0.08140 0.21509 0.00661 0.03457
0.09818 -0.09072 -0.30704 -0.13549 -0.16717 -0.30957 -0.40390 0.14609 -0.17510 0.43602 0.16143 -0.09051 0.18299 0.00694 0.02087
0.17756 -0.07599 -0.27428 -0.15994 -0.17957 -0.33839 -0.26609 0.18345 -0.20625 0.25566 0.18044 -0.12659 -0.26968 -0.00261 -0.03751
0.25921 -0.10014 -0.13952 -0.24013 -0.17010 -0.23636 -0.20752 0.19917 -0.31086 0.17767 0.16814 -0.21482 -0.55846 -0.01370 -0.05832
0.27440 -0.14750 -0.07365 -0.29924 -0.18457 -0.17653 -0.08074 0.18641 -0.36531 0.12843 0.15863 -0.27678 -0.83631 -0.01273 -0.08564
0.31922 -0.19987 -0.04662 -0.29934 -0.18278 -0.15805 -0.08600 0.22020 -0.36096 0.10287 0.14360 -0.27573 -0.89157 -0.01214 -0.09681
0.28761 -0.24653 0.05696 -0.31323 -0.19956 -0.07721 0.00376 0.22703 -0.38482 0.07184 0.12999 -0.31613 -0.98520 -0.00231 -0.13420
0.28620 -0.25177 0.05086 -0.29869 -0.19598 -0.08234 -0.00104 0.21319 -0.37848 0.06848 0.12190 -0.30028 -0.97668 0.00421 -0.12437
0.28806 -0.26227 0.05287 -0.28241 -0.19581 -0.08791 -0.01071 0.22388 -0.39304 0.07336 0.12597 -0.30377 -0.97311 0.00297 -0.11590
0.27622 -0.25780 0.04810 -0.31253 -0.24352 -0.05657 -0.02434 0.21298 -0.38407 0.12053 0.19712 -0.32406 -0.92174 0.02832 -0.10620
0.26520 -0.27770 0.05030 -0.26420 -0.20146 -0.04946 -0.02070 0.22151 -0.39570 0.05447 0.19290 -0.32824 -0.95462 0.07752 -0.09920
0.24393 -0.27196 0.04260 -0.24947 -0.18553 -0.06300 -0.04136 0.19827 -0.39011 0.07193 0.25258 -0.27681 -0.86348 0.16655 -0.05507
0.24219 -0.29824 0.03674 -0.26241 -0.18576 -0.08713 -0.04529 0.23518 -0.39172 0.07721 0.33688 -0.27434 -0.89251 0.24117 -0.07445
0.22077 -0.29302 0.01024 -0.27764 -0.20729 -0.14934 -0.05570 0.23238 -0.35298 0.09574 0.39310 -0.17970 -0.83448 0.27158 -0.04888
0.21556 -0.30208 -0.00065 -0.27104 -0.21219 -0.14280 -0.06709 0.24038 -0.34255 0.06938 0.39996 -0.17573 -0.83475 0.27492 -0.03850
0.21958 -0.32266 -0.02355 -0.24530 -0.19388 -0.12432 -0.08125 0.25782 -0.33458 0.01050 0.36197 -0.21426 -0.87206 0.25868 -0.04486
0.21457 -0.33174 -0.03440 -0.24169 -0.20970 -0.11554 -0.09681 0.25138 -0.32877 -0.05712 0.06764 -0.32786 -0.91719 -0.03498 -0.14519
0.18001 -0.29282 0.01143 -0.20522 -0.27509 -0.01802 -0.06710 0.22228 -0.37677 -0.10109 0.10483 -0.42804 -0.92815 -0.06221 -0.13410
0.19982 -0.29865 -0.03482 -0.18716 -0.29848 -0.01712 -0.09337 0.22781 -0.31542 -0.11394 0.20766 -0.38763 -0.90328 0.01984 -0.10093
0.19515 -0.29333 -0.03558 -0.17913 -0.29617 -0.02041 -0.09289 0.22033 -0.30541 -0.12020 0.23861 -0.36833 -0.88714 0.05253 -0.09144
0.19440 -0.29482 -0.03596 -0.17726 -0.29728 -0.02236 -0.09200 0.22140 -0.30249 -0.12384 0.24567 -0.36620 -0.88849 0.05754 -0.09261
0.18770 -0.29778 -0.03525 -0.17717 -0.29569 -0.02229 -0.08766 0.21875 -0.29848 -0.11824 0.21542 -0.37976 -0.88130 0.03840 -0.10959
0.18334 -0.29920 -0.03601 -0.17677 -0.29392 -0.02328 -0.08402 0.21943 -0.29895 -0.11714 0.21088 -0.38364 -0.88041 0.03902 -0.11253
0.17559 -0.30331 -0.03403 -0.17669 -0.29310 -0.02367 -0.07701 0.22144 -0.30117 -0.11662 0.20964 -0.38477 -0.88002 0.04253 -0.11356
0.16898 -0.30863 -0.02881 -0.17593 -0.29259 -0.02411 -0.07783 0.21841 -0.31065 -0.11508 0.20921 -0.38563 -0.87040 0.05185 -0.11066
0.16093 -0.31358 -0.02424 -0.17613 -0.29439 -0.02512 -0.08312 0.22101 -0.32048 -0.11429 0.20755 -0.38931 -0.86023 0.05127 -0.11035
0.14816 -0.30069 -0.02120 -0.16871 -0.28327 -0.02450 -0.09008 0.20173 -0.31073 -0.11180 0.19573 -0.37458 -0.81172 0.05521 -0.10638
0.14120 -0.30087 -0.01585 -0.16840 -0.28372 -0.02466 -0.08523 0.19705 -0.31623 -0.11439 0.19481 -0.37452 -0.81233 0.05872 -0.10650
0.13835 -0.30091 -0.01468 -0.16822 -0.28395 -0.02455 -0.08310 0.19218 -0.31836 -0.11577 0.19397 -0.37535 -0.81324 0.06252 -0.10647
0.13618 -0.30136 -0.01339 -0.16778 -0.28366 -0.02424 -0.08036 0.18847 -0.31933 -0.11639 0.19196 -0.37388 -0.81390 0.06475 -0.10554
0.13450 -0.30234 -0.01237 -0.16743 -0.28344 -0.02403 -0.07754 0.18671 -0.32162 -0.11749 0.19160 -0.37492 -0.81576 0.06718 -0.10511
0.12110 -0.28591 0.02026 -0.16728 -0.28384 -0.02362 -0.06238 0.16887 -0.35615 -0.11925 0.19169 -0.37618 -0.81981 0.06837 -0.10425
0.12825 -0.31043 0.00923 -0.17601 -0.29918 -0.02459 -0.06562 0.18755 -0.36460 -0.12610 0.20300 -0.39535 -0.86469 0.07252 -0.10719
0.12558 -0.30468 0.00629 -0.17069 -0.29017 -0.02357 -0.06058 0.18546 -0.35468 -0.12338 0.19767 -0.38312 -0.84412 0.07122 -0.09974
0.12708 -0.30650 -0.00290 -0.17128 -0.29131 -0.02332 -0.05953 0.19081 -0.35857 -0.12379 0.19896 -0.38628 -0.84969 0.06816 -0.08993
0.13374 -0.30702 -0.02194 -0.17240 -0.29328 -0.02368 -0.06839 0.20607 -0.35570 -0.12215 0.19998 -0.39043 -0.85113 0.05295 -0.07911
0.14902 -0.30269 -0.06320 -0.17329 -0.29444 -0.02350 -0.09698 0.23104 -0.32686 -0.11908 0.19706 -0.39302 -0.83825 0.01991 -0.06982
0.16488 -0.28036 -0.10589 -0.16861 -0.28662 -0.02246 -0.14307 0.25254 -0.27837 -0.11056 0.18804 -0.38639 -0.78126 -0.02672 -0.06706
0.18733 -0.28137 -0.11585 -0.16915 -0.28772 -0.02264 -0.19430 0.28706 -0.25713 -0.10577 0.18342 -0.39027 -0.74657 -0.06494 -0.08077
0.09779 -0.05615 -0.32067 -0.17854 -0.30118 -0.02136 -0.25724 0.19294 -0.11634 -0.09695 0.17926 -0.41390 -0.60932 -0.20869 -0.04208
0.09214 -0.03548 -0.32995 -0.17449 -0.30359 -0.02360 -0.27842 0.20329 -0.11225 -0.09830 0.17831 -0.41337 -0.58131 -0.23996 -0.03674
0.07316 0.00158 -0.34018 -0.17147 -0.30555 -0.02570 -0.26734 0.19882 -0.10387 -0.09883 0.17872 -0.41210 -0.56833 -0.27018 -0.03247
0.07449 0.00347 -0.33685 -0.17406 -0.30873 -0.02498 -0.22946 0.24165 -0.10883 -0.10273 0.17881 -0.40743 -0.60671 -0.31646 -0.02525
0.08006 -0.01228 -0.32777 -0.17729 -0.31419 -0.02456 -0.18715 0.26024 -0.12075 -0.10782 0.18397 -0.41033 -0.66362 -0.31777 -0.02451
0.08796 -0.10706 -0.28937 -0.17804 -0.31404 -0.02441 -0.12786 0.32149 -0.15165 -0.10942 0.18629 -0.40477 -0.72619 -0.28234 -0.02533
0.07649 -0.20807 -0.26153 -0.17288 -0.30452 -0.02398 -0.05530 0.37580 -0.16400 -0.11060 0.18176 -0.38841 -0.76745 -0.23285 -0.02287
0.06952 -0.20269 -0.24160 -0.17952 -0.31526 -0.02447 0.00398 0.29524 -0.18936 -0.11777 0.19024 -0.39958 -0.84844 -0.15809 -0.03117
0.05943 -0.22191 -0.22512 -0.18366 -0.31966 -0.02458 0.05736 0.25959 -0.22016 -0.12196 0.19575 -0.40271 -0.90578 -0.10154 -0.02103
0.04116 -0.25679 -0.18693 -0.18002 -0.31899 -0.02997 0.10731 0.24252 -0.26844 -0.12466 0.19769 -0.40091 -0.94340 -0.04763 -0.00935
0.03555 -0.26595 -0.17448 -0.17948 -0.31830 -0.03250 0.13066 0.22405 -0.28710 -0.12618 0.19991 -0.39807 -0.96610 -0.01774 0.00010
0.00697 -0.31883 -0.15138 -0.17053 -0.29764 -0.02821 0.14345 0.28416 -0.28075 -0.11883 0.18689 -0.37122 -0.90110 -0.02099 0.00244
0.02050 -0.31754 -0.15494 -0.17455 -0.30118 -0.02682 0.06338 0.36535 -0.29509 -0.11912 0.18958 -0.37475 -0.84310 -0.10372 0.01730
0.06612 -0.18132 -0.25801 -0.18530 -0.31719 -0.02639 -0.03683 0.29974 -0.23025 -0.12331 0.19991 -0.39424 -0.82583 -0.17665 0.03661
0.07161 -0.16118 -0.26682 -0.18402 -0.31232 -0.02957 -0.10748 0.32206 -0.21205 -0.12016 0.19808 -0.38781 -0.74616 -0.21734 0.03888
0.06227 -0.07424 -0.31963 -0.18532 -0.31306 -0.03058 -0.16256 0.27165 -0.15219 -0.11966 0.19881 -0.39093 -0.68515 -0.25041 0.03281
0.08957 -0.08193 -0.33185 -0.18431 -0.31008 -0.03123 -0.24230 0.30553 -0.12920 -0.11920 0.19613 -0.38998 -0.62612 -0.27476 0.02495
0.10108 -0.07150 -0.31470 -0.17620 -0.29508 -0.02669 -0.27723 0.29685 -0.11145 -0.11414 0.18506 -0.37145 -0.56399 -0.27447 0.01121
0.10430 -0.06606 -0.31699 -0.17639 -0.29532 -0.02748 -0.25755 0.31249 -0.07147 -0.11064 0.18276 -0.37445 -0.58243 -0.29835 -0.02992
0.11809 -0.07738 -0.30975 -0.17722 -0.29495 -0.02799 -0.24775 0.34502 -0.07697 -0.11038 0.18315 -0.37607 -0.60461 -0.31903 -0.03368
0.11594 -0.07793 -0.30278 -0.18778 -0.31159 -0.02748 -0.18121 0.30910 -0.08930 -0.11573 0.19366 -0.39639 -0.70597 -0.28480 -0.05208
0.12825 -0.12422 -0.26867 -0.19141 -0.31679 -0.02643 -0.14675 0.33646 -0.13363 -0.11665 0.19701 -0.40117 -0.76347 -0.26758 -0.04847
0.13344 -0.14999 -0.25121 -0.19163 -0.31684 -0.02496 -0.10846 0.31561 -0.15188 -0.11624 0.19945 -0.40096 -0.80784 -0.21988 -0.04910
0.13793 -0.19301 -0.21487 -0.19169 -0.31713 -0.02412 -0.08598 0.33173 -0.19913 -0.11610 0.20047 -0.40147 -0.83684 -0.19298 -0.04061
0.13637 -0.21550 -0.18993 -0.19211 -0.31623 -0.02277 -0.06450 0.31920 -0.22431 -0.11724 0.20009 -0.39965 -0.85834 -0.15819 -0.03956
0.12075 -0.25598 -0.12597 -0.19012 -0.30980 -0.02093 -0.02899 0.30733 -0.26677 -0.11984 0.19645 -0.38817 -0.87043 -0.10442 -0.04878
0.11906 -0.32536 -0.13074 -0.18431 -0.29875 -0.01902 -0.02985 0.36453 -0.25117 -0.11609 0.18932 -0.37545 -0.84238 -0.09483 -0.04641
0.12182 -0.32165 -0.14041 -0.18533 -0.30039 -0.01982 -0.03829 0.36997 -0.24651 -0.11895 0.18918 -0.37624 -0.84574 -0.10531 -0.04261
0.13071 -0.30434 -0.17559 -0.18828 -0.30541 -0.02046 -0.05401 0.36855 -0.22840 -0.12191 0.19223 -0.38495 -0.85432 -0.12232 -0.03505
0.15269 -0.20994 -0.18564 -0.19332 -0.31559 -0.02173 -0.11632 0.31760 -0.27789 -0.12579 0.19587 -0.39869 -0.84165 -0.17013 0.01037
0.26793 -0.17588 -0.22785 -0.18354 -0.29901 -0.02107 -0.25760 0.27737 -0.20932 -0.11906 0.18379 -0.37914 -0.77837 -0.15734 0.01147
0.28521 -0.13975 -0.22848 -0.18295 -0.29787 -0.02232 -0.29020 0.25283 -0.20876 -0.11875 0.18168 -0.37892 -0.76446 -0.16496 0.01581
0.22408 -0.02488 -0.22198 -0.18574 -0.30296 -0.02289 -0.28193 0.13433 -0.21787 -0.12267 0.18291 -0.38422 -0.72947 -0.15908 0.01764
0.29803 -0.04200 -0.25199 -0.17440 -0.28478 -0.02199 -0.36350 0.12154 -0.15621 -0.11496 0.17146 -0.36220 -0.67631 -0.12747 0.01080
0.22123 -0.04445 -0.28769 -0.18360 -0.30114 -0.02368 -0.30485 0.07977 -0.14627 -0.12072 0.18009 -0.38339 -0.70024 -0.09837 0.01139
0.21237 -0.11294 -0.24257 -0.18609 -0.30851 -0.02482 -0.31941 0.04974 -0.20418 -0.11897 0.18254 -0.38987 -0.68991 -0.01953 0.01526
0.20960 -0.14506 -0.23397 -0.18611 -0.31087 -0.02500 -0.31886 0.04421 -0.20745 -0.11470 0.18048 -0.39414 -0.68679 -0.00556 0.00839
0.20749 -0.15565 -0.23104 -0.18570 -0.31143 -0.02450 -0.32376 0.06133 -0.20639 -0.11161 0.18174 -0.39470 -0.67675 -0.01758 0.00502
0.14301 -0.15427 -0.27973 -0.18966 -0.31488 -0.02121 -0.25575 0.06952 -0.16107 -0.10968 0.18635 -0.39702 -0.68236 -0.02878 0.00624
0.20279 -0.16811 -0.24568 -0.18826 -0.31303 -0.02178 -0.31077 0.09178 -0.19660 -0.10762 0.19039 -0.39440 -0.68264 -0.03503 0.01037
0.20085 -0.16723 -0.24234 -0.18497 -0.30827 -0.02209 -0.30143 0.09220 -0.19739 -0.10501 0.19077 -0.38903 -0.67809 -0.03376 0.01374
0.20259 -0.16674 -0.24350 -0.18449 -0.30778 -0.02269 -0.29790 0.08748 -0.20008 -0.10390 0.19287 -0.38878 -0.68235 -0.02906 0.01760
0.20619 -0.16576 -0.24246 -0.18406 -0.30692 -0.02298 -0.29195 0.08029 -0.20269 -0.10179 0.19387 -0.38838 -0.68856 -0.02289 0.01962
0.21508 -0.16620 -0.24576 -0.18706 -0.31209 -0.02370 -0.29268 0.07447 -0.20712 -0.10254 0.19715 -0.39412 -0.70896 -0.01972 0.02085
0.22373 -0.16415 -0.24067 -0.18684 -0.31191 -0.02376 -0.29045 0.07050 -0.21241 -0.10187 0.19658 -0.39516 -0.71888 -0.01946 0.01976
0.20051 -0.15449 -0.25809 -0.18764 -0.31325 -0.02380 -0.24188 0.06398 -0.19328 -0.09917 0.19719 -0.39777 -0.74400 -0.02402 0.01520
0.25384 -0.16021 -0.23417 -0.18423 -0.30735 -0.02367 -0.28199 0.07431 -0.20590 -0.09620 0.19176 -0.39105 -0.74103 -0.02840 0.01075
0.25539 -0.14994 -0.19738 -0.18860 -0.31394 -0.02467 -0.21838 0.07657 -0.24501 -0.09874 0.19895 -0.40039 -0.82285 -0.03988 0.00207
0.25821 -0.14902 -0.19058 -0.18898 -0.31414 -0.02595 -0.21190 0.08066 -0.25343 -0.09794 0.19912 -0.39943 -0.83036 -0.04408 0.00333
0.26016 -0.14732 -0.19011 -0.18893 -0.31446 -0.02851 -0.21310 0.07795 -0.26551 -0.09632 0.19941 -0.39491 -0.82907 -0.04262 0.01742
0.25764 -0.14522 -0.21071 -0.18737 -0.31579 -0.02881 -0.22524 0.07111 -0.24982 -0.09373 0.19871 -0.39137 -0.81206 -0.04060 0.02645
0.25254 -0.14933 -0.22005 -0.18137 -0.31096 -0.02876 -0.27544 0.06974 -0.24622 -0.08685 0.19270 -0.38269 -0.73325 -0.03863 0.04246
0.19774 -0.15187 -0.24956 -0.18960 -0.32318 -0.02705 -0.28050 0.05989 -0.24526 -0.08468 0.19903 -0.39095 -0.69000 -0.03284 0.06208
0.13386 -0.15300 -0.27440 -0.18812 -0.32210 -0.02560 -0.28757 0.05258 -0.22212 -0.07696 0.19941 -0.38047 -0.59576 -0.02307 0.07652
0.10313 -0.17473 -0.30620 -0.17968 -0.32351 -0.03188 -0.31524 0.06221 -0.20436 -0.07074 0.20254 -0.38370 -0.53047 -0.01383 0.09088
-0.02796 -0.18544 -0.34444 -0.16865 -0.33473 -0.04026 -0.36559 0.06190 -0.15173 -0.05686 0.20314 -0.37992 -0.31440 -0.00099 0.08776
-0.03054 -0.20340 -0.28181 -0.16735 -0.33917 -0.04370 -0.44652 0.07081 -0.11197 -0.04529 0.20272 -0.36378 -0.15929 -0.01053 0.05704
-0.12462 -0.19393 -0.30234 -0.16994 -0.32247 -0.07991 -0.42582 0.06543 -0.08556 -0.03609 0.19119 -0.34969 -0.09010 -0.00954 0.03078
-0.11702 -0.19885 -0.30840 -0.18686 -0.29558 -0.12541 -0.40900 0.10410 -0.09691 -0.10380 0.18566 -0.31673 -0.21631 -0.02342 0.04523
-0.10324 -0.17984 -0.31080 -0.18241 -0.32668 -0.06105 -0.35635 0.11609 -0.10630 -0.12135 0.22813 -0.34948 -0.27692 -0.04058 0.07139
-0.01107 -0.15154 -0.35215 -0.19665 -0.32065 -0.04628 -0.35234 0.12384 -0.12409 -0.13243 0.24510 -0.35695 -0.40701 -0.07401 0.12746
0.00736 -0.14925 -0.36080 -0.19454 -0.30597 -0.04232 -0.32494 0.13407 -0.13317 -0.12860 0.24186 -0.35796 -0.45380 -0.08826 0.14715
0.11787 -0.12609 -0.35122 -0.18959 -0.29243 -0.03345 -0.35359 0.11873 -0.12561 -0.11514 0.22359 -0.34943 -0.49875 -0.09625 0.13969
0.14237 -0.12764 -0.35507 -0.19774 -0.30394 -0.03353 -0.26701 0.10632 -0.15180 -0.11090 0.22832 -0.36319 -0.63143 -0.08751 0.15164
0.15727 -0.12643 -0.34477 -0.18396 -0.30747 -0.03940 -0.25592 0.09745 -0.15308 -0.10264 0.22466 -0.36420 -0.65042 -0.08325 0.14051
0.19018 -0.13632 -0.32122 -0.18197 -0.31093 -0.03921 -0.26517 0.09654 -0.16502 -0.09461 0.22396 -0.36435 -0.66875 -0.07551 0.12654
0.19416 -0.14016 -0.31612 -0.18126 -0.31353 -0.04032 -0.25871 0.09117 -0.16355 -0.08809 0.22382 -0.36727 -0.67496 -0.06910 0.11423
0.19756 -0.14910 -0.30972 -0.17916 -0.31635 -0.04072 -0.25555 0.08837 -0.16525 -0.08350 0.22497 -0.36755 -0.67715 -0.06105 0.10508
0.23222 -0.17918 -0.25708 -0.17349 -0.31196 -0.03991 -0.29222 0.10768 -0.20678 -0.07781 0.22104 -0.35936 -0.65607 -0.05359 0.09684
0.21181 -0.17696 -0.28395 -0.17537 -0.32090 -0.04077 -0.26953 0.09781 -0.19163 -0.07663 0.22666 -0.36934 -0.67116 -0.05205 0.09600
0.20637 -0.17721 -0.28847 -0.17369 -0.32252 -0.04181 -0.26913 0.09776 -0.18762 -0.07436 0.22713 -0.37088 -0.66277 -0.05355 0.09242
0.21398 -0.18651 -0.28009 -0.17268 -0.32394 -0.04190 -0.27840 0.10892 -0.19552 -0.07235 0.22831 -0.37162 -0.65815 -0.05579 0.08968
0.20238 -0.18445 -0.28939 -0.17125 -0.32463 -0.04364 -0.27247 0.11111 -0.18684 -0.06751 0.22939 -0.37153 -0.64611 -0.05942 0.08678
0.18493 -0.18051 -0.30037 -0.16774 -0.31800 -0.04382 -0.26720 0.10838 -0.17693 -0.06442 0.22701 -0.36408 -0.62047 -0.05774 0.08313
0.18196 -0.17941 -0.30505 -0.16881 -0.32016 -0.04453 -0.26718 0.10896 -0.17568 -0.06476 0.22969 -0.36545 -0.61984 -0.05721 0.08195
0.18065 -0.18145 -0.31486 -0.17209 -0.32596 -0.04586 -0.26455 0.10833 -0.17911 -0.06578 0.23422 -0.37141 -0.63321 -0.05637 0.08517
0.17833 -0.18129 -0.31705 -0.17280 -0.32670 -0.04604 -0.26368 0.10729 -0.17699 -0.06599 0.23518 -0.36945 -0.63216 -0.05472 0.08562
0.17645 -0.18104 -0.31922 -0.17325 -0.32697 -0.04564 -0.26366 0.10484 -0.17789 -0.06688 0.23455 -0.37056 -0.63100 -0.05285 0.08659
0.17512 -0.18096 -0.32144 -0.17455 -0.32774 -0.04637 -0.26392 0.10554 -0.17794 -0.06645 0.23615 -0.37017 -0.62888 -0.05210 0.08682
0.17417 -0.18015 -0.32244 -0.17528 -0.32823 -0.04647 -0.26401 0.10570 -0.17387 -0.06733 0.23617 -0.37069 -0.62835 -0.05220 0.08269
0.17355 -0.17956 -0.32325 -0.17583 -0.32840 -0.04666 -0.26298 0.10732 -0.17490 -0.06692 0.23608 -0.37027 -0.62822 -0.05348 0.08426
0.17020 -0.17646 -0.32004 -0.17409 -0.32412 -0.04600 -0.26090 0.10628 -0.17121 -0.06521 0.23302 -0.36474 -0.61592 -0.05303 0.08303
0.16334 -0.17582 -0.33302 -0.17690 -0.32871 -0.04662 -0.25767 0.10651 -0.16320 -0.06616 0.23630 -0.36885 -0.62128 -0.05482 0.08278
0.16357 -0.17626 -0.33308 -0.17748 -0.32908 -0.04657 -0.25460 0.10267 -0.16432 -0.06560 0.23593 -0.36814 -0.62423 -0.05102 0.08372
0.16429 -0.17854 -0.33072 -0.17961 -0.32819 -0.04439 -0.25455 0.09894 -0.16612 -0.06191 0.23572 -0.36302 -0.62234 -0.04587 0.08777
0.17010 -0.18707 -0.32302 -0.17964 -0.32875 -0.04017 -0.25957 0.09624 -0.17602 -0.05775 0.23467 -0.36035 -0.61699 -0.03730 0.09456
0.18386 -0.20485 -0.28188 -0.18053 -0.33603 -0.03716 -0.27116 0.09327 -0.22174 -0.05038 0.23190 -0.36370 -0.61623 -0.02537 0.09878
0.19059 -0.24593 -0.10783 -0.14698 -0.33337 -0.00188 -0.27746 0.03726 -0.35188 -0.00302 0.16110 -0.39533 -0.52676 0.02199 0.05611
0.21025 -0.28337 -0.12416 -0.13468 -0.33350 0.00633 -0.29878 0.00546 -0.34380 0.01586 0.10294 -0.43032 -0.52096 0.03972 0.03448
0.20295 -0.32025 -0.09082 -0.16155 -0.27470 -0.04844 -0.28758 -0.04076 -0.38066 0.08336 -0.03047 -0.40659 -0.50285 0.05316 0.00426
0.17389 -0.33682 -0.03797 -0.13141 -0.29811 0.00737 -0.24964 -0.09783 -0.41087 0.10671 -0.07219 -0.45587 -0.45629 0.06682 -0.01253
0.14933 -0.37993 0.04383 -0.08501 -0.30275 0.03656 -0.17907 -0.19919 -0.37518 0.17382 -0.21907 -0.39490 -0.36348 0.05910 -0.04424
0.12285 -0.36735 0.06893 -0.08329 -0.30755 0.03557 -0.16395 -0.23278 -0.42909 0.18538 -0.25720 -0.37778 -0.33730 0.03861 -0.00305
0.11697 -0.36709 0.07200 -0.08084 -0.31066 0.03310 -0.15696 -0.23351 -0.43146 0.16999 -0.27711 -0.35565 -0.35020 0.01632 0.01168
0.08152 -0.36514 0.07627 -0.09327 -0.31438 0.03829 -0.10582 -0.23291 -0.44127 0.16955 -0.27284 -0.36079 -0.40106 0.02855 -0.00061
0.07363 -0.36548 0.07626 -0.09991 -0.31513 0.03989 -0.07806 -0.23186 -0.43240 0.16686 -0.27538 -0.35614 -0.42968 0.02920 -0.00842
0.06295 -0.37964 0.07796 -0.10413 -0.31329 0.04121 -0.02562 -0.20808 -0.38826 0.16473 -0.27636 -0.35170 -0.47506 0.02416 -0.05230
0.05376 -0.36743 0.07239 -0.10335 -0.29877 0.03955 0.04308 -0.19115 -0.39245 0.15657 -0.26417 -0.33474 -0.51778 0.02358 -0.02733
0.05159 -0.38153 0.07205 -0.10897 -0.30550 0.04144 0.08286 -0.18366 -0.37071 0.15856 -0.26936 -0.34264 -0.56715 0.02188 -0.05873
0.05034 -0.39265 0.07399 -0.11436 -0.31368 0.04223 0.10051 -0.19748 -0.32638 0.16194 -0.27839 -0.35199 -0.59664 0.03300 -0.11627
0.05185 -0.38400 0.06976 -0.11345 -0.30322 0.03925 0.20127 -0.24800 -0.36827 0.15434 -0.27026 -0.33531 -0.69066 0.09650 -0.05666
0.05858 -0.38767 0.06738 -0.11559 -0.30266 0.03811 0.19943 -0.24989 -0.36290 0.15206 -0.27149 -0.33176 -0.69835 0.10329 -0.05822
0.06617 -0.38275 0.05887 -0.11887 -0.30301 0.03921 0.18318 -0.25832 -0.32363 0.15052 -0.27301 -0.33279 -0.69678 0.11410 -0.09176
0.06875 -0.37951 0.05575 -0.12113 -0.30275 0.04001 0.17976 -0.26272 -0.31889 0.14920 -0.27243 -0.33085 -0.69901 0.12152 -0.09123
0.06981 -0.37698 0.05322 -0.12261 -0.30218 0.04054 0.17981 -0.26357 -0.32043 0.14752 -0.27248 -0.33057 -0.70241 0.12412 -0.08706
0.07132 -0.37785 0.04976 -0.12433 -0.30159 0.03848 0.17087 -0.26224 -0.32539 0.14484 -0.27415 -0.32535 -0.69940 0.12547 -0.07628
0.07073 -0.37645 0.04808 -0.12694 -0.30096 0.03999 0.16671 -0.25987 -0.33056 0.14450 -0.27566 -0.32831 -0.69488 0.12329 -0.07181
0.06966 -0.37518 0.04572 -0.12812 -0.30063 0.04090 0.16254 -0.25821 -0.33421 0.14407 -0.27694 -0.33008 -0.68989 0.12185 -0.06712
0.06640 -0.37458 0.04180 -0.12800 -0.30030 0.03718 0.14803 -0.25719 -0.32927 0.14321 -0.27929 -0.32967 -0.67460 0.12115 -0.07191
0.06347 -0.37473 0.03796 -0.12888 -0.30050 0.03512 0.15081 -0.25656 -0.32827 0.14089 -0.27949 -0.32435 -0.67910 0.12262 -0.06630
0.06061 -0.37439 0.03536 -0.12947 -0.30049 0.03364 0.15243 -0.25627 -0.32565 0.14267 -0.28321 -0.33013 -0.67715 0.12034 -0.07332
0.06163 -0.37646 0.03363 -0.12796 -0.29947 0.03010 0.15281 -0.25510 -0.32677 0.14015 -0.28378 -0.32564 -0.67852 0.12013 -0.06936
0.06234 -0.37841 0.03205 -0.12704 -0.29936 0.02912 0.16817 -0.25584 -0.34229 0.14160 -0.28576 -0.32900 -0.69152 0.11977 -0.05637
0.06269 -0.37936 0.03118 -0.12661 -0.29926 0.02880 0.16861 -0.25600 -0.34187 0.14334 -0.28826 -0.33361 -0.68948 0.11755 -0.06071
0.06306 -0.38025 0.03020 -0.12621 -0.29915 0.02846 0.16797 -0.25587 -0.34037 0.14264 -0.28839 -0.33222 -0.68904 0.11758 -0.06001
0.06345 -0.38089 0.02914 -0.12600 -0.29908 0.02824 0.16846 -0.25603 -0.34041 0.14174 -0.28791 -0.33113 -0.69035 0.11836 -0.05796
0.06381 -0.38148 0.02839 -0.12546 -0.29906 0.02763 0.16811 -0.25547 -0.34020 0.14067 -0.28704 -0.32919 -0.69065 0.11877 -0.05592
0.06417 -0.38179 0.02805 -0.12513 -0.29885 0.02741 0.16833 -0.25593 -0.33974 0.14040 -0.28781 -0.32964 -0.69066 0.11849 -0.05648
0.06448 -0.38219 0.02765 -0.12579 -0.29906 0.02749 0.16897 -0.25576 -0.33901 0.14130 -0.28858 -0.33066 -0.69054 0.11742 -0.05791
0.06474 -0.38239 0.02717 -0.12537 -0.29898 0.02714 0.16805 -0.25671 -0.33665 0.14202 -0.28943 -0.33399 -0.68869 0.11742 -0.06325
0.06499 -0.38275 0.02692 -0.12545 -0.29927 0.02704 0.16800 -0.25633 -0.33647 0.14179 -0.28963 -0.33365 -0.68865 0.11668 -0.06295
0.06522 -0.38309 0.02671 -0.12510 -0.29922 0.02675 0.16782 -0.25616 -0.33672 0.14056 -0.28805 -0.33002 -0.68965 0.11813 -0.05900
0.06553 -0.38359 0.02617 -0.12462 -0.29948 0.02640 0.16668 -0.25558 -0.33546 0.14041 -0.28736 -0.32913 -0.68849 0.11795 -0.05897
0.06301 -0.38200 0.02580 -0.12428 -0.29968 0.02580 0.16879 -0.25636 -0.33490 0.13938 -0.28631 -0.32690 -0.69136 0.11953 -0.05697
0.06368 -0.38343 0.02506 -0.12418 -0.29975 0.02474 0.17074 -0.25674 -0.33427 0.13972 -0.28658 -0.32541 -0.69321 0.11996 -0.05636
0.06398 -0.38417 0.02436 -0.12427 -0.30004 0.02496 0.17205 -0.25638 -0.33400 0.13901 -0.28716 -0.32616 -0.69502 0.11874 -0.05661
0.06227 -0.38305 0.02423 -0.12443 -0.30012 0.02419 0.17144 -0.25638 -0.33370 0.13986 -0.28754 -0.32684 -0.69367 0.11834 -0.05767
0.06289 -0.38416 0.02291 -0.12446 -0.30064 0.02463 0.15541 -0.25679 -0.31657 0.14434 -0.28599 -0.32822 -0.67298 0.12002 -0.07452
0.06342 -0.38473 0.02223 -0.12444 -0.30091 0.02493 0.15544 -0.25769 -0.31593 0.14524 -0.28707 -0.33003 -0.67183 0.11932 -0.07616
0.06158 -0.38310 0.02169 -0.12440 -0.30089 0.02513 0.15519 -0.25832 -0.31605 0.14407 -0.28656 -0.33006 -0.67231 0.12006 -0.07540
]
