classifier_Car_bumps_into_monkey_17329 [ 0.06192 -0.38292 -0.25144 -0.09663 -0.33998 -0.07670 0.12235 -0.28668 -0.40544 0.10674 -0.18295 -0.43633 -0.61211 0.08333 0.06044
0.06175 -0.38280 -0.25166 -0.09676 -0.33988 -0.07658 0.12158 -0.28750 -0.40325 0.09896 -0.18435 -0.43891 -0.61919 0.08286 0.05589
0.06908 -0.38070 -0.25282 -0.09674 -0.34008 -0.07655 0.11261 -0.28845 -0.40131 0.10458 -0.18874 -0.43448 -0.61189 0.07738 0.05975
0.06532 -0.38234 -0.25123 -0.09676 -0.34015 -0.07657 0.11753 -0.28683 -0.40362 0.09853 -0.18865 -0.42989 -0.61914 0.07757 0.06507
0.06454 -0.38225 -0.25150 -0.09677 -0.34023 -0.07647 0.12000 -0.28758 -0.40203 0.10028 -0.18875 -0.44061 -0.61911 0.07814 0.05309
0.06392 -0.38239 -0.25139 -0.09682 -0.34029 -0.07634 0.11841 -0.28686 -0.40172 0.09938 -0.18570 -0.43822 -0.61787 0.08059 0.05509
0.06393 -0.38260 -0.25141 -0.09745 -0.33960 -0.07573 0.11926 -0.28629 -0.40258 0.10735 -0.18756 -0.43954 -0.61163 0.07940 0.05558
0.06456 -0.38252 -0.25121 -0.09811 -0.33970 -0.07528 0.11984 -0.28625 -0.40632 0.10224 -0.18262 -0.44041 -0.61855 0.08452 0.05905
0.06620 -0.38239 -0.25055 -0.10056 -0.34062 -0.07383 0.11800 -0.28646 -0.40338 0.09856 -0.12245 -0.36371 -0.62404 0.14422 0.13425
0.06915 -0.37309 -0.24328 -0.10776 -0.32776 -0.06770 0.11122 -0.28224 -0.38510 0.10438 -0.12744 -0.38495 -0.61099 0.14031 0.09619
0.09541 -0.36838 -0.22721 -0.12859 -0.32406 -0.06800 0.09000 -0.27158 -0.37560 0.10220 -0.14733 -0.45018 -0.64624 0.12835 0.02359
0.10780 -0.37638 -0.22702 -0.15522 -0.31727 -0.05662 0.08852 -0.26930 -0.37166 0.11196 -0.15249 -0.45888 -0.68275 0.13110 0.01919
0.15199 -0.34441 -0.19814 -0.17365 -0.27758 -0.03377 0.03449 -0.24374 -0.37412 0.11044 -0.19638 -0.47210 -0.67210 0.06933 0.00508
0.19604 -0.33755 -0.19161 -0.22398 -0.25047 -0.00844 -0.01780 -0.23857 -0.38820 0.11749 -0.19741 -0.45138 -0.72678 0.08164 0.05689
0.22579 -0.29971 -0.16791 -0.23993 -0.23274 -0.00378 -0.02327 -0.27660 -0.37906 0.09625 -0.20601 -0.41854 -0.78625 0.09112 0.06270
0.24670 -0.28984 -0.15971 -0.27512 -0.19562 0.00442 -0.06018 -0.28980 -0.36216 0.09903 -0.25074 -0.38028 -0.80776 0.08557 0.08415
0.28800 -0.22632 -0.13362 -0.29522 -0.16113 0.02009 -0.11982 -0.32096 -0.30214 0.09443 -0.28606 -0.34191 -0.81478 0.05278 0.05344
0.27454 -0.21222 -0.07811 -0.30779 -0.14907 0.02549 -0.11050 -0.33305 -0.30352 0.08746 -0.32310 -0.31354 -0.83895 0.02573 0.03385
0.29049 -0.21396 -0.05314 -0.33098 -0.13667 0.03313 -0.12909 -0.34499 -0.27662 0.09195 -0.35301 -0.27682 -0.87832 0.01936 0.02292
0.29532 -0.20841 -0.03687 -0.33360 -0.12083 0.05065 -0.16325 -0.32575 -0.25263 0.10593 -0.35809 -0.25069 -0.84219 0.00867 0.02224
0.29886 -0.20413 -0.02352 -0.33618 -0.11229 0.05342 -0.17730 -0.32167 -0.23810 0.10792 -0.33160 -0.22787 -0.83275 0.03521 0.02010
0.29526 -0.19902 -0.01518 -0.33239 -0.10482 0.05376 -0.17796 -0.30351 -0.21736 0.12507 -0.35866 -0.21069 -0.79994 -0.00689 0.00976
0.30110 -0.20091 -0.00552 -0.33921 -0.10249 0.05600 -0.18004 -0.31617 -0.24237 0.12691 -0.34923 -0.21185 -0.81711 0.01840 0.02497
0.30135 -0.20027 -0.00250 -0.34005 -0.09872 0.05723 -0.17208 -0.32288 -0.24488 0.11183 -0.35365 -0.22080 -0.84132 0.02378 0.01672
0.30107 -0.20081 -0.00108 -0.33890 -0.09730 0.06412 -0.14690 -0.30143 -0.23378 0.09707 -0.37031 -0.22903 -0.88037 -0.01267 0.00241
0.29929 -0.19976 -0.00021 -0.33693 -0.09621 0.06464 -0.14807 -0.34188 -0.24498 0.08616 -0.36736 -0.23358 -0.88379 0.03093 0.00887
0.30058 -0.20082 0.00062 -0.33859 -0.09562 0.06591 -0.14569 -0.34493 -0.23875 0.05675 -0.32064 -0.22990 -0.92089 0.08188 0.00615
0.30048 -0.20093 0.00086 -0.33855 -0.09303 0.06869 -0.15301 -0.34020 -0.23418 0.04875 -0.31087 -0.22801 -0.92153 0.08951 0.00591
0.29984 -0.20163 0.00371 -0.33876 -0.09315 0.06803 -0.15609 -0.28392 -0.22555 0.06885 -0.30772 -0.23462 -0.89802 0.03696 -0.01287
0.29812 -0.20361 0.00804 -0.33819 -0.09671 0.06655 -0.19934 -0.29505 -0.24594 0.07381 -0.31047 -0.24915 -0.84770 0.04362 -0.01301
0.29545 -0.20705 0.01077 -0.33685 -0.10001 0.06790 -0.19029 -0.29160 -0.27154 0.07425 -0.30627 -0.27890 -0.85232 0.04444 -0.01852
0.28603 -0.22093 0.00473 -0.32918 -0.12896 0.05651 -0.18759 -0.27933 -0.31197 0.09559 -0.26911 -0.35018 -0.81556 0.05429 -0.05382
0.27238 -0.23344 -0.00760 -0.31897 -0.14557 0.05668 -0.19297 -0.25358 -0.32058 0.11062 -0.21246 -0.40255 -0.76724 0.08107 -0.08476
0.24657 -0.24344 -0.02454 -0.29777 -0.16776 0.03752 -0.17451 -0.20758 -0.30106 0.12458 -0.12627 -0.42452 -0.70846 0.11048 -0.12528
0.22831 -0.25560 -0.03421 -0.28752 -0.18368 0.01661 -0.20270 -0.19812 -0.32173 0.14188 -0.04303 -0.44268 -0.63026 0.18132 -0.13461
0.20116 -0.30546 -0.04812 -0.22173 -0.26807 -0.05048 -0.23118 -0.12831 -0.29689 0.08730 0.14616 -0.37665 -0.57081 0.26474 -0.15008
0.19341 -0.32184 -0.05348 -0.21788 -0.27247 -0.09008 -0.21963 -0.11872 -0.31531 0.08708 0.18730 -0.33996 -0.57848 0.30710 -0.13120
0.19047 -0.33457 -0.01504 -0.17923 -0.27806 -0.14410 -0.23483 -0.10515 -0.35990 0.06227 0.22988 -0.27565 -0.54372 0.34664 -0.11650
0.18313 -0.32683 -0.01397 -0.16811 -0.27944 -0.15076 -0.23617 -0.10470 -0.35010 0.06321 0.23334 -0.26205 -0.50835 0.34331 -0.11854
0.19110 -0.34714 -0.01056 -0.14931 -0.30515 -0.18944 -0.25004 -0.10879 -0.37432 0.05188 0.25034 -0.25690 -0.51602 0.35825 -0.13472
0.17346 -0.32273 -0.01044 -0.12412 -0.32417 -0.17789 -0.23038 -0.10338 -0.35036 0.04199 0.24027 -0.25817 -0.46726 0.31132 -0.14011
0.16600 -0.32091 -0.01130 -0.10057 -0.33154 -0.19370 -0.22124 -0.10532 -0.34844 0.03058 0.21882 -0.25549 -0.45579 0.28382 -0.15503
0.17742 -0.35092 -0.00905 -0.08620 -0.38359 -0.27032 -0.23810 -0.11882 -0.37746 0.02760 0.21003 -0.23858 -0.48088 0.26338 -0.19418
0.17480 -0.35146 -0.00488 -0.08902 -0.38608 -0.26353 -0.23428 -0.11853 -0.37846 0.03371 0.20629 -0.24594 -0.47693 0.25701 -0.19742
0.17319 -0.35378 -0.00041 -0.09094 -0.38465 -0.25804 -0.22938 -0.12013 -0.37803 0.03483 0.20591 -0.25027 -0.48065 0.26174 -0.20115
0.16032 -0.32940 0.00083 -0.10552 -0.36371 -0.20157 -0.20991 -0.11557 -0.35156 0.04662 0.20939 -0.27118 -0.45752 0.26051 -0.18989
0.15975 -0.33010 0.00184 -0.11650 -0.35688 -0.20378 -0.21026 -0.11215 -0.36050 0.04755 0.21373 -0.27270 -0.46692 0.27004 -0.18480
0.15701 -0.32975 0.00057 -0.12000 -0.35950 -0.20687 -0.20770 -0.10780 -0.36549 0.05019 0.21591 -0.27089 -0.46635 0.26487 -0.17978
0.11083 -0.35382 -0.05846 -0.12229 -0.35869 -0.20154 -0.19737 -0.10230 -0.32101 0.05158 0.21475 -0.27454 -0.42845 0.28339 -0.16305
0.11165 -0.34943 -0.06865 -0.13046 -0.36131 -0.18746 -0.16296 -0.04482 -0.31753 0.06008 0.21283 -0.28452 -0.45816 0.21733 -0.15103
0.11495 -0.34895 -0.07462 -0.12970 -0.36202 -0.18322 -0.16837 -0.02561 -0.32261 0.06015 0.21054 -0.29189 -0.45572 0.19481 -0.14269
0.11893 -0.34933 -0.08486 -0.12872 -0.36192 -0.18223 -0.16496 0.00863 -0.33416 0.05927 0.20934 -0.29186 -0.46306 0.15854 -0.12009
0.16545 -0.36582 -0.09238 -0.12592 -0.35453 -0.17840 -0.20189 0.08135 -0.35027 0.05859 0.20331 -0.28604 -0.46128 0.10406 -0.08513
0.13776 -0.36135 -0.27968 -0.13079 -0.37215 -0.17898 -0.16766 0.17372 -0.23175 0.06054 0.20534 -0.31068 -0.49381 -0.01496 -0.04746
0.12459 -0.34112 -0.25863 -0.12547 -0.35126 -0.18978 -0.13612 0.20832 -0.22820 0.05969 0.19490 -0.27029 -0.47334 -0.06848 -0.04269
0.12792 -0.33798 -0.25266 -0.11824 -0.36334 -0.12348 -0.12353 0.25122 -0.23260 0.05049 0.20154 -0.34676 -0.49715 -0.11231 -0.04274
0.12604 -0.33745 -0.25062 -0.11518 -0.36123 -0.12653 -0.11286 0.26290 -0.23386 0.04668 0.20150 -0.34335 -0.50529 -0.12331 -0.04185
0.12188 -0.33212 -0.24935 -0.11921 -0.35201 -0.18664 -0.11466 0.24524 -0.23967 0.04948 0.19569 -0.28179 -0.49818 -0.10420 -0.03006
0.11744 -0.34043 -0.25759 -0.11775 -0.35033 -0.18770 -0.12970 0.19522 -0.25333 0.04714 0.19904 -0.27571 -0.47632 -0.04917 -0.01017
0.12340 -0.34659 -0.25746 -0.10495 -0.36333 -0.14242 -0.16181 0.13070 -0.27320 0.03259 0.21602 -0.32074 -0.45368 0.02546 0.00977
0.12748 -0.33389 -0.19025 -0.11011 -0.35712 -0.19589 -0.19219 0.03394 -0.36439 0.03474 0.20982 -0.27831 -0.44113 0.11199 0.02406
0.13073 -0.33164 -0.17844 -0.11080 -0.36011 -0.19052 -0.20893 -0.03806 -0.36831 0.03530 0.21439 -0.28652 -0.43031 0.18536 0.01345
0.17250 -0.33340 -0.24765 -0.09725 -0.34845 -0.15295 -0.30828 0.06772 -0.21744 0.03162 0.20289 -0.31098 -0.35645 0.09303 -0.04415
0.12130 -0.32769 -0.26200 -0.11552 -0.37049 -0.22691 -0.25547 0.10606 -0.26498 0.04680 0.21405 -0.27444 -0.39328 0.03432 -0.02479
0.11672 -0.32503 -0.27880 -0.11600 -0.36895 -0.22719 -0.24257 0.17599 -0.25801 0.04859 0.21091 -0.27307 -0.39654 -0.04227 -0.01521
0.09157 -0.31133 -0.35505 -0.11204 -0.36926 -0.20052 -0.19320 0.21448 -0.18056 0.04685 0.21221 -0.29029 -0.40928 -0.09830 -0.01204
0.07707 -0.31130 -0.35576 -0.11074 -0.36643 -0.19239 -0.15146 0.18730 -0.24319 0.04549 0.20897 -0.29936 -0.43391 -0.13210 -0.01560
0.07685 -0.31591 -0.34941 -0.11007 -0.36748 -0.19183 -0.12694 0.18651 -0.25823 0.04540 0.20879 -0.29960 -0.45228 -0.14601 -0.01730
0.07782 -0.32016 -0.34351 -0.10984 -0.36720 -0.19186 -0.11426 0.16907 -0.27534 0.04611 0.20915 -0.29927 -0.46039 -0.13501 -0.01156
0.08448 -0.31089 -0.31720 -0.10078 -0.33768 -0.19669 -0.14021 0.09080 -0.29262 0.03989 0.19044 -0.26951 -0.41614 -0.04233 0.01849
0.14389 -0.36683 -0.21982 -0.10259 -0.33980 -0.19931 -0.21220 0.00472 -0.36410 0.03994 0.19619 -0.26877 -0.40895 0.12231 0.00809
0.15831 -0.37040 -0.21611 -0.11321 -0.36340 -0.21929 -0.22946 -0.04724 -0.35381 0.04424 0.21479 -0.28090 -0.44423 0.19084 -0.02375
0.15273 -0.34445 -0.20009 -0.10947 -0.34627 -0.20688 -0.22129 -0.02511 -0.32928 0.04423 0.20510 -0.26759 -0.42041 0.15795 -0.02942
0.16484 -0.30705 -0.25745 -0.10983 -0.34498 -0.20647 -0.22958 0.09143 -0.26991 0.04587 0.20611 -0.26771 -0.42076 0.00667 -0.03025
0.17178 -0.31795 -0.31914 -0.11175 -0.35610 -0.21415 -0.20213 0.13905 -0.23195 0.04631 0.21331 -0.28234 -0.47890 -0.04318 -0.03632
0.14625 -0.30735 -0.29754 -0.10532 -0.33416 -0.20374 -0.15925 0.15619 -0.24914 0.04427 0.20030 -0.26263 -0.45958 -0.09332 -0.03843
0.13832 -0.30659 -0.30074 -0.10433 -0.33459 -0.20103 -0.13583 0.18135 -0.24808 0.04473 0.20124 -0.26496 -0.47200 -0.13159 -0.04547
0.13773 -0.30719 -0.30215 -0.10319 -0.33632 -0.19334 -0.11470 0.20180 -0.23745 0.04329 0.20056 -0.27299 -0.49253 -0.15600 -0.05433
0.13702 -0.30687 -0.30099 -0.10575 -0.33739 -0.20056 -0.09870 0.20693 -0.23062 0.04609 0.20136 -0.26419 -0.50601 -0.16055 -0.05979
0.16190 -0.31146 -0.28570 -0.10790 -0.34229 -0.20485 -0.11469 0.25605 -0.19924 0.04677 0.20400 -0.26732 -0.51916 -0.15640 -0.05939
0.15839 -0.32089 -0.28230 -0.10804 -0.34181 -0.20540 -0.10385 0.21441 -0.22217 0.04711 0.20386 -0.26489 -0.52225 -0.11944 -0.05082
0.16712 -0.35234 -0.28754 -0.11671 -0.36406 -0.21936 -0.11152 0.16586 -0.26979 0.05077 0.21769 -0.28077 -0.55108 -0.06488 -0.04529
0.17209 -0.35604 -0.27931 -0.11849 -0.36600 -0.22173 -0.12812 0.11784 -0.28502 0.05225 0.21860 -0.28045 -0.53933 -0.01021 -0.03694
0.21127 -0.34553 -0.18029 -0.10950 -0.33559 -0.21026 -0.18043 0.09768 -0.33699 0.04899 0.20117 -0.25227 -0.48770 0.02843 -0.02911
0.19402 -0.33990 -0.23007 -0.11455 -0.34534 -0.20328 -0.16521 0.07474 -0.29153 0.05329 0.20868 -0.26651 -0.49541 0.04533 -0.03086
0.20792 -0.36049 -0.24056 -0.11691 -0.35693 -0.23775 -0.17360 0.08352 -0.30768 0.05297 0.21318 -0.26021 -0.52815 0.04756 -0.03518
0.20560 -0.37298 -0.21959 -0.11890 -0.35703 -0.22933 -0.16510 0.10743 -0.32423 0.05576 0.21309 -0.26773 -0.53303 0.03762 -0.03688
0.19107 -0.35407 -0.20905 -0.11283 -0.33828 -0.21641 -0.14803 0.11457 -0.30382 0.05389 0.20266 -0.25536 -0.50836 0.02541 -0.03695
0.18910 -0.35366 -0.21176 -0.11428 -0.33849 -0.21352 -0.14291 0.12506 -0.29946 0.05589 0.20399 -0.25837 -0.51170 0.01662 -0.03839
0.18489 -0.35134 -0.21963 -0.11428 -0.33837 -0.21346 -0.13475 0.13465 -0.29260 0.05729 0.20484 -0.26074 -0.51427 0.00582 -0.03956
0.18395 -0.35114 -0.22086 -0.11422 -0.33878 -0.21204 -0.13363 0.13828 -0.29069 0.05759 0.20531 -0.26155 -0.51438 0.00288 -0.03887
0.18630 -0.34981 -0.21941 -0.11418 -0.33828 -0.21135 -0.13987 0.15138 -0.28419 0.05829 0.20507 -0.26232 -0.51279 0.00215 -0.03891
0.18317 -0.34861 -0.22386 -0.11419 -0.33816 -0.21097 -0.13576 0.15111 -0.28242 0.05805 0.20521 -0.26294 -0.51349 -0.00038 -0.03810
0.18175 -0.34787 -0.22588 -0.11464 -0.33832 -0.20911 -0.13522 0.15655 -0.27734 0.05761 0.20551 -0.26457 -0.51498 -0.00120 -0.03954
0.17931 -0.34872 -0.22621 -0.11518 -0.33872 -0.20984 -0.13298 0.15774 -0.27922 0.05696 0.20458 -0.26365 -0.51564 -0.00509 -0.03871
0.18500 -0.36648 -0.24667 -0.11549 -0.35485 -0.24026 -0.13453 0.16436 -0.29009 0.05308 0.21256 -0.26080 -0.54705 -0.00688 -0.03995
0.17259 -0.35731 -0.22542 -0.11253 -0.35469 -0.15551 -0.12552 0.16556 -0.28960 0.05169 0.21671 -0.32304 -0.52151 -0.01107 -0.03685
0.16249 -0.35219 -0.23842 -0.10725 -0.33946 -0.20054 -0.12062 0.16136 -0.27977 0.04668 0.20194 -0.27647 -0.51429 -0.01289 -0.03325
0.14613 -0.34408 -0.25938 -0.11038 -0.34001 -0.20553 -0.13328 0.15918 -0.27384 0.05388 0.20294 -0.27111 -0.47863 -0.02308 -0.02135
0.13342 -0.33796 -0.27498 -0.11382 -0.34219 -0.19673 -0.14587 0.15427 -0.27105 0.06147 0.20410 -0.27995 -0.44845 -0.03017 -0.01354
0.10276 -0.32363 -0.34214 -0.12059 -0.35039 -0.24740 -0.19896 0.14793 -0.25065 0.07891 0.20719 -0.25550 -0.37771 -0.04817 0.00186
0.10128 -0.32294 -0.34044 -0.12428 -0.35225 -0.24205 -0.22712 0.14137 -0.25243 0.08910 0.20744 -0.25963 -0.33972 -0.04181 0.00544
0.08982 -0.30342 -0.32175 -0.11906 -0.33419 -0.23021 -0.24056 0.13082 -0.23278 0.09241 0.19839 -0.24307 -0.28076 -0.03373 0.00507
0.08309 -0.30323 -0.32576 -0.12086 -0.33672 -0.23198 -0.25647 0.13321 -0.21775 0.10387 0.20176 -0.24059 -0.25234 -0.02577 0.00626
0.08100 -0.31865 -0.35055 -0.12315 -0.34870 -0.26446 -0.28724 0.13848 -0.21935 0.10920 0.20767 -0.23857 -0.24211 -0.02076 0.00417
0.07458 -0.31716 -0.35608 -0.12243 -0.34402 -0.26684 -0.28765 0.13507 -0.21215 0.11221 0.20521 -0.23749 -0.23365 -0.01616 0.00165
0.07223 -0.31479 -0.35854 -0.12269 -0.34400 -0.26822 -0.28309 0.13732 -0.20822 0.11062 0.20689 -0.23502 -0.23785 -0.01831 0.00180
0.07171 -0.31299 -0.35977 -0.12370 -0.34563 -0.27036 -0.27695 0.14599 -0.20615 0.10703 0.20731 -0.23230 -0.24733 -0.02718 0.00340
0.07185 -0.31052 -0.35873 -0.12886 -0.34937 -0.26501 -0.26383 0.15763 -0.20568 0.10286 0.21147 -0.23622 -0.26749 -0.03878 0.00498
0.07236 -0.30580 -0.36012 -0.13464 -0.35104 -0.25816 -0.24207 0.16457 -0.20283 0.10128 0.21444 -0.24177 -0.29521 -0.04838 0.00526
0.07489 -0.30238 -0.36297 -0.13511 -0.35055 -0.25716 -0.21565 0.16987 -0.20273 0.09516 0.21357 -0.24399 -0.33101 -0.05790 0.00626
0.07769 -0.30910 -0.39843 -0.14435 -0.37322 -0.27370 -0.19892 0.16493 -0.22011 0.09610 0.22693 -0.26090 -0.39122 -0.06778 0.00645
0.12164 -0.33092 -0.32239 -0.13430 -0.34724 -0.25671 -0.18054 0.18276 -0.26112 0.08385 0.21128 -0.24516 -0.42604 -0.05570 0.00259
0.13212 -0.31991 -0.29215 -0.12770 -0.33334 -0.22201 -0.12031 0.16471 -0.25256 0.07333 0.20329 -0.25362 -0.47715 -0.04030 -0.00625
0.14503 -0.32405 -0.28191 -0.12819 -0.33347 -0.21781 -0.12044 0.16449 -0.25924 0.07179 0.20278 -0.25803 -0.49206 -0.03639 -0.00980
0.15596 -0.32745 -0.27234 -0.12627 -0.33232 -0.21739 -0.12441 0.16487 -0.26579 0.06952 0.20220 -0.25927 -0.49973 -0.03221 -0.01354
0.15998 -0.33030 -0.26696 -0.12670 -0.33235 -0.21535 -0.12358 0.16265 -0.26901 0.06963 0.20191 -0.26199 -0.50450 -0.02785 -0.01704
0.16182 -0.33101 -0.26571 -0.12740 -0.33180 -0.21342 -0.12972 0.15730 -0.26553 0.07150 0.20149 -0.26082 -0.49861 -0.02214 -0.02010
0.17068 -0.34709 -0.27995 -0.13345 -0.35188 -0.24981 -0.14015 0.16383 -0.27880 0.07478 0.21682 -0.24656 -0.52003 -0.02097 -0.01975
0.17107 -0.34737 -0.27960 -0.13284 -0.35154 -0.24276 -0.14320 0.16236 -0.28052 0.07438 0.21621 -0.25180 -0.51671 -0.01921 -0.01653
0.16051 -0.33058 -0.26513 -0.12663 -0.33319 -0.22111 -0.13491 0.15382 -0.27129 0.07169 0.20476 -0.24927 -0.48843 -0.01689 -0.01193
0.14780 -0.33572 -0.26589 -0.12731 -0.34290 -0.19949 -0.11022 0.09206 -0.33098 0.07879 0.19562 -0.27418 -0.49655 0.03526 0.04686
0.12463 -0.34879 -0.12905 -0.13123 -0.34977 -0.17062 -0.10785 0.11468 -0.43422 0.09951 0.14130 -0.33569 -0.46301 -0.02979 -0.01377
0.12087 -0.34650 -0.15296 -0.13319 -0.33309 -0.13492 0.01654 -0.07753 -0.52471 0.10628 0.07174 -0.40496 -0.60419 0.12946 0.07989
0.11938 -0.34448 -0.16614 -0.12093 -0.30169 -0.10876 0.03885 -0.11765 -0.50637 0.10607 0.01222 -0.42389 -0.59736 0.13738 0.08221
0.12472 -0.36768 -0.18079 -0.12210 -0.31898 -0.10758 0.05763 -0.16023 -0.51769 0.11370 -0.02608 -0.45862 -0.63726 0.14305 0.07077
0.11612 -0.34427 -0.16939 -0.10991 -0.30657 -0.09286 0.07130 -0.17812 -0.48425 0.10887 -0.05244 -0.43797 -0.60458 0.12439 0.06507
0.11385 -0.35016 -0.17618 -0.10810 -0.31056 -0.09215 0.07888 -0.19878 -0.47272 0.11491 -0.09816 -0.42533 -0.60321 0.09999 0.07327
0.11286 -0.35360 -0.17917 -0.10585 -0.31108 -0.09117 0.08231 -0.22008 -0.46161 0.12340 -0.15460 -0.41223 -0.59415 0.06699 0.07949
0.11212 -0.35855 -0.18191 -0.10574 -0.31401 -0.09105 0.08682 -0.24103 -0.45599 0.12293 -0.14825 -0.42523 -0.60083 0.09552 0.06338
0.11094 -0.36071 -0.18224 -0.10415 -0.31524 -0.09111 0.08851 -0.25244 -0.45172 0.12687 -0.15158 -0.42781 -0.59562 0.10404 0.05685
0.10964 -0.36327 -0.18447 -0.10283 -0.31623 -0.09095 0.09458 -0.25991 -0.44859 0.12775 -0.15170 -0.42623 -0.59833 0.11258 0.05769
0.10800 -0.36645 -0.18985 -0.10095 -0.31700 -0.09180 0.09818 -0.26665 -0.44268 0.12796 -0.15060 -0.42732 -0.59890 0.12236 0.05536
0.10695 -0.36761 -0.19210 -0.09762 -0.31784 -0.09493 0.09316 -0.26882 -0.44260 0.12594 -0.15339 -0.42735 -0.59133 0.12174 0.05423
0.10535 -0.37101 -0.19496 -0.09746 -0.31896 -0.09535 0.09425 -0.27168 -0.43919 0.12680 -0.15327 -0.43094 -0.59160 0.12655 0.04930
0.10293 -0.37415 -0.19565 -0.09705 -0.32000 -0.09609 0.09650 -0.27211 -0.43859 0.12570 -0.15481 -0.43251 -0.59340 0.12701 0.04674
0.10064 -0.37607 -0.19837 -0.09712 -0.32063 -0.09677 0.09780 -0.27466 -0.43303 0.12850 -0.15720 -0.43485 -0.59070 0.12807 0.04095
0.09830 -0.37675 -0.20060 -0.09754 -0.32099 -0.09681 0.09718 -0.27465 -0.42766 0.12964 -0.15777 -0.43333 -0.58706 0.12736 0.03889
0.09732 -0.37708 -0.20099 -0.09751 -0.32094 -0.09700 0.09863 -0.27460 -0.42716 0.13083 -0.16110 -0.43512 -0.58632 0.12424 0.03671
0.09583 -0.37800 -0.20365 -0.09772 -0.32134 -0.09715 0.09929 -0.27394 -0.42420 0.13128 -0.15891 -0.43758 -0.58604 0.12596 0.03354
0.08340 -0.39164 -0.21889 -0.09762 -0.32165 -0.09759 0.11162 -0.26083 -0.40611 0.13138 -0.16079 -0.43480 -0.58586 0.12396 0.03280
0.08311 -0.39762 -0.22414 -0.09897 -0.32757 -0.10021 0.11557 -0.26544 -0.41147 0.13136 -0.16321 -0.43962 -0.59797 0.12519 0.03472
0.08298 -0.39914 -0.22523 -0.09925 -0.32895 -0.10054 0.11581 -0.26632 -0.40859 0.13295 -0.16235 -0.44344 -0.59847 0.12669 0.02827
0.08165 -0.39433 -0.22243 -0.09799 -0.32491 -0.09930 0.11449 -0.26410 -0.40350 0.13222 -0.15842 -0.43870 -0.58986 0.12798 0.02713
0.08118 -0.39349 -0.22260 -0.09775 -0.32459 -0.09921 0.11522 -0.26288 -0.40557 0.13201 -0.15963 -0.43675 -0.58942 0.12493 0.03138
0.08193 -0.39779 -0.22532 -0.09885 -0.32832 -0.10021 0.11580 -0.26551 -0.40633 0.13368 -0.16039 -0.43962 -0.59494 0.12656 0.02991
0.08185 -0.39848 -0.22550 -0.09895 -0.32903 -0.09993 0.11555 -0.26620 -0.40768 0.13297 -0.16319 -0.44160 -0.59612 0.12431 0.02975
0.08055 -0.39335 -0.22323 -0.09781 -0.32516 -0.09825 0.11442 -0.26296 -0.40341 0.13254 -0.16040 -0.43907 -0.58768 0.12294 0.02799
0.08056 -0.39265 -0.22333 -0.09777 -0.32497 -0.09796 0.11310 -0.26225 -0.40286 0.13168 -0.16054 -0.43884 -0.58665 0.12152 0.02816
0.08048 -0.39260 -0.22329 -0.09773 -0.32493 -0.09800 0.11433 -0.26334 -0.40063 0.13057 -0.16325 -0.44018 -0.58882 0.11979 0.02446
]
