classifier_Car_car_bumps_into_each_other_1330 [ 0.08759 -0.36032 -0.21029 -0.09736 -0.33322 -0.08139 0.16112 -0.27227 -0.41491 0.11878 -0.16343 -0.40843 -0.64058 0.10271 0.06621
0.08767 -0.36063 -0.21028 -0.09728 -0.33319 -0.08144 0.16146 -0.27176 -0.41334 0.11899 -0.16456 -0.40963 -0.64061 0.10110 0.06326
0.08680 -0.35801 -0.20913 -0.09726 -0.33351 -0.08162 0.16112 -0.27239 -0.41639 0.12103 -0.16698 -0.40934 -0.63853 0.09920 0.06634
0.08710 -0.35859 -0.20947 -0.09759 -0.33387 -0.08016 0.15992 -0.27141 -0.41624 0.11808 -0.16017 -0.40697 -0.64068 0.10464 0.07018
0.08718 -0.35889 -0.20939 -0.09720 -0.33440 -0.08104 0.16035 -0.27157 -0.41573 0.11870 -0.16385 -0.40979 -0.63985 0.10044 0.06562
0.08725 -0.35912 -0.20927 -0.09706 -0.33492 -0.08137 0.15992 -0.27024 -0.41338 0.11978 -0.16375 -0.40986 -0.63797 0.09852 0.06260
0.08719 -0.35866 -0.20874 -0.09804 -0.33846 -0.07870 0.16022 -0.27022 -0.41253 0.11850 -0.15473 -0.41362 -0.63958 0.10336 0.06019
0.08755 -0.35942 -0.20856 -0.09750 -0.33687 -0.07939 0.15970 -0.27217 -0.41271 0.11860 -0.15461 -0.40662 -0.63892 0.10717 0.06640
0.08763 -0.35912 -0.20808 -0.09855 -0.34013 -0.07694 0.16213 -0.27141 -0.40896 0.12830 -0.10888 -0.32017 -0.63189 0.14820 0.15113
0.08903 -0.36458 -0.21070 -0.09902 -0.34427 -0.07958 0.16482 -0.27450 -0.40520 0.12096 -0.15255 -0.41743 -0.64924 0.10823 0.04908
0.08794 -0.36178 -0.20833 -0.09853 -0.34332 -0.08071 0.15338 -0.26996 -0.38957 0.12057 -0.15219 -0.41594 -0.63677 0.10474 0.03271
0.08652 -0.36199 -0.20466 -0.09839 -0.34297 -0.08089 0.13323 -0.25726 -0.37364 0.11036 -0.10656 -0.32735 -0.62476 0.13777 0.10139
0.08424 -0.36126 -0.19808 -0.09832 -0.34270 -0.08087 0.12327 -0.23700 -0.39057 0.11248 -0.10766 -0.33345 -0.60983 0.11615 0.10584
0.08179 -0.37116 -0.19245 -0.10115 -0.35132 -0.08299 0.07222 -0.17220 -0.45729 0.11503 -0.11011 -0.34557 -0.56737 0.04852 0.15045
0.07691 -0.36453 -0.18635 -0.10770 -0.34647 -0.08286 -0.01489 -0.06433 -0.50042 0.11623 -0.10492 -0.45713 -0.48777 -0.05749 0.07467
0.10486 -0.35718 -0.23562 -0.11351 -0.29275 -0.11405 -0.11342 0.11049 -0.39715 0.12893 0.00671 -0.40215 -0.38301 -0.07348 0.04861
0.08830 -0.34342 -0.29740 -0.11872 -0.30295 -0.12810 -0.11374 0.13711 -0.34977 0.13591 0.04144 -0.41283 -0.38136 -0.09484 0.03370
0.07629 -0.33107 -0.31237 -0.12002 -0.30187 -0.15000 -0.12435 0.19556 -0.31443 0.13610 0.08375 -0.38437 -0.35690 -0.15191 -0.00837
0.06577 -0.32239 -0.32145 -0.11915 -0.29978 -0.15085 -0.11642 0.19094 -0.31128 0.13695 0.08107 -0.37877 -0.35058 -0.18046 -0.02784
0.06279 -0.32185 -0.32254 -0.11849 -0.29634 -0.14731 -0.11217 0.18934 -0.30824 0.13945 0.05810 -0.38104 -0.34868 -0.20965 -0.04088
0.05559 -0.31028 -0.30998 -0.13242 -0.34869 -0.18204 -0.10139 0.17317 -0.28935 0.15830 0.08514 -0.32793 -0.33106 -0.22692 -0.04975
0.05018 -0.32155 -0.30059 -0.15521 -0.35064 -0.14844 -0.09030 0.14530 -0.29901 0.19015 0.03974 -0.35983 -0.32898 -0.23523 -0.04805
0.04326 -0.33975 -0.28059 -0.15801 -0.34982 -0.14684 -0.08699 0.11957 -0.31919 0.20361 0.00216 -0.35620 -0.31700 -0.22184 -0.03857
0.04530 -0.35357 -0.26257 -0.16376 -0.34953 -0.14294 -0.09390 0.07671 -0.33980 0.21779 0.00055 -0.35191 -0.30606 -0.15418 -0.01714
0.07085 -0.39275 -0.19986 -0.12153 -0.29750 -0.11868 -0.13158 -0.01919 -0.44652 0.18735 0.02652 -0.38713 -0.30482 0.07349 0.02783
0.09343 -0.39611 -0.21813 -0.11782 -0.29080 -0.13586 -0.15734 -0.04433 -0.42612 0.18260 0.08880 -0.35647 -0.30098 0.17624 0.04374
0.07855 -0.38855 -0.19644 -0.11408 -0.29627 -0.17486 -0.14767 -0.03769 -0.44232 0.16949 0.15596 -0.29377 -0.30014 0.22681 0.06525
0.07585 -0.38131 -0.19793 -0.11243 -0.30613 -0.19740 -0.14979 -0.00486 -0.44341 0.15439 0.20071 -0.25638 -0.30941 0.22391 0.08444
0.07424 -0.36269 -0.21800 -0.11067 -0.30874 -0.20580 -0.15278 0.03340 -0.42474 0.14346 0.21165 -0.24533 -0.31439 0.17674 0.08972
0.07632 -0.36173 -0.25725 -0.10876 -0.30764 -0.20429 -0.15965 0.10555 -0.36877 0.13955 0.18468 -0.25360 -0.30511 0.08124 0.06985
0.06763 -0.34818 -0.28810 -0.10997 -0.30143 -0.17874 -0.15103 0.15461 -0.32682 0.13994 0.11554 -0.30912 -0.30924 -0.04549 0.02723
0.06256 -0.34186 -0.30631 -0.11043 -0.30221 -0.12841 -0.14439 0.19860 -0.29089 0.13954 0.03116 -0.38961 -0.31707 -0.18327 -0.02317
0.05601 -0.32475 -0.29857 -0.14188 -0.35686 -0.14610 -0.13250 0.21519 -0.26319 0.17417 0.02596 -0.36867 -0.30392 -0.28163 -0.05670
0.05324 -0.32254 -0.30055 -0.14169 -0.35562 -0.14524 -0.12926 0.21951 -0.25587 0.17745 -0.02366 -0.36370 -0.30252 -0.33975 -0.06102
0.05261 -0.32253 -0.30088 -0.14179 -0.35471 -0.14356 -0.12676 0.20035 -0.25570 0.18049 -0.04486 -0.35208 -0.30228 -0.34215 -0.04860
0.05200 -0.32808 -0.29527 -0.14489 -0.35305 -0.14085 -0.12630 0.15879 -0.27046 0.18889 -0.03112 -0.35196 -0.29706 -0.28001 -0.03670
0.08389 -0.39581 -0.22050 -0.12095 -0.29564 -0.11949 -0.17158 0.07469 -0.37595 0.15913 -0.00890 -0.40301 -0.30610 -0.04576 -0.03272
0.08131 -0.38709 -0.20204 -0.12502 -0.29439 -0.12945 -0.17136 -0.00449 -0.37298 0.15567 0.03740 -0.40458 -0.31574 0.07431 -0.06468
0.08082 -0.38231 -0.18772 -0.13605 -0.28190 -0.17463 -0.17600 -0.05144 -0.35611 0.16027 0.08471 -0.34954 -0.31591 0.18119 -0.08252
0.07253 -0.35024 -0.16578 -0.15944 -0.31081 -0.24836 -0.17657 -0.06951 -0.31977 0.17013 0.17283 -0.25042 -0.31281 0.24764 -0.10153
0.07443 -0.35163 -0.15737 -0.16591 -0.31615 -0.26561 -0.18955 -0.08344 -0.29951 0.15774 0.21139 -0.22714 -0.31232 0.31419 -0.11202
0.07632 -0.35221 -0.15029 -0.17552 -0.32858 -0.27344 -0.19547 -0.08780 -0.29047 0.12331 0.21142 -0.23955 -0.33827 0.36291 -0.10919
0.08314 -0.37344 -0.14629 -0.19222 -0.31809 -0.32849 -0.21372 -0.09641 -0.30894 0.12119 0.22979 -0.20320 -0.37764 0.43058 -0.11006
0.11528 -0.36936 -0.09841 -0.19483 -0.31900 -0.32966 -0.24975 -0.10630 -0.35515 0.10995 0.25173 -0.18967 -0.39064 0.45254 -0.10381
0.09616 -0.35985 -0.11248 -0.17923 -0.28722 -0.23546 -0.22171 -0.09372 -0.31593 0.07848 0.25532 -0.21589 -0.39861 0.42671 -0.09416
0.10029 -0.38998 -0.12324 -0.19241 -0.32177 -0.24002 -0.23255 -0.10279 -0.33412 0.03397 0.21405 -0.25245 -0.48078 0.38388 -0.11513
0.09595 -0.38991 -0.12358 -0.18919 -0.34092 -0.23085 -0.22580 -0.10229 -0.32856 0.02270 0.18269 -0.27608 -0.48738 0.32641 -0.13794
0.09165 -0.39028 -0.12335 -0.18277 -0.35470 -0.22190 -0.21891 -0.10202 -0.32536 0.01861 0.15471 -0.29573 -0.48507 0.27677 -0.15535
0.08801 -0.38741 -0.12084 -0.16900 -0.37295 -0.19560 -0.21313 -0.09761 -0.32105 0.01069 0.15239 -0.31715 -0.47552 0.24418 -0.15885
0.08115 -0.36545 -0.11379 -0.15709 -0.35897 -0.18037 -0.19716 -0.09189 -0.30368 0.00601 0.14407 -0.29983 -0.45231 0.22280 -0.14567
0.08030 -0.36663 -0.11297 -0.15393 -0.36214 -0.17279 -0.19509 -0.08977 -0.30406 0.00052 0.15363 -0.30321 -0.45651 0.22806 -0.14181
0.08490 -0.38934 -0.11989 -0.16383 -0.37723 -0.19549 -0.20742 -0.09547 -0.32459 0.00285 0.16847 -0.30715 -0.48188 0.25448 -0.14626
0.08533 -0.39167 -0.12075 -0.16621 -0.37085 -0.20486 -0.20736 -0.09432 -0.32932 0.00312 0.16979 -0.30248 -0.48749 0.26266 -0.14595
0.08520 -0.39300 -0.12550 -0.16752 -0.36206 -0.20826 -0.20731 -0.09460 -0.33021 0.00335 0.16677 -0.30325 -0.49147 0.26765 -0.14663
0.08650 -0.39331 -0.13171 -0.16807 -0.35569 -0.21013 -0.21171 -0.08431 -0.33254 0.00464 0.16311 -0.30480 -0.48930 0.25884 -0.14268
0.08852 -0.39004 -0.13784 -0.17015 -0.35527 -0.21460 -0.20977 -0.06855 -0.33788 0.00898 0.15966 -0.30261 -0.49171 0.23567 -0.13433
0.09080 -0.38000 -0.15544 -0.17027 -0.35486 -0.21649 -0.22622 0.00573 -0.34540 0.01159 0.15312 -0.30464 -0.47644 0.14417 -0.11373
0.08986 -0.38330 -0.22155 -0.16904 -0.35003 -0.21221 -0.21638 0.09077 -0.28824 0.01725 0.14443 -0.29978 -0.46782 0.05850 -0.09358
0.08582 -0.36803 -0.29823 -0.16561 -0.34266 -0.21042 -0.18234 0.21040 -0.24071 0.02202 0.12317 -0.29891 -0.48240 -0.09638 -0.06347
0.07766 -0.35946 -0.30589 -0.15486 -0.34508 -0.18521 -0.15428 0.23432 -0.24148 0.01479 0.12175 -0.32040 -0.49829 -0.14626 -0.06522
0.07081 -0.35114 -0.31660 -0.15268 -0.34450 -0.18369 -0.12891 0.23465 -0.24654 0.01442 0.12152 -0.32171 -0.51404 -0.17002 -0.06233
0.06892 -0.33870 -0.32231 -0.15199 -0.36160 -0.18992 -0.11747 0.21517 -0.24777 0.01518 0.14334 -0.31046 -0.51580 -0.16401 -0.05449
0.07517 -0.35774 -0.34250 -0.15973 -0.38292 -0.20148 -0.13226 0.19544 -0.27635 0.01318 0.15721 -0.32568 -0.54222 -0.14025 -0.04132
0.18945 -0.33764 -0.11791 -0.15112 -0.35275 -0.19336 -0.27445 -0.00440 -0.45093 0.01004 0.15934 -0.29286 -0.47563 0.09271 -0.01933
0.18644 -0.31314 -0.11123 -0.16098 -0.36490 -0.20691 -0.27571 -0.03022 -0.42411 0.01256 0.16516 -0.29850 -0.49762 0.12473 -0.02679
0.18463 -0.31510 -0.13178 -0.16487 -0.36393 -0.21693 -0.27587 -0.01154 -0.40444 0.01407 0.16351 -0.29306 -0.50288 0.10418 -0.03373
0.15666 -0.32144 -0.26353 -0.16516 -0.36277 -0.21764 -0.22960 0.11069 -0.29081 0.01574 0.15688 -0.29253 -0.51912 -0.02319 -0.02124
0.14400 -0.32396 -0.31971 -0.15683 -0.35873 -0.19667 -0.19743 0.16931 -0.24057 0.01272 0.15206 -0.30111 -0.51910 -0.09530 -0.01579
0.12928 -0.30793 -0.30645 -0.14521 -0.33709 -0.17180 -0.15426 0.18676 -0.24548 0.00755 0.13705 -0.30179 -0.51511 -0.14111 -0.01891
0.12510 -0.31123 -0.30446 -0.14497 -0.34071 -0.17230 -0.13037 0.20166 -0.25396 0.00855 0.13891 -0.30240 -0.52868 -0.16868 -0.02374
0.12059 -0.31378 -0.30271 -0.14463 -0.34267 -0.17299 -0.12205 0.20056 -0.25964 0.00986 0.14074 -0.30191 -0.52949 -0.16927 -0.02327
0.13838 -0.33617 -0.30988 -0.15684 -0.36289 -0.20416 -0.15243 0.19015 -0.29387 0.01647 0.15273 -0.29486 -0.54441 -0.15065 -0.01355
0.13688 -0.32893 -0.32100 -0.15831 -0.36136 -0.21237 -0.16797 0.13000 -0.28862 0.01722 0.15363 -0.28740 -0.53003 -0.09261 -0.00489
0.15443 -0.32518 -0.27200 -0.14492 -0.34465 -0.17988 -0.20343 0.08914 -0.28633 0.00875 0.15047 -0.29251 -0.48589 -0.01993 -0.00471
0.16908 -0.33279 -0.25205 -0.16073 -0.36837 -0.20463 -0.23544 0.02318 -0.32036 0.01567 0.16246 -0.30380 -0.51121 0.05278 -0.01679
0.17797 -0.33091 -0.21909 -0.16493 -0.37090 -0.21120 -0.24962 -0.01742 -0.33699 0.01710 0.16419 -0.30241 -0.51450 0.09464 -0.03404
0.17936 -0.32910 -0.21847 -0.16645 -0.36984 -0.21423 -0.25314 -0.02141 -0.32252 0.01773 0.16271 -0.30011 -0.51462 0.09729 -0.04905
0.18018 -0.32780 -0.21726 -0.16724 -0.36941 -0.21533 -0.25332 0.00635 -0.31523 0.01849 0.16305 -0.29989 -0.51603 0.07034 -0.05692
0.18100 -0.32720 -0.22277 -0.16716 -0.36599 -0.21852 -0.24512 0.05096 -0.30976 0.01793 0.15682 -0.30001 -0.52679 0.02413 -0.05820
0.18118 -0.32374 -0.23303 -0.16743 -0.36538 -0.21914 -0.23255 0.09859 -0.29078 0.01836 0.15597 -0.29658 -0.53860 -0.02758 -0.06430
0.17670 -0.34615 -0.28467 -0.16221 -0.35466 -0.21706 -0.20110 0.16705 -0.23841 0.01698 0.14847 -0.28746 -0.54940 -0.07725 -0.05950
0.18586 -0.34929 -0.27619 -0.16194 -0.35528 -0.21723 -0.18551 0.19669 -0.25912 0.01742 0.14917 -0.28766 -0.56876 -0.12047 -0.06330
0.17434 -0.34839 -0.28159 -0.16084 -0.35412 -0.21600 -0.14887 0.19595 -0.28041 0.01758 0.14799 -0.28838 -0.58937 -0.14958 -0.06513
0.16266 -0.35257 -0.26359 -0.16265 -0.35859 -0.21979 -0.11108 0.24146 -0.26641 0.01613 0.14858 -0.29358 -0.62317 -0.16329 -0.07012
0.16413 -0.34426 -0.25472 -0.16279 -0.36242 -0.22027 -0.09410 0.23540 -0.26789 0.01518 0.15016 -0.29525 -0.64500 -0.15725 -0.06906
0.16860 -0.37839 -0.22916 -0.16086 -0.35739 -0.21580 -0.07069 0.18604 -0.31235 0.01325 0.14807 -0.29654 -0.66913 -0.07037 -0.04628
0.19237 -0.40218 -0.26055 -0.17040 -0.37854 -0.22901 -0.09666 0.13638 -0.32920 0.01415 0.15707 -0.31305 -0.70101 -0.01036 -0.03142
0.22105 -0.39458 -0.12495 -0.16181 -0.35525 -0.21846 -0.14123 0.08229 -0.44221 0.01341 0.14520 -0.29589 -0.65604 0.05304 -0.02169
0.20876 -0.36618 -0.13287 -0.16502 -0.36148 -0.22177 -0.14572 0.01278 -0.43736 0.01297 0.14829 -0.29915 -0.65130 0.09362 -0.02438
0.19777 -0.34845 -0.13080 -0.15951 -0.34869 -0.21357 -0.14136 0.00040 -0.41591 0.01051 0.14088 -0.29276 -0.63112 0.09748 -0.03015
0.20191 -0.35765 -0.13500 -0.16700 -0.36243 -0.22018 -0.13985 0.01192 -0.42445 0.01246 0.14872 -0.29988 -0.65737 0.08986 -0.03211
0.20040 -0.35944 -0.13642 -0.16757 -0.36181 -0.22124 -0.13295 0.02989 -0.42237 0.01286 0.14840 -0.29738 -0.66338 0.07424 -0.03192
0.20663 -0.38869 -0.18582 -0.16144 -0.34730 -0.21170 -0.13828 0.10328 -0.35248 0.01192 0.14245 -0.28545 -0.64186 0.04076 -0.02871
0.20638 -0.39268 -0.18893 -0.16344 -0.35030 -0.21271 -0.12917 0.10907 -0.35638 0.01173 0.14354 -0.28871 -0.65675 0.03709 -0.02744
0.18533 -0.36734 -0.19101 -0.14567 -0.33314 -0.16965 -0.11008 0.10645 -0.32177 0.00003 0.13838 -0.30227 -0.62284 0.02906 -0.02578
0.18525 -0.37432 -0.17553 -0.14497 -0.33540 -0.16695 -0.10641 0.11738 -0.33821 -0.00136 0.14092 -0.30350 -0.62722 0.02571 -0.02335
0.18476 -0.38133 -0.22903 -0.15417 -0.35839 -0.17636 -0.09696 0.12009 -0.31502 -0.00193 0.15127 -0.32395 -0.66968 0.01744 -0.02544
0.17313 -0.40873 -0.17714 -0.15877 -0.35480 -0.19258 -0.06909 0.15676 -0.36691 0.00387 0.14889 -0.30687 -0.68420 0.00962 -0.02487
0.18109 -0.41671 -0.22915 -0.16639 -0.37611 -0.19806 -0.07146 0.15869 -0.34530 0.00213 0.15990 -0.33048 -0.72393 0.00338 -0.02774
0.17177 -0.39509 -0.21719 -0.16232 -0.35082 -0.20411 -0.06345 0.15619 -0.32813 0.00832 0.14797 -0.29945 -0.68901 -0.00005 -0.02823
0.16679 -0.40857 -0.18319 -0.16385 -0.35236 -0.20462 -0.06520 0.17435 -0.36307 0.01495 0.15128 -0.30049 -0.67763 -0.00282 -0.02951
0.16236 -0.39697 -0.21727 -0.16512 -0.35070 -0.21463 -0.07634 0.16099 -0.33105 0.02770 0.15293 -0.29298 -0.65073 0.00229 -0.03016
0.15854 -0.39525 -0.22213 -0.16448 -0.34987 -0.21688 -0.09065 0.16124 -0.32615 0.04493 0.15695 -0.29154 -0.61193 0.00529 -0.03065
0.14960 -0.38837 -0.23417 -0.16659 -0.35363 -0.24472 -0.10970 0.15745 -0.31425 0.07065 0.16359 -0.26513 -0.55699 0.00538 -0.03182
0.13748 -0.39077 -0.30419 -0.17812 -0.38317 -0.26920 -0.12671 0.13836 -0.29271 0.10398 0.17734 -0.28254 -0.53637 0.00776 -0.03195
0.13498 -0.38679 -0.29950 -0.16638 -0.38089 -0.28040 -0.16644 0.13296 -0.29747 0.12138 0.17260 -0.26632 -0.45955 0.00670 -0.02701
0.12556 -0.36329 -0.28035 -0.15401 -0.35467 -0.26899 -0.17954 0.11648 -0.27728 0.14493 0.14870 -0.24356 -0.37327 0.00460 -0.02741
0.11069 -0.37299 -0.28008 -0.13804 -0.33560 -0.24648 -0.22173 0.11301 -0.27823 0.17614 0.10919 -0.27606 -0.27230 -0.00265 -0.03708
0.09897 -0.36541 -0.29035 -0.13485 -0.34950 -0.28148 -0.19095 0.12541 -0.27635 0.14834 0.14194 -0.24645 -0.31358 -0.00329 -0.03354
0.10749 -0.36976 -0.28463 -0.14631 -0.35510 -0.28304 -0.12215 0.17329 -0.30296 0.06091 0.16441 -0.25276 -0.49071 -0.03130 -0.02183
0.12121 -0.37568 -0.26587 -0.15998 -0.35212 -0.24597 -0.07146 0.16812 -0.30228 0.04314 0.16647 -0.28428 -0.58433 -0.01531 -0.03559
0.14642 -0.40176 -0.20275 -0.17065 -0.34964 -0.22308 -0.07756 0.19692 -0.36167 0.02193 0.16297 -0.30110 -0.63603 -0.01929 -0.03333
0.13766 -0.35890 -0.21705 -0.16808 -0.32919 -0.19506 -0.05509 0.16417 -0.31653 -0.00274 0.14920 -0.29755 -0.65275 -0.02105 -0.02926
0.13928 -0.36238 -0.21740 -0.16977 -0.31770 -0.17687 -0.04581 0.16243 -0.31656 -0.01662 0.13282 -0.31260 -0.68395 -0.02189 -0.02687
0.14626 -0.36975 -0.17684 -0.16116 -0.30162 -0.16603 -0.05214 0.17465 -0.35674 -0.02426 0.12610 -0.32336 -0.70634 -0.02374 -0.02752
0.14746 -0.37259 -0.17396 -0.16169 -0.30124 -0.16451 -0.05321 0.17031 -0.36066 -0.02792 0.11826 -0.32253 -0.70896 -0.02268 -0.02393
0.14819 -0.37406 -0.17868 -0.15984 -0.30062 -0.15469 -0.05483 0.16348 -0.35778 -0.03050 0.10988 -0.33419 -0.70841 -0.02104 -0.02398
0.14576 -0.37504 -0.18779 -0.15450 -0.30180 -0.13741 -0.05489 0.15643 -0.35144 -0.03429 0.10139 -0.35485 -0.70513 -0.02216 -0.02482
0.14614 -0.37829 -0.18820 -0.15123 -0.30175 -0.13030 -0.05933 0.15447 -0.35439 -0.03178 0.09467 -0.36615 -0.69509 -0.02279 -0.02554
0.14391 -0.37570 -0.18841 -0.14745 -0.29740 -0.12933 -0.06126 0.15046 -0.34717 -0.02558 0.09339 -0.36008 -0.67411 -0.01730 -0.02451
0.13453 -0.36145 -0.20775 -0.14426 -0.29448 -0.13082 -0.05830 0.14105 -0.33190 -0.02389 0.09198 -0.36328 -0.67256 -0.01562 -0.02317
0.13578 -0.36749 -0.20839 -0.14566 -0.29763 -0.15158 -0.06021 0.14241 -0.33898 -0.02027 0.09053 -0.35029 -0.66983 -0.01525 -0.02333
0.13261 -0.36534 -0.21739 -0.14341 -0.29844 -0.15066 -0.05783 0.13450 -0.33650 -0.02020 0.08946 -0.35573 -0.66514 -0.01207 -0.02167
0.13129 -0.36487 -0.21782 -0.14323 -0.30054 -0.14940 -0.05542 0.12893 -0.34439 -0.01568 0.08778 -0.36322 -0.66000 -0.01005 -0.01988
0.14840 -0.39490 -0.25107 -0.14752 -0.31156 -0.15253 -0.06695 0.13687 -0.35284 -0.01451 0.07829 -0.39547 -0.68881 -0.00990 -0.01687
0.12225 -0.40290 -0.19909 -0.13277 -0.28897 -0.13464 -0.03168 0.13407 -0.38737 -0.00820 0.05676 -0.40057 -0.65487 0.00434 -0.01782
0.11161 -0.39043 -0.17464 -0.12855 -0.29935 -0.12520 -0.00304 0.09033 -0.42990 -0.00215 0.04945 -0.43810 -0.67010 0.01811 -0.02823
0.10016 -0.36168 -0.13316 -0.13173 -0.28942 -0.12249 0.05107 -0.00697 -0.48377 0.01200 -0.01809 -0.44409 -0.69327 0.02994 -0.01800
0.09803 -0.35685 -0.13069 -0.12912 -0.29642 -0.09771 0.07106 -0.05690 -0.49564 0.02305 -0.03922 -0.46732 -0.69735 0.04809 -0.00710
0.09490 -0.34686 -0.12700 -0.11166 -0.32843 -0.08382 0.12377 -0.18170 -0.47739 0.07915 -0.11704 -0.42590 -0.66198 0.05368 0.02803
0.09921 -0.36362 -0.13556 -0.11295 -0.34521 -0.08994 0.13071 -0.21568 -0.48463 0.08797 -0.12397 -0.43554 -0.68482 0.07933 0.02507
0.09597 -0.35020 -0.14013 -0.10591 -0.32998 -0.08642 0.13952 -0.23867 -0.45574 0.11885 -0.13339 -0.38821 -0.63422 0.09842 0.05588
0.09766 -0.35308 -0.14753 -0.10120 -0.33230 -0.08908 0.13356 -0.24760 -0.44027 0.11862 -0.13941 -0.39211 -0.62570 0.10192 0.04174
0.09769 -0.35397 -0.15430 -0.09739 -0.33350 -0.09172 0.13323 -0.25227 -0.43167 0.11378 -0.13490 -0.38405 -0.62763 0.11082 0.04546
0.10321 -0.37557 -0.16328 -0.10252 -0.35296 -0.09589 0.14766 -0.27473 -0.45521 0.10161 -0.12090 -0.35585 -0.68922 0.14773 0.09867
0.10250 -0.37570 -0.16275 -0.10282 -0.35309 -0.09377 0.15036 -0.27572 -0.45612 0.10174 -0.12152 -0.35546 -0.69096 0.14830 0.10211
0.09694 -0.35844 -0.15583 -0.10723 -0.34863 -0.09710 0.14394 -0.26452 -0.43254 0.10065 -0.11757 -0.39462 -0.66405 0.12966 0.03234
0.10134 -0.37763 -0.16430 -0.11287 -0.36235 -0.09783 0.15304 -0.27989 -0.45505 0.10912 -0.11432 -0.35738 -0.69686 0.15233 0.09665
0.09309 -0.35550 -0.15909 -0.10685 -0.33975 -0.08920 0.14782 -0.26642 -0.42591 0.10272 -0.11382 -0.34356 -0.66095 0.14251 0.08869
0.09067 -0.35607 -0.16351 -0.10704 -0.33919 -0.08829 0.14920 -0.26583 -0.42231 0.10184 -0.11392 -0.34346 -0.66128 0.14283 0.09042
0.08819 -0.35504 -0.16888 -0.10774 -0.33834 -0.08441 0.15156 -0.26742 -0.41979 0.10283 -0.11525 -0.34831 -0.66170 0.14267 0.09197
0.09168 -0.37251 -0.17884 -0.12238 -0.36495 -0.10048 0.16084 -0.28148 -0.44036 0.11815 -0.11057 -0.35140 -0.69512 0.15078 0.09987
0.09104 -0.37227 -0.18016 -0.11851 -0.36125 -0.09661 0.16084 -0.28248 -0.43911 0.11429 -0.11485 -0.35624 -0.69501 0.15105 0.09895
0.08565 -0.35245 -0.17196 -0.10999 -0.34064 -0.08679 0.15289 -0.26769 -0.41475 0.10831 -0.11309 -0.34569 -0.65625 0.14017 0.09027
0.08511 -0.35207 -0.17249 -0.10847 -0.33945 -0.08365 0.15337 -0.26828 -0.41459 0.10125 -0.12381 -0.40259 -0.66223 0.13110 0.03709
0.08483 -0.35215 -0.17436 -0.10674 -0.33822 -0.08371 0.15348 -0.26845 -0.41264 0.10066 -0.12858 -0.40576 -0.66115 0.12764 0.03362
0.08466 -0.35181 -0.17510 -0.10565 -0.33770 -0.08316 0.15351 -0.26832 -0.41318 0.10162 -0.11736 -0.35651 -0.65898 0.13879 0.08462
0.08466 -0.35144 -0.17535 -0.10501 -0.33683 -0.08231 0.15278 -0.26846 -0.41447 0.10192 -0.11754 -0.35527 -0.65698 0.13899 0.08818
0.08434 -0.35070 -0.17635 -0.10473 -0.33668 -0.08221 0.15396 -0.26920 -0.41273 0.09689 -0.12971 -0.40818 -0.66250 0.12685 0.03448
0.08419 -0.35092 -0.17773 -0.10516 -0.33655 -0.07948 0.15364 -0.26966 -0.41157 0.09732 -0.13050 -0.40911 -0.66221 0.12661 0.03616
]
