classifier_Car_man_bumps_into_each_other_7466 [ 0.17353 -0.35777 0.03951 -0.09672 -0.40350 0.02182 0.17993 -0.28260 -0.28817 -0.07661 -0.27928 -0.10953 -0.97063 -0.02129 0.19372
0.17343 -0.35774 0.03965 -0.09665 -0.40339 0.02168 0.17950 -0.28270 -0.28872 -0.07917 -0.28617 -0.10374 -0.97273 -0.02801 0.19968
0.17343 -0.35772 0.03967 -0.09664 -0.40340 0.02166 0.17878 -0.28355 -0.28933 -0.07741 -0.28349 -0.10850 -0.97021 -0.02446 0.19550
0.17363 -0.35789 0.03975 -0.09662 -0.40330 0.02164 0.17883 -0.28256 -0.28999 -0.07760 -0.28240 -0.10716 -0.97057 -0.02410 0.19740
0.17379 -0.35792 0.03998 -0.09663 -0.40328 0.02165 0.18100 -0.28427 -0.29594 -0.07804 -0.28385 -0.10669 -0.97324 -0.02381 0.20371
0.17398 -0.35821 0.04007 -0.09669 -0.40357 0.02172 0.18134 -0.28554 -0.30082 -0.09266 -0.31713 -0.07494 -0.98878 -0.05583 0.24036
0.17422 -0.35833 0.04030 -0.09665 -0.40283 0.02162 0.18184 -0.28405 -0.30073 -0.07921 -0.28913 -0.11051 -0.97567 -0.02856 0.20443
0.17444 -0.35865 0.04041 -0.09759 -0.40079 0.02329 0.18144 -0.28510 -0.30247 -0.07647 -0.28524 -0.11585 -0.97403 -0.02125 0.20240
0.17457 -0.35872 0.04067 -0.09761 -0.40071 0.02333 0.18085 -0.28526 -0.30224 -0.07978 -0.29729 -0.11009 -0.97675 -0.03303 0.20776
0.17456 -0.35862 0.04071 -0.09856 -0.40059 0.02420 0.18123 -0.28468 -0.30375 -0.09197 -0.32660 -0.11185 -0.99010 -0.06293 0.20834
0.17415 -0.35777 0.04087 -0.10013 -0.40091 0.02599 0.18255 -0.28464 -0.30478 -0.10029 -0.36133 -0.16411 -1.00057 -0.09895 0.15867
0.17411 -0.35752 0.04101 -0.10133 -0.40011 0.02699 0.18094 -0.28345 -0.30508 -0.08776 -0.33960 -0.22944 -0.98723 -0.07798 0.09442
0.17437 -0.35769 0.04169 -0.10283 -0.39858 0.02853 0.18210 -0.28060 -0.30903 -0.08061 -0.31691 -0.27210 -0.98307 -0.05650 0.05655
0.17438 -0.35751 0.04342 -0.10421 -0.39552 0.03123 0.18006 -0.28030 -0.31107 -0.07217 -0.28587 -0.30718 -0.97434 -0.02301 0.02449
0.17560 -0.36136 0.04709 -0.10971 -0.37984 0.03543 0.17524 -0.27330 -0.30983 -0.04791 -0.22144 -0.40390 -0.95486 0.05394 -0.07268
0.17609 -0.36361 0.04866 -0.11209 -0.36729 0.03425 0.17458 -0.27567 -0.31117 -0.03032 -0.17729 -0.43208 -0.94237 0.11533 -0.10207
0.17604 -0.36525 0.05030 -0.11416 -0.35473 0.02942 0.17480 -0.27787 -0.31246 0.00165 -0.12687 -0.52673 -0.91600 0.18224 -0.20178
0.16535 -0.34967 0.05402 -0.11492 -0.30545 0.02019 0.16474 -0.26526 -0.30703 0.03278 -0.05685 -0.52603 -0.84615 0.27229 -0.22114
0.16211 -0.34838 0.05777 -0.13306 -0.29796 0.00239 0.15269 -0.26466 -0.30399 0.08240 0.03724 -0.51219 -0.80014 0.37165 -0.23239
0.16031 -0.35041 0.06020 -0.15063 -0.34511 -0.09291 0.14763 -0.26104 -0.32588 0.13240 0.18310 -0.41713 -0.76687 0.47088 -0.21392
0.15544 -0.34240 0.05894 -0.14689 -0.27095 -0.20490 0.14078 -0.24214 -0.34834 0.15667 0.20380 -0.28284 -0.72004 0.53828 -0.17110
0.14938 -0.33282 0.05735 -0.14081 -0.24030 -0.26438 0.14816 -0.25730 -0.33910 0.17238 0.25493 -0.19675 -0.69381 0.62477 -0.15584
0.14976 -0.33586 0.05661 -0.13930 -0.19708 -0.24781 0.13064 -0.23665 -0.37362 0.19145 0.27735 -0.19707 -0.66482 0.67210 -0.10673
0.14565 -0.32672 0.05469 -0.13996 -0.16097 -0.26449 0.13414 -0.24584 -0.36498 0.20827 0.29960 -0.14661 -0.63786 0.72823 -0.08406
0.14567 -0.32719 0.05363 -0.12652 -0.08546 -0.33745 0.12657 -0.24940 -0.36596 0.21466 0.29736 -0.04736 -0.60820 0.80355 -0.05864
0.14722 -0.33146 0.05364 -0.13422 -0.08339 -0.30776 0.12484 -0.25202 -0.37474 0.22477 0.31371 -0.07304 -0.60875 0.82813 -0.05059
0.14643 -0.33109 0.05302 -0.13257 -0.07798 -0.30981 0.13987 -0.25126 -0.45293 0.23243 0.30422 -0.06177 -0.61276 0.82237 0.03591
0.14584 -0.33090 0.05251 -0.13207 -0.07925 -0.31002 0.13148 -0.25817 -0.38568 0.24082 0.29032 -0.05513 -0.59486 0.81366 -0.02447
0.14625 -0.33149 0.05234 -0.12981 -0.08799 -0.30924 0.13177 -0.26580 -0.37622 0.24048 0.25918 -0.04807 -0.59405 0.78174 -0.02621
0.15367 -0.34861 0.05469 -0.13002 -0.13099 -0.31416 0.11436 -0.29943 -0.34226 0.26090 0.26973 -0.04621 -0.58530 0.80029 -0.06613
0.14813 -0.33833 0.05246 -0.13349 -0.18429 -0.26927 0.11430 -0.29208 -0.33202 0.31951 0.34577 -0.03952 -0.51256 0.80492 -0.02266
0.14617 -0.34493 0.05608 -0.16383 -0.19527 -0.26988 0.11907 -0.30273 -0.35280 0.31900 0.28076 -0.08065 -0.55455 0.74567 -0.05368
0.14580 -0.34508 0.05679 -0.12873 -0.25562 -0.23008 0.12419 -0.30197 -0.34813 0.31210 0.25089 -0.13875 -0.54970 0.67921 -0.05796
0.14251 -0.34029 0.05536 -0.12669 -0.29420 -0.15249 0.14456 -0.28829 -0.36291 0.30600 0.18334 -0.21982 -0.56148 0.55035 -0.04545
0.14364 -0.34276 0.05728 -0.12537 -0.30587 -0.12341 0.14864 -0.28745 -0.35943 0.28406 0.16003 -0.25574 -0.58778 0.51541 -0.05727
0.14801 -0.35347 0.05997 -0.12765 -0.31398 -0.12482 0.13384 -0.29804 -0.33947 0.27652 0.17669 -0.26234 -0.59903 0.54437 -0.08698
0.14805 -0.35352 0.06176 -0.12119 -0.32144 -0.10601 0.13683 -0.29498 -0.34306 0.24584 0.20765 -0.27853 -0.62596 0.56373 -0.08155
0.14531 -0.34713 0.06045 -0.13380 -0.28327 -0.20199 0.13355 -0.28616 -0.34783 0.17479 0.30685 -0.21847 -0.69477 0.68467 -0.11219
0.14722 -0.35170 0.06167 -0.13540 -0.28545 -0.20529 0.11671 -0.29272 -0.33726 0.15346 0.26335 -0.23749 -0.70791 0.64947 -0.14738
0.14808 -0.35370 0.06188 -0.15207 -0.25921 -0.20163 0.12629 -0.27927 -0.36966 0.13677 0.25726 -0.24968 -0.73880 0.63695 -0.15021
0.14882 -0.35644 0.06170 -0.15790 -0.25954 -0.20018 0.10636 -0.29062 -0.35081 0.12009 0.25255 -0.28374 -0.74277 0.64107 -0.20659
0.14777 -0.35397 0.06122 -0.15691 -0.27845 -0.19981 0.10537 -0.27524 -0.38808 0.10221 0.25651 -0.31289 -0.75445 0.61210 -0.19302
0.14600 -0.34955 0.06044 -0.15272 -0.28449 -0.23318 0.09305 -0.26186 -0.39820 0.08888 0.24830 -0.29185 -0.74481 0.58381 -0.18923
0.14492 -0.34738 0.05998 -0.14883 -0.29230 -0.24623 0.07502 -0.25007 -0.40305 0.08448 0.24466 -0.28656 -0.72616 0.56552 -0.18280
0.13895 -0.33327 0.05775 -0.14161 -0.28724 -0.23295 0.06788 -0.22852 -0.40858 0.08251 0.23527 -0.28096 -0.69137 0.52727 -0.15271
0.13824 -0.33160 0.05722 -0.13962 -0.28833 -0.23202 0.05914 -0.20177 -0.41250 0.08355 0.23313 -0.27846 -0.67694 0.49664 -0.14304
0.13645 -0.32628 0.05663 -0.13749 -0.28768 -0.22739 0.04748 -0.22701 -0.48624 0.08535 0.23101 -0.27399 -0.65381 0.51499 -0.05887
0.13765 -0.32800 0.05643 -0.13876 -0.29759 -0.21496 0.04765 -0.13836 -0.44888 0.08786 0.24018 -0.29074 -0.65884 0.42762 -0.09941
0.13755 -0.32550 0.05396 -0.13929 -0.30074 -0.21604 0.03670 -0.11443 -0.46973 0.08925 0.24281 -0.29334 -0.64948 0.40073 -0.07849
0.14871 -0.32112 0.04366 -0.14735 -0.31975 -0.22764 0.01670 -0.06807 -0.51261 0.09521 0.25956 -0.30966 -0.66778 0.34884 -0.05116
0.15260 -0.32130 0.01085 -0.13695 -0.29821 -0.21497 -0.00758 0.05049 -0.47163 0.08947 0.24405 -0.28409 -0.61108 0.23503 -0.02131
0.16570 -0.27887 0.02990 -0.13935 -0.30414 -0.21869 -0.02694 0.05014 -0.51167 0.09266 0.24912 -0.28991 -0.61074 0.19282 -0.00853
0.17920 -0.28421 -0.02167 -0.13928 -0.30660 -0.20309 -0.05307 0.11162 -0.46946 0.09424 0.25241 -0.30346 -0.59455 0.13778 0.00385
0.18380 -0.27929 -0.01181 -0.14242 -0.31174 -0.22630 -0.06886 0.15752 -0.49866 0.09764 0.25531 -0.29212 -0.59156 0.08417 0.01243
0.22856 -0.26015 -0.04239 -0.14761 -0.32362 -0.23472 -0.13539 0.19588 -0.49072 0.10419 0.26695 -0.30330 -0.58375 0.02597 0.01634
0.23258 -0.23697 -0.06545 -0.14282 -0.31439 -0.22815 -0.17137 0.23023 -0.44247 0.10345 0.25534 -0.29414 -0.52905 -0.03390 0.00908
0.25783 -0.19531 -0.14354 -0.14734 -0.32631 -0.23131 -0.22270 0.24176 -0.34753 0.11000 0.26590 -0.30984 -0.51034 -0.07851 -0.01637
0.30617 -0.18563 -0.16587 -0.14095 -0.31273 -0.21823 -0.29477 0.27077 -0.27203 0.10601 0.25373 -0.29923 -0.46354 -0.10578 -0.03718
0.30505 -0.17841 -0.16022 -0.14054 -0.31359 -0.22069 -0.31126 0.28599 -0.25705 0.10591 0.25213 -0.29364 -0.44062 -0.12643 -0.05083
0.30141 -0.16623 -0.16198 -0.12837 -0.30389 -0.25178 -0.32228 0.28991 -0.24467 0.09365 0.24273 -0.25937 -0.42133 -0.14067 -0.05644
0.26004 -0.11975 -0.20603 -0.13882 -0.33009 -0.26221 -0.28421 0.25591 -0.21759 0.09883 0.26022 -0.27872 -0.44054 -0.15312 -0.05937
0.25669 -0.12159 -0.20808 -0.13812 -0.33202 -0.26870 -0.27497 0.25366 -0.21718 0.09581 0.26207 -0.27118 -0.44675 -0.14714 -0.05332
0.22153 -0.10244 -0.27183 -0.13380 -0.30472 -0.22142 -0.22709 0.22565 -0.17647 0.08710 0.23437 -0.33614 -0.47638 -0.13618 -0.04287
0.23364 -0.19004 -0.18305 -0.14061 -0.33722 -0.25727 -0.21642 0.28138 -0.27447 0.09340 0.26828 -0.28483 -0.48674 -0.10554 -0.01950
0.15284 -0.28708 -0.00969 -0.13335 -0.32179 -0.23807 -0.07907 0.21848 -0.47686 0.08157 0.25675 -0.27463 -0.52666 0.05261 0.03472
0.14896 -0.28944 -0.00777 -0.13372 -0.32266 -0.23326 -0.06983 0.18704 -0.47712 0.08091 0.25831 -0.27936 -0.53443 0.08489 0.03199
0.15398 -0.30915 -0.00051 -0.14363 -0.34118 -0.23861 -0.06628 0.19453 -0.51767 0.08859 0.27481 -0.30476 -0.57171 0.09507 0.03593
0.15316 -0.30631 -0.00209 -0.14228 -0.33694 -0.23592 -0.06229 0.21269 -0.51017 0.08843 0.27172 -0.30189 -0.56992 0.07278 0.03289
0.19112 -0.27186 -0.10100 -0.14433 -0.33432 -0.24060 -0.11143 0.26843 -0.39152 0.09264 0.27128 -0.29465 -0.55459 -0.01651 0.01425
0.20810 -0.27251 -0.15367 -0.14389 -0.33229 -0.23873 -0.14126 0.31196 -0.31534 0.09481 0.26865 -0.29362 -0.53592 -0.06094 -0.00672
0.21813 -0.22329 -0.16596 -0.14641 -0.33691 -0.24268 -0.16900 0.30096 -0.29859 0.09916 0.27246 -0.29791 -0.52127 -0.09988 -0.01837
0.21997 -0.19722 -0.19627 -0.14648 -0.33672 -0.24427 -0.19030 0.30098 -0.25873 0.10171 0.27216 -0.29692 -0.49839 -0.12659 -0.02848
0.21913 -0.16514 -0.22492 -0.14492 -0.33492 -0.25671 -0.20741 0.28391 -0.22174 0.10207 0.26857 -0.28467 -0.47624 -0.14404 -0.03689
0.22051 -0.16270 -0.22651 -0.14367 -0.33679 -0.25080 -0.22215 0.29184 -0.21824 0.10342 0.26979 -0.28980 -0.46068 -0.15533 -0.03758
0.21969 -0.15759 -0.23066 -0.14040 -0.33523 -0.25739 -0.22491 0.28619 -0.21353 0.10201 0.26650 -0.28414 -0.45445 -0.15660 -0.03851
0.22360 -0.16067 -0.23381 -0.13823 -0.31441 -0.24185 -0.22225 0.28321 -0.22593 0.09937 0.24380 -0.30776 -0.46802 -0.15146 -0.02918
0.21799 -0.22189 -0.17166 -0.13804 -0.33432 -0.23895 -0.17708 0.29779 -0.31643 0.09600 0.26334 -0.30424 -0.50583 -0.10580 0.00550
0.21396 -0.26934 -0.14710 -0.13409 -0.33396 -0.22153 -0.14878 0.30351 -0.34950 0.09202 0.26433 -0.30374 -0.51787 -0.06421 0.03012
0.19679 -0.26232 -0.11713 -0.13607 -0.34031 -0.22670 -0.10592 0.25164 -0.41436 0.09125 0.26862 -0.30801 -0.55367 -0.02069 0.05713
0.19325 -0.26850 -0.08341 -0.13434 -0.33569 -0.22359 -0.09165 0.21669 -0.45496 0.08904 0.26614 -0.30185 -0.55939 0.02195 0.07227
0.19255 -0.27050 -0.08002 -0.13527 -0.33643 -0.22241 -0.08645 0.18986 -0.46559 0.08971 0.26566 -0.30468 -0.56585 0.04916 0.07697
0.19038 -0.27103 -0.04402 -0.13508 -0.33193 -0.21607 -0.08660 0.18186 -0.49382 0.08886 0.26300 -0.30375 -0.55838 0.05886 0.07542
0.19168 -0.27014 -0.04323 -0.13580 -0.33135 -0.21427 -0.09114 0.18549 -0.49234 0.08846 0.26587 -0.30595 -0.55692 0.05703 0.07190
0.19990 -0.26721 -0.05061 -0.13757 -0.32317 -0.19984 -0.10311 0.19681 -0.48372 0.08928 0.26803 -0.31219 -0.55922 0.04214 0.06526
0.20676 -0.26187 -0.05445 -0.13751 -0.32226 -0.20518 -0.10661 0.21121 -0.47001 0.09024 0.26813 -0.30803 -0.56316 0.02259 0.05434
0.21825 -0.25342 -0.06434 -0.13649 -0.31209 -0.19848 -0.11832 0.22786 -0.45234 0.09157 0.27001 -0.30537 -0.56533 -0.00192 0.04342
0.23207 -0.24244 -0.08478 -0.13763 -0.31346 -0.19559 -0.12829 0.23770 -0.42148 0.09298 0.27460 -0.30996 -0.57489 -0.02211 0.02866
0.23975 -0.22898 -0.10446 -0.13641 -0.31673 -0.19755 -0.13398 0.24607 -0.39036 0.09407 0.27796 -0.31144 -0.57608 -0.04088 0.01846
0.24371 -0.22387 -0.10959 -0.13657 -0.31188 -0.19835 -0.13943 0.25951 -0.37659 0.09521 0.27592 -0.30606 -0.57432 -0.06082 0.00938
0.24566 -0.21674 -0.11928 -0.13610 -0.30934 -0.20110 -0.15160 0.27348 -0.35592 0.09677 0.27409 -0.30102 -0.56159 -0.08325 -0.00177
0.24582 -0.21456 -0.12116 -0.13506 -0.31270 -0.21061 -0.15737 0.26244 -0.36044 0.09560 0.27363 -0.29555 -0.55576 -0.07408 0.00719
0.24693 -0.21366 -0.12457 -0.13572 -0.31138 -0.20650 -0.16071 0.24218 -0.37580 0.09534 0.27474 -0.29855 -0.55452 -0.05373 0.02447
0.24257 -0.21283 -0.13772 -0.13523 -0.31549 -0.21186 -0.15798 0.22122 -0.38442 0.09499 0.27446 -0.30131 -0.55376 -0.03462 0.04281
0.24022 -0.21572 -0.13301 -0.13423 -0.31558 -0.21301 -0.15422 0.20933 -0.39941 0.09361 0.27283 -0.30011 -0.55362 -0.02076 0.05445
0.23645 -0.21740 -0.13983 -0.13425 -0.31735 -0.21478 -0.14921 0.20393 -0.39836 0.09348 0.27223 -0.30127 -0.55585 -0.01547 0.05841
0.23404 -0.21982 -0.13954 -0.13406 -0.31805 -0.21480 -0.14653 0.20546 -0.40009 0.09329 0.27245 -0.30278 -0.55584 -0.01462 0.05896
0.23273 -0.22270 -0.13930 -0.13475 -0.31440 -0.20636 -0.14462 0.20911 -0.39995 0.09268 0.27415 -0.30433 -0.55846 -0.01487 0.05840
0.23004 -0.22393 -0.14195 -0.13385 -0.31687 -0.20909 -0.14190 0.21321 -0.39650 0.09253 0.27298 -0.30632 -0.55856 -0.01897 0.05696
0.22872 -0.22449 -0.14262 -0.13350 -0.31765 -0.21228 -0.14165 0.21654 -0.39604 0.09231 0.27303 -0.30591 -0.55708 -0.02115 0.05586
0.22794 -0.22520 -0.14272 -0.13407 -0.31931 -0.21049 -0.14042 0.21852 -0.39495 0.09220 0.27414 -0.30758 -0.55813 -0.02171 0.05640
0.22733 -0.22529 -0.14408 -0.13454 -0.32045 -0.20969 -0.14034 0.21818 -0.39457 0.09357 0.27454 -0.30933 -0.55668 -0.02114 0.05729
0.22673 -0.22655 -0.14031 -0.13444 -0.32031 -0.21271 -0.14265 0.21754 -0.40096 0.09615 0.27534 -0.30328 -0.54951 -0.01725 0.06384
0.22543 -0.22636 -0.14139 -0.13439 -0.32038 -0.21749 -0.14723 0.21542 -0.40069 0.10150 0.27437 -0.30124 -0.53652 -0.01527 0.06362
0.21878 -0.22208 -0.16942 -0.13697 -0.32696 -0.22070 -0.14585 0.20897 -0.37995 0.10749 0.27765 -0.30849 -0.53105 -0.01349 0.06422
0.22466 -0.20242 -0.28187 -0.13802 -0.30837 -0.20289 -0.17054 0.19247 -0.25943 0.11381 0.27416 -0.29883 -0.49066 -0.01218 0.06787
0.20910 -0.20334 -0.25213 -0.13261 -0.30373 -0.20214 -0.21462 0.19532 -0.29140 0.14736 0.27702 -0.29703 -0.38842 -0.00589 0.07239
0.20714 -0.22343 -0.28368 -0.09614 -0.25096 -0.32343 -0.25455 0.21024 -0.30379 0.14772 0.22810 -0.21753 -0.34724 0.00529 0.07723
0.18004 -0.22291 -0.28768 -0.06109 -0.23827 -0.32835 -0.27890 0.20635 -0.27861 0.17881 0.23013 -0.21128 -0.24619 0.02147 0.06155
0.07440 -0.18052 -0.32447 -0.02815 -0.21878 -0.32402 -0.31539 0.19467 -0.20535 0.27691 0.20718 -0.23464 0.03384 -0.02136 0.00128
0.06707 -0.18921 -0.32492 -0.00328 -0.20405 -0.32699 -0.30004 0.19469 -0.18872 0.22336 0.21110 -0.19975 -0.00662 -0.00694 0.00353
0.04577 -0.18367 -0.33787 -0.00090 -0.19720 -0.32108 -0.26178 0.20063 -0.17970 0.22448 0.22676 -0.19959 -0.01917 -0.00100 0.00623
0.00823 -0.14911 -0.36628 -0.00591 -0.18561 -0.31085 -0.21383 0.19848 -0.15043 0.24590 0.25105 -0.20482 -0.00655 -0.00248 0.00337
0.04184 -0.11650 -0.33999 -0.01261 -0.16267 -0.31095 -0.22151 0.21551 -0.14045 0.24375 0.26207 -0.18924 -0.01535 0.01293 0.00580
0.05320 -0.07590 -0.36241 -0.02129 -0.12688 -0.33848 -0.21292 0.23768 -0.15224 0.30328 0.29200 -0.20856 -0.00317 0.01297 0.00009
0.15137 -0.08992 -0.29874 -0.02751 -0.06003 -0.41920 -0.22087 0.26622 -0.15740 0.16391 0.29751 -0.13507 -0.21248 0.01768 0.06945
0.16117 -0.07489 -0.30859 -0.08702 -0.12143 -0.41304 -0.21138 0.27196 -0.17662 0.15102 0.30389 -0.14344 -0.28649 -0.00023 0.07431
0.22372 -0.11687 -0.26974 -0.16055 -0.16391 -0.29024 -0.20622 0.31661 -0.27010 0.13729 0.31185 -0.21101 -0.49761 -0.03369 0.08744
0.25968 -0.16247 -0.23807 -0.15890 -0.17777 -0.28157 -0.21957 0.34444 -0.27579 0.11264 0.31023 -0.19042 -0.52046 -0.03280 0.08625
0.26428 -0.16695 -0.23636 -0.16598 -0.18707 -0.28334 -0.19283 0.33247 -0.28284 0.09682 0.29867 -0.19393 -0.57970 -0.03769 0.08559
0.26647 -0.17282 -0.23155 -0.17395 -0.19851 -0.27438 -0.17201 0.31697 -0.28857 0.08795 0.29064 -0.20217 -0.62106 -0.03627 0.08595
0.26590 -0.18075 -0.23161 -0.18071 -0.21194 -0.26605 -0.15277 0.29436 -0.29630 0.08143 0.28505 -0.21296 -0.65790 -0.02699 0.08729
0.26732 -0.19208 -0.21919 -0.18524 -0.22498 -0.25697 -0.14174 0.28125 -0.31245 0.07924 0.27546 -0.22490 -0.67950 -0.02598 0.08808
0.27312 -0.21960 -0.18505 -0.18674 -0.23629 -0.24682 -0.13563 0.26563 -0.33807 0.07715 0.24254 -0.23202 -0.69222 -0.02781 0.08200
0.27292 -0.22234 -0.18504 -0.18987 -0.25325 -0.22768 -0.13396 0.25610 -0.33845 0.08135 0.23999 -0.25346 -0.69537 -0.03546 0.07944
0.27290 -0.22607 -0.18130 -0.19028 -0.25645 -0.22570 -0.13199 0.24949 -0.33392 0.08199 0.22409 -0.25301 -0.69677 -0.04407 0.07363
0.27607 -0.23460 -0.17879 -0.18724 -0.27092 -0.19052 -0.13508 0.25186 -0.33564 0.07753 0.21730 -0.28872 -0.70058 -0.05971 0.07195
0.27708 -0.24546 -0.17257 -0.18054 -0.28229 -0.13981 -0.12894 0.25492 -0.34171 0.06678 0.20442 -0.34241 -0.71714 -0.07654 0.06914
0.21757 -0.23824 -0.00302 -0.18501 -0.31707 -0.09512 -0.06034 0.21305 -0.47360 0.06679 0.18908 -0.35576 -0.70294 -0.09282 0.06106
0.24108 -0.27155 -0.08399 -0.15887 -0.31467 0.03167 -0.06527 0.21844 -0.38917 0.03017 0.15113 -0.48874 -0.73822 -0.10027 0.05141
0.20917 -0.26980 0.02293 -0.15244 -0.32694 -0.01347 0.01238 0.12202 -0.51142 -0.00796 0.05854 -0.48029 -0.84121 -0.10892 0.03204
0.23615 -0.29504 -0.01367 -0.16211 -0.33030 -0.02412 0.00788 0.08957 -0.47465 -0.01296 0.00452 -0.48206 -0.88114 -0.10810 0.01875
0.23643 -0.30111 -0.01595 -0.17398 -0.34789 -0.03896 0.03282 0.03935 -0.46128 -0.01615 -0.04178 -0.45081 -0.91825 -0.11504 0.02323
0.20577 -0.28114 0.05466 -0.16946 -0.34424 -0.03611 0.08901 -0.02826 -0.50719 -0.02628 -0.10606 -0.42360 -0.93899 -0.12736 0.02725
0.20791 -0.34219 0.02016 -0.15827 -0.35089 -0.04365 0.13356 -0.05455 -0.41819 -0.04589 -0.23110 -0.36886 -1.00475 -0.16727 0.04018
0.23829 -0.36462 -0.03029 -0.13097 -0.33885 0.03122 0.11582 -0.06093 -0.34312 -0.08043 -0.27341 -0.37444 -1.01958 -0.16834 0.08157
0.18986 -0.31045 0.05860 -0.13615 -0.35277 0.03356 0.17524 -0.15962 -0.38079 -0.08513 -0.32720 -0.35106 -1.05852 -0.19061 0.05663
0.18192 -0.31215 0.05497 -0.12929 -0.35089 0.03120 0.21321 -0.29488 -0.32649 -0.08339 -0.39939 -0.22966 -1.06822 -0.12360 0.12244
0.16035 -0.36090 0.04359 -0.12391 -0.35315 0.03113 0.22691 -0.24070 -0.30479 -0.08460 -0.38618 -0.19138 -1.04765 -0.11788 0.14809
0.16549 -0.37568 0.04293 -0.11683 -0.38397 0.02894 0.22433 -0.23861 -0.30691 -0.08954 -0.35450 -0.13808 -1.04936 -0.10382 0.20100
0.16276 -0.37014 0.04177 -0.11650 -0.40728 0.03726 0.21288 -0.23846 -0.30003 -0.08852 -0.33317 -0.13165 -1.02735 -0.11127 0.20866
0.16191 -0.37349 0.04151 -0.11576 -0.40633 0.03706 0.21336 -0.23702 -0.30238 -0.09452 -0.35373 -0.11929 -1.03143 -0.12874 0.22270
0.15726 -0.37466 0.04360 -0.11444 -0.40610 0.03723 0.21516 -0.24395 -0.30025 -0.08520 -0.33286 -0.11760 -1.01860 -0.09918 0.22026
0.15561 -0.37559 0.04345 -0.11184 -0.40309 0.03656 0.21334 -0.24552 -0.30238 -0.08260 -0.32625 -0.13608 -1.01111 -0.08667 0.20309
0.15482 -0.37575 0.04142 -0.10971 -0.40237 0.03557 0.21423 -0.24597 -0.30044 -0.06988 -0.29330 -0.14897 -0.99709 -0.05213 0.18889
0.16479 -0.36260 0.04528 -0.10959 -0.40267 0.03523 0.20551 -0.26334 -0.30746 -0.09183 -0.35606 -0.15433 -1.02241 -0.11069 0.18613
0.16707 -0.35867 0.04912 -0.10852 -0.40352 0.03342 0.19914 -0.26937 -0.31172 -0.09061 -0.35145 -0.16429 -1.01657 -0.10459 0.17432
0.16829 -0.35814 0.04975 -0.10690 -0.40243 0.03082 0.19990 -0.27087 -0.31359 -0.08885 -0.34834 -0.17353 -1.01553 -0.09925 0.16324
0.16887 -0.35695 0.04983 -0.10572 -0.40177 0.02765 0.19587 -0.27242 -0.31082 -0.08934 -0.35047 -0.17763 -1.01150 -0.10021 0.15277
0.16885 -0.35671 0.04946 -0.10324 -0.40033 0.02123 0.19689 -0.27346 -0.31399 -0.08892 -0.34602 -0.17271 -1.01089 -0.09310 0.15427
0.16951 -0.35617 0.04989 -0.10262 -0.40038 0.01953 0.19496 -0.27504 -0.31207 -0.09010 -0.34847 -0.16650 -1.01047 -0.09438 0.15649
0.17004 -0.35613 0.04995 -0.10245 -0.40024 0.01855 0.19610 -0.27504 -0.31348 -0.09081 -0.34993 -0.16223 -1.01270 -0.09568 0.16086
0.17033 -0.35578 0.05007 -0.10218 -0.40035 0.01796 0.19096 -0.27639 -0.31214 -0.09159 -0.35040 -0.15174 -1.00861 -0.09505 0.16941
0.17098 -0.35573 0.05017 -0.10175 -0.39998 0.01732 0.19682 -0.27439 -0.31546 -0.09564 -0.35714 -0.14080 -1.01888 -0.10325 0.18305
0.17108 -0.35547 0.05014 -0.10154 -0.39984 0.01682 0.19573 -0.27448 -0.31638 -0.07763 -0.30792 -0.15133 -0.99955 -0.05377 0.17283
0.17115 -0.35551 0.05016 -0.10147 -0.40015 0.01685 0.19346 -0.27541 -0.31441 -0.08957 -0.33526 -0.13240 -1.00935 -0.08040 0.18984
0.17122 -0.35542 0.05010 -0.10133 -0.40065 0.01676 0.19412 -0.27494 -0.31562 -0.09018 -0.33553 -0.12872 -1.01057 -0.08168 0.19476
0.17152 -0.35544 0.05007 -0.10117 -0.40087 0.01701 0.19514 -0.27459 -0.31700 -0.09450 -0.34200 -0.11939 -1.01603 -0.08860 0.20582
0.17189 -0.35550 0.05007 -0.10100 -0.40114 0.01737 0.19873 -0.27358 -0.31641 -0.09541 -0.34022 -0.11572 -1.02068 -0.08800 0.20930
0.17191 -0.35551 0.04999 -0.10093 -0.40149 0.01766 0.19220 -0.27508 -0.31286 -0.10327 -0.36094 -0.11124 -1.02211 -0.10754 0.21066
]
