classifier_Man_jumps_on_man_16358 [ 0.18854 -0.26707 -0.05507 -0.09103 -0.32549 -0.13195 0.09030 -0.35477 -0.55847 0.18240 -0.19458 -0.41923 -0.63084 0.10493 0.03838
0.18857 -0.26705 -0.05496 -0.09104 -0.32557 -0.13188 0.08932 -0.35413 -0.55919 0.18492 -0.19153 -0.41830 -0.62726 0.10708 0.04014
0.18871 -0.26708 -0.05483 -0.09095 -0.32556 -0.13204 0.09122 -0.35700 -0.55983 0.18506 -0.19090 -0.41632 -0.62885 0.10994 0.04252
0.18874 -0.26705 -0.05509 -0.09103 -0.32525 -0.13182 0.08922 -0.35609 -0.55876 0.18320 -0.19338 -0.41945 -0.62903 0.10693 0.03858
0.18879 -0.26697 -0.05506 -0.09102 -0.32520 -0.13180 0.09116 -0.35612 -0.56005 0.18302 -0.19444 -0.41884 -0.63123 0.10617 0.04054
0.18856 -0.26716 -0.05529 -0.09098 -0.32513 -0.13160 0.08775 -0.35555 -0.55840 0.18276 -0.19433 -0.42068 -0.62788 0.10531 0.03695
0.18869 -0.26715 -0.05519 -0.09096 -0.32537 -0.13175 0.09012 -0.35672 -0.56083 0.18327 -0.19413 -0.41970 -0.62955 0.10630 0.04040
0.18859 -0.26720 -0.05526 -0.09085 -0.32545 -0.13186 0.09060 -0.35704 -0.55552 0.18195 -0.19476 -0.41912 -0.63120 0.10590 0.03556
0.13999 -0.32546 -0.10002 -0.08872 -0.31874 -0.12920 0.13406 -0.28597 -0.49848 0.17846 -0.18992 -0.40997 -0.61777 0.10454 0.03582
0.09567 -0.33991 -0.18872 -0.08974 -0.32269 -0.13078 0.18011 -0.27979 -0.41383 0.17986 -0.19201 -0.41503 -0.62439 0.10669 0.03285
0.09673 -0.34282 -0.19027 -0.09037 -0.32518 -0.13183 0.18191 -0.27919 -0.41261 0.17965 -0.19418 -0.41751 -0.63126 0.10408 0.02953
0.09582 -0.34519 -0.18387 -0.09013 -0.32446 -0.13167 0.17882 -0.27413 -0.41683 0.17971 -0.19423 -0.41644 -0.62615 0.10197 0.02845
0.09443 -0.34822 -0.17562 -0.08966 -0.32390 -0.13115 0.17232 -0.26712 -0.42085 0.17929 -0.19242 -0.41555 -0.61690 0.09919 0.02487
0.13142 -0.33108 -0.08571 -0.08832 -0.31980 -0.12951 0.11919 -0.27511 -0.50027 0.17714 -0.18896 -0.41134 -0.59552 0.09765 0.02054
0.13214 -0.33027 -0.08299 -0.08837 -0.32007 -0.12962 0.10096 -0.27124 -0.50275 0.17605 -0.18534 -0.41174 -0.57941 0.09606 0.01951
0.13650 -0.34110 -0.07689 -0.09157 -0.33159 -0.13419 0.08440 -0.28009 -0.50096 0.18324 -0.18662 -0.42805 -0.57900 0.10291 -0.01034
0.08327 -0.37342 -0.14142 -0.09239 -0.33436 -0.13526 0.13849 -0.27824 -0.43469 0.18694 -0.16326 -0.42433 -0.58223 0.15384 -0.01054
0.08276 -0.37410 -0.14319 -0.09196 -0.33313 -0.13627 0.11563 -0.27317 -0.43117 0.20185 -0.11458 -0.42264 -0.54322 0.19912 -0.01226
0.08057 -0.36714 -0.13985 -0.08848 -0.32053 -0.13636 0.08257 -0.26692 -0.41791 0.21776 -0.05901 -0.40113 -0.47767 0.25395 -0.00690
0.07141 -0.37765 -0.15310 -0.08143 -0.29597 -0.19541 -0.00592 -0.23375 -0.41985 0.22168 0.09841 -0.33050 -0.36835 0.40840 0.00865
0.06553 -0.38334 -0.15413 -0.06578 -0.27526 -0.28743 -0.02306 -0.25128 -0.42505 0.20881 0.25996 -0.21171 -0.34439 0.61447 0.04105
0.05972 -0.38409 -0.15355 -0.06134 -0.26361 -0.30658 -0.02232 -0.24765 -0.41937 0.18785 0.29746 -0.15367 -0.35281 0.66200 0.07232
0.05394 -0.38955 -0.15261 -0.04623 -0.20456 -0.36635 -0.01271 -0.23654 -0.41556 0.17615 0.33157 -0.03566 -0.34808 0.74787 0.11928
0.05257 -0.39255 -0.15306 -0.04496 -0.19650 -0.36682 -0.01178 -0.23456 -0.41396 0.17766 0.33831 -0.01374 -0.34532 0.76340 0.13686
0.05180 -0.39425 -0.15350 -0.04371 -0.18966 -0.36933 -0.01170 -0.23359 -0.41612 0.18659 0.34662 0.00645 -0.33438 0.77904 0.15611
0.04880 -0.39566 -0.16061 -0.04169 -0.18501 -0.36749 -0.02163 -0.21573 -0.29726 0.19160 0.33906 0.02157 -0.31622 0.75639 0.04638
0.04888 -0.39452 -0.15809 -0.04115 -0.18538 -0.36721 -0.01843 -0.21277 -0.29942 0.20013 0.32565 0.02955 -0.31122 0.74178 0.05726
0.04854 -0.39562 -0.15705 -0.05254 -0.23419 -0.32656 -0.01868 -0.21457 -0.30179 0.21147 0.28541 -0.01038 -0.31261 0.65875 0.06378
0.04947 -0.39917 -0.15596 -0.06664 -0.27654 -0.27425 -0.01797 -0.21784 -0.30880 0.23818 0.22293 -0.06051 -0.30299 0.56237 0.07579
0.04971 -0.39775 -0.15457 -0.06679 -0.28254 -0.27171 -0.01740 -0.21798 -0.30487 0.25398 0.17658 -0.06143 -0.28737 0.51063 0.07610
0.04972 -0.39779 -0.15440 -0.07307 -0.30101 -0.23923 -0.01865 -0.21748 -0.30284 0.24501 0.14635 -0.10156 -0.30314 0.46217 0.06778
0.05031 -0.40100 -0.15450 -0.07899 -0.30711 -0.21380 -0.01739 -0.20405 -0.25632 0.23182 0.13105 -0.15081 -0.32598 0.43063 -0.00031
0.04981 -0.40042 -0.15451 -0.08788 -0.31226 -0.19995 -0.00997 -0.24603 -0.42196 0.22375 0.14283 -0.17627 -0.35053 0.47879 0.15417
0.04994 -0.39978 -0.15442 -0.09091 -0.31271 -0.20017 -0.01736 -0.22543 -0.30928 0.20543 0.15780 -0.18262 -0.36425 0.47222 0.03554
0.04963 -0.39686 -0.15309 -0.09715 -0.31705 -0.21092 -0.01020 -0.24408 -0.42031 0.18749 0.18573 -0.17773 -0.39228 0.51176 0.14060
0.04949 -0.39452 -0.15195 -0.09819 -0.31237 -0.23192 -0.01022 -0.24237 -0.41698 0.15898 0.21187 -0.18051 -0.41924 0.53999 0.11391
0.04929 -0.39070 -0.15035 -0.10148 -0.31233 -0.25610 -0.01083 -0.24262 -0.41384 0.14060 0.23072 -0.15897 -0.43611 0.55805 0.11091
0.05201 -0.41145 -0.15873 -0.10930 -0.32432 -0.28408 -0.01240 -0.25959 -0.43705 0.13073 0.25157 -0.15143 -0.47839 0.60506 0.12035
0.05102 -0.41045 -0.15813 -0.11078 -0.33123 -0.29574 -0.01015 -0.25205 -0.42910 0.11377 0.25704 -0.15900 -0.49376 0.60351 0.10537
0.05083 -0.41472 -0.15976 -0.10993 -0.33780 -0.30806 -0.00719 -0.25025 -0.42947 0.09186 0.22459 -0.19474 -0.51350 0.60303 0.09777
0.05150 -0.41594 -0.15727 -0.11179 -0.34175 -0.30695 -0.00841 -0.25248 -0.43478 0.08135 0.21125 -0.20661 -0.52528 0.58989 0.08713
0.05203 -0.41208 -0.15060 -0.11165 -0.36061 -0.27773 -0.00801 -0.25270 -0.43469 0.07648 0.20107 -0.23891 -0.52729 0.55703 0.07742
0.05317 -0.41399 -0.14925 -0.11069 -0.36551 -0.27523 -0.00858 -0.25070 -0.43691 0.07431 0.17247 -0.25204 -0.53145 0.52286 0.06732
0.05338 -0.41972 -0.15330 -0.10280 -0.36655 -0.28511 -0.00723 -0.25182 -0.43634 0.06766 0.14530 -0.24764 -0.53789 0.49510 0.06096
0.05384 -0.42064 -0.15384 -0.09564 -0.36850 -0.28955 -0.00866 -0.25317 -0.43573 0.06309 0.12589 -0.24284 -0.53779 0.47448 0.06069
0.05044 -0.38909 -0.14261 -0.10407 -0.36982 -0.21084 -0.00985 -0.22460 -0.39439 0.07301 0.13416 -0.27999 -0.49554 0.41603 0.04802
0.05804 -0.42324 -0.15805 -0.08052 -0.36090 -0.31668 -0.01093 -0.22173 -0.44211 0.04707 0.12437 -0.21056 -0.55131 0.44416 0.07053
0.05815 -0.40785 -0.15645 -0.09505 -0.37419 -0.28428 -0.01405 -0.19932 -0.43610 0.06051 0.15221 -0.23650 -0.54317 0.41795 0.06904
0.05802 -0.40028 -0.15689 -0.09988 -0.37749 -0.27275 -0.01912 -0.17600 -0.43232 0.06413 0.16248 -0.24771 -0.53663 0.39346 0.06596
0.05900 -0.38958 -0.15872 -0.10383 -0.38026 -0.26832 -0.03367 -0.15918 -0.44511 0.06796 0.17092 -0.25412 -0.52409 0.36987 0.07648
0.06023 -0.37285 -0.15935 -0.10915 -0.38351 -0.26377 -0.07066 -0.12042 -0.46781 0.07498 0.17609 -0.26271 -0.48830 0.31623 0.09658
0.05873 -0.32426 -0.15714 -0.10491 -0.36562 -0.25135 -0.08795 -0.02455 -0.45451 0.07448 0.16722 -0.25342 -0.44427 0.17950 0.10306
0.05946 -0.34822 -0.27474 -0.10705 -0.37381 -0.25839 -0.13824 0.12725 -0.30738 0.08167 0.16682 -0.26072 -0.39875 0.04165 0.05922
0.05504 -0.32843 -0.28066 -0.10232 -0.36447 -0.25581 -0.17306 0.24385 -0.27084 0.08129 0.15758 -0.24790 -0.34607 -0.09717 0.04229
0.02973 -0.28799 -0.35046 -0.10708 -0.37691 -0.24107 -0.16980 0.28286 -0.17255 0.08939 0.16770 -0.26353 -0.32450 -0.17966 0.01587
0.02746 -0.28552 -0.36967 -0.08888 -0.36794 -0.27430 -0.18691 0.34999 -0.12487 0.07419 0.15218 -0.23689 -0.30965 -0.25774 -0.01952
-0.01134 -0.22044 -0.41307 -0.08880 -0.37077 -0.26761 -0.15647 0.32395 -0.05122 0.07666 0.15351 -0.24151 -0.29787 -0.30037 -0.04753
-0.01882 -0.21036 -0.42157 -0.08578 -0.36849 -0.27737 -0.16587 0.39226 -0.00679 0.07481 0.14795 -0.23458 -0.28269 -0.38827 -0.08775
-0.02889 -0.17081 -0.40228 -0.09527 -0.36596 -0.21388 -0.15586 0.36252 0.02633 0.08377 0.15323 -0.26225 -0.25092 -0.39294 -0.10493
-0.03452 -0.16358 -0.40598 -0.09538 -0.36744 -0.21336 -0.16332 0.35671 0.04099 0.08237 0.15387 -0.26312 -0.23853 -0.40231 -0.11608
-0.03741 -0.18141 -0.44088 -0.08081 -0.36683 -0.29232 -0.18995 0.37916 0.05307 0.06564 0.14155 -0.22057 -0.24669 -0.42754 -0.13111
-0.03396 -0.16892 -0.40495 -0.10266 -0.37241 -0.20236 -0.18651 0.33352 0.05885 0.08554 0.15866 -0.27223 -0.21794 -0.38521 -0.13404
0.00317 -0.25930 -0.39108 -0.09519 -0.38002 -0.25318 -0.24512 0.28501 0.00038 0.07114 0.15340 -0.24777 -0.23165 -0.25956 -0.11610
0.04531 -0.31612 -0.34574 -0.09420 -0.37947 -0.25849 -0.30381 0.25365 0.01077 0.06360 0.14723 -0.24434 -0.22303 -0.17649 -0.17285
0.04988 -0.31809 -0.33104 -0.09382 -0.38259 -0.26084 -0.30526 0.22266 0.00547 0.05878 0.14693 -0.24653 -0.23453 -0.14623 -0.18715
0.05550 -0.31987 -0.32346 -0.09278 -0.38395 -0.26301 -0.30656 0.22400 -0.00279 0.05597 0.14651 -0.24427 -0.24217 -0.14675 -0.18562
0.05914 -0.31964 -0.32243 -0.08778 -0.38232 -0.27352 -0.30298 0.22700 -0.01241 0.04835 0.14331 -0.23843 -0.25484 -0.15076 -0.18079
0.06392 -0.31280 -0.32720 -0.09062 -0.38319 -0.26889 -0.26105 0.23530 -0.02907 0.05033 0.14575 -0.24218 -0.30116 -0.16528 -0.15951
0.07572 -0.28290 -0.35869 -0.09360 -0.38197 -0.26396 -0.24947 0.26128 -0.03487 0.05481 0.14590 -0.24276 -0.32089 -0.22019 -0.11929
0.08233 -0.26861 -0.37713 -0.09188 -0.38027 -0.25663 -0.23727 0.24984 -0.08708 0.05548 0.14746 -0.24719 -0.33185 -0.25378 -0.08927
0.07916 -0.25164 -0.39659 -0.08143 -0.36510 -0.29204 -0.21971 0.22524 -0.14048 0.04745 0.13018 -0.21790 -0.34887 -0.28938 -0.06450
0.08501 -0.24069 -0.40536 -0.07763 -0.36036 -0.30345 -0.21625 0.24068 -0.16370 0.04671 0.12408 -0.21069 -0.35766 -0.31873 -0.03847
0.08300 -0.19212 -0.40961 -0.10187 -0.38933 -0.21473 -0.20866 0.20936 -0.16298 0.07540 0.15744 -0.27901 -0.34047 -0.32849 -0.01144
0.12135 -0.15592 -0.41644 -0.07380 -0.37903 -0.30886 -0.23713 0.24838 -0.11537 0.04896 0.13247 -0.22687 -0.36755 -0.35229 0.00824
0.17183 -0.08732 -0.32967 -0.07535 -0.39038 -0.31804 -0.27462 0.24797 -0.11196 0.05472 0.13563 -0.23519 -0.37213 -0.34354 0.02738
0.18180 -0.07439 -0.32681 -0.07344 -0.38825 -0.32007 -0.28526 0.20453 -0.11160 0.05619 0.13128 -0.23236 -0.36420 -0.30649 0.03318
0.20160 -0.06061 -0.31093 -0.07763 -0.38696 -0.30870 -0.31588 0.15701 -0.10744 0.06351 0.13246 -0.23364 -0.34776 -0.24872 0.03312
0.20351 -0.13486 -0.28073 -0.10856 -0.41823 -0.24343 -0.30289 0.02681 -0.20421 0.09715 0.16504 -0.29125 -0.35819 -0.11826 0.02219
0.18370 -0.20907 -0.38099 -0.10145 -0.39491 -0.23109 -0.34213 0.03342 -0.15495 0.09112 0.15724 -0.27169 -0.28305 -0.10040 0.01771
0.18394 -0.21013 -0.38014 -0.10226 -0.39538 -0.22961 -0.33739 0.04444 -0.16478 0.09353 0.15946 -0.27214 -0.28657 -0.10893 0.02743
0.18596 -0.21380 -0.38685 -0.09569 -0.38691 -0.26228 -0.29203 0.06362 -0.17623 0.08869 0.14701 -0.24726 -0.33939 -0.12918 0.03736
0.18313 -0.21292 -0.38530 -0.09918 -0.39096 -0.24908 -0.28951 0.07101 -0.17483 0.09311 0.15157 -0.25731 -0.33556 -0.13736 0.03704
0.17155 -0.20801 -0.39093 -0.09820 -0.38926 -0.24836 -0.33584 0.06952 -0.16591 0.09518 0.15461 -0.25690 -0.27876 -0.13820 0.02712
0.17181 -0.20837 -0.39017 -0.09844 -0.38950 -0.24712 -0.33754 0.07088 -0.16570 0.09721 0.15533 -0.25873 -0.27478 -0.13875 0.02639
0.17332 -0.20879 -0.39036 -0.09657 -0.38890 -0.25066 -0.34003 0.07001 -0.16599 0.09726 0.15293 -0.25686 -0.27171 -0.13804 0.02813
0.17294 -0.21000 -0.39170 -0.09640 -0.38684 -0.25633 -0.34160 0.06711 -0.16791 0.09784 0.14897 -0.25509 -0.27012 -0.13596 0.02818
0.17211 -0.21019 -0.39174 -0.09587 -0.38685 -0.25678 -0.34172 0.06492 -0.17224 0.09968 0.14755 -0.25292 -0.26664 -0.13465 0.03486
0.16955 -0.21315 -0.39168 -0.09583 -0.38693 -0.25733 -0.33586 0.06508 -0.18477 0.10144 0.14653 -0.25371 -0.26671 -0.14053 0.03936
0.16086 -0.20975 -0.39732 -0.09538 -0.38708 -0.25741 -0.33063 0.06759 -0.18552 0.10126 0.14526 -0.25552 -0.26216 -0.15012 0.04102
0.15833 -0.20800 -0.39917 -0.09516 -0.38683 -0.25771 -0.31858 0.08484 -0.19861 0.10134 0.14549 -0.25658 -0.27108 -0.17067 0.05267
0.15006 -0.20482 -0.40147 -0.09638 -0.38627 -0.25397 -0.27494 0.11449 -0.21782 0.10247 0.14571 -0.26147 -0.30510 -0.22051 0.05300
0.14360 -0.19112 -0.42073 -0.08864 -0.37349 -0.29118 -0.27380 0.12810 -0.21858 0.09441 0.12639 -0.23607 -0.30767 -0.25879 0.05709
0.13363 -0.17270 -0.42822 -0.09252 -0.37601 -0.28073 -0.26675 0.14009 -0.21213 0.09895 0.12945 -0.24481 -0.30089 -0.29047 0.05837
0.10930 -0.12899 -0.44769 -0.10639 -0.36695 -0.25244 -0.29829 0.13726 -0.19715 0.11445 0.12092 -0.27240 -0.24141 -0.33015 0.06357
0.09711 -0.10474 -0.45621 -0.10608 -0.36954 -0.25213 -0.26641 0.17385 -0.18303 0.11818 0.12112 -0.27321 -0.25669 -0.38988 0.05737
0.08683 -0.09162 -0.46070 -0.10659 -0.36807 -0.24848 -0.26655 0.18659 -0.17679 0.12019 0.11719 -0.27825 -0.24490 -0.41672 0.05393
0.04737 0.01003 -0.46564 -0.10330 -0.37551 -0.24870 -0.27684 0.19137 -0.12325 0.12175 0.12782 -0.27034 -0.19553 -0.43204 0.03957
0.03394 0.04489 -0.46764 -0.08751 -0.36834 -0.27594 -0.28482 0.18148 -0.11005 0.11003 0.12268 -0.24661 -0.17595 -0.42621 0.03450
0.00799 0.05939 -0.51757 -0.10740 -0.37652 -0.24922 -0.23641 0.15212 -0.10914 0.13647 0.10524 -0.32869 -0.24133 -0.43216 0.02556
-0.01651 0.05869 -0.51584 -0.08825 -0.39654 -0.28720 -0.18550 0.10069 -0.09612 0.13988 0.12901 -0.31611 -0.26311 -0.38041 0.00898
-0.02882 -0.03766 -0.45512 -0.07394 -0.36096 -0.26620 -0.36246 0.05713 -0.13347 0.12494 0.12089 -0.26928 -0.00906 -0.30942 -0.00173
-0.02958 -0.11397 -0.43794 -0.07138 -0.35683 -0.26512 -0.35298 -0.01206 -0.17950 0.12445 0.10700 -0.26563 -0.00001 -0.27017 -0.01299
-0.03542 -0.12639 -0.44214 -0.08823 -0.37370 -0.25035 -0.36472 -0.05079 -0.16681 0.11360 0.05141 -0.30434 0.01249 -0.22735 -0.03109
-0.03507 -0.13219 -0.44339 -0.09506 -0.37886 -0.24494 -0.36947 -0.08233 -0.15234 0.10820 0.02612 -0.31659 0.01473 -0.19716 -0.04484
-0.03469 -0.12567 -0.42767 -0.08966 -0.36450 -0.23772 -0.35986 -0.08848 -0.10860 0.09688 0.04502 -0.33402 0.01794 -0.14686 -0.09098
-0.03735 -0.13548 -0.42498 -0.08818 -0.36520 -0.23812 -0.36008 -0.08857 -0.10479 0.10198 0.05845 -0.32632 0.02397 -0.13473 -0.09815
-0.03960 -0.13870 -0.42448 -0.08702 -0.36613 -0.23839 -0.36207 -0.08566 -0.10284 0.10046 0.06034 -0.32401 0.02627 -0.13625 -0.10106
-0.02063 -0.15370 -0.41923 -0.07688 -0.36243 -0.24523 -0.36727 -0.06036 -0.10612 0.10227 0.08206 -0.30990 0.01318 -0.13650 -0.09269
-0.03571 -0.15156 -0.42036 -0.07837 -0.36494 -0.24326 -0.37079 -0.06033 -0.09528 0.09885 0.07782 -0.31107 0.02769 -0.14302 -0.10176
-0.03803 -0.15100 -0.42086 -0.07858 -0.36568 -0.24289 -0.36945 -0.05751 -0.09842 0.09759 0.07692 -0.31118 0.02766 -0.14691 -0.09727
-0.03892 -0.15020 -0.42161 -0.08125 -0.36789 -0.23940 -0.36811 -0.05427 -0.09893 0.10184 0.08184 -0.31212 0.02955 -0.14611 -0.09261
-0.03926 -0.14985 -0.42187 -0.08113 -0.36795 -0.23961 -0.36949 -0.05108 -0.09824 0.10054 0.07832 -0.31236 0.03018 -0.15254 -0.09278
-0.03903 -0.14968 -0.42213 -0.08121 -0.36799 -0.23986 -0.36933 -0.04530 -0.09782 0.10062 0.08007 -0.31272 0.03001 -0.15613 -0.09278
-0.03876 -0.14960 -0.42241 -0.08143 -0.36816 -0.23993 -0.36963 -0.04242 -0.09739 0.10212 0.07994 -0.31213 0.03166 -0.15849 -0.09137
-0.03810 -0.14988 -0.42268 -0.08367 -0.37012 -0.23644 -0.37061 -0.03829 -0.09783 0.10607 0.08021 -0.31460 0.03411 -0.16219 -0.08786
-0.03732 -0.15131 -0.42239 -0.08777 -0.37460 -0.22750 -0.36976 -0.03430 -0.10127 0.11379 0.08678 -0.31822 0.03610 -0.16162 -0.07853
-0.03539 -0.15298 -0.42214 -0.09041 -0.37814 -0.22042 -0.37192 -0.02844 -0.10218 0.11462 0.08438 -0.32291 0.03439 -0.17053 -0.07387
-0.03163 -0.15529 -0.42167 -0.09302 -0.37938 -0.21713 -0.37089 -0.02193 -0.10722 0.11689 0.07918 -0.32611 0.02930 -0.18086 -0.06817
-0.02874 -0.15798 -0.42103 -0.09383 -0.37989 -0.21611 -0.37020 -0.01451 -0.11317 0.12122 0.07243 -0.32714 0.02911 -0.19128 -0.05990
-0.02917 -0.15759 -0.41861 -0.09753 -0.38144 -0.20609 -0.36276 -0.01074 -0.11916 0.13057 0.06576 -0.33632 0.02987 -0.20148 -0.05309
-0.02276 -0.16781 -0.41957 -0.10050 -0.38385 -0.19203 -0.36279 0.00227 -0.13247 0.12735 -0.20589 -0.31803 0.01275 -0.47715 -0.00452
-0.00419 -0.18324 -0.41987 -0.08340 -0.35456 -0.17138 -0.36672 0.01959 -0.15505 0.14113 0.01039 -0.34967 0.00995 -0.25326 0.00126
0.00917 -0.20040 -0.41255 -0.08643 -0.35658 -0.16330 -0.36176 0.03158 -0.17934 0.15242 0.00003 -0.35839 0.00006 -0.26003 0.01573
0.01372 -0.19811 -0.37925 -0.11886 -0.34122 -0.14169 -0.35011 0.02414 -0.19051 0.21074 -0.00061 -0.31997 0.03572 -0.24435 0.04804
0.04150 -0.24261 -0.37645 -0.12992 -0.36955 -0.14813 -0.32626 0.04752 -0.25263 0.22686 -0.01553 -0.34691 -0.03026 -0.26669 0.07008
0.06133 -0.26857 -0.35758 -0.13002 -0.37521 -0.14810 -0.29410 0.06081 -0.29259 0.23125 -0.05276 -0.33950 -0.08105 -0.28045 0.10716
0.07131 -0.28609 -0.34899 -0.10457 -0.36521 -0.12678 -0.23338 0.02200 -0.35653 0.20274 -0.08086 -0.39103 -0.15933 -0.25158 0.11798
0.08552 -0.34392 -0.28640 -0.09790 -0.34405 -0.10589 -0.11118 -0.01522 -0.45535 0.20255 -0.11409 -0.38321 -0.29830 -0.19266 0.16185
0.09217 -0.35274 -0.27195 -0.09716 -0.34247 -0.10494 -0.09299 -0.05757 -0.51247 0.20112 -0.12325 -0.37111 -0.32814 -0.13460 0.22516
0.09613 -0.36041 -0.26427 -0.09710 -0.34154 -0.10372 -0.03588 -0.09407 -0.51825 0.19608 -0.15419 -0.37052 -0.39479 -0.11466 0.22942
0.08482 -0.33225 -0.22169 -0.09308 -0.32648 -0.09948 0.01526 -0.11658 -0.50665 0.20285 -0.14333 -0.34553 -0.41619 -0.06426 0.22268
0.08595 -0.33003 -0.21048 -0.11567 -0.32400 -0.10722 0.08454 -0.16665 -0.46580 0.22850 -0.13894 -0.31636 -0.46914 -0.00977 0.19340
0.09308 -0.34736 -0.21679 -0.12677 -0.33813 -0.11196 0.10575 -0.19038 -0.46706 0.24522 -0.14549 -0.33215 -0.50832 0.01055 0.17913
0.09564 -0.34711 -0.21062 -0.12770 -0.33636 -0.11411 0.11485 -0.20154 -0.44240 0.24661 -0.14506 -0.33048 -0.51562 0.02528 0.14954
0.10158 -0.35609 -0.20088 -0.12957 -0.33729 -0.11626 0.12242 -0.20498 -0.43430 0.24864 -0.14683 -0.32952 -0.52802 0.03646 0.13213
0.10795 -0.37071 -0.20296 -0.13501 -0.34940 -0.12041 0.13814 -0.22104 -0.43910 0.25687 -0.15910 -0.34489 -0.56227 0.04468 0.11949
0.10796 -0.36612 -0.20048 -0.13312 -0.34344 -0.11861 0.14655 -0.23280 -0.42156 0.25588 -0.15137 -0.33630 -0.56216 0.06673 0.11129
0.10816 -0.36348 -0.19966 -0.13094 -0.34052 -0.11940 0.15951 -0.25126 -0.40300 0.25191 -0.15023 -0.33130 -0.57212 0.08739 0.09725
0.10628 -0.35703 -0.19504 -0.12696 -0.33385 -0.11822 0.16453 -0.25565 -0.38938 0.24488 -0.15032 -0.32607 -0.56939 0.09294 0.08689
0.10563 -0.35453 -0.19266 -0.10220 -0.32180 -0.10863 0.16908 -0.25498 -0.38352 0.21842 -0.15714 -0.33368 -0.57053 0.09659 0.08243
0.10751 -0.36128 -0.19530 -0.10919 -0.33104 -0.11540 0.18114 -0.26371 -0.39367 0.22445 -0.15884 -0.33474 -0.59272 0.10088 0.08692
0.10557 -0.35390 -0.18982 -0.10995 -0.32695 -0.11555 0.18124 -0.26093 -0.38965 0.22691 -0.15241 -0.32718 -0.58079 0.10342 0.08717
0.10854 -0.36402 -0.19550 -0.11424 -0.33590 -0.11953 0.18285 -0.26917 -0.40336 0.23287 -0.15537 -0.33379 -0.59330 0.10933 0.09503
0.10711 -0.36157 -0.19573 -0.11544 -0.33641 -0.12059 0.18110 -0.26693 -0.39844 0.23478 -0.15427 -0.33268 -0.58690 0.10858 0.09258
0.10401 -0.35251 -0.19137 -0.12086 -0.33712 -0.12097 0.18109 -0.26559 -0.39751 0.23860 -0.15334 -0.33225 -0.58729 0.10821 0.09441
0.10293 -0.34996 -0.19066 -0.12217 -0.33763 -0.12229 0.18266 -0.26529 -0.39721 0.23975 -0.15176 -0.33071 -0.58817 0.10900 0.09507
0.10216 -0.34769 -0.18953 -0.12266 -0.33739 -0.12215 0.18353 -0.26603 -0.39623 0.23812 -0.15232 -0.32788 -0.59073 0.10956 0.09730
0.09925 -0.33869 -0.18337 -0.12350 -0.33847 -0.12243 0.18528 -0.26529 -0.39655 0.24142 -0.15121 -0.32999 -0.59153 0.10994 0.09553
0.10184 -0.34813 -0.18830 -0.12699 -0.34698 -0.12531 0.18855 -0.27217 -0.40791 0.24661 -0.15917 -0.33926 -0.60606 0.10941 0.09820
0.09992 -0.33944 -0.18181 -0.12521 -0.34273 -0.12440 0.18560 -0.26767 -0.40196 0.24221 -0.15469 -0.33457 -0.59843 0.10908 0.09605
0.10034 -0.34076 -0.18323 -0.12584 -0.34350 -0.12426 0.18642 -0.26859 -0.40247 0.24232 -0.15576 -0.33558 -0.60047 0.10909 0.09622
0.10005 -0.34045 -0.18377 -0.12554 -0.34196 -0.12374 0.18523 -0.26657 -0.40014 0.24131 -0.15521 -0.33322 -0.59768 0.10814 0.09688
0.10007 -0.34048 -0.18376 -0.12548 -0.34163 -0.12395 0.18491 -0.26643 -0.39945 0.24248 -0.15401 -0.33369 -0.59512 0.10923 0.09541
0.10005 -0.34114 -0.18440 -0.12539 -0.34075 -0.12378 0.18495 -0.26491 -0.39734 0.24106 -0.15340 -0.33047 -0.59502 0.10948 0.09710
0.09911 -0.33860 -0.18339 -0.12444 -0.33785 -0.12288 0.18277 -0.26200 -0.39389 0.23606 -0.15325 -0.32821 -0.59169 0.10694 0.09584
0.09931 -0.33964 -0.18405 -0.12456 -0.33961 -0.12440 0.18374 -0.26249 -0.39294 0.23851 -0.15315 -0.32963 -0.59101 0.10721 0.09279
0.09752 -0.33360 -0.18080 -0.12247 -0.33356 -0.12199 0.18055 -0.25743 -0.38566 0.23110 -0.15114 -0.32201 -0.58324 0.10414 0.09258
0.09985 -0.34165 -0.18551 -0.12538 -0.34096 -0.12465 0.18396 -0.26348 -0.39474 0.24048 -0.15213 -0.33002 -0.59183 0.10922 0.09459
]
