classifier_Car_weaves_and_bumps_into_car_21273 [ 0.16488 -0.31743 -0.02141 -0.07309 -0.30871 0.01215 0.19945 -0.33978 -0.23149 0.12132 -0.26242 -0.35064 -0.79165 0.08432 -0.06467
0.16510 -0.31775 -0.02138 -0.07288 -0.30899 0.01139 0.19363 -0.33665 -0.23296 0.12129 -0.26055 -0.35074 -0.78597 0.08251 -0.06344
0.16458 -0.31830 -0.02119 -0.07269 -0.30911 0.01083 0.19445 -0.32939 -0.24043 0.12203 -0.26146 -0.35207 -0.78529 0.07425 -0.05780
0.16146 -0.31996 -0.01219 -0.07275 -0.30937 0.01066 0.19408 -0.32092 -0.25174 0.12249 -0.26187 -0.35289 -0.78126 0.06611 -0.05635
0.16116 -0.33137 -0.00043 -0.07478 -0.31851 0.01106 0.12443 -0.26416 -0.26905 0.12527 -0.27073 -0.36879 -0.72453 0.00215 -0.06558
0.14346 -0.33188 0.05976 -0.07640 -0.32031 0.01284 0.00682 -0.21777 -0.33317 0.11058 -0.27001 -0.37192 -0.60770 -0.04636 -0.06416
0.14149 -0.33210 0.05998 -0.07695 -0.32021 0.01334 -0.03361 -0.20414 -0.32668 0.10327 -0.27823 -0.37451 -0.57186 -0.06891 -0.07350
0.13720 -0.32986 0.06013 -0.07699 -0.31717 0.01426 -0.07283 -0.20257 -0.30809 0.08980 -0.26667 -0.35928 -0.53661 -0.05918 -0.07699
0.13029 -0.33172 0.06269 -0.07828 -0.31733 0.01601 -0.10621 -0.21260 -0.30372 0.09141 -0.26634 -0.36096 -0.49812 -0.04637 -0.08370
0.12440 -0.33253 0.06301 -0.07854 -0.31698 0.01658 -0.14753 -0.23450 -0.34716 0.09290 -0.26322 -0.35796 -0.44955 -0.01964 -0.03725
0.12062 -0.33000 0.06339 -0.07858 -0.31459 0.01722 -0.15868 -0.23481 -0.34963 0.09350 -0.26800 -0.34598 -0.42769 -0.02561 -0.02429
0.11509 -0.33306 0.06146 -0.07869 -0.31524 0.01720 -0.16059 -0.23445 -0.35059 0.08621 -0.27039 -0.35093 -0.43039 -0.02517 -0.02801
0.11113 -0.33063 0.06043 -0.07773 -0.31226 0.01681 -0.17112 -0.24363 -0.36463 0.08687 -0.26358 -0.34582 -0.40815 -0.00946 -0.00821
0.10932 -0.33165 0.05573 -0.07726 -0.31259 0.01563 -0.16834 -0.23991 -0.36582 0.08897 -0.25855 -0.34576 -0.40770 -0.00633 -0.00674
0.10954 -0.33318 0.05285 -0.07813 -0.31401 0.01477 -0.16641 -0.23552 -0.36259 0.09235 -0.25818 -0.34884 -0.41025 -0.00955 -0.01250
0.10967 -0.33446 0.05020 -0.07849 -0.31444 0.01386 -0.16298 -0.22877 -0.35745 0.09414 -0.25857 -0.35261 -0.41503 -0.01524 -0.02186
0.11163 -0.33753 0.04836 -0.08042 -0.31622 0.01261 -0.15062 -0.21454 -0.32381 0.09761 -0.26198 -0.35621 -0.43321 -0.03173 -0.05943
0.11502 -0.33454 0.04719 -0.08363 -0.31326 0.01106 -0.14970 -0.21254 -0.32286 0.10509 -0.27147 -0.36798 -0.43183 -0.04453 -0.07173
0.13406 -0.31641 0.03457 -0.10535 -0.28567 -0.00863 -0.15298 -0.19906 -0.31277 0.09035 -0.13808 -0.35627 -0.48923 0.08548 -0.07497
0.16493 -0.27661 -0.02442 -0.18557 -0.26415 -0.09560 -0.20488 -0.31138 -0.26413 0.15603 -0.08170 -0.31085 -0.48541 0.23756 -0.10635
0.17610 -0.28827 -0.03643 -0.20496 -0.25318 -0.15580 -0.16690 -0.15918 -0.31830 0.16233 -0.02580 -0.32227 -0.57582 0.16368 -0.10955
0.19663 -0.24136 -0.11086 -0.20110 -0.25291 -0.18904 -0.18550 -0.14296 -0.31005 0.13254 0.17348 -0.35914 -0.61251 0.30319 -0.11082
0.26526 -0.20112 -0.14426 -0.19387 -0.17560 -0.23801 -0.25543 -0.13364 -0.29072 0.10857 0.19489 -0.29043 -0.61237 0.35034 -0.07694
0.26583 -0.18775 -0.15061 -0.19633 -0.12605 -0.26398 -0.25813 -0.09920 -0.30528 0.10521 0.23613 -0.25914 -0.61592 0.39292 -0.05089
0.22221 -0.14769 -0.23982 -0.23033 -0.08406 -0.26996 -0.23259 0.04011 -0.28095 0.14454 0.33523 -0.23625 -0.57080 0.34191 0.03719
0.23627 -0.13668 -0.25639 -0.24207 -0.08614 -0.27141 -0.21461 0.10578 -0.27815 0.16134 0.33474 -0.25129 -0.60556 0.25877 0.03803
0.21443 0.00282 -0.28034 -0.22395 -0.08528 -0.25907 -0.18797 0.20109 -0.22150 0.21382 0.23188 -0.24467 -0.53210 -0.08659 0.02484
0.21448 0.02459 -0.29497 -0.22708 -0.11791 -0.25589 -0.19903 0.27354 -0.20813 0.17893 0.09186 -0.26770 -0.56679 -0.34397 0.01034
0.20653 0.04958 -0.30364 -0.22791 -0.13698 -0.26508 -0.19157 0.29819 -0.18162 0.20666 0.01751 -0.26459 -0.54113 -0.47233 -0.00150
0.20184 0.05913 -0.30240 -0.20896 -0.16628 -0.27518 -0.18397 0.30444 -0.16288 0.20793 -0.01474 -0.23301 -0.52351 -0.54481 0.00111
0.20112 0.05981 -0.30180 -0.20471 -0.18014 -0.26801 -0.18584 0.30287 -0.15639 0.21227 -0.02467 -0.22374 -0.51376 -0.56604 0.01116
0.20614 0.03954 -0.29462 -0.20583 -0.18330 -0.26417 -0.19183 0.22793 -0.17365 0.21392 0.03865 -0.23125 -0.51717 -0.40405 0.01843
0.22838 -0.04292 -0.25234 -0.20791 -0.18315 -0.26955 -0.21963 0.22517 -0.23363 0.20492 0.11289 -0.23719 -0.52996 -0.24113 0.02721
0.23651 -0.04606 -0.24499 -0.20587 -0.11799 -0.27009 -0.22269 0.13682 -0.24676 0.18539 0.17819 -0.22973 -0.54339 -0.04531 0.03170
0.24595 -0.08127 -0.23952 -0.21620 -0.08462 -0.27057 -0.23288 0.07003 -0.25648 0.18108 0.24082 -0.22899 -0.55475 0.14653 0.03168
0.24668 -0.09418 -0.23631 -0.25640 -0.06579 -0.27056 -0.23474 -0.06155 -0.21720 0.19724 0.36720 -0.21135 -0.58270 0.43366 0.00362
0.22487 -0.10458 -0.22382 -0.24719 -0.05119 -0.26162 -0.22635 -0.06785 -0.19481 0.17904 0.36197 -0.18719 -0.56320 0.44835 -0.00293
0.22572 -0.10535 -0.22409 -0.24881 -0.04313 -0.26584 -0.22734 -0.04075 -0.19717 0.17680 0.36323 -0.18234 -0.56658 0.43068 -0.00059
0.24425 -0.10501 -0.23467 -0.26024 -0.04539 -0.27639 -0.24910 0.01198 -0.22261 0.18994 0.36999 -0.19606 -0.58077 0.37885 0.01152
0.23874 -0.00603 -0.25470 -0.22693 -0.06082 -0.26969 -0.23759 0.16860 -0.23762 0.23307 0.22405 -0.24181 -0.50535 -0.03702 0.00799
0.23075 0.01030 -0.26627 -0.22122 -0.09102 -0.25057 -0.23133 0.23408 -0.22790 0.19920 0.14769 -0.23420 -0.53109 -0.23674 0.03640
0.22571 0.04449 -0.30153 -0.22830 -0.11655 -0.26700 -0.21726 0.27093 -0.20957 0.22392 0.08207 -0.23818 -0.54820 -0.38609 0.03894
0.21403 0.04697 -0.29020 -0.21170 -0.14810 -0.25634 -0.19903 0.28557 -0.19206 0.22469 0.05988 -0.22648 -0.51560 -0.44300 0.03925
0.21409 0.04388 -0.29269 -0.21474 -0.17862 -0.27732 -0.20509 0.27806 -0.19156 0.22043 0.08221 -0.21842 -0.52948 -0.41637 0.04783
0.23966 -0.04479 -0.24328 -0.23256 -0.12909 -0.25022 -0.23101 0.22647 -0.23317 0.19426 0.19509 -0.24025 -0.57116 -0.13558 0.03473
0.29153 -0.11339 -0.16343 -0.23062 -0.08436 -0.23247 -0.28057 0.20955 -0.27629 0.17219 0.21909 -0.22357 -0.55511 0.03200 0.02738
0.23949 -0.12387 -0.18780 -0.27482 -0.06566 -0.24416 -0.23193 0.04168 -0.23282 0.18746 0.34917 -0.20567 -0.59183 0.35803 0.01160
0.24989 -0.14626 -0.12995 -0.25617 -0.04337 -0.23726 -0.28952 -0.01642 -0.27724 0.17254 0.35748 -0.17502 -0.54009 0.47433 0.01912
0.23774 -0.16668 -0.14146 -0.26174 -0.02259 -0.25814 -0.24662 -0.06757 -0.23298 0.16755 0.38679 -0.15914 -0.61131 0.59589 -0.03037
0.21542 -0.19278 -0.10298 -0.25981 -0.01172 -0.26308 -0.22980 -0.09323 -0.24245 0.15952 0.39093 -0.14882 -0.61836 0.66660 -0.06003
0.21881 -0.20239 -0.07919 -0.26321 -0.00405 -0.27081 -0.22642 -0.12749 -0.23637 0.16332 0.39178 -0.14472 -0.62913 0.72035 -0.09341
0.21593 -0.21015 -0.06149 -0.26487 -0.00113 -0.27262 -0.21806 -0.14910 -0.22521 0.17436 0.38521 -0.14472 -0.62450 0.74686 -0.12438
0.27549 -0.20343 -0.04319 -0.24810 0.02760 -0.26426 -0.28670 -0.17726 -0.22094 0.16820 0.31876 -0.15418 -0.59628 0.73136 -0.14846
0.20837 -0.24082 -0.00930 -0.26054 0.02825 -0.27512 -0.21943 -0.17583 -0.24608 0.16467 0.26527 -0.17627 -0.63880 0.71591 -0.19033
0.20923 -0.23611 -0.00528 -0.25905 0.02352 -0.27053 -0.22735 -0.19147 -0.23820 0.16468 0.21187 -0.18823 -0.62594 0.66968 -0.20991
0.21386 -0.23790 -0.00227 -0.26605 -0.00015 -0.25761 -0.22325 -0.19692 -0.22820 0.16883 0.17950 -0.21607 -0.64404 0.62139 -0.23850
0.21591 -0.23824 0.00269 -0.27155 -0.02034 -0.24622 -0.22327 -0.20156 -0.22260 0.18030 0.16393 -0.22941 -0.63975 0.58725 -0.25190
0.21088 -0.23612 -0.00119 -0.26928 -0.02402 -0.24887 -0.22229 -0.20368 -0.22083 0.17940 0.13966 -0.22691 -0.63914 0.55819 -0.25785
0.20997 -0.23516 0.00146 -0.26740 -0.03154 -0.24918 -0.22195 -0.20283 -0.22425 0.17949 0.13066 -0.22618 -0.63804 0.53776 -0.26008
0.20859 -0.23466 0.00129 -0.27026 -0.04360 -0.24315 -0.22041 -0.20147 -0.22775 0.18143 0.13694 -0.23058 -0.64018 0.52786 -0.25680
0.20759 -0.23414 0.00119 -0.26879 -0.04481 -0.24484 -0.21913 -0.19956 -0.23223 0.17986 0.13808 -0.22606 -0.64130 0.52433 -0.25078
0.20724 -0.23404 0.00029 -0.27142 -0.05129 -0.23901 -0.21625 -0.19132 -0.24314 0.18171 0.14993 -0.23028 -0.64537 0.52046 -0.23780
0.20716 -0.23331 -0.00093 -0.27259 -0.05335 -0.23675 -0.21472 -0.18844 -0.24787 0.18212 0.15553 -0.23232 -0.64831 0.51994 -0.23220
0.20896 -0.23131 -0.00319 -0.27335 -0.05461 -0.23475 -0.21535 -0.18635 -0.25450 0.18116 0.16000 -0.23265 -0.65182 0.51869 -0.22192
0.21082 -0.22631 -0.00890 -0.27464 -0.05584 -0.23309 -0.21465 -0.18134 -0.26434 0.18125 0.16166 -0.23565 -0.65655 0.50897 -0.20755
0.21301 -0.21955 -0.01737 -0.27556 -0.05652 -0.23239 -0.20835 -0.16649 -0.27999 0.17920 0.16314 -0.23509 -0.66903 0.48792 -0.18185
0.21830 -0.20811 -0.03693 -0.27643 -0.05741 -0.23132 -0.19882 -0.14519 -0.29300 0.17834 0.16447 -0.23598 -0.68635 0.45529 -0.14887
0.22539 -0.19533 -0.05552 -0.27622 -0.05866 -0.22879 -0.18905 -0.11425 -0.31354 0.17624 0.16518 -0.23754 -0.70460 0.41091 -0.10834
0.24103 -0.16650 -0.09551 -0.27523 -0.05841 -0.22844 -0.18562 -0.08523 -0.31600 0.17085 0.16351 -0.23540 -0.72736 0.35107 -0.06292
0.25696 -0.13284 -0.11296 -0.27069 -0.05792 -0.22441 -0.18453 -0.04413 -0.33210 0.16542 0.16123 -0.23256 -0.73676 0.27367 -0.02139
0.27432 -0.12300 -0.12338 -0.26995 -0.05829 -0.21849 -0.18532 0.02494 -0.34738 0.16283 0.15979 -0.23437 -0.74815 0.19098 0.01024
0.29233 -0.13098 -0.13676 -0.26644 -0.05753 -0.21388 -0.19563 0.12412 -0.35337 0.15654 0.15653 -0.23181 -0.74921 0.09712 0.03771
0.29433 -0.11858 -0.12729 -0.26561 -0.05744 -0.21046 -0.18933 0.19920 -0.36218 0.15551 0.15568 -0.23190 -0.75427 0.00903 0.04179
0.29150 -0.07653 -0.11886 -0.26463 -0.05747 -0.20493 -0.19989 0.23879 -0.35631 0.15116 0.15409 -0.23228 -0.75060 -0.07720 0.03863
0.28616 -0.03953 -0.15137 -0.26806 -0.05852 -0.20484 -0.20249 0.27783 -0.31079 0.14971 0.15497 -0.23515 -0.75837 -0.15579 0.02967
0.27684 -0.02279 -0.15319 -0.26585 -0.05814 -0.20192 -0.20344 0.31668 -0.28834 0.14756 0.15361 -0.23278 -0.74532 -0.21587 0.01878
0.25845 0.07187 -0.22886 -0.28581 -0.06248 -0.21669 -0.18565 0.27698 -0.22815 0.16428 0.16646 -0.25084 -0.79170 -0.26783 0.00618
0.25826 0.06993 -0.22675 -0.28611 -0.06282 -0.21557 -0.19072 0.29356 -0.21751 0.16395 0.16665 -0.25220 -0.78940 -0.28533 -0.00411
0.25824 0.06852 -0.22519 -0.28645 -0.06307 -0.21526 -0.19589 0.28850 -0.21537 0.16076 0.16637 -0.25239 -0.78903 -0.28091 -0.00579
0.26214 0.06526 -0.22274 -0.28687 -0.06411 -0.21383 -0.20427 0.26345 -0.22300 0.16081 0.16700 -0.25480 -0.78255 -0.25124 -0.00252
0.25757 0.03344 -0.19379 -0.27828 -0.06303 -0.20615 -0.20110 0.21227 -0.24317 0.14791 0.16121 -0.24742 -0.77070 -0.17169 0.00290
0.26725 0.01283 -0.19271 -0.28961 -0.06585 -0.21433 -0.21576 0.15089 -0.27001 0.16059 0.16875 -0.25919 -0.78937 -0.08558 0.00834
0.26076 -0.03742 -0.17715 -0.27565 -0.06300 -0.20409 -0.24599 -0.11765 -0.24255 0.14326 0.16390 -0.24399 -0.72296 0.23149 -0.01306
0.26458 -0.04567 -0.17929 -0.27864 -0.06417 -0.20632 -0.20009 -0.15643 -0.20357 0.14407 0.16734 -0.24610 -0.78127 0.28085 -0.05538
0.26344 -0.04632 -0.17897 -0.27586 -0.06401 -0.20314 -0.20288 -0.10228 -0.21572 0.14174 0.16708 -0.24398 -0.76935 0.22688 -0.03909
0.26944 -0.04371 -0.18959 -0.27791 -0.06452 -0.20475 -0.18332 -0.02547 -0.23134 0.14051 0.16723 -0.24645 -0.79694 0.14552 -0.01772
0.27303 -0.03507 -0.19374 -0.27720 -0.06448 -0.20433 -0.19866 0.05921 -0.26188 0.14030 0.16603 -0.24649 -0.77958 0.05477 0.01543
0.28105 -0.02021 -0.18161 -0.27730 -0.06465 -0.20376 -0.20223 0.13973 -0.28390 0.14087 0.16574 -0.24660 -0.78451 -0.03920 0.02536
0.26713 -0.01148 -0.17538 -0.27647 -0.06460 -0.20271 -0.19721 0.21081 -0.28658 0.14098 0.16418 -0.24673 -0.78952 -0.12244 0.02303
0.29316 -0.01207 -0.14985 -0.27956 -0.06583 -0.20509 -0.21311 0.26459 -0.30619 0.14708 0.16624 -0.25119 -0.80936 -0.17589 0.01247
0.28382 -0.00881 -0.13727 -0.26746 -0.06296 -0.19602 -0.20469 0.27711 -0.29224 0.13599 0.15821 -0.23910 -0.78350 -0.19730 0.00778
0.29599 -0.00656 -0.13628 -0.27605 -0.06577 -0.20189 -0.21421 0.28838 -0.30399 0.14441 0.16411 -0.24986 -0.80774 -0.20946 0.00304
0.29001 -0.00735 -0.11560 -0.26477 -0.06336 -0.19173 -0.21954 0.26003 -0.30670 0.13348 0.15689 -0.24063 -0.77336 -0.18488 0.00395
0.31097 -0.02588 -0.05669 -0.26068 -0.06254 -0.18885 -0.28369 0.17881 -0.38025 0.13047 0.15483 -0.23885 -0.71733 -0.08383 0.02123
0.28009 0.00193 -0.18496 -0.28942 -0.06960 -0.20998 -0.19850 0.05548 -0.26574 0.14474 0.17073 -0.26848 -0.83888 0.02104 -0.01769
0.27889 -0.00141 -0.17174 -0.27666 -0.06681 -0.20147 -0.18708 -0.04339 -0.23550 0.13896 0.16246 -0.25645 -0.80960 0.11570 -0.04233
0.30870 -0.00976 -0.14444 -0.28835 -0.06990 -0.21090 -0.21240 -0.13358 -0.25054 0.14547 0.16820 -0.26656 -0.84339 0.21552 -0.07409
0.29128 -0.02306 -0.13535 -0.27974 -0.09246 -0.16288 -0.20021 -0.18703 -0.21148 0.14270 0.18397 -0.29037 -0.80383 0.27689 -0.09915
0.30330 -0.02937 -0.14064 -0.28508 -0.08409 -0.19557 -0.21048 -0.19100 -0.22084 0.14798 0.18005 -0.27708 -0.83000 0.29071 -0.10385
0.30543 -0.02973 -0.14015 -0.28452 -0.08074 -0.20063 -0.21438 -0.12629 -0.25623 0.14850 0.17823 -0.27228 -0.82685 0.22766 -0.06940
0.28800 -0.02041 -0.12762 -0.26055 -0.07098 -0.18928 -0.27198 -0.04463 -0.31890 0.12995 0.16175 -0.24590 -0.69643 0.13093 0.01746
0.30846 -0.01937 -0.14271 -0.27860 -0.07374 -0.20740 -0.20722 0.04848 -0.31243 0.13825 0.17439 -0.26130 -0.83098 0.04589 -0.00802
0.28785 -0.01579 -0.14198 -0.27165 -0.07028 -0.20473 -0.19719 0.14126 -0.31807 0.13546 0.17317 -0.25223 -0.81712 -0.04861 0.00413
0.27967 0.00198 -0.14068 -0.27166 -0.06986 -0.20471 -0.18847 0.21292 -0.31238 0.13432 0.17488 -0.25304 -0.82713 -0.13781 -0.00299
0.28793 0.00747 -0.12278 -0.26489 -0.06720 -0.20008 -0.19095 0.27441 -0.30239 0.13132 0.17323 -0.24495 -0.81815 -0.20566 -0.01754
0.29242 0.01893 -0.11127 -0.26054 -0.06460 -0.19776 -0.18450 0.31917 -0.28716 0.12818 0.17138 -0.24011 -0.81556 -0.25959 -0.03589
0.29275 0.03778 -0.11811 -0.25924 -0.06280 -0.19742 -0.17675 0.34335 -0.25776 0.12782 0.17169 -0.23917 -0.81791 -0.30021 -0.05639
0.29025 0.04623 -0.11636 -0.25536 -0.06050 -0.19439 -0.16613 0.35335 -0.23307 0.13089 0.17265 -0.23454 -0.80820 -0.31466 -0.07459
0.30665 0.05384 -0.12316 -0.26865 -0.06246 -0.20423 -0.16860 0.38056 -0.22569 0.14043 0.18291 -0.24701 -0.85330 -0.34255 -0.09688
0.29843 0.05481 -0.11725 -0.25965 -0.05866 -0.19736 -0.15974 0.36825 -0.20913 0.12931 0.17670 -0.23647 -0.83476 -0.33241 -0.10185
0.30292 0.05490 -0.10925 -0.25979 -0.05679 -0.19746 -0.16078 0.36297 -0.21006 0.12816 0.17785 -0.23339 -0.83788 -0.32389 -0.10590
0.31896 0.04236 -0.09206 -0.25934 -0.05431 -0.19871 -0.17532 0.33442 -0.23424 0.12653 0.17780 -0.23123 -0.83965 -0.27980 -0.09858
0.32098 0.01096 -0.05336 -0.25577 -0.05180 -0.19766 -0.17161 0.31149 -0.27782 0.12480 0.17433 -0.22597 -0.84300 -0.22842 -0.09130
0.31685 -0.03890 -0.01407 -0.25796 -0.05209 -0.19907 -0.14239 0.25787 -0.33932 0.12580 0.17339 -0.22607 -0.88012 -0.12613 -0.07791
0.32443 -0.04129 -0.00389 -0.25735 -0.05188 -0.19818 -0.13932 0.21383 -0.35563 0.12330 0.16993 -0.22408 -0.88607 -0.07920 -0.06990
0.34635 -0.05111 0.06917 -0.25058 -0.05062 -0.19235 -0.15883 0.17413 -0.42496 0.11988 0.16193 -0.21785 -0.86680 -0.03311 -0.06237
0.28481 -0.08046 -0.02651 -0.27002 -0.05464 -0.20688 -0.08419 0.16461 -0.36357 0.12798 0.17058 -0.23387 -0.93664 0.00824 -0.06522
0.27960 -0.08942 -0.02651 -0.26819 -0.05441 -0.20531 -0.07888 0.13111 -0.36335 0.13173 0.16568 -0.23241 -0.92805 0.04422 -0.06627
0.28444 -0.13237 0.04168 -0.25370 -0.05213 -0.19358 -0.08640 0.14339 -0.40791 0.12625 0.15531 -0.21954 -0.88437 0.06755 -0.06684
0.28511 -0.14030 0.03812 -0.25707 -0.05382 -0.19530 -0.07891 0.13909 -0.40475 0.12107 0.15613 -0.22077 -0.90201 0.08133 -0.06710
0.28500 -0.13952 0.03285 -0.25798 -0.05482 -0.19488 -0.08272 0.13384 -0.40267 0.12048 0.15517 -0.22244 -0.89706 0.08533 -0.06381
0.27880 -0.14809 0.03437 -0.25830 -0.05555 -0.19435 -0.07450 0.14327 -0.40431 0.11951 0.15520 -0.22307 -0.89966 0.08435 -0.06348
0.28106 -0.14753 0.03490 -0.25842 -0.05640 -0.19292 -0.07485 0.14825 -0.40538 0.11775 0.15536 -0.22237 -0.90174 0.07907 -0.05981
0.28186 -0.14443 0.02797 -0.25872 -0.05672 -0.19285 -0.08723 0.15224 -0.40481 0.11735 0.15509 -0.22324 -0.89050 0.07197 -0.05352
0.28490 -0.14177 0.02517 -0.25886 -0.05774 -0.19137 -0.07247 0.15663 -0.39977 0.11672 0.15578 -0.22471 -0.90826 0.06506 -0.05504
0.28525 -0.13943 0.02109 -0.25912 -0.05818 -0.19069 -0.06836 0.16023 -0.39560 0.11685 0.15545 -0.22504 -0.91307 0.05868 -0.05424
0.28431 -0.13650 0.01814 -0.25885 -0.05846 -0.19051 -0.07334 0.15950 -0.39600 0.11611 0.15457 -0.22484 -0.91241 0.05344 -0.05285
0.28699 -0.13199 0.01281 -0.25897 -0.05898 -0.19029 -0.07836 0.15907 -0.39231 0.11560 0.15354 -0.22640 -0.90943 0.04863 -0.05125
0.28841 -0.13051 0.01179 -0.25895 -0.05957 -0.18981 -0.10224 0.15754 -0.39729 0.11525 0.15377 -0.22689 -0.88646 0.04880 -0.04450
0.28898 -0.12472 0.00701 -0.25932 -0.06005 -0.18979 -0.08725 0.15465 -0.38901 0.11467 0.15490 -0.22692 -0.90275 0.04708 -0.04703
0.28666 -0.12331 0.00283 -0.25956 -0.06038 -0.18985 -0.08891 0.15237 -0.38900 0.11424 0.15482 -0.22747 -0.90264 0.04643 -0.04433
0.28511 -0.12382 -0.00054 -0.25958 -0.06056 -0.18990 -0.10374 0.15079 -0.39407 0.11381 0.15466 -0.22703 -0.88816 0.04777 -0.03575
0.28773 -0.12257 0.00077 -0.25956 -0.06089 -0.18958 -0.08912 0.15268 -0.39295 0.11377 0.15584 -0.22624 -0.90309 0.04658 -0.03555
0.28945 -0.12141 -0.00048 -0.25965 -0.06125 -0.18919 -0.09227 0.15136 -0.39468 0.11261 0.15550 -0.22571 -0.90131 0.04681 -0.03042
0.28718 -0.12190 -0.00521 -0.25982 -0.06191 -0.18841 -0.09072 0.15052 -0.39295 0.11226 0.15618 -0.22529 -0.90329 0.04762 -0.02656
0.28442 -0.12340 -0.00971 -0.26007 -0.06222 -0.18812 -0.09154 0.15046 -0.39494 0.11072 0.15502 -0.22555 -0.90391 0.04653 -0.02036
0.28640 -0.12255 -0.01239 -0.26014 -0.06248 -0.18792 -0.11221 0.14933 -0.40407 0.11074 0.15529 -0.22580 -0.88264 0.04796 -0.00681
0.28848 -0.12144 -0.01528 -0.26019 -0.06272 -0.18768 -0.12536 0.14711 -0.41307 0.10969 0.15407 -0.22690 -0.87055 0.04856 0.00579
0.28440 -0.11930 -0.02370 -0.26069 -0.06302 -0.18807 -0.11993 0.14420 -0.41821 0.10924 0.15334 -0.22914 -0.87566 0.04733 0.01676
0.27778 -0.11502 -0.05785 -0.26098 -0.06378 -0.18852 -0.09923 0.13539 -0.43466 0.11021 0.15316 -0.23221 -0.88863 0.05171 0.06567
0.27017 -0.11423 -0.07174 -0.26120 -0.06425 -0.18851 -0.08498 0.13295 -0.43741 0.11098 0.15219 -0.23341 -0.89782 0.05176 0.08222
0.26559 -0.11472 -0.08039 -0.26144 -0.06471 -0.18817 -0.08768 0.13139 -0.44456 0.11174 0.15263 -0.23326 -0.89169 0.05314 0.09961
0.26192 -0.11286 -0.09561 -0.26135 -0.06503 -0.18809 -0.08576 0.12978 -0.44170 0.11203 0.15181 -0.23467 -0.88737 0.05298 0.11301
0.26319 -0.11170 -0.09806 -0.26075 -0.06514 -0.18874 -0.08922 0.12834 -0.44385 0.11456 0.15217 -0.23514 -0.87992 0.05442 0.11828
0.26408 -0.11232 -0.09973 -0.26014 -0.06543 -0.18924 -0.10522 0.12684 -0.42995 0.11424 0.15204 -0.23895 -0.86178 0.05660 0.10357
0.29166 -0.10878 -0.10101 -0.25650 -0.06478 -0.18713 -0.14898 0.12308 -0.40509 0.11266 0.15126 -0.23635 -0.83375 0.05733 0.08601
0.26380 -0.06931 -0.20978 -0.26670 -0.06800 -0.19506 -0.17572 0.08100 -0.27234 0.11703 0.15789 -0.25006 -0.80380 0.06388 0.04180
0.26626 -0.06562 -0.21266 -0.26791 -0.06853 -0.19673 -0.19206 0.07830 -0.24120 0.11672 0.15815 -0.25099 -0.79129 0.06397 0.01211
0.26588 -0.05714 -0.21061 -0.26917 -0.06911 -0.19937 -0.27224 0.07802 -0.19758 0.11698 0.15905 -0.25365 -0.71232 0.05901 -0.03666
0.26326 -0.05023 -0.20465 -0.26685 -0.06867 -0.19885 -0.29508 0.08052 -0.18005 0.11620 0.15708 -0.25030 -0.67849 0.05128 -0.05435
0.26363 -0.04575 -0.20191 -0.26774 -0.06886 -0.20034 -0.30705 0.08422 -0.17860 0.11586 0.15739 -0.24994 -0.66948 0.04523 -0.05873
0.24662 -0.03039 -0.22129 -0.27886 -0.07183 -0.20891 -0.30834 0.08105 -0.17739 0.12214 0.16426 -0.25735 -0.67858 0.04160 -0.05486
0.22734 -0.01894 -0.21723 -0.26469 -0.06838 -0.19851 -0.28871 0.08178 -0.17742 0.11629 0.15466 -0.24313 -0.63953 0.02930 -0.03296
0.23094 -0.01401 -0.21834 -0.26455 -0.06844 -0.19866 -0.30019 0.08873 -0.19640 0.11707 0.15485 -0.24050 -0.62955 0.02261 -0.00911
0.23417 -0.00739 -0.22865 -0.26619 -0.06891 -0.20024 -0.30110 0.09474 -0.21642 0.11811 0.15642 -0.23834 -0.63523 0.01712 0.02328
0.22481 -0.00434 -0.23947 -0.25968 -0.06743 -0.19536 -0.28044 0.09644 -0.22371 0.11526 0.15353 -0.23118 -0.62907 0.01341 0.05421
0.22236 -0.00248 -0.25819 -0.26322 -0.06853 -0.19827 -0.27353 0.09893 -0.23987 0.11978 0.15634 -0.23336 -0.63974 0.01276 0.08507
0.21507 0.00002 -0.27816 -0.26283 -0.06853 -0.19860 -0.26597 0.09829 -0.24563 0.11927 0.15723 -0.23234 -0.63967 0.01252 0.11270
0.20961 0.00055 -0.28932 -0.26191 -0.06833 -0.19788 -0.25891 0.09674 -0.25039 0.11890 0.15566 -0.23253 -0.63777 0.01267 0.13010
0.20448 0.00096 -0.29955 -0.26163 -0.06857 -0.19772 -0.25907 0.08771 -0.24485 0.11796 0.15566 -0.23450 -0.63026 0.02363 0.13549
0.20519 0.00239 -0.30118 -0.26150 -0.06863 -0.19750 -0.26354 0.08205 -0.22881 0.11722 0.15539 -0.23508 -0.62391 0.03012 0.12281
0.20847 0.00807 -0.29716 -0.26123 -0.06878 -0.19759 -0.26502 0.07372 -0.21095 0.11608 0.15513 -0.23607 -0.62229 0.03942 0.10448
0.20355 0.00176 -0.28057 -0.25342 -0.06719 -0.19146 -0.29376 0.06918 -0.18816 0.11351 0.14992 -0.23016 -0.56630 0.04601 0.07756
0.21293 -0.00331 -0.28499 -0.26283 -0.07107 -0.19729 -0.30473 0.07249 -0.17864 0.11657 0.15576 -0.24207 -0.59016 0.05029 0.05603
0.21696 -0.01131 -0.27533 -0.26402 -0.07194 -0.19788 -0.31458 0.07502 -0.16960 0.11644 0.15563 -0.24531 -0.58737 0.05221 0.03438
0.21371 -0.01506 -0.26451 -0.25805 -0.07124 -0.19288 -0.32202 0.07348 -0.15231 0.11403 0.15284 -0.24036 -0.56006 0.05184 0.01647
0.22157 -0.01757 -0.27117 -0.26703 -0.07393 -0.19973 -0.33734 0.08011 -0.15166 0.11767 0.15723 -0.24925 -0.57604 0.04940 0.00819
0.21414 -0.01374 -0.25998 -0.25723 -0.07177 -0.19257 -0.35552 0.09939 -0.14155 0.11358 0.15244 -0.23823 -0.52459 0.02575 0.00465
0.21308 -0.01058 -0.25967 -0.25696 -0.07244 -0.19257 -0.35329 0.10258 -0.14428 0.11144 0.15169 -0.23756 -0.52757 0.02083 0.00832
0.21218 -0.00404 -0.25907 -0.25686 -0.07277 -0.19288 -0.35352 0.10750 -0.15017 0.11052 0.15096 -0.23524 -0.52557 0.01430 0.01676
0.21214 -0.00033 -0.25844 -0.25673 -0.07311 -0.19303 -0.35290 0.10799 -0.15568 0.10928 0.14939 -0.23524 -0.52588 0.01157 0.02263
0.21060 0.00102 -0.25862 -0.25665 -0.07364 -0.19320 -0.35173 0.10731 -0.15954 0.10797 0.14766 -0.23450 -0.52615 0.01010 0.02789
0.18157 0.00577 -0.28135 -0.26158 -0.07625 -0.19649 -0.33038 0.10449 -0.15012 0.10961 0.15137 -0.23886 -0.53142 0.01117 0.03488
0.18245 0.00520 -0.28057 -0.26065 -0.07689 -0.19575 -0.33450 0.10253 -0.15602 0.10612 0.14717 -0.23761 -0.52879 0.00918 0.04241
0.19231 -0.00100 -0.29564 -0.27372 -0.08248 -0.20325 -0.35585 0.10357 -0.16770 0.11575 0.15172 -0.25014 -0.54265 0.01161 0.05169
0.17139 -0.01211 -0.29049 -0.26185 -0.07934 -0.19496 -0.34422 0.09920 -0.15761 0.10914 0.13915 -0.23794 -0.50001 0.01081 0.05750
0.13718 -0.02389 -0.29408 -0.25378 -0.07823 -0.18835 -0.41286 0.11680 -0.12967 0.10760 0.12847 -0.23121 -0.37046 -0.01060 0.04863
0.09212 -0.09635 -0.35206 -0.27547 -0.08464 -0.20499 -0.39874 0.11133 -0.12811 0.12373 0.13419 -0.25061 -0.38930 -0.00187 0.07121
-0.00216 -0.10850 -0.35680 -0.25660 -0.07711 -0.19437 -0.35836 0.09645 -0.08662 0.12656 0.12866 -0.23613 -0.27473 -0.00401 0.05973
-0.09015 -0.09080 -0.36670 -0.23620 -0.04080 -0.19159 -0.41290 0.06331 -0.02890 0.17846 0.14380 -0.24486 -0.05393 0.02364 0.00656
-0.08890 -0.09069 -0.36885 -0.23113 -0.03592 -0.19298 -0.48997 0.12902 -0.02514 0.09396 0.21094 -0.24218 -0.05819 0.02374 0.00338
-0.08772 -0.09005 -0.38737 -0.24075 -0.04024 -0.20205 -0.26270 0.17610 -0.08033 0.07297 0.20116 -0.23753 -0.34127 -0.04425 0.07579
0.00465 -0.03748 -0.40062 -0.25495 -0.04176 -0.18234 -0.22590 0.20958 -0.08744 0.07400 0.23300 -0.24876 -0.48910 -0.09419 0.10437
0.04079 -0.04559 -0.39621 -0.26182 -0.04512 -0.17499 -0.20916 0.22817 -0.08963 0.07660 0.23481 -0.26182 -0.54995 -0.10390 0.09523
0.10526 -0.04293 -0.35935 -0.26604 -0.04805 -0.17567 -0.22228 0.24906 -0.11058 0.07982 0.22994 -0.26916 -0.60341 -0.11156 0.08292
0.12082 -0.03181 -0.34381 -0.26883 -0.05766 -0.16503 -0.21441 0.25177 -0.11610 0.08370 0.23283 -0.28201 -0.62692 -0.11350 0.07748
0.14079 -0.04121 -0.31506 -0.30685 -0.10276 -0.16183 -0.20678 0.24709 -0.12618 0.13254 0.26774 -0.27404 -0.62607 -0.10370 0.06837
0.15732 -0.04635 -0.30231 -0.31094 -0.10899 -0.15684 -0.18778 0.22886 -0.13971 0.13488 0.26202 -0.27931 -0.66378 -0.09019 0.06871
0.18194 -0.06027 -0.28211 -0.31253 -0.11388 -0.15240 -0.18992 0.23057 -0.15668 0.13727 0.25850 -0.28402 -0.68765 -0.08357 0.06448
0.20644 -0.08791 -0.24904 -0.31817 -0.12292 -0.13264 -0.18729 0.23388 -0.18079 0.14637 0.25601 -0.29682 -0.70626 -0.06630 0.06056
0.21608 -0.09803 -0.23273 -0.31837 -0.12715 -0.12559 -0.17174 0.22248 -0.19373 0.14814 0.25021 -0.30348 -0.73006 -0.05122 0.05581
0.23019 -0.11429 -0.21315 -0.31949 -0.13174 -0.12740 -0.15441 0.21247 -0.21400 0.15168 0.24544 -0.30658 -0.76716 -0.03131 0.05077
0.23946 -0.13049 -0.18305 -0.31097 -0.13714 -0.11574 -0.13847 0.20044 -0.23072 0.14446 0.23218 -0.30643 -0.77874 -0.01737 0.04578
0.24603 -0.14630 -0.16462 -0.30751 -0.15623 -0.03601 -0.11298 0.18138 -0.24400 0.13902 0.23551 -0.38274 -0.81012 0.00366 0.04115
0.18555 -0.23295 -0.03190 -0.26947 -0.18981 -0.12193 0.02880 0.14163 -0.39549 0.11416 0.21245 -0.30621 -0.91143 0.09178 0.01069
0.18639 -0.24033 -0.02582 -0.25779 -0.22710 -0.10373 0.07245 0.05179 -0.41693 0.10603 0.20009 -0.33090 -0.95676 0.14079 0.01715
0.21088 -0.24911 -0.04702 -0.22751 -0.25702 -0.08455 0.06880 0.00546 -0.40810 0.07131 0.19024 -0.35240 -0.98625 0.15816 0.02684
0.21482 -0.26515 -0.04265 -0.22533 -0.25722 -0.08104 0.11318 -0.10315 -0.35697 0.08629 0.10606 -0.34614 -1.01550 0.19990 -0.01937
0.21285 -0.27888 -0.03893 -0.22223 -0.26240 -0.08237 0.12890 -0.13867 -0.36205 0.08905 0.06790 -0.34594 -1.01933 0.21246 -0.01486
0.21292 -0.32065 -0.02753 -0.15942 -0.24118 -0.05118 0.14311 -0.15325 -0.35904 0.01973 -0.01492 -0.37257 -1.04383 0.21103 -0.03094
0.21005 -0.32886 -0.02785 -0.12679 -0.25956 -0.02452 0.13807 -0.18148 -0.33549 0.00182 -0.04306 -0.38836 -1.01917 0.20101 -0.04350
0.19685 -0.32195 -0.02892 -0.10603 -0.25904 -0.02095 0.13665 -0.20165 -0.30652 0.00243 -0.08024 -0.37246 -0.96917 0.18240 -0.04960
0.18920 -0.32678 -0.02984 -0.11965 -0.27465 -0.04213 0.14948 -0.22781 -0.30121 0.03720 -0.10730 -0.34221 -0.95599 0.17367 -0.04305
0.18103 -0.32731 -0.03067 -0.10236 -0.29546 -0.01467 0.15515 -0.24910 -0.29577 0.03156 -0.11652 -0.34357 -0.92659 0.16231 -0.02986
0.16069 -0.31807 -0.02931 -0.10241 -0.29340 -0.01295 0.16506 -0.30950 -0.27282 0.10922 -0.29163 -0.34405 -0.81048 0.05059 -0.04959
0.15694 -0.31979 -0.02855 -0.09509 -0.30152 -0.00727 0.16478 -0.31818 -0.27206 0.11177 -0.27625 -0.34465 -0.79277 0.06940 -0.04862
0.15106 -0.31932 -0.03339 -0.08772 -0.30242 -0.00736 0.16941 -0.33211 -0.26322 0.12285 -0.26942 -0.34245 -0.77179 0.08688 -0.04990
0.15049 -0.32359 -0.02512 -0.09282 -0.30738 -0.00118 0.17223 -0.33304 -0.26288 0.13806 -0.21913 -0.27131 -0.76538 0.14244 0.02335
0.14733 -0.32284 -0.02285 -0.09406 -0.30635 0.00121 0.17103 -0.33207 -0.25760 0.13949 -0.26702 -0.34279 -0.75698 0.09723 -0.05173
0.14537 -0.32386 -0.02117 -0.09545 -0.30665 0.00242 0.17458 -0.33185 -0.25591 0.14030 -0.26717 -0.34259 -0.75885 0.10044 -0.05247
0.14574 -0.32794 -0.02017 -0.09711 -0.31069 0.00247 0.17731 -0.33549 -0.25526 0.14002 -0.22520 -0.27347 -0.76889 0.14817 0.01582
0.14332 -0.32507 -0.01779 -0.09621 -0.30884 0.00235 0.17632 -0.32893 -0.25044 0.11558 -0.27098 -0.35515 -0.78329 0.09669 -0.07421
0.14425 -0.32961 -0.01669 -0.09809 -0.31352 0.00428 0.18221 -0.33366 -0.25521 0.09131 -0.30166 -0.39444 -0.82161 0.07192 -0.11016
0.14405 -0.33094 -0.01575 -0.09905 -0.31470 0.00653 0.18816 -0.33392 -0.25459 0.13977 -0.22421 -0.29135 -0.78090 0.15122 -0.00865
0.14170 -0.32803 -0.01489 -0.09840 -0.31314 0.00595 0.18950 -0.33255 -0.25275 0.13282 -0.21166 -0.27445 -0.78097 0.16167 0.00181
0.14251 -0.33169 -0.01421 -0.09905 -0.31692 0.00463 0.19145 -0.33421 -0.25347 0.13656 -0.22128 -0.28223 -0.78598 0.15473 -0.00678
0.14264 -0.33255 -0.01268 -0.09936 -0.31788 0.00425 0.19226 -0.33498 -0.25467 0.13408 -0.21764 -0.27897 -0.79096 0.16039 -0.00273
0.14215 -0.33268 -0.01200 -0.09934 -0.31805 0.00345 0.19148 -0.33740 -0.25623 0.13414 -0.21751 -0.27709 -0.78976 0.16343 -0.00050
0.14227 -0.33346 -0.01101 -0.10014 -0.31902 0.00611 0.18825 -0.33569 -0.25477 0.13356 -0.21783 -0.27666 -0.78864 0.16207 -0.00175
0.13966 -0.32770 -0.01007 -0.09826 -0.31381 0.00539 0.18727 -0.32725 -0.24981 0.12795 -0.26427 -0.32379 -0.78047 0.10669 -0.05449
]
