classifier_Monkey_weaves_and_bumps_into_car_20256 [ 0.21004 -0.37796 0.03353 -0.09939 -0.31995 0.00401 0.21724 -0.33123 -0.15822 0.12127 -0.25691 -0.30603 -0.87621 0.17135 -0.16859
0.21018 -0.37785 0.03358 -0.09972 -0.31930 0.00411 0.21789 -0.33096 -0.16199 0.12122 -0.25582 -0.30607 -0.87728 0.17274 -0.16447
0.21035 -0.37785 0.03369 -0.09985 -0.31917 0.00388 0.21769 -0.32963 -0.16450 0.12107 -0.25502 -0.30720 -0.87724 0.17227 -0.16295
0.21036 -0.37781 0.03375 -0.10032 -0.31903 0.00382 0.21752 -0.32579 -0.17006 0.12074 -0.25486 -0.30854 -0.87751 0.16846 -0.15832
0.20926 -0.37750 0.03339 -0.10115 -0.31892 0.00461 0.22055 -0.31921 -0.17806 0.11948 -0.25440 -0.30936 -0.88131 0.16183 -0.14994
0.20799 -0.37777 0.03261 -0.10198 -0.31857 0.00544 0.21655 -0.31430 -0.19134 0.11795 -0.25326 -0.31155 -0.87718 0.15777 -0.13751
0.20341 -0.37644 0.03283 -0.09989 -0.32017 0.00650 0.22004 -0.31352 -0.20584 0.11192 -0.24818 -0.31269 -0.88144 0.15857 -0.12399
0.19727 -0.37495 0.03337 -0.10247 -0.31962 0.00994 0.19988 -0.28680 -0.23454 0.10908 -0.24589 -0.31509 -0.85845 0.13167 -0.09508
0.18440 -0.36938 0.03461 -0.10069 -0.32020 0.01154 0.13755 -0.24780 -0.27443 0.10488 -0.24656 -0.31872 -0.79054 0.08377 -0.05742
0.17237 -0.36320 0.03891 -0.09828 -0.32199 0.01214 0.10125 -0.20760 -0.27408 0.09921 -0.24647 -0.32323 -0.74917 0.03339 -0.06577
0.16291 -0.35725 0.04081 -0.09696 -0.32615 0.01065 0.06671 -0.21762 -0.30797 0.09068 -0.24462 -0.32509 -0.71426 0.03560 -0.03530
0.15218 -0.35038 0.04582 -0.09741 -0.32931 0.01232 0.02602 -0.21584 -0.32095 0.08399 -0.24640 -0.32837 -0.67201 0.02246 -0.02838
0.14255 -0.34515 0.04917 -0.09651 -0.32989 0.01403 -0.01436 -0.21336 -0.32543 0.07855 -0.24876 -0.33250 -0.62935 0.00993 -0.03105
0.12695 -0.34088 0.04895 -0.10229 -0.33109 0.01916 -0.04398 -0.21180 -0.32470 0.07303 -0.25102 -0.33499 -0.59753 0.00063 -0.03259
0.11461 -0.34327 0.04869 -0.10638 -0.33188 0.02303 -0.07016 -0.21086 -0.31970 0.06674 -0.25240 -0.33381 -0.56970 -0.00045 -0.03459
0.11307 -0.34919 0.03895 -0.09986 -0.33155 0.02041 -0.10557 -0.23499 -0.32205 0.06274 -0.25063 -0.33289 -0.53064 0.02540 -0.02410
0.10856 -0.35279 0.03204 -0.09611 -0.32968 0.01908 -0.14214 -0.27316 -0.37479 0.06179 -0.25304 -0.33320 -0.48508 0.06217 0.03375
0.10507 -0.35809 0.02555 -0.09567 -0.33047 0.01819 -0.12902 -0.25734 -0.34854 0.06425 -0.25815 -0.33569 -0.49025 0.04372 0.01029
0.10673 -0.35840 0.02062 -0.09313 -0.33057 0.01540 -0.12306 -0.25775 -0.35174 0.06530 -0.25438 -0.33717 -0.49163 0.04572 0.01231
0.10747 -0.35310 0.01440 -0.09140 -0.32316 0.01212 -0.09913 -0.22931 -0.32932 0.06818 -0.25889 -0.35159 -0.51120 0.01383 -0.02307
0.11197 -0.35106 0.00989 -0.10637 -0.31378 0.00655 -0.08907 -0.20755 -0.33292 0.05512 -0.14685 -0.37667 -0.56147 0.11109 -0.04737
0.11583 -0.34554 0.00289 -0.11998 -0.31059 -0.00201 -0.09526 -0.20541 -0.31946 0.05960 -0.07094 -0.39572 -0.57109 0.18234 -0.08327
0.13993 -0.30402 -0.01930 -0.21565 -0.24878 -0.08662 -0.10628 -0.11765 -0.35244 0.14642 0.03185 -0.39300 -0.61153 0.22481 -0.09892
0.17435 -0.27833 -0.07345 -0.16570 -0.22837 -0.19832 -0.14793 -0.04027 -0.34652 0.09193 0.21480 -0.31389 -0.60863 0.32492 -0.08269
0.21722 -0.20759 -0.16215 -0.18191 -0.14242 -0.25882 -0.19018 0.00651 -0.32000 0.09978 0.25718 -0.21041 -0.60809 0.32370 0.01373
0.21451 -0.20976 -0.16332 -0.18229 -0.14667 -0.25615 -0.18791 0.08599 -0.33172 0.09805 0.29898 -0.20446 -0.61047 0.28373 0.03541
0.20957 -0.20351 -0.18771 -0.18351 -0.14770 -0.26041 -0.16409 0.14645 -0.32379 0.10169 0.31543 -0.20559 -0.61188 0.21382 0.04434
0.21375 -0.15883 -0.24456 -0.18189 -0.14722 -0.25514 -0.18023 0.20084 -0.25244 0.10849 0.29807 -0.20946 -0.59154 0.10729 0.03451
0.20551 -0.13383 -0.24527 -0.18479 -0.16339 -0.24458 -0.18361 0.26747 -0.23830 0.11749 0.27252 -0.23166 -0.57908 -0.02588 0.01092
0.21310 -0.10890 -0.25149 -0.18188 -0.19092 -0.22497 -0.19815 0.31429 -0.20676 0.11821 0.23472 -0.25975 -0.57127 -0.16420 -0.02060
0.19803 -0.03045 -0.28677 -0.15594 -0.24972 -0.18140 -0.19366 0.33128 -0.13709 0.10407 0.16338 -0.31485 -0.55021 -0.38578 -0.06006
0.19735 -0.03019 -0.28796 -0.15994 -0.25038 -0.17758 -0.19435 0.33719 -0.12442 0.11586 0.13181 -0.31527 -0.54173 -0.42200 -0.06478
0.20162 -0.05549 -0.27969 -0.16274 -0.25113 -0.17165 -0.20163 0.31169 -0.14258 0.11803 0.15486 -0.30749 -0.53794 -0.34846 -0.04054
0.20619 -0.15274 -0.22922 -0.16968 -0.24110 -0.17343 -0.19863 0.26458 -0.22092 0.11134 0.26568 -0.28349 -0.55411 -0.08730 0.00915
0.21966 -0.15062 -0.22376 -0.18962 -0.21182 -0.19950 -0.19186 0.18841 -0.24956 0.12181 0.30683 -0.25003 -0.57010 0.05943 0.03771
0.22262 -0.18590 -0.23193 -0.21232 -0.14214 -0.27124 -0.21404 0.10331 -0.28651 0.13319 0.36132 -0.17907 -0.59665 0.28445 0.07712
0.22291 -0.19211 -0.23364 -0.21004 -0.14122 -0.27411 -0.21658 0.09870 -0.27955 0.13165 0.37408 -0.16916 -0.59556 0.30456 0.07990
0.21719 -0.18601 -0.23547 -0.20968 -0.14112 -0.27370 -0.21433 0.12259 -0.27533 0.13592 0.36554 -0.17054 -0.59292 0.27111 0.07799
0.24339 -0.17097 -0.20766 -0.19651 -0.13828 -0.25265 -0.23398 0.15357 -0.26884 0.13539 0.31912 -0.17461 -0.55338 0.18301 0.05967
0.22437 -0.09953 -0.24673 -0.16787 -0.21580 -0.21118 -0.21650 0.25008 -0.22067 0.10722 0.41456 -0.23254 -0.54628 0.02968 0.03446
0.22492 -0.05710 -0.29522 -0.17782 -0.24642 -0.21573 -0.21273 0.26279 -0.19312 0.14113 0.18527 -0.28052 -0.56524 -0.28443 0.00663
0.22789 -0.06424 -0.29191 -0.17608 -0.25479 -0.20744 -0.21452 0.30620 -0.18828 0.15134 0.15342 -0.28827 -0.55576 -0.35984 0.00050
0.22772 -0.06561 -0.29169 -0.17601 -0.25815 -0.20283 -0.21084 0.32385 -0.17944 0.15972 0.13893 -0.29058 -0.55150 -0.39324 -0.00506
0.23046 -0.08044 -0.28659 -0.17673 -0.25843 -0.20349 -0.20970 0.32523 -0.18017 0.14992 0.16681 -0.28265 -0.56646 -0.35095 -0.00222
0.21488 -0.10011 -0.24827 -0.20289 -0.25654 -0.13157 -0.19552 0.29475 -0.17862 0.16653 0.21430 -0.30875 -0.52875 -0.24990 0.00242
0.22367 -0.13075 -0.23305 -0.20593 -0.24664 -0.13836 -0.20172 0.28540 -0.20129 0.15942 0.26762 -0.30666 -0.54865 -0.15275 0.00267
0.22259 -0.14613 -0.22594 -0.21118 -0.20378 -0.18679 -0.19933 0.25467 -0.21317 0.15428 0.28626 -0.25454 -0.56240 -0.04496 0.01066
0.22387 -0.17190 -0.20420 -0.21703 -0.17530 -0.21013 -0.19903 0.22960 -0.23447 0.15411 0.32107 -0.22471 -0.57101 0.07272 0.01603
0.22880 -0.18813 -0.18501 -0.22223 -0.12840 -0.23861 -0.20105 0.19408 -0.25210 0.15576 0.32847 -0.19010 -0.57798 0.18085 0.01878
0.23580 -0.20148 -0.17437 -0.22107 -0.09907 -0.25235 -0.21086 0.15618 -0.25892 0.15303 0.34262 -0.16798 -0.57633 0.27614 0.02094
0.23200 -0.23153 -0.18175 -0.23384 -0.08006 -0.27853 -0.20805 0.11947 -0.28268 0.16561 0.36994 -0.15939 -0.60464 0.37929 0.02384
0.23121 -0.23734 -0.16628 -0.23661 -0.05609 -0.28823 -0.21033 0.07454 -0.28610 0.17163 0.37405 -0.14963 -0.60656 0.45901 0.01038
0.23489 -0.24560 -0.14346 -0.23667 -0.03879 -0.29480 -0.21673 0.03815 -0.28837 0.18156 0.36960 -0.13992 -0.59535 0.51820 -0.00800
0.22221 -0.24058 -0.10583 -0.22522 -0.03382 -0.27618 -0.21092 0.00712 -0.27775 0.17773 0.33817 -0.13000 -0.55101 0.52137 -0.02882
0.25114 -0.24033 -0.06270 -0.23092 -0.04309 -0.26572 -0.24841 -0.05881 -0.27045 0.19741 0.29829 -0.13961 -0.53129 0.54334 -0.08274
0.20256 -0.26877 -0.00842 -0.24300 -0.06495 -0.25589 -0.20601 -0.05901 -0.30918 0.21161 0.28644 -0.15964 -0.52874 0.53949 -0.10963
0.21719 -0.25050 -0.02840 -0.26717 -0.10717 -0.19431 -0.25377 -0.12558 -0.26534 0.23943 0.26026 -0.22282 -0.48884 0.51393 -0.14127
0.18995 -0.26931 0.00989 -0.26725 -0.09990 -0.19082 -0.22368 -0.12044 -0.28807 0.24343 0.23991 -0.22375 -0.48813 0.50673 -0.16049
0.18402 -0.27174 0.00131 -0.26586 -0.10461 -0.18685 -0.22957 -0.12893 -0.27475 0.24366 0.22715 -0.22674 -0.47765 0.50056 -0.17558
0.17959 -0.27338 0.00070 -0.26661 -0.10919 -0.18189 -0.23334 -0.13319 -0.26760 0.24528 0.22237 -0.23040 -0.47004 0.49688 -0.18585
0.17810 -0.27305 0.00534 -0.26794 -0.11235 -0.17650 -0.23337 -0.14248 -0.26145 0.24738 0.22206 -0.23521 -0.46574 0.49953 -0.19446
0.17658 -0.27323 0.01017 -0.26901 -0.11724 -0.17160 -0.23557 -0.15250 -0.25268 0.24381 0.22533 -0.23817 -0.46561 0.50724 -0.20521
0.17576 -0.27309 0.01364 -0.26878 -0.11819 -0.17121 -0.23595 -0.15554 -0.25369 0.24187 0.22864 -0.23678 -0.46556 0.51147 -0.20506
0.17545 -0.27328 0.01567 -0.26900 -0.11912 -0.17075 -0.23935 -0.16044 -0.25206 0.24136 0.23469 -0.23624 -0.46269 0.52118 -0.20709
0.17419 -0.27437 0.01320 -0.26866 -0.11921 -0.17118 -0.23366 -0.15790 -0.25534 0.23968 0.23719 -0.23479 -0.46930 0.52190 -0.20298
0.17440 -0.27460 0.01490 -0.26855 -0.11970 -0.17191 -0.23387 -0.15790 -0.25744 0.24006 0.23939 -0.23431 -0.46948 0.52370 -0.20181
0.17401 -0.27495 0.01386 -0.26834 -0.11987 -0.17193 -0.23559 -0.15814 -0.25470 0.23845 0.24125 -0.23309 -0.46971 0.52574 -0.20428
0.17404 -0.27512 0.01341 -0.26806 -0.12058 -0.17130 -0.23813 -0.15789 -0.25325 0.23701 0.24139 -0.23326 -0.46878 0.52483 -0.20572
0.17376 -0.27539 0.01244 -0.26778 -0.12173 -0.17006 -0.23072 -0.15904 -0.26036 0.23677 0.24207 -0.23447 -0.47624 0.52560 -0.19864
0.17527 -0.27428 0.01384 -0.26767 -0.12198 -0.16997 -0.23129 -0.17135 -0.24347 0.23718 0.24222 -0.23557 -0.47650 0.53659 -0.21630
0.17699 -0.27325 0.01105 -0.26728 -0.12200 -0.16992 -0.21937 -0.16806 -0.26090 0.23640 0.24198 -0.23454 -0.49117 0.53212 -0.19599
0.18255 -0.27028 0.01055 -0.26733 -0.12280 -0.17004 -0.20236 -0.16360 -0.27231 0.23527 0.24404 -0.23379 -0.51577 0.52570 -0.18213
0.19615 -0.26540 0.00892 -0.27035 -0.12431 -0.17311 -0.18532 -0.16815 -0.29491 0.23483 0.24795 -0.23531 -0.55572 0.52756 -0.16124
0.20719 -0.25713 0.00863 -0.27156 -0.12778 -0.16975 -0.16560 -0.18501 -0.30407 0.23068 0.24859 -0.23876 -0.59236 0.53337 -0.15091
0.21480 -0.25153 0.00581 -0.27186 -0.12785 -0.16988 -0.13758 -0.20252 -0.30405 0.23095 0.24841 -0.23942 -0.62869 0.54503 -0.14795
0.22023 -0.23867 0.00286 -0.26674 -0.12541 -0.16676 -0.12879 -0.30138 -0.29871 0.22596 0.24388 -0.23389 -0.63356 0.62969 -0.14015
0.23165 -0.23454 -0.00884 -0.27004 -0.12720 -0.16960 -0.09352 -0.25932 -0.26904 0.22938 0.24638 -0.23752 -0.69211 0.58601 -0.16808
0.23688 -0.22795 -0.01812 -0.26931 -0.12669 -0.16967 -0.08555 -0.29145 -0.23538 0.22881 0.24498 -0.23633 -0.70726 0.61183 -0.19248
0.24613 -0.21649 -0.02557 -0.26886 -0.12665 -0.16869 -0.09607 -0.30673 -0.19958 0.22939 0.24373 -0.23710 -0.70683 0.61513 -0.22077
0.25512 -0.20368 -0.02057 -0.26861 -0.12888 -0.16606 -0.12043 -0.30241 -0.18308 0.22426 0.24148 -0.23846 -0.69835 0.59353 -0.24074
0.25880 -0.19676 -0.02701 -0.26889 -0.13117 -0.16168 -0.14974 -0.28117 -0.17081 0.22392 0.24183 -0.24218 -0.67386 0.56264 -0.24533
0.26901 -0.18246 -0.02397 -0.26890 -0.13292 -0.15969 -0.18137 -0.25014 -0.18344 0.22060 0.24171 -0.24295 -0.65361 0.51420 -0.22961
0.27821 -0.16859 -0.02275 -0.26933 -0.13346 -0.15932 -0.29306 -0.25995 -0.13801 0.22037 0.24317 -0.24306 -0.55032 0.50926 -0.27231
0.30601 -0.15758 -0.03598 -0.28504 -0.14057 -0.16956 -0.19320 -0.13384 -0.24579 0.23398 0.25789 -0.25563 -0.70944 0.37707 -0.17432
0.32018 -0.05429 -0.03121 -0.26871 -0.13285 -0.16015 -0.15705 -0.18443 -0.28719 0.21974 0.24730 -0.23936 -0.72699 0.32283 -0.10967
0.31371 -0.06109 -0.03562 -0.26413 -0.13085 -0.15831 -0.14884 -0.31059 -0.24410 0.21597 0.24238 -0.23653 -0.71995 0.45290 -0.14276
0.28587 -0.15148 -0.04846 -0.26648 -0.13369 -0.16320 -0.13910 -0.29530 -0.19591 0.21759 0.24497 -0.23871 -0.71396 0.52649 -0.18777
0.28511 -0.15229 -0.04386 -0.26658 -0.13741 -0.15957 -0.17575 -0.28098 -0.14689 0.21751 0.24451 -0.24219 -0.67493 0.50875 -0.23977
0.30571 -0.15551 -0.04178 -0.28278 -0.14611 -0.16897 -0.19461 -0.15470 -0.22464 0.22844 0.25985 -0.25757 -0.71210 0.38979 -0.18930
0.30930 -0.07077 -0.08061 -0.26529 -0.13680 -0.15953 -0.21973 -0.15171 -0.22473 0.21412 0.24501 -0.24139 -0.65597 0.29704 -0.12433
0.28619 -0.09795 -0.13422 -0.26362 -0.13692 -0.16108 -0.18383 0.23346 -0.25389 0.21290 0.25429 -0.23595 -0.66727 -0.05116 -0.03581
0.28784 -0.09587 -0.13419 -0.26362 -0.13722 -0.16181 -0.17251 0.29157 -0.23361 0.21236 0.25800 -0.23420 -0.68065 -0.10693 -0.05215
0.26965 -0.08138 -0.18032 -0.26214 -0.13678 -0.16319 -0.15210 0.32473 -0.17253 0.20969 0.26013 -0.23086 -0.68516 -0.15028 -0.06370
0.27009 -0.07803 -0.18224 -0.26201 -0.13673 -0.16361 -0.14711 0.34314 -0.15416 0.20857 0.26275 -0.22842 -0.69040 -0.16803 -0.07522
0.26948 -0.07570 -0.18611 -0.26202 -0.13613 -0.16473 -0.14355 0.35184 -0.13948 0.20693 0.26475 -0.22804 -0.69451 -0.17532 -0.08432
0.26932 -0.07983 -0.18638 -0.26236 -0.13593 -0.16574 -0.14266 0.35411 -0.13197 0.20451 0.26536 -0.22699 -0.69800 -0.17209 -0.09006
0.25205 -0.15550 -0.16030 -0.26278 -0.13649 -0.16634 -0.12519 0.36980 -0.15727 0.20226 0.26641 -0.22491 -0.70156 -0.11139 -0.08868
0.23427 -0.20733 -0.08478 -0.25695 -0.13424 -0.15978 -0.12551 0.34478 -0.25248 0.19750 0.25768 -0.22044 -0.66867 -0.03751 -0.06438
0.23487 -0.20925 -0.08566 -0.25887 -0.13617 -0.15876 -0.12242 0.32684 -0.25888 0.19495 0.25706 -0.22285 -0.67766 -0.01909 -0.06406
0.23682 -0.22062 -0.07947 -0.26577 -0.14032 -0.16032 -0.10865 0.26292 -0.25463 0.19991 0.26314 -0.23128 -0.70671 0.05839 -0.08854
0.22581 -0.25010 -0.01627 -0.26508 -0.14050 -0.15772 -0.09326 0.28550 -0.31570 0.19681 0.26074 -0.23399 -0.71034 0.06244 -0.08959
0.22525 -0.24980 -0.01917 -0.26537 -0.14086 -0.15593 -0.08979 0.28803 -0.31389 0.19645 0.26209 -0.23464 -0.71495 0.06108 -0.09030
0.22685 -0.24976 -0.01824 -0.26568 -0.14142 -0.15463 -0.08688 0.29088 -0.31514 0.19705 0.26128 -0.23642 -0.71905 0.05656 -0.08928
0.22787 -0.25027 -0.01717 -0.26587 -0.14169 -0.15454 -0.08381 0.28980 -0.31520 0.19650 0.26186 -0.23729 -0.72390 0.05819 -0.09002
0.22747 -0.24875 -0.01975 -0.26614 -0.14201 -0.15319 -0.08250 0.29154 -0.31476 0.19699 0.26150 -0.23880 -0.72559 0.05511 -0.08945
0.22713 -0.24785 -0.02218 -0.26643 -0.14229 -0.15324 -0.08273 0.29207 -0.31543 0.19742 0.26209 -0.23899 -0.72636 0.05470 -0.08805
0.22710 -0.24729 -0.02352 -0.26643 -0.14233 -0.15326 -0.08322 0.29160 -0.31585 0.19641 0.26125 -0.23948 -0.72751 0.05405 -0.08752
0.22718 -0.24645 -0.02538 -0.26643 -0.14239 -0.15326 -0.08450 0.29024 -0.31748 0.19704 0.26225 -0.23997 -0.72615 0.05594 -0.08488
0.22748 -0.24423 -0.02961 -0.26692 -0.14249 -0.15255 -0.08790 0.29022 -0.31625 0.19722 0.26232 -0.24060 -0.72406 0.05437 -0.08200
0.22836 -0.24112 -0.03272 -0.26622 -0.14212 -0.15210 -0.09115 0.28909 -0.31964 0.19419 0.26122 -0.23926 -0.72317 0.05244 -0.07352
0.22860 -0.23738 -0.03530 -0.26510 -0.14153 -0.15129 -0.09418 0.28910 -0.32605 0.19417 0.26056 -0.23712 -0.71726 0.04929 -0.06132
0.22750 -0.22647 -0.08784 -0.26598 -0.14219 -0.15156 -0.09357 0.28604 -0.31187 0.19710 0.26148 -0.23615 -0.71667 0.04205 -0.02160
0.22487 -0.22561 -0.09722 -0.26567 -0.14205 -0.15130 -0.09030 0.28432 -0.32502 0.19705 0.26088 -0.23517 -0.71693 0.04310 0.00390
0.22168 -0.22429 -0.11130 -0.26594 -0.14224 -0.15163 -0.08608 0.28468 -0.33623 0.19755 0.26121 -0.23393 -0.71852 0.04173 0.03166
0.21123 -0.21448 -0.15039 -0.26560 -0.14212 -0.15137 -0.07843 0.27546 -0.32309 0.19955 0.26161 -0.23393 -0.71287 0.04183 0.05995
0.20503 -0.21337 -0.15963 -0.26415 -0.14170 -0.15247 -0.10476 0.26238 -0.35174 0.19863 0.26015 -0.23503 -0.67678 0.05140 0.10116
0.19847 -0.21298 -0.17309 -0.26541 -0.14252 -0.15320 -0.11806 0.25995 -0.33165 0.19980 0.26095 -0.23814 -0.65796 0.05264 0.09379
0.19930 -0.21465 -0.17136 -0.26595 -0.14294 -0.15352 -0.13914 0.25653 -0.31679 0.19964 0.26059 -0.24186 -0.63541 0.05534 0.07710
0.20147 -0.21660 -0.16749 -0.26635 -0.14377 -0.15380 -0.16263 0.25612 -0.29885 0.19689 0.26031 -0.24438 -0.61401 0.05525 0.05545
0.20451 -0.21671 -0.16427 -0.26682 -0.14443 -0.15334 -0.18452 0.25505 -0.27646 0.19568 0.25879 -0.24809 -0.59169 0.05438 0.03077
0.21337 -0.21685 -0.14457 -0.26499 -0.14341 -0.15242 -0.21034 0.25631 -0.26096 0.19394 0.25701 -0.24900 -0.56483 0.05719 0.00155
0.22341 -0.20850 -0.13669 -0.26375 -0.14268 -0.15180 -0.25280 0.26286 -0.21445 0.19311 0.25495 -0.24985 -0.52255 0.05117 -0.04420
0.23593 -0.19755 -0.13152 -0.26400 -0.14278 -0.15186 -0.26406 0.26370 -0.20139 0.19351 0.25453 -0.25046 -0.51450 0.04940 -0.05441
0.23802 -0.19171 -0.14028 -0.26489 -0.14329 -0.15230 -0.26975 0.26784 -0.18937 0.19457 0.25621 -0.24952 -0.51024 0.04317 -0.05496
0.23976 -0.18413 -0.14739 -0.26432 -0.14312 -0.15263 -0.26978 0.26993 -0.18679 0.19510 0.25607 -0.24699 -0.50751 0.03669 -0.04581
0.23928 -0.17833 -0.15675 -0.26504 -0.14399 -0.15077 -0.26486 0.27516 -0.18928 0.19554 0.25790 -0.24421 -0.51101 0.02853 -0.02817
0.23849 -0.17481 -0.15906 -0.26389 -0.14357 -0.14979 -0.25786 0.27845 -0.20934 0.19533 0.25754 -0.24369 -0.51356 0.02252 -0.00381
0.23656 -0.17205 -0.16159 -0.26240 -0.14283 -0.14913 -0.24962 0.28432 -0.23016 0.19449 0.25632 -0.24006 -0.51636 0.01353 0.02391
0.20652 -0.10051 -0.25544 -0.26578 -0.14484 -0.15155 -0.21696 0.22772 -0.16782 0.19813 0.26198 -0.23959 -0.52470 0.00259 0.05388
0.20432 -0.09980 -0.25732 -0.26535 -0.14480 -0.15192 -0.21227 0.23106 -0.19892 0.19756 0.26455 -0.23747 -0.52682 0.00086 0.08881
0.20593 -0.13432 -0.24015 -0.26612 -0.14536 -0.15243 -0.22233 0.25600 -0.21303 0.19750 0.26685 -0.23604 -0.52012 0.01211 0.08748
0.19570 -0.14307 -0.23889 -0.26342 -0.14404 -0.15090 -0.29971 0.22519 -0.15464 0.19412 0.26395 -0.23913 -0.43369 0.04349 0.02322
0.18817 -0.15143 -0.24008 -0.26426 -0.14421 -0.14932 -0.31231 0.22274 -0.14174 0.19431 0.26276 -0.24325 -0.41709 0.04766 0.00873
0.17060 -0.16268 -0.24874 -0.26560 -0.14515 -0.14983 -0.32577 0.22737 -0.12370 0.19511 0.26370 -0.24374 -0.39071 0.04830 0.00003
0.14874 -0.16788 -0.26203 -0.26724 -0.14681 -0.14866 -0.31451 0.23120 -0.11783 0.19336 0.26313 -0.24546 -0.38678 0.04298 0.00706
0.13748 -0.17887 -0.26179 -0.26813 -0.15004 -0.14455 -0.31504 0.22988 -0.12843 0.19463 0.26457 -0.24933 -0.37715 0.04082 0.01813
0.12157 -0.19594 -0.26100 -0.26939 -0.15239 -0.14242 -0.32406 0.22227 -0.14191 0.19796 0.26180 -0.25445 -0.35571 0.03927 0.02893
0.07364 -0.20057 -0.31734 -0.24006 -0.09182 -0.27323 -0.34878 0.23203 -0.13167 0.17618 0.20851 -0.15887 -0.31451 0.03108 0.04177
0.05027 -0.18831 -0.26527 -0.23411 -0.16738 -0.14679 -0.42970 0.28190 -0.11611 0.16780 0.26763 -0.23619 -0.14459 -0.04538 0.02042
-0.03956 -0.12144 -0.32906 -0.21114 -0.08010 -0.26813 -0.32521 0.22121 -0.10055 0.22741 0.26205 -0.16559 -0.10545 0.02113 0.01920
0.00917 -0.18669 -0.32321 -0.22024 -0.08556 -0.27947 -0.38351 0.33120 -0.12554 0.15597 0.24996 -0.15494 -0.19635 -0.05073 0.03567
0.00287 -0.18492 -0.36432 -0.21888 -0.06957 -0.29439 -0.31347 0.31005 -0.09645 0.14671 0.24741 -0.14652 -0.28086 -0.04249 0.03056
0.00087 -0.15086 -0.35133 -0.24261 -0.13318 -0.20574 -0.26042 0.30894 -0.07254 0.16425 0.31417 -0.20412 -0.30179 -0.06287 0.02343
-0.03990 -0.04641 -0.36651 -0.24709 -0.13466 -0.21197 -0.21296 0.27814 -0.05557 0.16579 0.33500 -0.20355 -0.32054 -0.11651 0.01566
-0.03732 -0.04063 -0.36745 -0.24811 -0.12493 -0.21877 -0.19972 0.33239 -0.03950 0.16562 0.33922 -0.19700 -0.33861 -0.16093 0.00051
-0.01727 -0.02212 -0.36477 -0.25162 -0.12011 -0.21998 -0.16311 0.35628 -0.02488 0.16069 0.34152 -0.19510 -0.40556 -0.19354 -0.01503
-0.00221 -0.01788 -0.36102 -0.25300 -0.12075 -0.21985 -0.15035 0.35445 -0.02155 0.15714 0.33971 -0.19673 -0.43905 -0.19506 -0.02130
0.01573 -0.01828 -0.36082 -0.25385 -0.12148 -0.21868 -0.13063 0.33536 -0.02068 0.15229 0.33548 -0.19517 -0.48094 -0.17731 -0.01796
0.04637 -0.03414 -0.35678 -0.25532 -0.12233 -0.21790 -0.13223 0.34476 -0.01853 0.15058 0.33240 -0.19491 -0.51175 -0.17244 -0.02184
0.14322 -0.07932 -0.32048 -0.26126 -0.12794 -0.20771 -0.12831 0.33097 -0.03477 0.14660 0.32242 -0.20011 -0.61847 -0.11871 -0.02882
0.15683 -0.09162 -0.30967 -0.26569 -0.13499 -0.19810 -0.11635 0.34605 -0.03428 0.14519 0.31911 -0.20642 -0.64930 -0.12876 -0.03511
0.17533 -0.11032 -0.29186 -0.26698 -0.13941 -0.19393 -0.10868 0.35708 -0.04535 0.14094 0.31248 -0.21027 -0.68126 -0.13012 -0.04118
0.19189 -0.16679 -0.24870 -0.26759 -0.14575 -0.18823 -0.09859 0.39980 -0.08217 0.13739 0.30974 -0.21427 -0.71326 -0.12226 -0.04641
0.19919 -0.18482 -0.22620 -0.27088 -0.16174 -0.17412 -0.07733 0.38842 -0.10209 0.12895 0.30525 -0.22554 -0.75454 -0.11054 -0.04771
0.20487 -0.20177 -0.19404 -0.26763 -0.16581 -0.16504 -0.07162 0.39201 -0.13625 0.12690 0.29672 -0.22830 -0.77517 -0.08495 -0.04907
0.21123 -0.22282 -0.15708 -0.27050 -0.18108 -0.14886 -0.04678 0.37035 -0.17187 0.12568 0.29822 -0.24413 -0.81072 -0.05857 -0.05113
0.20996 -0.23682 -0.12457 -0.26714 -0.19255 -0.13165 -0.01915 0.33800 -0.21211 0.12058 0.29179 -0.25645 -0.84208 -0.01896 -0.04682
0.19759 -0.26215 -0.06508 -0.25694 -0.20086 -0.11891 0.02221 0.33779 -0.29201 0.11095 0.27455 -0.25619 -0.86120 -0.01679 -0.01970
0.19269 -0.26481 -0.03621 -0.25338 -0.22084 -0.09529 0.06761 0.25306 -0.32830 0.10689 0.27311 -0.28123 -0.91000 0.04990 -0.01969
0.18560 -0.27053 -0.00540 -0.24784 -0.24203 -0.06695 0.11409 0.15837 -0.35553 0.09721 0.26078 -0.30698 -0.95597 0.11811 -0.02441
0.17566 -0.27299 0.01583 -0.23230 -0.25921 -0.03463 0.14631 0.05438 -0.33230 0.08590 0.24889 -0.32985 -0.96520 0.19734 -0.06084
0.15667 -0.30720 0.05421 -0.22036 -0.26943 -0.02862 0.19753 0.01366 -0.35777 0.08002 0.22816 -0.32929 -0.98509 0.24373 -0.06775
0.17205 -0.30387 0.04868 -0.19296 -0.29260 -0.01221 0.20934 -0.05964 -0.33620 0.05680 0.21060 -0.33624 -1.00065 0.27542 -0.07414
0.18349 -0.31096 0.04835 -0.16684 -0.31844 -0.02374 0.22825 -0.12169 -0.31671 0.03090 0.18863 -0.32467 -1.03734 0.30092 -0.09235
0.18299 -0.31032 0.04714 -0.15321 -0.36401 0.02893 0.17139 -0.16607 -0.20498 0.04583 0.15237 -0.35204 -0.92798 0.26604 -0.17603
0.19644 -0.33446 0.05023 -0.06249 -0.31050 0.03268 0.19673 -0.19858 -0.22359 -0.03918 0.04066 -0.36618 -0.98797 0.26933 -0.16930
0.20445 -0.34637 0.04903 -0.06630 -0.31311 0.03161 0.22540 -0.23269 -0.23645 -0.01889 -0.00291 -0.36326 -1.01018 0.26977 -0.15455
0.20495 -0.35143 0.04996 -0.09431 -0.30821 0.03701 0.22099 -0.25244 -0.22484 0.00633 -0.04919 -0.35036 -0.99245 0.25726 -0.15689
0.20555 -0.35366 0.05014 -0.09901 -0.30731 0.03328 0.15690 -0.22559 -0.17559 0.05295 -0.07931 -0.37011 -0.88430 0.20628 -0.22833
0.20965 -0.36000 0.04343 -0.10011 -0.30371 0.03057 0.22294 -0.33920 -0.19688 0.08463 -0.15765 -0.33518 -0.91651 0.25486 -0.16804
0.20363 -0.35070 0.04328 -0.09639 -0.29860 0.02361 0.18992 -0.34202 -0.17929 0.11102 -0.28979 -0.34552 -0.83651 0.12470 -0.19967
0.20869 -0.36169 0.04525 -0.10009 -0.30692 0.02439 0.21114 -0.34037 -0.18855 0.09282 -0.20689 -0.29383 -0.89810 0.21057 -0.13944
0.20921 -0.36569 0.04368 -0.10193 -0.30673 0.02617 0.20694 -0.33706 -0.18666 0.10385 -0.22496 -0.29505 -0.88586 0.19414 -0.13926
0.21218 -0.37093 0.03723 -0.10274 -0.30605 0.02704 0.20856 -0.33620 -0.18541 0.11320 -0.23824 -0.29162 -0.87804 0.18269 -0.13533
0.21392 -0.37546 0.03190 -0.10198 -0.30630 0.02560 0.20790 -0.33512 -0.17966 0.11826 -0.23486 -0.28409 -0.87054 0.18762 -0.13339
0.21553 -0.37938 0.02856 -0.10153 -0.30780 0.02347 0.20801 -0.33525 -0.17677 0.11980 -0.23427 -0.27974 -0.86981 0.18957 -0.13348
0.21509 -0.38130 0.02691 -0.10196 -0.30785 0.02274 0.21118 -0.33528 -0.17310 0.12181 -0.23724 -0.27948 -0.87096 0.18905 -0.13653
0.21433 -0.38275 0.02514 -0.10277 -0.30753 0.02299 0.21080 -0.33606 -0.16981 0.11354 -0.21180 -0.29557 -0.87926 0.21731 -0.15400
0.21389 -0.38357 0.02309 -0.10369 -0.30752 0.02251 0.20934 -0.33697 -0.16892 0.11424 -0.21407 -0.29444 -0.87796 0.21736 -0.15239
0.21322 -0.38399 0.02253 -0.10435 -0.30737 0.02192 0.21120 -0.33711 -0.16768 0.11704 -0.21997 -0.29610 -0.87728 0.21263 -0.15569
0.21265 -0.38428 0.02265 -0.10417 -0.30773 0.01999 0.20975 -0.33653 -0.16926 0.11742 -0.22638 -0.29859 -0.87489 0.20626 -0.15880
0.21228 -0.38454 0.02198 -0.10409 -0.30804 0.01795 0.20886 -0.33585 -0.16881 0.11746 -0.23178 -0.30021 -0.87364 0.20033 -0.16254
0.21181 -0.38492 0.02075 -0.10412 -0.30823 0.01643 0.20924 -0.33626 -0.16805 0.11755 -0.23417 -0.30046 -0.87357 0.19886 -0.16420
0.20247 -0.37911 0.03216 -0.10609 -0.30732 0.01993 0.21143 -0.33628 -0.16673 0.11717 -0.23817 -0.29943 -0.87694 0.19838 -0.16640
0.20315 -0.37988 0.03131 -0.10612 -0.30765 0.01860 0.21282 -0.33743 -0.16498 0.11772 -0.24041 -0.29942 -0.87821 0.19733 -0.16928
0.20009 -0.37803 0.03521 -0.10762 -0.30729 0.02061 0.21056 -0.33860 -0.16419 0.11716 -0.24275 -0.29962 -0.87708 0.19726 -0.17174
0.19913 -0.37732 0.03626 -0.10855 -0.30702 0.02186 0.21481 -0.33976 -0.15951 0.11757 -0.24541 -0.29999 -0.88177 0.19651 -0.17707
0.19848 -0.37634 0.03798 -0.10910 -0.30696 0.02276 0.21526 -0.34090 -0.15872 0.11728 -0.24722 -0.29955 -0.88303 0.19613 -0.17867
0.19832 -0.37612 0.03881 -0.10909 -0.30695 0.02318 0.21425 -0.34015 -0.15967 0.11670 -0.24750 -0.30012 -0.88279 0.19567 -0.17856
0.19794 -0.37550 0.03972 -0.10925 -0.30697 0.02356 0.21439 -0.33969 -0.16257 0.11667 -0.24774 -0.29926 -0.88309 0.19485 -0.17570
0.19771 -0.37549 0.04039 -0.10926 -0.30709 0.02296 0.21407 -0.33887 -0.16229 0.11728 -0.24996 -0.29986 -0.88204 0.19209 -0.17750
]
