classifier_Monkey_weaves_and_bumps_into_fence_18581 [ 0.12668 -0.38223 0.01887 -0.06366 -0.36158 0.02523 0.16290 -0.29394 -0.22414 -0.07704 -0.37021 -0.06329 -0.92755 -0.03163 0.14079
0.12581 -0.38142 0.01798 -0.06360 -0.36162 0.02502 0.16336 -0.29455 -0.22386 -0.07657 -0.36968 -0.06203 -0.92776 -0.03042 0.14179
0.12526 -0.38094 0.01737 -0.06362 -0.36173 0.02498 0.16380 -0.29449 -0.22411 -0.07609 -0.36931 -0.06359 -0.92807 -0.02991 0.14066
0.12367 -0.37692 0.01710 -0.06311 -0.35899 0.02474 0.16238 -0.29230 -0.22174 -0.08040 -0.37355 -0.06194 -0.92554 -0.03704 0.14007
0.12368 -0.37756 0.01672 -0.06327 -0.36063 0.02493 0.16410 -0.29401 -0.22213 -0.08001 -0.37362 -0.06238 -0.92961 -0.03574 0.14006
0.12835 -0.38339 0.01918 -0.06329 -0.36147 0.02493 0.19194 -0.30252 -0.25161 -0.07735 -0.37141 -0.06217 -0.95645 -0.02497 0.16976
0.12692 -0.38185 0.01822 -0.06335 -0.36202 0.02502 0.16487 -0.29512 -0.22589 -0.07667 -0.37139 -0.06585 -0.92957 -0.03235 0.14049
0.12579 -0.38079 0.01728 -0.06337 -0.36226 0.02499 0.16423 -0.29485 -0.22425 -0.07652 -0.36959 -0.06380 -0.92924 -0.03071 0.14094
0.12506 -0.37985 0.01698 -0.06340 -0.36245 0.02496 0.16465 -0.29481 -0.22476 -0.07604 -0.36801 -0.06425 -0.92959 -0.02911 0.14108
0.12354 -0.37586 0.01634 -0.06262 -0.35927 0.02426 0.16327 -0.29176 -0.22325 -0.08176 -0.37394 -0.06343 -0.92809 -0.03849 0.14063
0.12269 -0.37433 0.01512 -0.06244 -0.35860 0.02404 0.16126 -0.29160 -0.22169 -0.08279 -0.37488 -0.06319 -0.92563 -0.03979 0.13947
0.12267 -0.37575 0.01320 -0.06254 -0.36049 0.02327 0.16333 -0.29271 -0.22239 -0.07969 -0.37148 -0.06412 -0.92809 -0.03522 0.13927
0.12249 -0.37534 0.01215 -0.06204 -0.36139 0.02172 0.16425 -0.29529 -0.22263 -0.07964 -0.37178 -0.06455 -0.92998 -0.03392 0.13879
0.12831 -0.38033 0.01409 -0.06176 -0.36209 0.02142 0.16868 -0.29760 -0.23329 -0.07899 -0.37033 -0.06616 -0.93537 -0.03094 0.14755
0.12625 -0.37499 0.00307 -0.05851 -0.35900 0.01168 0.16183 -0.29301 -0.22748 -0.08153 -0.37246 -0.06568 -0.92743 -0.03871 0.14137
0.13122 -0.37945 0.00776 -0.05873 -0.35831 0.01335 0.16365 -0.29428 -0.22889 -0.08296 -0.37492 -0.06735 -0.92996 -0.04173 0.13857
0.13259 -0.38220 0.00999 -0.05938 -0.35737 0.01646 0.17610 -0.29086 -0.24285 -0.08237 -0.37544 -0.06927 -0.94242 -0.04423 0.14647
0.13030 -0.38056 0.02594 -0.06100 -0.35720 0.02086 0.18450 -0.28181 -0.25076 -0.08099 -0.37693 -0.07126 -0.94855 -0.05777 0.13843
0.12853 -0.38126 0.04295 -0.06362 -0.35604 0.02384 0.16645 -0.32294 -0.07438 -0.07926 -0.38004 -0.07097 -0.92888 -0.01952 -0.05362
0.12525 -0.37705 0.05876 -0.06990 -0.35416 0.02860 0.18361 -0.34133 -0.09060 -0.07117 -0.38053 -0.07588 -0.94162 -0.00419 -0.05390
0.12747 -0.37956 0.07676 -0.07748 -0.35711 0.03453 0.18423 -0.15081 -0.30035 0.05457 -0.12639 -0.35006 -0.83858 0.05890 -0.13208
0.12568 -0.36943 0.06555 -0.08141 -0.34636 0.05237 0.15688 -0.11388 -0.26353 0.07456 -0.12708 -0.40614 -0.78635 0.01583 -0.21986
0.12948 -0.36363 0.07479 -0.08708 -0.33737 0.05950 0.15762 -0.08250 -0.37172 0.05864 -0.09688 -0.42151 -0.81185 0.01776 -0.12795
0.13816 -0.34632 0.08543 -0.09031 -0.32602 0.06591 0.09951 -0.05040 -0.39562 0.04011 -0.06140 -0.42393 -0.77673 0.01556 -0.10765
0.17963 -0.33727 0.04837 -0.09351 -0.30919 0.06797 0.02258 -0.01302 -0.35277 0.03132 -0.04095 -0.42390 -0.74941 0.00684 -0.10928
0.15615 -0.30427 0.09163 -0.10025 -0.29447 0.06311 0.03075 -0.00916 -0.38758 0.03262 -0.02803 -0.42728 -0.75498 -0.00152 -0.12660
0.23598 -0.32117 -0.00527 -0.12869 -0.30490 0.03596 -0.09262 0.01923 -0.33037 0.05859 -0.00508 -0.43716 -0.75948 0.00316 -0.11850
0.25625 -0.32684 -0.07470 -0.09969 -0.40653 0.00982 -0.17138 0.08464 -0.23610 0.04846 0.15865 -0.37340 -0.63842 0.00421 -0.10168
0.21584 -0.29367 -0.06089 -0.09778 -0.37636 0.00400 -0.18209 0.09474 -0.22956 0.07313 0.17640 -0.34937 -0.53414 0.00998 -0.09600
0.17625 -0.27583 -0.17581 -0.11230 -0.40126 -0.00799 -0.20087 0.08460 -0.14990 0.14789 0.21262 -0.37649 -0.47300 0.01449 -0.10455
0.16822 -0.26998 -0.15338 -0.21134 -0.29130 -0.10449 -0.31952 0.14671 -0.15321 0.25210 0.14072 -0.25093 -0.30680 -0.01642 -0.09104
0.17602 -0.29192 -0.16598 -0.10562 -0.36442 -0.05535 -0.28927 0.13970 -0.17182 0.17928 0.22308 -0.31949 -0.34468 0.02140 -0.08342
0.15693 -0.25559 -0.17425 -0.10574 -0.32661 -0.05813 -0.31480 0.14069 -0.15073 0.21911 0.23047 -0.27641 -0.21797 0.02765 -0.05057
0.16124 -0.25777 -0.18568 -0.11128 -0.32865 -0.06228 -0.34721 0.15576 -0.14914 0.19259 0.24089 -0.28513 -0.23397 0.02280 -0.05211
0.14164 -0.23098 -0.25054 -0.10986 -0.28531 -0.14673 -0.37339 0.13642 -0.11399 0.14017 0.20979 -0.23065 -0.28078 0.02743 -0.05029
0.14413 -0.22984 -0.24802 -0.11298 -0.28555 -0.14594 -0.30282 0.14128 -0.11337 0.13025 0.21798 -0.22194 -0.36393 0.02802 -0.04120
0.16284 -0.24470 -0.26068 -0.13520 -0.30834 -0.15087 -0.23824 0.15907 -0.14073 0.13329 0.24926 -0.23675 -0.50621 0.03255 -0.02205
0.26856 -0.26395 -0.20221 -0.13755 -0.26725 -0.12730 -0.28603 0.19794 -0.14987 0.10764 0.23043 -0.20218 -0.51867 0.03138 -0.00883
0.27468 -0.26559 -0.20375 -0.17814 -0.24537 -0.12068 -0.24501 0.20856 -0.14177 0.09128 0.21538 -0.19851 -0.62036 0.02747 -0.00495
0.29118 -0.26544 -0.17835 -0.18084 -0.27450 -0.04214 -0.22171 0.21963 -0.15665 0.06537 0.25948 -0.26283 -0.68532 0.02960 -0.00105
0.25775 -0.23953 -0.06881 -0.18708 -0.28405 -0.03384 -0.16778 0.21577 -0.27128 0.04350 0.28850 -0.26626 -0.75078 0.02669 0.00734
0.22515 -0.25757 0.02661 -0.16810 -0.29226 0.00717 -0.10037 0.28651 -0.35899 -0.02235 0.29066 -0.25273 -0.80773 -0.02957 0.05529
0.23961 -0.30816 0.06952 -0.18723 -0.32898 0.01019 0.01505 0.18871 -0.23522 -0.01039 0.39701 -0.27273 -1.00911 0.19005 -0.13324
0.18720 -0.34602 0.10642 -0.15107 -0.30001 0.02317 0.01730 0.27412 -0.25538 -0.03164 0.37569 -0.25259 -0.88171 0.15059 -0.11386
0.18832 -0.34842 0.08217 -0.13720 -0.32205 0.03974 0.00326 0.31204 -0.27705 -0.05689 0.38999 -0.27595 -0.89358 0.10734 -0.07661
0.16919 -0.32967 0.06850 -0.10498 -0.32501 0.05409 0.00935 0.27265 -0.26843 -0.07998 0.35436 -0.28773 -0.84252 0.08923 -0.06772
0.13582 -0.33620 0.07087 -0.10091 -0.34633 0.05514 0.05318 0.20494 -0.28789 -0.09424 0.32100 -0.32233 -0.89033 0.10905 -0.08668
0.08522 -0.37625 0.12309 -0.08402 -0.34846 0.05131 0.09593 0.19898 -0.34586 -0.10490 0.25543 -0.33614 -0.86059 0.08772 -0.09812
0.09449 -0.37903 0.04097 -0.08741 -0.39694 0.05464 0.10702 0.09886 -0.30349 -0.11940 0.19242 -0.39431 -0.95977 0.07967 -0.11793
0.08594 -0.38381 0.03600 -0.08201 -0.39673 0.04847 0.11140 0.04955 -0.32051 -0.11777 0.11898 -0.41136 -0.94242 0.06063 -0.11891
0.08499 -0.38707 0.03199 -0.07810 -0.39481 0.04414 0.10570 0.01676 -0.33469 -0.11146 0.07015 -0.42523 -0.91937 0.04998 -0.11873
0.08065 -0.36822 0.02881 -0.07005 -0.36526 0.03444 0.09516 0.00145 -0.31668 -0.09513 0.04744 -0.40024 -0.84657 0.05327 -0.11597
0.08506 -0.39370 0.03033 -0.07131 -0.39307 0.03564 0.10029 0.00036 -0.33383 -0.08999 0.06496 -0.42691 -0.88249 0.06988 -0.12852
0.08459 -0.39534 0.02990 -0.06963 -0.39278 0.03558 0.10388 0.00123 -0.33106 -0.08140 0.07750 -0.42611 -0.87483 0.08321 -0.13065
0.08512 -0.39570 0.02997 -0.06929 -0.39269 0.03550 0.10915 0.00470 -0.32984 -0.07727 0.09266 -0.42902 -0.87562 0.09534 -0.13519
0.08586 -0.39560 0.03106 -0.06894 -0.39149 0.03392 0.11659 0.00353 -0.33264 -0.07801 0.10614 -0.42984 -0.88320 0.11101 -0.13630
0.08256 -0.37052 0.03292 -0.06469 -0.36871 0.03018 0.11527 0.00244 -0.31595 -0.07411 0.10792 -0.40784 -0.83791 0.11218 -0.13364
0.08515 -0.36901 0.03745 -0.06540 -0.37046 0.03087 0.11822 0.00013 -0.32156 -0.07279 0.11967 -0.40895 -0.84208 0.12295 -0.13324
0.08729 -0.36813 0.04197 -0.06616 -0.37189 0.03040 0.11991 -0.00264 -0.32397 -0.07117 0.12820 -0.40675 -0.84424 0.13206 -0.13358
0.08922 -0.36622 0.04663 -0.06788 -0.37408 0.02557 0.12094 -0.00752 -0.32502 -0.06921 0.14167 -0.40748 -0.84631 0.14634 -0.14276
0.05281 -0.40854 0.02550 -0.06581 -0.36315 0.02448 0.15209 0.04168 -0.28517 -0.06438 0.14890 -0.39756 -0.81848 0.15784 -0.15150
0.05372 -0.41307 0.02510 -0.06801 -0.36284 0.01765 0.15499 0.03693 -0.27871 -0.06022 0.15745 -0.39236 -0.82547 0.17625 -0.15967
0.05252 -0.41061 0.02133 -0.06730 -0.35782 0.01519 0.15615 0.03187 -0.26243 -0.05948 0.16082 -0.39715 -0.82039 0.18750 -0.17921
0.10758 -0.35775 0.07257 -0.06829 -0.36138 0.01384 0.10568 -0.03618 -0.31695 -0.05757 0.16775 -0.40542 -0.83170 0.20580 -0.18715
0.10747 -0.35541 0.07267 -0.06730 -0.37083 0.01561 0.10722 -0.04021 -0.31346 -0.05517 0.18560 -0.40723 -0.82747 0.21595 -0.19064
0.05410 -0.43393 0.02060 -0.07007 -0.38969 0.01546 0.17026 0.02365 -0.26058 -0.05483 0.19752 -0.42376 -0.86121 0.22405 -0.20993
0.05453 -0.42925 0.02124 -0.06870 -0.38510 0.01484 0.17089 0.01922 -0.25749 -0.05042 0.19457 -0.42320 -0.85139 0.22521 -0.21347
0.13138 -0.33712 0.09824 -0.06575 -0.37811 0.01432 0.09030 -0.06898 -0.34583 -0.04591 0.19567 -0.40552 -0.82445 0.22891 -0.18392
0.13238 -0.33730 0.09849 -0.06501 -0.38006 0.01441 0.09217 -0.07171 -0.35006 -0.04604 0.19682 -0.40898 -0.82859 0.23092 -0.18356
0.13078 -0.32834 0.09579 -0.06240 -0.37299 0.01532 0.08149 -0.06468 -0.43295 -0.04425 0.18973 -0.39561 -0.80011 0.21470 -0.08262
0.14019 -0.31392 0.10120 -0.06128 -0.37369 0.01618 0.06554 -0.09221 -0.44622 -0.04539 0.19126 -0.39768 -0.79343 0.22837 -0.07599
0.16685 -0.30527 0.10653 -0.06286 -0.38721 0.01652 0.05122 -0.10391 -0.42642 -0.04760 0.19642 -0.41144 -0.82786 0.22287 -0.11628
0.19131 -0.28051 0.10482 -0.06255 -0.38885 0.01676 0.02644 -0.11950 -0.40336 -0.04754 0.19695 -0.41108 -0.83078 0.21180 -0.13812
0.29388 -0.19740 0.10259 -0.06073 -0.38489 0.02009 -0.09904 -0.15644 -0.36447 -0.04752 0.19569 -0.40994 -0.80073 0.16779 -0.16975
0.36986 -0.15362 0.06562 -0.05908 -0.37232 0.02154 -0.24046 -0.05518 -0.26261 -0.04554 0.19019 -0.39907 -0.72259 0.02845 -0.22142
0.35006 -0.12813 0.03965 -0.06602 -0.41614 0.02421 -0.18387 -0.04800 -0.25141 -0.05248 0.21005 -0.44391 -0.83648 -0.03102 -0.25256
0.40222 -0.05844 0.01690 -0.05923 -0.37328 0.01815 -0.22117 -0.12671 -0.22308 -0.04762 0.18351 -0.39179 -0.78709 -0.00857 -0.20683
0.40387 -0.06033 0.01380 -0.05742 -0.37329 0.01966 -0.20836 -0.16143 -0.24229 -0.05007 0.18315 -0.39396 -0.80354 0.02539 -0.18431
0.39732 -0.05759 0.00841 -0.05060 -0.37083 0.01450 -0.19567 -0.22411 -0.25359 -0.05303 0.17611 -0.39499 -0.81178 0.07596 -0.16473
0.38401 -0.06330 -0.01718 -0.04774 -0.37171 0.01050 -0.16853 -0.26566 -0.22089 -0.05457 0.17492 -0.39723 -0.82600 0.11864 -0.17409
0.34094 -0.07753 -0.00417 -0.04652 -0.38258 0.00780 -0.12118 -0.27646 -0.22048 -0.05556 0.17701 -0.40328 -0.84501 0.13323 -0.19342
0.34022 -0.07906 -0.00312 -0.04626 -0.38381 0.00982 -0.16055 -0.27667 -0.19702 -0.05600 0.17586 -0.40424 -0.80585 0.13241 -0.21738
0.33309 -0.08013 -0.00178 -0.04443 -0.38408 0.00905 -0.19448 -0.22543 -0.17584 -0.05595 0.17754 -0.39995 -0.76004 0.08315 -0.23333
0.33142 -0.08503 -0.00004 -0.04404 -0.38938 0.00851 -0.26463 -0.16130 -0.15142 -0.06273 0.17523 -0.40325 -0.70359 0.01537 -0.26204
0.32590 -0.08710 0.00267 -0.04486 -0.38691 0.01025 -0.23484 -0.16555 -0.18053 -0.06511 0.17298 -0.39901 -0.72760 0.02205 -0.23106
0.32172 -0.08702 0.00702 -0.04580 -0.38733 0.01193 -0.23131 -0.20037 -0.19993 -0.06860 0.16573 -0.39836 -0.73075 0.04894 -0.21520
0.34732 -0.09410 0.00877 -0.05001 -0.41881 0.01500 -0.13545 -0.23679 -0.22061 -0.07642 0.17339 -0.43012 -0.90626 0.06723 -0.22768
0.36856 -0.05469 0.01088 -0.04665 -0.38621 0.02107 -0.18964 -0.29059 -0.22469 -0.07021 0.15987 -0.40393 -0.81370 0.10233 -0.19215
0.34381 -0.06689 0.01254 -0.04379 -0.38784 0.01694 -0.16025 -0.27583 -0.22892 -0.06991 0.15963 -0.40761 -0.82659 0.09563 -0.19424
0.34153 -0.06697 0.01148 -0.04518 -0.38721 0.01891 -0.17775 -0.25148 -0.23033 -0.06762 0.16011 -0.40910 -0.80645 0.07249 -0.19298
0.33647 -0.06741 0.00819 -0.04669 -0.39199 0.02796 -0.16531 -0.17672 -0.24109 -0.06648 0.16637 -0.41733 -0.81316 -0.00042 -0.17928
0.33191 -0.06640 0.00565 -0.04816 -0.39052 0.02951 -0.17658 -0.12480 -0.25482 -0.06518 0.16881 -0.42109 -0.79915 -0.04959 -0.16657
0.41813 -0.02991 0.01912 -0.04807 -0.38114 0.02993 -0.27619 -0.10354 -0.27954 -0.06369 0.16485 -0.40945 -0.77384 -0.10164 -0.14360
0.35743 -0.05891 -0.06309 -0.05422 -0.41908 0.03245 -0.21981 -0.04202 -0.24270 -0.07013 0.18095 -0.45187 -0.83842 -0.15791 -0.14156
0.33107 -0.05167 -0.06654 -0.04983 -0.38789 0.03299 -0.25653 -0.02299 -0.23701 -0.06471 0.17159 -0.42137 -0.71872 -0.16060 -0.11094
0.35531 -0.05729 -0.06013 -0.05301 -0.41356 0.03672 -0.24991 0.02544 -0.26298 -0.06786 0.18391 -0.44528 -0.78845 -0.21834 -0.11341
0.35216 -0.05707 -0.05795 -0.05025 -0.40976 0.03169 -0.26067 0.04220 -0.26892 -0.06715 0.19016 -0.44751 -0.76773 -0.22655 -0.11166
0.34985 -0.05691 -0.05777 -0.05027 -0.40977 0.03177 -0.27159 0.04430 -0.27230 -0.06487 0.19354 -0.44309 -0.74769 -0.22564 -0.10430
0.31322 -0.05222 -0.05619 -0.04370 -0.37071 0.02529 -0.26538 0.02547 -0.25488 -0.05604 0.18025 -0.39636 -0.64892 -0.18416 -0.07744
0.32289 -0.05548 -0.07840 -0.04424 -0.38996 0.02308 -0.25739 0.02275 -0.24694 -0.05779 0.19092 -0.41284 -0.69442 -0.18746 -0.07999
0.32203 -0.05840 -0.08671 -0.04536 -0.38924 0.02437 -0.25492 0.00503 -0.24218 -0.05585 0.19281 -0.41011 -0.69206 -0.16350 -0.07441
0.32199 -0.06353 -0.08897 -0.04386 -0.38947 0.02114 -0.25256 -0.01004 -0.24073 -0.05501 0.19666 -0.41167 -0.69301 -0.13902 -0.07527
0.31681 -0.06835 -0.08794 -0.04441 -0.38394 0.02290 -0.27803 -0.03754 -0.24845 -0.05449 0.19293 -0.40096 -0.65334 -0.10354 -0.05775
0.30318 -0.07253 -0.08536 -0.04155 -0.36832 0.01939 -0.26628 -0.04233 -0.23674 -0.05395 0.18477 -0.38629 -0.62929 -0.08577 -0.05780
0.31561 -0.08061 -0.08989 -0.04317 -0.38718 0.01940 -0.27686 -0.04938 -0.24801 -0.05535 0.19745 -0.40386 -0.66107 -0.07705 -0.05902
0.31350 -0.08404 -0.09002 -0.04524 -0.38844 0.02348 -0.27399 -0.05114 -0.24525 -0.05624 0.19846 -0.40455 -0.66417 -0.07109 -0.06123
0.31211 -0.08777 -0.09201 -0.04533 -0.38892 0.02228 -0.27138 -0.05057 -0.24567 -0.05646 0.19813 -0.40695 -0.66943 -0.06828 -0.06155
0.31201 -0.08942 -0.09073 -0.04704 -0.38944 0.02514 -0.26878 -0.04920 -0.24584 -0.05666 0.19768 -0.40571 -0.67278 -0.06812 -0.06112
0.31185 -0.08964 -0.09096 -0.04677 -0.38877 0.02288 -0.26941 -0.04644 -0.24534 -0.05647 0.19640 -0.40350 -0.67334 -0.07107 -0.05973
0.31175 -0.08963 -0.09096 -0.04652 -0.38924 0.02130 -0.27148 -0.04451 -0.24242 -0.05523 0.19833 -0.40243 -0.67076 -0.07132 -0.06192
0.31383 -0.08938 -0.09057 -0.04849 -0.38991 0.02103 -0.27698 -0.03622 -0.24292 -0.05404 0.19575 -0.40753 -0.66798 -0.08293 -0.06999
0.31332 -0.08230 -0.10374 -0.04939 -0.39063 0.02229 -0.29650 -0.02941 -0.21834 -0.04968 0.19599 -0.40933 -0.64490 -0.09740 -0.08430
0.31315 -0.07665 -0.11493 -0.04843 -0.38961 0.02044 -0.31247 -0.02069 -0.20009 -0.04592 0.19730 -0.40852 -0.62284 -0.11040 -0.09069
0.27464 -0.05908 -0.17324 -0.04839 -0.38794 0.02194 -0.33612 -0.03428 -0.12940 -0.04181 0.19530 -0.41149 -0.55163 -0.11657 -0.10539
0.29760 -0.06342 -0.19491 -0.05141 -0.41934 0.02558 -0.30635 0.00892 -0.16485 -0.03976 0.21099 -0.44416 -0.64269 -0.17486 -0.07873
0.28663 -0.06022 -0.21160 -0.04847 -0.40768 0.02652 -0.32497 0.01441 -0.16164 -0.03604 0.19995 -0.44245 -0.58659 -0.18448 -0.06133
0.26953 -0.05471 -0.22428 -0.04410 -0.38722 0.02351 -0.32024 0.01461 -0.15592 -0.02962 0.19143 -0.41320 -0.52955 -0.17797 -0.02597
0.29268 -0.04219 -0.25590 -0.04108 -0.37241 0.02273 -0.36306 -0.00656 -0.14128 -0.02553 0.19085 -0.39855 -0.48000 -0.15556 0.00664
0.28585 -0.05082 -0.26457 -0.04084 -0.38272 0.01914 -0.35162 -0.00849 -0.16702 -0.02321 0.19980 -0.39388 -0.49325 -0.14877 0.04312
0.27132 -0.05583 -0.26371 -0.03899 -0.37518 0.01626 -0.39930 -0.04256 -0.16974 -0.02295 0.20255 -0.37960 -0.41361 -0.10292 0.05861
0.24986 -0.07038 -0.30043 -0.04048 -0.39203 0.01472 -0.38572 -0.05097 -0.11123 -0.02721 0.21567 -0.39087 -0.42894 -0.09714 0.03069
0.24185 -0.07291 -0.30768 -0.04070 -0.39201 0.01142 -0.39147 -0.04481 -0.07607 -0.03080 0.21227 -0.38935 -0.41822 -0.10702 0.00357
0.22879 -0.07739 -0.31325 -0.04074 -0.39236 0.01175 -0.41209 -0.04540 -0.05164 -0.03423 0.20983 -0.39334 -0.38582 -0.10628 -0.01696
0.21047 -0.07897 -0.31682 -0.04068 -0.39373 0.01244 -0.40831 -0.03519 -0.04651 -0.03522 0.21105 -0.39222 -0.36672 -0.11505 -0.01480
0.18992 -0.08195 -0.32668 -0.03748 -0.39549 0.00922 -0.40915 -0.02685 -0.05523 -0.03652 0.20903 -0.39488 -0.34801 -0.12572 0.00246
0.18255 -0.08476 -0.33229 -0.03794 -0.39656 0.01060 -0.41417 -0.01687 -0.07408 -0.03704 0.21062 -0.39850 -0.33245 -0.13188 0.02530
0.13253 -0.08900 -0.33587 -0.03637 -0.37920 0.01076 -0.37542 -0.00888 -0.08296 -0.03074 0.20867 -0.36569 -0.28976 -0.11828 0.07105
0.12956 -0.09110 -0.33895 -0.03656 -0.38064 0.01078 -0.38071 -0.00569 -0.10508 -0.02972 0.21368 -0.36404 -0.27848 -0.11588 0.09880
0.12792 -0.10270 -0.36031 -0.03921 -0.39945 0.00893 -0.41329 -0.00924 -0.12467 -0.03271 0.21493 -0.38657 -0.26856 -0.12269 0.11630
0.12154 -0.11199 -0.36542 -0.03921 -0.39940 0.00785 -0.41873 -0.01026 -0.12612 -0.03102 0.21617 -0.38146 -0.25436 -0.11539 0.12709
0.10642 -0.11832 -0.36336 -0.03845 -0.39626 0.00864 -0.42464 -0.01785 -0.04409 -0.04100 0.21536 -0.37914 -0.23631 -0.10091 0.04840
0.11149 -0.12635 -0.34823 -0.03944 -0.40033 0.01492 -0.42575 -0.01927 -0.01960 -0.04395 0.22191 -0.37616 -0.23333 -0.09638 0.03030
0.13300 -0.14873 -0.33100 -0.02620 -0.41031 0.01721 -0.42699 -0.01086 0.00095 -0.05955 0.21776 -0.39688 -0.25771 -0.11618 -0.00029
0.12553 -0.14943 -0.33112 -0.02991 -0.41450 0.02023 -0.42331 -0.00769 0.00272 -0.06200 0.21981 -0.40064 -0.25857 -0.11979 -0.00564
0.11981 -0.15005 -0.33216 -0.03089 -0.41446 0.02210 -0.42333 -0.00538 0.00067 -0.06382 0.22074 -0.40301 -0.25611 -0.12017 -0.00514
0.11337 -0.15142 -0.33404 -0.03232 -0.41386 0.02376 -0.42084 -0.00290 -0.00686 -0.06539 0.21954 -0.40595 -0.25519 -0.12195 0.00168
0.10573 -0.14877 -0.33093 -0.03357 -0.40511 0.02287 -0.41336 -0.00919 -0.01401 -0.06445 0.21736 -0.39941 -0.24739 -0.11008 0.00933
0.10043 -0.15323 -0.33353 -0.03555 -0.41380 0.02434 -0.41249 -0.01337 -0.01608 -0.06197 0.22455 -0.39714 -0.24203 -0.10360 0.02464
0.08368 -0.14849 -0.31845 -0.03874 -0.38578 0.00877 -0.42337 -0.03622 -0.00832 -0.03528 0.21791 -0.36729 -0.16558 -0.05912 0.01615
0.06739 -0.15972 -0.31330 -0.02008 -0.40591 0.00731 -0.43021 -0.03705 -0.01600 -0.01750 0.23728 -0.37148 -0.12391 -0.04381 0.03012
0.06202 -0.16906 -0.31757 -0.01460 -0.41708 0.00997 -0.44515 -0.03022 -0.02133 -0.01366 0.23936 -0.39998 -0.10762 -0.04948 0.01818
0.05390 -0.16726 -0.30015 -0.01079 -0.40350 0.01235 -0.44676 -0.02025 -0.02252 -0.01700 0.24800 -0.39452 -0.08087 -0.03134 0.01059
0.05091 -0.17841 -0.29725 -0.00932 -0.40968 0.01159 -0.45349 0.01005 -0.03175 -0.04279 0.24897 -0.39665 -0.10477 -0.05232 0.01681
0.05271 -0.18407 -0.28107 -0.00750 -0.40034 0.01256 -0.42415 0.05444 -0.03968 -0.05958 0.23926 -0.36628 -0.14273 -0.08680 0.03779
0.06155 -0.20864 -0.28323 -0.00645 -0.41521 0.01515 -0.39520 0.11309 -0.06548 -0.07196 0.25799 -0.37449 -0.22912 -0.12382 0.06142
0.08163 -0.22523 -0.26206 -0.00816 -0.40552 0.01851 -0.36913 0.15671 -0.09710 -0.07928 0.24863 -0.36713 -0.29310 -0.15021 0.07979
0.09785 -0.23024 -0.23424 -0.01395 -0.41522 0.03313 -0.30556 0.17531 -0.12328 -0.07912 0.26418 -0.36714 -0.37053 -0.15268 0.08563
0.18223 -0.28954 -0.17652 -0.01619 -0.40301 0.03386 -0.28872 0.21691 -0.17815 -0.08362 0.25759 -0.35561 -0.46891 -0.13002 0.07967
0.17981 -0.28931 -0.17946 -0.01851 -0.40139 0.03512 -0.27501 0.21042 -0.18085 -0.08389 0.25927 -0.35579 -0.48342 -0.12135 0.08054
0.15684 -0.29109 -0.14963 -0.03717 -0.40866 0.04023 -0.23417 0.19483 -0.21854 -0.08819 0.26027 -0.37022 -0.51804 -0.10982 0.07573
0.14616 -0.31620 -0.10890 -0.03687 -0.40722 0.04088 -0.20504 0.20097 -0.25528 -0.08671 0.26381 -0.36701 -0.53614 -0.08641 0.07150
0.14484 -0.32658 -0.09174 -0.03649 -0.40501 0.04257 -0.19196 0.19039 -0.26101 -0.08675 0.26514 -0.36622 -0.54803 -0.06208 0.05870
0.14249 -0.34387 -0.06859 -0.04549 -0.40410 0.04193 -0.17642 0.18742 -0.27573 -0.08713 0.26351 -0.36402 -0.56297 -0.04005 0.05047
0.13658 -0.35247 -0.05742 -0.04935 -0.40140 0.03989 -0.15619 0.17596 -0.28055 -0.08664 0.26396 -0.35946 -0.57493 -0.01536 0.04504
0.13528 -0.35093 -0.05127 -0.04689 -0.39495 0.03742 -0.14741 0.15992 -0.27503 -0.08657 0.26180 -0.35255 -0.57654 0.00426 0.03597
0.12597 -0.35962 -0.04781 -0.04621 -0.39908 0.03672 -0.13980 0.16055 -0.29053 -0.08565 0.26538 -0.35396 -0.58897 0.01860 0.03725
0.11938 -0.36060 -0.04294 -0.04757 -0.39255 0.03670 -0.13431 0.15609 -0.29013 -0.08267 0.26284 -0.35037 -0.58099 0.03415 0.03159
0.11404 -0.36255 -0.04050 -0.04645 -0.38744 0.03328 -0.13276 0.15971 -0.29326 -0.08030 0.25926 -0.34488 -0.57609 0.03668 0.03350
0.10453 -0.38423 -0.02322 -0.04739 -0.37528 0.03183 -0.12487 0.18813 -0.30038 -0.07626 0.25040 -0.33700 -0.55705 0.03768 0.02882
0.10400 -0.37930 -0.02686 -0.04968 -0.37645 0.03086 -0.12625 0.18527 -0.30180 -0.07453 0.25198 -0.33770 -0.55770 0.03800 0.03176
0.10250 -0.38613 -0.02488 -0.05114 -0.37495 0.03003 -0.12620 0.19368 -0.30284 -0.07138 0.25188 -0.33464 -0.55220 0.03971 0.03303
0.10442 -0.37736 -0.02987 -0.05216 -0.37743 0.02555 -0.12171 0.17843 -0.30456 -0.07143 0.25400 -0.33676 -0.56562 0.04636 0.03580
0.10638 -0.37663 -0.02953 -0.05279 -0.37792 0.02493 -0.11357 0.16811 -0.31254 -0.07153 0.25342 -0.33655 -0.57828 0.05592 0.04300
0.11048 -0.37848 -0.03407 -0.05326 -0.37724 0.02338 -0.09810 0.14918 -0.31603 -0.07316 0.25092 -0.33748 -0.60409 0.07559 0.04773
0.10220 -0.36167 -0.04183 -0.05362 -0.37665 0.02272 -0.07946 0.12722 -0.32522 -0.07323 0.24768 -0.33514 -0.63092 0.10100 0.04836
0.09551 -0.33855 0.02957 -0.05434 -0.37792 0.02248 0.00372 0.03374 -0.40922 -0.07393 0.24423 -0.32985 -0.71184 0.17202 0.06432
0.10477 -0.38312 0.07557 -0.05442 -0.37316 0.02061 0.04490 0.03994 -0.45055 -0.07517 0.23808 -0.32848 -0.76265 0.21191 0.06310
0.10781 -0.38026 0.08196 -0.05429 -0.37110 0.01984 0.08757 0.00077 -0.42666 -0.07600 0.23378 -0.32879 -0.80899 0.24913 0.03468
0.11623 -0.37985 0.07936 -0.05669 -0.36901 0.02304 0.16317 -0.07846 -0.32103 -0.07617 0.22152 -0.32841 -0.89653 0.31908 -0.06565
0.12229 -0.37770 0.08142 -0.05833 -0.36796 0.02616 0.19168 -0.11058 -0.28929 -0.07543 0.20987 -0.32912 -0.93033 0.34181 -0.09793
0.12440 -0.37729 0.08277 -0.05980 -0.36793 0.02748 0.19597 -0.14927 -0.26923 -0.07372 0.19284 -0.33031 -0.93722 0.36387 -0.11859
0.12746 -0.38081 0.08374 -0.06180 -0.36759 0.02936 0.15721 -0.16727 -0.18015 -0.07055 0.17127 -0.33699 -0.90553 0.36487 -0.21333
0.12979 -0.38101 0.08416 -0.06220 -0.36871 0.03525 0.16413 -0.18621 -0.18626 -0.06745 0.14803 -0.34538 -0.91282 0.36121 -0.21138
0.13017 -0.37839 0.08297 -0.06100 -0.37052 0.04229 0.19362 -0.21135 -0.22289 -0.06192 0.12693 -0.35372 -0.93251 0.36149 -0.17607
0.13160 -0.37905 0.07909 -0.05701 -0.36851 0.04736 0.19377 -0.26032 -0.20822 -0.04641 0.07039 -0.36603 -0.91437 0.35786 -0.19519
0.13355 -0.38240 0.07333 -0.05756 -0.37526 0.05060 0.14169 -0.26308 -0.15340 -0.01741 0.01939 -0.39251 -0.83863 0.31132 -0.26633
0.13414 -0.38339 0.06830 -0.05907 -0.37316 0.05010 0.13269 -0.25793 -0.15237 0.00088 -0.00823 -0.42448 -0.81348 0.28443 -0.29422
0.13503 -0.38498 0.06089 -0.06089 -0.35770 0.04208 0.19441 -0.28132 -0.21869 0.01870 -0.05992 -0.42020 -0.86078 0.27577 -0.22318
0.13701 -0.38867 0.05370 -0.06178 -0.35977 0.04301 0.19420 -0.28526 -0.22420 0.03548 -0.09847 -0.40439 -0.84950 0.24290 -0.19435
0.13635 -0.38865 0.05165 -0.06200 -0.35821 0.04232 0.18672 -0.28228 -0.23450 0.05575 -0.12945 -0.38143 -0.82195 0.21462 -0.15797
0.13740 -0.39037 0.04309 -0.06235 -0.35633 0.04036 0.17585 -0.28140 -0.23971 0.09421 -0.19178 -0.32945 -0.77482 0.15545 -0.09407
0.13527 -0.38509 0.03716 -0.06152 -0.35118 0.03768 0.17335 -0.27611 -0.23462 0.11657 -0.23861 -0.36011 -0.74007 0.10399 -0.12548
0.13611 -0.38846 0.03441 -0.06254 -0.35413 0.03587 0.17688 -0.27665 -0.23775 0.12308 -0.25025 -0.34662 -0.74349 0.09569 -0.10632
0.13631 -0.39021 0.03281 -0.06292 -0.35623 0.03470 0.17754 -0.27691 -0.23726 0.12593 -0.24785 -0.34137 -0.74424 0.09882 -0.10018
0.13623 -0.39173 0.02960 -0.06247 -0.35751 0.03235 0.17907 -0.27938 -0.23634 0.12530 -0.24480 -0.34080 -0.74698 0.10269 -0.10166
0.13666 -0.39272 0.02595 -0.06253 -0.35831 0.03093 0.18006 -0.27953 -0.23665 0.12231 -0.24385 -0.34207 -0.75190 0.10347 -0.10159
0.13683 -0.39313 0.02306 -0.06245 -0.35889 0.02937 0.18065 -0.28185 -0.23433 0.12082 -0.24387 -0.33839 -0.75388 0.10519 -0.10015
0.13688 -0.39346 0.02180 -0.06284 -0.35864 0.02788 0.17971 -0.28052 -0.23516 0.12125 -0.24598 -0.33968 -0.75299 0.10194 -0.10202
0.13634 -0.39169 0.02063 -0.06285 -0.35656 0.02788 0.17873 -0.27970 -0.23309 0.12500 -0.24915 -0.34205 -0.74532 0.09759 -0.10636
0.13620 -0.39156 0.01969 -0.06291 -0.35608 0.02797 0.17933 -0.28028 -0.23104 0.12588 -0.25076 -0.34312 -0.74458 0.09609 -0.10976
0.13458 -0.39100 0.02305 -0.06276 -0.35639 0.02764 0.18065 -0.27919 -0.23463 0.12485 -0.24918 -0.33875 -0.74827 0.09759 -0.10241
0.13292 -0.38975 0.02650 -0.06261 -0.35746 0.02742 0.17959 -0.28131 -0.23169 0.12427 -0.24973 -0.33866 -0.74954 0.09896 -0.10606
0.13204 -0.38883 0.02792 -0.06253 -0.35826 0.02768 0.17816 -0.28157 -0.23229 0.12303 -0.24803 -0.33559 -0.75095 0.10067 -0.10212
0.13176 -0.38876 0.02769 -0.06227 -0.35856 0.02793 0.17887 -0.28180 -0.23224 0.12239 -0.24680 -0.33507 -0.75210 0.10160 -0.10139
0.13113 -0.38728 0.02842 -0.06215 -0.35852 0.02786 0.17992 -0.28224 -0.22996 0.12213 -0.24724 -0.33391 -0.75366 0.10165 -0.10216
]
