classifier_Man_jumps_on_monkey_22424 [ 0.13842 -0.30177 0.11988 -0.12832 -0.31557 0.10069 0.21761 -0.36729 -0.21949 -0.09960 -0.42065 -0.12261 -1.06024 -0.03324 0.07875
0.13841 -0.30157 0.11997 -0.12848 -0.31520 0.10104 0.21630 -0.36698 -0.22176 -0.09926 -0.41991 -0.12328 -1.05904 -0.03226 0.07911
0.13860 -0.30135 0.12027 -0.12887 -0.31468 0.10191 0.21676 -0.36676 -0.22194 -0.09943 -0.42031 -0.12294 -1.06001 -0.03316 0.08037
0.13934 -0.30083 0.12081 -0.12938 -0.31453 0.10198 0.21717 -0.36752 -0.22282 -0.09916 -0.42113 -0.12214 -1.06096 -0.03353 0.08227
0.14039 -0.30010 0.12163 -0.13037 -0.31428 0.10198 0.21705 -0.36857 -0.22407 -0.09777 -0.42071 -0.12497 -1.06074 -0.03255 0.08051
0.14128 -0.29824 0.12468 -0.13177 -0.31316 0.10347 0.21486 -0.36952 -0.22611 -0.09729 -0.42080 -0.12818 -1.06002 -0.03241 0.07829
0.14531 -0.30204 0.12799 -0.13730 -0.31460 0.11110 0.21821 -0.37628 -0.23257 -0.09703 -0.42047 -0.13365 -1.08040 -0.02242 0.08417
0.14879 -0.30020 0.12965 -0.14167 -0.31276 0.11240 0.21533 -0.37862 -0.23607 -0.09490 -0.41758 -0.13621 -1.08352 -0.01729 0.08531
0.15288 -0.29709 0.13043 -0.14678 -0.30753 0.11712 0.20978 -0.37843 -0.23793 -0.09088 -0.41654 -0.14784 -1.08190 -0.01485 0.07971
0.17186 -0.28438 0.13781 -0.16082 -0.29885 0.12426 0.19166 -0.38672 -0.24237 -0.08401 -0.40086 -0.16778 -1.09128 0.00372 0.06462
0.18191 -0.27792 0.14069 -0.16987 -0.29202 0.13032 0.18055 -0.38975 -0.24944 -0.07811 -0.40588 -0.19410 -1.09420 0.00090 0.04939
0.19008 -0.26401 0.14872 -0.18923 -0.26380 0.15037 0.16541 -0.38550 -0.25198 -0.05935 -0.40858 -0.22872 -1.08349 0.00598 0.03066
0.21130 -0.29545 0.07911 -0.20068 -0.26910 0.15517 0.15279 -0.35963 -0.22256 -0.05897 -0.39603 -0.24872 -1.11841 0.01657 0.05617
0.20676 -0.23139 0.16756 -0.22023 -0.21193 0.17441 0.10192 -0.32810 -0.30462 -0.02725 -0.39550 -0.28051 -1.02980 -0.02484 0.03729
0.23990 -0.21808 0.16717 -0.23166 -0.21411 0.18079 0.06949 -0.33269 -0.32738 -0.02284 -0.37447 -0.30285 -1.05272 -0.01625 0.04528
0.24217 -0.20579 0.16178 -0.23992 -0.18961 0.17996 0.04541 -0.31506 -0.35130 -0.00360 -0.35111 -0.31524 -1.00871 -0.00216 0.06112
0.25577 -0.18862 0.17442 -0.25386 -0.17337 0.18917 0.01121 -0.32555 -0.38293 0.00322 -0.32961 -0.32778 -1.00463 0.02615 0.07726
0.26738 -0.17658 0.17386 -0.26679 -0.16052 0.18676 -0.01878 -0.31821 -0.37399 0.02837 -0.32648 -0.34079 -0.97689 0.01924 0.05295
0.27920 -0.15337 0.17844 -0.27280 -0.14964 0.18872 -0.04932 -0.32991 -0.37660 0.03613 -0.30932 -0.34333 -0.95827 0.03367 0.05024
0.28142 -0.14149 0.17684 -0.27933 -0.14061 0.17981 -0.06764 -0.31412 -0.37041 0.05151 -0.30042 -0.33369 -0.93385 0.02977 0.04313
0.28759 -0.12782 0.17200 -0.28426 -0.12754 0.17617 -0.07552 -0.31810 -0.35778 0.06110 -0.30083 -0.31868 -0.92181 0.02567 0.04750
0.28774 -0.11668 0.16784 -0.28907 -0.12356 0.16110 -0.07336 -0.31628 -0.35075 0.06886 -0.31479 -0.29647 -0.91748 0.00766 0.05053
0.29586 -0.11375 0.15422 -0.29291 -0.11897 0.15750 -0.06780 -0.33320 -0.32136 0.06496 -0.33844 -0.26513 -0.93533 -0.00710 0.06062
0.29814 -0.11007 0.14955 -0.29606 -0.10677 0.16109 -0.08543 -0.32234 -0.29512 0.08084 -0.32367 -0.24896 -0.90759 0.00225 0.05892
0.30302 -0.10349 0.15248 -0.30013 -0.10983 0.16334 -0.11087 -0.28529 -0.26973 0.11641 -0.29755 -0.24510 -0.88101 -0.01306 0.04923
0.30508 -0.09359 0.14739 -0.30462 -0.09936 0.16906 -0.13580 -0.26453 -0.23914 0.14591 -0.28403 -0.22901 -0.83685 -0.02337 0.04419
0.32588 -0.09425 0.15656 -0.31598 -0.10443 0.17360 -0.15002 -0.25360 -0.24447 0.13997 -0.26433 -0.25123 -0.89984 -0.01581 0.02876
0.32841 -0.09521 0.15597 -0.31566 -0.10776 0.17127 -0.15205 -0.27099 -0.25504 0.12019 -0.30645 -0.26096 -0.92419 -0.04350 0.02989
0.29934 -0.08690 0.14022 -0.28556 -0.10073 0.15351 -0.14940 -0.33571 -0.25072 0.10010 -0.34906 -0.24398 -0.83888 -0.02354 0.03990
0.29947 -0.08355 0.13978 -0.29472 -0.11522 0.15990 -0.10753 -0.33173 -0.25723 0.08227 -0.36949 -0.25775 -0.91539 -0.06123 0.03988
0.29980 -0.08610 0.13766 -0.29251 -0.11704 0.15646 -0.08870 -0.34003 -0.26222 0.07399 -0.37202 -0.26144 -0.93838 -0.05724 0.03834
0.29992 -0.08628 0.13738 -0.29242 -0.11872 0.16519 -0.10286 -0.32094 -0.25814 0.08778 -0.35040 -0.28039 -0.90923 -0.05721 0.02416
0.30367 -0.08605 0.16054 -0.29071 -0.11832 0.16649 -0.13247 -0.25841 -0.26876 0.10844 -0.28939 -0.27325 -0.86106 -0.05987 0.01866
0.30780 -0.08449 0.19143 -0.29965 -0.11551 0.18303 -0.15136 -0.21902 -0.29883 0.10898 -0.25224 -0.27074 -0.87568 -0.06106 0.03799
0.30816 -0.08024 0.19446 -0.29845 -0.11217 0.18788 -0.15886 -0.18427 -0.30970 0.12616 -0.22950 -0.25407 -0.85407 -0.06890 0.06942
0.30428 -0.07634 0.19782 -0.29458 -0.11260 0.18870 -0.12978 -0.18792 -0.32384 0.17958 -0.24296 -0.26265 -0.82049 -0.08030 0.07357
0.29983 -0.07656 0.19911 -0.29043 -0.11381 0.19222 -0.11439 -0.21411 -0.34434 0.12954 -0.24839 -0.27373 -0.87426 -0.05836 0.08570
0.29051 -0.08755 0.19812 -0.27866 -0.12051 0.19667 -0.09447 -0.24202 -0.36621 0.14293 -0.28974 -0.29488 -0.84821 -0.07092 0.08852
0.28764 -0.08746 0.18813 -0.26666 -0.13125 0.19184 -0.09621 -0.27603 -0.36860 0.11497 -0.29299 -0.31904 -0.85004 -0.04735 0.07220
0.28872 -0.12531 0.14763 -0.26473 -0.20055 0.15720 -0.09404 -0.27952 -0.36388 0.13566 -0.26659 -0.36804 -0.84597 -0.04533 0.02562
0.26855 -0.14676 0.17483 -0.25723 -0.19790 0.15279 -0.09117 -0.25868 -0.39942 0.15416 -0.23766 -0.40318 -0.79328 -0.01207 -0.00501
0.27361 -0.15805 0.17255 -0.22746 -0.22858 0.12920 -0.10998 -0.26500 -0.41950 0.15373 -0.18029 -0.44606 -0.75594 0.03072 -0.05113
0.27860 -0.17391 0.17361 -0.22507 -0.24501 0.12476 -0.12832 -0.26286 -0.44257 0.17434 -0.13592 -0.49992 -0.73970 0.07473 -0.08563
0.26813 -0.19864 0.15730 -0.20901 -0.26806 0.08382 -0.13689 -0.25486 -0.44824 0.18493 -0.04660 -0.49463 -0.70933 0.15945 -0.09821
0.26531 -0.20865 0.15049 -0.20810 -0.27138 0.05301 -0.13911 -0.23359 -0.44033 0.19893 0.01129 -0.49030 -0.68878 0.20144 -0.12933
0.23179 -0.25015 0.12226 -0.13663 -0.31497 -0.15409 -0.13905 -0.18069 -0.41156 0.18028 0.25159 -0.32768 -0.59426 0.38808 -0.17574
0.23058 -0.25402 0.11743 -0.13706 -0.31574 -0.15464 -0.14340 -0.17639 -0.40051 0.19642 0.28935 -0.33288 -0.57327 0.42662 -0.18909
0.21524 -0.25078 0.10430 -0.11885 -0.29633 -0.19864 -0.14926 -0.17755 -0.39804 0.19185 0.29698 -0.29801 -0.52701 0.45403 -0.18713
0.21057 -0.25539 0.07882 -0.10219 -0.29524 -0.23259 -0.21978 -0.21274 -0.48378 0.19444 0.30323 -0.29814 -0.43265 0.50900 -0.11722
0.20616 -0.25953 0.05738 -0.08879 -0.28393 -0.26123 -0.22302 -0.20861 -0.46830 0.18852 0.29510 -0.29439 -0.41181 0.51409 -0.13702
0.19700 -0.26785 0.06064 -0.08193 -0.27091 -0.27846 -0.23096 -0.20850 -0.47161 0.18343 0.28619 -0.30967 -0.39467 0.52771 -0.16894
0.15611 -0.32348 -0.04882 -0.07431 -0.25018 -0.26660 -0.19529 -0.12743 -0.33588 0.16881 0.26698 -0.29123 -0.36458 0.50210 -0.16675
0.15595 -0.33213 -0.04743 -0.12096 -0.21647 -0.24564 -0.20114 -0.12127 -0.37342 0.17460 0.28298 -0.28433 -0.36758 0.50743 -0.14353
0.16377 -0.29694 0.06399 -0.13838 -0.21822 -0.25911 -0.21438 -0.20772 -0.48129 0.18695 0.30572 -0.30374 -0.39497 0.56437 -0.19168
0.14942 -0.35617 -0.03874 -0.13698 -0.20937 -0.25198 -0.20276 -0.14175 -0.36527 0.18097 0.29679 -0.29504 -0.38287 0.55503 -0.19051
0.15015 -0.35563 -0.04657 -0.13762 -0.20663 -0.25265 -0.20638 -0.14209 -0.36546 0.17973 0.29581 -0.29370 -0.38018 0.55376 -0.18984
0.15102 -0.35487 -0.04706 -0.13830 -0.20442 -0.25268 -0.20869 -0.14103 -0.36435 0.17984 0.29156 -0.29306 -0.37856 0.54850 -0.18918
0.15291 -0.35394 -0.04914 -0.14289 -0.19446 -0.25051 -0.21493 -0.13215 -0.36523 0.17984 0.29203 -0.29189 -0.37452 0.53950 -0.18459
0.15090 -0.33356 -0.06594 -0.13799 -0.18252 -0.23847 -0.21942 -0.06852 -0.36456 0.17170 0.27910 -0.27670 -0.34778 0.45370 -0.13967
0.15997 -0.34060 -0.09602 -0.14465 -0.18798 -0.24754 -0.23132 -0.04746 -0.35657 0.17924 0.28858 -0.28694 -0.36074 0.44040 -0.13908
0.16787 -0.33295 -0.10307 -0.14778 -0.18900 -0.24995 -0.25162 0.00217 -0.36194 0.18107 0.29344 -0.28891 -0.35492 0.38535 -0.13310
0.17297 -0.29099 -0.16834 -0.14151 -0.17905 -0.23873 -0.25870 0.04564 -0.28435 0.17463 0.27962 -0.27354 -0.32370 0.29242 -0.12358
0.17920 -0.29412 -0.19868 -0.14570 -0.18688 -0.25584 -0.27618 0.11671 -0.27878 0.18353 0.29231 -0.28357 -0.33063 0.22747 -0.12375
0.17455 -0.28288 -0.22109 -0.14726 -0.18624 -0.25591 -0.28258 0.18684 -0.26365 0.18710 0.29711 -0.28406 -0.31940 0.14740 -0.11971
0.15573 -0.20864 -0.23296 -0.14719 -0.18161 -0.25398 -0.26877 0.27542 -0.22565 0.18930 0.30276 -0.27537 -0.30673 0.00076 -0.13310
0.18576 -0.12854 -0.22524 -0.15060 -0.17742 -0.25350 -0.26271 0.30670 -0.17898 0.19153 0.30528 -0.27163 -0.30358 -0.05685 -0.14889
0.18157 -0.11234 -0.23743 -0.15791 -0.17850 -0.25907 -0.25867 0.33524 -0.15192 0.19368 0.30652 -0.26827 -0.30584 -0.10573 -0.16506
0.15782 -0.06100 -0.27096 -0.16892 -0.18499 -0.27193 -0.23851 0.31431 -0.11887 0.19991 0.32053 -0.27565 -0.32196 -0.13577 -0.18346
0.15113 -0.06063 -0.27429 -0.17388 -0.18748 -0.27616 -0.22928 0.32550 -0.11031 0.20041 0.32354 -0.27537 -0.33155 -0.15148 -0.18963
0.14620 -0.05425 -0.28277 -0.17690 -0.18974 -0.27826 -0.23733 0.32718 -0.09583 0.20026 0.32695 -0.27717 -0.32238 -0.15910 -0.19726
0.14388 -0.05336 -0.28283 -0.17655 -0.18919 -0.27710 -0.24613 0.30756 -0.09419 0.19817 0.32487 -0.28085 -0.31141 -0.14069 -0.20037
0.15811 -0.08200 -0.27722 -0.17370 -0.18939 -0.27742 -0.26822 0.30751 -0.09390 0.19980 0.32558 -0.28348 -0.29955 -0.10392 -0.20841
0.14901 -0.09722 -0.26788 -0.16704 -0.18427 -0.27134 -0.27277 0.26698 -0.08207 0.19537 0.31701 -0.27995 -0.27820 -0.05215 -0.22141
0.14632 -0.14407 -0.24740 -0.16614 -0.18464 -0.27744 -0.29246 0.25615 -0.09027 0.19960 0.32182 -0.28703 -0.26979 0.00400 -0.25370
0.18023 -0.20811 -0.18737 -0.16110 -0.18362 -0.27357 -0.33402 0.24225 -0.11856 0.19816 0.31714 -0.28650 -0.26169 0.07632 -0.28442
0.18286 -0.26228 -0.18986 -0.15113 -0.17512 -0.26271 -0.35626 0.23179 -0.08470 0.18892 0.30175 -0.27445 -0.23410 0.12329 -0.30052
0.19058 -0.27678 -0.16521 -0.14695 -0.17211 -0.25625 -0.35488 0.19071 -0.08028 0.18343 0.29510 -0.26995 -0.24046 0.17515 -0.32079
0.20067 -0.30384 -0.14085 -0.15119 -0.17653 -0.26358 -0.37843 0.17141 -0.09998 0.18639 0.30598 -0.27912 -0.24489 0.22560 -0.34479
0.20978 -0.31246 -0.11772 -0.15098 -0.17470 -0.26306 -0.36836 0.12205 -0.11836 0.18427 0.30331 -0.27732 -0.26625 0.28198 -0.34839
0.21006 -0.28210 -0.03637 -0.15438 -0.17691 -0.26504 -0.36375 0.07513 -0.24789 0.18652 0.30949 -0.28353 -0.28166 0.30138 -0.31016
0.21273 -0.32246 -0.08788 -0.15118 -0.17244 -0.25809 -0.34194 0.09491 -0.22515 0.18210 0.30205 -0.27561 -0.29623 0.32003 -0.26590
0.21467 -0.32272 -0.08830 -0.15141 -0.17253 -0.25838 -0.31327 0.07140 -0.25842 0.18282 0.30383 -0.27623 -0.32919 0.34515 -0.23422
0.21331 -0.32009 -0.10206 -0.15161 -0.17272 -0.25816 -0.28820 0.06010 -0.28398 0.18384 0.30342 -0.27664 -0.35872 0.34968 -0.20462
0.22133 -0.30570 -0.12006 -0.15031 -0.17116 -0.25577 -0.26766 0.06188 -0.28644 0.18501 0.30075 -0.27401 -0.38150 0.33238 -0.17916
0.22113 -0.29283 -0.13052 -0.14712 -0.16765 -0.25057 -0.23902 0.07543 -0.29308 0.18357 0.29517 -0.26920 -0.39981 0.30386 -0.15164
0.21633 -0.25170 -0.06796 -0.14669 -0.16771 -0.25037 -0.21318 0.06501 -0.37184 0.18509 0.29488 -0.26769 -0.41749 0.27161 -0.13381
0.22382 -0.25553 -0.06879 -0.14587 -0.17006 -0.24982 -0.20571 0.10750 -0.37568 0.18627 0.29591 -0.26943 -0.42941 0.23025 -0.12934
0.23489 -0.26895 -0.11593 -0.14514 -0.17158 -0.25272 -0.19261 0.19145 -0.35198 0.19096 0.29460 -0.27034 -0.44743 0.15575 -0.10972
0.23363 -0.26853 -0.11721 -0.14274 -0.17079 -0.25111 -0.18228 0.21893 -0.36721 0.18952 0.29263 -0.26829 -0.45230 0.12703 -0.08922
0.23235 -0.26597 -0.11488 -0.14096 -0.17041 -0.24996 -0.18086 0.23825 -0.38901 0.18983 0.29085 -0.26686 -0.44835 0.10426 -0.06650
0.23723 -0.25003 -0.10973 -0.14197 -0.17269 -0.25298 -0.19384 0.24547 -0.41500 0.19397 0.29376 -0.27009 -0.43897 0.09000 -0.04642
0.25203 -0.18834 -0.12698 -0.13941 -0.17036 -0.24868 -0.22487 0.18906 -0.42792 0.19788 0.28989 -0.26775 -0.41145 0.08333 -0.01290
0.26479 -0.16966 -0.13921 -0.13836 -0.16944 -0.25096 -0.22995 0.16994 -0.43018 0.20027 0.29206 -0.26661 -0.41743 0.08440 -0.00264
0.28313 -0.14641 -0.14181 -0.14205 -0.17514 -0.26269 -0.24699 0.14936 -0.46588 0.20986 0.30334 -0.27411 -0.43093 0.08454 0.01492
0.26712 -0.08111 -0.17638 -0.13582 -0.16867 -0.25654 -0.23763 0.07002 -0.42809 0.20489 0.29414 -0.26201 -0.40969 0.09360 0.03212
0.30952 -0.10039 -0.24577 -0.13565 -0.17253 -0.26804 -0.26847 0.03322 -0.40088 0.20793 0.29763 -0.26333 -0.41756 0.10483 0.05016
0.26622 -0.04309 -0.29457 -0.13042 -0.17317 -0.25384 -0.22897 -0.02634 -0.33639 0.20134 0.29542 -0.26008 -0.40875 0.11978 0.06329
0.26148 -0.02691 -0.30268 -0.12858 -0.17796 -0.24927 -0.22550 -0.05199 -0.32923 0.20136 0.30025 -0.26623 -0.41170 0.13579 0.07085
0.24920 -0.02589 -0.29924 -0.12398 -0.17646 -0.24511 -0.21757 -0.06573 -0.31395 0.19454 0.29138 -0.25903 -0.40535 0.13815 0.07503
0.24361 -0.01478 -0.30783 -0.11998 -0.17730 -0.24647 -0.21069 -0.07830 -0.31170 0.19098 0.29019 -0.25941 -0.41090 0.14071 0.07952
0.24201 -0.01041 -0.31025 -0.11795 -0.17824 -0.24608 -0.20980 -0.08067 -0.31115 0.19075 0.28691 -0.25957 -0.41055 0.13652 0.08141
0.23952 -0.00648 -0.31202 -0.11699 -0.18262 -0.24242 -0.20930 -0.08041 -0.31031 0.19099 0.28868 -0.26242 -0.40776 0.13098 0.08311
0.23924 -0.00552 -0.31150 -0.11665 -0.18551 -0.23963 -0.21155 -0.07442 -0.31133 0.19197 0.28746 -0.26520 -0.40373 0.12079 0.08297
0.26751 -0.00139 -0.28976 -0.11592 -0.18637 -0.24356 -0.24374 -0.04961 -0.33455 0.19219 0.28537 -0.26835 -0.40041 0.08942 0.07683
0.27756 0.00247 -0.29226 -0.11769 -0.19044 -0.25098 -0.25325 -0.04395 -0.33999 0.19509 0.28934 -0.27313 -0.40823 0.07926 0.07165
0.27910 0.01327 -0.29102 -0.11713 -0.19060 -0.25282 -0.25539 -0.04232 -0.33884 0.19479 0.28794 -0.27338 -0.40566 0.06558 0.06637
0.28805 0.01119 -0.26581 -0.11469 -0.18758 -0.24571 -0.26807 -0.03104 -0.34049 0.19161 0.28033 -0.26746 -0.38863 0.05408 0.05671
0.29792 -0.00875 -0.19468 -0.11389 -0.18949 -0.25208 -0.28235 0.01060 -0.40718 0.19491 0.28276 -0.26895 -0.38360 0.03303 0.04208
0.30801 -0.00640 -0.20163 -0.11569 -0.19413 -0.26013 -0.29606 0.01986 -0.41731 0.20065 0.28686 -0.27641 -0.38695 0.02172 0.04020
0.30804 -0.00230 -0.20305 -0.11522 -0.19568 -0.26047 -0.29834 0.02519 -0.41311 0.20159 0.28653 -0.27374 -0.38113 0.01418 0.03749
0.30777 0.00114 -0.20591 -0.11553 -0.19727 -0.25767 -0.29984 0.02807 -0.41255 0.20408 0.28690 -0.27474 -0.37701 0.00896 0.03548
0.30682 0.00341 -0.20464 -0.10376 -0.19856 -0.26654 -0.30122 0.02665 -0.41368 0.20245 0.28585 -0.27022 -0.37198 0.00953 0.03669
0.29810 0.00024 -0.20436 -0.10089 -0.19633 -0.26090 -0.29272 0.01345 -0.40524 0.20145 0.28016 -0.26303 -0.35968 0.02145 0.03662
0.30129 -0.01207 -0.21460 -0.09836 -0.19797 -0.26237 -0.29169 0.00364 -0.40590 0.20198 0.27958 -0.26275 -0.35705 0.03071 0.03910
0.29459 -0.02207 -0.21388 -0.09375 -0.20435 -0.26673 -0.27985 -0.00532 -0.41735 0.20454 0.28182 -0.26416 -0.35833 0.03790 0.04164
0.26575 -0.00887 -0.29464 -0.08962 -0.20463 -0.26083 -0.25876 -0.03033 -0.33566 0.20359 0.27830 -0.26705 -0.34608 0.04624 0.04639
0.26505 -0.01046 -0.29294 -0.08147 -0.20478 -0.26714 -0.26123 -0.02720 -0.34133 0.20036 0.27528 -0.26152 -0.33749 0.04117 0.05215
0.18687 0.01667 -0.36434 -0.07661 -0.21258 -0.27788 -0.20410 -0.00913 -0.31105 0.20985 0.27754 -0.27437 -0.32363 -0.00539 0.07495
0.24277 0.04130 -0.20606 -0.07053 -0.21471 -0.27767 -0.28653 0.04526 -0.45249 0.20859 0.27501 -0.27020 -0.30911 -0.05482 0.07920
0.23923 0.07966 -0.23238 -0.07155 -0.21486 -0.27138 -0.32481 0.10827 -0.44102 0.21898 0.27246 -0.28142 -0.26418 -0.16381 0.09003
0.21433 0.12368 -0.27745 -0.06693 -0.20744 -0.26096 -0.31665 0.10139 -0.36733 0.21419 0.26152 -0.27367 -0.23028 -0.20862 0.08394
0.15959 0.15729 -0.27744 -0.05892 -0.22168 -0.29120 -0.28217 0.17285 -0.28375 0.23192 0.26855 -0.28694 -0.21074 -0.35054 -0.00065
0.14281 0.15806 -0.26793 -0.05656 -0.21688 -0.28158 -0.35528 0.17796 -0.29867 0.22648 0.26321 -0.27623 -0.10765 -0.35603 0.02514
0.11361 0.16981 -0.27221 -0.05039 -0.21328 -0.27722 -0.34897 0.16790 -0.26348 0.22070 0.25698 -0.27018 -0.07670 -0.35987 0.00626
0.10174 0.17310 -0.27818 -0.02438 -0.20145 -0.31142 -0.39822 0.15717 -0.26570 0.19768 0.24617 -0.24261 -0.01727 -0.35602 0.00927
0.08074 0.17597 -0.28178 -0.02308 -0.20141 -0.31598 -0.40076 0.14870 -0.24781 0.19834 0.24776 -0.24272 0.00599 -0.35036 -0.00781
0.05883 0.18026 -0.29221 -0.02205 -0.20247 -0.32565 -0.43603 0.12073 -0.24873 0.19828 0.25055 -0.24390 0.05749 -0.32853 -0.00658
0.04145 0.19067 -0.30346 -0.00897 -0.19277 -0.33540 -0.45940 0.07851 -0.24535 0.17978 0.24304 -0.21838 0.10229 -0.28128 -0.00212
0.02484 0.18338 -0.30281 -0.00801 -0.18068 -0.32028 -0.44759 0.04073 -0.22981 0.16932 0.22990 -0.21407 0.11436 -0.23182 -0.00794
0.00819 0.18332 -0.31480 -0.00870 -0.18417 -0.32781 -0.38843 0.00984 -0.21904 0.17319 0.23186 -0.22360 0.05952 -0.20302 -0.02864
-0.01093 0.16906 -0.32665 -0.07017 -0.23358 -0.24037 -0.35545 -0.02882 -0.20055 0.22914 0.27433 -0.30043 0.04790 -0.15582 -0.02990
-0.02139 0.15220 -0.32963 -0.03019 -0.09774 -0.34220 -0.36780 -0.08358 -0.19607 0.23710 0.16349 -0.38358 0.13294 -0.05884 -0.22024
-0.03325 0.13768 -0.34433 0.01886 0.01343 -0.37756 -0.28862 -0.07475 -0.16383 0.21342 0.14739 -0.41693 0.10066 0.04242 -0.30929
-0.05028 0.11731 -0.35156 0.01885 0.01391 -0.37327 -0.29283 -0.05763 -0.14942 0.21160 0.14623 -0.41175 0.12510 0.04580 -0.30825
-0.04657 0.11962 -0.34984 0.00511 0.00497 -0.37257 -0.29692 -0.05816 -0.14836 0.21775 0.15043 -0.40495 0.11955 0.03916 -0.30467
-0.04624 0.12203 -0.35160 0.00273 0.00689 -0.37496 -0.28504 -0.04706 -0.14517 0.21761 0.15090 -0.40852 0.10171 0.02813 -0.31244
-0.04422 0.11934 -0.34153 0.00958 0.00650 -0.36428 -0.32992 -0.05203 -0.14732 0.21012 0.14496 -0.39833 0.15346 0.03246 -0.29854
-0.04345 0.12280 -0.34390 0.01416 0.00811 -0.36737 -0.33218 -0.05013 -0.15184 0.21037 0.14486 -0.40328 0.15640 0.02847 -0.30003
-0.04314 0.12736 -0.34566 0.01836 0.01026 -0.37030 -0.32367 -0.02907 -0.14610 0.21110 0.14521 -0.40759 0.14850 0.00560 -0.31179
-0.04271 0.12992 -0.34428 0.01915 0.01049 -0.36981 -0.39435 -0.04531 -0.14456 0.21071 0.14487 -0.40725 0.21970 0.01951 -0.31390
-0.04278 0.13281 -0.34948 -0.01859 -0.10668 -0.34178 -0.40033 -0.04837 -0.14954 0.23127 0.15953 -0.37400 0.19966 -0.08221 -0.24253
-0.04299 0.13525 -0.35437 -0.06496 -0.22537 -0.21902 -0.39775 -0.04694 -0.15416 0.22035 0.28317 -0.29684 0.12777 -0.08401 -0.03264
-0.04199 0.13490 -0.35280 -0.06138 -0.22328 -0.21840 -0.40124 -0.05489 -0.15613 0.21973 0.28678 -0.29352 0.13219 -0.07073 -0.02785
-0.04201 0.13813 -0.36236 -0.06088 -0.22833 -0.22418 -0.36053 -0.05016 -0.16637 0.22405 0.29793 -0.30011 0.08222 -0.07463 -0.02106
-0.04025 0.13766 -0.36242 -0.05957 -0.22788 -0.22386 -0.36060 -0.05065 -0.16714 0.22260 0.29906 -0.29827 0.07979 -0.07208 -0.01841
-0.03422 0.13538 -0.36177 -0.02678 -0.20580 -0.25974 -0.36028 -0.04629 -0.16680 0.20282 0.30503 -0.26356 0.08825 -0.04601 -0.02102
-0.00794 0.12911 -0.36753 -0.04342 -0.22202 -0.22874 -0.36711 -0.02342 -0.16238 0.20693 0.29706 -0.29915 0.05248 -0.08704 -0.02475
0.00643 0.12407 -0.36947 -0.04461 -0.22342 -0.22596 -0.37084 -0.01146 -0.15827 0.21075 0.29488 -0.30237 0.04392 -0.09711 -0.02675
0.02399 0.11522 -0.36839 -0.04568 -0.23131 -0.22680 -0.37798 0.00031 -0.15235 0.21662 0.28886 -0.29675 0.04105 -0.11218 -0.02810
0.08053 0.07848 -0.38605 -0.06014 -0.22439 -0.18721 -0.40171 0.07150 -0.14228 0.24319 0.21937 -0.34310 0.00179 -0.20823 -0.02473
0.12259 0.05538 -0.37358 -0.06177 -0.23500 -0.18249 -0.39053 0.10756 -0.14819 0.24375 0.21749 -0.34029 -0.05199 -0.23131 -0.02222
0.18629 -0.00623 -0.34500 -0.07365 -0.26727 -0.18549 -0.39018 0.16176 -0.19247 0.24014 0.18634 -0.32902 -0.13696 -0.28223 0.00422
0.20728 -0.03122 -0.33855 -0.09199 -0.28295 -0.15133 -0.36099 0.17510 -0.21235 0.24616 0.16088 -0.36295 -0.20746 -0.30966 0.01931
0.24309 -0.07980 -0.31743 -0.10241 -0.28106 -0.11106 -0.32631 0.19511 -0.22620 0.22814 0.10816 -0.38734 -0.29908 -0.32830 0.03055
0.26331 -0.10646 -0.30307 -0.09610 -0.32388 -0.23493 -0.28521 0.19380 -0.25244 0.19371 0.09172 -0.26330 -0.40039 -0.35514 0.04700
0.27651 -0.12958 -0.25841 -0.11712 -0.26959 -0.00473 -0.22680 0.18349 -0.26342 0.16605 -0.01632 -0.46678 -0.49595 -0.35875 0.05800
0.27873 -0.19171 -0.05077 -0.11612 -0.27837 0.01374 -0.16383 0.18810 -0.47198 0.11948 -0.06768 -0.46954 -0.60801 -0.36554 0.07710
0.29190 -0.21944 -0.11198 -0.11170 -0.29282 0.03997 -0.11387 0.15377 -0.40171 0.06809 -0.10765 -0.46753 -0.71234 -0.35822 0.09572
0.26247 -0.24039 0.03313 -0.11269 -0.30948 0.06793 -0.02715 0.10278 -0.53797 0.02819 -0.17876 -0.46092 -0.83149 -0.37519 0.12653
0.25601 -0.25723 0.08080 -0.11081 -0.30828 0.07869 0.02556 0.05686 -0.54734 -0.02049 -0.21789 -0.43239 -0.92355 -0.34831 0.12912
0.24790 -0.25921 0.08469 -0.11077 -0.31343 0.09774 0.07688 -0.00593 -0.51016 -0.05687 -0.26164 -0.40501 -1.00450 -0.33052 0.13493
0.20717 -0.28643 0.11846 -0.11681 -0.32826 0.12395 0.19755 -0.11196 -0.46938 -0.10143 -0.33590 -0.29441 -1.14786 -0.28341 0.19704
0.19803 -0.28368 0.12683 -0.11732 -0.32466 0.12885 0.22296 -0.15679 -0.43989 -0.11024 -0.37723 -0.25205 -1.16592 -0.27836 0.20394
0.18884 -0.29284 0.13098 -0.11927 -0.32755 0.13105 0.20655 -0.24604 -0.27581 -0.11982 -0.42974 -0.16391 -1.16185 -0.23138 0.12448
0.17806 -0.29443 0.12680 -0.11727 -0.32801 0.11745 0.22835 -0.30570 -0.25969 -0.11775 -0.43357 -0.09456 -1.15661 -0.17386 0.16382
0.17094 -0.29436 0.12485 -0.11437 -0.32605 0.11328 0.23560 -0.31759 -0.26649 -0.11535 -0.43449 -0.07669 -1.14287 -0.16062 0.18313
0.16642 -0.29180 0.12298 -0.11239 -0.32217 0.11100 0.24338 -0.32993 -0.27663 -0.11119 -0.44164 -0.06907 -1.13135 -0.15373 0.19781
0.18739 -0.31471 0.03182 -0.11770 -0.32852 0.11310 0.20969 -0.34063 -0.15137 -0.11324 -0.45364 -0.06439 -1.12835 -0.13670 0.16221
0.17911 -0.31735 0.03083 -0.11783 -0.32938 0.11356 0.20824 -0.35261 -0.15815 -0.10996 -0.45063 -0.06892 -1.12303 -0.11417 0.16676
0.17471 -0.31228 0.03285 -0.11599 -0.32395 0.11230 0.20144 -0.35467 -0.15465 -0.10461 -0.44018 -0.07541 -1.09795 -0.09820 0.15385
0.17361 -0.31304 0.03256 -0.11591 -0.32365 0.11291 0.19915 -0.35749 -0.15271 -0.10101 -0.43639 -0.08476 -1.09157 -0.08855 0.14417
0.17001 -0.31508 0.03146 -0.11456 -0.32487 0.11076 0.19697 -0.36300 -0.15700 -0.09791 -0.43369 -0.10383 -1.08192 -0.07768 0.12955
0.16891 -0.31685 0.02827 -0.11454 -0.32485 0.11081 0.19859 -0.36384 -0.15180 -0.09576 -0.43322 -0.12221 -1.08075 -0.07353 0.10948
0.16763 -0.31855 0.02600 -0.11432 -0.32621 0.10960 0.19897 -0.36431 -0.14643 -0.09674 -0.43214 -0.12655 -1.08170 -0.07073 0.10094
0.14385 -0.30245 0.10168 -0.11065 -0.31552 0.10380 0.21596 -0.36623 -0.22606 -0.09327 -0.41786 -0.12693 -1.05023 -0.05961 0.09864
0.14324 -0.30274 0.10145 -0.11110 -0.31554 0.10313 0.21669 -0.36525 -0.22546 -0.09245 -0.40995 -0.12685 -1.04994 -0.05208 0.09760
0.14248 -0.30316 0.10119 -0.11152 -0.31512 0.10368 0.21685 -0.36553 -0.22420 -0.09369 -0.40965 -0.12877 -1.05103 -0.05046 0.09505
0.16693 -0.31950 0.02678 -0.11660 -0.32612 0.10723 0.19756 -0.36262 -0.14413 -0.09554 -0.42525 -0.13767 -1.08059 -0.06302 0.08391
0.16619 -0.32017 0.02645 -0.11799 -0.32677 0.10524 0.19919 -0.36369 -0.14408 -0.09557 -0.42493 -0.13567 -1.08313 -0.06115 0.08413
0.14071 -0.30512 0.09970 -0.11467 -0.31537 0.10141 0.21425 -0.36597 -0.22179 -0.09328 -0.41232 -0.13081 -1.04974 -0.04975 0.08951
0.14057 -0.30565 0.09894 -0.11532 -0.31532 0.10133 0.21723 -0.36468 -0.22151 -0.09320 -0.41292 -0.12980 -1.05328 -0.05077 0.09091
0.14070 -0.30651 0.10093 -0.12082 -0.31210 0.10807 0.21806 -0.36562 -0.22327 -0.09550 -0.41795 -0.12119 -1.05734 -0.04895 0.09824
0.14054 -0.30672 0.10173 -0.12276 -0.31067 0.11068 0.21789 -0.36718 -0.22388 -0.09500 -0.42116 -0.11897 -1.05657 -0.04791 0.10052
0.14018 -0.30622 0.10234 -0.12189 -0.31101 0.10981 0.21788 -0.36654 -0.22360 -0.09469 -0.42108 -0.11628 -1.05610 -0.04877 0.10402
0.13989 -0.30604 0.10314 -0.12141 -0.31140 0.10940 0.21764 -0.36633 -0.22524 -0.09341 -0.42087 -0.11449 -1.05518 -0.04897 0.10803
]
