classifier_Car_monkey_bumps_into_each_other_2532 [ 0.12960 -0.39417 0.00434 -0.05282 -0.35061 -0.02143 0.16510 -0.29864 -0.23482 -0.07740 -0.37461 -0.03225 -0.93902 -0.01737 0.16012
0.13033 -0.39370 0.00434 -0.05278 -0.35063 -0.02147 0.16644 -0.29862 -0.23637 -0.07792 -0.37463 -0.03285 -0.94172 -0.01802 0.16096
0.13107 -0.39317 0.00440 -0.05274 -0.35064 -0.02158 0.16491 -0.30004 -0.23546 -0.07786 -0.37513 -0.03356 -0.94098 -0.01776 0.15925
0.13227 -0.39279 0.00419 -0.05294 -0.35086 -0.02125 0.16623 -0.29896 -0.23718 -0.07859 -0.37486 -0.03541 -0.94431 -0.01938 0.15925
0.12941 -0.37708 0.00491 -0.05137 -0.33699 -0.01994 0.22297 -0.29562 -0.29803 -0.10127 -0.39451 -0.03276 -0.99916 -0.04481 0.22413
0.14153 -0.38609 0.01377 -0.05783 -0.34964 -0.01617 0.17300 -0.30281 -0.25170 -0.07132 -0.37554 -0.04188 -0.95848 -0.01945 0.16648
0.17922 -0.35231 0.05566 -0.07259 -0.34687 -0.00472 0.13991 -0.30159 -0.25813 -0.05504 -0.38279 -0.04644 -0.96633 -0.05940 0.13764
0.18093 -0.33875 0.06798 -0.09404 -0.32088 0.00877 0.15423 -0.28484 -0.31862 0.15460 -0.25264 -0.32186 -0.78869 0.06570 -0.07579
0.20971 -0.31326 0.08880 -0.11862 -0.29709 0.02793 0.10805 -0.22496 -0.34755 0.18849 -0.13504 -0.34280 -0.76744 0.12153 -0.06952
0.22454 -0.28554 0.10962 -0.13635 -0.28559 0.04305 0.10376 -0.20028 -0.38182 0.13570 -0.07226 -0.36290 -0.85753 0.14281 -0.06064
0.24660 -0.20670 0.13186 -0.18400 -0.20695 0.07935 0.06346 -0.15491 -0.44472 0.08570 -0.01350 -0.39363 -0.89277 0.15364 -0.01246
0.23674 -0.19292 0.12400 -0.05433 -0.33905 0.13451 0.03932 -0.11343 -0.42374 -0.08999 0.17085 -0.42294 -0.87872 0.14910 0.00160
0.25087 -0.17190 0.11708 -0.05352 -0.34385 0.13561 0.01746 -0.08099 -0.39494 -0.14018 0.19804 -0.41802 -0.92899 0.11691 -0.01431
0.32525 -0.13465 0.08551 -0.10921 -0.29726 0.14196 -0.05075 -0.11761 -0.37455 -0.13937 0.15291 -0.42853 -1.01487 0.11751 -0.00662
0.32926 -0.12973 0.08912 -0.12106 -0.29317 0.14704 -0.05372 -0.12782 -0.37794 -0.17230 0.13362 -0.42028 -1.06519 0.10702 0.00703
0.33014 -0.11691 0.09392 -0.12480 -0.29036 0.14635 -0.06426 -0.20764 -0.41186 -0.20868 0.08799 -0.40239 -1.09607 0.13106 0.05411
0.33264 -0.12882 0.10253 -0.26575 -0.15845 0.13999 -0.04608 -0.19351 -0.36432 -0.11545 -0.11468 -0.38963 -1.19242 0.05875 0.00542
0.33186 -0.13078 0.10354 -0.29837 -0.13222 0.16823 -0.05912 -0.21643 -0.32692 -0.09281 -0.18961 -0.36165 -1.19553 0.03501 0.02442
0.33686 -0.10669 0.07474 -0.30027 -0.12212 0.18088 -0.10221 -0.22165 -0.25373 -0.06403 -0.20218 -0.31268 -1.12829 0.01372 0.04330
0.36478 -0.06052 0.19199 -0.31069 -0.11532 0.17072 -0.15409 -0.21038 -0.34129 -0.02199 -0.18623 -0.25937 -1.08648 -0.02069 0.05766
0.37095 -0.15460 0.11393 -0.36589 -0.12904 0.19827 -0.16265 -0.10300 -0.28558 0.01354 -0.16930 -0.29067 -1.20445 -0.02857 0.07651
0.36950 -0.15738 0.10453 -0.36819 -0.12168 0.20151 -0.17147 -0.05405 -0.29232 0.03918 -0.11575 -0.32833 -1.17858 -0.01321 0.05926
0.36339 -0.16429 0.09651 -0.36099 -0.10873 0.19865 -0.17643 -0.02309 -0.30791 0.03304 -0.07543 -0.36170 -1.16527 0.01338 0.04976
0.33240 -0.14971 0.08886 -0.31871 -0.09981 0.20813 -0.15034 -0.03249 -0.30538 0.00120 -0.05396 -0.37199 -1.09453 0.03796 0.05397
0.31465 -0.14452 0.10876 -0.31638 -0.09816 0.20371 -0.12464 -0.07244 -0.34154 -0.02607 -0.07310 -0.37392 -1.11111 0.05505 0.06399
0.28398 -0.13250 0.09866 -0.30479 -0.11243 0.22685 -0.09702 -0.12194 -0.32675 -0.05239 -0.08515 -0.37715 -1.06818 0.06544 0.07931
0.33236 -0.13829 0.05701 -0.32049 -0.12921 0.20683 -0.11740 -0.19390 -0.29975 -0.08517 -0.14944 -0.35367 -1.18853 0.06708 0.09917
0.31843 -0.13134 0.05527 -0.30790 -0.12534 0.19205 -0.10944 -0.22273 -0.27241 -0.08186 -0.22236 -0.31903 -1.14387 0.01898 0.09416
0.31192 -0.12400 0.05881 -0.30806 -0.12474 0.18632 -0.11874 -0.22252 -0.25848 -0.06778 -0.23297 -0.27397 -1.11549 0.00128 0.11647
0.30674 -0.11530 0.06634 -0.31022 -0.12545 0.18669 -0.14684 -0.19516 -0.25443 -0.03393 -0.20076 -0.25498 -1.05535 -0.00351 0.12462
0.28363 -0.12951 0.08510 -0.30333 -0.05332 0.23573 -0.16298 -0.12054 -0.26706 0.00782 -0.23104 -0.30661 -0.95132 -0.02248 0.11590
0.28538 -0.13933 0.08034 -0.28624 -0.10374 0.24159 -0.18988 -0.06440 -0.26481 0.01092 -0.14215 -0.33616 -0.91317 -0.02967 0.09430
0.29581 -0.15161 0.07853 -0.28320 -0.10397 0.21860 -0.20309 -0.01588 -0.26951 0.01950 -0.12474 -0.32008 -0.90635 -0.04806 0.09520
0.29643 -0.15272 0.07729 -0.28452 -0.10462 0.22102 -0.19690 -0.01530 -0.27514 0.02865 -0.12674 -0.30034 -0.90227 -0.05011 0.12369
0.31328 -0.16200 0.09572 -0.30790 -0.11164 0.23849 -0.18107 -0.05732 -0.31980 0.01018 -0.16400 -0.28200 -1.02003 -0.04217 0.18524
0.28651 -0.15201 0.12801 -0.31082 -0.08307 0.26787 -0.12738 -0.10871 -0.34146 0.03148 -0.22042 -0.27682 -0.99972 -0.02963 0.20867
0.29090 -0.15500 0.13092 -0.32427 -0.08621 0.24822 -0.11597 -0.16631 -0.32876 0.05051 -0.23301 -0.25103 -1.01703 0.01529 0.19868
0.27687 -0.14590 0.12994 -0.31724 -0.08088 0.20530 -0.10489 -0.17380 -0.29700 0.07481 -0.20597 -0.23334 -0.95791 0.04533 0.14213
0.35424 -0.10548 0.19038 -0.31724 -0.07750 0.13232 -0.19565 -0.21453 -0.33881 0.08629 -0.17230 -0.23879 -0.94198 0.08275 0.04511
0.30019 -0.16920 0.14906 -0.33921 -0.05780 0.14653 -0.15535 -0.14767 -0.29553 0.13024 -0.13639 -0.34030 -0.91480 0.13497 -0.04381
0.28426 -0.17204 0.10879 -0.31595 -0.11972 -0.03868 -0.18117 -0.15075 -0.25872 0.19028 0.06859 -0.30496 -0.78048 0.28352 -0.19065
0.26708 -0.16541 0.10026 -0.15645 -0.29726 0.05445 -0.17637 -0.14775 -0.24609 0.04986 0.30946 -0.39195 -0.71526 0.33446 -0.18996
0.25672 -0.16480 0.09378 -0.06944 -0.37804 0.07848 -0.17264 -0.14521 -0.23760 -0.00605 0.43046 -0.39839 -0.65863 0.36570 -0.17618
0.25487 -0.16671 0.09257 -0.07099 -0.37778 0.07848 -0.17245 -0.14770 -0.23801 0.01149 0.44167 -0.39794 -0.63865 0.37633 -0.17677
0.26511 -0.17805 0.09879 -0.16785 -0.27091 -0.03925 -0.18186 -0.15303 -0.24883 0.14553 0.33634 -0.30700 -0.62230 0.39132 -0.20160
0.26466 -0.18062 0.09912 -0.16692 -0.27134 -0.04027 -0.18232 -0.15312 -0.24745 0.16010 0.31842 -0.31515 -0.60519 0.37488 -0.21425
0.27813 -0.19192 0.11040 -0.26895 -0.09433 -0.19563 -0.18966 -0.16060 -0.26195 0.29917 0.12132 -0.19907 -0.60065 0.37321 -0.25248
0.25644 -0.17793 0.11196 -0.35089 -0.10910 -0.17847 -0.17172 -0.14593 -0.24607 0.38743 0.11361 -0.19395 -0.54432 0.32382 -0.24914
0.25815 -0.18276 0.11676 -0.35140 -0.11193 -0.17741 -0.16910 -0.14681 -0.25176 0.39724 0.09632 -0.20239 -0.54006 0.30884 -0.26087
0.25773 -0.18537 0.12542 -0.34922 -0.12263 -0.16000 -0.16407 -0.15688 -0.25694 0.40604 0.07473 -0.23096 -0.53770 0.28912 -0.27881
0.25748 -0.18578 0.13340 -0.34238 -0.12828 -0.16440 -0.15857 -0.16002 -0.26312 0.40188 0.06848 -0.22814 -0.54079 0.28128 -0.28416
0.25804 -0.18567 0.13605 -0.33873 -0.13269 -0.16267 -0.15651 -0.16176 -0.26671 0.40138 0.06142 -0.23357 -0.54082 0.27236 -0.28752
0.25522 -0.18304 0.13481 -0.32964 -0.13567 -0.15532 -0.15239 -0.16019 -0.26575 0.38788 0.05797 -0.23653 -0.54066 0.26262 -0.28297
0.25718 -0.18245 0.14203 -0.32668 -0.15415 -0.05116 -0.15018 -0.15979 -0.27545 0.38416 0.06914 -0.34332 -0.54643 0.25500 -0.28337
0.26972 -0.19002 0.15097 -0.26952 -0.16046 -0.23393 -0.15461 -0.16827 -0.29417 0.32728 0.06558 -0.18069 -0.58012 0.26156 -0.29510
0.25726 -0.17940 0.14486 -0.32368 -0.18175 -0.04902 -0.14496 -0.15820 -0.29102 0.36286 0.08693 -0.34987 -0.57190 0.24128 -0.27540
0.25334 -0.17520 0.14279 -0.31159 -0.18165 -0.07207 -0.15601 -0.12394 -0.31297 0.35545 0.07303 -0.31918 -0.54834 0.19118 -0.24837
0.27381 -0.19895 0.01253 -0.33697 -0.19765 0.00276 -0.20298 0.00706 -0.25068 0.38167 0.07003 -0.42781 -0.56548 0.06581 -0.21673
0.24638 -0.18865 -0.12972 -0.34179 -0.20985 -0.11977 -0.19983 0.07783 -0.14831 0.38708 0.07318 -0.32222 -0.55751 -0.02473 -0.19359
0.26473 -0.16241 -0.04410 -0.26539 -0.18859 -0.20912 -0.22804 0.19780 -0.24777 0.30663 0.05359 -0.20641 -0.52162 -0.16776 -0.15013
0.28229 -0.17244 -0.10557 -0.26468 -0.18798 -0.21043 -0.24131 0.25262 -0.18866 0.30934 0.05221 -0.20442 -0.52196 -0.21337 -0.14536
0.28614 -0.17823 -0.10483 -0.24846 -0.18858 -0.12322 -0.23098 0.27724 -0.19807 0.29115 0.05202 -0.29455 -0.54561 -0.23314 -0.13789
0.28057 -0.17771 -0.11400 -0.32429 -0.20759 -0.04089 -0.22024 0.27643 -0.20502 0.36284 0.07829 -0.37585 -0.55218 -0.22552 -0.11849
0.25751 -0.17315 -0.10147 -0.32168 -0.21033 -0.01446 -0.18513 0.23935 -0.24361 0.36386 0.08405 -0.39724 -0.56395 -0.18816 -0.08634
0.24626 -0.17009 -0.09299 -0.31390 -0.20736 -0.04104 -0.16196 0.17194 -0.27074 0.35499 0.09069 -0.35597 -0.55993 -0.11441 -0.05004
0.24037 -0.16811 -0.17222 -0.31411 -0.20517 -0.07275 -0.17546 0.09679 -0.23536 0.35043 0.09660 -0.32146 -0.54113 -0.03328 -0.00174
0.25730 -0.16153 -0.06209 -0.31493 -0.21269 -0.07138 -0.18225 -0.00436 -0.34840 0.35128 0.10382 -0.32522 -0.56371 0.06485 0.00049
0.25773 -0.16141 -0.06061 -0.31782 -0.21463 -0.08249 -0.18299 -0.05419 -0.31441 0.35112 0.10848 -0.31568 -0.56631 0.11675 -0.03556
0.25450 -0.15658 -0.05712 -0.31800 -0.20612 -0.01670 -0.19955 -0.05243 -0.27575 0.34652 0.10189 -0.37363 -0.54163 0.11172 -0.06906
0.25329 -0.15604 -0.05708 -0.31819 -0.20446 -0.02772 -0.22089 -0.00341 -0.25776 0.34321 0.09477 -0.35889 -0.52062 0.05643 -0.08291
0.25965 -0.17609 -0.07199 -0.27610 -0.19491 -0.20249 -0.23556 0.06869 -0.24901 0.30440 0.07045 -0.20909 -0.53530 -0.02171 -0.09690
0.26777 -0.19897 -0.07295 -0.27153 -0.19360 -0.20079 -0.21511 0.21723 -0.23298 0.29891 0.05596 -0.20400 -0.55596 -0.15696 -0.10594
0.26816 -0.20574 -0.07736 -0.27112 -0.19563 -0.20307 -0.20272 0.23104 -0.23512 0.30100 0.05269 -0.20777 -0.56750 -0.16677 -0.10579
0.23859 -0.20969 -0.05817 -0.27017 -0.20147 -0.19932 -0.17600 0.18924 -0.27103 0.29663 0.05821 -0.20992 -0.56622 -0.12142 -0.08751
0.24308 -0.20113 -0.15949 -0.29418 -0.22141 -0.21944 -0.18565 0.08970 -0.22677 0.32440 0.06382 -0.23013 -0.60606 -0.04510 -0.07148
0.25142 -0.20193 -0.04892 -0.26666 -0.20199 -0.20041 -0.19905 0.03008 -0.30362 0.29443 0.06075 -0.20807 -0.55150 0.03239 -0.06393
0.25181 -0.20175 -0.04867 -0.26769 -0.20325 -0.20253 -0.20293 0.01993 -0.29183 0.29387 0.06404 -0.20929 -0.55362 0.04501 -0.08004
0.26174 -0.21081 -0.05859 -0.18271 -0.30318 -0.06550 -0.21028 0.06443 -0.28167 0.20630 0.15952 -0.36167 -0.58556 0.00496 -0.09617
0.24579 -0.19227 -0.06596 -0.26620 -0.19308 -0.20539 -0.20980 0.13499 -0.26400 0.29064 0.05514 -0.20487 -0.54362 -0.07904 -0.08901
0.25830 -0.18822 -0.00707 -0.26315 -0.19492 -0.20309 -0.18025 0.16577 -0.29386 0.29154 0.05624 -0.20491 -0.58564 -0.11322 -0.12078
0.28836 -0.21513 -0.06144 -0.18682 -0.28515 -0.07369 -0.19905 0.20798 -0.23687 0.20189 0.14873 -0.33402 -0.61127 -0.12654 -0.12285
0.29530 -0.20256 -0.08709 -0.25643 -0.19126 -0.19976 -0.21210 0.17643 -0.20371 0.28179 0.05863 -0.19938 -0.57558 -0.10417 -0.12086
0.27620 -0.17811 -0.13840 -0.29222 -0.21729 -0.22764 -0.18307 0.11124 -0.19521 0.32597 0.06419 -0.22633 -0.64770 -0.08469 -0.13410
0.27548 -0.17957 -0.14204 -0.29369 -0.21772 -0.22880 -0.18316 0.09770 -0.18715 0.33176 0.06605 -0.22893 -0.64435 -0.06909 -0.14173
0.26769 -0.17774 -0.15081 -0.19820 -0.31200 -0.08479 -0.17610 0.10151 -0.15577 0.22835 0.16509 -0.36375 -0.64400 -0.07063 -0.15393
0.26974 -0.18139 -0.15640 -0.36091 -0.23730 -0.09973 -0.17957 0.10181 -0.14340 0.38598 0.09180 -0.35519 -0.65592 -0.06616 -0.16633
0.25977 -0.18245 -0.15617 -0.35414 -0.23209 -0.09738 -0.17691 0.08107 -0.13500 0.38367 0.08653 -0.35025 -0.63205 -0.04472 -0.16691
0.26032 -0.20653 -0.14331 -0.36384 -0.23771 -0.09917 -0.17939 0.06577 -0.16265 0.39101 0.08885 -0.35913 -0.64769 -0.00843 -0.16284
0.26654 -0.24066 -0.05386 -0.34919 -0.22577 -0.06419 -0.19858 0.07241 -0.24487 0.37335 0.08299 -0.37381 -0.61100 0.02528 -0.14974
0.26191 -0.24359 -0.05245 -0.28235 -0.21401 -0.21754 -0.19939 0.05138 -0.24968 0.31209 0.06791 -0.22026 -0.59807 0.04632 -0.14640
0.25355 -0.25497 -0.04336 -0.28151 -0.21322 -0.21722 -0.19557 0.04947 -0.25819 0.30898 0.06942 -0.21878 -0.59434 0.06193 -0.14571
0.25307 -0.27581 -0.03892 -0.20409 -0.30220 -0.08887 -0.19593 0.05956 -0.26876 0.22534 0.15914 -0.35644 -0.61686 0.07385 -0.14946
0.22571 -0.28801 -0.05717 -0.28605 -0.20114 -0.21730 -0.16743 0.08324 -0.24157 0.31502 0.06388 -0.21588 -0.59328 0.06823 -0.14715
0.22307 -0.29012 -0.06751 -0.28792 -0.20203 -0.21848 -0.15349 0.09990 -0.23634 0.31576 0.06486 -0.21734 -0.60868 0.05415 -0.14510
0.22409 -0.28967 -0.07548 -0.28981 -0.20292 -0.21974 -0.14753 0.10665 -0.23115 0.31722 0.06546 -0.22042 -0.61907 0.04705 -0.14697
0.22417 -0.27613 -0.11090 -0.29245 -0.20863 -0.21954 -0.14052 0.10017 -0.20480 0.32702 0.06604 -0.22977 -0.63539 0.03702 -0.15068
0.22719 -0.26970 -0.12244 -0.29191 -0.21069 -0.21954 -0.13739 0.10426 -0.19708 0.33101 0.06545 -0.22881 -0.64306 0.02478 -0.14787
0.23355 -0.26383 -0.13370 -0.29574 -0.21576 -0.22310 -0.13679 0.10935 -0.19390 0.33821 0.06891 -0.23329 -0.65977 0.01306 -0.14940
0.23562 -0.24912 -0.14350 -0.35981 -0.23779 -0.10842 -0.13652 0.11118 -0.18625 0.40207 0.09189 -0.34583 -0.66074 -0.00199 -0.14596
0.24241 -0.23172 -0.16324 -0.28856 -0.22693 -0.23468 -0.14310 0.11270 -0.17465 0.33568 0.08030 -0.22046 -0.66344 -0.02146 -0.13944
0.23348 -0.20542 -0.17698 -0.34670 -0.23421 -0.04840 -0.14201 0.10810 -0.15686 0.39314 0.09253 -0.39268 -0.63594 -0.03978 -0.13005
0.23224 -0.19257 -0.18771 -0.34570 -0.23473 -0.04846 -0.14643 0.11361 -0.15238 0.39443 0.09273 -0.39134 -0.62761 -0.06005 -0.12326
0.24225 -0.19374 -0.19988 -0.28781 -0.22627 -0.22803 -0.16082 0.12743 -0.16055 0.34475 0.07966 -0.22778 -0.63702 -0.07763 -0.11945
0.24253 -0.18704 -0.20147 -0.28527 -0.22475 -0.22629 -0.17248 0.13478 -0.16602 0.34307 0.08118 -0.22551 -0.61967 -0.08951 -0.10748
0.24956 -0.18663 -0.20224 -0.21248 -0.30608 -0.09676 -0.19049 0.14152 -0.17812 0.26302 0.16683 -0.35806 -0.62012 -0.09414 -0.09463
0.24376 -0.17598 -0.19396 -0.28106 -0.22487 -0.22552 -0.21476 0.14263 -0.18903 0.33819 0.10577 -0.21504 -0.55532 -0.08735 -0.07295
0.23978 -0.17190 -0.20914 -0.28229 -0.22360 -0.22588 -0.22457 0.13497 -0.18415 0.34747 0.11533 -0.21301 -0.52915 -0.07535 -0.05939
0.28644 -0.19934 -0.10231 -0.24549 -0.19215 -0.20276 -0.28924 0.16137 -0.25218 0.31748 0.10927 -0.18341 -0.43120 -0.04941 -0.04110
0.27823 -0.20572 -0.11993 -0.23753 -0.18686 -0.21435 -0.30673 0.16082 -0.24268 0.32944 0.11708 -0.17046 -0.38733 -0.03003 -0.03001
0.18983 -0.18654 -0.21569 -0.22890 -0.18325 -0.22338 -0.24436 0.13369 -0.15470 0.34056 0.12704 -0.15399 -0.34189 -0.00938 -0.01372
0.14304 -0.20086 -0.24975 -0.19944 -0.18452 -0.26415 -0.36120 0.15360 -0.13330 0.39465 0.14529 -0.12263 -0.11022 0.00046 -0.00994
0.13952 -0.20783 -0.25818 -0.12635 -0.28212 -0.14476 -0.36641 0.16650 -0.13812 0.25025 0.25183 -0.25158 -0.18531 0.00290 -0.00591
0.13118 -0.20135 -0.24665 -0.18987 -0.19122 -0.26664 -0.43644 0.17731 -0.13793 0.37010 0.17046 -0.11657 -0.02865 -0.00483 -0.00408
0.14495 -0.22203 -0.23605 -0.14003 -0.28826 -0.13617 -0.21830 0.22532 -0.15826 0.25371 0.27955 -0.26191 -0.34908 -0.01739 -0.00701
0.16417 -0.23485 -0.19689 -0.14260 -0.29074 -0.13411 -0.14895 0.20610 -0.18916 0.21112 0.27769 -0.26123 -0.47826 0.01438 -0.00311
0.21535 -0.30422 -0.16030 -0.13665 -0.27294 -0.11891 -0.15999 0.26029 -0.18724 0.17792 0.25460 -0.24579 -0.50681 0.02529 -0.01029
0.22610 -0.31874 -0.16745 -0.14686 -0.29327 -0.10858 -0.13196 0.24866 -0.18850 0.16732 0.25947 -0.27006 -0.58873 0.03685 -0.01591
0.21843 -0.31437 -0.14054 -0.14039 -0.28726 -0.08646 -0.10199 0.21852 -0.18629 0.12440 0.23374 -0.27044 -0.61935 0.04373 -0.02478
0.21002 -0.30423 -0.03800 -0.13946 -0.34012 -0.05212 -0.08357 0.19524 -0.30418 0.09975 0.25932 -0.32500 -0.67695 0.03066 -0.03034
0.21008 -0.31976 -0.02741 -0.13669 -0.35886 -0.03893 -0.05032 0.15069 -0.29171 0.07703 0.25090 -0.34072 -0.74272 0.06363 -0.05637
0.19058 -0.35324 -0.00108 -0.11570 -0.32578 -0.00810 -0.04226 0.17719 -0.27774 0.04977 0.20949 -0.33560 -0.68980 0.06187 -0.06156
0.18755 -0.37139 0.01362 -0.11728 -0.33650 -0.00244 -0.03829 0.16664 -0.29207 0.04132 0.19818 -0.34595 -0.71903 0.06849 -0.06690
0.14079 -0.34591 0.04436 -0.11030 -0.34576 0.00923 0.00969 0.12198 -0.31380 0.03015 0.19119 -0.35950 -0.73044 0.07144 -0.07808
0.13364 -0.33883 0.04221 -0.09410 -0.34746 0.02901 0.00060 0.10910 -0.29867 0.01327 0.18543 -0.36643 -0.69859 0.06953 -0.07858
0.13047 -0.35242 0.04294 -0.07941 -0.37302 0.06021 -0.00036 0.10656 -0.30151 -0.00069 0.19820 -0.40431 -0.70382 0.07294 -0.08323
0.12691 -0.37391 0.04531 -0.08306 -0.39085 0.06278 0.00555 0.10753 -0.31371 -0.00117 0.19776 -0.42363 -0.73394 0.07534 -0.09018
0.12426 -0.38681 0.04618 -0.08421 -0.40118 0.06536 0.00623 0.10396 -0.32481 0.00435 0.19593 -0.44200 -0.73809 0.07971 -0.09598
0.11848 -0.39502 0.05002 -0.08196 -0.38679 0.03717 0.01227 0.09594 -0.34372 0.00662 0.16691 -0.43045 -0.74654 0.08149 -0.09755
0.10011 -0.36606 0.05215 -0.06725 -0.38721 0.05296 0.02565 0.07531 -0.33661 0.00739 0.16988 -0.42570 -0.68762 0.07554 -0.08692
0.10535 -0.39253 0.06072 -0.08470 -0.33143 -0.01843 0.04849 0.05992 -0.37879 0.03095 0.07894 -0.39438 -0.74914 0.08192 -0.09624
0.09439 -0.34397 0.05846 -0.04070 -0.39036 0.08767 0.06737 0.03242 -0.34651 0.00501 0.14362 -0.45857 -0.67447 0.06684 -0.08402
0.07328 -0.38262 0.10876 -0.08952 -0.28496 0.03539 0.12690 0.04226 -0.39634 0.08764 0.00480 -0.43510 -0.68374 0.06194 -0.11461
0.12631 -0.41211 0.07869 -0.10080 -0.32592 0.03262 0.14013 -0.01809 -0.37106 0.09644 -0.03216 -0.47826 -0.81834 0.07428 -0.15672
0.12263 -0.39884 0.07531 -0.07296 -0.40066 -0.10690 0.17230 -0.06232 -0.33946 0.08853 0.00570 -0.32133 -0.80804 0.06842 -0.16800
0.06889 -0.40011 0.03836 -0.11000 -0.32017 0.03125 0.24805 -0.05934 -0.28101 0.14141 -0.08777 -0.40929 -0.76502 0.05356 -0.13859
0.13318 -0.38068 0.08092 -0.11142 -0.32642 0.02985 0.18201 -0.14264 -0.29545 0.16583 -0.14131 -0.40597 -0.74838 0.05768 -0.16431
0.13182 -0.37483 0.07718 -0.10655 -0.39585 -0.05665 0.17588 -0.16887 -0.27253 0.17070 -0.10957 -0.28504 -0.72331 0.03977 -0.14940
0.13890 -0.38625 0.07862 -0.06530 -0.35949 0.00696 0.20351 -0.21825 -0.29842 0.13397 -0.21246 -0.34869 -0.76901 0.03425 -0.12463
0.14087 -0.38821 0.07116 -0.06567 -0.35978 0.00632 0.14296 -0.26438 -0.18083 0.12775 -0.23034 -0.29999 -0.71792 0.06401 -0.18662
0.14166 -0.38935 0.06404 -0.06565 -0.35930 0.00592 0.13649 -0.27218 -0.17326 0.13639 -0.24850 -0.29708 -0.70363 0.05547 -0.18472
0.14149 -0.38841 0.05814 -0.06488 -0.35693 0.00558 0.14701 -0.28661 -0.20557 0.15697 -0.25412 -0.31133 -0.69023 0.06580 -0.16089
0.14135 -0.38823 0.05449 -0.06343 -0.35574 0.00515 0.15861 -0.28531 -0.22952 0.15927 -0.25048 -0.31304 -0.69709 0.06955 -0.13513
0.14123 -0.38941 0.04564 -0.06187 -0.35492 0.00451 0.16184 -0.30173 -0.24831 0.17565 -0.25615 -0.31859 -0.68174 0.08254 -0.11334
0.13748 -0.39078 0.03610 -0.05904 -0.35308 0.00299 0.14864 -0.29531 -0.25552 0.17333 -0.25892 -0.31418 -0.66760 0.07994 -0.09310
0.13735 -0.39239 0.02519 -0.05781 -0.35260 0.00244 0.14982 -0.29320 -0.24817 0.17213 -0.25896 -0.31207 -0.66841 0.08023 -0.08748
0.13607 -0.39347 0.01681 -0.05677 -0.35245 0.00193 0.14858 -0.29341 -0.24246 0.17189 -0.25976 -0.31152 -0.66469 0.08154 -0.08371
0.13502 -0.39498 0.01181 -0.05593 -0.35303 0.00135 0.15186 -0.29412 -0.24016 0.17114 -0.25705 -0.30733 -0.66755 0.08621 -0.07668
0.13378 -0.39540 0.00965 -0.05494 -0.35325 0.00070 0.15405 -0.29352 -0.23870 0.17049 -0.25675 -0.30636 -0.66802 0.08664 -0.07450
0.13268 -0.39566 0.00753 -0.05438 -0.35314 0.00032 0.15743 -0.29200 -0.23870 0.16973 -0.25622 -0.30593 -0.67029 0.08648 -0.07162
0.13231 -0.39577 0.00636 -0.05396 -0.35293 -0.00011 0.15916 -0.29281 -0.23736 0.16927 -0.25721 -0.30501 -0.67155 0.08697 -0.07071
0.13206 -0.39599 0.00568 -0.05320 -0.35288 -0.00108 0.15923 -0.29270 -0.23667 0.16918 -0.25736 -0.30423 -0.67077 0.08697 -0.07048
0.13190 -0.39649 0.00500 -0.05245 -0.35331 -0.00229 0.16005 -0.29327 -0.23737 0.16896 -0.25698 -0.30326 -0.67128 0.08824 -0.06894
0.13168 -0.39694 0.00380 -0.05200 -0.35363 -0.00322 0.16603 -0.29542 -0.24769 0.16891 -0.25738 -0.30200 -0.67674 0.09018 -0.05727
0.13170 -0.39710 0.00348 -0.05159 -0.35387 -0.00432 0.16677 -0.29556 -0.24830 0.16855 -0.25733 -0.29988 -0.67749 0.09035 -0.05536
0.13169 -0.39728 0.00289 -0.05122 -0.35382 -0.00539 0.16696 -0.29520 -0.24618 0.16815 -0.25722 -0.29926 -0.67772 0.09038 -0.05745
0.13180 -0.39730 0.00255 -0.05103 -0.35379 -0.00588 0.16545 -0.29468 -0.24425 0.16769 -0.25713 -0.29834 -0.67649 0.09024 -0.05840
]
