classifier_Monkey_jumps_on_man_24446 [ 0.14683 -0.31436 0.07547 -0.10544 -0.32097 0.10234 0.20703 -0.36132 -0.21146 -0.09654 -0.43291 -0.14267 -1.04088 -0.08083 0.10170
0.14679 -0.31424 0.07568 -0.10536 -0.32086 0.10250 0.20665 -0.36066 -0.20976 -0.09143 -0.40760 -0.13354 -1.03532 -0.05627 0.10906
0.14649 -0.31375 0.07710 -0.10555 -0.32068 0.10242 0.20690 -0.35933 -0.21083 -0.09034 -0.40054 -0.13368 -1.03423 -0.05076 0.10826
0.14689 -0.31459 0.07809 -0.10610 -0.32167 0.10278 0.20516 -0.35800 -0.20731 -0.09399 -0.42146 -0.16472 -1.03884 -0.07316 0.07294
0.14614 -0.31317 0.08123 -0.10726 -0.32067 0.10260 0.20584 -0.35403 -0.21979 -0.08600 -0.40437 -0.22611 -1.03125 -0.06040 0.02075
0.15143 -0.32516 0.08768 -0.11249 -0.33316 0.10756 0.21192 -0.36634 -0.23757 -0.06289 -0.33228 -0.20607 -1.04468 0.02354 0.05719
0.15029 -0.32506 0.09270 -0.11673 -0.33380 0.10534 0.20778 -0.36275 -0.25782 -0.05283 -0.32166 -0.28093 -1.03173 0.03223 -0.00297
0.13945 -0.31422 0.10524 -0.12941 -0.29850 0.05027 0.14767 -0.32265 -0.30437 0.01449 -0.19293 -0.44528 -0.89394 0.14418 -0.19217
0.14087 -0.32064 0.10721 -0.13245 -0.29067 0.03933 0.10358 -0.29603 -0.31857 0.04477 -0.09032 -0.49751 -0.83377 0.23365 -0.24592
0.14342 -0.32873 0.10718 -0.12883 -0.26047 0.00965 0.07753 -0.28977 -0.33700 0.08716 -0.01325 -0.51390 -0.77635 0.34252 -0.27601
0.14461 -0.33469 0.11029 -0.15988 -0.32907 -0.15940 0.06762 -0.28500 -0.39398 0.15552 0.16041 -0.37359 -0.73682 0.45265 -0.25303
0.14544 -0.34048 0.10563 -0.18112 -0.26695 -0.17398 0.05798 -0.26974 -0.44458 0.19465 0.19953 -0.37042 -0.69699 0.55062 -0.20814
0.14718 -0.34430 0.10231 -0.18430 -0.22222 -0.22869 0.04176 -0.25965 -0.45954 0.21953 0.27305 -0.29691 -0.64958 0.63572 -0.18485
0.14879 -0.33926 0.10427 -0.15434 -0.08155 -0.29116 0.00348 -0.24543 -0.49557 0.26627 0.35754 -0.16409 -0.53194 0.84177 -0.08357
0.15270 -0.34683 0.10231 -0.13949 -0.02773 -0.32722 -0.00021 -0.26065 -0.51015 0.27388 0.37757 -0.10227 -0.52137 0.93937 -0.04483
0.15235 -0.34386 0.10120 -0.13786 -0.02615 -0.32603 0.00250 -0.26664 -0.50425 0.27374 0.37853 -0.08954 -0.51621 0.94635 -0.03792
0.15195 -0.34432 0.10286 -0.13618 -0.02395 -0.32630 0.00465 -0.27740 -0.50079 0.27523 0.37267 -0.08086 -0.51431 0.95450 -0.03578
0.15054 -0.34608 0.10652 -0.13631 -0.02534 -0.32686 0.01256 -0.28948 -0.50047 0.27834 0.35813 -0.07545 -0.51749 0.95225 -0.03691
0.14948 -0.34749 0.11248 -0.13315 -0.03666 -0.32025 0.00097 -0.28229 -0.32717 0.28249 0.34819 -0.07718 -0.49576 0.92472 -0.21269
0.14687 -0.34950 0.11581 -0.13924 -0.13480 -0.27982 0.02729 -0.31200 -0.43307 0.29048 0.33133 -0.10626 -0.51689 0.84199 -0.09934
0.14349 -0.34936 0.11745 -0.13406 -0.15691 -0.26515 0.01612 -0.28225 -0.29962 0.28883 0.28815 -0.11546 -0.50410 0.74845 -0.23095
0.13804 -0.34979 0.10973 -0.14495 -0.21947 -0.20812 0.03614 -0.30947 -0.42550 0.29433 0.28007 -0.15516 -0.52663 0.70649 -0.08692
0.13713 -0.35977 0.10907 -0.14634 -0.23493 -0.19668 0.04233 -0.31507 -0.43015 0.31137 0.24790 -0.16586 -0.53246 0.67492 -0.08589
0.13304 -0.34706 0.11050 -0.16366 -0.26578 -0.13403 0.04786 -0.30945 -0.41928 0.31943 0.22721 -0.21665 -0.52874 0.60567 -0.08450
0.13133 -0.34372 0.10977 -0.16965 -0.29914 -0.13515 0.05856 -0.31279 -0.39798 0.32369 0.20628 -0.22190 -0.53741 0.55167 -0.11270
0.13062 -0.34119 0.10920 -0.16326 -0.31525 -0.13862 0.05698 -0.31143 -0.39135 0.31312 0.19449 -0.23898 -0.54520 0.53030 -0.13313
0.13110 -0.33831 0.11252 -0.16539 -0.31785 -0.14378 0.05593 -0.29634 -0.30655 0.28633 0.20101 -0.26509 -0.57189 0.51609 -0.25182
0.12919 -0.33393 0.11122 -0.16617 -0.31685 -0.14959 0.05213 -0.29227 -0.30592 0.26846 0.21216 -0.27065 -0.57965 0.51939 -0.26377
0.13229 -0.34048 0.11451 -0.15855 -0.28445 -0.14090 0.05144 -0.29774 -0.31342 0.24954 0.19319 -0.30769 -0.60615 0.54673 -0.28745
0.13006 -0.33289 0.11082 -0.13795 -0.26009 -0.16636 0.04762 -0.28932 -0.30613 0.21421 0.18866 -0.29421 -0.60316 0.55101 -0.30172
0.13091 -0.33405 0.11120 -0.14240 -0.26266 -0.16864 0.04447 -0.28931 -0.30861 0.20796 0.19689 -0.32496 -0.61278 0.55917 -0.33175
0.13403 -0.34436 0.11294 -0.12619 -0.24894 -0.24831 0.05481 -0.32304 -0.41370 0.18382 0.18342 -0.29635 -0.64755 0.60466 -0.28164
0.13304 -0.34336 0.10835 -0.12861 -0.25008 -0.25270 0.05437 -0.31969 -0.40600 0.17917 0.18039 -0.32383 -0.64655 0.59909 -0.31414
0.12674 -0.33250 0.10363 -0.12453 -0.24121 -0.26659 0.04525 -0.30260 -0.40346 0.17386 0.16007 -0.33509 -0.61435 0.55991 -0.33842
0.12648 -0.33572 0.10238 -0.12530 -0.24235 -0.27126 0.03457 -0.29326 -0.41439 0.18342 0.15467 -0.34268 -0.59865 0.54725 -0.34107
0.12629 -0.33552 0.10427 -0.12562 -0.24374 -0.27060 0.03404 -0.29313 -0.41479 0.19456 0.15495 -0.34504 -0.58725 0.54674 -0.34296
0.12566 -0.33549 0.10582 -0.12280 -0.24602 -0.26976 0.03303 -0.29112 -0.41849 0.20508 0.15518 -0.34581 -0.57450 0.54525 -0.33962
0.12540 -0.33491 0.10744 -0.11944 -0.24781 -0.26795 0.03376 -0.29069 -0.41848 0.21261 0.15729 -0.34535 -0.56633 0.54644 -0.33852
0.12499 -0.33474 0.10772 -0.11636 -0.24852 -0.26548 0.03623 -0.29146 -0.42238 0.21812 0.15663 -0.34675 -0.56089 0.54647 -0.33361
0.12469 -0.33358 0.10960 -0.11255 -0.25003 -0.26411 0.03545 -0.29062 -0.42009 0.22279 0.15583 -0.34421 -0.55169 0.54235 -0.33370
0.12461 -0.33214 0.11174 -0.11126 -0.25078 -0.26180 0.03495 -0.29128 -0.42112 0.22359 0.15863 -0.34482 -0.54890 0.54376 -0.33285
0.12492 -0.33178 0.11247 -0.10965 -0.25131 -0.26130 0.03538 -0.28741 -0.41985 0.22169 0.15832 -0.34471 -0.55056 0.53893 -0.33408
0.12433 -0.33059 0.11331 -0.10852 -0.25121 -0.26032 0.03436 -0.28458 -0.42815 0.21920 0.15753 -0.34375 -0.54925 0.53443 -0.32446
0.12455 -0.33048 0.11405 -0.10772 -0.25150 -0.26007 0.03353 -0.28625 -0.43039 0.21720 0.15753 -0.34302 -0.55066 0.53583 -0.32201
0.12587 -0.33020 0.11553 -0.10687 -0.25270 -0.25809 0.03572 -0.28770 -0.44101 0.21598 0.16050 -0.34512 -0.55683 0.53917 -0.31294
0.12643 -0.33038 0.11645 -0.10747 -0.25380 -0.25547 0.02286 -0.28458 -0.47829 0.21698 0.16088 -0.34648 -0.54554 0.53579 -0.27509
0.12858 -0.33129 0.11995 -0.10797 -0.25605 -0.25656 0.00981 -0.27283 -0.49790 0.21848 0.16277 -0.34987 -0.53796 0.52474 -0.26359
0.13352 -0.33378 0.11561 -0.10922 -0.25725 -0.25512 -0.00664 -0.24623 -0.51754 0.22099 0.16324 -0.35273 -0.52858 0.49995 -0.24114
0.14039 -0.33323 0.10565 -0.10888 -0.25728 -0.25474 -0.02132 -0.23169 -0.51910 0.22108 0.16399 -0.35232 -0.52094 0.48572 -0.22843
0.14285 -0.32618 0.10487 -0.10668 -0.25417 -0.25177 -0.03926 -0.20853 -0.52640 0.21757 0.16184 -0.34726 -0.50058 0.45648 -0.21125
0.16753 -0.31806 0.11009 -0.10826 -0.25840 -0.25541 -0.06924 -0.20196 -0.54584 0.22167 0.16562 -0.35288 -0.50169 0.44161 -0.20651
0.19395 -0.29445 0.11423 -0.10961 -0.25840 -0.25254 -0.10387 -0.19258 -0.55886 0.22430 0.16687 -0.35546 -0.49357 0.40936 -0.19741
0.21159 -0.26709 0.10812 -0.10895 -0.25615 -0.25044 -0.12495 -0.17159 -0.54332 0.22396 0.16955 -0.35272 -0.48618 0.36546 -0.20176
0.23437 -0.21713 0.08566 -0.10838 -0.25106 -0.24488 -0.14684 -0.16900 -0.48780 0.22152 0.16741 -0.34562 -0.47982 0.31427 -0.22226
0.25140 -0.19813 0.05895 -0.10773 -0.24829 -0.24361 -0.15683 -0.15038 -0.44177 0.22074 0.16733 -0.34177 -0.48507 0.27001 -0.24675
0.30247 -0.14773 0.03684 -0.10845 -0.24337 -0.23866 -0.19181 -0.15797 -0.38695 0.22052 0.16527 -0.33986 -0.49672 0.23019 -0.26755
0.29586 -0.12694 0.05097 -0.10871 -0.24477 -0.24043 -0.17267 -0.15936 -0.38883 0.22286 0.16801 -0.34120 -0.51052 0.21262 -0.28003
0.30413 -0.11628 0.04737 -0.10811 -0.24319 -0.23994 -0.15385 -0.16286 -0.38415 0.22263 0.16907 -0.33796 -0.53655 0.20763 -0.27383
0.36702 -0.07066 -0.02171 -0.11188 -0.25070 -0.24779 -0.17744 -0.22900 -0.33283 0.23155 0.17476 -0.34780 -0.58824 0.22491 -0.27255
0.35674 -0.05273 -0.01600 -0.11034 -0.24611 -0.24311 -0.15179 -0.24701 -0.31073 0.22888 0.17329 -0.34251 -0.59602 0.22643 -0.28798
0.34866 0.01656 0.03435 -0.10766 -0.23873 -0.23574 -0.15373 -0.28987 -0.29532 0.22306 0.16744 -0.33361 -0.58194 0.18352 -0.33699
0.35197 0.01854 0.01605 -0.10924 -0.24220 -0.23868 -0.18397 -0.26874 -0.22859 0.22712 0.17067 -0.33943 -0.56052 0.16036 -0.39305
0.34682 0.02294 0.01584 -0.11318 -0.25486 -0.25135 -0.16774 -0.22989 -0.20187 0.23897 0.17545 -0.35695 -0.58928 0.10825 -0.44908
0.31943 0.01159 0.04659 -0.10918 -0.24627 -0.24313 -0.17426 -0.27981 -0.23352 0.23293 0.16959 -0.34547 -0.54533 0.15189 -0.42620
0.32214 0.00943 0.04485 -0.10961 -0.24992 -0.24634 -0.12222 -0.31298 -0.26664 0.23506 0.17385 -0.34735 -0.60479 0.18773 -0.39652
0.31448 0.00944 0.05154 -0.10686 -0.24481 -0.24093 -0.14326 -0.28118 -0.24084 0.22851 0.17112 -0.34157 -0.56800 0.15939 -0.41646
0.31970 0.00843 0.05349 -0.10819 -0.24985 -0.24453 -0.17503 -0.25062 -0.21855 0.23155 0.17321 -0.34718 -0.54864 0.12667 -0.44996
0.32051 -0.00020 0.05062 -0.10902 -0.25198 -0.24626 -0.15911 -0.22749 -0.21401 0.23384 0.17587 -0.35255 -0.56912 0.11206 -0.45908
0.34618 0.00943 0.05820 -0.10528 -0.24454 -0.23831 -0.20763 -0.24881 -0.22546 0.22643 0.17043 -0.34086 -0.53275 0.12752 -0.43408
0.34608 0.00107 0.05931 -0.10375 -0.24163 -0.23495 -0.21778 -0.26444 -0.24400 0.22226 0.16902 -0.33537 -0.51642 0.15455 -0.40676
0.35020 -0.06113 0.02151 -0.10363 -0.24258 -0.23707 -0.25561 -0.24232 -0.23745 0.22056 0.17080 -0.33458 -0.48467 0.19588 -0.37668
0.29803 -0.08722 0.06227 -0.10628 -0.24980 -0.24422 -0.19102 -0.22107 -0.30722 0.22671 0.17786 -0.34149 -0.50608 0.20051 -0.36217
0.33732 -0.12440 0.00305 -0.10653 -0.24973 -0.24385 -0.24119 -0.17862 -0.28369 0.22615 0.17863 -0.34185 -0.49509 0.19694 -0.32664
0.31012 -0.21798 -0.05828 -0.10731 -0.25088 -0.24473 -0.25970 -0.03797 -0.28899 0.22871 0.18164 -0.34093 -0.44929 0.15319 -0.26039
0.26756 -0.21848 0.01163 -0.10795 -0.25094 -0.24541 -0.22444 -0.00811 -0.37923 0.23251 0.18181 -0.34118 -0.43990 0.12648 -0.24133
0.26535 -0.21996 0.00845 -0.10741 -0.24892 -0.24332 -0.23727 0.03069 -0.39340 0.23361 0.18300 -0.33730 -0.41823 0.09415 -0.21863
0.21162 -0.28701 -0.16272 -0.10776 -0.24963 -0.24509 -0.21289 0.16875 -0.26256 0.24156 0.18494 -0.33614 -0.37928 0.02537 -0.18112
0.20543 -0.27462 -0.12807 -0.10327 -0.23821 -0.23667 -0.21556 0.18403 -0.29669 0.23652 0.17416 -0.32518 -0.34770 0.00238 -0.16171
0.20987 -0.26993 -0.12872 -0.10478 -0.23989 -0.23897 -0.22906 0.21139 -0.31475 0.24372 0.17901 -0.32904 -0.33085 -0.01695 -0.14338
0.17570 -0.27036 -0.17437 -0.10548 -0.24071 -0.24075 -0.21165 0.24077 -0.29238 0.24863 0.18093 -0.33148 -0.31317 -0.04088 -0.12194
0.16440 -0.26473 -0.17831 -0.10133 -0.23292 -0.23613 -0.21713 0.24304 -0.29970 0.24341 0.17294 -0.32662 -0.28797 -0.04824 -0.09903
0.15043 -0.26703 -0.19545 -0.10128 -0.23356 -0.23527 -0.22310 0.23709 -0.31698 0.24698 0.17482 -0.33300 -0.27606 -0.03956 -0.06994
0.13613 -0.26818 -0.19491 -0.10001 -0.23095 -0.23253 -0.23300 0.21672 -0.34448 0.24562 0.17553 -0.32933 -0.25800 -0.01873 -0.03685
0.13004 -0.26799 -0.19781 -0.09788 -0.22883 -0.22989 -0.23928 0.20148 -0.35957 0.24309 0.17177 -0.32856 -0.24634 -0.00643 -0.01541
0.12110 -0.26649 -0.21185 -0.09729 -0.22892 -0.22908 -0.23728 0.19257 -0.35582 0.24291 0.17143 -0.33063 -0.24150 -0.00069 -0.00679
0.11966 -0.26768 -0.21228 -0.09690 -0.22904 -0.22933 -0.23786 0.19438 -0.35548 0.24228 0.17177 -0.33035 -0.24100 -0.00179 -0.00629
0.11705 -0.26873 -0.21349 -0.09676 -0.22898 -0.22901 -0.23631 0.19911 -0.35062 0.24090 0.17218 -0.33194 -0.24271 -0.00568 -0.01143
0.11419 -0.26977 -0.21401 -0.09678 -0.22894 -0.22897 -0.23513 0.20327 -0.34652 0.23986 0.17234 -0.33074 -0.24324 -0.00908 -0.01390
0.11035 -0.27052 -0.21586 -0.09669 -0.22858 -0.22846 -0.23184 0.20551 -0.34524 0.23879 0.17002 -0.33111 -0.24421 -0.01298 -0.01448
0.10774 -0.27130 -0.21647 -0.09681 -0.22843 -0.22870 -0.22921 0.20640 -0.34844 0.23823 0.16897 -0.33319 -0.24589 -0.01376 -0.01255
0.10194 -0.27160 -0.22185 -0.09685 -0.22913 -0.22954 -0.22309 0.20125 -0.34899 0.23776 0.16653 -0.33529 -0.24752 -0.01111 -0.00896
0.09762 -0.27218 -0.22628 -0.09715 -0.22937 -0.22910 -0.21868 0.19596 -0.34866 0.23666 0.16488 -0.33630 -0.24931 -0.00708 -0.00537
0.09619 -0.26849 -0.22023 -0.09542 -0.22587 -0.22568 -0.21428 0.18252 -0.34794 0.23179 0.16036 -0.33052 -0.24640 0.00242 -0.00191
0.09770 -0.27379 -0.22309 -0.09692 -0.22986 -0.22936 -0.21698 0.17351 -0.36017 0.23550 0.16392 -0.33524 -0.25136 0.01610 0.00490
0.09928 -0.27892 -0.22334 -0.09872 -0.23374 -0.23212 -0.21844 0.16302 -0.37237 0.23948 0.16503 -0.33784 -0.25599 0.02877 0.01254
0.09206 -0.28557 -0.24113 -0.09802 -0.23228 -0.22998 -0.18448 0.13720 -0.38350 0.23708 0.16150 -0.33627 -0.27626 0.05905 0.04601
0.09835 -0.29087 -0.25883 -0.10179 -0.24129 -0.23882 -0.17478 0.14564 -0.40683 0.24560 0.16631 -0.34939 -0.29846 0.05068 0.06628
0.11291 -0.26825 -0.25096 -0.09884 -0.23146 -0.22711 -0.15520 0.16419 -0.39979 0.23742 0.15930 -0.33493 -0.29802 0.01375 0.07926
0.14735 -0.25291 -0.25312 -0.10014 -0.23310 -0.22825 -0.15480 0.21325 -0.41314 0.24215 0.16139 -0.33575 -0.30761 -0.04616 0.09392
0.15122 -0.23180 -0.27048 -0.10081 -0.23220 -0.22776 -0.15509 0.26581 -0.39738 0.24547 0.16330 -0.33360 -0.30497 -0.10706 0.10160
0.16370 -0.15686 -0.31063 -0.10002 -0.22878 -0.22540 -0.17601 0.26428 -0.34779 0.24625 0.16000 -0.32916 -0.29169 -0.17951 0.10057
0.15222 -0.09628 -0.35433 -0.10259 -0.23591 -0.23324 -0.18388 0.28293 -0.31678 0.25687 0.16410 -0.33752 -0.27961 -0.26322 0.09885
0.13304 -0.03444 -0.37421 -0.10421 -0.23388 -0.23066 -0.19144 0.28595 -0.28766 0.25927 0.15904 -0.34239 -0.25025 -0.32997 0.08834
0.11186 -0.03165 -0.37862 -0.08983 -0.20343 -0.19956 -0.21534 0.31272 -0.28146 0.24908 0.12421 -0.37557 -0.21219 -0.39086 0.07515
0.10351 0.02264 -0.38640 -0.09102 -0.20493 -0.20105 -0.24094 0.30457 -0.25561 0.25686 0.12693 -0.38010 -0.17442 -0.42978 0.05890
0.08245 0.07625 -0.36664 -0.08841 -0.22294 -0.21105 -0.30306 0.28930 -0.23890 0.26134 0.14539 -0.35923 -0.07306 -0.46622 0.03480
0.06861 0.09592 -0.37713 -0.09194 -0.22408 -0.21070 -0.33153 0.26784 -0.21991 0.26940 0.14638 -0.36118 -0.02520 -0.46404 0.02451
0.04042 0.10925 -0.36589 -0.08579 -0.22497 -0.21571 -0.35255 0.24246 -0.21542 0.26736 0.14687 -0.34901 0.03500 -0.45377 0.01517
0.02498 0.11139 -0.36095 -0.08286 -0.22733 -0.22005 -0.37890 0.21325 -0.21537 0.26955 0.14568 -0.34573 0.08345 -0.43124 0.00720
0.00801 0.11193 -0.36478 -0.08225 -0.22976 -0.22392 -0.39914 0.16875 -0.21576 0.27611 0.14430 -0.34924 0.12578 -0.39236 0.00284
-0.01938 0.11450 -0.37713 -0.07791 -0.24038 -0.23666 -0.43173 0.12966 -0.22868 0.28207 0.14961 -0.35645 0.18370 -0.36076 0.00558
-0.04266 0.11055 -0.37882 -0.06234 -0.24305 -0.24558 -0.43762 0.05973 -0.23582 0.27046 0.15561 -0.34321 0.21844 -0.28198 0.01300
-0.06613 0.09571 -0.38374 -0.06638 -0.22532 -0.21889 -0.42543 -0.00067 -0.22980 0.27450 0.14532 -0.35483 0.23474 -0.20661 0.01076
-0.07570 0.06363 -0.37093 -0.01506 -0.19519 -0.25278 -0.42070 -0.02517 -0.22801 0.21929 0.12908 -0.29384 0.24816 -0.15491 0.00908
-0.13050 -0.02669 -0.36114 -0.03615 -0.20164 -0.25070 -0.37887 0.02458 -0.23219 0.23188 0.18009 -0.29353 0.25511 -0.09580 0.01842
-0.17134 -0.06075 -0.34376 -0.03894 -0.19912 -0.24491 -0.34273 0.06602 -0.26054 0.23677 0.18356 -0.30302 0.25748 -0.10506 0.01911
-0.16846 -0.05845 -0.33466 -0.04052 -0.19365 -0.23323 -0.33206 0.07525 -0.25555 0.23113 0.18309 -0.29498 0.24783 -0.10945 0.02403
-0.12322 -0.01594 -0.35541 -0.03953 -0.18363 -0.21597 -0.37005 0.04426 -0.22531 0.23045 0.18173 -0.29587 0.24177 -0.11760 0.01958
-0.12365 -0.01472 -0.35569 -0.04253 -0.18082 -0.21156 -0.36624 0.05682 -0.22279 0.23196 0.18462 -0.29780 0.23676 -0.12492 0.01969
-0.12371 -0.01350 -0.35608 -0.05028 -0.18146 -0.20944 -0.36549 0.06977 -0.21951 0.24313 0.17956 -0.30663 0.23936 -0.14358 0.01046
-0.12292 -0.01327 -0.35786 -0.05176 -0.18240 -0.20965 -0.36223 0.07830 -0.21283 0.24501 0.17701 -0.31018 0.23462 -0.15567 0.00157
-0.07913 -0.04288 -0.37118 -0.05436 -0.18468 -0.21027 -0.38285 0.11851 -0.17494 0.24616 0.16876 -0.32065 0.20741 -0.17734 -0.03358
-0.02761 -0.07176 -0.37322 -0.05395 -0.18628 -0.21044 -0.41509 0.10305 -0.15850 0.24364 0.16230 -0.32379 0.18145 -0.18491 -0.05359
0.04148 -0.12748 -0.35267 -0.05278 -0.19193 -0.21029 -0.44308 0.15478 -0.14316 0.23958 0.15271 -0.33092 0.13139 -0.20443 -0.09587
0.06589 -0.15238 -0.35936 -0.07402 -0.21501 -0.19730 -0.39716 0.13630 -0.15090 0.26553 0.16091 -0.36660 0.04500 -0.17851 -0.10516
0.10982 -0.19457 -0.33690 -0.07919 -0.21872 -0.19510 -0.38578 0.16026 -0.13894 0.26562 0.15675 -0.37388 -0.02072 -0.16552 -0.14189
0.12702 -0.21392 -0.31338 -0.08343 -0.22020 -0.19280 -0.37781 0.18345 -0.16786 0.26033 0.14548 -0.38139 -0.05607 -0.17332 -0.13557
0.15740 -0.24173 -0.25225 -0.08394 -0.21792 -0.18783 -0.33356 0.18340 -0.19444 0.24879 0.13360 -0.37874 -0.13824 -0.14328 -0.15686
0.19657 -0.26535 -0.19282 -0.08658 -0.22842 -0.19290 -0.31111 0.17690 -0.24372 0.23788 0.12397 -0.36878 -0.20660 -0.11217 -0.15235
0.21962 -0.29864 -0.16824 -0.09407 -0.24694 -0.20644 -0.27487 0.16134 -0.29752 0.24071 0.12459 -0.38050 -0.29700 -0.08479 -0.15092
0.22717 -0.30945 -0.09015 -0.11107 -0.25459 -0.19131 -0.14945 0.06816 -0.38573 0.22354 0.09348 -0.37309 -0.45484 -0.00990 -0.11735
0.19217 -0.27820 0.08836 -0.15122 -0.27120 -0.21727 0.01886 -0.06457 -0.50677 0.20121 0.04667 -0.30385 -0.66232 0.10782 -0.12310
0.19106 -0.29977 0.10906 -0.15074 -0.25010 -0.04987 0.11569 -0.15840 -0.48402 0.14845 -0.04524 -0.47667 -0.82719 0.15475 -0.17623
0.19162 -0.30436 0.10641 -0.15271 -0.25556 -0.04546 0.12715 -0.19990 -0.42763 0.11399 -0.07965 -0.48159 -0.88119 0.16305 -0.23058
0.19262 -0.31348 0.11001 -0.15526 -0.27502 -0.02962 0.13742 -0.23894 -0.34178 0.07356 -0.10943 -0.50281 -0.94933 0.16430 -0.32645
0.18590 -0.30883 0.10432 -0.16508 -0.34517 -0.06360 0.16284 -0.25754 -0.37102 0.04492 -0.07344 -0.43722 -0.99307 0.14411 -0.26014
0.18090 -0.30890 0.10589 -0.16647 -0.34353 -0.05361 0.17615 -0.27589 -0.36913 0.00183 -0.12432 -0.41581 -1.03981 0.12014 -0.23550
0.17505 -0.30885 0.10294 -0.15120 -0.32119 0.04876 0.16896 -0.30233 -0.26681 -0.10700 -0.28698 -0.39346 -1.11742 0.01038 -0.20561
0.16985 -0.30592 0.09327 -0.15345 -0.31840 0.05595 0.19295 -0.37037 -0.31053 -0.10483 -0.29255 -0.30456 -1.12133 0.07692 -0.05737
0.16764 -0.30519 0.09304 -0.15498 -0.31904 0.05987 0.19254 -0.36257 -0.30731 -0.11710 -0.31969 -0.27501 -1.12888 0.04327 -0.02564
0.16407 -0.30354 0.09249 -0.15458 -0.31838 0.06501 0.19135 -0.35682 -0.30416 -0.13358 -0.35646 -0.25593 -1.13540 0.00191 -0.00188
0.16152 -0.30317 0.09191 -0.15265 -0.31609 0.06943 0.19306 -0.35537 -0.30108 -0.13820 -0.37852 -0.22078 -1.13488 -0.01759 0.03920
0.15883 -0.30466 0.08810 -0.15055 -0.31477 0.07243 0.19365 -0.35341 -0.29485 -0.14151 -0.40555 -0.19243 -1.13213 -0.04272 0.07003
0.15704 -0.30346 0.09052 -0.14873 -0.31384 0.07454 0.19410 -0.35461 -0.29087 -0.14097 -0.41974 -0.16613 -1.12683 -0.05463 0.09439
0.15616 -0.30331 0.09219 -0.14642 -0.31362 0.07867 0.19463 -0.35666 -0.28446 -0.13989 -0.42785 -0.14521 -1.12275 -0.05933 0.11338
0.15454 -0.30428 0.09392 -0.14395 -0.31375 0.08400 0.19629 -0.36088 -0.28359 -0.13036 -0.44015 -0.11689 -1.11147 -0.06519 0.14597
0.15215 -0.30648 0.09303 -0.14169 -0.31436 0.08688 0.19199 -0.35663 -0.25953 -0.12497 -0.43815 -0.10988 -1.09749 -0.06496 0.13355
0.15069 -0.30802 0.09068 -0.13897 -0.31415 0.09043 0.19359 -0.35586 -0.25500 -0.12159 -0.43839 -0.10728 -1.09117 -0.06359 0.13805
0.14801 -0.30445 0.08970 -0.13441 -0.30915 0.09518 0.19040 -0.35036 -0.24893 -0.11557 -0.42481 -0.10669 -1.06846 -0.05363 0.13885
0.15070 -0.31323 0.09097 -0.13616 -0.31720 0.09930 0.19674 -0.35813 -0.25281 -0.11272 -0.42240 -0.10757 -1.08845 -0.04143 0.14403
0.14997 -0.31432 0.08999 -0.13484 -0.31786 0.09999 0.19712 -0.35734 -0.25075 -0.10960 -0.41964 -0.11021 -1.08416 -0.03869 0.14133
0.14683 -0.30914 0.08737 -0.13122 -0.31218 0.09904 0.19359 -0.34985 -0.24504 -0.10342 -0.42260 -0.12244 -1.05863 -0.04887 0.12548
0.14533 -0.30694 0.08732 -0.12912 -0.31008 0.09932 0.19297 -0.34805 -0.24362 -0.10216 -0.40903 -0.12140 -1.04965 -0.03703 0.12561
0.14496 -0.30700 0.08787 -0.12829 -0.31043 0.09949 0.19258 -0.34767 -0.24222 -0.10117 -0.40622 -0.12676 -1.04718 -0.03478 0.11903
0.14441 -0.30711 0.08848 -0.12747 -0.31084 0.09959 0.19264 -0.34703 -0.24272 -0.10044 -0.40416 -0.13183 -1.04522 -0.03341 0.11427
0.14426 -0.30720 0.08854 -0.12692 -0.31123 0.09931 0.19202 -0.34699 -0.24015 -0.10145 -0.40203 -0.13504 -1.04492 -0.03143 0.10853
0.14406 -0.30730 0.08859 -0.12651 -0.31159 0.09891 0.19268 -0.34769 -0.24068 -0.10117 -0.40205 -0.13961 -1.04462 -0.03095 0.10414
0.14407 -0.30763 0.08796 -0.12633 -0.31199 0.09837 0.19291 -0.34689 -0.24025 -0.10206 -0.40069 -0.14263 -1.04560 -0.03038 0.10087
0.14390 -0.30762 0.08829 -0.12618 -0.31227 0.09788 0.19269 -0.34676 -0.23892 -0.10228 -0.39897 -0.14579 -1.04524 -0.02908 0.09565
]
