classifier_Monkey_goes_to_man_21441 [ 0.14281 -0.32557 0.08131 -0.12285 -0.33320 0.08298 0.19307 -0.34609 -0.30280 -0.10724 -0.42351 -0.15664 -1.06830 -0.07098 0.16254
0.14266 -0.32582 0.08186 -0.12387 -0.33340 0.08231 0.19459 -0.34804 -0.30169 -0.10028 -0.37055 -0.18101 -1.06455 -0.01574 0.13625
0.14281 -0.32660 0.08238 -0.12617 -0.33381 0.08141 0.19129 -0.34845 -0.29641 -0.09144 -0.34187 -0.20398 -1.05661 0.01424 0.10664
0.14328 -0.32766 0.08240 -0.13061 -0.33312 0.08199 0.18617 -0.34871 -0.28882 -0.08914 -0.32060 -0.25839 -1.05466 0.03805 0.04371
0.14335 -0.32783 0.08703 -0.13883 -0.33268 0.07581 0.18768 -0.34978 -0.29411 -0.08928 -0.31417 -0.36666 -1.06630 0.04709 -0.07065
0.14534 -0.33091 0.08929 -0.14273 -0.32398 0.06496 0.18466 -0.35141 -0.29422 -0.07718 -0.26339 -0.44618 -1.06120 0.11077 -0.16600
0.14668 -0.33339 0.09367 -0.14602 -0.31161 0.04614 0.18453 -0.35392 -0.30017 -0.05077 -0.20142 -0.49415 -1.04460 0.19185 -0.23218
0.13955 -0.31553 0.09277 -0.15599 -0.29643 -0.02186 0.17283 -0.33267 -0.29488 0.01308 -0.08031 -0.45514 -0.94654 0.28776 -0.26598
0.14799 -0.32816 0.10149 -0.15486 -0.28092 -0.13664 0.15458 -0.32112 -0.32008 0.10870 0.15444 -0.40556 -0.86236 0.54097 -0.31696
0.14951 -0.32603 0.09719 -0.16668 -0.23790 -0.17588 0.13735 -0.30117 -0.32699 0.16092 0.22868 -0.35256 -0.79990 0.63327 -0.29857
0.15645 -0.32907 0.10994 -0.16307 -0.17992 -0.23431 0.13570 -0.27769 -0.38482 0.19512 0.27497 -0.28949 -0.77871 0.71565 -0.25003
0.16151 -0.32360 0.11241 -0.15298 -0.13427 -0.25880 0.11744 -0.27610 -0.37246 0.21582 0.31832 -0.24376 -0.72576 0.79413 -0.24535
0.17174 -0.32880 0.11914 -0.10943 -0.02831 -0.32660 0.11715 -0.27949 -0.39980 0.20495 0.29830 -0.16884 -0.71218 0.88514 -0.22067
0.17544 -0.32497 0.12425 -0.10878 -0.01600 -0.32597 0.11000 -0.25847 -0.43116 0.23676 0.37143 -0.12662 -0.67450 0.94628 -0.15186
0.17673 -0.32133 0.12623 -0.10830 -0.01243 -0.32377 0.10757 -0.25042 -0.43788 0.24118 0.37662 -0.11123 -0.66477 0.94456 -0.12970
0.17628 -0.31986 0.12631 -0.10866 -0.01421 -0.32318 0.10420 -0.24158 -0.44027 0.25366 0.35856 -0.08909 -0.64507 0.91660 -0.10429
0.17554 -0.32222 0.12636 -0.10803 -0.04396 -0.32291 0.10035 -0.24815 -0.44261 0.26455 0.30800 -0.08111 -0.62861 0.84335 -0.09484
0.16717 -0.31139 0.12158 -0.11276 -0.09766 -0.29109 0.09738 -0.23668 -0.41611 0.26974 0.30439 -0.09071 -0.59503 0.75746 -0.09571
0.15658 -0.33307 0.13145 -0.16363 -0.26813 -0.13170 0.10645 -0.25952 -0.44793 0.31736 0.21802 -0.20593 -0.63637 0.55363 -0.04747
0.15098 -0.33257 0.13046 -0.15710 -0.27361 -0.12118 0.11088 -0.25816 -0.44050 0.30684 0.20757 -0.20347 -0.64110 0.53662 -0.04230
0.14100 -0.32135 0.12057 -0.14622 -0.27087 -0.09918 0.10127 -0.23490 -0.40442 0.27570 0.20324 -0.20483 -0.62469 0.49938 -0.05313
0.13560 -0.30804 0.12102 -0.15985 -0.30222 -0.08085 0.10197 -0.22978 -0.38347 0.25541 0.23857 -0.21695 -0.63501 0.48423 -0.06328
0.13935 -0.31595 0.12923 -0.16629 -0.31246 -0.08311 0.11152 -0.25660 -0.39875 0.22227 0.25512 -0.23807 -0.70321 0.52586 -0.07754
0.13586 -0.30719 0.13021 -0.17186 -0.31195 -0.06930 0.11291 -0.25208 -0.38958 0.17639 0.26237 -0.26397 -0.73750 0.52146 -0.09671
0.13276 -0.30333 0.12669 -0.16921 -0.31363 -0.01714 0.11321 -0.24542 -0.38502 0.12522 0.26998 -0.32923 -0.77716 0.51767 -0.11278
0.13600 -0.30972 0.13097 -0.17412 -0.31224 -0.03306 0.11881 -0.25035 -0.39359 0.07753 0.26399 -0.34660 -0.85121 0.52411 -0.13979
0.13653 -0.31045 0.13235 -0.18232 -0.30732 -0.04365 0.12177 -0.25018 -0.39500 0.03433 0.24848 -0.35985 -0.90752 0.51412 -0.16185
0.13571 -0.30848 0.13213 -0.19846 -0.30450 -0.05401 0.12262 -0.24797 -0.39465 0.00450 0.23143 -0.37051 -0.95204 0.49513 -0.18121
0.13598 -0.30900 0.13275 -0.21241 -0.30244 -0.06909 0.12215 -0.24723 -0.39652 -0.02215 0.21021 -0.37658 -0.99493 0.47548 -0.19966
0.13612 -0.30922 0.13291 -0.22194 -0.29463 -0.08476 0.12022 -0.24638 -0.39872 -0.04355 0.18396 -0.37750 -1.02526 0.45635 -0.21347
0.13578 -0.30852 0.13270 -0.22614 -0.28936 -0.08901 0.11790 -0.24457 -0.40132 -0.05995 0.16164 -0.38041 -1.04247 0.43677 -0.21737
0.13420 -0.31254 0.12830 -0.22828 -0.28833 -0.09123 0.11323 -0.23989 -0.40851 -0.07171 0.15016 -0.38242 -1.05539 0.42616 -0.21758
0.13370 -0.31084 0.13050 -0.22903 -0.28670 -0.09173 0.11189 -0.23833 -0.41461 -0.07699 0.14167 -0.38031 -1.05821 0.41598 -0.20973
0.13199 -0.30611 0.12979 -0.22603 -0.28272 -0.09082 0.10132 -0.23078 -0.37979 -0.07823 0.13497 -0.37352 -1.03714 0.40066 -0.23424
0.13922 -0.32226 0.13742 -0.23797 -0.29816 -0.09575 0.10907 -0.24614 -0.43956 -0.08283 0.14239 -0.39226 -1.09515 0.42437 -0.20497
0.13897 -0.32144 0.13809 -0.23515 -0.29989 -0.09518 0.10337 -0.24498 -0.45612 -0.08118 0.14070 -0.38895 -1.08343 0.41849 -0.18243
0.13320 -0.30876 0.13202 -0.22461 -0.28860 -0.09111 0.09036 -0.23351 -0.44996 -0.07492 0.13478 -0.37100 -1.02619 0.39873 -0.15682
0.13432 -0.30773 0.13264 -0.22376 -0.28908 -0.09079 0.08503 -0.23214 -0.45575 -0.07457 0.13211 -0.36978 -1.02017 0.39282 -0.14749
0.14209 -0.32200 0.13991 -0.23413 -0.30365 -0.09611 0.08373 -0.24109 -0.48662 -0.07682 0.13779 -0.38640 -1.06398 0.40718 -0.14484
0.16367 -0.31900 0.12383 -0.23333 -0.30365 -0.09542 0.05077 -0.22870 -0.49441 -0.07564 0.13805 -0.38577 -1.04916 0.39162 -0.11808
0.16889 -0.31408 0.12617 -0.23194 -0.30370 -0.09533 0.04056 -0.21647 -0.51578 -0.07448 0.14081 -0.38491 -1.04109 0.37654 -0.09697
0.18490 -0.30437 0.11922 -0.23061 -0.30329 -0.09459 0.01868 -0.20561 -0.51950 -0.07326 0.14303 -0.38433 -1.03108 0.35802 -0.08453
0.17563 -0.26800 -0.04968 -0.23771 -0.31398 -0.09809 0.01407 -0.20586 -0.39490 -0.07282 0.15377 -0.39821 -1.04221 0.32122 -0.05643
0.18389 -0.25814 -0.05265 -0.23842 -0.31584 -0.09957 0.00122 -0.19884 -0.38633 -0.07077 0.15833 -0.39939 -1.03908 0.30518 -0.06580
0.27283 -0.21102 0.13450 -0.22948 -0.30503 -0.09690 -0.09464 -0.21332 -0.54192 -0.06620 0.15606 -0.38497 -1.00047 0.27956 -0.07852
0.28358 -0.16163 0.09287 -0.23143 -0.30842 -0.09812 -0.08888 -0.25178 -0.49204 -0.06287 0.16233 -0.38894 -1.02207 0.27014 -0.09062
0.33004 -0.18198 0.01610 -0.22880 -0.30548 -0.09758 -0.11982 -0.21334 -0.39543 -0.05984 0.16427 -0.38562 -1.02746 0.25545 -0.10526
0.33410 -0.18249 0.01009 -0.22858 -0.30556 -0.09762 -0.11085 -0.22338 -0.36289 -0.05721 0.16554 -0.38581 -1.03917 0.25919 -0.13302
0.34032 -0.10887 0.01742 -0.22415 -0.30031 -0.09692 -0.12537 -0.27208 -0.30290 -0.05348 0.16415 -0.37771 -1.01527 0.23651 -0.18990
0.35674 -0.04601 0.05055 -0.21688 -0.29013 -0.09541 -0.17419 -0.30090 -0.26541 -0.04838 0.16240 -0.36489 -0.95465 0.20972 -0.24441
0.33364 -0.04811 0.06500 -0.22660 -0.30365 -0.09967 -0.17240 -0.25811 -0.23234 -0.04828 0.17104 -0.38049 -0.96661 0.16261 -0.31047
0.32842 -0.04410 0.06319 -0.22617 -0.30496 -0.10010 -0.19725 -0.22288 -0.19886 -0.04612 0.17389 -0.38099 -0.93573 0.12212 -0.34137
0.31575 -0.04024 0.06777 -0.22188 -0.29932 -0.09783 -0.28729 -0.24434 -0.15845 -0.04236 0.17279 -0.37393 -0.81534 0.14157 -0.37680
0.31748 -0.03900 0.07239 -0.22372 -0.30443 -0.09952 -0.17755 -0.26700 -0.24079 -0.03965 0.17655 -0.37692 -0.93349 0.15920 -0.30247
0.31528 -0.04008 0.07410 -0.22189 -0.30522 -0.09786 -0.13852 -0.27469 -0.27388 -0.03928 0.17696 -0.37758 -0.96761 0.16586 -0.26970
0.31363 -0.05022 0.07142 -0.22006 -0.30442 -0.09680 -0.12255 -0.29136 -0.29652 -0.03892 0.17661 -0.37731 -0.97840 0.18187 -0.24543
0.30812 -0.05683 0.07600 -0.22049 -0.30616 -0.09761 -0.14790 -0.27152 -0.26987 -0.03887 0.17581 -0.37958 -0.95003 0.16202 -0.28012
0.30707 -0.05585 0.09632 -0.22151 -0.30796 -0.09736 -0.15896 -0.19463 -0.25409 -0.03852 0.17717 -0.38312 -0.94081 0.08439 -0.31954
0.31139 -0.05817 0.10104 -0.22155 -0.30833 -0.09686 -0.20261 -0.17634 -0.24399 -0.03862 0.17686 -0.38392 -0.90280 0.06614 -0.33567
0.31580 -0.05784 0.10614 -0.22451 -0.31255 -0.09781 -0.19293 -0.16596 -0.25904 -0.03826 0.18011 -0.38907 -0.92665 0.05584 -0.33142
0.34450 -0.09639 0.06058 -0.21416 -0.29853 -0.09232 -0.22692 -0.16285 -0.26932 -0.03480 0.17440 -0.37240 -0.88134 0.10303 -0.25278
0.34198 -0.10172 0.05601 -0.21529 -0.30083 -0.09228 -0.21983 -0.17487 -0.29703 -0.03327 0.17657 -0.37574 -0.88856 0.12103 -0.22406
0.33301 -0.15892 0.00254 -0.22021 -0.30930 -0.09326 -0.21116 -0.12037 -0.30206 -0.03109 0.18101 -0.38760 -0.90391 0.12010 -0.17875
0.33003 -0.16006 0.00221 -0.21974 -0.31006 -0.09304 -0.21562 -0.10055 -0.32490 -0.02885 0.17983 -0.39033 -0.89379 0.10038 -0.15874
0.31818 -0.16756 0.00441 -0.21933 -0.31100 -0.09374 -0.21740 -0.05646 -0.35225 -0.02432 0.17956 -0.39277 -0.87573 0.06344 -0.13740
0.28112 -0.17225 0.05068 -0.20864 -0.29866 -0.08939 -0.19665 -0.00801 -0.39924 -0.01920 0.17150 -0.37585 -0.82064 0.02632 -0.11620
0.27995 -0.19111 0.04559 -0.20589 -0.29797 -0.09151 -0.20638 0.04862 -0.42142 -0.01500 0.17143 -0.37431 -0.79999 -0.00934 -0.08944
0.23682 -0.23802 -0.18713 -0.21242 -0.31015 -0.09779 -0.16403 0.12166 -0.23567 -0.00983 0.17928 -0.38967 -0.81098 -0.04584 -0.07479
0.22482 -0.28696 -0.13880 -0.20931 -0.30967 -0.10116 -0.16346 0.20223 -0.29412 -0.00674 0.18059 -0.38676 -0.79097 -0.07357 -0.06417
0.20514 -0.27479 -0.04949 -0.20480 -0.30517 -0.10217 -0.15146 0.20328 -0.38382 -0.00226 0.17923 -0.37987 -0.76545 -0.08029 -0.05441
0.17520 -0.29520 -0.09928 -0.20268 -0.30611 -0.10830 -0.13742 0.25908 -0.36346 0.00494 0.18828 -0.37678 -0.74029 -0.10501 -0.02615
0.17505 -0.29806 -0.10239 -0.20256 -0.30823 -0.11195 -0.14145 0.26905 -0.37457 0.00731 0.19153 -0.37710 -0.73578 -0.10903 -0.01449
0.17026 -0.29709 -0.10802 -0.20041 -0.30642 -0.11393 -0.14050 0.27862 -0.37533 0.00975 0.19501 -0.37233 -0.72329 -0.11191 -0.00383
0.16782 -0.29670 -0.11147 -0.19901 -0.30519 -0.11542 -0.14084 0.28159 -0.37253 0.00955 0.19625 -0.37080 -0.71645 -0.11134 -0.00191
0.16586 -0.29639 -0.11702 -0.19851 -0.30456 -0.11640 -0.13839 0.28528 -0.36957 0.01020 0.19570 -0.37007 -0.71437 -0.11411 0.00121
0.16550 -0.29527 -0.11831 -0.19774 -0.30412 -0.11829 -0.13676 0.28648 -0.36679 0.01059 0.19627 -0.36960 -0.71313 -0.11361 0.00020
0.16475 -0.29375 -0.12019 -0.19781 -0.30445 -0.11916 -0.13450 0.28614 -0.36433 0.01164 0.19648 -0.36992 -0.71353 -0.11349 -0.00028
0.16414 -0.29277 -0.12224 -0.19724 -0.30426 -0.11933 -0.13262 0.28468 -0.36228 0.01205 0.19594 -0.37185 -0.71280 -0.11278 -0.00192
0.16447 -0.29290 -0.12291 -0.19678 -0.30357 -0.12324 -0.13251 0.28262 -0.36475 0.01307 0.19369 -0.36931 -0.71180 -0.11170 0.00021
0.16496 -0.29249 -0.12335 -0.19598 -0.30316 -0.12333 -0.13329 0.27968 -0.36779 0.01433 0.19213 -0.36971 -0.70819 -0.10928 0.00497
0.16483 -0.29242 -0.12476 -0.19492 -0.30273 -0.12495 -0.13510 0.27811 -0.37154 0.01543 0.19188 -0.36631 -0.70325 -0.10703 0.01348
0.16386 -0.29160 -0.12529 -0.19406 -0.30248 -0.12514 -0.13696 0.27235 -0.37463 0.01598 0.19035 -0.36579 -0.69799 -0.10268 0.01955
0.16212 -0.29085 -0.12622 -0.19185 -0.30097 -0.12277 -0.13954 0.27287 -0.37811 0.01473 0.19013 -0.36819 -0.69175 -0.10181 0.02629
0.16136 -0.28992 -0.13296 -0.19028 -0.30104 -0.12211 -0.14304 0.26913 -0.37406 0.01357 0.18992 -0.36907 -0.68713 -0.09852 0.03074
0.15928 -0.28873 -0.14198 -0.18987 -0.30160 -0.12214 -0.14683 0.26889 -0.36768 0.01335 0.19241 -0.37017 -0.68109 -0.09692 0.03440
0.15546 -0.28762 -0.15903 -0.18963 -0.30226 -0.12231 -0.14839 0.26667 -0.35122 0.01175 0.19383 -0.37007 -0.67684 -0.09453 0.03668
0.15398 -0.28391 -0.16922 -0.18965 -0.30295 -0.12300 -0.15662 0.26355 -0.34095 0.01034 0.19270 -0.37015 -0.66580 -0.09462 0.04012
0.15327 -0.28097 -0.17379 -0.18990 -0.30409 -0.12580 -0.16095 0.25946 -0.33556 0.00940 0.19336 -0.36662 -0.65955 -0.09303 0.04179
0.15568 -0.27637 -0.18751 -0.18954 -0.30666 -0.13026 -0.16028 0.25456 -0.32628 0.00937 0.19488 -0.37061 -0.65675 -0.09371 0.04586
0.15537 -0.27290 -0.19118 -0.18829 -0.30497 -0.12414 -0.16807 0.25048 -0.32664 0.00785 0.19344 -0.37862 -0.64587 -0.09152 0.05016
0.14579 -0.27063 -0.19541 -0.18767 -0.30370 -0.12342 -0.19424 0.25164 -0.32971 0.00948 0.19332 -0.37559 -0.60685 -0.09429 0.06244
0.12848 -0.26699 -0.20237 -0.18793 -0.30401 -0.12342 -0.20575 0.24854 -0.32603 0.01081 0.19381 -0.37726 -0.58365 -0.09611 0.06670
0.10356 -0.26191 -0.21820 -0.18950 -0.30593 -0.12237 -0.21675 0.24334 -0.31734 0.01273 0.19358 -0.38291 -0.55988 -0.10085 0.07166
0.10024 -0.26022 -0.21574 -0.18700 -0.30188 -0.11916 -0.24275 0.24664 -0.32009 0.01410 0.19204 -0.38033 -0.52289 -0.10440 0.07793
0.07983 -0.24224 -0.22073 -0.18727 -0.30237 -0.11939 -0.29205 0.22057 -0.32367 0.02154 0.19084 -0.38199 -0.44558 -0.09914 0.08648
0.06869 -0.24094 -0.23410 -0.19028 -0.30660 -0.11592 -0.32168 0.20695 -0.32322 0.02423 0.19344 -0.39886 -0.41495 -0.09033 0.08953
-0.00012 -0.23027 -0.29538 -0.18570 -0.29915 -0.11367 -0.33938 0.18235 -0.26609 0.03269 0.19509 -0.40775 -0.32326 -0.07620 0.09046
-0.01451 -0.21979 -0.29582 -0.17304 -0.28163 -0.06803 -0.41611 0.16077 -0.26035 0.02711 0.17496 -0.45748 -0.22794 -0.07194 0.08511
-0.05223 -0.21576 -0.30045 -0.18423 -0.30006 -0.06839 -0.41561 0.14110 -0.23438 0.02461 0.17530 -0.46212 -0.18418 -0.06632 0.07802
-0.05233 -0.22339 -0.27586 -0.17779 -0.29195 -0.06990 -0.42233 0.10827 -0.20731 0.10366 0.22801 -0.50765 -0.06874 0.02016 -0.00071
-0.06453 -0.22637 -0.27301 -0.17233 -0.24605 -0.22081 -0.43274 0.09167 -0.18576 0.06772 0.17979 -0.34671 -0.07179 0.03112 -0.00623
-0.06826 -0.22440 -0.26634 -0.16906 -0.24322 -0.21461 -0.41959 0.08455 -0.17845 0.06811 0.18549 -0.34194 -0.06895 0.04238 -0.00605
-0.07807 -0.22224 -0.27325 -0.16901 -0.24502 -0.20989 -0.41457 0.08156 -0.17387 0.06596 0.18988 -0.34575 -0.06944 0.04660 -0.00530
-0.08532 -0.22015 -0.27868 -0.16907 -0.24666 -0.20725 -0.41281 0.08032 -0.17038 0.06369 0.19107 -0.34806 -0.06839 0.04571 -0.00343
-0.08855 -0.21836 -0.28181 -0.16928 -0.24857 -0.20459 -0.41009 0.07749 -0.16890 0.06371 0.19298 -0.35097 -0.06942 0.04691 -0.00227
-0.09082 -0.21679 -0.28506 -0.16910 -0.24935 -0.20312 -0.40731 0.07495 -0.16717 0.06357 0.19223 -0.35255 -0.07071 0.04631 -0.00163
-0.09213 -0.21502 -0.28744 -0.16887 -0.24973 -0.20271 -0.40872 0.07380 -0.16758 0.06262 0.19369 -0.35379 -0.06921 0.04689 -0.00034
-0.09265 -0.21346 -0.28977 -0.16870 -0.25025 -0.20194 -0.40710 0.07208 -0.16843 0.06128 0.19245 -0.35426 -0.07187 0.04542 0.00242
-0.09077 -0.20783 -0.28459 -0.16463 -0.24449 -0.19698 -0.42455 0.08689 -0.17049 0.05613 0.18609 -0.34429 -0.04692 0.02546 0.01086
-0.09077 -0.21164 -0.29186 -0.16780 -0.24927 -0.20083 -0.40553 0.07788 -0.17405 0.04959 0.18576 -0.34643 -0.08512 0.03257 0.01650
-0.07934 -0.20954 -0.28956 -0.17206 -0.26673 -0.19642 -0.40099 0.08119 -0.17688 0.05791 0.19613 -0.34781 -0.09234 0.02111 0.01777
-0.06016 -0.21920 -0.29261 -0.16557 -0.33084 -0.12439 -0.35227 0.05337 -0.17233 0.15598 0.26304 -0.45552 -0.06418 0.06314 -0.01912
0.04227 -0.26566 -0.27776 -0.17187 -0.29620 -0.04290 -0.40048 0.10300 -0.23307 -0.01819 0.14705 -0.50407 -0.32892 -0.01025 0.06771
0.08181 -0.27308 -0.23922 -0.16797 -0.29549 -0.04794 -0.40437 0.12711 -0.27902 -0.02593 0.14040 -0.49682 -0.36967 -0.02811 0.08039
0.18931 -0.29296 -0.09976 -0.16999 -0.29817 -0.04136 -0.28568 0.07734 -0.40729 -0.04214 0.13257 -0.48452 -0.61072 0.03257 0.08485
0.19143 -0.28663 -0.09008 -0.15916 -0.28403 -0.03882 -0.20496 0.03563 -0.39694 -0.04274 0.13200 -0.47109 -0.68333 0.07469 0.07613
0.21492 -0.26089 -0.03798 -0.18901 -0.32121 -0.10975 -0.15387 -0.03254 -0.42469 -0.01482 0.16528 -0.38638 -0.75143 0.11814 0.05996
0.20702 -0.25892 0.00859 -0.18961 -0.32233 -0.11160 -0.07085 -0.08226 -0.45861 -0.01988 0.15834 -0.38632 -0.83643 0.16137 0.04205
0.20067 -0.28154 0.04122 -0.18595 -0.31543 -0.10853 -0.01477 -0.08968 -0.46001 -0.02457 0.14808 -0.37692 -0.89016 0.20136 0.01224
0.20862 -0.30208 0.05349 -0.19478 -0.32919 -0.11125 0.03457 -0.12945 -0.45559 -0.02856 0.14784 -0.39422 -0.98713 0.25378 -0.02800
0.20746 -0.31006 0.07889 -0.19320 -0.32638 -0.10585 0.07620 -0.15178 -0.45959 -0.03147 0.14057 -0.39173 -1.02855 0.28394 -0.05130
0.20404 -0.30923 0.08638 -0.19425 -0.32616 -0.10335 0.10248 -0.19781 -0.41486 -0.03319 0.13331 -0.39459 -1.05721 0.32636 -0.11185
0.19918 -0.30497 0.10252 -0.19483 -0.32617 -0.09897 0.11823 -0.23577 -0.36765 -0.03501 0.12596 -0.39748 -1.07198 0.35697 -0.18140
0.19561 -0.30715 0.10379 -0.19603 -0.32639 -0.09681 0.12883 -0.26066 -0.33863 -0.03474 0.11966 -0.40060 -1.08082 0.38088 -0.21698
0.19170 -0.30457 0.10869 -0.19595 -0.32424 -0.09409 0.14830 -0.31287 -0.31973 -0.03551 0.09841 -0.39981 -1.08640 0.41149 -0.23836
0.17457 -0.30335 0.10247 -0.18722 -0.31921 -0.07410 0.15908 -0.36706 -0.31308 -0.03691 0.05440 -0.40080 -1.05282 0.42986 -0.22516
0.16805 -0.30714 0.10065 -0.18841 -0.31829 -0.07144 0.16030 -0.36248 -0.31495 -0.03783 0.03016 -0.40887 -1.04734 0.40915 -0.22963
0.15420 -0.30916 0.10302 -0.18807 -0.31500 -0.06884 0.14552 -0.34011 -0.31835 -0.03930 0.00504 -0.41561 -1.03385 0.38485 -0.23920
0.15030 -0.31208 0.10033 -0.18882 -0.31465 -0.06775 0.14356 -0.33630 -0.31511 -0.04264 -0.04074 -0.40949 -1.03416 0.34373 -0.23406
0.15152 -0.32450 0.09627 -0.20947 -0.31606 -0.04216 0.14822 -0.33844 -0.32189 -0.05337 -0.10259 -0.41215 -1.06384 0.30064 -0.21999
0.14872 -0.32507 0.09638 -0.20281 -0.32012 -0.03212 0.15005 -0.33609 -0.31992 -0.05948 -0.21185 -0.36054 -1.06824 0.18923 -0.15713
0.14332 -0.31940 0.09121 -0.19644 -0.31369 -0.02425 0.14429 -0.32389 -0.31045 -0.06189 -0.25862 -0.32166 -1.04351 0.13171 -0.11575
0.13914 -0.31617 0.09063 -0.17048 -0.29798 0.03865 0.14622 -0.31681 -0.31300 -0.08779 -0.31117 -0.33958 -1.03699 0.08612 -0.06845
0.13800 -0.31625 0.09044 -0.17037 -0.29779 0.03981 0.14748 -0.31552 -0.31413 -0.09015 -0.34850 -0.30002 -1.03911 0.04873 -0.02700
0.13838 -0.31903 0.09129 -0.17073 -0.30527 0.04276 0.14845 -0.31740 -0.31673 -0.09307 -0.36954 -0.26514 -1.04765 0.02597 0.01211
0.13854 -0.32079 0.09187 -0.17064 -0.31044 0.04460 0.15033 -0.31922 -0.31749 -0.09736 -0.38642 -0.22872 -1.05632 0.00827 0.05030
0.13783 -0.32101 0.09156 -0.16816 -0.32077 0.04811 0.14996 -0.31754 -0.31874 -0.10233 -0.39314 -0.19767 -1.05747 -0.00994 0.08608
0.13716 -0.32331 0.09298 -0.15019 -0.32894 0.06145 0.15116 -0.31764 -0.32203 -0.12110 -0.43163 -0.10634 -1.06287 -0.05314 0.19333
0.13663 -0.32350 0.09310 -0.14703 -0.32928 0.06548 0.15057 -0.31665 -0.32132 -0.12401 -0.43179 -0.09933 -1.06151 -0.05438 0.20349
]
