classifier_Man_goes_to_house_2027 [ 0.10834 -0.36233 0.09160 -0.09104 -0.33194 0.05764 0.19121 -0.24471 -0.28383 0.08259 -0.18219 -0.48986 -0.79768 0.10771 -0.27762
0.11271 -0.37712 0.09472 -0.09680 -0.34774 0.06311 0.19863 -0.25482 -0.29623 0.23779 -0.08590 -0.31701 -0.67969 0.21367 -0.09277
0.11295 -0.37819 0.09479 -0.10545 -0.33599 0.04831 0.20222 -0.25155 -0.29053 0.21677 -0.11858 -0.33604 -0.71446 0.19013 -0.13314
0.11333 -0.37891 0.09477 -0.12599 -0.33112 0.05896 0.20677 -0.24497 -0.29564 0.20597 -0.10921 -0.36977 -0.75163 0.19812 -0.15118
0.11243 -0.37722 0.09427 -0.13332 -0.31635 0.03631 0.20626 -0.22481 -0.30768 0.18612 -0.09730 -0.36786 -0.77517 0.20247 -0.15929
0.10912 -0.36468 0.09027 -0.15517 -0.28913 0.04061 0.16724 -0.12531 -0.34231 0.19674 -0.03559 -0.39827 -0.72979 0.17865 -0.14687
0.10671 -0.35520 0.08767 -0.23731 -0.29754 0.02315 0.15282 -0.06523 -0.42156 0.26809 0.04709 -0.40678 -0.71868 0.18334 -0.09181
0.13136 -0.37674 -0.00379 -0.25150 -0.27945 -0.07174 0.09105 0.02967 -0.38849 0.27569 0.09322 -0.33589 -0.68793 0.17339 -0.06127
0.13695 -0.39152 -0.00917 -0.19301 -0.21242 -0.13360 0.03682 0.11875 -0.41694 0.21341 0.08956 -0.30576 -0.66133 0.16833 -0.05793
0.15861 -0.38379 -0.08084 -0.20168 -0.22602 -0.14083 -0.03806 0.19728 -0.36073 0.20846 0.16489 -0.31172 -0.62474 0.15097 -0.04932
0.15704 -0.27074 -0.14747 -0.23702 -0.11031 -0.17886 -0.12644 0.23590 -0.31725 0.28727 0.25904 -0.24937 -0.46663 0.13625 -0.02824
0.17028 -0.27086 -0.18285 -0.23264 -0.13507 -0.19782 -0.16765 0.29265 -0.31208 0.26033 0.28763 -0.23744 -0.48736 0.11483 0.00217
0.20031 -0.23434 -0.16384 -0.22858 -0.11922 -0.21446 -0.18074 0.31345 -0.28702 0.26138 0.29755 -0.20550 -0.46931 0.11692 0.01831
0.17225 -0.15916 -0.26010 -0.21851 -0.07318 -0.24446 -0.20718 0.32046 -0.18762 0.27102 0.29508 -0.15804 -0.39324 0.08414 0.03624
0.17131 -0.15515 -0.26219 -0.21577 -0.06571 -0.24983 -0.22179 0.34505 -0.18069 0.26414 0.29569 -0.15206 -0.38141 0.06473 0.03368
0.19773 -0.16341 -0.30070 -0.20509 -0.04838 -0.25200 -0.23592 0.35263 -0.11739 0.26119 0.28467 -0.14063 -0.37202 0.07157 0.01942
0.19535 -0.16071 -0.29572 -0.19754 -0.04278 -0.24895 -0.26386 0.38216 -0.11737 0.25999 0.27898 -0.13440 -0.32236 0.03796 0.02405
0.18474 -0.15377 -0.29730 -0.18946 -0.04181 -0.24298 -0.23810 0.36215 -0.09905 0.26751 0.28130 -0.12150 -0.30689 0.05343 0.02711
0.18855 -0.15793 -0.30741 -0.19148 -0.04649 -0.24985 -0.24727 0.37452 -0.10380 0.26975 0.29218 -0.11986 -0.31045 0.05138 0.03699
0.15217 -0.13964 -0.29083 -0.19424 -0.06521 -0.26101 -0.20722 0.35941 -0.13926 0.26131 0.31649 -0.11962 -0.34350 0.05502 0.04594
0.15303 -0.20802 -0.26624 -0.18345 -0.16785 -0.24422 -0.15283 0.34225 -0.16037 0.17648 0.35775 -0.15080 -0.48982 0.08385 0.03130
0.14556 -0.20766 -0.25795 -0.17109 -0.19091 -0.22486 -0.14691 0.34035 -0.15134 0.13857 0.34424 -0.15888 -0.50266 0.04955 0.02620
0.13191 -0.21298 -0.24041 -0.16241 -0.29650 -0.17358 -0.12042 0.30147 -0.14892 0.10552 0.39034 -0.19363 -0.52072 0.03501 0.02463
0.11666 -0.22095 -0.21492 -0.13919 -0.32743 -0.10986 -0.09827 0.28985 -0.14960 0.06802 0.36090 -0.23723 -0.51675 -0.00648 0.02134
0.12134 -0.27992 -0.18941 -0.13819 -0.32372 -0.11592 -0.09431 0.34097 -0.19468 0.05408 0.33529 -0.24803 -0.55421 -0.01893 0.02386
0.09639 -0.33137 -0.13591 -0.13228 -0.30595 -0.08669 -0.06519 0.34857 -0.25462 0.03198 0.28635 -0.27186 -0.56236 -0.01159 0.03120
0.09268 -0.33510 -0.14647 -0.14036 -0.32130 -0.08467 -0.06429 0.33899 -0.24518 0.03263 0.31276 -0.26676 -0.56082 0.00176 0.02705
0.10101 -0.33074 -0.12329 -0.17095 -0.33128 -0.04857 -0.07688 0.32046 -0.24433 0.05918 0.34469 -0.28487 -0.54268 0.03624 0.02153
0.10814 -0.37160 -0.13637 -0.23152 -0.17929 -0.10990 -0.13926 0.33769 -0.29361 0.10344 0.30160 -0.26933 -0.55060 0.16400 0.02032
0.09800 -0.35871 -0.11518 -0.30553 -0.16640 -0.17996 -0.15762 0.28325 -0.29829 0.18836 0.30564 -0.18571 -0.50537 0.20836 -0.00178
0.12472 -0.35821 -0.06825 -0.34241 -0.07855 -0.16890 -0.21616 0.20733 -0.30396 0.21830 0.25511 -0.21129 -0.48388 0.32226 -0.05741
0.12258 -0.34265 -0.03623 -0.34964 -0.05735 -0.17218 -0.20864 0.13401 -0.31517 0.22543 0.25166 -0.22486 -0.49855 0.40257 -0.09137
0.12069 -0.34061 -0.02172 -0.35607 -0.03560 -0.18639 -0.21853 0.08680 -0.31974 0.24786 0.23567 -0.24588 -0.50226 0.47296 -0.11647
0.11762 -0.33276 -0.00808 -0.36375 -0.01506 -0.18181 -0.22075 0.03784 -0.32009 0.25301 0.23249 -0.25787 -0.50674 0.53409 -0.13706
0.11369 -0.32850 -0.00012 -0.34779 0.04450 -0.21332 -0.21997 0.00168 -0.31200 0.25929 0.18070 -0.24533 -0.48761 0.57754 -0.17364
0.11001 -0.32119 0.01329 -0.34528 0.04646 -0.20996 -0.22226 -0.02808 -0.30747 0.26194 0.18080 -0.24406 -0.47355 0.60313 -0.18776
0.11012 -0.32764 0.02867 -0.35019 0.05025 -0.21050 -0.22454 -0.04098 -0.31335 0.26891 0.18236 -0.24539 -0.47645 0.63001 -0.20034
0.10537 -0.31561 0.03489 -0.33914 0.05054 -0.19832 -0.34342 -0.05397 -0.28735 0.26301 0.17226 -0.23925 -0.32954 0.62144 -0.21388
0.10406 -0.31842 0.04340 -0.33875 0.05080 -0.19804 -0.33750 -0.05405 -0.29758 0.26393 0.16944 -0.23555 -0.33291 0.62277 -0.20863
0.10309 -0.31884 0.04688 -0.33889 0.05059 -0.19831 -0.33883 -0.05462 -0.29955 0.26753 0.16653 -0.23192 -0.32798 0.62155 -0.20701
0.10269 -0.32130 0.05190 -0.33875 0.05024 -0.19851 -0.33515 -0.05672 -0.30611 0.26843 0.16444 -0.23121 -0.33026 0.62424 -0.20484
0.10697 -0.33753 0.05692 -0.35775 0.05582 -0.20025 -0.22852 -0.05299 -0.33410 0.28142 0.17100 -0.23878 -0.46306 0.64568 -0.19893
0.10663 -0.33820 0.05849 -0.35833 0.05558 -0.19868 -0.22674 -0.05078 -0.33674 0.27937 0.17161 -0.23753 -0.46435 0.64308 -0.19703
0.10641 -0.33770 0.05964 -0.35699 0.05250 -0.20101 -0.22612 -0.04811 -0.33936 0.28089 0.17093 -0.23553 -0.46385 0.63808 -0.19440
0.10636 -0.33763 0.06064 -0.35548 0.04881 -0.20391 -0.22640 -0.04776 -0.34049 0.28465 0.17108 -0.23516 -0.45997 0.63592 -0.19499
0.10469 -0.33588 0.05992 -0.35422 0.04675 -0.20579 -0.22525 -0.04818 -0.33974 0.28495 0.17087 -0.23375 -0.46044 0.63527 -0.19529
0.10470 -0.33556 0.06030 -0.35304 0.04490 -0.20727 -0.22447 -0.04917 -0.34094 0.28333 0.17227 -0.23290 -0.46160 0.63614 -0.19390
0.10467 -0.33520 0.06051 -0.35163 0.04309 -0.20874 -0.22493 -0.05004 -0.34165 0.28236 0.17284 -0.23165 -0.46075 0.63637 -0.19161
0.10344 -0.32620 0.04722 -0.34915 0.04499 -0.20163 -0.24440 -0.02289 -0.34013 0.27671 0.17125 -0.22869 -0.43256 0.59669 -0.17330
0.13698 -0.36891 -0.02609 -0.34436 0.04200 -0.20470 -0.30055 0.06559 -0.27855 0.27706 0.17044 -0.22821 -0.40378 0.54835 -0.16018
0.08037 -0.32036 -0.09269 -0.35421 0.04084 -0.20583 -0.25383 0.16440 -0.29199 0.28524 0.17861 -0.22943 -0.40257 0.40649 -0.08514
0.05443 -0.29807 -0.17665 -0.35018 0.03792 -0.20768 -0.23857 0.23501 -0.22040 0.29015 0.17727 -0.22623 -0.38105 0.30955 -0.06717
0.07437 -0.31670 -0.22660 -0.34133 0.03728 -0.19901 -0.25868 0.32837 -0.16976 0.27715 0.17567 -0.21668 -0.36686 0.22747 -0.04876
0.04708 -0.27839 -0.27738 -0.33835 0.03611 -0.19501 -0.23263 0.35951 -0.11153 0.27673 0.17632 -0.21288 -0.35564 0.15249 -0.04741
0.03380 -0.25130 -0.29116 -0.33025 0.03425 -0.18891 -0.21393 0.37263 -0.08071 0.26752 0.17522 -0.20598 -0.34982 0.10442 -0.04956
-0.03498 -0.11922 -0.35782 -0.35413 0.03413 -0.20807 -0.16792 0.30727 -0.03725 0.28940 0.19124 -0.22144 -0.36974 0.05254 -0.05676
-0.03181 -0.11008 -0.35190 -0.34600 0.03200 -0.20713 -0.17450 0.37735 -0.00534 0.28619 0.18782 -0.21878 -0.35047 -0.03163 -0.08252
-0.03061 -0.09397 -0.35839 -0.34851 0.03152 -0.21022 -0.16938 0.36237 0.00196 0.28841 0.19015 -0.21822 -0.35880 -0.02798 -0.07939
-0.02953 -0.07259 -0.36615 -0.35539 0.03441 -0.20724 -0.16446 0.35229 0.01860 0.29025 0.19141 -0.22266 -0.36499 -0.03421 -0.08793
-0.02598 -0.06332 -0.36622 -0.35999 0.03595 -0.20665 -0.16476 0.35279 0.02633 0.29153 0.19407 -0.22625 -0.36878 -0.03744 -0.09482
-0.01961 -0.05891 -0.35789 -0.36055 0.03372 -0.21299 -0.16683 0.34860 0.02699 0.29230 0.19334 -0.22661 -0.37252 -0.03486 -0.09353
-0.01939 -0.05938 -0.35693 -0.35967 0.03203 -0.21546 -0.17351 0.34219 0.02102 0.29228 0.19182 -0.22726 -0.36652 -0.02983 -0.08753
-0.02895 -0.10143 -0.34055 -0.36178 0.03133 -0.20784 -0.18174 0.33354 -0.00703 0.28721 0.19204 -0.23077 -0.36057 0.00548 -0.08125
-0.02842 -0.17498 -0.32466 -0.37687 0.00886 -0.18159 -0.18829 0.32601 -0.04019 0.29041 0.21513 -0.25344 -0.38023 0.07871 -0.06195
-0.02537 -0.19853 -0.30976 -0.37438 0.01920 -0.19143 -0.20356 0.31070 -0.05421 0.28870 0.20717 -0.24456 -0.36809 0.11629 -0.06860
-0.01268 -0.23248 -0.27204 -0.37373 0.01330 -0.17842 -0.21033 0.27318 -0.06913 0.27793 0.21187 -0.24275 -0.37604 0.18542 -0.07835
-0.00143 -0.26119 -0.24760 -0.37385 0.01501 -0.19521 -0.23624 0.26308 -0.07814 0.28586 0.21035 -0.24357 -0.36822 0.22855 -0.10447
0.01152 -0.28425 -0.22061 -0.37754 0.01002 -0.18643 -0.25112 0.24545 -0.07029 0.28315 0.21621 -0.24641 -0.37240 0.27137 -0.13355
0.05727 -0.34916 -0.18839 -0.35388 0.01620 -0.18442 -0.27413 0.27848 -0.03055 0.26884 0.19578 -0.23155 -0.35873 0.28997 -0.18922
0.06182 -0.35645 -0.18731 -0.36534 0.01008 -0.17571 -0.28761 0.27004 0.00315 0.27237 0.20764 -0.24406 -0.36607 0.31314 -0.22770
0.05637 -0.31588 -0.16069 -0.38114 0.00826 -0.17748 -0.28709 0.22109 -0.02732 0.27934 0.21859 -0.25429 -0.38829 0.33194 -0.23538
0.05598 -0.31504 -0.16106 -0.38200 0.00766 -0.17517 -0.28483 0.23309 -0.03351 0.27888 0.21894 -0.25587 -0.39175 0.31981 -0.22848
0.05397 -0.30222 -0.18160 -0.38108 0.00523 -0.17661 -0.23645 0.29000 -0.11702 0.28062 0.22049 -0.25335 -0.43838 0.25077 -0.12079
0.05377 -0.29721 -0.18742 -0.37429 0.01334 -0.19056 -0.20526 0.28958 -0.13978 0.28652 0.20971 -0.24706 -0.45933 0.24385 -0.09994
0.05707 -0.28094 -0.20780 -0.37068 0.01683 -0.19753 -0.17882 0.28074 -0.15036 0.29012 0.20568 -0.24189 -0.48407 0.23567 -0.07139
0.06074 -0.27410 -0.21737 -0.36893 0.01909 -0.19940 -0.15601 0.28073 -0.17091 0.28644 0.20498 -0.23695 -0.51216 0.23131 -0.03977
0.06867 -0.26957 -0.22804 -0.36639 0.01917 -0.20072 -0.14080 0.27836 -0.18622 0.28730 0.20279 -0.23520 -0.52999 0.23069 -0.01422
0.08983 -0.26165 -0.22848 -0.36692 0.01885 -0.20184 -0.12819 0.27485 -0.20690 0.28644 0.20351 -0.23559 -0.55394 0.23872 0.01181
0.11206 -0.25754 -0.23021 -0.37446 0.00665 -0.18278 -0.11938 0.26485 -0.22689 0.28599 0.21559 -0.24851 -0.58038 0.25467 0.04064
0.12587 -0.27156 -0.22334 -0.36315 0.01432 -0.19320 -0.11573 0.25947 -0.25121 0.28305 0.20263 -0.23895 -0.58186 0.26895 0.05774
0.12815 -0.27261 -0.21631 -0.35871 0.01631 -0.19651 -0.10514 0.24065 -0.27612 0.28011 0.19806 -0.23701 -0.59038 0.28596 0.07470
0.12832 -0.27461 -0.19995 -0.36016 0.00677 -0.18012 -0.09566 0.22316 -0.29963 0.27681 0.20464 -0.24054 -0.59805 0.30184 0.09504
0.13237 -0.30490 -0.21227 -0.34545 0.01254 -0.18580 -0.09782 0.24708 -0.27921 0.26892 0.19118 -0.22915 -0.58075 0.29954 0.09254
0.13399 -0.31030 -0.21474 -0.34825 0.01602 -0.19351 -0.09921 0.24400 -0.28246 0.27239 0.19082 -0.22901 -0.58787 0.31134 0.09131
0.13504 -0.32001 -0.20658 -0.35004 0.01835 -0.19871 -0.10008 0.24730 -0.29663 0.27595 0.18939 -0.23094 -0.59160 0.31852 0.09033
0.13455 -0.32348 -0.20604 -0.35054 0.02068 -0.20266 -0.10309 0.25232 -0.29899 0.27893 0.18783 -0.23262 -0.58883 0.31777 0.08663
0.13405 -0.32471 -0.20536 -0.35071 0.02012 -0.20344 -0.10383 0.25428 -0.30089 0.28090 0.18713 -0.23244 -0.58670 0.31639 0.08736
0.13304 -0.32594 -0.20368 -0.35053 0.02013 -0.20350 -0.10308 0.25776 -0.30129 0.27914 0.18878 -0.23095 -0.58801 0.31569 0.08747
0.13268 -0.32647 -0.20297 -0.35024 0.02023 -0.20396 -0.10459 0.25991 -0.30401 0.28259 0.18755 -0.23231 -0.58249 0.31281 0.08768
0.13238 -0.32675 -0.20239 -0.35002 0.02032 -0.20409 -0.10757 0.26042 -0.30729 0.28351 0.18693 -0.23095 -0.57805 0.31175 0.09151
0.13172 -0.33036 -0.19157 -0.34713 0.02110 -0.20480 -0.10791 0.26393 -0.31578 0.27912 0.18512 -0.22752 -0.57598 0.31038 0.09176
0.13398 -0.33691 -0.16232 -0.34222 0.02074 -0.20227 -0.11165 0.27099 -0.34077 0.27486 0.18225 -0.22369 -0.56719 0.30585 0.09360
0.13244 -0.33846 -0.15698 -0.34108 0.02073 -0.20197 -0.11297 0.27175 -0.34555 0.27390 0.17949 -0.22591 -0.56280 0.30360 0.09119
0.12914 -0.33067 -0.15637 -0.33402 0.02007 -0.19797 -0.11343 0.26835 -0.33685 0.26772 0.17538 -0.22034 -0.54796 0.29329 0.09150
0.12702 -0.34278 -0.15104 -0.34091 0.02019 -0.20204 -0.11481 0.27872 -0.35547 0.27545 0.17755 -0.22358 -0.55280 0.29755 0.09795
0.12617 -0.33984 -0.13683 -0.33436 0.01944 -0.19833 -0.12252 0.28321 -0.36150 0.26825 0.17374 -0.22093 -0.53551 0.28473 0.09582
0.11405 -0.29587 -0.23506 -0.36608 0.00071 -0.18424 -0.12092 0.24068 -0.29676 0.28656 0.20426 -0.25161 -0.56346 0.29663 0.11382
0.10733 -0.28496 -0.24096 -0.35691 -0.00081 -0.17724 -0.12864 0.23596 -0.27692 0.27789 0.19874 -0.24261 -0.53496 0.28211 0.11572
0.04805 -0.23977 -0.29116 -0.36285 0.00783 -0.19983 -0.15545 0.22285 -0.26006 0.28687 0.19587 -0.23743 -0.47271 0.25076 0.13101
0.03306 -0.23405 -0.30151 -0.36727 -0.00194 -0.18776 -0.16934 0.22557 -0.24724 0.29129 0.20618 -0.24520 -0.44458 0.24197 0.13492
0.02147 -0.22224 -0.30277 -0.36928 -0.00194 -0.18791 -0.19275 0.22995 -0.24672 0.29020 0.20769 -0.24447 -0.41436 0.22611 0.13687
0.00197 -0.21602 -0.31340 -0.36775 -0.00241 -0.18563 -0.20846 0.23808 -0.23149 0.28931 0.20659 -0.24560 -0.37453 0.20891 0.13426
-0.00571 -0.19443 -0.28135 -0.33353 0.00145 -0.17913 -0.21576 0.22579 -0.21286 0.26557 0.18408 -0.21690 -0.30643 0.17806 0.11808
-0.01463 -0.20858 -0.30345 -0.35924 0.00537 -0.19620 -0.25699 0.24996 -0.22242 0.29221 0.19564 -0.23503 -0.28945 0.18296 0.11855
-0.03415 -0.19896 -0.29848 -0.35287 0.01243 -0.18536 -0.26345 0.24697 -0.20377 0.28430 0.19020 -0.22278 -0.25073 0.16827 0.11150
-0.04680 -0.19526 -0.30583 -0.36518 0.01617 -0.18861 -0.28874 0.24633 -0.20390 0.29624 0.19557 -0.22721 -0.22797 0.16917 0.10953
-0.06785 -0.18175 -0.30909 -0.37308 -0.00066 -0.16158 -0.29301 0.23333 -0.19022 0.29286 0.21485 -0.24207 -0.21086 0.16577 0.10959
-0.06763 -0.18167 -0.30281 -0.36412 -0.01660 -0.10969 -0.31818 0.23110 -0.18386 0.27466 0.23081 -0.28551 -0.19496 0.16478 0.10626
-0.07093 -0.18419 -0.29943 -0.35522 -0.01785 -0.10992 -0.33429 0.22859 -0.17993 0.24040 0.23440 -0.27271 -0.20277 0.17069 0.11343
-0.08405 -0.18400 -0.30317 -0.35205 -0.02369 -0.10193 -0.34273 0.22704 -0.17197 0.22613 0.24241 -0.28075 -0.19847 0.17341 0.11135
-0.09267 -0.19163 -0.31416 -0.29392 0.01752 -0.13237 -0.36416 0.23161 -0.17706 0.15327 0.21000 -0.26378 -0.20368 0.18511 0.11711
-0.09886 -0.19145 -0.31199 -0.29475 0.01705 -0.13319 -0.36399 0.23151 -0.17262 0.15458 0.20689 -0.26729 -0.19464 0.18179 0.10857
-0.10258 -0.19614 -0.30397 -0.29608 0.01696 -0.13379 -0.36211 0.22980 -0.17189 0.14344 0.20546 -0.26015 -0.20378 0.18314 0.11512
-0.10362 -0.19812 -0.30033 -0.29720 0.01677 -0.13423 -0.36173 0.22908 -0.17209 0.14282 0.20505 -0.25924 -0.20344 0.18365 0.11639
-0.10451 -0.19944 -0.29840 -0.29870 0.01611 -0.13369 -0.36157 0.22707 -0.17263 0.20191 0.19823 -0.30324 -0.14412 0.17854 0.07395
-0.10536 -0.20024 -0.29709 -0.30012 0.01518 -0.13247 -0.36049 0.22637 -0.17215 0.16465 0.21292 -0.30335 -0.18242 0.19343 0.07506
-0.10575 -0.20081 -0.29612 -0.30153 0.01429 -0.13112 -0.35995 0.22647 -0.17370 0.13266 0.20306 -0.25196 -0.21542 0.18274 0.12968
-0.10316 -0.19633 -0.28785 -0.29482 0.01300 -0.12657 -0.35035 0.22146 -0.16905 0.22247 0.18888 -0.30870 -0.11804 0.16757 0.06444
-0.10581 -0.20159 -0.29445 -0.30256 0.01246 -0.12938 -0.35860 0.22711 -0.17252 0.23712 0.18913 -0.32026 -0.11238 0.16653 0.06230
-0.10315 -0.19647 -0.28606 -0.29463 0.01147 -0.12576 -0.34756 0.22000 -0.16895 0.22990 0.18594 -0.31300 -0.11174 0.16453 0.06063
-0.10351 -0.19706 -0.28632 -0.29419 0.01469 -0.12937 -0.34803 0.22182 -0.16739 0.22950 0.18305 -0.30970 -0.11182 0.16364 0.05959
-0.10360 -0.19712 -0.28594 -0.29445 0.01389 -0.12862 -0.34609 0.22137 -0.16855 0.23124 0.18325 -0.31086 -0.11179 0.16348 0.06030
-0.10628 -0.20257 -0.29345 -0.30132 0.01659 -0.13468 -0.35470 0.22837 -0.17376 0.24331 0.18088 -0.31870 -0.10872 0.16197 0.06052
-0.10617 -0.20278 -0.29322 -0.30033 0.01801 -0.13643 -0.35404 0.23009 -0.17512 0.24033 0.18006 -0.31784 -0.11147 0.16101 0.06101
-0.10369 -0.19843 -0.28649 -0.29376 0.01637 -0.13238 -0.34162 0.22412 -0.17018 0.23457 0.18134 -0.30971 -0.11402 0.16245 0.06066
-0.10568 -0.20318 -0.29258 -0.29993 0.01552 -0.13456 -0.33488 0.23300 -0.16745 0.15951 0.20181 -0.27567 -0.21205 0.17727 0.09724
-0.10438 -0.20741 -0.29471 -0.29929 0.01614 -0.13398 -0.30595 0.23979 -0.15399 0.16352 0.20468 -0.28024 -0.24693 0.17597 0.08119
-0.08690 -0.21064 -0.27542 -0.37103 -0.00478 -0.19321 -0.24435 0.22298 -0.11567 0.28812 0.20784 -0.22138 -0.24446 0.17926 0.02076
-0.05654 -0.23485 -0.26206 -0.37324 -0.00921 -0.18803 -0.22409 0.26117 -0.10348 0.28631 0.20723 -0.22625 -0.29806 0.16176 -0.00350
0.02266 -0.33814 -0.20194 -0.35298 -0.02445 -0.16734 -0.17465 0.35075 -0.09889 0.25839 0.19643 -0.22060 -0.40456 0.15374 -0.04481
0.04338 -0.34227 -0.17143 -0.34609 -0.03616 -0.16050 -0.14945 0.34128 -0.12103 0.26619 0.19603 -0.24727 -0.43298 0.15869 -0.07936
0.06320 -0.37685 -0.17169 -0.30037 -0.05330 -0.10024 -0.13367 0.36910 -0.15449 0.15926 0.20599 -0.30642 -0.57316 0.16436 -0.04388
0.10564 -0.34615 -0.04998 -0.35028 -0.14158 -0.13501 -0.06858 0.25985 -0.29575 0.21994 0.23275 -0.25459 -0.64822 0.18047 -0.02075
0.11421 -0.37473 -0.00277 -0.33999 -0.15775 -0.13330 -0.02943 0.23893 -0.36446 0.21320 0.20824 -0.25005 -0.69333 0.19655 -0.00439
0.10779 -0.34756 0.07643 -0.29713 -0.19556 -0.12409 0.02502 0.15593 -0.43707 0.18708 0.19620 -0.25102 -0.70496 0.20229 -0.00320
0.11942 -0.34910 0.07719 -0.21911 -0.26290 -0.09598 0.10854 0.02890 -0.46665 0.13069 0.13984 -0.29983 -0.81324 0.21946 -0.00911
0.12015 -0.35874 0.08106 -0.21591 -0.29404 -0.12113 0.16293 -0.03526 -0.45764 0.15733 0.09847 -0.29074 -0.85607 0.22379 -0.04059
0.11355 -0.34753 0.07701 -0.22700 -0.32246 -0.03933 0.18377 -0.10282 -0.33518 0.20320 0.07140 -0.35451 -0.81928 0.22467 -0.14504
0.10866 -0.33986 0.07557 -0.16039 -0.30341 0.09008 0.19668 -0.13852 -0.32342 0.17625 -0.00202 -0.46157 -0.77493 0.19802 -0.13551
0.10765 -0.34662 0.07583 -0.15801 -0.32872 0.04164 0.19887 -0.19552 -0.26207 0.20979 -0.04938 -0.38901 -0.74436 0.18729 -0.17659
0.10944 -0.36583 0.08012 -0.11959 -0.38603 -0.02187 0.22165 -0.24585 -0.26874 0.22846 -0.06112 -0.31507 -0.73114 0.18794 -0.16773
0.10581 -0.36171 0.07704 -0.11928 -0.37723 0.01398 0.21498 -0.24480 -0.26534 0.24203 -0.06515 -0.32904 -0.69922 0.18661 -0.14848
0.09987 -0.35199 0.07132 -0.11517 -0.36452 0.01442 0.20549 -0.23973 -0.25402 0.21256 -0.09977 -0.35160 -0.69377 0.14825 -0.17958
0.10410 -0.37653 0.07305 -0.09454 -0.34986 0.02290 0.21880 -0.25661 -0.26525 0.22365 -0.13061 -0.34760 -0.71079 0.17300 -0.16486
0.10382 -0.38269 0.07061 -0.09780 -0.34896 0.02700 0.21755 -0.25364 -0.26612 0.22071 -0.12988 -0.34904 -0.71833 0.17713 -0.16536
0.10089 -0.38370 0.06584 -0.09874 -0.34676 0.02935 0.22045 -0.25384 -0.26605 0.22282 -0.11223 -0.32859 -0.72022 0.19862 -0.14324
0.09438 -0.36484 0.06008 -0.09316 -0.32365 0.02484 0.20840 -0.24009 -0.25267 0.23485 -0.15821 -0.37027 -0.65912 0.14285 -0.19775
0.10039 -0.38553 0.06414 -0.09902 -0.34053 0.02595 0.21970 -0.24847 -0.26623 0.19653 -0.13925 -0.36201 -0.74774 0.17598 -0.18100
0.09621 -0.36926 0.06016 -0.09309 -0.31143 0.01081 0.21308 -0.23530 -0.25871 0.23982 -0.18399 -0.35719 -0.66507 0.13110 -0.19458
0.09589 -0.36991 0.05866 -0.09279 -0.30931 0.00897 0.21253 -0.23387 -0.25944 0.24062 -0.18800 -0.35438 -0.66404 0.12933 -0.19371
0.09534 -0.36924 0.05660 -0.09232 -0.30962 0.00848 0.20506 -0.23413 -0.25898 0.24259 -0.18810 -0.35273 -0.65347 0.12912 -0.19253
0.09489 -0.36816 0.05503 -0.09475 -0.31342 0.01900 0.20472 -0.23506 -0.26217 0.23825 -0.18056 -0.36059 -0.65780 0.13311 -0.18561
0.09501 -0.36863 0.05272 -0.09442 -0.31501 0.02022 0.20284 -0.23473 -0.26580 0.23899 -0.18067 -0.36398 -0.65588 0.13185 -0.18215
0.09458 -0.36831 0.05227 -0.09225 -0.31579 0.01869 0.20088 -0.23583 -0.26179 0.23745 -0.18076 -0.36259 -0.65322 0.13211 -0.18624
0.09491 -0.36908 0.04969 -0.09331 -0.31563 0.02045 0.20503 -0.23693 -0.26505 0.23715 -0.18134 -0.36119 -0.65703 0.13297 -0.18026
0.09760 -0.38050 0.04983 -0.09623 -0.32596 0.02171 0.21181 -0.24396 -0.27303 0.19435 -0.15644 -0.35159 -0.72812 0.16732 -0.16326
0.09438 -0.36876 0.04813 -0.09350 -0.31803 0.02254 0.20285 -0.23614 -0.26361 0.24955 -0.17987 -0.32869 -0.64280 0.13197 -0.14567
0.09768 -0.38215 0.04938 -0.09782 -0.33101 0.02630 0.21206 -0.24419 -0.27471 0.19729 -0.15424 -0.35556 -0.73076 0.16761 -0.16085
0.09381 -0.36836 0.04694 -0.09429 -0.31980 0.02702 0.20360 -0.23475 -0.26148 0.08995 -0.20975 -0.48826 -0.80395 0.09955 -0.30170
0.09332 -0.36810 0.04644 -0.09430 -0.31998 0.02734 0.20525 -0.23534 -0.26400 0.29691 -0.11333 -0.26219 -0.59856 0.19654 -0.07219
0.09308 -0.36771 0.04679 -0.09395 -0.32019 0.02700 0.20496 -0.23677 -0.26052 0.29605 -0.11500 -0.26407 -0.59892 0.19619 -0.07794
0.09336 -0.36787 0.04682 -0.09338 -0.32044 0.02642 0.20639 -0.23610 -0.26350 0.29541 -0.11531 -0.26360 -0.60098 0.19562 -0.07463
0.09306 -0.36738 0.04812 -0.09266 -0.32036 0.02508 0.20211 -0.23627 -0.26282 0.29456 -0.11837 -0.26449 -0.59716 0.19282 -0.07801
]
