classifier_Car_weaves_and_bumps_into_man_18536 [ 0.11773 -0.39373 0.06104 -0.04571 -0.36290 0.03545 0.11149 -0.30281 -0.14075 0.14011 -0.23278 -0.30149 -0.64760 0.09845 -0.20532
0.11778 -0.39372 0.06106 -0.04563 -0.36294 0.03532 0.14738 -0.30816 -0.17114 0.13996 -0.23211 -0.30255 -0.68369 0.10439 -0.17607
0.11728 -0.39398 0.06063 -0.04559 -0.36295 0.03536 0.18227 -0.32374 -0.20479 0.14103 -0.23447 -0.30523 -0.71702 0.11785 -0.14457
0.11735 -0.39399 0.06070 -0.04558 -0.36295 0.03534 0.18073 -0.32239 -0.20365 0.12876 -0.21643 -0.27310 -0.72792 0.13453 -0.11358
0.11740 -0.39385 0.06073 -0.04550 -0.36281 0.03537 0.17786 -0.32133 -0.19921 0.13970 -0.23153 -0.29967 -0.71397 0.11833 -0.14453
0.11744 -0.39376 0.06079 -0.04545 -0.36264 0.03550 0.14835 -0.30917 -0.17139 0.14009 -0.23261 -0.30182 -0.68404 0.10509 -0.17438
0.11691 -0.39401 0.06040 -0.04520 -0.36300 0.03560 0.14773 -0.30815 -0.17226 0.14008 -0.23239 -0.30337 -0.68273 0.10416 -0.17450
0.11749 -0.39336 0.06288 -0.04509 -0.36301 0.03567 0.14831 -0.30849 -0.17079 0.14101 -0.23382 -0.30512 -0.68258 0.10318 -0.17755
0.11773 -0.39330 0.06285 -0.04504 -0.36291 0.03581 0.14876 -0.30924 -0.17065 0.14110 -0.23384 -0.30447 -0.68324 0.10381 -0.17691
0.11788 -0.39333 0.06245 -0.04489 -0.36296 0.03570 0.14880 -0.30876 -0.17159 0.14128 -0.23376 -0.30701 -0.68308 0.10312 -0.17850
0.11812 -0.39326 0.06202 -0.04493 -0.36271 0.03586 0.14823 -0.30901 -0.17106 0.14016 -0.23399 -0.30603 -0.68382 0.10280 -0.17826
0.11828 -0.39311 0.06223 -0.04503 -0.36265 0.03594 0.14729 -0.30926 -0.17101 0.14052 -0.23514 -0.30769 -0.68269 0.10142 -0.18063
0.11853 -0.39305 0.06238 -0.04523 -0.36273 0.03588 0.14547 -0.30918 -0.16978 0.14010 -0.23501 -0.30921 -0.68179 0.10102 -0.18412
0.11869 -0.39290 0.06265 -0.04533 -0.36269 0.03567 0.14547 -0.30881 -0.17066 0.14064 -0.23592 -0.31173 -0.68158 0.10002 -0.18655
0.11879 -0.39276 0.06323 -0.04584 -0.36266 0.03563 0.14457 -0.30908 -0.17127 0.14056 -0.23560 -0.31321 -0.68134 0.10049 -0.18835
0.11857 -0.39235 0.06418 -0.04742 -0.36242 0.03611 0.14233 -0.30945 -0.17102 0.14099 -0.23561 -0.31510 -0.67981 0.10075 -0.19174
0.11847 -0.39223 0.06482 -0.04930 -0.36202 0.03614 0.14191 -0.30978 -0.17198 0.13310 -0.22103 -0.29699 -0.68910 0.11643 -0.17376
0.11795 -0.39266 0.06441 -0.05716 -0.35915 0.03315 0.14027 -0.30965 -0.17375 0.11534 -0.19321 -0.29482 -0.71302 0.14754 -0.17355
0.11787 -0.39375 0.06485 -0.07010 -0.35123 0.03117 0.14026 -0.31095 -0.17406 0.14333 -0.23006 -0.34925 -0.69960 0.12112 -0.23156
0.11978 -0.39861 0.06655 -0.13920 -0.28219 -0.00996 0.14009 -0.31460 -0.17761 0.18084 -0.12989 -0.29811 -0.73960 0.29925 -0.22086
0.11740 -0.39019 0.06526 -0.15280 -0.26780 -0.02402 0.20020 -0.32820 -0.23214 0.19287 -0.06105 -0.27869 -0.78838 0.38808 -0.16016
0.11734 -0.38912 0.06568 -0.14819 -0.27932 -0.05023 0.19883 -0.32657 -0.23147 0.19825 0.03902 -0.26480 -0.77620 0.47455 -0.17408
0.12029 -0.39972 0.06724 -0.15018 -0.29084 -0.05720 0.13881 -0.31569 -0.18307 0.22135 0.13394 -0.29009 -0.71051 0.56113 -0.25714
0.11847 -0.39239 0.06655 -0.13623 -0.27758 -0.07089 0.13613 -0.31023 -0.18074 0.23814 0.21019 -0.29546 -0.66515 0.64123 -0.27753
0.11868 -0.39374 0.06625 -0.13070 -0.27316 -0.09648 0.13638 -0.30977 -0.18291 0.15434 0.27719 -0.25693 -0.74514 0.71178 -0.26356
0.11926 -0.39660 0.06537 -0.09957 -0.25187 -0.17988 0.13632 -0.31158 -0.18431 0.18348 0.41237 -0.19027 -0.68270 0.86793 -0.28190
0.11742 -0.39045 0.06294 -0.08818 -0.08850 -0.30002 0.13506 -0.30683 -0.18085 0.21316 0.35717 -0.05999 -0.62520 0.96294 -0.27572
0.11862 -0.39423 0.06332 -0.07748 -0.07901 -0.30909 0.13658 -0.31065 -0.18346 0.19463 0.38433 -0.05318 -0.63524 1.00279 -0.27961
0.12073 -0.40172 0.06100 -0.05680 -0.06686 -0.32241 0.13694 -0.31607 -0.18657 0.16707 0.40180 -0.04541 -0.63914 1.03876 -0.28756
0.12104 -0.40627 0.05713 0.00372 -0.07763 -0.32801 0.13643 -0.31676 -0.18465 0.13339 0.42374 -0.04899 -0.61664 1.05539 -0.29962
0.11953 -0.39963 0.05527 0.02283 -0.12003 -0.30792 0.13181 -0.31214 -0.18286 0.13496 0.44549 -0.06486 -0.58184 1.03176 -0.29281
0.12027 -0.40149 0.05445 0.03452 -0.17384 -0.30515 0.13218 -0.31374 -0.18355 0.15399 0.46401 -0.06799 -0.55818 1.00960 -0.29116
0.11906 -0.39471 0.05355 0.00853 -0.28281 -0.16667 0.12874 -0.30881 -0.18080 0.20353 0.50080 -0.20451 -0.52265 0.93294 -0.28951
0.11773 -0.38964 0.05340 -0.01834 -0.27296 -0.24715 0.12583 -0.30655 -0.17769 0.23819 0.39169 -0.11543 -0.50528 0.82939 -0.28242
0.11844 -0.39043 0.05240 -0.03639 -0.29128 -0.22503 0.12447 -0.30705 -0.17803 0.26579 0.34077 -0.13396 -0.49655 0.76213 -0.27792
0.12068 -0.39893 0.05290 -0.05061 -0.35031 -0.10588 0.12637 -0.31248 -0.18244 0.23272 0.26903 -0.22734 -0.55893 0.64521 -0.24983
0.12014 -0.39805 0.05246 -0.05029 -0.35366 -0.10797 0.12384 -0.31089 -0.18187 0.24188 0.25707 -0.23148 -0.54576 0.62697 -0.25633
0.12045 -0.39889 0.05258 -0.07354 -0.35497 -0.06708 0.12348 -0.31170 -0.18034 0.23553 0.21105 -0.26008 -0.57706 0.58041 -0.24595
0.12106 -0.39986 0.05296 -0.09371 -0.34952 -0.03643 0.12334 -0.31214 -0.18296 0.21232 0.17662 -0.30430 -0.62245 0.55276 -0.25714
0.11847 -0.39151 0.05187 -0.10140 -0.33717 -0.02271 0.11991 -0.30521 -0.17791 0.16229 0.16146 -0.28741 -0.66394 0.53433 -0.22904
0.12094 -0.39992 0.05346 -0.09809 -0.34588 -0.01582 0.12303 -0.31252 -0.18171 0.09259 0.16511 -0.28971 -0.74652 0.54538 -0.22229
0.12045 -0.39863 0.05408 -0.09687 -0.35285 -0.01097 0.12210 -0.31102 -0.18210 0.02676 0.19884 -0.28277 -0.80825 0.56956 -0.20950
0.11982 -0.39657 0.05416 -0.09945 -0.35033 -0.00443 0.12241 -0.31132 -0.18039 -0.01425 0.23477 -0.26801 -0.84898 0.60631 -0.18848
0.12063 -0.39347 0.05832 -0.11536 -0.34809 0.02914 0.12130 -0.30801 -0.17807 -0.05930 0.32210 -0.27115 -0.90712 0.69148 -0.15862
0.11795 -0.38366 0.05818 -0.12154 -0.32420 0.00928 0.11921 -0.29984 -0.17353 -0.05187 0.30706 -0.24874 -0.88979 0.68234 -0.15661
0.12199 -0.39634 0.06053 -0.12132 -0.34446 0.01169 0.12417 -0.30893 -0.17937 -0.05282 0.31797 -0.27386 -0.91525 0.69574 -0.17537
0.12050 -0.39170 0.05987 -0.11230 -0.35505 0.01695 0.12288 -0.30516 -0.17608 -0.04935 0.30841 -0.29357 -0.89416 0.66703 -0.19161
0.11980 -0.39035 0.05936 -0.10776 -0.36712 0.01499 0.12371 -0.30391 -0.17433 -0.03695 0.28958 -0.31007 -0.87547 0.63347 -0.21114
0.11492 -0.37430 0.05678 -0.10008 -0.35303 0.01023 0.17588 -0.31385 -0.22309 -0.02111 0.25461 -0.30924 -0.87913 0.60575 -0.16249
0.11523 -0.37491 0.05686 -0.09504 -0.35321 0.00537 0.17193 -0.31262 -0.21709 -0.01209 0.24057 -0.31372 -0.86215 0.59089 -0.17801
0.12117 -0.39150 0.05944 -0.09228 -0.37245 -0.00210 0.17875 -0.32603 -0.22434 -0.00945 0.24648 -0.32657 -0.89036 0.60860 -0.19499
0.12270 -0.39095 0.06025 -0.08622 -0.37336 -0.01171 0.17917 -0.32517 -0.22283 -0.00954 0.24745 -0.32036 -0.88631 0.60729 -0.20088
0.12468 -0.39002 0.06169 -0.08274 -0.37441 -0.01845 0.17976 -0.32572 -0.22294 -0.00962 0.25416 -0.31833 -0.88536 0.61267 -0.20710
0.12714 -0.38855 0.06412 -0.08020 -0.37433 -0.02353 0.17938 -0.32612 -0.22106 -0.00949 0.25540 -0.31702 -0.88448 0.61299 -0.21549
0.13248 -0.38294 0.07796 -0.07908 -0.37455 -0.02842 0.18189 -0.32661 -0.23256 -0.00927 0.26313 -0.31591 -0.89073 0.61496 -0.22262
0.13870 -0.37849 0.08754 -0.07883 -0.37515 -0.03156 0.17962 -0.32558 -0.23415 -0.01053 0.26813 -0.31663 -0.89632 0.61339 -0.23543
0.14710 -0.37092 0.09830 -0.07819 -0.37499 -0.03241 0.18388 -0.33043 -0.25276 -0.01121 0.26851 -0.31339 -0.90811 0.61045 -0.22623
0.15272 -0.36638 0.10404 -0.07779 -0.37525 -0.03253 0.18467 -0.32842 -0.24884 -0.01144 0.26860 -0.31109 -0.91428 0.60342 -0.23430
0.15686 -0.33963 0.11628 -0.07412 -0.35970 -0.03197 0.18505 -0.34325 -0.25437 -0.01256 0.26026 -0.29646 -0.89591 0.59755 -0.22500
0.16848 -0.34411 0.12486 -0.07169 -0.37032 -0.03171 0.18878 -0.35552 -0.25970 -0.01480 0.26790 -0.30209 -0.92981 0.60787 -0.23629
0.17985 -0.32646 0.13255 -0.07046 -0.36497 -0.03207 0.17556 -0.35622 -0.21753 -0.01524 0.26405 -0.29488 -0.91871 0.59163 -0.27890
0.18701 -0.31032 0.13356 -0.06863 -0.35672 -0.03136 0.16597 -0.36029 -0.21258 -0.01530 0.25876 -0.28607 -0.90304 0.58152 -0.27451
0.21975 -0.30057 0.15603 -0.07153 -0.37426 -0.03282 0.13677 -0.29184 -0.27928 -0.01666 0.27111 -0.29842 -0.93339 0.49766 -0.24554
0.24008 -0.26389 0.17669 -0.07050 -0.37093 -0.03260 0.10495 -0.28584 -0.32662 -0.01536 0.26659 -0.29860 -0.91486 0.45280 -0.21821
0.25724 -0.24639 0.18209 -0.06597 -0.37059 -0.03153 0.04990 -0.23114 -0.37154 -0.01445 0.26293 -0.30295 -0.87880 0.37334 -0.18289
0.27516 -0.21782 0.18740 -0.06615 -0.37518 -0.03176 -0.01435 -0.15183 -0.40300 -0.01059 0.25765 -0.31141 -0.83345 0.25432 -0.16647
0.26949 -0.20089 -0.01076 -0.06284 -0.38452 -0.03387 -0.18348 0.12503 -0.31899 0.00505 0.23854 -0.32638 -0.64626 -0.08705 -0.08704
0.27389 -0.20317 -0.00923 -0.06070 -0.39988 -0.03507 -0.18721 0.20093 -0.30310 0.00970 0.24933 -0.33276 -0.64845 -0.16415 -0.11267
0.25489 -0.19187 -0.01768 -0.05714 -0.38560 -0.03577 -0.16578 0.23209 -0.27242 0.01348 0.24638 -0.31564 -0.62342 -0.18923 -0.11238
0.25151 -0.20015 -0.03734 -0.05882 -0.40239 -0.03850 -0.15823 0.24816 -0.26640 0.01905 0.26886 -0.32010 -0.64065 -0.18704 -0.10445
0.23091 -0.25845 -0.13338 -0.06010 -0.39303 -0.03834 -0.17151 0.11969 -0.25614 0.02520 0.31483 -0.28947 -0.58956 0.05674 0.01523
0.24938 -0.23527 -0.01582 -0.06392 -0.39830 -0.03842 -0.16988 -0.00221 -0.36173 0.02437 0.32423 -0.28947 -0.62206 0.16252 0.00652
0.31340 -0.25000 -0.02912 -0.06232 -0.37175 -0.03265 -0.24749 -0.02314 -0.31029 0.02128 0.30396 -0.27070 -0.57679 0.20542 -0.00179
0.32114 -0.24639 -0.02103 -0.06532 -0.37474 -0.03059 -0.26797 -0.02560 -0.29495 0.01963 0.30288 -0.27547 -0.57288 0.20062 -0.02715
0.26150 -0.23206 -0.04883 -0.07038 -0.39280 -0.02936 -0.22517 0.06927 -0.26040 0.01273 0.30065 -0.30109 -0.59316 0.07221 -0.05909
0.25816 -0.23260 -0.10167 -0.07647 -0.42594 -0.02955 -0.20753 0.12902 -0.22780 0.01032 0.31495 -0.33368 -0.65614 -0.00573 -0.07296
0.24105 -0.22345 -0.07066 -0.07157 -0.39989 -0.02721 -0.17005 0.17553 -0.24083 0.00858 0.28991 -0.31906 -0.63806 -0.06142 -0.07212
0.23746 -0.22118 -0.06567 -0.06970 -0.39425 -0.02741 -0.14673 0.19091 -0.24514 0.00826 0.28216 -0.31338 -0.64811 -0.08080 -0.06662
0.23944 -0.22245 -0.06438 -0.06884 -0.39892 -0.02849 -0.14226 0.17048 -0.26170 0.00882 0.28960 -0.31418 -0.65707 -0.05473 -0.05184
0.25234 -0.23701 -0.05592 -0.06766 -0.39542 -0.02918 -0.17948 0.07901 -0.29830 0.01323 0.29470 -0.30482 -0.62315 0.06048 -0.01482
0.27166 -0.25762 -0.03529 -0.07158 -0.41762 -0.03104 -0.18196 0.04273 -0.30669 0.01354 0.31483 -0.32046 -0.67213 0.11599 -0.04725
0.25671 -0.24417 -0.03283 -0.06829 -0.39479 -0.02888 -0.17668 0.05356 -0.26765 0.01155 0.30166 -0.30342 -0.63223 0.10119 -0.06790
0.27244 -0.26042 -0.03971 -0.07388 -0.42199 -0.03008 -0.18495 0.09188 -0.25717 0.00891 0.32518 -0.32451 -0.68221 0.07624 -0.09628
0.24658 -0.25029 -0.12645 -0.07952 -0.44949 -0.03110 -0.15075 0.11033 -0.17248 0.00681 0.34532 -0.34658 -0.73249 0.04069 -0.11958
0.24979 -0.24738 -0.10653 -0.07954 -0.44404 -0.02992 -0.14423 0.13434 -0.17967 0.00336 0.34047 -0.34495 -0.73842 0.01401 -0.12898
0.25195 -0.25300 -0.06294 -0.07916 -0.43432 -0.03063 -0.13496 0.14870 -0.21674 0.00182 0.33306 -0.33878 -0.74083 0.00756 -0.12949
0.24964 -0.25947 -0.05291 -0.07943 -0.43456 -0.03132 -0.12128 0.14574 -0.22787 -0.00109 0.33346 -0.33676 -0.75483 0.01725 -0.12730
0.21766 -0.26435 -0.02268 -0.07306 -0.39846 -0.02972 -0.13869 0.17145 -0.27127 -0.00097 0.30336 -0.30938 -0.65466 0.00206 -0.08223
0.21073 -0.29252 -0.00645 -0.07239 -0.39415 -0.03180 -0.11968 0.17846 -0.27657 -0.00144 0.30061 -0.30661 -0.66237 0.02480 -0.09240
0.21315 -0.32400 0.00216 -0.07697 -0.41932 -0.03550 -0.09003 0.16171 -0.27207 -0.00124 0.32247 -0.32901 -0.73141 0.07029 -0.13437
0.17454 -0.37166 0.00149 -0.06914 -0.37563 -0.03291 -0.06984 0.21579 -0.24212 0.00005 0.28926 -0.29400 -0.64945 0.07409 -0.12227
0.17587 -0.37342 -0.00617 -0.06954 -0.37704 -0.03324 -0.07428 0.21116 -0.23297 0.00129 0.28997 -0.29516 -0.64726 0.07994 -0.12558
0.16805 -0.34054 0.01296 -0.07145 -0.38581 -0.03420 -0.06525 0.17226 -0.25419 0.00242 0.29857 -0.30163 -0.66035 0.08609 -0.13208
0.17887 -0.36070 0.01431 -0.07652 -0.41138 -0.03659 -0.06895 0.18140 -0.27142 0.00310 0.31930 -0.32192 -0.70424 0.09241 -0.14200
0.18020 -0.35844 0.01665 -0.07723 -0.41207 -0.03711 -0.06846 0.18072 -0.27251 0.00406 0.32043 -0.32053 -0.70709 0.09141 -0.14269
0.18797 -0.35244 0.01745 -0.07761 -0.41321 -0.03716 -0.07417 0.17624 -0.27539 0.00354 0.31949 -0.32173 -0.71125 0.08768 -0.14257
0.23571 -0.32357 -0.00373 -0.07847 -0.41530 -0.03838 -0.11766 0.16222 -0.26931 0.00440 0.31843 -0.32455 -0.71717 0.06939 -0.13253
0.25769 -0.27869 -0.08499 -0.08266 -0.43741 -0.04044 -0.13286 0.12646 -0.22004 0.00760 0.33277 -0.33991 -0.75311 0.05284 -0.12023
0.26455 -0.26507 -0.10382 -0.08213 -0.43751 -0.03927 -0.13546 0.13268 -0.22754 0.01262 0.32995 -0.33835 -0.74974 0.02983 -0.09105
0.28674 -0.24603 -0.11895 -0.07924 -0.42990 -0.03539 -0.15133 0.13456 -0.23751 0.01820 0.32531 -0.32845 -0.73362 0.01124 -0.05058
0.30247 -0.22448 -0.15555 -0.07744 -0.42414 -0.03428 -0.17685 0.12995 -0.23651 0.02567 0.32396 -0.31895 -0.70681 -0.00223 -0.00282
0.29697 -0.21239 -0.18756 -0.07615 -0.42064 -0.03352 -0.17910 0.12511 -0.24386 0.03220 0.32487 -0.30896 -0.68671 -0.00654 0.04948
0.26625 -0.21340 -0.28567 -0.07251 -0.40922 -0.03135 -0.19375 0.12613 -0.20691 0.03538 0.32059 -0.29022 -0.61854 -0.00086 0.13518
0.25665 -0.21901 -0.29819 -0.07135 -0.40872 -0.03064 -0.21053 0.12010 -0.21587 0.03367 0.32362 -0.28834 -0.59162 0.01355 0.16151
0.23318 -0.22545 -0.29215 -0.07030 -0.41040 -0.02978 -0.22127 0.11708 -0.23348 0.03077 0.32623 -0.28906 -0.55972 0.02322 0.17533
0.15805 -0.25682 -0.23072 -0.06690 -0.39460 -0.02850 -0.22391 0.13672 -0.25505 0.02138 0.31322 -0.28635 -0.46673 0.03721 0.14192
0.15001 -0.26456 -0.22498 -0.06695 -0.39483 -0.02910 -0.24670 0.13608 -0.23236 0.01514 0.31313 -0.29072 -0.44266 0.04453 0.10930
0.14834 -0.28335 -0.21805 -0.06556 -0.38678 -0.02889 -0.26858 0.15578 -0.19836 0.00873 0.30545 -0.29095 -0.41324 0.04395 0.06927
0.10973 -0.28025 -0.17302 -0.06711 -0.39092 -0.03089 -0.25480 0.15752 -0.21917 0.00277 0.30819 -0.29913 -0.40166 0.03761 0.03446
0.13065 -0.27808 -0.18430 -0.06678 -0.38337 -0.03147 -0.28116 0.16337 -0.17452 -0.00261 0.30060 -0.30039 -0.39316 0.02951 -0.00048
0.13899 -0.27345 -0.18437 -0.06850 -0.37801 -0.03553 -0.28780 0.17060 -0.15114 -0.00671 0.29493 -0.30049 -0.39772 0.01712 -0.02792
0.18933 -0.25038 -0.18910 -0.07091 -0.38725 -0.03804 -0.33127 0.17386 -0.13849 -0.01484 0.29307 -0.31480 -0.42851 -0.02140 -0.05270
0.15740 -0.20872 -0.21982 -0.07237 -0.39373 -0.04008 -0.33076 0.15442 -0.10954 -0.01257 0.29324 -0.31965 -0.40525 -0.05112 -0.05716
0.15301 -0.19137 -0.23705 -0.07277 -0.39981 -0.04098 -0.32712 0.15073 -0.09886 -0.00212 0.29267 -0.31757 -0.39200 -0.07287 -0.04735
0.13506 -0.16884 -0.26262 -0.07049 -0.40646 -0.04151 -0.36424 0.15389 -0.07543 0.02069 0.29388 -0.30936 -0.30447 -0.10599 -0.03531
0.10688 -0.15616 -0.29884 -0.06758 -0.41309 -0.04265 -0.36025 0.14774 -0.06024 0.05484 0.29100 -0.30347 -0.25148 -0.12446 -0.00784
0.06588 -0.14300 -0.31139 -0.05879 -0.39609 -0.04318 -0.32755 0.13985 -0.05085 0.07803 0.28696 -0.28471 -0.19745 -0.11954 0.01719
0.03978 -0.16245 -0.31940 -0.05442 -0.40609 -0.04571 -0.30225 0.14668 -0.05094 0.07796 0.29296 -0.28800 -0.20190 -0.13184 0.03231
0.03848 -0.16643 -0.31912 -0.05108 -0.40563 -0.04628 -0.33521 0.17105 -0.04844 0.06153 0.29339 -0.28591 -0.18172 -0.15286 0.03316
0.07102 -0.22316 -0.27754 -0.05019 -0.39656 -0.04451 -0.25434 0.21744 -0.09920 0.01842 0.29912 -0.27094 -0.32528 -0.12571 0.06047
0.13456 -0.27774 -0.21033 -0.05056 -0.38752 -0.04164 -0.26449 0.26779 -0.15651 -0.00316 0.29659 -0.26376 -0.38825 -0.11120 0.05996
0.15771 -0.27847 -0.16070 -0.04908 -0.38215 -0.02874 -0.21995 0.26697 -0.19305 -0.01769 0.29973 -0.26131 -0.45293 -0.08375 0.06240
0.16601 -0.31305 -0.13108 -0.05397 -0.38172 -0.02278 -0.16851 0.26315 -0.21455 -0.02537 0.29885 -0.26090 -0.52205 -0.04603 0.05980
0.17131 -0.33588 -0.14539 -0.06142 -0.39193 -0.01594 -0.13588 0.25540 -0.19605 -0.02658 0.30774 -0.26839 -0.57123 -0.01685 0.05360
0.16182 -0.35401 -0.05303 -0.06659 -0.40534 -0.01134 -0.06394 0.17738 -0.26393 -0.03195 0.31673 -0.27573 -0.65599 0.07462 0.02386
0.14793 -0.36797 -0.04394 -0.06688 -0.40447 -0.00830 -0.05772 0.18539 -0.28051 -0.03165 0.31813 -0.27511 -0.64962 0.08109 0.03005
0.10096 -0.39335 -0.04002 -0.06196 -0.39731 -0.00617 -0.00990 0.19637 -0.27542 -0.03023 0.31628 -0.27245 -0.64565 0.10146 0.02228
0.11025 -0.41657 -0.04255 -0.06609 -0.42401 -0.00714 -0.01728 0.17390 -0.26524 -0.02794 0.33695 -0.28901 -0.68096 0.14013 -0.00368
0.10360 -0.42032 -0.04582 -0.06569 -0.42451 -0.00874 -0.02494 0.17766 -0.26309 -0.02292 0.33751 -0.28961 -0.66206 0.14029 -0.00500
0.08620 -0.42106 -0.06834 -0.06494 -0.42881 -0.01207 -0.02045 0.17721 -0.25671 -0.01896 0.33916 -0.29415 -0.65489 0.13615 -0.00171
0.08075 -0.42115 -0.07502 -0.06416 -0.42913 -0.01518 -0.02829 0.18171 -0.26069 -0.01327 0.33931 -0.29345 -0.63634 0.13039 0.00410
0.07683 -0.42283 -0.08187 -0.06328 -0.42666 -0.01859 -0.03952 0.19435 -0.26381 -0.00275 0.34075 -0.28895 -0.60953 0.12331 0.01434
0.07424 -0.42255 -0.08623 -0.06368 -0.42667 -0.02033 -0.04157 0.19550 -0.26560 0.00096 0.34280 -0.28635 -0.59968 0.12368 0.02130
0.07073 -0.42360 -0.08710 -0.06424 -0.42684 -0.02121 -0.03674 0.19101 -0.27000 0.00269 0.34350 -0.28413 -0.59890 0.12952 0.02704
0.06994 -0.42432 -0.08803 -0.06488 -0.42758 -0.02245 -0.03143 0.18240 -0.27672 0.00284 0.34370 -0.28362 -0.60451 0.13901 0.03396
0.07080 -0.42509 -0.08294 -0.06512 -0.42604 -0.02309 -0.01509 0.16904 -0.28810 0.00140 0.34099 -0.28228 -0.62319 0.15286 0.04029
0.05243 -0.39445 -0.07022 -0.06085 -0.39542 -0.02165 0.02020 0.14750 -0.29245 0.00027 0.31510 -0.26301 -0.61089 0.16189 0.03938
0.04817 -0.38630 -0.02368 -0.06032 -0.38941 -0.02115 0.06240 0.11461 -0.33180 -0.00245 0.30886 -0.26024 -0.64460 0.18650 0.03750
0.09957 -0.36692 0.03472 -0.06238 -0.39945 -0.02178 0.06397 0.05218 -0.39399 -0.00578 0.31696 -0.26521 -0.71613 0.22796 0.03669
0.11469 -0.36753 0.04961 -0.06294 -0.39603 -0.02160 0.10053 0.00634 -0.37165 -0.00882 0.31457 -0.26300 -0.77037 0.27608 0.00396
0.12828 -0.37115 0.06013 -0.06370 -0.39354 -0.02076 0.13509 -0.04617 -0.34370 -0.01127 0.31303 -0.25961 -0.81974 0.33318 -0.02951
0.14357 -0.37461 0.08705 -0.06403 -0.39029 -0.01948 0.16329 -0.10327 -0.34015 -0.01400 0.31076 -0.25757 -0.86296 0.39538 -0.05437
0.14857 -0.37501 0.09495 -0.06476 -0.38900 -0.01779 0.17937 -0.14622 -0.30122 -0.01643 0.31115 -0.25651 -0.88627 0.44084 -0.09627
0.14544 -0.37785 0.09185 -0.06555 -0.38902 -0.01638 0.14979 -0.18839 -0.20210 -0.01839 0.31190 -0.25652 -0.85694 0.48649 -0.19043
0.14870 -0.37495 0.09750 -0.06638 -0.38891 -0.01528 0.15061 -0.24893 -0.18611 -0.02055 0.31051 -0.25819 -0.86449 0.54348 -0.21042
0.13911 -0.37217 0.08463 -0.06509 -0.37983 -0.01452 0.21512 -0.31868 -0.25951 -0.02025 0.30149 -0.25463 -0.90690 0.61062 -0.11892
0.13566 -0.37191 0.08082 -0.06506 -0.37676 -0.01409 0.20192 -0.32573 -0.22446 -0.01893 0.28763 -0.25777 -0.88629 0.60740 -0.15092
0.14019 -0.37918 0.08169 -0.06667 -0.38391 -0.01441 0.19980 -0.33683 -0.22956 -0.01897 0.28804 -0.26879 -0.90011 0.61902 -0.15831
0.13873 -0.37688 0.07975 -0.06622 -0.38103 -0.01455 0.18369 -0.33360 -0.21938 -0.01906 0.26707 -0.27803 -0.87879 0.59544 -0.17552
0.13724 -0.37713 0.07639 -0.06575 -0.37994 -0.01477 0.17730 -0.33048 -0.21398 -0.01894 0.23631 -0.29466 -0.86920 0.56290 -0.19403
0.13266 -0.37157 0.07166 -0.05263 -0.38480 -0.00090 0.15904 -0.31399 -0.19466 -0.02535 0.15006 -0.34456 -0.83139 0.45018 -0.24301
0.13056 -0.37155 0.06830 -0.05031 -0.37694 0.00651 0.15721 -0.31618 -0.18620 -0.01840 0.08419 -0.37426 -0.81694 0.39399 -0.27014
0.13161 -0.38960 0.06564 -0.05753 -0.37820 0.01450 0.16135 -0.32775 -0.18330 -0.00378 -0.00685 -0.39960 -0.83397 0.33130 -0.28795
0.12919 -0.39091 0.06303 -0.05915 -0.37102 0.01832 0.15849 -0.32622 -0.17486 0.00993 -0.08867 -0.41040 -0.81690 0.25661 -0.30012
0.12763 -0.39426 0.06220 -0.06026 -0.37259 0.01952 0.15872 -0.32703 -0.17305 0.04029 -0.16153 -0.36530 -0.78983 0.18692 -0.25295
0.12649 -0.39540 0.06070 -0.06170 -0.37226 0.02056 0.15934 -0.32703 -0.17069 0.06955 -0.20161 -0.33139 -0.76228 0.14801 -0.21865
0.12535 -0.39641 0.05927 -0.06238 -0.37241 0.02119 0.15928 -0.32738 -0.17121 0.11660 -0.26035 -0.35170 -0.71535 0.09029 -0.23623
0.11907 -0.39687 0.05859 -0.06241 -0.37227 0.02208 0.15745 -0.31424 -0.17305 0.14138 -0.27502 -0.32098 -0.69053 0.07377 -0.20374
0.11894 -0.39746 0.05838 -0.06183 -0.37317 0.02281 0.15694 -0.31593 -0.16981 0.13358 -0.26159 -0.30153 -0.69670 0.08701 -0.18507
0.11556 -0.39729 0.05693 -0.06053 -0.37250 0.02343 0.19044 -0.32239 -0.20457 0.13240 -0.25348 -0.30523 -0.72927 0.10702 -0.15296
0.11596 -0.39791 0.05670 -0.05934 -0.37397 0.02341 0.15750 -0.31284 -0.16803 0.12727 -0.25147 -0.30793 -0.69954 0.09555 -0.19063
0.11336 -0.39815 0.05460 -0.05883 -0.37381 0.02332 0.19328 -0.32325 -0.20467 0.12617 -0.25225 -0.30773 -0.73511 0.10771 -0.15328
0.11442 -0.39846 0.05537 -0.05897 -0.37454 0.02333 0.15917 -0.31420 -0.16799 0.12526 -0.25192 -0.31009 -0.70170 0.09567 -0.19124
]
