classifier_Man_weaves_and_bumps_into_house_20235 [ 0.15120 -0.38697 0.05979 -0.14084 -0.30542 0.04546 0.19254 -0.28489 -0.16837 0.07925 -0.29954 -0.31263 -0.87151 0.14517 -0.16236
0.15046 -0.38464 0.05873 -0.13983 -0.30364 0.04520 0.19109 -0.28350 -0.16656 0.07431 -0.30691 -0.31998 -0.87065 0.13529 -0.17054
0.15321 -0.39018 0.05933 -0.14170 -0.30868 0.04585 0.19336 -0.28891 -0.16859 0.07966 -0.29154 -0.30733 -0.87919 0.15748 -0.15554
0.15343 -0.38809 0.05836 -0.12196 -0.30851 0.03595 0.19084 -0.29167 -0.15494 0.07788 -0.28912 -0.30324 -0.87066 0.15988 -0.16431
0.14317 -0.38100 0.06887 -0.12100 -0.30462 0.03648 0.22956 -0.30840 -0.11419 0.08478 -0.30642 -0.32902 -0.87707 0.14866 -0.24023
0.13574 -0.38086 0.07982 -0.12052 -0.30591 0.03689 0.24919 -0.31127 -0.12900 0.08669 -0.30648 -0.33052 -0.88309 0.14649 -0.23681
0.12971 -0.37927 0.08832 -0.11921 -0.30803 0.03696 0.23454 -0.28852 -0.18330 0.08925 -0.30420 -0.33370 -0.85559 0.11861 -0.19366
0.11948 -0.37311 0.09582 -0.11733 -0.30986 0.03723 0.23222 -0.25694 -0.21841 0.09001 -0.30218 -0.33611 -0.84511 0.08035 -0.16837
0.11899 -0.37052 0.10054 -0.11398 -0.31191 0.03703 0.13641 -0.18725 -0.25981 0.09157 -0.30294 -0.34147 -0.74003 -0.00523 -0.14085
0.10369 -0.35155 0.11403 -0.11115 -0.32187 0.03594 0.04646 -0.19332 -0.32938 0.09463 -0.28544 -0.32977 -0.65159 -0.00761 -0.06750
0.09710 -0.34544 0.11342 -0.10843 -0.32189 0.03562 0.00670 -0.19038 -0.33936 0.09777 -0.28372 -0.33004 -0.60588 -0.01493 -0.05521
0.08739 -0.33490 0.10937 -0.10333 -0.31748 0.03293 -0.05049 -0.18734 -0.31695 0.09814 -0.30096 -0.35384 -0.53251 -0.04254 -0.09745
0.10047 -0.33817 0.09016 -0.09853 -0.31096 0.03082 -0.12482 -0.27657 -0.36756 0.09987 -0.30021 -0.35580 -0.43650 0.03652 -0.04318
0.10256 -0.35241 0.08037 -0.10801 -0.32864 0.03528 -0.15457 -0.21887 -0.34725 0.09727 -0.28231 -0.33389 -0.43824 -0.01218 -0.03221
0.09812 -0.34702 0.07646 -0.09857 -0.32890 0.02815 -0.16438 -0.22283 -0.35006 0.10179 -0.28003 -0.33420 -0.42044 -0.01238 -0.02396
0.09802 -0.34416 0.07111 -0.09268 -0.32967 0.02276 -0.16690 -0.23093 -0.35175 0.10638 -0.27889 -0.33469 -0.41119 -0.00957 -0.01869
0.09924 -0.34304 0.06720 -0.09656 -0.33238 0.02568 -0.17257 -0.23532 -0.34837 0.11075 -0.27973 -0.33691 -0.40210 -0.01240 -0.02224
0.09663 -0.34039 0.06657 -0.09914 -0.33301 0.02734 -0.17213 -0.23787 -0.34652 0.11367 -0.27950 -0.33879 -0.39911 -0.01327 -0.02412
0.09976 -0.33119 0.05299 -0.10106 -0.32614 0.02862 -0.16895 -0.23600 -0.33583 0.11718 -0.30145 -0.36178 -0.38458 -0.04602 -0.05275
0.13305 -0.31075 0.00409 -0.11185 -0.31831 0.02083 -0.24697 -0.14020 -0.29199 0.14735 -0.16380 -0.34783 -0.35007 -0.01683 -0.03599
0.14201 -0.30270 -0.02229 -0.06922 -0.31179 -0.12532 -0.25062 -0.03989 -0.26746 0.14319 -0.07691 -0.29863 -0.33205 -0.02726 -0.10982
0.20346 -0.25619 -0.09781 -0.16928 -0.28670 -0.06998 -0.30771 -0.00891 -0.26431 0.21248 0.01955 -0.34121 -0.36615 0.00705 -0.03145
0.20968 -0.23047 -0.15136 -0.16868 -0.27880 -0.11200 -0.32095 0.05978 -0.26145 0.20964 0.11310 -0.33614 -0.35631 0.01213 -0.01613
0.20140 -0.21207 -0.17330 -0.19657 -0.24848 -0.20549 -0.30451 0.13843 -0.24758 0.23166 0.19027 -0.23618 -0.34708 0.00915 0.00093
0.20829 -0.13586 -0.23601 -0.25551 -0.14753 -0.16778 -0.30056 0.18270 -0.19009 0.24763 0.27373 -0.21909 -0.35259 -0.00037 0.01091
0.23289 -0.07673 -0.24284 -0.25125 -0.11820 -0.20194 -0.30296 0.24644 -0.15065 0.24890 0.28516 -0.17657 -0.36188 -0.00409 0.01653
0.22748 -0.04780 -0.26272 -0.22050 -0.06759 -0.26461 -0.29195 0.26773 -0.12313 0.24219 0.28827 -0.11946 -0.34848 0.01206 0.01477
0.12714 0.08639 -0.32749 -0.18472 0.06728 -0.30279 -0.23257 0.24544 -0.05692 0.25060 0.29985 -0.06952 -0.26625 0.00154 0.02170
0.14576 0.06419 -0.32592 -0.18488 0.07148 -0.30302 -0.25067 0.28746 -0.04609 0.25179 0.31334 -0.06738 -0.26623 -0.00079 0.01069
0.14922 0.06028 -0.32576 -0.18509 0.07698 -0.30224 -0.25454 0.29560 -0.04556 0.25488 0.31255 -0.06594 -0.26307 0.00019 0.01172
0.14584 0.05560 -0.31432 -0.17887 0.07699 -0.29115 -0.32595 0.35894 -0.07183 0.23243 0.29091 -0.06494 -0.18955 -0.07923 0.03798
0.12701 0.09840 -0.32180 -0.18324 0.07366 -0.29978 -0.31249 0.31476 -0.05182 0.25619 0.31127 -0.05892 -0.17679 -0.05762 0.02579
0.12691 0.09828 -0.32206 -0.18354 0.07107 -0.30062 -0.31201 0.31725 -0.10032 0.24290 0.30235 -0.06398 -0.19204 -0.06827 0.07038
0.12820 0.09708 -0.32409 -0.17845 0.09244 -0.29992 -0.21530 0.24435 -0.04072 0.24205 0.28806 -0.06108 -0.29187 0.01725 0.01909
0.13604 0.09027 -0.32242 -0.18883 0.07254 -0.29853 -0.21562 0.25269 -0.03590 0.23473 0.30426 -0.06419 -0.32162 0.01410 0.01267
0.19466 0.02560 -0.30447 -0.20886 0.05684 -0.28994 -0.25949 0.31965 -0.04848 0.21928 0.31403 -0.07315 -0.37465 0.00389 0.00591
0.21311 0.02734 -0.29056 -0.27506 -0.02459 -0.23577 -0.18305 0.26223 -0.06804 0.17100 0.33287 -0.12445 -0.59039 -0.00191 0.01376
0.27100 -0.05583 -0.23452 -0.27670 -0.03081 -0.22863 -0.22202 0.32768 -0.12162 0.15264 0.32039 -0.12890 -0.63281 -0.00420 0.01304
0.27621 -0.07783 -0.22025 -0.29266 -0.07074 -0.19770 -0.19247 0.30707 -0.13243 0.14093 0.31954 -0.15490 -0.70026 -0.00476 0.01419
0.28580 -0.11638 -0.19301 -0.29090 -0.09032 -0.18175 -0.18162 0.31265 -0.15864 0.12057 0.30582 -0.16775 -0.74420 -0.00779 0.01548
0.30243 -0.19462 -0.09366 -0.27821 -0.17367 -0.10910 -0.14845 0.29788 -0.24562 0.07343 0.29684 -0.22880 -0.82751 -0.01044 0.01374
0.27591 -0.17606 -0.12566 -0.27002 -0.19664 -0.10678 -0.10008 0.22967 -0.21420 0.05250 0.26285 -0.23174 -0.87245 -0.02092 0.01401
0.27222 -0.24250 -0.07839 -0.24783 -0.22102 -0.08447 -0.09567 0.27333 -0.25569 0.03460 0.26266 -0.24940 -0.86126 -0.02390 0.01282
0.26515 -0.25053 -0.07344 -0.23255 -0.24089 -0.07232 -0.09270 0.26636 -0.26479 0.02267 0.26181 -0.26106 -0.85623 -0.03077 0.01768
0.25338 -0.26181 -0.06861 -0.21935 -0.25305 -0.07168 -0.08816 0.25630 -0.27322 0.02034 0.25352 -0.26450 -0.83814 -0.03034 0.01851
0.23462 -0.27651 -0.05969 -0.20191 -0.26781 -0.07115 -0.08145 0.24536 -0.28837 0.01645 0.24497 -0.27053 -0.81305 -0.02822 0.01958
0.21096 -0.29793 -0.04314 -0.16914 -0.29199 -0.05644 -0.06774 0.23166 -0.30796 -0.00011 0.23140 -0.28409 -0.78710 -0.03069 0.02334
0.18916 -0.31631 -0.02606 -0.15565 -0.30012 -0.04432 -0.05854 0.20866 -0.32560 0.00334 0.20371 -0.30622 -0.75696 -0.02453 0.01352
0.14973 -0.31329 -0.00386 -0.12137 -0.31386 -0.04996 -0.04050 0.15946 -0.36183 -0.01024 0.16910 -0.33653 -0.73033 -0.01552 -0.00228
0.12389 -0.30941 0.04281 -0.00394 -0.34803 0.02595 -0.03293 0.02038 -0.40803 -0.09231 0.08695 -0.40819 -0.67417 0.00224 -0.00071
0.14137 -0.34767 0.04930 -0.05606 -0.36592 -0.12867 -0.04827 -0.03391 -0.43020 -0.02999 0.01911 -0.28723 -0.72195 0.00439 -0.01841
0.13401 -0.32549 0.04680 -0.09256 -0.34230 0.03428 -0.05509 -0.07456 -0.38103 0.03329 -0.02661 -0.40670 -0.64415 0.00154 -0.02327
0.08945 -0.41900 0.00754 -0.07592 -0.31603 0.01760 -0.02134 -0.02794 -0.36188 0.04009 -0.09366 -0.37809 -0.56241 0.00961 0.00703
0.13518 -0.31917 0.05773 -0.08078 -0.33140 0.02073 -0.06769 -0.14259 -0.37829 0.04614 -0.10559 -0.39438 -0.58181 -0.00476 -0.03961
0.13554 -0.31961 0.05783 -0.08153 -0.33109 0.02211 -0.06742 -0.14319 -0.38138 0.04561 -0.10507 -0.39340 -0.58289 -0.00350 -0.03505
0.13045 -0.30653 0.05576 -0.04782 -0.40710 -0.00049 -0.06106 -0.13468 -0.36704 0.00280 -0.00827 -0.37729 -0.57272 -0.00338 -0.05459
0.10155 -0.46488 0.03183 -0.05091 -0.35220 -0.08476 -0.02538 -0.01961 -0.41096 0.00412 -0.05977 -0.26671 -0.62695 0.03960 0.04833
0.13686 -0.31825 0.04820 -0.14145 -0.30504 0.03488 -0.06891 -0.14012 -0.37883 0.07673 -0.00758 -0.36959 -0.61214 0.11606 0.01977
0.09011 -0.41875 0.02049 -0.13775 -0.29121 0.03622 -0.02930 -0.02182 -0.37161 0.05828 0.04561 -0.38909 -0.59828 0.16687 0.01843
0.08913 -0.41644 0.01306 -0.09602 -0.31013 0.02672 -0.03542 -0.03144 -0.36382 0.00076 0.12869 -0.41005 -0.60870 0.24063 -0.00903
0.14463 -0.31062 0.05396 -0.23149 -0.28032 -0.10116 -0.09396 -0.10980 -0.32920 0.10214 0.21833 -0.34273 -0.64622 0.33228 -0.14897
0.14383 -0.30890 0.05409 -0.25722 -0.08043 -0.21490 -0.15595 -0.26565 -0.37134 0.15079 0.19052 -0.27933 -0.55853 0.65607 -0.16741
0.14521 -0.31307 0.05721 -0.25345 -0.00390 -0.24055 -0.12744 -0.14503 -0.29418 0.17309 0.18753 -0.30713 -0.56798 0.61463 -0.30821
0.15558 -0.33889 0.06362 -0.27142 0.00646 -0.26142 -0.14395 -0.16953 -0.32048 0.15900 0.21223 -0.22805 -0.63130 0.69959 -0.23429
0.15135 -0.33975 0.06386 -0.27998 -0.00518 -0.24706 -0.14738 -0.18190 -0.32320 0.17176 0.23336 -0.23976 -0.61580 0.72382 -0.23281
0.14134 -0.32106 0.06257 -0.26152 -0.01695 -0.23385 -0.14600 -0.18353 -0.30130 0.17154 0.22692 -0.22308 -0.56863 0.70149 -0.22647
0.14041 -0.32317 0.06484 -0.26020 -0.01857 -0.23550 -0.15478 -0.19127 -0.29531 0.17534 0.22852 -0.22187 -0.55668 0.71423 -0.23718
0.14933 -0.34856 0.07072 -0.26790 0.00815 -0.26555 -0.17776 -0.21700 -0.30535 0.18314 0.20904 -0.23513 -0.57914 0.77319 -0.27850
0.14821 -0.34929 0.07312 -0.26727 0.01404 -0.26440 -0.19136 -0.23656 -0.30038 0.18237 0.19699 -0.24341 -0.55909 0.78464 -0.29487
0.13791 -0.32773 0.07084 -0.29491 -0.04867 -0.19894 -0.18207 -0.23430 -0.27738 0.21194 0.23716 -0.27503 -0.51913 0.73716 -0.28191
0.13662 -0.32704 0.07199 -0.29527 -0.04802 -0.19796 -0.18202 -0.22774 -0.27419 0.21053 0.22557 -0.27971 -0.51473 0.71772 -0.29046
0.13625 -0.32734 0.07327 -0.29768 -0.05199 -0.19441 -0.18433 -0.23956 -0.27350 0.20694 0.22563 -0.28333 -0.51596 0.72480 -0.29303
0.13667 -0.32961 0.07433 -0.30299 -0.05689 -0.18923 -0.18024 -0.24559 -0.28023 0.21126 0.22599 -0.29309 -0.52243 0.72735 -0.29238
0.13583 -0.32784 0.07451 -0.30170 -0.05729 -0.18815 -0.17522 -0.24213 -0.27799 0.20582 0.22474 -0.29154 -0.52670 0.71978 -0.29222
0.13539 -0.32759 0.07453 -0.30051 -0.05930 -0.18550 -0.17723 -0.23495 -0.27761 0.20172 0.22449 -0.28855 -0.52521 0.70944 -0.28711
0.13513 -0.32708 0.07444 -0.30011 -0.06163 -0.18431 -0.17579 -0.23182 -0.27862 0.19935 0.22464 -0.28905 -0.52667 0.70322 -0.28533
0.13439 -0.32514 0.07359 -0.29818 -0.06365 -0.18135 -0.17439 -0.22325 -0.28347 0.19682 0.21905 -0.28895 -0.52424 0.68450 -0.27656
0.13694 -0.32516 0.06852 -0.29865 -0.06589 -0.18191 -0.15457 -0.18978 -0.30908 0.19398 0.21787 -0.28985 -0.55035 0.64713 -0.24731
0.14326 -0.32140 0.06184 -0.29984 -0.06739 -0.18295 -0.13848 -0.11623 -0.34536 0.19245 0.22090 -0.28731 -0.57636 0.57088 -0.20284
0.16116 -0.27365 -0.12997 -0.30188 -0.07028 -0.18396 -0.17824 0.11872 -0.29908 0.19569 0.22537 -0.29009 -0.55526 0.28884 -0.05994
0.15787 -0.24113 -0.19094 -0.30326 -0.07436 -0.18108 -0.18548 0.23533 -0.22850 0.19982 0.22895 -0.29701 -0.53555 0.14660 -0.06282
0.14826 -0.05152 -0.31918 -0.30398 -0.07818 -0.18267 -0.17190 0.28440 -0.08569 0.20028 0.23823 -0.29870 -0.54290 -0.08708 -0.07553
0.14020 -0.00862 -0.33064 -0.26240 -0.04734 -0.23521 -0.17115 0.30698 -0.06343 0.15386 0.20868 -0.24717 -0.53988 -0.15292 -0.08406
0.13786 -0.00620 -0.33238 -0.26352 -0.04865 -0.23457 -0.18109 0.36107 -0.04294 0.15035 0.21158 -0.24541 -0.52928 -0.20629 -0.09571
0.09916 0.11414 -0.32777 -0.26549 -0.05128 -0.23332 -0.18528 0.34159 0.01102 0.14540 0.21116 -0.24989 -0.49071 -0.30965 -0.15257
0.10093 0.11435 -0.32759 -0.26627 -0.05213 -0.23282 -0.19332 0.34511 0.02882 0.14209 0.21179 -0.25098 -0.48640 -0.31385 -0.16843
0.10193 0.11526 -0.32724 -0.26706 -0.05305 -0.23204 -0.19831 0.34473 0.04146 0.13873 0.21307 -0.25155 -0.48513 -0.31431 -0.17949
0.10268 0.11625 -0.32696 -0.26902 -0.05463 -0.22966 -0.20032 0.34198 0.04653 0.13763 0.21389 -0.25491 -0.48596 -0.31311 -0.18458
0.10373 0.11654 -0.32675 -0.26964 -0.05470 -0.22920 -0.20152 0.33801 0.05166 0.13823 0.21469 -0.25426 -0.48513 -0.30920 -0.18763
0.10478 0.11621 -0.32681 -0.27018 -0.05496 -0.22884 -0.20144 0.33535 0.05172 0.13609 0.21681 -0.25193 -0.48851 -0.30446 -0.18415
0.10631 0.11304 -0.32832 -0.28950 -0.09495 -0.18572 -0.20061 0.33235 0.04941 0.15426 0.25735 -0.29779 -0.49181 -0.29878 -0.18336
0.11350 0.08703 -0.33412 -0.28261 -0.06812 -0.20939 -0.20400 0.32726 0.03716 0.14657 0.23303 -0.27392 -0.49517 -0.26719 -0.16602
0.12479 0.03859 -0.33986 -0.28901 -0.08779 -0.19189 -0.17472 0.26144 -0.00051 0.15272 0.25334 -0.29275 -0.53538 -0.15412 -0.12522
0.13545 -0.00816 -0.33819 -0.29437 -0.09564 -0.17886 -0.19002 0.28392 -0.00791 0.15700 0.26241 -0.30497 -0.53160 -0.13060 -0.11971
0.14682 -0.06028 -0.32776 -0.29531 -0.09607 -0.17686 -0.20188 0.29048 -0.02186 0.15802 0.26274 -0.30887 -0.53097 -0.08704 -0.11893
0.16048 -0.14721 -0.29041 -0.29644 -0.09743 -0.17369 -0.21899 0.33980 -0.06100 0.15841 0.26483 -0.31059 -0.52740 -0.05309 -0.12043
0.15977 -0.24019 -0.20817 -0.28781 -0.09424 -0.16776 -0.20393 0.33727 -0.13307 0.15309 0.25470 -0.29857 -0.52305 0.03570 -0.11279
0.15595 -0.29772 -0.13475 -0.28422 -0.09318 -0.16455 -0.21246 0.30020 -0.18921 0.15072 0.24965 -0.29536 -0.51435 0.13080 -0.12435
0.15373 -0.30898 -0.09998 -0.28077 -0.09375 -0.15429 -0.23732 0.32916 -0.21900 0.15050 0.24492 -0.29287 -0.48109 0.10502 -0.12041
0.12882 -0.30413 -0.11494 -0.30029 -0.10022 -0.16479 -0.20653 0.19540 -0.18810 0.16163 0.25957 -0.31070 -0.52807 0.24139 -0.16577
0.16655 -0.35408 -0.01808 -0.28882 -0.09595 -0.15871 -0.24543 0.23721 -0.26856 0.15630 0.24620 -0.29783 -0.50357 0.24268 -0.16486
0.16144 -0.34443 -0.01928 -0.28257 -0.09378 -0.15623 -0.24205 0.23373 -0.25583 0.15411 0.23843 -0.28787 -0.48898 0.23200 -0.16538
0.16316 -0.33836 -0.00720 -0.27920 -0.09325 -0.15448 -0.23803 0.22517 -0.26110 0.15323 0.23379 -0.28479 -0.48812 0.23125 -0.16856
0.17014 -0.33839 0.01217 -0.27906 -0.09386 -0.15511 -0.22949 0.22627 -0.27368 0.15236 0.23219 -0.28305 -0.50526 0.22882 -0.17467
0.17484 -0.33592 0.02708 -0.27748 -0.09460 -0.15337 -0.21020 0.22836 -0.28040 0.15223 0.23068 -0.28078 -0.52537 0.22188 -0.17894
0.18266 -0.31158 -0.08491 -0.32335 -0.11301 -0.17723 -0.12354 0.19615 -0.22750 0.17429 0.26764 -0.32643 -0.71030 0.24474 -0.18638
0.18865 -0.31049 -0.07906 -0.32611 -0.11980 -0.16943 -0.07582 0.20478 -0.23728 0.17489 0.27330 -0.33308 -0.76821 0.23410 -0.18171
0.18711 -0.30057 -0.07831 -0.31815 -0.11708 -0.16558 -0.05303 0.22444 -0.24363 0.16833 0.26638 -0.32416 -0.80486 0.22092 -0.18091
0.17770 -0.28218 -0.05366 -0.29818 -0.11120 -0.15214 -0.01150 0.21560 -0.24635 0.15473 0.24942 -0.30475 -0.80510 0.20399 -0.17569
0.18247 -0.28014 -0.02616 -0.29800 -0.11102 -0.15363 0.02677 0.21735 -0.26510 0.15160 0.25019 -0.30070 -0.85390 0.20123 -0.18486
0.18800 -0.27550 -0.00498 -0.29845 -0.11117 -0.15376 0.06223 0.21546 -0.27313 0.14967 0.24948 -0.29878 -0.89872 0.19712 -0.19719
0.19593 -0.26971 0.00069 -0.29882 -0.11164 -0.15375 0.09040 0.21288 -0.26349 0.14745 0.24880 -0.29699 -0.94009 0.19244 -0.21234
0.20501 -0.26202 0.01021 -0.29873 -0.11309 -0.15323 0.11501 0.20443 -0.25859 0.14542 0.24873 -0.29799 -0.97695 0.19184 -0.22733
0.22809 -0.25125 0.02921 -0.29728 -0.11526 -0.14976 0.16518 0.17820 -0.23278 0.13779 0.24554 -0.29472 -1.05525 0.20287 -0.26615
0.22728 -0.30238 0.10085 -0.28296 -0.11080 -0.14261 0.16036 0.23071 -0.28564 0.13003 0.23275 -0.28130 -1.02185 0.19400 -0.26428
0.22569 -0.30330 0.10807 -0.28074 -0.11176 -0.14088 0.17476 0.21803 -0.28134 0.12732 0.23034 -0.27950 -1.03352 0.20444 -0.27246
0.22385 -0.30343 0.11010 -0.27833 -0.11259 -0.13929 0.17481 0.21514 -0.28218 0.12574 0.23127 -0.27883 -1.03016 0.20810 -0.27158
0.21870 -0.30371 0.12192 -0.27484 -0.11209 -0.13704 0.17322 0.21653 -0.29450 0.12507 0.22956 -0.27841 -1.01653 0.20596 -0.26838
0.21770 -0.30347 0.12064 -0.27415 -0.11266 -0.13584 0.17122 0.21788 -0.29699 0.12441 0.23069 -0.27887 -1.01343 0.20514 -0.26399
0.22181 -0.30920 0.12135 -0.26678 -0.08374 -0.17352 0.17249 0.22320 -0.30362 0.11464 0.20461 -0.24969 -1.03183 0.20875 -0.26745
0.21821 -0.30441 0.11921 -0.26817 -0.10843 -0.14304 0.16819 0.22103 -0.30322 0.11856 0.22786 -0.27433 -1.01489 0.20489 -0.25959
0.22076 -0.30840 0.12097 -0.26639 -0.08767 -0.17154 0.16714 0.22532 -0.31127 0.11537 0.20895 -0.25190 -1.02513 0.20667 -0.25960
0.21671 -0.30319 0.11908 -0.26693 -0.10617 -0.14591 0.16244 0.22280 -0.30868 0.11782 0.22520 -0.27073 -1.00730 0.20190 -0.25307
0.21711 -0.30296 0.11118 -0.26850 -0.10907 -0.14286 0.15904 0.22399 -0.30635 0.11808 0.22811 -0.27563 -1.00768 0.20055 -0.24943
0.21651 -0.30104 0.10611 -0.26965 -0.11332 -0.13409 0.15654 0.22348 -0.30298 0.11901 0.23115 -0.28376 -1.00382 0.19796 -0.24696
0.21631 -0.29998 0.10230 -0.26979 -0.11496 -0.13125 0.15478 0.22185 -0.30172 0.11902 0.23102 -0.28676 -1.00167 0.19679 -0.24452
0.21562 -0.29936 0.10135 -0.26970 -0.11611 -0.12951 0.15392 0.22063 -0.30231 0.11856 0.23221 -0.28719 -1.00032 0.19755 -0.24148
0.21584 -0.29890 0.09866 -0.27066 -0.11741 -0.12854 0.15259 0.21971 -0.30269 0.11871 0.23296 -0.28824 -1.00077 0.19767 -0.23809
0.21541 -0.29859 0.09847 -0.27112 -0.11795 -0.12804 0.15100 0.21926 -0.30435 0.11854 0.23338 -0.28912 -0.99934 0.19781 -0.23638
0.21726 -0.29811 0.08764 -0.27296 -0.11906 -0.12819 0.14860 0.21937 -0.29692 0.11987 0.23520 -0.29020 -1.00249 0.19809 -0.23435
0.21619 -0.29669 0.08752 -0.27305 -0.12142 -0.12062 0.14513 0.21841 -0.30092 0.12077 0.23734 -0.29656 -0.99532 0.19752 -0.22870
0.21511 -0.29531 0.08733 -0.27293 -0.12207 -0.11730 0.13744 0.21916 -0.30845 0.12099 0.23803 -0.29647 -0.98449 0.19547 -0.21719
0.21459 -0.29362 0.07336 -0.27436 -0.12408 -0.11638 0.12888 0.21802 -0.31098 0.12230 0.23967 -0.29787 -0.97739 0.19453 -0.20112
0.21340 -0.29213 0.06149 -0.27526 -0.12462 -0.11596 0.12276 0.21544 -0.31202 0.12374 0.24074 -0.30037 -0.97077 0.19592 -0.19008
0.21518 -0.29773 0.05529 -0.28080 -0.12656 -0.11877 0.10723 0.21699 -0.34411 0.13267 0.23822 -0.31562 -0.96263 0.19553 -0.17006
0.20844 -0.29510 0.01568 -0.27712 -0.12434 -0.11752 0.09560 0.21503 -0.32158 0.12920 0.24135 -0.30000 -0.93667 0.20007 -0.13510
0.20724 -0.29515 0.00507 -0.27727 -0.12422 -0.11772 0.08165 0.21374 -0.33319 0.13180 0.24161 -0.30042 -0.91917 0.20184 -0.11295
0.20401 -0.29663 -0.01900 -0.27789 -0.12312 -0.11984 0.07030 0.21401 -0.33416 0.13331 0.24058 -0.29775 -0.90330 0.20302 -0.08688
0.20100 -0.29845 -0.03453 -0.27788 -0.12226 -0.12213 0.05933 0.21735 -0.34279 0.13528 0.24021 -0.29503 -0.88808 0.20198 -0.06208
0.19169 -0.29819 -0.06679 -0.27802 -0.12131 -0.12371 0.05263 0.21783 -0.33370 0.13676 0.23956 -0.29416 -0.87082 0.20159 -0.03894
0.17769 -0.30970 -0.06213 -0.28430 -0.12372 -0.12730 -0.00120 0.22206 -0.37244 0.14234 0.24384 -0.30076 -0.81444 0.21102 -0.01528
0.16526 -0.31428 -0.04430 -0.28181 -0.12238 -0.12572 -0.02210 0.22904 -0.37552 0.14101 0.24202 -0.29602 -0.77495 0.20846 -0.02325
0.14572 -0.28316 -0.11375 -0.29212 -0.12622 -0.13250 -0.03429 0.19712 -0.30165 0.14728 0.24903 -0.30543 -0.76428 0.21280 -0.04432
0.14566 -0.27494 -0.13660 -0.29136 -0.12582 -0.13561 -0.07005 0.18729 -0.25687 0.14731 0.24785 -0.30532 -0.72695 0.21357 -0.06853
0.15797 -0.28966 -0.15111 -0.31126 -0.13405 -0.14712 -0.11206 0.20261 -0.24215 0.15745 0.26413 -0.32357 -0.73433 0.22010 -0.09582
0.16108 -0.29082 -0.15080 -0.31323 -0.13475 -0.14799 -0.14853 0.19673 -0.21964 0.15864 0.26423 -0.32924 -0.70162 0.22616 -0.12207
0.15989 -0.29024 -0.15070 -0.31255 -0.13431 -0.14706 -0.17873 0.19622 -0.20426 0.15862 0.26249 -0.33156 -0.66775 0.22415 -0.13850
0.15653 -0.28913 -0.15420 -0.31209 -0.13360 -0.14950 -0.19709 0.19857 -0.19943 0.16071 0.26220 -0.32938 -0.64183 0.22038 -0.14007
0.15319 -0.28783 -0.16009 -0.31186 -0.13301 -0.15205 -0.20139 0.19556 -0.20542 0.16131 0.26055 -0.32725 -0.63308 0.22029 -0.12884
0.12706 -0.26857 -0.21486 -0.31265 -0.13361 -0.15012 -0.18250 0.19947 -0.21001 0.16485 0.26047 -0.33062 -0.62340 0.19600 -0.07081
0.11620 -0.25746 -0.23713 -0.31342 -0.13406 -0.15039 -0.17070 0.19212 -0.22318 0.16719 0.25956 -0.33068 -0.62382 0.19044 -0.03513
0.10927 -0.24999 -0.25480 -0.31113 -0.13470 -0.14148 -0.16604 0.19809 -0.24159 0.16763 0.25873 -0.33470 -0.61324 0.17506 0.00672
0.09179 -0.22630 -0.27899 -0.29749 -0.12995 -0.12985 -0.14866 0.18684 -0.22686 0.16108 0.24709 -0.32559 -0.57942 0.15574 0.03975
0.06888 -0.20865 -0.33272 -0.29631 -0.12924 -0.13007 -0.13597 0.16786 -0.21648 0.16074 0.24742 -0.32328 -0.56582 0.15748 0.08630
0.06866 -0.20899 -0.33276 -0.29438 -0.12900 -0.13260 -0.14726 0.16829 -0.22052 0.15810 0.24631 -0.32223 -0.55541 0.15621 0.08922
0.06201 -0.22393 -0.34648 -0.30300 -0.13289 -0.13867 -0.16614 0.17460 -0.21636 0.16181 0.25493 -0.32922 -0.55763 0.16151 0.08212
0.06221 -0.24191 -0.36811 -0.29588 -0.07504 -0.23211 -0.19460 0.18531 -0.21489 0.14304 0.20579 -0.27267 -0.58001 0.17477 0.06503
0.05364 -0.22203 -0.31850 -0.29150 -0.12617 -0.13843 -0.19179 0.16621 -0.18136 0.15250 0.24326 -0.31807 -0.50639 0.16143 0.03193
0.05553 -0.23058 -0.29628 -0.29290 -0.12660 -0.13858 -0.21469 0.17036 -0.17027 0.15089 0.24509 -0.31912 -0.49030 0.16729 -0.00179
0.06173 -0.24022 -0.28176 -0.29736 -0.12801 -0.14607 -0.23458 0.15959 -0.15957 0.15060 0.24914 -0.32212 -0.49121 0.19011 -0.03716
0.12734 -0.30906 -0.21485 -0.27178 -0.08084 -0.22414 -0.32707 0.20446 -0.18745 0.12089 0.20196 -0.25518 -0.47816 0.21417 -0.08690
0.11268 -0.28389 -0.21203 -0.27139 -0.12006 -0.15776 -0.31937 0.19109 -0.17295 0.13268 0.23107 -0.28993 -0.42589 0.19358 -0.07075
0.10683 -0.27858 -0.21196 -0.26864 -0.11965 -0.15473 -0.31486 0.19477 -0.18748 0.13318 0.22835 -0.28945 -0.41544 0.18327 -0.05076
0.07513 -0.26958 -0.24441 -0.27527 -0.12676 -0.15172 -0.30343 0.20666 -0.21511 0.13910 0.23677 -0.29803 -0.40509 0.16351 0.00525
0.06767 -0.25781 -0.24262 -0.27167 -0.13035 -0.12922 -0.28998 0.20349 -0.22596 0.14494 0.22515 -0.32306 -0.38640 0.13990 0.01311
0.00175 -0.21273 -0.33765 -0.29661 -0.14141 -0.14241 -0.24786 0.16062 -0.19422 0.15246 0.25814 -0.33384 -0.42365 0.15838 0.05346
0.00205 -0.20079 -0.31810 -0.28046 -0.13468 -0.13135 -0.23714 0.15224 -0.19636 0.14255 0.24575 -0.31650 -0.39803 0.14926 0.06578
0.00525 -0.20527 -0.31000 -0.28220 -0.13643 -0.13041 -0.23814 0.15348 -0.20215 0.14183 0.24865 -0.32014 -0.40169 0.14989 0.07135
0.00649 -0.20715 -0.30673 -0.28273 -0.13666 -0.13084 -0.24020 0.15050 -0.19828 0.13998 0.24795 -0.32186 -0.40270 0.15234 0.06622
0.00803 -0.20844 -0.30413 -0.28258 -0.13519 -0.13458 -0.24366 0.14377 -0.18639 0.13591 0.24722 -0.31791 -0.40450 0.16045 0.05442
0.01531 -0.21255 -0.29377 -0.26482 -0.08549 -0.20378 -0.25271 0.13435 -0.17294 0.12404 0.18616 -0.26403 -0.39651 0.16233 0.01601
0.02481 -0.21866 -0.28163 -0.27883 -0.13605 -0.14710 -0.26455 0.12906 -0.16061 0.12987 0.24079 -0.31527 -0.40403 0.17801 -0.00080
0.07510 -0.27468 -0.23993 -0.26624 -0.09446 -0.19413 -0.32008 0.18152 -0.17168 0.11234 0.20410 -0.25639 -0.39839 0.18701 -0.01806
0.07526 -0.27263 -0.23700 -0.26493 -0.09421 -0.19236 -0.34055 0.17117 -0.11163 0.10835 0.19971 -0.25540 -0.37727 0.19184 -0.07689
0.07191 -0.27218 -0.23885 -0.26528 -0.09446 -0.19269 -0.34321 0.17186 -0.10800 0.10823 0.19899 -0.25536 -0.37211 0.18972 -0.07815
0.06548 -0.27389 -0.24088 -0.27386 -0.15163 -0.12853 -0.35052 0.18022 -0.12515 0.11641 0.25293 -0.31471 -0.35949 0.17957 -0.05327
0.04807 -0.27507 -0.25019 -0.26932 -0.10776 -0.18207 -0.34786 0.18361 -0.13224 0.11451 0.20666 -0.26212 -0.34230 0.17442 -0.03637
0.03068 -0.27832 -0.24714 -0.27195 -0.13311 -0.15822 -0.35216 0.18542 -0.15110 0.12418 0.22799 -0.28909 -0.31305 0.17085 -0.02225
-0.05985 -0.20949 -0.28379 -0.27515 -0.16081 -0.12123 -0.35913 0.16365 -0.13927 0.14188 0.25046 -0.32919 -0.20104 0.11543 -0.00005
-0.15164 -0.18665 -0.31133 -0.25703 -0.14255 -0.17286 -0.37425 0.19858 -0.13636 0.11593 0.23427 -0.26965 -0.09081 0.05913 0.03165
-0.18556 -0.19191 -0.34493 -0.25062 -0.08455 -0.25801 -0.38710 0.22161 -0.15281 0.13292 0.18064 -0.23518 -0.05034 0.04188 0.03119
-0.18274 -0.18221 -0.34957 -0.24819 -0.07896 -0.25594 -0.36742 0.24091 -0.15333 0.14848 0.19193 -0.25396 -0.04620 0.02076 0.01431
-0.15804 -0.16745 -0.34759 -0.24582 -0.07744 -0.22395 -0.31939 0.24731 -0.13203 0.15462 0.23395 -0.26374 -0.07602 0.01069 0.00202
-0.13859 -0.12184 -0.40715 -0.27608 -0.07461 -0.23128 -0.21410 0.23136 -0.11062 0.13167 0.29490 -0.21554 -0.28724 0.02965 0.07652
-0.13137 -0.11901 -0.41180 -0.28749 -0.06833 -0.22097 -0.17841 0.25117 -0.11340 0.13353 0.30217 -0.22559 -0.34120 0.02306 0.08654
-0.11812 -0.10938 -0.41538 -0.29567 -0.06160 -0.21359 -0.15367 0.26997 -0.11186 0.12963 0.30443 -0.22781 -0.39336 0.00368 0.09599
-0.08893 -0.10600 -0.41771 -0.30020 -0.05188 -0.20911 -0.14447 0.28106 -0.10808 0.12754 0.29770 -0.23228 -0.43773 -0.00612 0.09468
-0.07146 -0.10444 -0.41777 -0.30285 -0.04926 -0.20755 -0.12827 0.28567 -0.10289 0.12486 0.29266 -0.22508 -0.47858 -0.01164 0.09850
-0.05163 -0.10579 -0.41333 -0.31017 -0.02618 -0.19998 -0.11891 0.29365 -0.09898 0.12893 0.26701 -0.23598 -0.51230 -0.01696 0.08741
-0.03174 -0.11232 -0.40845 -0.30134 -0.03350 -0.21139 -0.11168 0.29524 -0.09898 0.12674 0.25453 -0.23473 -0.53825 -0.01901 0.08412
-0.01742 -0.12302 -0.42644 -0.32432 -0.03223 -0.22152 -0.11492 0.31593 -0.10807 0.12831 0.26192 -0.25874 -0.60726 -0.01828 0.07970
0.04026 -0.17351 -0.39779 -0.33086 -0.03373 -0.21657 -0.13180 0.31955 -0.13619 0.12832 0.25046 -0.27049 -0.65909 0.01756 0.07286
0.07863 -0.26329 -0.32313 -0.30448 -0.03135 -0.19393 -0.15038 0.38800 -0.15817 0.11744 0.22367 -0.25011 -0.61489 0.01985 0.06077
0.09447 -0.28738 -0.30030 -0.30744 -0.04022 -0.19702 -0.13692 0.37197 -0.17553 0.11522 0.21705 -0.25967 -0.65432 0.04833 0.04780
0.09153 -0.27399 -0.27741 -0.28824 -0.13705 -0.11733 -0.12542 0.34573 -0.16684 0.10807 0.29781 -0.30747 -0.61926 0.04839 0.04584
0.09952 -0.28145 -0.26674 -0.29114 -0.13462 -0.11467 -0.12382 0.34292 -0.17598 0.10969 0.29334 -0.31118 -0.62797 0.05679 0.04192
0.10418 -0.28893 -0.25672 -0.29244 -0.13287 -0.11432 -0.11975 0.34147 -0.18575 0.10962 0.28856 -0.31295 -0.63662 0.06190 0.03886
0.10744 -0.29573 -0.24250 -0.29065 -0.13121 -0.11230 -0.11660 0.33858 -0.19667 0.10739 0.28045 -0.31042 -0.63918 0.06411 0.03783
0.11574 -0.29837 -0.26050 -0.28817 -0.14069 -0.11203 -0.09974 0.26960 -0.18965 0.10007 0.26669 -0.31640 -0.66756 0.10138 0.02004
0.13071 -0.27723 -0.23347 -0.28511 -0.15232 -0.11693 -0.09933 0.25522 -0.19975 0.09399 0.27046 -0.31645 -0.68155 0.11127 0.02045
0.14949 -0.27745 -0.21678 -0.29898 -0.17725 -0.11877 -0.10150 0.25794 -0.21852 0.09352 0.29211 -0.34561 -0.73944 0.12680 0.01582
0.15573 -0.28859 -0.20208 -0.29577 -0.18827 -0.11503 -0.09599 0.23826 -0.22989 0.08763 0.29118 -0.34832 -0.75616 0.14674 0.01465
0.16353 -0.30614 -0.18460 -0.29058 -0.20233 -0.11070 -0.08736 0.21290 -0.24616 0.08040 0.28988 -0.35536 -0.77882 0.17462 0.01054
0.17621 -0.33905 -0.13954 -0.28032 -0.20666 -0.10823 -0.08204 0.19149 -0.27463 0.07120 0.27470 -0.34595 -0.79218 0.21034 0.00358
0.14610 -0.32094 -0.11624 -0.25419 -0.20565 -0.09957 -0.04601 0.17633 -0.29601 0.05574 0.25292 -0.32014 -0.76173 0.18651 0.02823
0.10960 -0.32793 0.04297 -0.24453 -0.21664 -0.09668 0.02846 0.07079 -0.40978 0.04536 0.24470 -0.31228 -0.80228 0.28028 -0.00982
0.10437 -0.36846 0.06890 -0.22596 -0.20177 -0.10549 0.02188 0.09817 -0.41270 0.03592 0.20057 -0.27786 -0.78846 0.28705 -0.01711
0.10698 -0.37050 0.06398 -0.22447 -0.20593 -0.11124 0.05643 0.04580 -0.39654 0.03228 0.18004 -0.26736 -0.83154 0.31799 -0.02328
0.11978 -0.39027 0.07310 -0.22302 -0.24715 -0.13338 0.13778 -0.07750 -0.37186 0.01842 0.14076 -0.27927 -0.98990 0.38345 -0.09270
0.12486 -0.35612 0.05537 -0.15035 -0.28151 -0.02721 0.14138 -0.09867 -0.30391 -0.03155 0.14699 -0.34037 -0.93076 0.34231 -0.10216
0.14072 -0.36096 0.05507 -0.15336 -0.28666 -0.02426 0.17562 -0.13369 -0.30155 -0.02500 0.11991 -0.33482 -0.98601 0.34959 -0.09709
0.14627 -0.35966 0.05728 -0.15515 -0.28606 -0.01592 0.14927 -0.15550 -0.22796 -0.02365 0.07738 -0.34016 -0.96133 0.32966 -0.17095
0.15204 -0.36076 0.06383 -0.14560 -0.28993 0.00377 0.18826 -0.20854 -0.22419 -0.01050 -0.02498 -0.36392 -0.98041 0.28286 -0.18813
0.16484 -0.38642 0.07105 -0.12747 -0.33554 -0.05808 0.17844 -0.21626 -0.20136 -0.02167 -0.04427 -0.30797 -1.00642 0.25653 -0.22477
0.16530 -0.38530 0.07183 -0.11904 -0.36507 -0.04098 0.18420 -0.22880 -0.19591 -0.01379 -0.06038 -0.30303 -0.98520 0.22492 -0.21441
0.15650 -0.36475 0.06954 -0.10882 -0.31713 0.01120 0.22926 -0.24942 -0.22220 0.00433 -0.14060 -0.35497 -0.96287 0.19182 -0.18907
0.15434 -0.36200 0.06989 -0.11194 -0.31245 0.01508 0.22328 -0.25888 -0.20678 0.05318 -0.28593 -0.34246 -0.90457 0.05997 -0.19101
0.15062 -0.35547 0.06866 -0.11285 -0.30353 0.01687 0.20939 -0.27994 -0.17464 0.06950 -0.33320 -0.38193 -0.85788 0.03540 -0.26332
0.15026 -0.35783 0.06855 -0.10563 -0.30344 0.01505 0.20676 -0.28316 -0.17493 0.07513 -0.32799 -0.38098 -0.85031 0.04913 -0.26269
0.14999 -0.36256 0.06813 -0.11468 -0.30586 0.02044 0.20174 -0.28625 -0.17530 0.07839 -0.32160 -0.37753 -0.84515 0.06180 -0.26045
0.14965 -0.36684 0.06875 -0.11697 -0.31154 0.02003 0.19909 -0.28837 -0.17557 0.07553 -0.31200 -0.36197 -0.84759 0.07485 -0.24898
0.15019 -0.37287 0.06902 -0.12008 -0.31512 0.02119 0.19005 -0.30131 -0.16221 0.07489 -0.30235 -0.34746 -0.84379 0.10242 -0.24938
0.14653 -0.37100 0.06942 -0.12384 -0.31310 0.02230 0.19223 -0.29490 -0.16730 -0.00740 -0.36969 -0.31372 -0.92514 0.03519 -0.21113
0.14836 -0.38054 0.07314 -0.12942 -0.31992 0.02188 0.19922 -0.29719 -0.17038 0.07352 -0.27848 -0.31127 -0.86825 0.13581 -0.21097
0.14565 -0.37929 0.07327 -0.13125 -0.31989 0.02106 0.19954 -0.29344 -0.17513 0.07471 -0.27807 -0.30842 -0.86675 0.13537 -0.20519
0.14592 -0.38107 0.07217 -0.13242 -0.31951 0.01887 0.20001 -0.29110 -0.17850 0.07253 -0.27870 -0.30479 -0.86923 0.13627 -0.20090
0.14289 -0.37609 0.07047 -0.13357 -0.31505 0.01919 0.20054 -0.28366 -0.17841 -0.01029 -0.36529 -0.30035 -0.94374 0.04511 -0.19601
0.14444 -0.37949 0.06926 -0.12694 -0.31608 0.01513 0.19891 -0.28311 -0.18230 0.05900 -0.30325 -0.31859 -0.87801 0.11036 -0.21019
0.14323 -0.37958 0.06896 -0.12641 -0.31619 0.01366 0.19733 -0.28282 -0.18277 0.05878 -0.30197 -0.31395 -0.87834 0.11401 -0.20494
0.14229 -0.37912 0.06969 -0.13522 -0.31789 0.01702 0.20085 -0.28159 -0.18759 0.05822 -0.30294 -0.31335 -0.88557 0.11368 -0.20000
0.14152 -0.37746 0.07125 -0.13952 -0.31959 0.01848 0.19762 -0.28190 -0.18593 0.05865 -0.30070 -0.31009 -0.88486 0.11858 -0.19812
0.13950 -0.37312 0.07147 -0.13631 -0.31656 0.01644 0.19545 -0.27822 -0.18541 -0.00400 -0.35466 -0.29516 -0.93829 0.06136 -0.18290
0.13948 -0.37587 0.07369 -0.14143 -0.31968 0.01803 0.20087 -0.27867 -0.18966 0.04396 -0.30779 -0.30488 -0.90366 0.11175 -0.19012
0.14017 -0.37885 0.07529 -0.14473 -0.32235 0.01876 0.20026 -0.28114 -0.18813 0.07920 -0.27694 -0.29018 -0.87509 0.14853 -0.17832
0.13775 -0.37245 0.07432 -0.14377 -0.31637 0.01914 0.19897 -0.27299 -0.18812 -0.01528 -0.36908 -0.29146 -0.95510 0.04727 -0.17879
0.13726 -0.37214 0.07525 -0.14512 -0.31653 0.01992 0.19767 -0.27316 -0.18588 -0.01644 -0.36995 -0.28973 -0.95542 0.04765 -0.17987
0.13843 -0.37635 0.07775 -0.14818 -0.32084 0.02002 0.19916 -0.27521 -0.19065 0.04801 -0.30306 -0.30337 -0.90198 0.11938 -0.19061
0.13663 -0.37292 0.07720 -0.14733 -0.31748 0.01992 0.19901 -0.27347 -0.18769 -0.00673 -0.35525 -0.29091 -0.94911 0.06478 -0.18060
0.13654 -0.37337 0.07778 -0.14800 -0.31736 0.02060 0.19916 -0.27274 -0.18668 -0.00936 -0.36033 -0.29167 -0.95197 0.06007 -0.18243
0.13637 -0.37378 0.07833 -0.14839 -0.31734 0.02076 0.20404 -0.26993 -0.19023 -0.01100 -0.36075 -0.29020 -0.95841 0.05803 -0.17754
0.13644 -0.37410 0.07843 -0.14855 -0.31717 0.02111 0.20439 -0.26927 -0.18860 -0.01234 -0.36166 -0.28892 -0.95998 0.05770 -0.17764
0.13647 -0.37426 0.07908 -0.14883 -0.31715 0.02139 0.20514 -0.26842 -0.18968 -0.01300 -0.36212 -0.28726 -0.96164 0.05699 -0.17505
0.13660 -0.37500 0.07980 -0.14892 -0.31697 0.02174 0.20572 -0.26733 -0.18783 -0.01328 -0.36231 -0.28640 -0.96241 0.05694 -0.17620
0.13679 -0.37549 0.08045 -0.14899 -0.31669 0.02200 0.20806 -0.26599 -0.19383 -0.01470 -0.36301 -0.28534 -0.96631 0.05608 -0.16878
0.13674 -0.37560 0.08078 -0.14914 -0.31671 0.02209 0.20852 -0.26597 -0.19229 -0.01497 -0.36317 -0.28492 -0.96707 0.05623 -0.16994
0.13821 -0.37984 0.08183 -0.15081 -0.32012 0.02252 0.21113 -0.26882 -0.19433 0.03680 -0.31001 -0.29566 -0.92601 0.11414 -0.17953
0.13813 -0.37992 0.08193 -0.15079 -0.32016 0.02235 0.21165 -0.26904 -0.19339 0.04046 -0.31784 -0.31278 -0.92295 0.10667 -0.19775
]
