classifier_Man_man_bumps_into_each_other_18555 [ 0.12828 -0.38390 0.00977 -0.07573 -0.36934 0.03612 0.19586 -0.30418 -0.26244 -0.06224 -0.36710 -0.08817 -0.96950 -0.01844 0.19994
0.12826 -0.38383 0.00934 -0.07579 -0.36920 0.03603 0.19488 -0.30390 -0.26285 -0.05652 -0.35819 -0.09095 -0.96273 -0.01001 0.19761
0.12823 -0.38365 0.00915 -0.07589 -0.36902 0.03598 0.19168 -0.30319 -0.25924 -0.05629 -0.35714 -0.09131 -0.95904 -0.00982 0.19368
0.12822 -0.38379 0.00885 -0.07668 -0.36887 0.03621 0.16803 -0.29785 -0.24133 -0.05690 -0.35940 -0.09151 -0.93677 -0.01744 0.17591
0.12827 -0.38409 0.00862 -0.07812 -0.36863 0.03568 0.16218 -0.29563 -0.23295 -0.05926 -0.36543 -0.08819 -0.93509 -0.02530 0.17045
0.12779 -0.38221 0.00990 -0.08527 -0.36390 0.03427 0.16415 -0.29548 -0.23578 -0.04803 -0.36582 -0.08763 -0.93440 -0.02067 0.17200
0.12585 -0.37766 0.00900 -0.11166 -0.31773 0.02285 0.16391 -0.29218 -0.23159 0.14340 -0.24739 -0.34751 -0.76066 0.13501 -0.10315
0.13020 -0.39241 0.00804 -0.12745 -0.30358 0.00648 0.17055 -0.30219 -0.24005 0.14988 -0.15549 -0.32777 -0.79956 0.26625 -0.09145
0.12936 -0.39007 0.00734 -0.16836 -0.26971 -0.03404 0.16682 -0.30085 -0.23828 0.19690 -0.10238 -0.31640 -0.78558 0.34929 -0.12219
0.12894 -0.38965 0.00648 -0.16310 -0.27118 -0.04982 0.16822 -0.29983 -0.24013 0.21638 -0.01297 -0.33539 -0.76103 0.43508 -0.15564
0.12809 -0.38653 0.00693 -0.15538 -0.28476 -0.05690 0.16428 -0.30037 -0.23969 0.23535 0.10157 -0.37031 -0.72754 0.53339 -0.19968
0.12938 -0.38412 0.00557 -0.14744 -0.27631 -0.09060 0.16293 -0.30284 -0.24060 0.23248 0.19888 -0.36434 -0.72289 0.64456 -0.22678
0.12789 -0.37958 0.00458 -0.13595 -0.27795 -0.10018 0.16657 -0.29858 -0.24707 0.18744 0.27085 -0.31936 -0.74894 0.70485 -0.18508
0.12690 -0.37899 0.00310 -0.18976 -0.21702 -0.26285 0.16566 -0.29530 -0.24460 0.25739 0.28652 -0.13031 -0.72704 0.77365 -0.16225
0.11979 -0.36200 -0.00203 -0.12167 -0.16277 -0.28958 0.15707 -0.28456 -0.23468 0.25269 0.38986 -0.11338 -0.62596 0.89916 -0.18293
0.12002 -0.36170 -0.00189 -0.12104 -0.16272 -0.29144 0.15878 -0.28480 -0.23705 0.23268 0.40947 -0.08670 -0.64373 0.91611 -0.15706
0.12974 -0.39055 -0.00357 -0.05820 -0.06830 -0.33276 0.16851 -0.30793 -0.25301 0.16937 0.35976 -0.07147 -0.69387 1.00860 -0.17125
0.13007 -0.39196 -0.00491 -0.03605 -0.05196 -0.33502 0.15880 -0.31577 -0.24426 0.15867 0.36813 -0.05730 -0.66760 1.03699 -0.17786
0.12662 -0.39799 -0.02107 -0.02217 -0.05069 -0.33557 0.15757 -0.31576 -0.24441 0.16150 0.36955 -0.05572 -0.64748 1.03889 -0.17826
0.12473 -0.39867 -0.02690 -0.00045 -0.09358 -0.32708 0.15727 -0.31649 -0.24459 0.19531 0.38101 -0.05412 -0.59170 1.01563 -0.16864
0.12078 -0.38804 -0.02783 -0.01148 -0.26886 -0.18573 0.15329 -0.30913 -0.23818 0.20562 0.46112 -0.18977 -0.57367 0.90620 -0.16861
0.12226 -0.38530 -0.01999 -0.07589 -0.33332 -0.09061 0.15094 -0.30756 -0.23663 0.24914 0.30049 -0.26057 -0.59219 0.67920 -0.14482
0.12288 -0.38532 -0.01676 -0.08033 -0.33222 -0.08049 0.15786 -0.30820 -0.24455 0.24355 0.26238 -0.27049 -0.61147 0.64314 -0.13626
0.12343 -0.38922 -0.01433 -0.09809 -0.33825 -0.02039 0.15952 -0.31065 -0.24782 0.16013 0.22946 -0.28993 -0.72430 0.61493 -0.09020
0.12346 -0.38987 -0.01589 -0.09327 -0.34365 -0.00869 0.16113 -0.30665 -0.24937 0.08087 0.22937 -0.27596 -0.79859 0.60621 -0.06141
0.12505 -0.38921 -0.01160 -0.09535 -0.34533 -0.00411 0.19036 -0.31507 -0.27243 0.00946 0.24106 -0.27209 -0.90081 0.62454 -0.02926
0.12510 -0.39022 -0.01292 -0.09756 -0.34142 0.00554 0.19169 -0.31408 -0.27228 -0.03994 0.25276 -0.26623 -0.95576 0.64105 -0.01162
0.12410 -0.38912 -0.01377 -0.10145 -0.33057 0.01165 0.19141 -0.31206 -0.27068 -0.07237 0.25482 -0.25276 -0.98899 0.65000 0.00810
0.12277 -0.38584 -0.01400 -0.10525 -0.33168 0.03062 0.18790 -0.30685 -0.26561 -0.08883 0.25444 -0.25820 -0.99892 0.63855 0.01879
0.12241 -0.38684 -0.01512 -0.10622 -0.32954 0.04187 0.15969 -0.29746 -0.23785 -0.10074 0.23871 -0.27423 -0.98262 0.61596 -0.01138
0.12161 -0.38374 -0.01519 -0.10377 -0.33244 0.05178 0.15829 -0.29372 -0.23497 -0.10235 0.21842 -0.29133 -0.97436 0.58516 -0.01992
0.12151 -0.38156 -0.01542 -0.10182 -0.33130 0.05187 0.15554 -0.29059 -0.23311 -0.09535 0.19176 -0.30208 -0.95862 0.55365 -0.03067
0.12305 -0.38253 -0.01652 -0.09756 -0.34521 0.05948 0.16181 -0.29072 -0.23208 -0.08487 0.18441 -0.31859 -0.94982 0.53161 -0.03982
0.12182 -0.38177 -0.01465 -0.09355 -0.35208 0.06074 0.17401 -0.28517 -0.22645 -0.07232 0.18063 -0.32689 -0.94105 0.51400 -0.05385
0.11655 -0.38158 -0.00724 -0.08778 -0.37283 0.05695 0.17931 -0.25713 -0.24340 -0.06353 0.19838 -0.32643 -0.92415 0.48152 -0.04810
0.10693 -0.37357 0.01093 -0.08215 -0.37408 0.05048 0.19059 -0.15413 -0.29237 -0.04853 0.20413 -0.32942 -0.90363 0.37432 -0.02511
0.10144 -0.36176 0.02086 -0.07800 -0.37185 0.04043 0.15007 -0.09289 -0.28526 -0.04433 0.20747 -0.32199 -0.84623 0.30483 -0.04461
0.00229 -0.40506 -0.01855 -0.06577 -0.37036 0.02946 0.25852 0.01473 -0.28748 -0.03718 0.20807 -0.31769 -0.83144 0.22622 -0.03016
0.02003 -0.40236 0.00643 -0.06596 -0.37069 0.02430 0.22317 0.12101 -0.33062 -0.03104 0.21117 -0.31567 -0.80833 0.12891 -0.00322
0.02974 -0.38480 0.04291 -0.06524 -0.36604 0.01835 -0.03672 -0.19505 -0.42960 -0.02331 0.21349 -0.30453 -0.53619 0.43578 0.06789
0.14270 -0.29402 -0.04650 -0.07294 -0.40531 0.01866 0.06114 0.22648 -0.33063 -0.02021 0.23430 -0.33787 -0.80202 -0.09468 0.02144
0.16939 -0.25125 -0.12679 -0.07377 -0.40559 0.01702 0.00013 0.28972 -0.24820 -0.01551 0.23523 -0.33766 -0.76489 -0.20011 0.01884
0.17032 -0.21982 -0.19365 -0.07324 -0.40310 0.01697 -0.04133 0.37701 -0.17871 -0.01180 0.23369 -0.33647 -0.71828 -0.31748 0.02194
0.16908 -0.15601 -0.25683 -0.06879 -0.40054 0.00815 -0.08353 0.39070 -0.09959 -0.00679 0.23029 -0.33236 -0.66664 -0.39372 0.01167
0.16964 -0.16055 -0.24983 -0.06790 -0.39922 0.01084 -0.12480 0.46459 -0.09228 -0.00342 0.22977 -0.33290 -0.61983 -0.46498 0.00347
0.15012 -0.04296 -0.29297 -0.06722 -0.39572 0.01163 -0.14215 0.36539 -0.03738 -0.00075 0.23157 -0.32877 -0.57135 -0.48115 0.00170
0.07625 0.05873 -0.34816 -0.06548 -0.39008 0.01271 -0.19084 0.37319 0.01500 0.00350 0.22656 -0.32415 -0.43132 -0.59336 0.01417
0.07000 0.06244 -0.34861 -0.06374 -0.38781 0.01290 -0.20166 0.33317 0.01347 0.00153 0.22528 -0.32281 -0.40887 -0.55665 0.02122
0.04848 0.07351 -0.35969 -0.06373 -0.39456 0.01336 -0.20474 0.31294 0.01392 0.00085 0.23058 -0.32766 -0.38703 -0.54482 0.03144
0.02201 0.04937 -0.35363 -0.06361 -0.39981 0.01301 -0.23607 0.32687 0.01347 -0.00035 0.23522 -0.32921 -0.32346 -0.51951 0.03005
0.03987 0.00828 -0.33581 -0.06313 -0.39795 0.01301 -0.26424 0.36101 0.01557 -0.00374 0.23522 -0.32693 -0.29698 -0.49330 0.02157
0.05349 -0.04153 -0.32092 -0.05423 -0.38780 -0.01217 -0.27771 0.33930 0.01209 -0.00633 0.22675 -0.30222 -0.28359 -0.41315 0.02260
0.04208 -0.22714 -0.24641 -0.05725 -0.40294 -0.00874 -0.22685 0.36047 -0.08726 -0.01220 0.23791 -0.31480 -0.35193 -0.27399 0.03354
0.03873 -0.22782 -0.24423 -0.04919 -0.40580 -0.01243 -0.26014 0.35738 -0.09108 -0.01753 0.24041 -0.31323 -0.32359 -0.27431 0.03636
0.06521 -0.24414 -0.20949 -0.04613 -0.39922 -0.01433 -0.25672 0.31835 -0.11901 -0.02327 0.23873 -0.30322 -0.35105 -0.21334 0.03821
0.08658 -0.27248 -0.17640 -0.05229 -0.40784 -0.01039 -0.23879 0.29020 -0.15925 -0.02870 0.24689 -0.30869 -0.41370 -0.15917 0.03951
0.11528 -0.29322 -0.10330 -0.05463 -0.40207 -0.00798 -0.21248 0.26411 -0.22736 -0.03282 0.24848 -0.30087 -0.47164 -0.10488 0.04033
0.13429 -0.31375 -0.10330 -0.05650 -0.38470 -0.00412 -0.16515 0.24359 -0.21104 -0.03370 0.24231 -0.28828 -0.52200 -0.05435 0.03705
0.14599 -0.33460 -0.11632 -0.05948 -0.38138 -0.00095 -0.12316 0.26197 -0.21566 -0.03504 0.24132 -0.28463 -0.57645 -0.05359 0.05583
0.10639 -0.37216 -0.07442 -0.06253 -0.42136 -0.00116 -0.03399 0.20778 -0.27020 -0.03849 0.26460 -0.31404 -0.68935 0.01910 0.03023
0.13493 -0.34332 -0.03140 -0.05790 -0.39422 -0.00028 -0.03649 0.16616 -0.28392 -0.03439 0.24738 -0.29400 -0.67532 0.04215 0.02041
0.13523 -0.34526 0.01477 -0.06170 -0.38437 0.00259 -0.02026 0.15570 -0.31512 -0.03061 0.23940 -0.29001 -0.67990 0.05492 0.00702
0.13478 -0.34458 0.02594 -0.06486 -0.38395 0.00278 -0.01042 0.14477 -0.32018 -0.02655 0.23798 -0.29581 -0.68939 0.06370 -0.00824
0.13653 -0.34615 0.03400 -0.06702 -0.38814 0.00209 -0.00802 0.14052 -0.32859 -0.02276 0.23706 -0.30189 -0.69755 0.06449 -0.01792
0.13334 -0.34209 0.03636 -0.06707 -0.38560 0.00151 -0.00584 0.13462 -0.32743 -0.01786 0.23664 -0.30012 -0.68658 0.06858 -0.02256
0.13368 -0.34619 0.03669 -0.06757 -0.38926 0.00060 -0.00558 0.13571 -0.33149 -0.01454 0.23914 -0.30441 -0.68811 0.07057 -0.02604
0.13342 -0.34626 0.03638 -0.06685 -0.38865 -0.00205 -0.00560 0.13478 -0.33359 -0.01195 0.23899 -0.30256 -0.68418 0.07194 -0.02570
0.13209 -0.34585 0.03515 -0.06577 -0.38469 -0.00413 -0.00532 0.13480 -0.33242 -0.01039 0.23854 -0.29831 -0.67616 0.07491 -0.02412
0.13299 -0.35003 0.03423 -0.06627 -0.38671 -0.00569 -0.00603 0.13858 -0.33624 -0.00948 0.23808 -0.29789 -0.67867 0.07277 -0.02171
0.12268 -0.35810 0.01974 -0.06650 -0.38477 -0.00518 -0.00791 0.14046 -0.33636 -0.00864 0.23864 -0.29573 -0.67277 0.07244 -0.01863
0.13050 -0.37168 0.02175 -0.06988 -0.40173 -0.00480 -0.01271 0.15166 -0.35145 -0.00847 0.25095 -0.30822 -0.69834 0.07349 -0.01667
0.13432 -0.37055 0.01041 -0.07083 -0.40412 -0.00362 -0.02826 0.16079 -0.34453 -0.00396 0.25772 -0.30903 -0.68410 0.06955 -0.01061
0.13630 -0.37047 0.00086 -0.07201 -0.40550 -0.00177 -0.03951 0.16895 -0.33949 0.00065 0.26308 -0.31133 -0.67096 0.06642 -0.00622
0.12820 -0.38177 -0.04625 -0.07306 -0.40593 -0.00090 -0.05634 0.20344 -0.30170 0.01856 0.27737 -0.31545 -0.63015 0.05777 0.00043
0.12821 -0.35824 -0.05546 -0.06620 -0.36027 0.00093 -0.07833 0.20292 -0.25700 0.02667 0.25463 -0.28084 -0.53624 0.05709 0.00598
0.12917 -0.35712 -0.05749 -0.06707 -0.35924 0.00148 -0.09590 0.21340 -0.25504 0.03704 0.25745 -0.27981 -0.50789 0.04960 0.00900
0.13678 -0.35434 -0.10442 -0.06878 -0.36245 0.00203 -0.12168 0.22283 -0.21734 0.04939 0.25666 -0.28506 -0.48200 0.03353 0.01448
0.14969 -0.36162 -0.13426 -0.07445 -0.37220 0.00123 -0.15776 0.23678 -0.20469 0.06823 0.27048 -0.29772 -0.46336 0.03123 0.01772
0.14126 -0.35036 -0.15751 -0.07802 -0.36969 -0.00145 -0.17651 0.24499 -0.18864 0.08818 0.27268 -0.29736 -0.42019 0.01655 0.02295
0.13489 -0.33578 -0.15218 -0.07952 -0.35340 -0.00588 -0.19926 0.24486 -0.18289 0.11206 0.25937 -0.28527 -0.35334 0.00443 0.02060
0.13059 -0.33887 -0.15078 -0.08740 -0.34651 -0.01645 -0.23168 0.24720 -0.19232 0.14788 0.24916 -0.28101 -0.30063 -0.00279 0.02007
0.10738 -0.31136 -0.12817 -0.09232 -0.35921 -0.02025 -0.24548 0.21476 -0.22893 0.19000 0.25391 -0.28879 -0.24860 -0.00701 0.02123
0.10195 -0.32018 -0.13193 -0.09209 -0.36316 -0.03466 -0.27562 0.22239 -0.23279 0.22383 0.24311 -0.28350 -0.19053 -0.02094 0.01974
0.10246 -0.34741 -0.13962 -0.08578 -0.36304 -0.03309 -0.33362 0.25957 -0.22709 0.29049 0.27175 -0.30626 -0.05080 -0.00278 0.00134
0.10074 -0.34745 -0.13562 -0.08257 -0.34312 -0.05884 -0.33110 0.26128 -0.22636 0.29425 0.25717 -0.27677 -0.03957 0.00100 0.00220
0.11519 -0.33273 -0.14326 -0.08126 -0.33884 -0.05922 -0.34391 0.25625 -0.21522 0.29822 0.25943 -0.27607 -0.03168 -0.00222 0.00036
0.11446 -0.33760 -0.14828 -0.07567 -0.35220 -0.05488 -0.26978 0.25062 -0.20639 0.21416 0.24711 -0.26785 -0.18964 -0.01806 0.00875
0.11056 -0.33185 -0.14530 -0.07710 -0.34450 -0.05418 -0.23641 0.25067 -0.20453 0.18599 0.24745 -0.26031 -0.24036 -0.01624 0.01285
0.07541 -0.35381 -0.14525 -0.07938 -0.34240 -0.05178 -0.16643 0.26948 -0.20625 0.15377 0.25441 -0.25458 -0.30946 -0.00828 0.01998
0.09393 -0.35628 -0.15361 -0.08392 -0.34760 -0.04468 -0.14494 0.25602 -0.19911 0.12209 0.25847 -0.25635 -0.39085 0.00706 0.02607
0.10063 -0.36361 -0.15242 -0.08889 -0.35174 -0.02936 -0.11503 0.27641 -0.21131 0.08633 0.25748 -0.26189 -0.46859 -0.01098 0.04731
0.07981 -0.36453 -0.08377 -0.09143 -0.36027 -0.01779 -0.04875 0.20801 -0.26194 0.04541 0.25602 -0.27866 -0.56850 0.04721 0.02267
0.10398 -0.36330 -0.06888 -0.09016 -0.36004 -0.00419 -0.04301 0.20967 -0.29691 0.01054 0.24373 -0.28040 -0.63063 0.03333 0.05423
0.11537 -0.39612 -0.04139 -0.09471 -0.38422 0.00546 -0.02509 0.17234 -0.30305 -0.01583 0.24452 -0.29161 -0.72188 0.08200 0.03027
0.11374 -0.37308 0.00851 -0.08666 -0.36017 0.01469 -0.01421 0.14355 -0.32075 -0.03269 0.21250 -0.27069 -0.70518 0.08038 0.02936
0.11740 -0.40436 -0.01427 -0.08381 -0.35245 0.01739 -0.01229 0.15946 -0.28272 -0.04258 0.19281 -0.25999 -0.70927 0.08441 0.02822
0.07940 -0.40582 0.04019 -0.07663 -0.39163 0.03268 0.01853 0.09124 -0.34123 -0.04988 0.17687 -0.28679 -0.73710 0.09837 0.01597
0.07509 -0.38263 0.03799 -0.07050 -0.37133 0.03108 0.01225 0.08420 -0.32302 -0.04282 0.16543 -0.27490 -0.68446 0.09168 0.01223
0.07464 -0.37976 0.03744 -0.06565 -0.38323 0.03201 0.00869 0.08175 -0.32027 -0.04144 0.17867 -0.27939 -0.67070 0.09268 0.00677
0.07176 -0.38098 0.03545 -0.06569 -0.38298 0.03133 0.01131 0.08302 -0.32219 -0.03644 0.17783 -0.28477 -0.66507 0.09264 0.00490
0.07359 -0.40371 0.03585 -0.06775 -0.41014 0.03352 0.01786 0.08920 -0.34181 -0.03509 0.19090 -0.30999 -0.70200 0.09559 -0.00062
0.07163 -0.37373 0.03682 -0.06049 -0.39739 0.03783 0.01965 0.07488 -0.32636 -0.03078 0.18310 -0.30242 -0.65907 0.08540 -0.00309
0.07188 -0.37317 0.03672 -0.05935 -0.39909 0.03906 0.03013 0.06758 -0.32995 -0.02738 0.17693 -0.31434 -0.66486 0.08470 -0.00972
0.08874 -0.36664 0.04608 -0.05817 -0.39991 0.04000 0.05733 0.01655 -0.35000 -0.01438 0.12752 -0.34341 -0.69528 0.07966 -0.02699
0.09485 -0.36781 0.04691 -0.06431 -0.39185 0.05424 0.08676 -0.01393 -0.36060 0.00397 0.08194 -0.38757 -0.71988 0.07381 -0.04769
0.10951 -0.36921 0.05356 -0.09331 -0.32672 0.05557 0.15370 -0.08949 -0.37915 0.05420 -0.08551 -0.43118 -0.77863 0.04893 -0.07753
0.11225 -0.36138 0.04182 -0.09164 -0.32038 0.05402 0.17536 -0.13044 -0.38045 0.08391 -0.12936 -0.37571 -0.76794 0.04848 -0.01820
0.12633 -0.38161 0.03965 -0.09586 -0.33568 0.05584 0.16843 -0.17000 -0.33871 0.11335 -0.21839 -0.35205 -0.77075 0.00446 -0.03226
0.13136 -0.38373 0.02884 -0.09640 -0.33718 0.05305 0.17058 -0.19909 -0.31586 0.13512 -0.23739 -0.35891 -0.75658 0.01714 -0.05400
0.13931 -0.38388 0.00795 -0.09548 -0.33876 0.04909 0.18691 -0.28112 -0.28867 0.18146 -0.28079 -0.33118 -0.72469 0.05432 -0.03313
0.14247 -0.38452 -0.00057 -0.09491 -0.34200 0.04755 0.24182 -0.28958 -0.35252 0.18325 -0.27477 -0.33517 -0.78008 0.06679 0.03596
0.14486 -0.38550 -0.01003 -0.09319 -0.34459 0.04562 0.23681 -0.29406 -0.34787 0.17936 -0.26882 -0.33718 -0.78020 0.07647 0.03903
0.14356 -0.38610 -0.01381 -0.09198 -0.34845 0.04470 0.18959 -0.30419 -0.30196 0.04762 -0.27757 -0.19610 -0.86844 0.07797 0.13909
0.14304 -0.38673 -0.01635 -0.08932 -0.34959 0.04280 0.18924 -0.30247 -0.29812 0.04380 -0.27651 -0.19809 -0.86810 0.07723 0.13604
0.13783 -0.38467 -0.02021 -0.08580 -0.35032 0.04122 0.18999 -0.30028 -0.28472 0.14399 -0.22435 -0.27345 -0.76146 0.12833 0.05411
0.13506 -0.38430 -0.02235 -0.08403 -0.35054 0.04116 0.19194 -0.30115 -0.27212 0.14276 -0.22545 -0.27484 -0.76150 0.12973 0.04460
0.13237 -0.38251 -0.02004 -0.08176 -0.35145 0.04011 0.18920 -0.30017 -0.26247 0.14103 -0.22520 -0.27507 -0.75768 0.12921 0.03553
0.13276 -0.38518 -0.02152 -0.08098 -0.35172 0.04015 0.19689 -0.30286 -0.26138 0.14022 -0.22565 -0.27466 -0.76458 0.13209 0.03591
0.13076 -0.38477 -0.02078 -0.08056 -0.35190 0.04008 0.19889 -0.30133 -0.26378 0.14024 -0.22530 -0.27400 -0.76519 0.13132 0.03936
0.12980 -0.38788 -0.02364 -0.07999 -0.35259 0.03852 0.20211 -0.29957 -0.26117 0.14105 -0.22474 -0.27230 -0.76424 0.13076 0.03876
0.12759 -0.38649 -0.02147 -0.07936 -0.35465 0.03664 0.20583 -0.29881 -0.26029 0.13981 -0.22241 -0.26816 -0.76739 0.13074 0.03998
0.12629 -0.38627 -0.02046 -0.07958 -0.35532 0.03601 0.20559 -0.29965 -0.25930 0.14092 -0.22237 -0.27104 -0.76536 0.13129 0.03518
0.12723 -0.38821 -0.02139 -0.07962 -0.35631 0.03454 0.20566 -0.29819 -0.25849 0.14151 -0.22055 -0.26895 -0.76424 0.13079 0.03458
0.12570 -0.38704 -0.01942 -0.07972 -0.35653 0.03436 0.18534 -0.29392 -0.24059 0.14171 -0.22083 -0.27017 -0.74319 0.12610 0.01467
0.12482 -0.38716 -0.01868 -0.08002 -0.35760 0.03397 0.18480 -0.29414 -0.23685 0.02798 -0.27032 -0.19246 -0.85741 0.07679 0.08824
0.12341 -0.38620 -0.01812 -0.08008 -0.35719 0.03389 0.18509 -0.29260 -0.23573 0.13843 -0.21744 -0.26053 -0.74552 0.12829 0.01897
0.12477 -0.38884 -0.01994 -0.08007 -0.35692 0.03379 0.18226 -0.29260 -0.22926 0.13900 -0.21765 -0.26024 -0.74148 0.12844 0.01277
0.12554 -0.39083 -0.02092 -0.08021 -0.35650 0.03405 0.18396 -0.29185 -0.22788 0.13902 -0.21804 -0.26031 -0.74279 0.12816 0.01127
0.12399 -0.38984 -0.01894 -0.08029 -0.35602 0.03390 0.18518 -0.29168 -0.22831 0.13885 -0.21819 -0.26034 -0.74414 0.12878 0.01124
0.12319 -0.38941 -0.01799 -0.08037 -0.35597 0.03420 0.18581 -0.29173 -0.22771 0.13920 -0.21982 -0.26141 -0.74436 0.12744 0.00940
0.12242 -0.38919 -0.01769 -0.08044 -0.35579 0.03432 0.18576 -0.29168 -0.22679 0.13968 -0.21948 -0.26144 -0.74347 0.12812 0.00849
0.12198 -0.38945 -0.01787 -0.08048 -0.35569 0.03429 0.18437 -0.29050 -0.22643 0.14349 -0.22107 -0.26520 -0.73803 0.12568 0.00425
0.12142 -0.38969 -0.01799 -0.08045 -0.35548 0.03416 0.18485 -0.29112 -0.22460 0.14340 -0.22074 -0.26465 -0.73813 0.12711 0.00289
0.12300 -0.39301 -0.02167 -0.08051 -0.35517 0.03405 0.18585 -0.29045 -0.22421 0.14249 -0.22062 -0.26233 -0.73946 0.12685 0.00461
0.12183 -0.39221 -0.02087 -0.08045 -0.35474 0.03407 0.18561 -0.28966 -0.22464 0.14446 -0.22339 -0.26737 -0.73620 0.12357 -0.00008
0.12303 -0.39441 -0.02251 -0.08065 -0.35481 0.03415 0.18505 -0.28946 -0.22453 0.14463 -0.22314 -0.26928 -0.73595 0.12402 -0.00215
0.12169 -0.39342 -0.02158 -0.08070 -0.35477 0.03421 0.18545 -0.28963 -0.22305 0.14292 -0.22196 -0.26580 -0.73769 0.12553 -0.00005
0.12105 -0.39331 -0.02110 -0.08075 -0.35470 0.03427 0.18594 -0.28949 -0.22304 0.14310 -0.22253 -0.26645 -0.73796 0.12517 -0.00086
0.12196 -0.39483 -0.02240 -0.08074 -0.35477 0.03426 0.18521 -0.28989 -0.22333 0.14226 -0.22174 -0.26511 -0.73779 0.12636 0.00065
0.12108 -0.39463 -0.02237 -0.08082 -0.35472 0.03427 0.18585 -0.29007 -0.22340 0.14237 -0.22091 -0.26466 -0.73812 0.12752 0.00114
0.12005 -0.39400 -0.02244 -0.08081 -0.35450 0.03436 0.18713 -0.28929 -0.22439 0.14220 -0.22144 -0.26402 -0.73921 0.12663 0.00287
0.11947 -0.39409 -0.02299 -0.08080 -0.35444 0.03437 0.18699 -0.28960 -0.22278 0.14083 -0.22235 -0.26306 -0.74031 0.12628 0.00223
0.12098 -0.39656 -0.02487 -0.08080 -0.35430 0.03433 0.18657 -0.28925 -0.22365 0.14111 -0.22254 -0.26353 -0.73935 0.12590 0.00249
0.11998 -0.39604 -0.02434 -0.08101 -0.35473 0.03434 0.18666 -0.28874 -0.22535 0.09317 -0.22158 -0.20843 -0.78851 0.12673 0.05930
0.11952 -0.39593 -0.02415 -0.08105 -0.35490 0.03437 0.18751 -0.28980 -0.22333 0.01851 -0.27944 -0.17426 -0.86429 0.07001 0.09147
0.12102 -0.39793 -0.02606 -0.08097 -0.35473 0.03439 0.18744 -0.29005 -0.22258 0.01296 -0.28271 -0.16561 -0.86952 0.06700 0.09934
0.12033 -0.39732 -0.02542 -0.08073 -0.35570 0.03414 0.18580 -0.28880 -0.22448 0.00486 -0.28763 -0.14669 -0.87557 0.05968 0.11980
0.11924 -0.39542 -0.02530 -0.08055 -0.35525 0.03419 0.18640 -0.28918 -0.22175 0.14644 -0.22934 -0.27493 -0.73298 0.11786 -0.01126
0.11903 -0.39525 -0.02524 -0.08050 -0.35526 0.03418 0.18460 -0.28838 -0.22335 0.14647 -0.22781 -0.27416 -0.73119 0.11860 -0.00903
0.11867 -0.39447 -0.02451 -0.08042 -0.35554 0.03416 0.18465 -0.28877 -0.22256 0.14543 -0.22679 -0.27357 -0.73226 0.11970 -0.00945
0.11819 -0.39381 -0.02452 -0.08044 -0.35547 0.03422 0.18439 -0.28877 -0.22307 0.14427 -0.22585 -0.27160 -0.73324 0.12065 -0.00697
0.11795 -0.39331 -0.02388 -0.08038 -0.35543 0.03412 0.18248 -0.28800 -0.22296 0.15073 -0.24349 -0.29229 -0.72493 0.10228 -0.02792
0.12000 -0.39535 -0.02547 -0.08028 -0.35565 0.03424 0.18250 -0.28789 -0.22364 0.14670 -0.22601 -0.27839 -0.72891 0.11937 -0.01327
0.11936 -0.39400 -0.02438 -0.08019 -0.35594 0.03429 0.18279 -0.28843 -0.22325 0.14691 -0.22608 -0.27769 -0.72905 0.11954 -0.01296
0.11928 -0.39311 -0.02382 -0.08009 -0.35610 0.03427 0.18031 -0.28821 -0.22359 0.14603 -0.22477 -0.27825 -0.72752 0.12038 -0.01310
0.11931 -0.39284 -0.02373 -0.08011 -0.35599 0.03424 0.18057 -0.28912 -0.22197 0.14496 -0.22566 -0.27643 -0.72921 0.12044 -0.01299
0.12126 -0.39457 -0.02512 -0.08010 -0.35595 0.03417 0.18033 -0.28902 -0.22231 0.14469 -0.22475 -0.27415 -0.72946 0.12119 -0.01042
0.12260 -0.39557 -0.02597 -0.08013 -0.35596 0.03416 0.17913 -0.28906 -0.22264 0.14539 -0.22533 -0.27572 -0.72791 0.12060 -0.01156
0.12368 -0.39631 -0.02704 -0.08014 -0.35592 0.03419 0.17848 -0.28894 -0.22252 0.14497 -0.22560 -0.27691 -0.72803 0.12003 -0.01271
0.12321 -0.39514 -0.02641 -0.08015 -0.35599 0.03418 0.17779 -0.28946 -0.22287 0.14549 -0.22598 -0.27684 -0.72729 0.11976 -0.01228
0.12267 -0.39417 -0.02547 -0.08020 -0.35591 0.03431 0.17684 -0.28883 -0.22478 0.14758 -0.22592 -0.28014 -0.72454 0.11924 -0.01345
0.12386 -0.39517 -0.02621 -0.08016 -0.35612 0.03443 0.17744 -0.28865 -0.22316 0.14723 -0.22659 -0.28010 -0.72552 0.11800 -0.01490
0.12479 -0.39573 -0.02679 -0.08010 -0.35645 0.03446 0.17714 -0.28973 -0.22266 0.14840 -0.22615 -0.28196 -0.72407 0.11875 -0.01746
]
