classifier_Monkey_bumps_into_car_1943 [ 0.09986 -0.35377 0.05996 -0.13881 -0.34097 -0.02745 0.18082 -0.24717 -0.35516 0.19896 -0.11717 -0.33680 -0.70674 0.16583 -0.12597
0.10392 -0.36813 0.06205 -0.14450 -0.35490 -0.02889 0.18752 -0.25748 -0.36956 0.21091 -0.11948 -0.34970 -0.73133 0.17537 -0.13071
0.10391 -0.36795 0.06192 -0.14539 -0.35523 -0.02797 0.19048 -0.25523 -0.36548 0.20802 -0.11700 -0.34973 -0.73794 0.17561 -0.13426
0.10101 -0.35845 0.06040 -0.15876 -0.35689 -0.03105 0.19439 -0.23754 -0.34967 0.20907 -0.07526 -0.33435 -0.73685 0.18780 -0.13416
0.10245 -0.36449 0.06257 -0.12682 -0.27287 0.00621 0.19634 -0.23448 -0.36994 0.16121 -0.10196 -0.38405 -0.76475 0.24859 -0.12856
0.09408 -0.33715 0.06159 -0.19708 -0.28228 0.04649 0.17874 -0.22118 -0.35264 0.21506 0.02343 -0.43562 -0.72099 0.32243 -0.15126
0.10048 -0.35625 0.06836 -0.17094 -0.24319 -0.04623 0.11244 -0.10156 -0.44943 0.16563 0.04253 -0.38462 -0.71286 0.28162 -0.10467
0.09498 -0.36472 0.06669 -0.17346 -0.28559 -0.16225 0.08646 -0.11729 -0.41368 0.14213 0.15486 -0.30079 -0.72339 0.37672 -0.17165
0.09855 -0.35458 0.06854 -0.21470 -0.30162 -0.16847 0.07840 -0.10269 -0.46733 0.15986 0.24545 -0.29340 -0.73034 0.42676 -0.11495
0.12306 -0.34146 -0.02837 -0.21102 -0.27608 -0.16752 -0.02143 -0.02938 -0.43956 0.13987 0.28119 -0.27732 -0.64192 0.39968 -0.02413
0.09855 -0.27675 0.05266 -0.22675 -0.25745 -0.18869 -0.00103 0.01110 -0.53310 0.12838 0.33633 -0.27358 -0.67026 0.36419 -0.01462
0.11545 -0.27067 -0.00730 -0.22643 -0.25693 -0.18999 -0.02585 0.07023 -0.48965 0.11830 0.34299 -0.27740 -0.67550 0.30564 -0.00154
0.13584 -0.26786 -0.03886 -0.22849 -0.26094 -0.19476 -0.05242 0.14465 -0.48386 0.11293 0.33515 -0.29224 -0.68983 0.21725 0.00184
0.16517 -0.24128 -0.12322 -0.23243 -0.26919 -0.20205 -0.08203 0.20386 -0.41483 0.11476 0.31120 -0.31204 -0.70261 0.09728 -0.00541
0.20160 -0.25287 -0.25938 -0.21635 -0.26201 -0.19934 -0.12342 0.29364 -0.25070 0.10719 0.25122 -0.30937 -0.66976 -0.03397 -0.02629
0.20210 -0.24036 -0.26426 -0.19121 -0.25928 -0.21617 -0.12886 0.33852 -0.23422 0.09249 0.18259 -0.29811 -0.65045 -0.15710 -0.04390
0.20643 -0.21553 -0.28324 -0.18804 -0.29668 -0.14890 -0.13812 0.35244 -0.21380 0.10161 0.15662 -0.37482 -0.63728 -0.25894 -0.05542
0.20561 -0.20761 -0.28332 -0.20065 -0.30908 -0.15643 -0.14308 0.35543 -0.20400 0.12772 0.14043 -0.35788 -0.61428 -0.29841 -0.05572
0.20852 -0.21263 -0.28761 -0.18531 -0.29546 -0.13970 -0.15508 0.32737 -0.21483 0.11654 0.16979 -0.37417 -0.60981 -0.22178 -0.04052
0.21281 -0.23189 -0.28433 -0.17571 -0.26612 -0.10570 -0.15513 0.29426 -0.23066 0.09834 0.19591 -0.41201 -0.63166 -0.11355 -0.03228
0.17289 -0.24221 -0.13039 -0.17135 -0.28687 -0.15108 -0.11364 0.24214 -0.40376 0.08335 0.24556 -0.41158 -0.66237 0.01110 -0.00798
0.17708 -0.25757 -0.13674 -0.18907 -0.25617 -0.18577 -0.11799 0.19357 -0.41961 0.08557 0.27430 -0.37756 -0.68303 0.13354 0.01578
0.16303 -0.26758 -0.12309 -0.19210 -0.24613 -0.19236 -0.10614 0.15909 -0.43512 0.07506 0.31278 -0.35503 -0.69394 0.22709 0.03310
0.15620 -0.28093 -0.09469 -0.19245 -0.23155 -0.19147 -0.10418 0.16162 -0.45177 0.06678 0.32647 -0.33561 -0.69331 0.26208 0.03519
0.15885 -0.27260 -0.11200 -0.19531 -0.22981 -0.19159 -0.11259 0.21885 -0.41960 0.07309 0.31796 -0.34023 -0.68991 0.18803 0.01072
0.16629 -0.25414 -0.14223 -0.19659 -0.23091 -0.19175 -0.11982 0.26040 -0.38666 0.08569 0.28145 -0.35318 -0.68463 0.09001 -0.00896
0.19020 -0.20388 -0.28502 -0.16192 -0.30055 -0.17411 -0.15125 0.34574 -0.19379 0.13922 0.22809 -0.32696 -0.54341 -0.17270 -0.01831
0.16260 -0.17019 -0.22583 -0.17188 -0.33088 -0.20538 -0.12090 0.33921 -0.28803 0.14252 0.15104 -0.34642 -0.58873 -0.30386 -0.03533
0.19168 -0.19819 -0.30563 -0.16986 -0.29428 -0.11857 -0.15433 0.36491 -0.18942 0.15184 0.10201 -0.40279 -0.55537 -0.31552 -0.02470
0.19059 -0.20156 -0.30476 -0.17003 -0.29489 -0.11846 -0.15927 0.35440 -0.19336 0.15770 0.09983 -0.39761 -0.54425 -0.30434 -0.01729
0.19122 -0.21751 -0.29804 -0.17117 -0.29663 -0.11888 -0.16191 0.33538 -0.20175 0.15547 0.10552 -0.39835 -0.54859 -0.26486 -0.01704
0.18717 -0.24818 -0.26412 -0.15735 -0.31952 -0.20378 -0.15301 0.30827 -0.21928 0.13656 0.14911 -0.30134 -0.54600 -0.18672 -0.02120
0.18753 -0.27800 -0.23792 -0.15948 -0.31704 -0.20189 -0.15340 0.28025 -0.24569 0.12778 0.16430 -0.30819 -0.55572 -0.11065 -0.02659
0.13478 -0.32242 -0.08076 -0.18550 -0.27604 -0.18196 -0.09326 0.18992 -0.39961 0.12173 0.18672 -0.36322 -0.60974 0.09170 -0.06190
0.10387 -0.35343 0.02773 -0.18560 -0.26353 -0.18075 -0.06317 0.21426 -0.49108 0.11913 0.20696 -0.35365 -0.60214 0.12911 -0.07156
0.10653 -0.35526 0.03007 -0.18970 -0.24714 -0.18049 -0.06240 0.21105 -0.48475 0.11579 0.22462 -0.34887 -0.61338 0.16713 -0.07799
0.10946 -0.36224 0.03123 -0.19662 -0.23482 -0.18472 -0.05946 0.21471 -0.48400 0.11756 0.25030 -0.34506 -0.63250 0.20704 -0.08397
0.11066 -0.36252 0.03090 -0.20015 -0.21552 -0.18972 -0.05998 0.21822 -0.48176 0.12109 0.27817 -0.33373 -0.63284 0.24903 -0.08245
0.10995 -0.35444 0.03184 -0.19819 -0.19718 -0.18400 -0.05689 0.21346 -0.46858 0.11384 0.28546 -0.31916 -0.63054 0.26625 -0.08567
0.11056 -0.35247 0.03347 -0.19813 -0.18888 -0.18310 -0.05871 0.21245 -0.47068 0.11181 0.29077 -0.32393 -0.62922 0.27749 -0.09274
0.10654 -0.33986 0.03076 -0.24422 -0.20000 -0.25167 -0.05591 0.20131 -0.45133 0.15651 0.29552 -0.25650 -0.61161 0.26727 -0.11384
0.10480 -0.33851 0.02934 -0.24524 -0.19951 -0.25065 -0.05588 0.20150 -0.44994 0.15986 0.29023 -0.25730 -0.60891 0.26080 -0.11687
0.10507 -0.33877 0.02935 -0.24575 -0.19914 -0.24986 -0.05599 0.20088 -0.45081 0.16190 0.28917 -0.25508 -0.60705 0.26030 -0.11419
0.10871 -0.34974 0.02997 -0.25419 -0.20524 -0.25728 -0.05681 0.20648 -0.46414 0.16811 0.29631 -0.26037 -0.62672 0.26677 -0.11619
0.10904 -0.34992 0.02911 -0.25442 -0.20543 -0.25719 -0.05691 0.20565 -0.46530 0.16722 0.29604 -0.26126 -0.62796 0.26680 -0.11544
0.10924 -0.34979 0.02894 -0.25454 -0.20601 -0.25621 -0.05512 0.20556 -0.46496 0.16584 0.29614 -0.26318 -0.63103 0.26595 -0.11698
0.10942 -0.34928 0.02947 -0.25432 -0.20628 -0.25546 -0.05525 0.20506 -0.46669 0.16333 0.29601 -0.26352 -0.63264 0.26520 -0.11550
0.11115 -0.34902 0.02970 -0.25188 -0.20805 -0.25768 -0.05608 0.20654 -0.46571 0.15843 0.29514 -0.26832 -0.63674 0.26351 -0.11882
0.11360 -0.34303 0.03220 -0.24664 -0.20568 -0.25459 -0.05632 0.19939 -0.45775 0.15263 0.28905 -0.26458 -0.63158 0.26143 -0.11897
0.12082 -0.34302 0.03829 -0.24546 -0.20599 -0.25462 -0.06206 0.19485 -0.45468 0.14914 0.28763 -0.26654 -0.63377 0.26392 -0.12821
0.15073 -0.33525 0.08296 -0.23344 -0.19945 -0.24788 -0.09157 0.18057 -0.47189 0.14289 0.27465 -0.26043 -0.61194 0.26363 -0.13845
0.23258 -0.27119 -0.14619 -0.24942 -0.20965 -0.26021 -0.17090 0.08956 -0.25811 0.15064 0.29227 -0.27332 -0.64993 0.29472 -0.15480
0.28771 -0.21426 0.10457 -0.23773 -0.19827 -0.24351 -0.22492 0.01907 -0.47718 0.14568 0.27494 -0.25674 -0.61889 0.29722 -0.15512
0.31155 -0.17995 0.00271 -0.24616 -0.20417 -0.24919 -0.23468 -0.04240 -0.37584 0.14765 0.28251 -0.26499 -0.65867 0.32761 -0.17206
0.32851 -0.14232 0.05910 -0.23872 -0.19903 -0.24283 -0.24031 -0.09918 -0.40574 0.13978 0.27094 -0.26049 -0.66268 0.33731 -0.18649
0.33109 -0.12640 0.05400 -0.24016 -0.20148 -0.23837 -0.22220 -0.13362 -0.37591 0.14006 0.26850 -0.26647 -0.68644 0.35289 -0.21094
0.35055 -0.09748 -0.00168 -0.23823 -0.20630 -0.24261 -0.22791 -0.17791 -0.30046 0.13894 0.26836 -0.27380 -0.70911 0.36748 -0.23579
0.34876 -0.06960 0.02923 -0.23278 -0.20457 -0.24202 -0.21394 -0.21180 -0.30405 0.13212 0.26255 -0.27030 -0.72054 0.37091 -0.25506
0.34927 -0.06422 0.02928 -0.23186 -0.20536 -0.24309 -0.20902 -0.22373 -0.28691 0.13210 0.26236 -0.27101 -0.72795 0.37747 -0.27127
0.34899 -0.04379 0.04234 -0.23093 -0.20562 -0.24337 -0.19369 -0.24625 -0.28607 0.13089 0.26078 -0.27288 -0.74444 0.37817 -0.28559
0.35129 -0.04116 0.04002 -0.23010 -0.20639 -0.24249 -0.19195 -0.24793 -0.27315 0.12841 0.25799 -0.27434 -0.75056 0.37381 -0.29574
0.30845 -0.08663 0.02309 -0.24334 -0.21937 -0.25665 -0.14618 -0.22282 -0.25936 0.13578 0.27385 -0.29081 -0.79282 0.39305 -0.32130
0.30837 -0.08590 0.02348 -0.24262 -0.21944 -0.25731 -0.14867 -0.22074 -0.25896 0.13639 0.27491 -0.29074 -0.78935 0.39185 -0.32206
0.30857 -0.08463 0.02316 -0.24235 -0.21968 -0.25795 -0.15019 -0.21744 -0.25886 0.13548 0.27396 -0.29223 -0.78942 0.38656 -0.32381
0.35048 -0.03877 0.03605 -0.22934 -0.20733 -0.24261 -0.20506 -0.24633 -0.25884 0.12803 0.25836 -0.27463 -0.74259 0.36156 -0.30384
0.33886 -0.01681 0.13895 -0.22813 -0.20565 -0.23969 -0.19347 -0.25586 -0.36024 0.13015 0.25666 -0.27435 -0.73443 0.34957 -0.30295
0.35165 -0.02623 0.10635 -0.22819 -0.20561 -0.23864 -0.21171 -0.23759 -0.33353 0.13492 0.25783 -0.27526 -0.72317 0.34230 -0.29760
0.35810 -0.03420 0.08217 -0.23407 -0.20374 -0.23247 -0.22389 -0.22403 -0.30975 0.14065 0.26051 -0.27061 -0.71453 0.33575 -0.29697
0.35849 -0.03434 0.08090 -0.23285 -0.20443 -0.23319 -0.23071 -0.22033 -0.31566 0.14154 0.26089 -0.27250 -0.70623 0.33377 -0.29045
0.35905 -0.03543 0.07870 -0.23213 -0.20429 -0.23441 -0.24018 -0.21637 -0.32955 0.14204 0.26105 -0.27198 -0.69596 0.33198 -0.27508
0.35387 -0.03850 0.09511 -0.23170 -0.20477 -0.23471 -0.23994 -0.20745 -0.35274 0.14316 0.26020 -0.27385 -0.68953 0.32597 -0.26998
0.30492 -0.08688 0.03445 -0.24289 -0.21072 -0.24440 -0.20088 -0.14765 -0.32797 0.15068 0.27265 -0.27933 -0.70158 0.31888 -0.25693
0.33151 -0.07327 -0.01411 -0.24087 -0.21191 -0.24598 -0.23818 -0.13983 -0.29740 0.15023 0.26944 -0.28207 -0.68976 0.29645 -0.23987
0.33110 -0.07505 -0.01984 -0.24345 -0.21113 -0.24728 -0.24280 -0.10848 -0.32675 0.15355 0.27213 -0.28004 -0.68564 0.26837 -0.20868
0.33415 -0.09027 -0.04161 -0.24168 -0.20799 -0.24625 -0.26276 -0.05636 -0.32464 0.15229 0.26982 -0.27281 -0.66315 0.23090 -0.18326
0.29876 -0.10525 -0.03156 -0.24803 -0.21236 -0.25435 -0.22613 -0.00432 -0.36739 0.15876 0.27639 -0.27936 -0.67581 0.19575 -0.16761
0.29141 -0.12822 -0.02436 -0.24435 -0.20817 -0.25171 -0.23407 0.06440 -0.38524 0.15622 0.27364 -0.27384 -0.64906 0.15089 -0.15022
0.25524 -0.16007 -0.01773 -0.24795 -0.21069 -0.25672 -0.19840 0.14361 -0.41237 0.15945 0.27670 -0.27518 -0.65396 0.10475 -0.13852
0.26958 -0.17695 -0.19623 -0.24646 -0.20880 -0.25403 -0.22950 0.24825 -0.25858 0.16187 0.27681 -0.27249 -0.62714 0.02039 -0.10808
0.26411 -0.17707 -0.20895 -0.24724 -0.20912 -0.25522 -0.22174 0.27192 -0.25129 0.16458 0.27852 -0.27332 -0.62757 -0.00026 -0.10397
0.25978 -0.17869 -0.21044 -0.24673 -0.20844 -0.25431 -0.21686 0.28214 -0.25409 0.16450 0.27824 -0.27255 -0.62511 -0.00759 -0.09711
0.24860 -0.18220 -0.22400 -0.24662 -0.20821 -0.25320 -0.20413 0.29296 -0.25398 0.16474 0.27849 -0.27115 -0.62457 -0.01412 -0.08092
0.24485 -0.18429 -0.22631 -0.24599 -0.20762 -0.25198 -0.19765 0.29193 -0.25984 0.16501 0.27708 -0.27099 -0.62412 -0.01170 -0.07097
0.23851 -0.18566 -0.23786 -0.24615 -0.20760 -0.25117 -0.19019 0.29079 -0.25761 0.16665 0.27950 -0.27023 -0.62247 -0.00628 -0.05906
0.23659 -0.18678 -0.24097 -0.24617 -0.20755 -0.25084 -0.18594 0.28889 -0.26062 0.16614 0.28031 -0.26915 -0.62431 -0.00197 -0.05037
0.23585 -0.18710 -0.24028 -0.24624 -0.20741 -0.25022 -0.18555 0.28726 -0.26464 0.16506 0.27874 -0.27036 -0.62398 -0.00120 -0.04698
0.23489 -0.18774 -0.24259 -0.24622 -0.20747 -0.24978 -0.18317 0.28500 -0.25959 0.16187 0.27955 -0.26739 -0.62784 0.00263 -0.04583
0.23468 -0.18783 -0.24228 -0.24629 -0.20772 -0.24921 -0.18270 0.28545 -0.25867 0.16132 0.27910 -0.26916 -0.62810 0.00178 -0.04782
0.23467 -0.18815 -0.24191 -0.24637 -0.20771 -0.24906 -0.18296 0.28667 -0.25926 0.16079 0.27883 -0.26887 -0.62807 0.00067 -0.04690
0.23490 -0.18813 -0.24153 -0.24646 -0.20774 -0.24899 -0.18525 0.28866 -0.25835 0.16108 0.27891 -0.26967 -0.62556 -0.00120 -0.04875
0.23506 -0.18786 -0.24221 -0.24607 -0.20791 -0.24911 -0.18687 0.28526 -0.26178 0.16057 0.27625 -0.27140 -0.62393 -0.00084 -0.04631
0.23539 -0.18776 -0.24274 -0.24558 -0.20829 -0.24932 -0.18857 0.28225 -0.26157 0.16092 0.27696 -0.27119 -0.62145 0.00242 -0.04597
0.23486 -0.18733 -0.24390 -0.24536 -0.20877 -0.24881 -0.19206 0.28256 -0.26193 0.16123 0.27649 -0.27090 -0.61633 0.00084 -0.04330
0.23483 -0.18729 -0.24336 -0.24523 -0.20890 -0.24856 -0.19555 0.28016 -0.26269 0.16155 0.27694 -0.27212 -0.61170 0.00366 -0.04354
0.23500 -0.18750 -0.24337 -0.24470 -0.20896 -0.24938 -0.20122 0.27880 -0.26426 0.16041 0.27679 -0.27102 -0.60649 0.00538 -0.04096
0.23353 -0.18804 -0.24547 -0.24442 -0.20893 -0.24970 -0.20556 0.27936 -0.26231 0.15967 0.27707 -0.26990 -0.60075 0.00583 -0.03965
0.23145 -0.18948 -0.25018 -0.24569 -0.21037 -0.25060 -0.21172 0.27991 -0.26068 0.16142 0.27961 -0.27096 -0.59395 0.00808 -0.03827
0.22325 -0.18758 -0.26629 -0.24563 -0.21032 -0.25074 -0.22329 0.27607 -0.25045 0.16091 0.27941 -0.27030 -0.57370 0.00995 -0.03160
0.21273 -0.18216 -0.26920 -0.24125 -0.20671 -0.24736 -0.24010 0.27182 -0.24436 0.15755 0.27508 -0.26542 -0.53399 0.00973 -0.02362
0.12737 -0.13581 -0.29374 -0.25119 -0.21587 -0.25933 -0.23072 0.25072 -0.23920 0.17466 0.28463 -0.27723 -0.46296 0.00441 -0.01509
0.14675 -0.16474 -0.29688 -0.24202 -0.21041 -0.24780 -0.27856 0.27396 -0.21757 0.16723 0.27667 -0.26585 -0.41008 0.00540 -0.00737
0.13539 -0.16869 -0.30676 -0.24012 -0.20949 -0.24695 -0.31144 0.27201 -0.20757 0.17025 0.27503 -0.26244 -0.35635 0.00610 -0.00314
0.04519 -0.15051 -0.34353 -0.24709 -0.21742 -0.25608 -0.27088 0.22694 -0.19098 0.17825 0.28633 -0.26963 -0.32150 0.01461 -0.00306
0.03250 -0.17094 -0.34591 -0.24265 -0.21713 -0.25686 -0.31272 0.22259 -0.18415 0.18120 0.28740 -0.26532 -0.25406 0.01637 -0.00550
0.00264 -0.15755 -0.33431 -0.22839 -0.21171 -0.23889 -0.30971 0.19951 -0.16228 0.16933 0.28053 -0.25516 -0.20001 0.01973 -0.01039
-0.01564 -0.15737 -0.34628 -0.19635 -0.22121 -0.17059 -0.35825 0.21795 -0.16202 0.13271 0.28803 -0.32840 -0.14552 -0.00713 -0.00425
-0.01760 -0.15412 -0.33731 -0.18937 -0.21356 -0.15989 -0.42391 0.22760 -0.16546 0.12451 0.28082 -0.32534 -0.06801 -0.02194 0.00503
-0.01878 -0.17170 -0.37219 -0.19624 -0.17152 -0.18784 -0.33619 0.22928 -0.17124 0.13095 0.25929 -0.35044 -0.20094 0.01096 -0.00819
-0.01131 -0.16864 -0.35706 -0.23541 -0.21313 -0.25299 -0.28458 0.22149 -0.17673 0.16985 0.29834 -0.27022 -0.24382 0.01287 -0.00122
0.01650 -0.17868 -0.35476 -0.23628 -0.21296 -0.25426 -0.25691 0.22691 -0.18941 0.16663 0.29701 -0.26903 -0.30342 0.01403 0.00738
0.03408 -0.17378 -0.35851 -0.23925 -0.21282 -0.25345 -0.22834 0.22789 -0.19576 0.16582 0.29448 -0.26954 -0.35092 0.01026 0.01486
0.07824 -0.17138 -0.35073 -0.24278 -0.21300 -0.25559 -0.21548 0.23343 -0.21010 0.16475 0.29459 -0.26772 -0.41011 0.01505 0.02291
0.11312 -0.17581 -0.32219 -0.24372 -0.21198 -0.25603 -0.20617 0.23916 -0.23924 0.16166 0.29035 -0.26436 -0.45743 0.01285 0.02613
0.19147 -0.20746 -0.28189 -0.23969 -0.20753 -0.25084 -0.23797 0.28435 -0.26109 0.15472 0.28268 -0.25963 -0.49292 0.01284 0.02529
0.18836 -0.18404 -0.20118 -0.25351 -0.21952 -0.26493 -0.16129 0.25324 -0.36777 0.15718 0.29838 -0.27107 -0.60393 0.02638 0.02535
0.21856 -0.19894 -0.28689 -0.24394 -0.21129 -0.25462 -0.17316 0.26853 -0.26087 0.15082 0.28581 -0.26117 -0.60111 0.02238 0.02514
0.20206 -0.18930 -0.17174 -0.25228 -0.21855 -0.26217 -0.13667 0.25674 -0.39012 0.15522 0.29512 -0.26826 -0.64090 0.02850 0.02460
0.20202 -0.18918 -0.17192 -0.25380 -0.21968 -0.26157 -0.12477 0.25511 -0.38963 0.15729 0.29439 -0.27146 -0.65449 0.02963 0.02174
0.20912 -0.17575 -0.30928 -0.24611 -0.21277 -0.25131 -0.13371 0.24303 -0.23089 0.15217 0.28328 -0.26363 -0.63465 0.02479 0.01853
0.20853 -0.17543 -0.30990 -0.24702 -0.21310 -0.25011 -0.13240 0.24423 -0.22889 0.15484 0.28298 -0.26426 -0.63423 0.02378 0.01757
0.21627 -0.19300 -0.29317 -0.24704 -0.21308 -0.25021 -0.14122 0.26361 -0.24643 0.15328 0.28415 -0.26427 -0.63518 0.02436 0.01847
0.21195 -0.18773 -0.29963 -0.24743 -0.21311 -0.24941 -0.14021 0.25807 -0.23883 0.15328 0.28482 -0.26536 -0.63252 0.02589 0.01675
0.21374 -0.19582 -0.29296 -0.24806 -0.21327 -0.24876 -0.14605 0.26625 -0.24625 0.15587 0.28660 -0.26549 -0.62697 0.02818 0.01792
0.20739 -0.18644 -0.30367 -0.24827 -0.21323 -0.24828 -0.14156 0.25589 -0.23578 0.15605 0.28782 -0.26575 -0.62521 0.03110 0.01826
0.21120 -0.19348 -0.29623 -0.24864 -0.21325 -0.24787 -0.14744 0.26245 -0.24411 0.15757 0.28784 -0.26709 -0.62209 0.03207 0.01820
0.21164 -0.19580 -0.29410 -0.24872 -0.21321 -0.24754 -0.14866 0.26278 -0.24679 0.15634 0.28872 -0.26745 -0.62257 0.03542 0.01871
0.19709 -0.19867 -0.17592 -0.25595 -0.21937 -0.25387 -0.13051 0.26218 -0.38137 0.15924 0.29643 -0.27458 -0.64343 0.04144 0.02153
0.19703 -0.19858 -0.17606 -0.25626 -0.21963 -0.25379 -0.13063 0.25863 -0.38259 0.15900 0.29468 -0.27623 -0.64409 0.04321 0.02137
0.20009 -0.18096 -0.31173 -0.24931 -0.21366 -0.24636 -0.13753 0.24630 -0.22862 0.15389 0.28831 -0.26811 -0.62501 0.03697 0.01886
0.21112 -0.19980 -0.29188 -0.24946 -0.21368 -0.24660 -0.14818 0.26489 -0.24817 0.15449 0.28538 -0.27000 -0.62519 0.03446 0.01652
0.21258 -0.20252 -0.28877 -0.24959 -0.21375 -0.24634 -0.14833 0.26577 -0.24925 0.15311 0.28466 -0.27018 -0.62795 0.03570 0.01469
0.21340 -0.20444 -0.28710 -0.24947 -0.21335 -0.24728 -0.14662 0.26518 -0.24876 0.15331 0.28576 -0.26980 -0.63050 0.03996 0.01198
0.19370 -0.21192 -0.13994 -0.25399 -0.21728 -0.25183 -0.11347 0.26309 -0.39427 0.15613 0.28982 -0.27515 -0.65442 0.05034 -0.00007
0.20955 -0.21374 -0.28319 -0.24920 -0.21354 -0.24768 -0.12152 0.25867 -0.23032 0.15289 0.28307 -0.26850 -0.65242 0.05316 -0.01014
0.21907 -0.25090 -0.23999 -0.24917 -0.21468 -0.24659 -0.11682 0.27868 -0.26447 0.15335 0.28105 -0.26827 -0.66628 0.06723 -0.01816
0.20669 -0.25295 -0.24858 -0.24730 -0.21714 -0.24569 -0.09153 0.24927 -0.25465 0.15011 0.27778 -0.26770 -0.68954 0.08956 -0.02704
0.19260 -0.29122 -0.19086 -0.24795 -0.22428 -0.24373 -0.05616 0.25218 -0.31237 0.15241 0.27540 -0.27158 -0.71512 0.11401 -0.03188
0.18668 -0.30333 -0.15881 -0.24655 -0.23805 -0.23084 -0.02108 0.21215 -0.34084 0.15042 0.27563 -0.27952 -0.74582 0.15156 -0.03328
0.18135 -0.31935 -0.12721 -0.24494 -0.24623 -0.22865 0.01385 0.17299 -0.37866 0.14695 0.26531 -0.28030 -0.78142 0.18723 -0.03027
0.17171 -0.34127 -0.09186 -0.23834 -0.25514 -0.22427 0.05711 0.13158 -0.40183 0.14370 0.25050 -0.27936 -0.81162 0.22677 -0.03946
0.16782 -0.34663 -0.07958 -0.22316 -0.27103 -0.21306 0.09037 0.07611 -0.39232 0.13314 0.23414 -0.28032 -0.83139 0.25605 -0.05085
0.15576 -0.36832 -0.05191 -0.21265 -0.30111 -0.17977 0.13228 0.03318 -0.40305 0.12836 0.23067 -0.30472 -0.85620 0.28856 -0.06037
0.11363 -0.37794 0.04324 -0.20470 -0.30742 -0.17721 0.17371 -0.01512 -0.40212 0.13060 0.19665 -0.30113 -0.84459 0.30744 -0.15111
0.10826 -0.38122 0.06474 -0.17913 -0.31423 -0.17662 0.18938 -0.10828 -0.35661 0.13433 0.11417 -0.28972 -0.83258 0.31584 -0.20717
0.11321 -0.36175 0.04879 -0.15613 -0.24941 -0.01089 0.19659 -0.21912 -0.35251 0.13067 0.01797 -0.42356 -0.80708 0.37552 -0.16486
0.11461 -0.35984 0.05670 -0.16330 -0.30843 0.00658 0.19996 -0.23575 -0.33625 0.18268 0.00209 -0.41908 -0.77202 0.31657 -0.16892
0.11383 -0.35971 0.05681 -0.16285 -0.31095 0.00932 0.19550 -0.23818 -0.34693 0.20025 -0.02839 -0.40775 -0.75124 0.28686 -0.14550
0.11235 -0.36002 0.05780 -0.16197 -0.31796 0.01187 0.19377 -0.24120 -0.35501 0.20897 -0.06845 -0.38606 -0.74121 0.24415 -0.11549
0.11749 -0.37879 0.06019 -0.11934 -0.32160 0.02170 0.20060 -0.25666 -0.37433 0.17137 -0.12338 -0.40878 -0.77519 0.22232 -0.11396
0.11489 -0.35720 0.06387 -0.13844 -0.33427 0.00755 0.19003 -0.24530 -0.35547 0.19716 -0.09152 -0.37108 -0.72600 0.20942 -0.10489
0.11423 -0.36170 0.06304 -0.11902 -0.33084 0.01539 0.19297 -0.25298 -0.36070 0.18594 -0.11406 -0.37795 -0.72916 0.20376 -0.10016
0.11781 -0.36423 0.06774 -0.13625 -0.34166 0.00411 0.19269 -0.25407 -0.36310 0.20780 -0.11387 -0.36553 -0.72897 0.19842 -0.09704
0.11847 -0.37592 0.06594 -0.12186 -0.32420 0.01033 0.19640 -0.25890 -0.39506 0.19481 -0.15263 -0.38747 -0.75134 0.19589 -0.08252
0.11638 -0.37708 0.06084 -0.12103 -0.32221 0.01449 0.19752 -0.25992 -0.39961 0.19336 -0.15709 -0.39480 -0.75433 0.19626 -0.07846
0.11388 -0.37784 0.05608 -0.12032 -0.32098 0.01456 0.20029 -0.26122 -0.40187 0.19090 -0.15910 -0.39742 -0.75833 0.19744 -0.07619
0.11709 -0.37773 0.06189 -0.12040 -0.32154 0.01763 0.20373 -0.26294 -0.40023 0.18901 -0.16215 -0.40064 -0.76467 0.19642 -0.07789
0.11399 -0.37955 0.05804 -0.11947 -0.32151 0.01727 0.20399 -0.26385 -0.39842 0.18979 -0.16481 -0.40138 -0.76391 0.19676 -0.07907
0.11693 -0.37980 0.06175 -0.11895 -0.32305 0.01738 0.20294 -0.26354 -0.39832 0.18861 -0.16637 -0.40600 -0.76440 0.19407 -0.08328
0.11426 -0.38107 0.05839 -0.11758 -0.32235 0.01658 0.20262 -0.26223 -0.39729 0.18811 -0.16796 -0.40617 -0.76273 0.19304 -0.08418
0.11176 -0.36509 0.05916 -0.11245 -0.30817 0.01625 0.19649 -0.25268 -0.38358 0.17827 -0.16257 -0.38671 -0.73460 0.18517 -0.07600
0.10846 -0.36480 0.05580 -0.11229 -0.30872 0.01800 0.19731 -0.25127 -0.38162 0.17714 -0.16211 -0.38835 -0.73487 0.18297 -0.07836
0.11087 -0.38171 0.05572 -0.11626 -0.32147 0.01918 0.20465 -0.26067 -0.39559 0.18346 -0.16941 -0.40472 -0.76619 0.19091 -0.08287
0.10992 -0.38167 0.05485 -0.11592 -0.32159 0.01893 0.20449 -0.26149 -0.39752 0.18304 -0.16984 -0.40637 -0.76602 0.19117 -0.08277
]
