classifier_Car_weaves_and_bumps_into_car_18533 [ 0.10708 -0.39193 0.07949 -0.06883 -0.37015 0.03033 0.13702 -0.29737 -0.18358 -0.07300 -0.37538 -0.09042 -0.87803 -0.05347 0.00753
0.10935 -0.39172 0.08020 -0.06886 -0.37051 0.03019 0.13678 -0.30147 -0.18334 -0.07258 -0.37759 -0.09173 -0.87778 -0.05354 0.00627
0.10842 -0.39219 0.07969 -0.06880 -0.37051 0.02994 0.13726 -0.29920 -0.18487 -0.07335 -0.37627 -0.08853 -0.87964 -0.05344 0.01051
0.11013 -0.39210 0.07977 -0.06886 -0.37077 0.02990 0.13759 -0.30131 -0.18271 -0.07263 -0.37579 -0.08785 -0.87920 -0.05272 0.00952
0.11096 -0.39220 0.07939 -0.06883 -0.37086 0.02973 0.13793 -0.30163 -0.18247 -0.07292 -0.37719 -0.09022 -0.87941 -0.05462 0.00786
0.10956 -0.39226 0.07870 -0.06872 -0.37034 0.02952 0.19152 -0.32133 -0.24733 -0.07338 -0.37633 -0.08956 -0.93330 -0.03279 0.07307
0.11110 -0.39223 0.07926 -0.06880 -0.37069 0.02950 0.19090 -0.32164 -0.24352 -0.07286 -0.37630 -0.08699 -0.93256 -0.03389 0.07231
0.10862 -0.39270 0.07738 -0.06807 -0.36999 0.02973 0.18922 -0.31807 -0.24301 -0.07251 -0.37486 -0.08788 -0.92945 -0.03367 0.07136
0.10957 -0.39244 0.07736 -0.06802 -0.36981 0.02948 0.18677 -0.31829 -0.23848 -0.07052 -0.37299 -0.08959 -0.92401 -0.03288 0.06599
0.10824 -0.39246 0.07679 -0.06788 -0.36924 0.02927 0.18848 -0.31777 -0.24163 -0.07079 -0.37835 -0.09405 -0.92572 -0.03704 0.06469
0.10693 -0.39262 0.07569 -0.06771 -0.36872 0.02908 0.18508 -0.31461 -0.23275 -0.07146 -0.37428 -0.09000 -0.92244 -0.03448 0.06030
0.10610 -0.39297 0.07488 -0.06771 -0.36853 0.02897 0.18198 -0.31198 -0.23171 -0.07102 -0.37399 -0.09152 -0.91867 -0.03588 0.05802
0.10542 -0.39323 0.07405 -0.06771 -0.36832 0.02879 0.18387 -0.31238 -0.23340 -0.07240 -0.37618 -0.08858 -0.92175 -0.03688 0.06306
0.10829 -0.39353 0.07475 -0.06783 -0.36971 0.02844 0.18189 -0.31359 -0.22592 -0.07089 -0.37472 -0.09075 -0.91891 -0.03754 0.05404
0.10775 -0.39332 0.07491 -0.06617 -0.36963 0.02822 0.18270 -0.31241 -0.23052 -0.07184 -0.37516 -0.09095 -0.92025 -0.03923 0.05806
0.10836 -0.38978 0.07590 -0.06581 -0.36706 0.02773 0.18586 -0.31245 -0.22838 -0.06402 -0.36167 -0.08710 -0.90949 -0.02831 0.06004
0.10935 -0.39091 0.07915 -0.06649 -0.36891 0.02776 0.15077 -0.29625 -0.18136 -0.06206 -0.35971 -0.08337 -0.87472 -0.04444 0.01430
0.10940 -0.38446 0.10815 -0.06928 -0.36853 0.02861 0.18517 -0.29231 -0.21948 -0.05696 -0.35973 -0.08683 -0.90813 -0.05557 0.02066
0.10540 -0.36878 0.10716 -0.06836 -0.35222 0.02769 0.24163 -0.27392 -0.29625 -0.05302 -0.34890 -0.08570 -0.93602 -0.06307 0.09970
0.10744 -0.35806 0.13041 -0.07000 -0.34711 0.02715 0.20840 -0.24242 -0.32844 -0.06085 -0.36740 -0.08276 -0.91216 -0.11995 0.11062
0.10755 -0.35095 0.13761 -0.07293 -0.33797 0.02464 0.20676 -0.27709 -0.36138 0.11527 -0.14700 -0.32257 -0.73266 0.13641 -0.10621
0.11438 -0.36679 0.15045 -0.08170 -0.34848 0.02362 0.10977 -0.14285 -0.37017 0.12636 -0.14190 -0.34278 -0.66418 0.01184 -0.13393
0.11379 -0.35382 0.14818 -0.08492 -0.32783 0.01873 0.07422 -0.12650 -0.37840 0.13700 -0.11801 -0.33353 -0.60555 0.02651 -0.11920
0.11780 -0.34914 0.15026 -0.09141 -0.31445 0.01384 0.04347 -0.12280 -0.38400 0.14628 -0.08302 -0.34107 -0.57352 0.06616 -0.12872
0.13066 -0.36571 0.15782 -0.10189 -0.32741 0.01291 0.01548 -0.12236 -0.39893 0.14912 -0.02933 -0.36120 -0.59088 0.12223 -0.14489
0.13245 -0.34336 0.14741 -0.10081 -0.31006 0.00257 -0.01815 -0.10866 -0.37028 0.15226 0.03041 -0.34167 -0.53074 0.16385 -0.15099
0.16073 -0.35275 0.14540 -0.10331 -0.33454 0.00047 -0.07056 -0.11702 -0.38406 0.15761 0.18705 -0.35813 -0.52416 0.31380 -0.15463
0.16550 -0.33262 0.12616 -0.09717 -0.32239 -0.00368 -0.11098 -0.10464 -0.40071 0.13906 0.24509 -0.33262 -0.48076 0.35259 -0.09507
0.17554 -0.32125 0.11490 -0.09216 -0.32527 -0.02258 -0.14567 -0.06163 -0.40165 0.11823 0.29570 -0.30177 -0.47513 0.34597 -0.07087
0.18817 -0.31472 0.07461 -0.09069 -0.34064 -0.03614 -0.18005 -0.00203 -0.36319 0.10147 0.33433 -0.29829 -0.49174 0.29580 -0.09723
0.18507 -0.27776 -0.01260 -0.08977 -0.35160 -0.04077 -0.20160 0.05675 -0.24907 0.08952 0.33612 -0.31017 -0.49081 0.19053 -0.13985
0.19836 -0.29952 -0.02379 -0.09026 -0.38045 -0.04540 -0.21487 0.16695 -0.23749 0.08570 0.31399 -0.34192 -0.52552 0.04696 -0.17635
0.19597 -0.28994 -0.01975 -0.07419 -0.39551 -0.02931 -0.18963 0.25509 -0.24299 0.07397 0.24856 -0.36754 -0.52505 -0.12956 -0.17924
0.18621 -0.24749 -0.04551 -0.07641 -0.35188 0.00650 -0.17162 0.32788 -0.21581 0.11049 0.04823 -0.37100 -0.46276 -0.39168 -0.13980
0.19451 -0.25070 -0.05247 -0.08090 -0.35232 0.01653 -0.16760 0.32423 -0.23210 0.13599 0.00890 -0.35479 -0.46649 -0.42135 -0.08820
0.19883 -0.25813 -0.05642 -0.07950 -0.36167 0.01500 -0.16727 0.28332 -0.26562 0.14926 0.03866 -0.34615 -0.47442 -0.35389 -0.03858
0.18399 -0.25756 -0.06107 -0.16883 -0.37238 0.01555 -0.15968 0.20659 -0.29436 0.23223 0.11758 -0.34098 -0.45677 -0.21518 0.00224
0.17524 -0.27339 -0.09283 -0.09101 -0.34531 0.03026 -0.15576 0.11733 -0.27960 0.14619 0.19089 -0.36465 -0.44494 -0.01185 0.01202
0.20278 -0.30999 -0.01571 -0.09938 -0.36827 0.01156 -0.18100 0.03608 -0.38475 0.11795 0.26452 -0.32137 -0.52186 0.16386 0.06322
0.18564 -0.28803 -0.00709 -0.09279 -0.33848 0.01032 -0.16825 -0.03684 -0.34900 0.09282 0.32227 -0.28016 -0.49439 0.30258 0.06189
0.17799 -0.29487 0.00352 -0.10175 -0.32965 0.00549 -0.17002 -0.05914 -0.33705 0.06681 0.36676 -0.27244 -0.51612 0.37909 0.04050
0.21403 -0.34783 -0.06071 -0.10698 -0.32068 -0.00730 -0.22109 0.01205 -0.24957 0.06147 0.38750 -0.24887 -0.50692 0.38862 0.02779
0.19405 -0.35903 -0.06306 -0.11222 -0.32082 -0.01626 -0.21597 0.07189 -0.23782 0.06742 0.39228 -0.24095 -0.49239 0.34330 0.01411
0.19310 -0.33190 -0.07679 -0.11422 -0.30942 -0.02285 -0.22839 0.11302 -0.22243 0.07799 0.35830 -0.23482 -0.46361 0.24340 -0.00537
0.19290 -0.31889 -0.06360 -0.11146 -0.31068 -0.02289 -0.21987 0.17581 -0.22111 0.08987 0.30850 -0.24623 -0.44706 0.11546 -0.02749
0.20767 -0.34345 -0.07202 -0.11359 -0.37763 -0.00673 -0.21363 0.25574 -0.22243 0.10742 0.29440 -0.30335 -0.49574 -0.02106 -0.06057
0.19095 -0.30825 -0.06086 -0.10254 -0.35125 -0.00315 -0.17255 0.27650 -0.20170 0.11197 0.19123 -0.30231 -0.46407 -0.14985 -0.08221
0.19532 -0.29352 -0.06102 -0.10410 -0.37759 0.00630 -0.16844 0.30587 -0.20104 0.12905 0.13029 -0.32473 -0.46777 -0.27336 -0.09163
0.20469 -0.29413 -0.06636 -0.10524 -0.36478 0.01717 -0.16995 0.31638 -0.20923 0.14493 0.03594 -0.33871 -0.48283 -0.36038 -0.07915
0.20634 -0.29253 -0.06663 -0.10383 -0.34638 0.03538 -0.17449 0.29399 -0.21987 0.15143 -0.03040 -0.33970 -0.47328 -0.38738 -0.05023
0.18690 -0.27411 -0.05167 -0.10196 -0.34388 0.04170 -0.15985 0.22341 -0.25040 0.16631 -0.05459 -0.34059 -0.45015 -0.36041 -0.02819
0.19253 -0.30105 -0.06312 -0.10602 -0.36082 0.05559 -0.17199 0.16478 -0.28076 0.17882 -0.05789 -0.36013 -0.47526 -0.30602 -0.00132
0.23403 -0.31098 -0.07203 -0.09669 -0.32989 0.05441 -0.21244 0.11333 -0.24991 0.15802 -0.02825 -0.33050 -0.44627 -0.18158 0.00979
0.19456 -0.31315 0.00335 -0.09757 -0.33665 0.04874 -0.17390 0.06348 -0.32395 0.13175 0.02910 -0.31765 -0.47385 -0.07800 0.01875
0.21717 -0.33432 -0.03071 -0.09829 -0.34867 0.04442 -0.20139 0.06271 -0.27008 0.12054 0.10889 -0.31197 -0.47240 0.01298 0.00285
0.17780 -0.33747 0.04100 -0.10107 -0.36743 0.03925 -0.17256 0.05022 -0.32097 0.11781 0.18841 -0.31100 -0.48848 0.09490 -0.01824
0.16762 -0.32071 0.04084 -0.09899 -0.37128 0.04971 -0.17462 0.04442 -0.28193 0.09097 0.26171 -0.31847 -0.47433 0.15734 -0.05088
0.15516 -0.31549 0.04295 -0.11136 -0.33285 0.02021 -0.16782 0.04082 -0.26847 0.08699 0.28174 -0.28266 -0.47086 0.21539 -0.05972
0.14973 -0.33245 0.04743 -0.13177 -0.30288 -0.02217 -0.16743 0.04122 -0.27695 0.08988 0.29784 -0.25033 -0.49579 0.27584 -0.06828
0.14019 -0.33098 0.05232 -0.13620 -0.29281 -0.02901 -0.15999 0.03887 -0.27751 0.08098 0.32322 -0.24131 -0.49605 0.30784 -0.07247
0.13493 -0.33892 0.05600 -0.14378 -0.28058 -0.05029 -0.15667 0.04321 -0.28415 0.08266 0.33450 -0.22450 -0.50275 0.33062 -0.07624
0.13163 -0.34348 0.05943 -0.14753 -0.27074 -0.06342 -0.15339 0.04845 -0.28804 0.08604 0.33922 -0.21772 -0.50476 0.34083 -0.08364
0.12926 -0.34879 0.06051 -0.15082 -0.26120 -0.07911 -0.15105 0.05380 -0.28949 0.09164 0.33873 -0.21385 -0.50463 0.34772 -0.09630
0.12873 -0.35559 0.06175 -0.15404 -0.26229 -0.08554 -0.14982 0.05979 -0.29175 0.09542 0.34542 -0.22431 -0.51005 0.35313 -0.11344
0.13939 -0.36900 0.07166 -0.15320 -0.24657 -0.09834 -0.16008 0.08674 -0.28748 0.09755 0.33250 -0.21254 -0.49135 0.34241 -0.12873
0.12730 -0.36725 0.05427 -0.15695 -0.24151 -0.11061 -0.15038 0.07976 -0.28807 0.10057 0.33158 -0.21106 -0.49554 0.34732 -0.14026
0.12164 -0.36708 0.04952 -0.16075 -0.23865 -0.11874 -0.14484 0.07728 -0.28054 0.10113 0.33050 -0.21234 -0.50300 0.35242 -0.15530
0.12469 -0.36036 0.05583 -0.16482 -0.23493 -0.12433 -0.14774 0.06650 -0.27928 0.10284 0.32405 -0.21441 -0.50596 0.35121 -0.16981
0.15314 -0.37865 0.06216 -0.16912 -0.23445 -0.13054 -0.17705 0.07912 -0.27479 0.08450 0.28156 -0.22295 -0.53338 0.31331 -0.19536
0.13601 -0.35560 0.06679 -0.17496 -0.23822 -0.13554 -0.15834 0.04932 -0.28396 0.07706 0.25002 -0.22909 -0.55946 0.28511 -0.20138
0.13700 -0.35619 0.06874 -0.17185 -0.24664 -0.12359 -0.13754 0.05056 -0.33776 0.06340 0.21045 -0.24316 -0.59170 0.24090 -0.14934
0.13107 -0.34117 0.06672 -0.14472 -0.31780 -0.04680 -0.13127 0.04691 -0.32080 0.05277 0.21975 -0.30223 -0.55538 0.17180 -0.14366
0.13086 -0.34372 0.06779 -0.14308 -0.32205 -0.04666 -0.13108 0.04526 -0.32073 0.04334 0.19141 -0.30060 -0.56541 0.14481 -0.14247
0.13363 -0.35259 0.07024 -0.14413 -0.33197 -0.04665 -0.13437 0.04534 -0.32679 0.00871 0.18547 -0.30354 -0.61132 0.13786 -0.14181
0.13268 -0.35091 0.07119 -0.14083 -0.33620 -0.03853 -0.13446 0.04245 -0.32153 0.00071 0.19043 -0.30474 -0.61296 0.14083 -0.13931
0.13294 -0.35027 0.07359 -0.14086 -0.33560 -0.04108 -0.13480 0.03901 -0.32580 -0.00160 0.19221 -0.30022 -0.61623 0.14679 -0.13351
0.13143 -0.35494 0.06761 -0.14074 -0.33502 -0.03913 -0.13687 0.03481 -0.32717 0.00078 0.19830 -0.30115 -0.61566 0.15842 -0.13226
0.14047 -0.36706 0.07409 -0.14559 -0.34695 -0.04003 -0.14373 0.02820 -0.34377 0.00310 0.20962 -0.31398 -0.63905 0.17581 -0.13479
0.16447 -0.34943 0.06730 -0.14476 -0.35001 -0.03946 -0.16207 -0.00174 -0.33959 0.00579 0.21765 -0.31027 -0.64236 0.19352 -0.12564
0.23606 -0.27688 0.04981 -0.14047 -0.34506 -0.04077 -0.21509 -0.06538 -0.31183 -0.00361 0.20001 -0.30637 -0.66279 0.17150 -0.13572
0.24523 -0.25893 0.04158 -0.13981 -0.34740 -0.04181 -0.21890 -0.05369 -0.31583 -0.00224 0.19347 -0.31208 -0.66895 0.13347 -0.12709
0.26701 -0.23119 0.00295 -0.13298 -0.37209 -0.02215 -0.24072 -0.02251 -0.27658 -0.00343 0.20117 -0.34493 -0.67470 0.05797 -0.13934
0.32146 -0.19565 -0.03821 -0.11676 -0.35009 -0.01169 -0.30555 0.03732 -0.21397 -0.01349 0.18519 -0.32789 -0.61603 -0.02944 -0.12770
0.31632 -0.19872 -0.03996 -0.11359 -0.34263 -0.01247 -0.30379 0.10746 -0.20605 -0.00259 0.17716 -0.32035 -0.58705 -0.10624 -0.12749
0.32019 -0.19839 -0.04150 -0.11445 -0.34443 -0.01579 -0.28968 0.16774 -0.20219 -0.00119 0.17746 -0.31838 -0.60245 -0.16737 -0.12541
0.32542 -0.20567 -0.02098 -0.11587 -0.35192 -0.01702 -0.27250 0.21764 -0.22434 0.00054 0.18890 -0.32519 -0.63062 -0.20256 -0.12813
0.32458 -0.21629 -0.01042 -0.11707 -0.35753 -0.01860 -0.25193 0.23877 -0.23904 -0.00642 0.20288 -0.32680 -0.66543 -0.20220 -0.12487
0.31905 -0.22897 -0.02622 -0.11600 -0.35538 -0.02269 -0.23791 0.22793 -0.23365 -0.00290 0.21487 -0.31996 -0.66864 -0.16307 -0.10960
0.31029 -0.24778 -0.05330 -0.11572 -0.34007 -0.03484 -0.24357 0.19976 -0.22875 -0.00204 0.21824 -0.29943 -0.64484 -0.09689 -0.07682
0.27003 -0.23133 -0.09945 -0.12194 -0.35281 -0.04030 -0.21649 0.09937 -0.22309 0.00171 0.24201 -0.30698 -0.65730 -0.00213 -0.04892
0.28092 -0.23880 -0.01024 -0.12491 -0.34712 -0.04559 -0.19195 -0.00868 -0.30457 0.00722 0.25076 -0.30059 -0.69671 0.12916 -0.05447
0.33193 -0.21691 0.03051 -0.11666 -0.32399 -0.04319 -0.25817 -0.07916 -0.30707 0.00338 0.23990 -0.27777 -0.64965 0.19072 -0.06837
0.28111 -0.21119 0.01552 -0.12409 -0.34152 -0.04593 -0.21903 -0.11990 -0.27388 0.00815 0.25323 -0.29198 -0.67047 0.21999 -0.10614
0.33557 -0.23200 -0.04110 -0.12074 -0.32928 -0.04444 -0.29779 -0.05764 -0.18654 0.00806 0.23844 -0.28349 -0.63022 0.17554 -0.12857
0.34834 -0.23876 -0.04046 -0.12555 -0.34056 -0.04579 -0.32196 0.00482 -0.18165 0.01251 0.23853 -0.29762 -0.63648 0.10868 -0.14961
0.32405 -0.22132 -0.03966 -0.11870 -0.32160 -0.04281 -0.30643 0.07498 -0.17533 0.01093 0.21417 -0.28413 -0.59913 0.01808 -0.14047
0.28534 -0.19893 -0.08017 -0.13270 -0.36864 -0.04936 -0.24565 0.10573 -0.17776 0.06888 0.23585 -0.33071 -0.64517 -0.06402 -0.15166
0.31547 -0.23182 -0.02649 -0.11841 -0.33263 -0.04642 -0.22814 0.23453 -0.22863 0.06206 0.20023 -0.30062 -0.62769 -0.15572 -0.11778
0.32069 -0.23732 -0.02801 -0.11965 -0.34141 -0.04858 -0.21790 0.23640 -0.24372 0.01698 0.20343 -0.30179 -0.69737 -0.15741 -0.10489
0.31100 -0.25098 -0.08595 -0.11838 -0.33794 -0.04996 -0.20467 0.20829 -0.20132 0.01516 0.20390 -0.29511 -0.69564 -0.11108 -0.08351
0.30040 -0.25385 -0.10413 -0.13064 -0.37481 -0.05577 -0.18115 0.12602 -0.23694 0.01990 0.23535 -0.32651 -0.76731 -0.03338 -0.06916
0.27746 -0.23687 -0.03477 -0.12118 -0.34732 -0.05253 -0.17903 0.03738 -0.29524 0.01752 0.22595 -0.30018 -0.70858 0.06108 -0.05078
0.28643 -0.24357 -0.00827 -0.12675 -0.36291 -0.05651 -0.18572 -0.03426 -0.32302 0.01671 0.24542 -0.31142 -0.73972 0.14264 -0.06429
0.27801 -0.23176 0.00483 -0.12063 -0.34332 -0.05643 -0.18352 -0.06627 -0.29256 0.01697 0.23922 -0.29143 -0.70095 0.17683 -0.08474
0.28261 -0.22421 0.01869 -0.12074 -0.34317 -0.05678 -0.19730 -0.06966 -0.28548 0.01465 0.24234 -0.29051 -0.69380 0.17570 -0.10422
0.28457 -0.22198 0.02176 -0.12102 -0.34250 -0.05616 -0.20114 -0.04000 -0.27488 0.01181 0.24193 -0.28967 -0.69419 0.14384 -0.11651
0.34557 -0.20684 -0.00209 -0.11295 -0.32516 -0.05053 -0.26909 0.06201 -0.23022 0.01245 0.22404 -0.27257 -0.65426 0.02783 -0.11562
0.30177 -0.21224 -0.08249 -0.13315 -0.37517 -0.06263 -0.20412 0.10182 -0.18654 0.01858 0.25323 -0.31426 -0.76685 -0.03030 -0.13716
0.29644 -0.20053 -0.09223 -0.13455 -0.37710 -0.06273 -0.18774 0.13418 -0.17340 0.02232 0.24771 -0.31666 -0.77549 -0.08290 -0.14263
0.30234 -0.19608 -0.07884 -0.13693 -0.38164 -0.06331 -0.17561 0.15597 -0.19164 0.02488 0.24669 -0.32140 -0.79818 -0.11557 -0.14344
0.30492 -0.19156 -0.06988 -0.13460 -0.37898 -0.06057 -0.16947 0.16769 -0.19870 0.02419 0.24321 -0.32219 -0.79893 -0.13257 -0.14344
0.30835 -0.19201 -0.06472 -0.13239 -0.38061 -0.05986 -0.16497 0.16764 -0.21011 0.02461 0.24424 -0.32398 -0.80437 -0.13224 -0.13902
0.28977 -0.18857 -0.06116 -0.11881 -0.34441 -0.05387 -0.19443 0.13877 -0.21600 0.02862 0.22770 -0.29109 -0.68448 -0.08528 -0.09457
0.30533 -0.20976 -0.06750 -0.11803 -0.34290 -0.05401 -0.20014 0.10375 -0.22195 0.02278 0.22940 -0.28862 -0.69709 -0.02574 -0.07948
0.30114 -0.23351 -0.03543 -0.11492 -0.33331 -0.05299 -0.17968 0.08468 -0.25456 0.02583 0.22838 -0.28068 -0.69947 0.02674 -0.07322
0.29900 -0.24425 -0.02461 -0.11653 -0.33682 -0.05428 -0.17942 0.06058 -0.27288 0.02264 0.23663 -0.28270 -0.70735 0.06708 -0.06820
0.28781 -0.25084 -0.01023 -0.11522 -0.33819 -0.05495 -0.16798 0.04745 -0.28328 0.02217 0.23939 -0.28174 -0.70762 0.09050 -0.06988
0.33493 -0.32063 0.00055 -0.14986 -0.33158 -0.13417 -0.15692 0.04540 -0.32532 0.05328 0.22254 -0.27290 -0.87312 0.14968 -0.11433
0.28947 -0.29510 0.00155 -0.13381 -0.35220 -0.06141 -0.13195 0.05545 -0.28506 0.03227 0.25203 -0.29805 -0.78635 0.12531 -0.10402
0.28758 -0.29915 0.00409 -0.13266 -0.35357 -0.05661 -0.12751 0.07193 -0.27456 0.02741 0.24922 -0.30295 -0.78924 0.10889 -0.11699
0.28882 -0.30164 0.00497 -0.13081 -0.35306 -0.05308 -0.12779 0.07913 -0.26887 0.02592 0.24777 -0.31020 -0.78879 0.10329 -0.12721
0.29235 -0.30518 0.00422 -0.13217 -0.35631 -0.05369 -0.13256 0.08757 -0.26421 0.02080 0.24807 -0.31576 -0.79836 0.09535 -0.13750
0.33030 -0.24679 -0.01928 -0.12091 -0.32672 -0.04921 -0.21673 0.07349 -0.21357 0.01746 0.22082 -0.29481 -0.70830 0.05449 -0.14401
0.27632 -0.26137 -0.09847 -0.13886 -0.38781 -0.05634 -0.16037 0.08217 -0.17219 0.01923 0.25862 -0.35328 -0.81218 0.03628 -0.17677
0.28032 -0.25291 -0.10486 -0.13901 -0.39061 -0.05871 -0.16887 0.09564 -0.16852 0.02035 0.25457 -0.35342 -0.81019 0.00797 -0.17585
0.25193 -0.16504 -0.17178 -0.12217 -0.34452 -0.05145 -0.41657 0.02711 0.04960 0.02109 0.22107 -0.31131 -0.44530 0.00129 -0.27212
0.24570 -0.15773 -0.20272 -0.12241 -0.34832 -0.05313 -0.39406 0.01874 0.07147 0.02300 0.22541 -0.30607 -0.46023 0.00058 -0.25844
0.20097 -0.14011 -0.26791 -0.12226 -0.34819 -0.05356 -0.37519 0.00796 0.15147 0.02814 0.22903 -0.30213 -0.42536 -0.00415 -0.26830
0.21807 -0.15208 -0.27751 -0.12049 -0.34357 -0.05340 -0.37334 0.02144 0.13991 0.02820 0.23057 -0.29747 -0.43313 -0.00073 -0.24046
0.22907 -0.18708 -0.33366 -0.13004 -0.37927 -0.06009 -0.19739 0.09156 -0.14061 0.03196 0.26064 -0.31977 -0.67177 -0.04257 0.06774
0.24862 -0.23511 -0.38204 -0.13893 -0.34671 -0.15031 -0.22337 0.11456 -0.17914 0.04792 0.22554 -0.26866 -0.72070 -0.02427 0.11443
0.23574 -0.27696 -0.35684 -0.13612 -0.33862 -0.14680 -0.22006 0.13646 -0.20863 0.04813 0.23228 -0.25802 -0.69207 0.00941 0.13492
0.22141 -0.30527 -0.33873 -0.13501 -0.33552 -0.14392 -0.21852 0.14254 -0.22540 0.04859 0.24362 -0.25161 -0.67008 0.04558 0.14460
0.18849 -0.33361 -0.24378 -0.12525 -0.30861 -0.13209 -0.19404 0.15387 -0.26620 0.04299 0.23358 -0.22676 -0.61088 0.08101 0.12979
0.18291 -0.34094 -0.23217 -0.12765 -0.30899 -0.12641 -0.20215 0.13582 -0.25957 0.04047 0.24173 -0.22919 -0.60054 0.11370 0.11500
0.16174 -0.35177 -0.20237 -0.13172 -0.30902 -0.12674 -0.19629 0.12046 -0.26598 0.04021 0.24742 -0.23173 -0.59417 0.14426 0.08846
0.19869 -0.38413 -0.14395 -0.12823 -0.29510 -0.11901 -0.24729 0.15405 -0.27834 0.03737 0.23877 -0.22548 -0.55657 0.14786 0.05651
0.20442 -0.38609 -0.11537 -0.12963 -0.29389 -0.11647 -0.26582 0.15774 -0.28080 0.03572 0.23618 -0.23035 -0.54477 0.14414 0.02769
0.21014 -0.38201 -0.12519 -0.13157 -0.29417 -0.11634 -0.28358 0.16663 -0.25488 0.03795 0.23293 -0.23454 -0.53446 0.12739 0.00718
0.22086 -0.36676 -0.13885 -0.13339 -0.29579 -0.11591 -0.31575 0.18016 -0.23174 0.03369 0.22595 -0.24296 -0.52211 0.08954 -0.01094
0.22644 -0.34298 -0.15012 -0.13585 -0.29984 -0.11690 -0.33212 0.18115 -0.21935 0.03636 0.22146 -0.25079 -0.51708 0.05547 -0.02135
0.17978 -0.25086 -0.19850 -0.13518 -0.32796 -0.08519 -0.30795 0.14378 -0.16020 0.02059 0.23309 -0.27243 -0.48928 -0.01639 -0.02011
0.16627 -0.22555 -0.21587 -0.13022 -0.32015 -0.08101 -0.38657 0.15957 -0.11354 0.02218 0.22282 -0.26647 -0.37430 -0.06067 -0.03750
0.16339 -0.20984 -0.24542 -0.13043 -0.31433 -0.09991 -0.36303 0.14633 -0.10836 0.01781 0.21315 -0.25230 -0.40483 -0.06926 -0.01475
0.14273 -0.18898 -0.27308 -0.12903 -0.33136 -0.09089 -0.35843 0.13208 -0.08451 0.01528 0.22992 -0.25863 -0.38989 -0.07832 -0.00491
0.13426 -0.17566 -0.30073 -0.12846 -0.33054 -0.08896 -0.38176 0.11676 -0.06637 0.00330 0.22905 -0.25504 -0.36655 -0.07972 0.01194
0.13279 -0.17537 -0.30664 -0.12891 -0.33146 -0.08752 -0.38387 0.11466 -0.06559 -0.00142 0.23109 -0.25043 -0.36870 -0.08085 0.02594
0.13167 -0.17358 -0.31080 -0.12941 -0.33127 -0.08483 -0.38694 0.10809 -0.06607 -0.00704 0.23294 -0.24929 -0.36941 -0.07518 0.03604
0.13001 -0.17262 -0.31328 -0.12951 -0.33095 -0.08233 -0.38889 0.10146 -0.06444 -0.00920 0.23316 -0.25117 -0.36727 -0.07076 0.03968
0.12610 -0.17096 -0.30969 -0.12821 -0.32895 -0.07599 -0.38969 0.09854 -0.05879 -0.00920 0.23367 -0.24872 -0.35458 -0.06727 0.04043
0.12476 -0.17315 -0.31177 -0.12936 -0.33291 -0.07397 -0.39314 0.09357 -0.06089 -0.01439 0.23522 -0.25362 -0.36009 -0.06280 0.04282
0.11878 -0.17907 -0.31479 -0.12927 -0.34480 -0.06800 -0.39822 0.09347 -0.06328 0.00189 0.24520 -0.25839 -0.33761 -0.05892 0.05020
0.10894 -0.19276 -0.31317 -0.12236 -0.32921 -0.08853 -0.39994 0.10459 -0.07019 0.01150 0.22840 -0.23473 -0.31275 -0.05762 0.05825
0.09560 -0.21081 -0.30930 -0.12044 -0.32763 -0.09113 -0.38742 0.12263 -0.07665 0.01152 0.22924 -0.22826 -0.31060 -0.05470 0.06463
0.05709 -0.22190 -0.30527 -0.12039 -0.32861 -0.09250 -0.35400 0.14265 -0.07685 0.01072 0.23380 -0.23075 -0.30771 -0.05988 0.05647
0.05222 -0.26000 -0.26204 -0.12075 -0.32523 -0.09522 -0.25579 0.18158 -0.11592 -0.00303 0.24425 -0.23519 -0.41923 -0.04660 0.04488
0.14559 -0.33251 -0.13656 -0.11569 -0.30061 -0.09512 -0.26789 0.24749 -0.21301 -0.00729 0.22743 -0.21590 -0.47470 -0.02913 0.03518
0.08699 -0.32183 -0.19782 -0.12435 -0.36539 -0.06275 -0.16669 0.22434 -0.15880 -0.01969 0.28617 -0.28031 -0.58879 -0.02643 0.00926
0.10091 -0.34302 -0.16528 -0.14197 -0.32894 -0.10528 -0.13208 0.28459 -0.15365 -0.00051 0.24798 -0.24111 -0.64911 -0.06635 -0.03318
0.10194 -0.31597 -0.13411 -0.12350 -0.35120 -0.05104 -0.12962 0.28499 -0.05719 -0.01057 0.27166 -0.26421 -0.60094 -0.08636 -0.13032
0.09860 -0.32583 -0.11860 -0.12174 -0.35018 -0.04683 -0.09678 0.25505 -0.15194 -0.01418 0.26793 -0.26767 -0.63272 -0.04673 -0.05173
0.09467 -0.32702 -0.10127 -0.12009 -0.34447 -0.04567 -0.09387 0.24287 -0.15516 -0.01810 0.26270 -0.26103 -0.62611 -0.03117 -0.05860
0.09464 -0.32518 -0.09564 -0.11454 -0.35043 -0.03992 -0.10935 0.23787 -0.13559 -0.02379 0.26830 -0.26467 -0.61130 -0.02747 -0.08372
0.08722 -0.33735 -0.08712 -0.11446 -0.35627 -0.03844 -0.10800 0.24094 -0.12759 -0.01641 0.27430 -0.27157 -0.60544 -0.01786 -0.10815
0.08791 -0.37762 -0.09317 -0.12630 -0.32519 -0.10133 -0.14778 0.27151 -0.06112 -0.01468 0.23690 -0.23526 -0.62522 -0.01806 -0.20052
0.07477 -0.34207 -0.08183 -0.09690 -0.34647 -0.03084 -0.19819 0.27198 -0.01715 -0.03223 0.26528 -0.27080 -0.49267 -0.04330 -0.22227
0.07811 -0.38550 -0.08844 -0.11504 -0.32851 -0.09307 -0.22184 0.29577 -0.02369 -0.01586 0.24068 -0.23993 -0.52733 -0.03329 -0.24586
0.07950 -0.40018 -0.07687 -0.11563 -0.32584 -0.09293 -0.19787 0.24725 -0.06209 -0.00578 0.23358 -0.23957 -0.53886 0.02738 -0.22125
0.07975 -0.36455 -0.04862 -0.09130 -0.32209 -0.03911 -0.19707 0.31363 -0.35469 -0.01847 0.23681 -0.25277 -0.46001 -0.06214 0.08556
0.07524 -0.39061 -0.03071 -0.09534 -0.33353 -0.04035 -0.03635 0.16321 -0.28701 -0.01664 0.24425 -0.25995 -0.63217 0.11071 -0.01001
0.05834 -0.43853 -0.01665 -0.11179 -0.34240 -0.07064 0.04493 0.10984 -0.30219 -0.01268 0.24140 -0.26479 -0.76183 0.19867 -0.04787
0.08884 -0.37357 0.06758 -0.10004 -0.32990 -0.04558 0.08936 -0.00970 -0.37038 -0.01710 0.23439 -0.25827 -0.78863 0.27137 -0.04070
0.06584 -0.38729 0.13277 -0.09929 -0.32689 -0.04282 0.16147 -0.04024 -0.39563 -0.01776 0.23284 -0.25515 -0.82916 0.31761 -0.07297
0.10073 -0.37167 0.10674 -0.09562 -0.31592 -0.03769 0.17877 -0.07721 -0.38620 -0.01952 0.22583 -0.24599 -0.85939 0.34380 -0.03955
0.10732 -0.38681 0.11165 -0.10061 -0.32963 -0.03808 0.21047 -0.12656 -0.33594 -0.01924 0.23538 -0.25812 -0.92147 0.40341 -0.10809
0.11073 -0.38541 0.11237 -0.10117 -0.33131 -0.03545 0.19039 -0.16627 -0.25580 -0.02079 0.23796 -0.26269 -0.90596 0.44262 -0.19010
0.11432 -0.38314 0.11619 -0.10164 -0.33238 -0.03512 0.20984 -0.20842 -0.25701 -0.02113 0.23690 -0.26827 -0.92905 0.48180 -0.19520
0.11040 -0.36302 0.11246 -0.09679 -0.31683 -0.03289 0.19564 -0.24947 -0.31276 -0.01881 0.22361 -0.25979 -0.87967 0.50624 -0.12246
0.11681 -0.38145 0.11995 -0.10176 -0.33481 -0.03209 0.16873 -0.25407 -0.18078 -0.01750 0.23132 -0.28169 -0.88662 0.51881 -0.28366
0.11735 -0.38346 0.12018 -0.10171 -0.33751 -0.02939 0.17206 -0.27810 -0.18547 -0.01378 0.22574 -0.29348 -0.88882 0.53685 -0.28813
0.11738 -0.38372 0.11947 -0.10136 -0.33854 -0.02824 0.17229 -0.29912 -0.18393 -0.00768 0.22225 -0.30288 -0.88227 0.55410 -0.29662
0.11627 -0.38299 0.11554 -0.09966 -0.33790 -0.02624 0.18208 -0.33048 -0.20177 -0.00546 0.21310 -0.30837 -0.88393 0.57662 -0.27757
0.11545 -0.38692 0.11008 -0.09192 -0.34688 -0.01477 0.17013 -0.32711 -0.19203 -0.00965 0.20751 -0.32472 -0.86887 0.56304 -0.28612
0.11297 -0.38710 0.09991 -0.08337 -0.35722 -0.00259 0.15219 -0.32018 -0.17767 -0.01312 0.17955 -0.32925 -0.83617 0.52378 -0.28057
0.11037 -0.38294 0.09479 -0.07547 -0.36948 0.00269 0.14402 -0.31371 -0.16637 -0.01843 0.17702 -0.32892 -0.81483 0.50328 -0.27735
0.10920 -0.38125 0.09178 -0.07019 -0.37099 0.00823 0.14365 -0.31144 -0.16044 -0.01505 0.16382 -0.33586 -0.80151 0.48451 -0.28107
0.11470 -0.40182 0.09392 -0.06509 -0.38153 0.02081 0.14885 -0.32740 -0.16424 -0.01615 0.10119 -0.38896 -0.83229 0.44759 -0.32074
0.11459 -0.40274 0.09279 -0.07407 -0.34729 0.04677 0.14590 -0.32619 -0.16309 0.00421 -0.02344 -0.43366 -0.81861 0.35691 -0.33842
0.10668 -0.37510 0.08670 -0.07955 -0.33475 0.05640 0.13604 -0.30381 -0.15046 0.03878 -0.10941 -0.42825 -0.73864 0.23449 -0.32628
0.10824 -0.38114 0.08753 -0.08303 -0.34085 0.05155 0.13816 -0.30808 -0.15126 0.08144 -0.21775 -0.41853 -0.71060 0.13040 -0.32084
0.11198 -0.39407 0.09070 -0.08650 -0.35459 0.05095 0.14171 -0.31758 -0.15671 0.11492 -0.23538 -0.37654 -0.70398 0.12161 -0.27653
0.11191 -0.39376 0.09000 -0.08727 -0.35696 0.04762 0.14123 -0.31755 -0.15317 0.13600 -0.24654 -0.36806 -0.68289 0.10779 -0.27331
0.11086 -0.39017 0.08929 -0.08547 -0.35693 0.04378 0.13922 -0.31553 -0.15099 0.14778 -0.24307 -0.33598 -0.66232 0.10551 -0.24578
0.11103 -0.39109 0.08938 -0.08327 -0.36247 0.03980 0.13598 -0.31518 -0.15106 0.15003 -0.25077 -0.32286 -0.65668 0.09358 -0.23542
0.11106 -0.39166 0.08946 -0.08101 -0.36446 0.03762 0.13707 -0.31493 -0.15042 0.15158 -0.24491 -0.32398 -0.65490 0.09744 -0.23916
0.11111 -0.39236 0.08921 -0.07895 -0.36726 0.03522 0.13695 -0.31468 -0.15069 0.14217 -0.23280 -0.30015 -0.66382 0.10776 -0.21654
0.11090 -0.39221 0.08903 -0.07769 -0.36810 0.03430 0.13660 -0.31392 -0.14961 0.14610 -0.23787 -0.30754 -0.65800 0.10065 -0.22556
0.11050 -0.39271 0.08751 -0.07654 -0.36843 0.03339 0.13811 -0.31232 -0.14920 0.14639 -0.23874 -0.30974 -0.65784 0.09776 -0.22759
0.11042 -0.39325 0.08597 -0.07581 -0.36830 0.03330 0.13654 -0.31116 -0.15012 0.14613 -0.23852 -0.31013 -0.65595 0.09615 -0.22644
0.11039 -0.39358 0.08483 -0.07506 -0.36837 0.03288 0.13871 -0.31058 -0.15150 0.14656 -0.23991 -0.31125 -0.65707 0.09388 -0.22572
0.11050 -0.39405 0.08329 -0.07483 -0.36788 0.03308 0.13822 -0.30973 -0.15060 0.14681 -0.24058 -0.31250 -0.65635 0.09316 -0.22604
0.10826 -0.39576 0.07931 -0.07445 -0.36752 0.03305 0.14261 -0.30905 -0.14835 0.14692 -0.24105 -0.31189 -0.65814 0.09387 -0.22375
0.10827 -0.39573 0.07869 -0.07342 -0.36789 0.03285 0.14285 -0.31080 -0.15073 0.14716 -0.24136 -0.31322 -0.65775 0.09506 -0.22252
0.10840 -0.39572 0.07880 -0.07324 -0.36769 0.03297 0.14349 -0.31072 -0.15032 0.14711 -0.24186 -0.31342 -0.65843 0.09450 -0.22322
0.10847 -0.39571 0.07864 -0.07310 -0.36782 0.03260 0.14350 -0.31123 -0.15029 0.13271 -0.22141 -0.28081 -0.67275 0.11494 -0.19118
0.10825 -0.39565 0.07827 -0.07294 -0.36747 0.03264 0.14433 -0.31129 -0.14980 0.14339 -0.23682 -0.30411 -0.66228 0.09958 -0.21476
0.10837 -0.39571 0.07827 -0.07285 -0.36749 0.03249 0.14652 -0.31066 -0.15234 0.13936 -0.23012 -0.29402 -0.66867 0.10556 -0.20245
0.10847 -0.39579 0.07815 -0.07273 -0.36737 0.03246 0.14587 -0.30998 -0.15369 0.13765 -0.22746 -0.29054 -0.66977 0.10754 -0.19768
0.10867 -0.39580 0.07752 -0.07257 -0.36703 0.03232 0.14466 -0.30890 -0.15083 0.14333 -0.23469 -0.30261 -0.66269 0.09896 -0.21295
0.10899 -0.39599 0.07697 -0.07233 -0.36676 0.03226 0.14427 -0.30940 -0.14985 0.14578 -0.23761 -0.30606 -0.66005 0.09675 -0.21771
0.10954 -0.39607 0.07622 -0.07181 -0.36650 0.03196 0.14297 -0.30995 -0.15004 0.14715 -0.23887 -0.30990 -0.65749 0.09579 -0.22213
]
