classifier_Car_monkey_bumps_into_each_other_5272 [ 0.15283 -0.32229 -0.02640 -0.06949 -0.33391 0.00878 0.21300 -0.33038 -0.23046 0.15293 -0.26569 -0.36110 -0.74951 0.06448 -0.07989
0.15281 -0.32245 -0.02619 -0.06947 -0.33409 0.00873 0.21640 -0.33350 -0.23116 0.15272 -0.26458 -0.36100 -0.75327 0.06875 -0.07926
0.15255 -0.32276 -0.02546 -0.06942 -0.33422 0.00876 0.21987 -0.32997 -0.23535 0.15234 -0.26519 -0.36092 -0.75701 0.06484 -0.07561
0.15151 -0.32321 -0.02433 -0.06947 -0.33424 0.00906 0.21743 -0.32040 -0.24280 0.14753 -0.26469 -0.36274 -0.75826 0.05627 -0.07076
0.13813 -0.33675 0.02312 -0.07152 -0.34396 0.01008 0.12272 -0.24463 -0.27609 0.13790 -0.27159 -0.37577 -0.67499 -0.02245 -0.09673
0.13958 -0.34086 0.02698 -0.07257 -0.34851 0.01115 0.10371 -0.23982 -0.28363 0.03463 -0.31591 -0.34534 -0.76784 -0.07215 -0.06179
0.13799 -0.33985 0.03839 -0.07329 -0.34867 0.01309 0.03756 -0.22258 -0.31441 0.03586 -0.31430 -0.34838 -0.69980 -0.08955 -0.04419
0.13223 -0.33621 0.04707 -0.07299 -0.34493 0.01415 -0.00223 -0.21147 -0.31674 0.07788 -0.29245 -0.37473 -0.60680 -0.07911 -0.07662
0.12556 -0.33450 0.04889 -0.07283 -0.34218 0.01440 -0.04818 -0.21288 -0.30218 0.07937 -0.28883 -0.37372 -0.55213 -0.07125 -0.09486
0.12153 -0.33463 0.05124 -0.07358 -0.34220 0.01510 -0.08155 -0.22190 -0.30078 0.08087 -0.28500 -0.37361 -0.51204 -0.05919 -0.09817
0.11892 -0.34168 0.05378 -0.07549 -0.34886 0.01604 -0.10139 -0.22747 -0.31334 0.07709 -0.25532 -0.34213 -0.50499 -0.02268 -0.05633
0.11142 -0.33086 0.05180 -0.07303 -0.33731 0.01542 -0.15059 -0.24720 -0.36108 0.07448 -0.27189 -0.35652 -0.43011 -0.02015 -0.02201
0.10660 -0.33112 0.05126 -0.07315 -0.33659 0.01538 -0.14815 -0.24787 -0.36142 0.07494 -0.27875 -0.36413 -0.42484 -0.02608 -0.02902
0.10042 -0.33291 0.04909 -0.07359 -0.33644 0.01537 -0.14261 -0.24699 -0.36242 0.07552 -0.27901 -0.36596 -0.42424 -0.02524 -0.02947
0.09940 -0.33314 0.04824 -0.07430 -0.33650 0.01405 -0.14016 -0.24694 -0.36324 0.07438 -0.27962 -0.36603 -0.42727 -0.02566 -0.02841
0.09950 -0.33803 0.04585 -0.07693 -0.34023 0.01351 -0.14168 -0.24984 -0.36766 0.07682 -0.25897 -0.34086 -0.43307 -0.00078 0.00052
0.09893 -0.33856 0.04242 -0.07762 -0.34011 0.01314 -0.14184 -0.24720 -0.36909 0.07734 -0.25530 -0.34160 -0.43359 0.00148 0.00144
0.09898 -0.34114 0.03839 -0.07969 -0.34072 0.01321 -0.14264 -0.24680 -0.37056 0.07867 -0.24737 -0.33891 -0.43772 0.01170 0.00579
0.10113 -0.34435 0.03733 -0.08193 -0.34282 0.01320 -0.10223 -0.21406 -0.31168 0.07746 -0.28932 -0.37840 -0.48952 -0.06175 -0.09397
0.11899 -0.36574 0.03179 -0.12649 -0.28653 -0.01792 -0.12236 -0.23330 -0.34618 0.05059 -0.11867 -0.41281 -0.59825 0.20713 -0.12796
0.15809 -0.32504 0.00451 -0.18178 -0.22400 -0.01608 -0.12010 -0.21995 -0.34340 0.07541 0.02291 -0.49286 -0.67618 0.35776 -0.18476
0.17578 -0.29968 -0.02512 -0.17969 -0.25696 -0.13087 -0.12286 -0.20076 -0.33528 0.06791 0.16872 -0.37362 -0.68613 0.42471 -0.15500
0.17926 -0.27695 -0.05151 -0.19076 -0.24561 -0.14695 -0.12542 -0.17520 -0.33178 0.07221 0.26283 -0.33714 -0.69056 0.48100 -0.11603
0.24258 -0.21706 -0.12074 -0.21724 -0.21988 -0.17003 -0.19299 -0.18407 -0.30194 0.09361 0.32679 -0.30517 -0.69883 0.51979 -0.07192
0.24859 -0.20168 -0.13318 -0.22758 -0.18166 -0.19302 -0.20713 -0.12608 -0.31939 0.10020 0.34976 -0.27039 -0.69428 0.50697 -0.03260
0.25731 -0.16049 -0.18064 -0.21769 -0.15613 -0.19966 -0.22455 -0.06873 -0.28849 0.10090 0.33903 -0.24321 -0.65759 0.42187 0.00708
0.27294 -0.15497 -0.14311 -0.21290 -0.14845 -0.18955 -0.23705 0.01863 -0.32765 0.10872 0.31626 -0.24539 -0.62792 0.30348 0.01695
0.29935 -0.17007 -0.13818 -0.22264 -0.15624 -0.19609 -0.25316 0.12447 -0.35457 0.12307 0.28710 -0.26820 -0.63924 0.16885 0.01946
0.24313 -0.08457 -0.21439 -0.23950 -0.18936 -0.19572 -0.20417 0.16398 -0.30231 0.13910 0.24638 -0.30843 -0.66022 -0.01886 0.01034
0.24231 -0.05672 -0.22618 -0.23336 -0.19695 -0.19831 -0.20968 0.24423 -0.27770 0.13999 0.15983 -0.32673 -0.65662 -0.22095 -0.01959
0.24084 -0.05352 -0.21291 -0.22575 -0.19249 -0.17510 -0.21370 0.31528 -0.24581 0.15334 0.06957 -0.33147 -0.61208 -0.38172 -0.04253
0.24419 -0.04026 -0.22025 -0.22275 -0.19095 -0.16936 -0.21641 0.35390 -0.21903 0.17132 -0.00050 -0.32598 -0.59739 -0.50279 -0.04771
0.21559 0.05058 -0.26279 -0.21919 -0.20032 -0.16333 -0.18766 0.28129 -0.16628 0.17854 -0.02492 -0.32376 -0.59436 -0.55481 -0.04785
0.22385 0.03646 -0.25836 -0.21810 -0.20971 -0.17227 -0.20237 0.28827 -0.17715 0.18061 -0.00884 -0.31969 -0.59442 -0.54130 -0.04473
0.24181 -0.05623 -0.21479 -0.21881 -0.21640 -0.17215 -0.21983 0.23302 -0.24515 0.15030 0.11000 -0.32586 -0.62420 -0.27780 -0.02506
0.24053 -0.07757 -0.19469 -0.23999 -0.23745 -0.13966 -0.21256 0.15308 -0.27053 0.16189 0.22170 -0.34323 -0.61684 -0.08001 -0.00347
0.24445 -0.13066 -0.20798 -0.24334 -0.21936 -0.16665 -0.20252 0.08010 -0.28469 0.15562 0.29801 -0.31225 -0.63544 0.11685 0.01247
0.23793 -0.14784 -0.21244 -0.24188 -0.18263 -0.18399 -0.21789 0.00941 -0.28013 0.14874 0.34132 -0.27791 -0.62590 0.27868 0.02976
0.23095 -0.15026 -0.20796 -0.24352 -0.15000 -0.19035 -0.22058 -0.04262 -0.25478 0.14869 0.36906 -0.25205 -0.62422 0.39647 0.01935
0.22997 -0.15245 -0.20845 -0.24516 -0.11558 -0.22038 -0.22255 -0.05862 -0.24044 0.14687 0.37398 -0.20764 -0.63614 0.45522 0.02075
0.23421 -0.13730 -0.20999 -0.23930 -0.11395 -0.21380 -0.22175 0.00335 -0.24562 0.15223 0.36129 -0.19553 -0.61735 0.35916 0.05204
0.26389 -0.12304 -0.22948 -0.25390 -0.14186 -0.19990 -0.24675 0.06480 -0.27191 0.17256 0.35178 -0.24260 -0.64279 0.24301 0.06776
0.26467 -0.05414 -0.21061 -0.22658 -0.11774 -0.21724 -0.23521 0.12446 -0.27356 0.18814 0.28033 -0.26179 -0.59616 0.10690 0.03154
0.25551 -0.02391 -0.20743 -0.21523 -0.13019 -0.19895 -0.23521 0.17975 -0.26486 0.19164 0.20181 -0.28433 -0.55097 -0.07528 0.01336
0.24324 0.02140 -0.24402 -0.22856 -0.17846 -0.17560 -0.22253 0.27992 -0.22666 0.22297 0.05225 -0.32276 -0.55657 -0.41863 -0.00040
0.24979 0.02037 -0.25713 -0.23111 -0.19896 -0.19907 -0.21587 0.30801 -0.20991 0.20834 0.01429 -0.28603 -0.61109 -0.50640 0.01247
0.23186 0.00097 -0.25066 -0.22999 -0.20165 -0.19595 -0.21227 0.27980 -0.20405 0.19566 0.05080 -0.29165 -0.59359 -0.42888 0.00661
0.23450 -0.03047 -0.23981 -0.23341 -0.20386 -0.19288 -0.21061 0.23462 -0.21579 0.16392 0.10946 -0.28892 -0.63110 -0.29365 0.01134
0.21992 -0.12027 -0.17362 -0.24826 -0.17588 -0.16095 -0.23581 0.16786 -0.27743 0.17664 0.27853 -0.28590 -0.52749 0.06294 0.03388
0.23816 -0.13923 -0.18951 -0.23952 -0.06132 -0.23037 -0.23001 0.04984 -0.25947 0.14618 0.25186 -0.22219 -0.61287 0.28386 0.02519
0.25345 -0.18252 -0.14822 -0.26892 -0.07418 -0.23285 -0.24036 -0.01280 -0.28223 0.17410 0.36467 -0.21399 -0.64207 0.48859 0.00831
0.21863 -0.21468 -0.12639 -0.26388 -0.05801 -0.23574 -0.23232 -0.05559 -0.28234 0.17001 0.39816 -0.18065 -0.62792 0.61068 -0.01463
0.27934 -0.21172 -0.08886 -0.25301 -0.02524 -0.23908 -0.29110 -0.09972 -0.25275 0.16228 0.38303 -0.13653 -0.59257 0.67121 -0.04212
0.27876 -0.21704 -0.07550 -0.25263 -0.01596 -0.24166 -0.28879 -0.13843 -0.22727 0.15734 0.38267 -0.12622 -0.59674 0.72535 -0.07540
0.24381 -0.23777 -0.01406 -0.25473 -0.01655 -0.23537 -0.28187 -0.21272 -0.20130 0.19001 0.34908 -0.14552 -0.53243 0.78755 -0.18311
0.18246 -0.26704 0.03249 -0.28581 -0.03861 -0.22805 -0.20509 -0.20351 -0.24416 0.22986 0.32386 -0.18250 -0.56542 0.76091 -0.22074
0.17953 -0.26416 0.03097 -0.28558 -0.06477 -0.21455 -0.22375 -0.22184 -0.22539 0.23434 0.26687 -0.20799 -0.53886 0.69346 -0.24982
0.15985 -0.25553 0.00727 -0.29453 -0.09608 -0.16605 -0.22227 -0.22348 -0.21673 0.24770 0.23283 -0.24519 -0.51134 0.61770 -0.25232
0.17405 -0.28039 0.01706 -0.22798 -0.07218 -0.25072 -0.21494 -0.22569 -0.22403 0.21172 0.14578 -0.19629 -0.54250 0.56791 -0.29390
0.16861 -0.28247 0.01664 -0.22806 -0.07281 -0.25004 -0.21166 -0.22151 -0.22604 0.21480 0.12359 -0.18746 -0.53790 0.54182 -0.28918
0.17027 -0.28328 0.02407 -0.22946 -0.07439 -0.24743 -0.21084 -0.21876 -0.23167 0.21374 0.13119 -0.18917 -0.53822 0.54401 -0.28502
0.17142 -0.28428 0.02689 -0.24433 -0.08686 -0.23158 -0.21041 -0.21752 -0.23501 0.20784 0.14944 -0.20326 -0.55981 0.54830 -0.28009
0.17208 -0.28427 0.02831 -0.24427 -0.08519 -0.23188 -0.20928 -0.21605 -0.23674 0.20315 0.15522 -0.20167 -0.56498 0.55305 -0.27703
0.17034 -0.27987 0.02895 -0.24045 -0.08212 -0.22833 -0.20652 -0.21134 -0.23705 0.20586 0.15712 -0.19825 -0.54939 0.54805 -0.26802
0.17153 -0.27973 0.02919 -0.24082 -0.07934 -0.22724 -0.20307 -0.20803 -0.24322 0.19967 0.16302 -0.19564 -0.56027 0.55112 -0.25723
0.16809 -0.27828 0.01915 -0.24106 -0.07759 -0.22572 -0.20027 -0.20534 -0.24648 0.19957 0.16319 -0.19632 -0.56473 0.54812 -0.25120
0.17727 -0.27823 0.01846 -0.25085 -0.07972 -0.22147 -0.19679 -0.20889 -0.26359 0.19188 0.16808 -0.20799 -0.60165 0.55296 -0.23703
0.21423 -0.22933 -0.01993 -0.24629 -0.07608 -0.21834 -0.16110 -0.19331 -0.28921 0.20238 0.17203 -0.20668 -0.64851 0.49475 -0.16303
0.26088 -0.18382 -0.06557 -0.24672 -0.06993 -0.22425 -0.09158 -0.21492 -0.31653 0.17893 0.17364 -0.20145 -0.79408 0.47708 -0.08738
0.30778 -0.11405 -0.07678 -0.24053 -0.06682 -0.21573 -0.12057 -0.27901 -0.28767 0.17154 0.16703 -0.19676 -0.79468 0.46780 -0.08723
0.30495 -0.11425 -0.08746 -0.23649 -0.06437 -0.21356 -0.08915 -0.37197 -0.21350 0.16796 0.15927 -0.19442 -0.82172 0.55058 -0.14956
0.29730 -0.15824 -0.08225 -0.23981 -0.06403 -0.21861 -0.08405 -0.32879 -0.19129 0.16569 0.15519 -0.19769 -0.83306 0.54724 -0.17930
0.29908 -0.16117 -0.07939 -0.24116 -0.06392 -0.22031 -0.10333 -0.32544 -0.16679 0.16479 0.15291 -0.19773 -0.82079 0.54468 -0.20556
0.30309 -0.16265 -0.06297 -0.24056 -0.06312 -0.22117 -0.13544 -0.30581 -0.16836 0.16410 0.15176 -0.19877 -0.79294 0.52647 -0.21949
0.30185 -0.16073 -0.06299 -0.24262 -0.06342 -0.22352 -0.16114 -0.28177 -0.17146 0.16287 0.15359 -0.19818 -0.77426 0.50176 -0.21697
0.29937 -0.15621 -0.06307 -0.24405 -0.06342 -0.22558 -0.17437 -0.23081 -0.20379 0.16389 0.15686 -0.19876 -0.76322 0.44870 -0.18727
0.29593 -0.14682 -0.06218 -0.24564 -0.06367 -0.22718 -0.16299 -0.17971 -0.23978 0.16420 0.16119 -0.19939 -0.77657 0.39180 -0.15415
0.35899 -0.07801 -0.03929 -0.24724 -0.06398 -0.22793 -0.20306 -0.16974 -0.31273 0.16703 0.16805 -0.20227 -0.80218 0.31941 -0.10775
0.34272 -0.07643 -0.04437 -0.23539 -0.06066 -0.21699 -0.18411 -0.14472 -0.30180 0.15277 0.16163 -0.19190 -0.78106 0.29136 -0.09079
0.33578 -0.07598 -0.04611 -0.24071 -0.06326 -0.21094 -0.17306 -0.15064 -0.30933 0.15515 0.16530 -0.19753 -0.79609 0.29605 -0.08474
0.33755 -0.07186 -0.04028 -0.24331 -0.06449 -0.20942 -0.15793 -0.18077 -0.31104 0.15698 0.16775 -0.19980 -0.81465 0.32366 -0.08909
0.34082 -0.06935 -0.03426 -0.24493 -0.06431 -0.21236 -0.14088 -0.23341 -0.30150 0.15711 0.16816 -0.20191 -0.84177 0.37421 -0.10961
0.32938 -0.06550 -0.00675 -0.23672 -0.06234 -0.20548 -0.12816 -0.33631 -0.26862 0.14814 0.16079 -0.19546 -0.82562 0.46876 -0.15592
0.28316 -0.18037 -0.03883 -0.25230 -0.06977 -0.21191 -0.09212 -0.28148 -0.22227 0.15923 0.17208 -0.21076 -0.85762 0.52533 -0.20760
0.27990 -0.17115 -0.03916 -0.25652 -0.07362 -0.21130 -0.19163 -0.21603 -0.22535 0.16087 0.17550 -0.21978 -0.75948 0.45171 -0.20825
0.27148 -0.15181 -0.04679 -0.25143 -0.07264 -0.20729 -0.19362 -0.14464 -0.25854 0.15494 0.17354 -0.21719 -0.73760 0.36209 -0.15800
0.33009 -0.11830 -0.06255 -0.24445 -0.07116 -0.20103 -0.25250 -0.07836 -0.28690 0.14996 0.17243 -0.21217 -0.71730 0.26422 -0.09971
0.30626 -0.14107 -0.05756 -0.24561 -0.07166 -0.20169 -0.22057 0.03687 -0.33403 0.14648 0.17593 -0.21424 -0.72617 0.17208 -0.05760
0.32165 -0.14400 -0.05620 -0.25797 -0.07524 -0.21153 -0.22922 0.14542 -0.39423 0.15919 0.19115 -0.22553 -0.75662 0.07943 -0.01997
0.30470 -0.13767 -0.05644 -0.24527 -0.06996 -0.20252 -0.19405 0.22645 -0.36964 0.14194 0.18296 -0.21251 -0.75377 -0.00696 -0.01912
0.28836 -0.12920 -0.08934 -0.24668 -0.07029 -0.20307 -0.16312 0.29834 -0.32087 0.14187 0.18805 -0.21287 -0.77359 -0.08015 -0.03423
0.27763 -0.11876 -0.11354 -0.24809 -0.07027 -0.20334 -0.14105 0.32922 -0.28659 0.13923 0.19156 -0.21199 -0.79881 -0.11350 -0.04333
0.26770 -0.10251 -0.13653 -0.24794 -0.06944 -0.20133 -0.13237 0.35841 -0.25431 0.13802 0.19315 -0.21044 -0.80127 -0.15319 -0.04755
0.26740 -0.09636 -0.14901 -0.24881 -0.06934 -0.19978 -0.12669 0.36510 -0.23236 0.13843 0.19492 -0.21120 -0.80639 -0.16244 -0.05356
0.26010 -0.09386 -0.15940 -0.25568 -0.07234 -0.19796 -0.12807 0.31948 -0.21804 0.13845 0.19231 -0.21481 -0.81728 -0.12396 -0.05982
0.22448 -0.17856 -0.12359 -0.26266 -0.08185 -0.19530 -0.08972 0.29113 -0.26417 0.13745 0.18207 -0.21969 -0.84128 -0.02972 -0.05325
0.19337 -0.27640 -0.02803 -0.24340 -0.08640 -0.17337 -0.06306 0.33303 -0.33445 0.11475 0.15969 -0.20659 -0.79581 0.00254 -0.04086
0.19654 -0.27673 -0.02837 -0.24600 -0.09413 -0.16626 -0.05909 0.32947 -0.33468 0.11106 0.16280 -0.21528 -0.80826 0.00380 -0.04133
0.19852 -0.27647 -0.02859 -0.24837 -0.09791 -0.16309 -0.05512 0.32679 -0.33324 0.10809 0.16550 -0.22170 -0.81879 0.00681 -0.04484
0.20522 -0.27237 -0.03081 -0.25084 -0.09948 -0.15986 -0.05162 0.33215 -0.32698 0.10025 0.16994 -0.22387 -0.84033 0.00088 -0.04737
0.21183 -0.26875 -0.03015 -0.25157 -0.10123 -0.15590 -0.05565 0.33016 -0.32672 0.09567 0.16982 -0.22727 -0.84851 -0.00233 -0.04740
0.21725 -0.26568 -0.03234 -0.25257 -0.10271 -0.15356 -0.06011 0.32828 -0.32527 0.09263 0.17091 -0.22839 -0.85410 -0.00372 -0.04530
0.21972 -0.26374 -0.03063 -0.25237 -0.10460 -0.15090 -0.06433 0.32661 -0.32850 0.09012 0.16984 -0.22974 -0.85366 -0.00669 -0.04222
0.22030 -0.26379 -0.03038 -0.25183 -0.10663 -0.14923 -0.07172 0.32283 -0.33236 0.08806 0.16720 -0.23086 -0.84828 -0.00721 -0.03779
0.21864 -0.26233 -0.03318 -0.25189 -0.10860 -0.14735 -0.07408 0.32262 -0.33220 0.08725 0.16828 -0.23182 -0.84673 -0.00748 -0.03677
0.21927 -0.26239 -0.03286 -0.25178 -0.10954 -0.14623 -0.07583 0.32192 -0.33480 0.08646 0.16853 -0.23363 -0.84571 -0.00719 -0.03458
0.21918 -0.26161 -0.03266 -0.25114 -0.10948 -0.14542 -0.07732 0.32117 -0.33531 0.08440 0.17000 -0.23168 -0.84360 -0.00554 -0.03095
0.21913 -0.26100 -0.03225 -0.25063 -0.10929 -0.14493 -0.07807 0.32049 -0.33733 0.08867 0.17043 -0.23297 -0.83623 -0.00480 -0.02960
0.21973 -0.26107 -0.03242 -0.25104 -0.10943 -0.14498 -0.08028 0.32323 -0.33926 0.08920 0.17007 -0.23287 -0.83462 -0.00790 -0.02698
0.21983 -0.26077 -0.03350 -0.25123 -0.10955 -0.14517 -0.08366 0.32346 -0.34142 0.09160 0.16864 -0.23476 -0.82907 -0.00994 -0.02538
0.21872 -0.25988 -0.03671 -0.25137 -0.10970 -0.14541 -0.08973 0.32219 -0.34293 0.09464 0.16746 -0.23718 -0.81890 -0.01079 -0.02287
0.21635 -0.26046 -0.04026 -0.25057 -0.10975 -0.14795 -0.10308 0.32118 -0.34730 0.10847 0.16898 -0.24390 -0.78808 -0.00781 -0.02381
0.20916 -0.26346 -0.05498 -0.22952 -0.11059 -0.18234 -0.15894 0.31236 -0.34784 0.16125 0.17848 -0.23591 -0.64124 0.01077 -0.03124
0.13134 -0.28137 -0.18895 -0.07927 -0.09523 -0.30707 -0.30750 0.26390 -0.25996 0.26861 0.16022 -0.13240 -0.14691 0.04296 -0.00554
-0.02400 -0.17116 -0.31467 -0.06465 -0.13205 -0.31597 -0.20626 0.19593 -0.17552 0.30792 0.16360 -0.15484 -0.05053 0.00414 0.00475
-0.02724 -0.16594 -0.32170 -0.04087 -0.15097 -0.33389 -0.20993 0.23165 -0.17800 0.30333 0.20250 -0.16189 -0.03296 0.00988 -0.00285
-0.02078 -0.15405 -0.32259 -0.03914 -0.15162 -0.34297 -0.18195 0.27316 -0.16618 0.32852 0.24939 -0.15061 -0.03426 0.01198 -0.00460
0.02801 -0.13628 -0.31016 -0.04799 -0.13830 -0.33994 -0.12744 0.26839 -0.13053 0.25717 0.29165 -0.12114 -0.21144 0.05550 -0.02253
0.05441 -0.14674 -0.32660 -0.06012 -0.13124 -0.36889 -0.12972 0.30251 -0.14505 0.21233 0.28254 -0.11318 -0.33501 0.03213 -0.01562
0.10474 -0.16471 -0.34513 -0.09389 -0.06474 -0.31415 -0.11330 0.30486 -0.14086 0.19321 0.28414 -0.10475 -0.39530 0.04093 -0.01954
0.13483 -0.15781 -0.32736 -0.11827 -0.05456 -0.31714 -0.11342 0.32236 -0.14949 0.19472 0.29840 -0.10871 -0.45391 0.04142 -0.02146
0.17936 -0.16268 -0.27765 -0.15845 -0.06678 -0.30298 -0.09758 0.33177 -0.17912 0.17762 0.29387 -0.13184 -0.57313 0.02954 -0.03165
0.18633 -0.16673 -0.26302 -0.17139 -0.07589 -0.29224 -0.08604 0.32703 -0.18928 0.16392 0.28435 -0.14372 -0.61866 0.02213 -0.03288
0.19462 -0.17921 -0.24668 -0.19319 -0.10448 -0.26688 -0.07485 0.32444 -0.20185 0.15272 0.28397 -0.16958 -0.67177 0.00965 -0.03483
0.19833 -0.18445 -0.23883 -0.20464 -0.12305 -0.24962 -0.06174 0.31874 -0.20978 0.13976 0.27918 -0.19046 -0.71464 -0.00196 -0.03643
0.20081 -0.19106 -0.22499 -0.21251 -0.14099 -0.23177 -0.04636 0.30947 -0.22250 0.11463 0.26122 -0.20352 -0.76539 -0.02033 -0.02981
0.20594 -0.22540 -0.16428 -0.21617 -0.19124 -0.15575 -0.02310 0.33652 -0.29156 0.06254 0.22914 -0.24869 -0.82801 -0.09383 0.01346
0.21241 -0.23514 -0.16429 -0.22186 -0.20327 -0.15046 0.00393 0.26283 -0.28298 0.05660 0.22580 -0.27351 -0.89215 -0.02577 -0.01441
0.20059 -0.29422 -0.05901 -0.19600 -0.30605 -0.04183 0.05262 0.21264 -0.37081 -0.02703 0.19514 -0.31914 -0.96634 -0.03822 0.03891
0.19880 -0.29431 -0.05756 -0.19248 -0.31395 -0.03070 0.07297 0.15920 -0.37786 -0.04034 0.17235 -0.33253 -1.00405 -0.01213 0.04430
0.19980 -0.29718 -0.05657 -0.18514 -0.32184 -0.01790 0.08919 0.10488 -0.38235 -0.05849 0.13840 -0.33952 -1.04022 0.00530 0.05525
0.20236 -0.29669 -0.05754 -0.18296 -0.31705 -0.01294 0.11355 -0.00520 -0.37882 -0.06599 0.04481 -0.32788 -1.07731 0.03000 0.07312
0.20542 -0.30076 -0.05593 -0.17898 -0.31162 -0.00293 0.12107 -0.05449 -0.37006 -0.06436 -0.00262 -0.32851 -1.08511 0.04361 0.07451
0.20518 -0.30236 -0.05071 -0.17891 -0.31278 -0.00245 0.13222 -0.10346 -0.36718 -0.05078 -0.04488 -0.31831 -1.08299 0.05275 0.07999
0.20564 -0.32271 -0.04217 -0.17720 -0.31837 0.00450 0.14668 -0.16589 -0.34257 0.00686 -0.12515 -0.34621 -1.04093 0.05363 0.03201
0.19857 -0.32203 -0.03239 -0.11479 -0.32792 0.06225 0.14740 -0.18493 -0.32371 -0.04023 -0.13919 -0.36436 -1.00935 0.05047 0.04788
0.18326 -0.31961 -0.03448 -0.10632 -0.32194 0.05660 0.16312 -0.22404 -0.29384 0.01295 -0.18312 -0.32307 -0.92829 0.04353 0.05277
0.17810 -0.32298 -0.03698 -0.09890 -0.32970 0.05094 0.16540 -0.23709 -0.28832 0.03348 -0.19695 -0.31196 -0.89680 0.03833 0.05554
0.16911 -0.32013 -0.04188 -0.08600 -0.32999 0.03433 0.16193 -0.26839 -0.26344 0.11202 -0.27368 -0.37682 -0.78328 -0.00970 -0.04379
0.16616 -0.32026 -0.04392 -0.08219 -0.32975 0.03024 0.16468 -0.27784 -0.25994 0.11293 -0.27618 -0.37468 -0.77624 -0.00215 -0.04581
0.16221 -0.31692 -0.04550 -0.07875 -0.32642 0.02739 0.19093 -0.32295 -0.26651 0.11401 -0.27153 -0.36370 -0.78748 0.04791 -0.02890
0.16123 -0.31770 -0.04609 -0.07694 -0.32752 0.02505 0.19397 -0.33117 -0.26084 0.12375 -0.26948 -0.35997 -0.77815 0.05839 -0.03159
0.15994 -0.31804 -0.04667 -0.07556 -0.32704 0.02427 0.19109 -0.33228 -0.26063 0.13266 -0.26876 -0.35682 -0.76310 0.06116 -0.02865
0.15923 -0.31711 -0.02780 -0.07484 -0.32180 0.02572 0.19314 -0.32855 -0.26131 0.13290 -0.26850 -0.35382 -0.76721 0.07252 -0.02314
0.15866 -0.31802 -0.03241 -0.07522 -0.32272 0.02485 0.19493 -0.32827 -0.26412 0.13445 -0.26791 -0.35312 -0.76685 0.07129 -0.01888
0.15795 -0.31801 -0.03524 -0.07541 -0.32261 0.02402 0.19579 -0.33199 -0.26099 0.13861 -0.26751 -0.35091 -0.76188 0.07465 -0.01984
0.15619 -0.31850 -0.03207 -0.07617 -0.31937 0.02630 0.19825 -0.33277 -0.25800 0.13938 -0.26678 -0.34966 -0.76514 0.08195 -0.01954
0.15483 -0.31906 -0.02939 -0.07679 -0.31894 0.02690 0.19807 -0.33282 -0.25408 0.14111 -0.26776 -0.34849 -0.76340 0.08238 -0.02309
0.15413 -0.31926 -0.02808 -0.07725 -0.31915 0.02707 0.19826 -0.33314 -0.25091 0.14232 -0.26780 -0.34875 -0.76181 0.08314 -0.02774
0.15355 -0.31952 -0.02765 -0.07744 -0.31915 0.02673 0.20253 -0.33359 -0.24926 0.14404 -0.26931 -0.34925 -0.76436 0.08287 -0.03057
0.15433 -0.32002 -0.03538 -0.07730 -0.32101 0.02404 0.20166 -0.33851 -0.24957 0.14512 -0.27028 -0.34844 -0.76040 0.08090 -0.03203
0.15335 -0.31979 -0.03149 -0.07747 -0.31993 0.02492 0.20204 -0.33525 -0.24691 0.14613 -0.27030 -0.34800 -0.76041 0.08236 -0.03388
0.15288 -0.31988 -0.02961 -0.07774 -0.31923 0.02529 0.20217 -0.33279 -0.24695 0.14596 -0.27013 -0.34645 -0.76102 0.08228 -0.03311
0.15214 -0.31983 -0.03140 -0.07755 -0.32117 0.02255 0.20300 -0.33135 -0.24372 0.14704 -0.27111 -0.34641 -0.75923 0.07869 -0.03704
0.15193 -0.31958 -0.02990 -0.07764 -0.32160 0.02150 0.20416 -0.33174 -0.24263 0.14788 -0.27045 -0.34448 -0.75924 0.08063 -0.03701
0.15190 -0.31948 -0.02913 -0.07746 -0.32158 0.02138 0.20450 -0.33192 -0.24221 0.14965 -0.27118 -0.34485 -0.75768 0.08067 -0.03860
0.15159 -0.31985 -0.02810 -0.07702 -0.32371 0.01912 0.20510 -0.33108 -0.24438 0.15152 -0.26894 -0.34205 -0.75637 0.08081 -0.03583
0.15127 -0.32002 -0.02813 -0.07707 -0.32426 0.01883 0.20526 -0.33088 -0.24547 0.15017 -0.26732 -0.34002 -0.75792 0.08272 -0.03280
0.15116 -0.32019 -0.03037 -0.07686 -0.32578 0.01754 0.20573 -0.33188 -0.24370 0.15005 -0.26770 -0.33898 -0.75771 0.08174 -0.03345
]
