classifier_Car_bumps_into_fence_16586 [ 0.645 -0.74446 1.70569 -0.04743 -0.67749 1.62226 0.10366 0.10601 0.12260 0.06704
0.61714 -0.74523 1.74213 -0.04675 -0.67799 1.62193 0.14285 0.10420 0.12244 0.06595
0.62179 -0.74734 1.74055 -0.04679 -0.67803 1.62267 0.13217 0.10387 0.12429 0.06613
0.6166 -0.74703 1.74522 -0.04624 -0.67807 1.62283 0.14421 0.10771 0.12108 0.06573
0.61494 -0.74665 1.74651 -0.04631 -0.67897 1.62247 0.14810 0.10554 0.11989 0.06681
0.65103 -0.74276 1.70613 -0.04742 -0.67809 1.62232 0.09640 0.10429 0.08534 0.06685
0.62754 -0.74614 1.7409 -0.04715 -0.67828 1.62147 0.12911 0.10537 0.12156 0.06697
0.64946 -0.74237 1.70494 -0.0477 -0.6762 1.6201 0.11541 0.10452 0.08873 0.06810
0.65812 -0.73534 1.70936 -0.04776 -0.67373 1.61748 0.10392 0.10781 0.09983 0.06618
0.64049 -0.73228 1.74014 -0.04995 -0.66362 1.61369 0.13195 0.10449 0.14088 0.06914
0.67597 -0.76217 1.76493 -0.05273 -0.65122 1.61319 0.12638 0.09565 0.15436 0.07211
0.69808 -0.69621 1.66699 -0.04516 -0.61247 1.60122 0.12664 0.06878 0.12855 0.06268
0.69705 -0.65391 1.65431 -0.05244 -0.63285 1.61937 0.13883 0.09391 0.10834 0.09725
0.64216 -0.54031 1.65394 -0.05835 -0.59201 1.62275 0.10571 0.09073 0.10779 0.10041
0.59249 -0.49682 1.68462 -0.07142 -0.51351 1.60378 0.13098 0.07979 0.08709 0.07160
0.53736 -0.42662 1.62813 -0.11609 -0.43951 1.58664 0.10380 0.08482 0.06613 0.05933
0.48772 -0.37246 1.58675 -0.1218 -0.38866 1.58524 0.08471 0.08917 0.07075 0.05231
0.47905 -0.36443 1.6933 -0.13523 -0.36498 1.68524 0.09500 0.10660 0.08442 0.05921
0.40642 -0.3282 1.64488 -0.12244 -0.31976 1.66271 0.13216 0.09571 0.09578 0.05845
0.42323 -0.3488 1.8854 -0.12844 -0.3255 1.90707 0.13036 0.10857 0.09863 0.10890
0.37107 -0.32871 1.91547 -0.11923 -0.29611 1.9426 0.14599 0.12185 0.16934 0.08307
0.20157 -0.25506 1.71336 -0.10189 -0.23222 1.73878 0.09810 0.10800 0.12210 0.07031
0.18995 -0.20486 1.60205 -0.06981 -0.19114 1.61096 0.12518 0.07723 0.11285 0.05943
0.18531 -0.181 1.59318 -0.04023 -0.16684 1.59472 0.12712 0.09564 0.10543 0.07496
0.12512 -0.14422 1.59974 -0.04172 -0.15978 1.58934 0.10651 0.09504 0.09614 0.07253
0.02138 -0.15116 1.52857 -0.10593 -0.15079 1.50593 0.12010 0.05836 0.04997 0.08754
0.0084 -0.14673 1.54235 -0.11278 -0.14685 1.51888 0.10888 0.06262 0.10659 0.08929
0.20288 -0.14341 1.61015 -0.1044 -0.12569 1.60729 0.05497 0.12864 0.04964 0.10229
0.31735 -0.1575 1.78068 -0.13085 -0.13421 1.77757 0.11575 0.13337 0.11167 0.11626
0.36689 -0.15073 1.7699 -0.17123 -0.1216 1.76549 0.11896 0.13236 0.16846 0.12330
0.39507 -0.14973 1.77873 -0.18002 -0.11844 1.77227 0.11897 0.11968 0.10110 0.11656
0.41358 -0.14857 1.773 -0.20967 -0.11189 1.76411 0.11639 0.12721 0.08509 0.12128
0.43526 -0.14925 1.76077 -0.2288 -0.10795 1.7482 0.11938 0.12635 0.10423 0.11567
0.45241 -0.15371 1.7562 -0.26662 -0.1098 1.74654 0.12282 0.12780 0.06949 0.10587
0.46779 -0.15959 1.7558 -0.29 -0.10954 1.74736 0.12265 0.12633 0.11186 0.11399
0.45653 -0.17692 1.67116 -0.3282 -0.09988 1.69087 0.12056 0.16372 0.10869 0.09418
0.41212 -0.17828 1.53068 -0.30738 -0.06908 1.54875 0.10880 0.12906 0.08963 0.07514
0.40214 -0.19626 1.52958 -0.29969 -0.06369 1.52719 0.10106 0.11572 0.08893 0.07243
0.39435 -0.21744 1.52464 -0.2725 -0.07823 1.47842 0.11035 0.11319 0.08602 0.06883
0.43393 -0.25178 1.69013 -0.2866 -0.10695 1.60639 0.12545 0.12469 0.09799 0.08032
0.4265 -0.2581 1.65726 -0.26834 -0.149 1.53273 0.11077 0.11825 0.09013 0.07035
0.43423 -0.27131 1.68896 -0.26652 -0.20867 1.52403 0.11475 0.13789 0.08918 0.07536
0.43198 -0.27411 1.68401 -0.26413 -0.26694 1.48894 0.11275 0.14105 0.09497 0.08272
0.46787 -0.30669 1.80891 -0.2809 -0.3346 1.57605 0.12590 0.15615 0.09872 0.08677
0.46962 -0.30539 1.80717 -0.28015 -0.35262 1.57071 0.13127 0.12337 0.09981 0.09236
0.47604 -0.31011 1.81961 -0.28417 -0.35566 1.596 0.12318 0.13197 0.10888 0.09380
0.47884 -0.3115 1.79671 -0.29205 -0.33174 1.60387 0.11360 0.13355 0.09465 0.08614
0.48554 -0.31645 1.80854 -0.3029 -0.32102 1.62893 0.11220 0.13569 0.09474 0.08879
0.44901 -0.31296 1.67006 -0.29261 -0.27991 1.54189 0.09509 0.12567 0.08723 0.08310
0.41676 -0.29762 1.55719 -0.27575 -0.25955 1.45634 0.07520 0.12310 0.06192 0.08126
0.44409 -0.30805 1.63695 -0.29205 -0.27431 1.54271 0.07825 0.12687 0.05740 0.08533
0.46322 -0.26665 1.7574 -0.31092 -0.30572 1.65949 0.08793 0.13140 0.06254 0.09096
0.44519 -0.21322 1.75449 -0.30617 -0.31696 1.659 0.08610 0.14047 0.05469 0.09500
0.39367 -0.0925 1.62473 -0.27773 -0.2994 1.54107 0.06955 0.12396 0.04747 0.08990
0.40152 -0.05757 1.63368 -0.2744 -0.29481 1.54958 0.06789 0.13056 0.05114 0.08536
0.41456 -0.04388 1.63606 -0.27195 -0.28393 1.5535 0.06453 0.13309 0.05188 0.08819
0.44079 -0.1026 1.60813 -0.26967 -0.25163 1.56217 0.05962 0.13909 0.05607 0.08722
0.42446 -0.16588 1.50418 -0.25641 -0.2209 1.49096 0.06114 0.13511 0.06602 0.08011
0.42722 -0.25312 1.49873 -0.25953 -0.20662 1.5079 0.06620 0.12996 0.07386 0.08037
0.44349 -0.35031 1.57424 -0.27179 -0.2031 1.58818 0.06655 0.14165 0.06034 0.08069
0.42412 -0.40201 1.58346 -0.27221 -0.19565 1.58951 0.06508 0.13789 0.06452 0.07778
0.40925 -0.39267 1.608 -0.27321 -0.19507 1.58837 0.06450 0.13773 0.07351 0.08032
0.40332 -0.18212 1.60604 -0.26528 -0.23763 1.54521 0.05939 0.14669 0.05305 0.07746
0.43505 -0.06899 1.67223 -0.26088 -0.26597 1.55865 0.05643 0.14376 0.05792 0.08293
0.44786 -0.06292 1.67456 -0.25528 -0.26343 1.54761 0.05802 0.13499 0.06433 0.08353
0.50145 -0.15541 1.75575 -0.26434 -0.26603 1.66927 0.06628 0.15384 0.05360 0.08522
0.44274 -0.34662 1.61029 -0.25545 -0.2136 1.57233 0.06409 0.14679 0.06238 0.07946
0.43913 -0.31722 1.61564 -0.26092 -0.21345 1.56894 0.04773 0.13906 0.05110 0.09199
0.44479 -0.27494 1.62322 -0.26618 -0.21811 1.56913 0.05361 0.13777 0.04987 0.08091
0.45637 -0.23786 1.62807 -0.26985 -0.22475 1.56635 0.05792 0.13951 0.04638 0.08721
0.47003 -0.20921 1.63415 -0.27242 -0.2325 1.56705 0.05705 0.13943 0.04714 0.08590
0.47906 -0.19213 1.6404 -0.27397 -0.24037 1.56633 0.05501 0.13828 0.05198 0.08182
0.48495 -0.1935 1.64395 -0.27392 -0.24436 1.56949 0.05406 0.13823 0.06133 0.08470
0.4636 -0.21254 1.55792 -0.25429 -0.22623 1.48492 0.05677 0.13725 0.05266 0.08353
0.46259 -0.21522 1.55588 -0.25307 -0.22451 1.48367 0.05606 0.12708 0.05455 0.07808
0.46194 -0.21738 1.55942 -0.25233 -0.22467 1.48266 0.05461 0.12978 0.05535 0.08071
0.48205 -0.22813 1.62966 -0.27733 -0.22856 1.49357 0.05360 0.09010 0.05523 0.10674
0.48611 -0.22646 1.65174 -0.26721 -0.23822 1.56579 0.05327 0.13483 0.05946 0.08638
0.48579 -0.2223 1.65182 -0.26823 -0.23471 1.56588 0.04986 0.13379 0.05977 0.08383
0.48349 -0.21357 1.65227 -0.26809 -0.23152 1.56666 0.05413 0.13652 0.05746 0.08308
0.48088 -0.20757 1.65604 -0.26784 -0.23156 1.56877 0.05750 0.14436 0.05795 0.08250
0.47938 -0.19728 1.66029 -0.26723 -0.22765 1.56735 0.06452 0.14344 0.06181 0.08181
0.47517 -0.18651 1.65794 -0.26679 -0.2282 1.56808 0.06764 0.14178 0.05888 0.08187
0.47148 -0.16924 1.65487 -0.2644 -0.2241 1.56698 0.07359 0.14165 0.09040 0.08332
0.46838 -0.16175 1.65168 -0.26413 -0.22219 1.56722 0.07799 0.13874 0.09732 0.08362
0.46181 -0.15425 1.64884 -0.26321 -0.21784 1.574 0.08883 0.13895 0.10625 0.08505
0.45632 -0.15261 1.64475 -0.26375 -0.21466 1.5732 0.09688 0.14160 0.10789 0.08427
0.45009 -0.15248 1.642 -0.26419 -0.21041 1.5741 0.10406 0.13650 0.10616 0.08130
0.44193 -0.15416 1.63624 -0.26354 -0.20813 1.57124 0.10787 0.13806 0.09976 0.08235
0.4263 -0.16182 1.62813 -0.26256 -0.2049 1.57382 0.11508 0.13934 0.09717 0.08522
0.4166 -0.16627 1.62503 -0.26151 -0.20192 1.56936 0.12117 0.13667 0.11626 0.08277
0.39996 -0.16907 1.61268 -0.25917 -0.19914 1.56557 0.12122 0.13577 0.10406 0.08318
0.41154 -0.18764 1.76017 -0.28067 -0.21784 1.71596 0.14436 0.14985 0.11018 0.09540
0.38328 -0.18697 1.75694 -0.27732 -0.21712 1.72552 0.15090 0.14565 0.11500 0.10059
0.3531 -0.18425 1.76949 -0.27582 -0.2193 1.74329 0.15079 0.14670 0.12077 0.09320
0.31808 -0.1794 1.7498 -0.26724 -0.21414 1.73562 0.15013 0.14355 0.11042 0.09835
0.26669 -0.16968 1.71127 -0.25909 -0.21008 1.70099 0.14995 0.14049 0.10132 0.09315
0.17595 -0.14297 1.54144 -0.23101 -0.19039 1.55721 0.13570 0.13126 0.10522 0.08280
0.15825 -0.13784 1.52787 -0.23036 -0.18854 1.55171 0.13210 0.12853 0.09701 0.08509
0.14196 -0.13431 1.51764 -0.23201 -0.18658 1.54918 0.12930 0.12707 0.08871 0.07822
0.1226 -0.13068 1.51008 -0.23403 -0.18372 1.54813 0.12578 0.12961 0.05787 0.08569
0.1067 -0.12996 1.50741 -0.23603 -0.18319 1.55016 0.12654 0.13156 0.08720 0.08130
0.06338 -0.12489 1.50941 -0.2377 -0.18148 1.54755 0.13413 0.12266 0.09358 0.08734
0.02644 -0.1435 1.50744 -0.22758 -0.18088 1.55139 0.14052 0.13045 0.09291 0.10864
-0.00813 -0.16546 1.51729 -0.18508 -0.17503 1.54509 0.07784 0.10621 0.09795 0.08529
-0.02006 -0.1584 1.52226 -0.19425 -0.17352 1.54758 0.08151 0.12835 0.11288 0.08522
0.02668 -0.12602 1.50948 -0.22227 -0.16694 1.56466 0.11620 0.12352 0.07316 0.11054
0.03723 -0.0994 1.49763 -0.23671 -0.16497 1.55705 0.12439 0.12889 0.08879 0.13706
0.07205 -0.08195 1.51316 -0.25542 -0.16774 1.57979 0.13998 0.12445 0.09142 0.09292
0.12717 -0.07617 1.52488 -0.26947 -0.16675 1.59337 0.14077 0.12638 0.09477 0.08661
0.17804 -0.07694 1.53981 -0.28055 -0.16523 1.6066 0.13476 0.13046 0.09782 0.09682
0.25591 -0.10482 1.68954 -0.31332 -0.17597 1.75505 0.14841 0.14614 0.10247 0.08902
0.31508 -0.14955 1.61913 -0.30099 -0.16206 1.66164 0.13625 0.13862 0.10091 0.08014
0.34095 -0.19974 1.64398 -0.29616 -0.16298 1.66048 0.12687 0.14170 0.09845 0.08220
0.37685 -0.27284 1.75581 -0.32202 -0.15529 1.65572 0.13487 0.06898 0.11595 0.05237
0.3637 -0.27308 1.6996 -0.3058 -0.15384 1.59678 0.13121 0.07162 0.10343 0.04313
0.37301 -0.28557 1.74643 -0.28743 -0.17744 1.72738 0.13226 0.15772 0.10790 0.08838
0.37569 -0.2983 1.74417 -0.27967 -0.18601 1.71969 0.12051 0.15058 0.10882 0.09071
0.384 -0.31583 1.73766 -0.27703 -0.18869 1.71637 0.12011 0.15818 0.11398 0.09036
0.39497 -0.33613 1.71798 -0.27329 -0.19232 1.7067 0.11287 0.15824 0.06306 0.08830
0.40402 -0.34826 1.711 -0.27556 -0.19371 1.698 0.10815 0.15547 0.11910 0.08221
0.39263 -0.34087 1.5964 -0.26011 -0.18321 1.59421 0.08545 0.14699 0.09900 0.08405
0.42211 -0.36344 1.62057 -0.26735 -0.18834 1.62677 0.07023 0.14627 0.10051 0.08294
0.41965 -0.35549 1.48666 -0.24719 -0.176 1.49843 0.06591 0.14063 0.07262 0.06973
0.46101 -0.38496 1.49885 -0.25067 -0.17989 1.51655 0.05809 0.14466 0.04029 0.08050
0.50756 -0.41639 1.5103 -0.25264 -0.18419 1.52192 0.07218 0.14511 0.04726 0.08037
0.53288 -0.43417 1.49405 -0.24613 -0.18107 1.46212 0.08541 0.13314 0.05439 0.07729
0.56985 -0.46073 1.50001 -0.24503 -0.18434 1.45863 0.09249 0.13395 0.05125 0.08460
0.62354 -0.51487 1.54935 -0.24311 -0.1935 1.46982 0.10533 0.13743 0.05918 0.07471
0.62592 -0.53303 1.56681 -0.23992 -0.199 1.46663 0.10475 0.13892 0.07678 0.07656
0.62548 -0.57649 1.6681 -0.24275 -0.20863 1.50446 0.11136 0.15389 0.09327 0.07930
0.68612 -0.60291 1.60233 -0.23991 -0.21252 1.50293 0.07649 0.13962 0.08649 0.07527
0.61075 -0.64088 1.71082 -0.23083 -0.22723 1.50731 0.14085 0.14938 0.14652 0.07589
0.67178 -0.70829 1.67904 -0.21864 -0.25741 1.50901 0.13560 0.14971 0.14624 0.08368
0.65038 -0.7331 1.7367 -0.21854 -0.28445 1.53813 0.11327 0.14915 0.12889 0.07685
0.68976 -0.78131 1.84926 -0.22396 -0.32352 1.64576 0.11254 0.17728 0.13513 0.08340
0.69058 -0.791 1.8753 -0.206 -0.39181 1.66465 0.13451 0.16564 0.08874 0.09457
0.68294 -0.7841 1.85794 -0.19146 -0.41635 1.63591 0.13106 0.15395 0.08421 0.08630
0.67853 -0.78175 1.85028 -0.17443 -0.44377 1.62526 0.12909 0.15190 0.13682 0.06965
0.66931 -0.7902 1.859 -0.16393 -0.49351 1.6303 0.10839 0.13058 0.13071 0.07102
0.61884 -0.7381 1.7434 -0.14633 -0.51585 1.49349 0.10691 0.09926 0.11750 0.04822
0.62327 -0.74364 1.73634 -0.12594 -0.55403 1.51011 0.13225 0.09821 0.11619 0.04803
0.61054 -0.72629 1.68806 -0.10338 -0.59047 1.47178 0.12246 0.07468 0.11686 0.05966
0.6241 -0.73799 1.71527 -0.08267 -0.65854 1.55846 0.12424 0.11899 0.11447 0.08350
0.62856 -0.7424 1.71838 -0.07158 -0.66976 1.58357 0.12228 0.12039 0.11451 0.10624
0.62641 -0.74069 1.71771 -0.05502 -0.66212 1.59104 0.12229 0.12204 0.11298 0.06540
0.62749 -0.74232 1.72352 -0.25447 -0.7574 1.71205 0.12616 0.12364 0.11333 0.06158
0.62739 -0.74446 1.72356 -0.25398 -0.75721 1.71143 0.12305 0.13727 0.11636 0.07123
0.62578 -0.74363 1.72175 -0.25427 -0.75665 1.71258 0.12138 0.12165 0.11787 0.08012
0.62524 -0.74201 1.72099 -0.30853 -0.83929 1.74973 0.11859 0.13199 0.11265 0.06159
0.62268 -0.74267 1.71863 -0.30875 -0.84169 1.74754 0.12488 0.15717 0.11244 0.05972
0.62166 -0.74043 1.72284 -0.30792 -0.84104 1.74639 0.12613 0.13855 0.11545 0.06535
0.62403 -0.74178 1.72349 -0.3068 -0.83782 1.74652 0.12548 0.12958 0.11675 0.06067
0.6265 -0.74312 1.7181 -0.30915 -0.84278 1.74871 0.12181 0.14399 0.11596 0.05553
0.63085 -0.74393 1.71887 -0.30636 -0.83348 1.74491 0.12014 0.08824 0.11876 0.05768
0.628 -0.74291 1.71903 -0.30411 -0.833 1.74442 0.12238 0.08561 0.11566 0.05984
0.62868 -0.74296 1.71824 -0.30552 -0.83268 1.74311 0.12177 0.15372 0.11720 0.05826
0.62591 -0.74052 1.72209 -0.30611 -0.83712 1.74648 0.12760 0.12815 0.11442 0.05736
0.62754 -0.74129 1.72302 -0.30606 -0.8352 1.74617 0.11943 0.14196 0.11575 0.05816
0.62746 -0.7412 1.72146 -0.30752 -0.83741 1.74653 0.12425 0.15024 0.11514 0.05640
0.62537 -0.74176 1.7248 -0.30612 -0.83313 1.74592 0.12521 0.07205 0.11478 0.06069
0.62714 -0.74255 1.72091 -0.30839 -0.83376 1.74726 0.12444 0.08525 0.11723 0.05568
0.62585 -0.74342 1.72201 -0.30705 -0.83582 1.74692 0.12392 0.08471 0.11803 0.05934
0.62482 -0.74065 1.72431 -0.30775 -0.83484 1.74731 0.12403 0.07871 0.11497 0.05361
0.62558 -0.74344 1.72152 -0.30749 -0.83584 1.74773 0.12267 0.14515 0.11457 0.05337
0.62667 -0.74211 1.72071 -0.30724 -0.83365 1.7459 0.12631 0.08526 0.11603 0.05484
0.62418 -0.74002 1.72127 -0.30927 -0.84082 1.74682 0.12108 0.13763 0.11386 0.04993
0.6281 -0.74075 1.72224 -0.30831 -0.83655 1.74903 0.12178 0.13193 0.11609 0.05398
0.63157 -0.74246 1.7168 -0.30999 -0.83656 1.75084 0.12664 0.13547 0.11819 0.05005
0.62793 -0.74228 1.72209 -0.30871 -0.83894 1.74845 0.11807 0.11398 0.11784 0.05245
]
