classifier_Man_jumps_on_house_2133 [ 0.60345 -0.68494 1.9158 -0.12617 -0.53971 1.72921 0.14870 0.09962 0.11374 0.07581
0.61636 -0.69649 1.94674 -0.17271 -0.50916 1.81388 0.14268 0.12985 0.11557 0.11989
0.58451 -0.65926 1.85025 -0.12051 -0.51337 1.67388 0.13136 0.09845 0.10527 0.13632
0.58368 -0.65624 1.8572 -0.14013 -0.50227 1.66189 0.12917 0.06548 0.07144 0.06962
0.59649 -0.65154 1.90307 -0.14781 -0.50523 1.72087 0.13643 0.10948 0.12642 0.05882
0.49849 -0.44797 1.63115 -0.15343 -0.31058 1.56349 0.13169 0.05478 0.10887 0.07582
0.4556 -0.36436 1.62827 -0.17475 -0.23626 1.58735 0.12624 0.09261 0.06485 0.05017
0.36519 -0.18343 1.68948 -0.18484 -0.07722 1.70685 0.09587 0.10540 0.05349 0.06201
0.30708 -0.1002 1.62247 -0.17734 -0.00369 1.63256 0.09478 0.09909 0.06311 0.06895
0.2855 -0.03878 1.69401 -0.17613 0.05545 1.70122 0.11623 0.09822 0.06415 0.06851
0.26841 0.01284 1.7527 -0.1789 0.10177 1.75785 0.13466 0.10602 0.07901 0.07213
0.23733 0.05888 1.72842 -0.1649 0.13379 1.73843 0.14382 0.10748 0.08340 0.08094
0.21711 0.09174 1.73843 -0.15885 0.1528 1.75418 0.14482 0.10986 0.08477 0.08820
0.20026 0.10931 1.71969 -0.15013 0.16211 1.73402 0.14773 0.11337 0.09127 0.08583
0.19749 0.1155 1.72883 -0.1447 0.1701 1.74269 0.14989 0.11221 0.09726 0.09112
0.19545 0.12782 1.78164 -0.14866 0.17701 1.79387 0.15572 0.12033 0.09265 0.08730
0.19449 0.13049 1.77891 -0.14937 0.17503 1.79185 0.15829 0.12560 0.09680 0.09346
0.19549 0.13236 1.78258 -0.1452 0.17402 1.79462 0.16409 0.12526 0.11218 0.09211
0.19045 0.12774 1.73178 -0.13827 0.16629 1.74023 0.16136 0.13395 0.09941 0.08982
0.19798 0.13465 1.79546 -0.14946 0.16846 1.80239 0.14973 0.14386 0.10432 0.09258
0.2444 0.05849 1.79092 -0.20365 0.10489 1.80048 0.12578 0.12152 0.09396 0.08825
0.25551 0.03075 1.78548 -0.22238 0.07559 1.79935 0.12737 0.12567 0.10023 0.08840
0.25451 -0.01881 1.72952 -0.22919 -0.00305 1.74227 0.12526 0.10894 0.09631 0.08062
0.24952 -0.07421 1.69912 -0.23094 -0.03325 1.70424 0.12394 0.11907 0.09372 0.07822
0.22835 -0.12734 1.59431 -0.21333 -0.06674 1.59609 0.11937 0.11039 0.07410 0.09389
0.25847 -0.10672 1.56408 -0.21645 -0.0872 1.60033 0.04682 0.10985 0.05299 0.08759
0.201 -0.24613 1.75512 -0.24746 0.05973 1.71957 0.04272 0.08605 0.09219 0.10010
0.16855 -0.36003 1.81806 -0.22806 0.13925 1.66697 0.07067 0.08258 0.11392 0.09038
0.15541 -0.4165 1.85625 -0.21077 0.14832 1.66995 0.09243 0.08690 0.09367 0.09436
0.13962 -0.40057 1.79178 -0.20537 0.15234 1.60222 0.07380 0.09527 0.08060 0.09764
0.13673 -0.40826 1.80164 -0.20432 0.15646 1.5935 0.06827 0.10399 0.09503 0.10984
0.13264 -0.41363 1.80858 -0.17752 0.15009 1.57428 0.07024 0.08837 0.09316 0.10869
0.13611 -0.43468 1.88153 -0.19135 0.1542 1.62891 0.07377 0.09643 0.08795 0.10618
0.12961 -0.42047 1.80731 -0.1721 0.13624 1.56122 0.06894 0.08404 0.08408 0.09529
0.13785 -0.45073 1.90393 -0.18553 0.13859 1.65212 0.07112 0.09601 0.09320 0.11475
0.13405 -0.42817 1.82771 -0.17103 0.12318 1.59221 0.07072 0.09173 0.08749 0.11483
0.13597 -0.42863 1.87219 -0.18083 0.128 1.63431 0.07146 0.09367 0.08366 0.10778
0.13555 -0.42122 1.86076 -0.17986 0.1255 1.62744 0.07523 0.09203 0.08188 0.10455
0.13108 -0.40312 1.78502 -0.1697 0.11713 1.5656 0.07843 0.08556 0.08219 0.10958
0.13802 -0.41866 1.86 -0.18076 0.12275 1.63539 0.08646 0.09059 0.08930 0.10099
0.13576 -0.41068 1.84236 -0.1817 0.12427 1.62739 0.08921 0.09175 0.08945 0.10273
0.12979 -0.39986 1.83077 -0.18053 0.12316 1.62581 0.09451 0.08958 0.09094 0.10552
0.12453 -0.31929 1.74137 -0.17648 0.11822 1.58481 0.09331 0.08524 0.10395 0.10856
0.14377 -0.29347 1.85442 -0.18892 0.12561 1.71396 0.08135 0.09212 0.11011 0.11138
0.12794 -0.19476 1.69739 -0.17747 0.11659 1.59948 0.07392 0.09087 0.11161 0.10174
0.12143 -0.11408 1.68454 -0.17679 0.11308 1.60496 0.08041 0.08408 0.06594 0.11184
0.117 -0.05504 1.58433 -0.16586 0.10832 1.50479 0.08391 0.08235 0.08261 0.09506
0.11274 0.02937 1.74834 -0.18985 0.1226 1.6623 0.08439 0.08708 0.07987 0.10098
0.09772 0.08297 1.60517 -0.16781 0.11161 1.52198 0.08027 0.08392 0.05855 0.09929
0.09332 0.15056 1.71725 -0.18482 0.12161 1.61632 0.07881 0.08597 0.07229 0.10229
0.09141 0.18356 1.70926 -0.17384 0.11913 1.59507 0.09176 0.09254 0.07842 0.10948
0.09001 0.25359 1.86651 -0.19283 0.13243 1.70636 0.10387 0.09531 0.11094 0.10554
0.08353 0.24943 1.77545 -0.17358 0.12059 1.61503 0.09037 0.08472 0.09808 0.10768
0.08235 0.24903 1.86279 -0.19651 0.12981 1.69604 0.08686 0.09224 0.07830 0.10868
0.07465 0.22478 1.76067 -0.18283 0.1185 1.61001 0.09309 0.08575 0.12851 0.11034
0.08924 0.18382 1.88535 -0.20688 0.12907 1.74394 0.11076 0.09119 0.10626 0.10172
0.08364 0.12336 1.74238 -0.18641 0.11588 1.61811 0.13137 0.08607 0.09046 0.10143
0.08658 0.06571 1.76343 -0.18682 0.11274 1.62842 0.09404 0.08349 0.12089 0.10993
0.08007 0.02478 1.85965 -0.20861 0.12257 1.69039 0.09096 0.08978 0.11923 0.09475
0.0749 -0.03148 1.86939 -0.19331 0.11311 1.66482 0.09650 0.08691 0.09657 0.11361
0.0749 -0.06682 1.97014 -0.21789 0.12531 1.71175 0.10598 0.09729 0.08767 0.10070
0.01702 -0.07613 1.86185 -0.19414 0.1117 1.58787 0.07323 0.08724 0.08921 0.10140
0.06262 -0.0628 1.90131 -0.19821 0.11414 1.60552 0.09346 0.08954 0.07688 0.10456
0.13177 -0.08351 1.91103 -0.19709 0.11718 1.63514 0.14817 0.08941 0.06479 0.10095
0.14059 -0.01862 1.96213 -0.20581 0.12571 1.73133 0.12916 0.09184 0.10594 0.11698
0.15276 0.02416 1.71857 -0.17984 0.1147 1.55911 0.10648 0.08668 0.11509 0.09916
0.18753 0.0668 1.83402 -0.20782 0.13504 1.70247 0.11040 0.09864 0.13462 0.11013
0.22748 0.09162 1.77276 -0.20088 0.13615 1.67853 0.11327 0.09869 0.09061 0.11028
0.2056 0.13748 1.71957 -0.19252 0.13717 1.66755 0.10104 0.09664 0.07877 0.11870
0.20754 0.14936 1.55153 -0.16815 0.12437 1.52918 0.09757 0.08610 0.06317 0.10323
0.22527 0.17742 1.65499 -0.18501 0.1387 1.651 0.10395 0.09284 0.07769 0.10933
0.23889 0.18787 1.72913 -0.19253 0.1469 1.73971 0.10343 0.09535 0.10232 0.11146
0.22567 0.16057 1.7101 -0.19093 0.14489 1.73837 0.08379 0.09364 0.12077 0.11151
0.20423 0.1345 1.62165 -0.17595 0.13375 1.65278 0.06938 0.09234 0.11730 0.10381
0.20309 0.11963 1.61733 -0.1846 0.13602 1.64713 0.07074 0.08931 0.12488 0.11103
0.19574 0.10851 1.54475 -0.17066 0.12569 1.575 0.06616 0.08147 0.12123 0.11634
0.20806 0.11546 1.61817 -0.18616 0.13332 1.64684 0.07494 0.09001 0.12628 0.10922
0.20914 0.11899 1.62004 -0.18504 0.13245 1.6504 0.07313 0.08702 0.12459 0.11094
0.20064 0.12069 1.54231 -0.16983 0.12502 1.57037 0.07012 0.08130 0.12028 0.10747
0.21028 0.13435 1.61378 -0.18309 0.1352 1.64406 0.07150 0.08884 0.12543 0.11596
0.21493 0.14394 1.61453 -0.18338 0.13794 1.64458 0.07337 0.09095 0.10590 0.11577
0.21729 0.15031 1.61183 -0.18202 0.13967 1.64173 0.07514 0.09102 0.12457 0.10514
0.21994 0.15541 1.61142 -0.18079 0.14056 1.64112 0.07572 0.08910 0.10070 0.11679
0.23878 0.16485 1.6985 -0.19064 0.14873 1.73528 0.07724 0.09248 0.08867 0.12061
0.22526 0.15348 1.60799 -0.17914 0.13879 1.64224 0.07690 0.09070 0.12886 0.11197
0.21557 0.13845 1.52558 -0.10123 0.10083 1.55018 0.07152 0.03106 0.10488 0.05869
0.22899 0.13382 1.60312 -0.17929 0.13532 1.6422 0.07219 0.09229 0.09851 0.10701
0.22805 0.11834 1.59069 -0.17719 0.13046 1.63392 0.06788 0.08666 0.12549 0.11783
0.2491 0.11509 1.67709 -0.18619 0.13566 1.72914 0.06995 0.09432 0.12055 0.11605
0.22963 0.16463 1.54829 -0.16785 0.13531 1.63204 0.08291 0.09532 0.07592 0.10855
0.22067 0.20574 1.47302 -0.13872 0.12422 1.55187 0.09281 0.09046 0.10339 0.10619
0.23053 0.29234 1.62649 -0.15736 0.15051 1.71044 0.11780 0.10393 0.07327 0.09003
0.19977 0.34729 1.60115 -0.14519 0.14757 1.6851 0.11366 0.10307 0.08205 0.11562
0.18946 0.39685 1.63684 -0.14265 0.15186 1.70027 0.13875 0.11313 0.08472 0.11781
0.16766 0.44586 1.68296 -0.13989 0.15519 1.73036 0.13506 0.11469 0.09766 0.09483
0.1343 0.4622 1.66194 -0.23834 0.15486 1.73103 0.12777 0.13184 0.08815 0.12206
0.10084 0.47641 1.67906 -0.13967 0.15785 1.69739 0.12122 0.11377 0.05707 0.07951
0.06541 0.45738 1.61017 -0.25915 0.13077 1.65667 0.11051 0.13266 0.06811 0.04485
0.03719 0.42542 1.53395 -0.08658 0.13634 1.51456 0.10344 0.09921 0.05156 0.09017
0.01703 0.39999 1.50134 -0.05417 0.11959 1.46034 0.10029 0.09225 0.08252 0.09126
-0.05153 0.33139 1.57543 -0.0471 0.11395 1.48883 0.07818 0.09419 0.06681 0.09020
-0.0548 0.33559 1.73064 -0.0544 0.12735 1.62771 0.08600 0.10617 0.09315 0.11199
-0.0587 0.29935 1.74824 -0.06032 0.13382 1.64614 0.08679 0.11563 0.06292 0.11320
-0.03262 0.26432 1.76035 -0.07505 0.15319 1.66974 0.09195 0.13118 0.04561 0.10741
-0.03251 0.23775 1.74231 -0.06224 0.15743 1.66285 0.07089 0.13324 0.06313 0.11785
-0.03392 0.22214 1.76287 -0.06812 0.1419 1.6647 0.07787 0.12171 0.08454 0.12013
-0.06864 0.20353 1.73583 -0.10235 0.13048 1.63669 0.11703 0.09836 0.02121 0.03659
-0.06312 0.20021 1.7348 -0.09456 0.12367 1.62938 0.12265 0.09912 0.02175 0.04486
-0.08375 0.16917 1.71784 -0.09415 0.12149 1.62797 0.12135 0.09578 0.08723 0.05253
-0.07255 0.19991 1.7254 -0.09795 0.12378 1.62806 0.11372 0.10202 0.02114 0.04848
-0.07299 0.2108 1.74656 -0.09815 0.12835 1.64904 0.12601 0.10576 0.02135 0.06262
-0.07423 0.21173 1.74462 -0.0927 0.1277 1.64849 0.12267 0.10230 0.02284 0.04749
-0.0778 0.21047 1.74926 -0.0888 0.12507 1.6504 0.11472 0.09979 0.01807 0.06031
-0.09123 0.17791 1.71144 -0.07149 0.13872 1.67648 0.12764 0.12262 0.06544 0.12496
-0.09268 0.17662 1.71422 -0.07263 0.12929 1.67407 0.12641 0.12111 0.06228 0.09116
-0.07593 0.20828 1.74995 -0.09037 0.1243 1.65274 0.11877 0.09882 0.01968 0.06863
-0.07384 0.22429 1.71065 -0.08616 0.11126 1.59899 0.09483 0.09051 0.02676 0.05291
-0.04975 0.26103 1.80377 -0.07587 0.10691 1.65875 0.07837 0.09781 0.07195 0.04398
0.05396 0.28947 1.77519 -0.07724 0.10273 1.6458 0.11656 0.09357 0.08747 0.03985
0.05433 0.31192 1.77351 -0.10117 0.10767 1.64263 0.11277 0.10782 0.08009 0.03972
0.08069 0.32939 1.7901 -0.10525 0.10427 1.64306 0.10534 0.10456 0.07823 0.04342
0.12783 0.32999 1.7985 -0.11021 0.10028 1.64268 0.09705 0.10291 0.07716 0.03146
0.20258 0.29987 1.79795 -0.11499 0.09714 1.64539 0.11562 0.10109 0.05860 0.03414
0.25485 0.28367 1.83667 -0.12344 0.0912 1.67792 0.10496 0.10303 0.06844 0.04377
0.36589 0.18889 1.84318 -0.13594 0.08033 1.69134 0.08749 0.10661 0.04328 0.03531
0.39023 0.10473 1.69321 -0.12903 0.06413 1.56039 0.08337 0.09741 0.08157 0.03983
0.44848 0.02609 1.69901 -0.13241 0.05377 1.58176 0.09825 0.09303 0.06089 0.03563
0.50424 -0.06183 1.70099 -0.13356 0.0406 1.59997 0.08584 0.09197 0.08581 0.10002
0.55259 -0.17539 1.69044 -0.13134 0.02437 1.58969 0.09435 0.09149 0.05975 0.09933
0.60835 -0.28879 1.70708 -0.13616 0.00789 1.59881 0.09882 0.08959 0.05456 0.10541
0.65019 -0.39327 1.72574 -0.13719 -0.01362 1.60124 0.08767 0.09079 0.06035 0.09780
0.58026 -0.46784 1.81327 -0.12833 -0.03973 1.55844 0.13798 0.08804 0.11292 0.09534
0.62212 -0.55254 1.91969 -0.1326 -0.07038 1.63484 0.14198 0.09202 0.12367 0.03998
0.62949 -0.60037 1.93908 -0.13097 -0.10856 1.64902 0.14093 0.09485 0.11543 0.03642
0.64165 -0.64747 1.94919 -0.12519 -0.15092 1.66363 0.16487 0.09504 0.10637 0.04716
0.62347 -0.6921 1.9748 -0.11499 -0.24268 1.67077 0.11875 0.09370 0.09861 0.04713
0.60114 -0.67453 1.91989 -0.09783 -0.28527 1.6316 0.10000 0.08412 0.11300 0.05273
0.58567 -0.665 1.88196 -0.08505 -0.32334 1.60937 0.11018 0.08408 0.11255 0.05271
0.60999 -0.69399 1.95816 -0.07872 -0.41777 1.6945 0.12358 0.08998 0.11520 0.06778
0.61203 -0.69507 1.96593 -0.086 -0.44867 1.70763 0.12561 0.10097 0.10516 0.08443
0.58628 -0.65951 1.8637 -0.08824 -0.45331 1.63229 0.11923 0.10499 0.09921 0.08444
0.58138 -0.65907 1.86676 -0.09367 -0.46787 1.6366 0.12224 0.11317 0.09826 0.08372
0.58161 -0.65556 1.86118 -0.09286 -0.47505 1.63563 0.11099 0.11217 0.10048 0.08538
0.58061 -0.65518 1.86123 -0.09418 -0.48145 1.63876 0.11956 0.11202 0.10924 0.05835
0.58085 -0.65278 1.85868 -0.0953 -0.48907 1.64136 0.12884 0.11016 0.11210 0.12842
0.5764 -0.64963 1.84937 -0.09783 -0.49098 1.63594 0.11369 0.11188 0.10837 0.13577
0.57869 -0.65132 1.82668 -0.09902 -0.49536 1.63205 0.13844 0.11034 0.10211 0.14188
0.56784 -0.64415 1.82218 -0.1022 -0.49497 1.62034 0.14675 0.11125 0.11230 0.13787
0.58152 -0.65937 1.85638 -0.10309 -0.53145 1.6397 0.14280 0.10806 0.11391 0.14119
0.59648 -0.67406 1.89662 -0.12616 -0.52844 1.68147 0.13442 0.11371 0.11164 0.06999
0.61599 -0.69971 1.9684 -0.15913 -0.54775 1.7535 0.14480 0.10515 0.12168 0.08035
0.61462 -0.69789 1.95958 -0.15762 -0.54905 1.74756 0.13517 0.10239 0.12253 0.08148
0.58132 -0.66152 1.85521 -0.11852 -0.53438 1.63919 0.13895 0.09203 0.11457 0.07798
0.61418 -0.69827 1.95182 -0.13283 -0.55052 1.73635 0.14280 0.11166 0.11801 0.07147
0.61219 -0.69575 1.94589 -0.14141 -0.54066 1.74254 0.14480 0.11861 0.11590 0.06761
0.61519 -0.69867 1.94622 -0.15135 -0.54391 1.74698 0.13505 0.11170 0.11117 0.07117
0.61462 -0.6978 1.94208 -0.1505 -0.54535 1.74349 0.13592 0.11333 0.11534 0.07837
0.61435 -0.69762 1.94157 -0.15148 -0.54483 1.74366 0.13236 0.10937 0.11256 0.07379
0.5824 -0.66165 1.84062 -0.12412 -0.52539 1.64167 0.13166 0.10841 0.10849 0.06988
0.58262 -0.66168 1.8397 -0.12396 -0.52932 1.63805 0.13101 0.10032 0.10518 0.07085
0.58078 -0.66227 1.84198 -0.12136 -0.53171 1.6369 0.13107 0.10018 0.10721 0.07282
0.61323 -0.6972 1.942 -0.15481 -0.54646 1.74378 0.14126 0.11203 0.11305 0.07872
0.6145 -0.69812 1.94003 -0.15583 -0.54587 1.74444 0.12798 0.10579 0.11409 0.07878
0.6132 -0.69722 1.9445 -0.14226 -0.54191 1.74454 0.13555 0.11728 0.11486 0.06705
0.58143 -0.66167 1.84439 -0.12273 -0.52882 1.64024 0.13167 0.10533 0.10594 0.07705
]
