classifier_Monkey_jumps_on_monkey_25188 [ 0.56586 -0.73782 2.04556 -0.15211 -0.60557 1.82697 0.07861 0.12641 0.11815 0.07517
0.56706 -0.73839 2.04698 -0.15722 -0.60388 1.8377 0.07870 0.12800 0.10732 0.07283
0.56599 -0.73737 2.04591 -0.18449 -0.59651 1.85513 0.07311 0.11636 0.10913 0.07332
0.56563 -0.73827 2.05032 -0.19743 -0.59657 1.8634 0.07347 0.11713 0.10969 0.07073
0.56681 -0.73918 2.05598 -0.20405 -0.59566 1.87124 0.07411 0.11661 0.11496 0.07003
0.56589 -0.73979 2.05769 -0.20322 -0.59298 1.87344 0.08995 0.11877 0.12917 0.06708
0.56608 -0.74084 2.06413 -0.20238 -0.59558 1.87504 0.09332 0.12009 0.11697 0.06733
0.56665 -0.73908 2.06301 -0.22523 -0.57568 1.94009 0.08050 0.13583 0.11586 0.13701
0.56651 -0.73769 2.05984 -0.22467 -0.57525 1.9403 0.09558 0.13941 0.11341 0.13437
0.56164 -0.73622 2.06164 -0.22444 -0.5759 1.93893 0.09974 0.13863 0.11050 0.13461
0.56028 -0.73366 2.05662 -0.22356 -0.57497 1.93533 0.09234 0.13744 0.11238 0.13267
0.56272 -0.73062 2.04781 -0.25084 -0.57639 1.92846 0.09105 0.11642 0.11036 0.08066
0.56097 -0.72876 2.04222 -0.24946 -0.577 1.92088 0.09147 0.11479 0.13166 0.08160
0.56106 -0.7289 2.04413 -0.25771 -0.57384 1.93796 0.07382 0.12423 0.11882 0.09173
0.56126 -0.72815 2.04217 -0.25341 -0.57403 1.92842 0.09397 0.11617 0.10674 0.08507
0.56433 -0.73002 2.0476 -0.2518 -0.57337 1.92212 0.10365 0.11297 0.10473 0.07934
0.56489 -0.72961 2.05241 -0.2569 -0.56998 1.92924 0.07901 0.11712 0.11490 0.07553
0.56505 -0.72142 2.04383 -0.25243 -0.56382 1.90174 0.10796 0.11149 0.11871 0.08020
0.56204 -0.71224 2.04034 -0.21363 -0.54744 1.88014 0.10665 0.12180 0.12875 0.10774
0.52273 -0.68996 1.98878 -0.19464 -0.54912 1.71111 0.12894 0.13613 0.09990 0.04893
0.48738 -0.63363 1.9487 -0.19265 -0.56335 1.70811 0.10969 0.13411 0.10550 0.04992
0.47818 -0.61872 1.99413 -0.23782 -0.56313 1.78759 0.14897 0.11499 0.14481 0.05529
0.4533 -0.59409 2.02606 -0.30931 -0.5311 1.89581 0.12079 0.15532 0.05203 0.11895
0.43051 -0.58831 2.02714 -0.36781 -0.50559 1.91245 0.11832 0.09709 0.05447 0.10299
0.40816 -0.57423 2.03236 -0.37886 -0.51868 1.92854 0.11366 0.08965 0.05063 0.09824
0.38146 -0.55055 2.02099 -0.3971 -0.52348 1.93707 0.11136 0.09109 0.08741 0.11007
0.34083 -0.58303 1.91728 -0.3953 -0.50978 1.86378 0.16169 0.08200 0.05492 0.10106
0.36397 -0.51314 2.19782 -0.46102 -0.54433 2.07913 0.11729 0.10162 0.06601 0.10714
0.35958 -0.50189 2.22589 -0.44938 -0.53536 2.10013 0.10487 0.10047 0.09921 0.07780
0.27255 -0.55759 2.17264 -0.40853 -0.49867 2.03704 0.07584 0.09537 0.03145 0.08991
0.22083 -0.41158 2.27802 -0.32892 -0.43809 2.21957 0.15796 0.15756 0.09940 0.08486
0.2008 -0.34673 2.28114 -0.31499 -0.3598 2.24747 0.16006 0.08626 0.08752 0.04839
0.20076 -0.24132 2.22354 -0.27221 -0.29067 2.19903 0.14400 0.08230 0.10759 0.08886
0.20691 -0.17903 2.12405 -0.27536 -0.23698 2.11237 0.12921 0.07465 0.10305 0.03916
0.21053 -0.14793 2.10957 -0.28757 -0.24655 2.09746 0.09305 0.07205 0.08356 0.06180
0.2232 -0.16666 2.12151 -0.4395 -0.26191 2.08558 0.09623 0.07283 0.08078 0.10430
0.22347 -0.21 2.09996 -0.45253 -0.28722 2.06384 0.09839 0.07200 0.09661 0.10995
0.27207 -0.23025 2.15913 -0.42792 -0.28473 2.10868 0.12208 0.08070 0.08181 0.08970
0.23188 -0.23163 2.21116 -0.33865 -0.25877 2.18583 0.09394 0.09104 0.07900 0.05628
0.21427 -0.20294 2.19803 -0.23161 -0.22788 2.13859 0.08248 0.13728 0.05847 0.13210
0.2112 -0.21153 2.18147 -0.23055 -0.22875 2.10991 0.05672 0.13695 0.11135 0.12254
0.20556 -0.21276 2.15138 -0.23412 -0.20463 2.09002 0.04334 0.12101 0.10952 0.12832
0.19799 -0.23108 2.1553 -0.27081 -0.1283 2.08658 0.04836 0.13701 0.10036 0.10192
0.18414 -0.2573 2.13735 -0.28071 -0.10441 2.05436 0.05490 0.09398 0.09924 0.15364
0.14761 -0.17907 2.03899 -0.37521 0.01271 1.92363 0.11575 0.08489 0.10263 0.05225
0.28353 -0.20559 2.13823 -0.39832 0.07738 1.97208 0.10802 0.11145 0.06771 0.06216
0.28696 -0.2358 2.14395 -0.41111 0.13148 1.98495 0.10092 0.10016 0.10886 0.06306
0.29735 -0.26131 2.12456 -0.43033 0.13798 1.97277 0.08629 0.10588 0.06974 0.06639
0.22367 -0.29638 2.08503 -0.44159 0.12374 1.9241 0.06470 0.10742 0.08206 0.06007
0.23806 -0.33033 2.08019 -0.45978 0.03641 1.84714 0.08606 0.10698 0.06497 0.05960
0.23965 -0.34535 2.07961 -0.45661 -0.00103 1.81333 0.08077 0.09783 0.06228 0.06094
0.23339 -0.34452 2.03551 -0.44169 -0.02996 1.76359 0.06269 0.09569 0.06629 0.05825
0.23969 -0.34967 2.04711 -0.44201 -0.03879 1.77362 0.05804 0.09657 0.07506 0.05782
0.24338 -0.35077 2.05974 -0.4465 -0.03505 1.78692 0.07902 0.09826 0.08198 0.05936
0.24706 -0.35468 2.07248 -0.45165 -0.02927 1.79799 0.12789 0.10021 0.07353 0.05991
0.25009 -0.35878 2.07904 -0.45466 -0.02346 1.79948 0.13731 0.10109 0.05064 0.06044
0.29103 -0.37251 2.10822 -0.46122 -0.0192 1.82219 0.06953 0.10643 0.03878 0.05981
0.31333 -0.40422 2.10774 -0.46743 -0.01253 1.82639 0.08111 0.10924 0.14561 0.06111
0.37607 -0.50847 2.11966 -0.49424 -0.01753 1.82975 0.10843 0.10655 0.07257 0.05963
0.38458 -0.52307 2.12553 -0.49523 -0.02201 1.82394 0.10987 0.10369 0.07818 0.05698
0.37369 -0.52078 2.14847 -0.49776 -0.0241 1.83005 0.11168 0.10412 0.08216 0.05730
0.24124 -0.56447 2.05404 -0.47679 -0.02256 1.75428 0.11503 0.09914 0.06451 0.05798
0.24922 -0.39336 2.20233 -0.50667 -0.0226 1.86636 0.06550 0.10718 0.17735 0.05983
0.223 -0.27579 2.16241 -0.51345 -0.02041 1.88185 0.11947 0.10688 0.12890 0.05760
0.17022 -0.20859 2.0308 -0.50044 -0.01141 1.81539 0.11678 0.10292 0.11109 0.05933
0.1747 -0.1906 2.02075 -0.50644 -0.00405 1.81907 0.11830 0.10386 0.10381 0.08071
0.17285 -0.17509 2.02767 -0.51307 -0.00035 1.83235 0.12076 0.10555 0.10777 0.05705
0.30738 -0.1633 2.12644 -0.52955 0.00122 1.8914 0.08742 0.10497 0.08582 0.05852
0.27445 -0.24514 2.09124 -0.51783 -0.00093 1.85687 0.09426 0.10271 0.12645 0.05942
0.33739 -0.27771 2.20584 -0.53618 -0.00329 1.93509 0.08689 0.10769 0.12632 0.06158
0.30712 -0.30295 2.23106 -0.53035 -0.01019 1.9304 0.07722 0.10804 0.13464 0.06070
0.24761 -0.32366 2.21104 -0.52159 -0.01614 1.91829 0.14951 0.10856 0.14639 0.08034
0.23376 -0.29898 2.17903 -0.51353 -0.01985 1.9069 0.13167 0.10914 0.12599 0.05845
0.17402 -0.26991 2.03656 -0.49021 -0.0182 1.8329 0.10292 0.10345 0.11331 0.05446
0.19294 -0.22727 2.01659 -0.48708 -0.02037 1.82895 0.08783 0.10620 0.09344 0.05534
0.26458 -0.19533 1.90731 -0.4775 -0.02145 1.79396 0.04748 0.10505 0.11313 0.08000
0.33496 -0.10645 1.87759 -0.47635 -0.02449 1.78856 0.08260 0.10486 0.06181 0.07553
0.36768 -0.04626 1.90829 -0.48335 -0.02356 1.81591 0.10404 0.10665 0.05529 0.05763
0.36539 0.0321 1.84423 -0.47001 -0.02325 1.77022 0.09611 0.10456 0.05002 0.05425
0.41179 0.11381 1.95992 -0.48392 -0.02068 1.84816 0.09963 0.11095 0.05871 0.05673
0.4238 0.11724 1.97158 -0.47976 -0.0128 1.84984 0.09699 0.10776 0.07122 0.05672
0.42939 0.11434 1.96862 -0.47302 -0.01098 1.84422 0.10217 0.10832 0.06295 0.05809
0.42731 0.09342 1.9609 -0.46612 -0.01215 1.83945 0.09643 0.10844 0.06198 0.05734
0.41963 0.05676 1.94995 -0.45949 -0.01538 1.8294 0.09602 0.10515 0.06838 0.05408
0.41112 0.02359 1.93618 -0.45453 -0.01961 1.82092 0.09132 0.10389 0.06477 0.05666
0.40585 -0.01972 1.93534 -0.45608 -0.02551 1.8228 0.09332 0.10234 0.05387 0.05798
0.37498 -0.02283 1.78664 -0.42234 -0.0245 1.68186 0.08710 0.09613 0.06992 0.05159
0.37702 -0.02214 1.79702 -0.42536 -0.02336 1.69175 0.08684 0.09600 0.05677 0.05237
0.37961 -0.01865 1.8112 -0.42862 -0.02295 1.70554 0.08794 0.09855 0.05420 0.05112
0.37913 -0.01598 1.8111 -0.42822 -0.02052 1.70647 0.08951 0.09775 0.05219 0.05251
0.37863 -0.01365 1.81208 -0.42808 -0.02034 1.70954 0.08936 0.09653 0.05917 0.05314
0.37721 -0.01361 1.80811 -0.42658 -0.02101 1.70806 0.08836 0.09871 0.07058 0.05263
0.3752 -0.01548 1.80625 -0.42549 -0.02135 1.70744 0.08931 0.09656 0.05397 0.05287
0.37666 -0.01859 1.82014 -0.42875 -0.02161 1.7219 0.08903 0.09672 0.06177 0.05338
0.37697 -0.02312 1.82378 -0.4295 -0.02225 1.72723 0.08992 0.09680 0.05528 0.05338
0.37689 -0.02777 1.82102 -0.42945 -0.0222 1.7278 0.08961 0.09724 0.05429 0.05668
0.37798 -0.03089 1.81887 -0.4291 -0.02218 1.72676 0.08757 0.09773 0.08218 0.05451
0.38108 -0.03521 1.82566 -0.43086 -0.02268 1.73432 0.08811 0.09723 0.05679 0.05330
0.38293 -0.03953 1.825 -0.43099 -0.02211 1.73392 0.08776 0.09598 0.08011 0.05385
0.38361 -0.04681 1.81981 -0.43047 -0.02542 1.73262 0.08880 0.09741 0.05452 0.05313
0.38121 -0.06066 1.81233 -0.4272 -0.03171 1.73033 0.08706 0.09611 0.05326 0.05406
0.36846 -0.08204 1.79718 -0.42032 -0.04325 1.72253 0.08710 0.09616 0.05026 0.05368
0.33942 -0.1042 1.75643 -0.40516 -0.05833 1.69359 0.08539 0.09397 0.04892 0.05247
0.23231 -0.03909 1.71583 -0.3848 -0.10038 1.71431 0.06117 0.09291 0.05007 0.05312
0.18029 -0.00015 1.76992 -0.39005 -0.10944 1.76332 0.09502 0.09573 0.05128 0.05499
0.0806 0.1966 1.80935 -0.39128 -0.11526 1.82162 0.07938 0.10103 0.07282 0.05058
-0.07113 0.34588 1.79687 -0.3723 -0.10809 1.76229 0.07677 0.09895 0.14531 0.06592
-0.23893 0.35617 1.83796 -0.36789 -0.09832 1.74001 0.09494 0.10226 0.03664 0.06432
-0.30772 0.30312 1.88276 -0.36926 -0.0935 1.7457 0.10804 0.10396 0.05252 0.07277
-0.38292 0.28199 1.89247 -0.3665 -0.08989 1.72136 0.10006 0.10214 0.04828 0.08136
-0.46163 0.12388 1.88525 -0.36187 -0.08558 1.68033 0.09312 0.09982 0.04424 0.08186
-0.48923 -0.03327 1.84215 -0.36435 -0.0892 1.6537 0.06370 0.09906 0.03688 0.04990
-0.45234 -0.14574 1.8392 -0.37444 -0.09374 1.69216 0.12558 0.09819 0.15624 0.05185
-0.46662 -0.17395 1.95464 -0.39927 -0.10523 1.79022 0.13300 0.10608 0.15124 0.06191
-0.44184 -0.20047 1.94082 -0.40122 -0.10986 1.79295 0.15917 0.10208 0.13534 0.05936
-0.42751 -0.15591 1.91037 -0.39916 -0.11213 1.79368 0.15769 0.10467 0.10575 0.05094
-0.38943 -0.10717 1.80567 -0.39374 -0.1127 1.79321 0.09507 0.11983 0.05058 0.05425
-0.38889 -0.09483 1.80757 -0.39426 -0.10898 1.7933 0.09318 0.12264 0.05263 0.05415
-0.38216 -0.03599 1.81328 -0.3842 -0.0819 1.75063 0.10027 0.10354 0.08677 0.04896
-0.35674 -0.00918 1.91029 -0.37262 -0.0797 1.70793 0.08051 0.10200 0.14898 0.06976
-0.35364 0.0049 1.94594 -0.37269 -0.07838 1.73685 0.08405 0.10021 0.08167 0.05419
-0.32854 0.0007 1.94792 -0.3657 -0.08364 1.73259 0.06847 0.10002 0.17652 0.04929
-0.3202 -0.11089 1.72193 -0.32404 -0.12034 1.71585 0.05477 0.06749 0.05623 0.06323
-0.31301 -0.14444 1.80474 -0.31612 -0.20887 1.81399 0.04311 0.10745 0.04122 0.05215
-0.17809 -0.21619 1.77512 -0.26639 -0.23514 1.68035 0.15528 0.08676 0.16727 0.04518
-0.11912 -0.27588 1.70748 -0.23145 -0.28353 1.62352 0.14267 0.07342 0.07465 0.04271
0.02158 -0.51353 1.93356 -0.19616 -0.45404 1.83254 0.12336 0.06144 0.12685 0.05829
0.07819 -0.56815 1.90394 -0.1886 -0.50582 1.84124 0.09314 0.05400 0.06855 0.04781
0.11999 -0.6093 1.83798 -0.18582 -0.49665 1.82639 0.13159 0.05233 0.08536 0.04639
0.1243 -0.60893 1.84552 -0.16194 -0.54936 1.84421 0.13224 0.02357 0.08536 0.04643
0.12649 -0.61613 1.87195 -0.14289 -0.60237 1.83047 0.13629 0.11815 0.08801 0.07717
0.14085 -0.60425 1.91762 -0.14168 -0.60569 1.83872 0.10697 0.12115 0.08553 0.07820
0.14463 -0.60517 1.91647 -0.14123 -0.60957 1.8409 0.10425 0.12325 0.08187 0.07769
0.14747 -0.60288 1.90067 -0.14181 -0.60799 1.83407 0.10453 0.11123 0.08211 0.07821
0.19123 -0.5967 1.80646 -0.13917 -0.58766 1.77553 0.07782 0.10948 0.06088 0.07708
0.25564 -0.64178 1.92591 -0.14601 -0.61728 1.85933 0.14510 0.11473 0.07433 0.07970
0.27334 -0.64832 1.91914 -0.14292 -0.60916 1.83054 0.15314 0.11602 0.08403 0.08013
0.365 -0.64808 2.00171 -0.1476 -0.6151 1.84871 0.09549 0.11220 0.06340 0.07723
0.41163 -0.6563 2.02311 -0.14834 -0.61646 1.85019 0.09660 0.11747 0.05441 0.07807
0.55258 -0.76639 2.02746 -0.14591 -0.60365 1.81053 0.04162 0.11483 0.03211 0.07977
0.53441 -0.72806 2.0266 -0.14527 -0.60102 1.80344 0.06907 0.11407 0.11887 0.07724
0.53396 -0.70395 2.01683 -0.14281 -0.59641 1.77192 0.11117 0.10980 0.15524 0.07973
0.53846 -0.71171 2.04047 -0.14318 -0.60112 1.7814 0.11715 0.11487 0.14855 0.07940
0.5485 -0.71631 2.04238 -0.14008 -0.6021 1.78157 0.11862 0.11613 0.14966 0.07884
0.57018 -0.72437 2.03888 -0.13786 -0.60422 1.78962 0.09298 0.11911 0.09568 0.07812
0.56947 -0.73526 2.06926 -0.13702 -0.60882 1.80512 0.12897 0.12244 0.14278 0.07994
0.5691 -0.73682 2.06778 -0.13518 -0.60872 1.80419 0.14747 0.12307 0.15075 0.07640
0.57667 -0.74007 2.06014 -0.13425 -0.60891 1.80644 0.08843 0.12388 0.11507 0.07669
0.57746 -0.74142 2.05926 -0.23765 -0.61692 1.90256 0.08626 0.08519 0.11884 0.07999
0.58013 -0.73943 2.05298 -0.2381 -0.61666 1.89416 0.08029 0.08290 0.11843 0.07831
0.57992 -0.73916 2.04888 -0.1289 -0.6094 1.79393 0.08480 0.12360 0.12031 0.07630
0.57821 -0.73961 2.05107 -0.23356 -0.61324 1.8876 0.08451 0.08386 0.12760 0.07769
0.58289 -0.73929 2.04478 -0.12881 -0.6101 1.79335 0.08489 0.12967 0.09800 0.07661
0.58305 -0.73987 2.04578 -0.23376 -0.61412 1.87944 0.08638 0.08321 0.12154 0.07256
0.5807 -0.73857 2.04298 -0.23342 -0.61265 1.87771 0.08684 0.08357 0.12038 0.07326
0.57911 -0.73888 2.04327 -0.23251 -0.61153 1.87649 0.12187 0.08106 0.04713 0.07371
0.58698 -0.73875 2.04061 -0.23321 -0.6129 1.87707 0.09253 0.07832 0.10105 0.07310
0.58201 -0.74115 2.04911 -0.23452 -0.61686 1.87958 0.12705 0.07669 0.08364 0.07187
0.5828 -0.74066 2.04892 -0.23883 -0.62183 1.88063 0.12854 0.07320 0.07418 0.06799
0.58263 -0.73928 2.04375 -0.1285 -0.60751 1.79983 0.11374 0.12594 0.11468 0.07664
0.59107 -0.73864 2.03989 -0.13909 -0.61362 1.78636 0.08904 0.12742 0.08542 0.08428
0.59073 -0.73692 2.0375 -0.13897 -0.6129 1.78544 0.09542 0.12699 0.08755 0.08385
0.59054 -0.73734 2.03694 -0.13967 -0.61308 1.78477 0.08556 0.12842 0.09190 0.08436
]
