classifier_Monkey_jumps_on_house_23121 [ 0.62589 -0.76469 2.04317 -0.16104 -0.62481 1.80873 0.13222 0.11682 0.10720 0.08268
0.62667 -0.764 2.04316 -0.16101 -0.62394 1.80739 0.13209 0.11400 0.10876 0.08238
0.62901 -0.76166 2.04258 -0.16054 -0.62261 1.80796 0.13197 0.11901 0.11000 0.08345
0.60952 -0.74436 2.10549 -0.18528 -0.58801 1.94866 0.12916 0.09884 0.13144 0.13777
0.52219 -0.63341 2.19425 -0.20263 -0.57605 1.9786 0.12976 0.13398 0.05226 0.10548
0.55765 -0.59706 2.12539 -0.22656 -0.43172 1.92852 0.08835 0.06582 0.09711 0.04128
0.54635 -0.48667 1.99241 -0.23095 -0.36439 1.87569 0.11541 0.08178 0.08442 0.08471
0.46721 -0.37625 1.85369 -0.22516 -0.28677 1.79162 0.14990 0.08592 0.07626 0.03822
0.36283 -0.27165 1.77374 -0.21451 -0.20901 1.70545 0.12978 0.09519 0.05376 0.04403
0.31901 -0.19973 1.93929 -0.21937 -0.14606 1.85616 0.17490 0.11660 0.07784 0.04758
0.23028 -0.10153 1.81231 -0.19664 -0.07922 1.74586 0.13102 0.12168 0.07289 0.04464
0.17398 -0.02972 1.87071 -0.18258 -0.01505 1.80041 0.13025 0.13479 0.07637 0.04964
0.08663 0.08051 1.95471 -0.18619 0.04007 1.88647 0.18787 0.13944 0.09062 0.05201
0.07617 0.09908 1.91232 -0.11477 0.14351 1.84135 0.13734 0.12921 0.08833 0.13771
0.07331 0.1028 1.78151 -0.10603 0.1538 1.72012 0.13067 0.12040 0.09136 0.12249
0.02353 0.18146 1.82524 -0.1254 0.16517 1.77087 0.12084 0.13089 0.08700 0.13565
0.09284 0.13563 1.88485 -0.18459 0.1283 1.82764 0.13185 0.13539 0.08928 0.04340
0.14824 0.09728 1.9222 -0.21096 0.12073 1.87202 0.11562 0.13135 0.09154 0.08331
0.21225 0.04736 1.97945 -0.25101 0.03728 1.94579 0.13372 0.14492 0.08943 0.09942
0.26102 -0.01425 1.87628 -0.2489 -0.10292 1.87344 0.09434 0.12704 0.07920 0.09610
0.26933 -0.12923 1.89977 -0.24569 -0.20979 1.92549 0.10725 0.13219 0.07548 0.08727
0.2511 -0.17177 1.87315 -0.2401 -0.20463 1.88767 0.13358 0.12547 0.07463 0.08750
0.26394 -0.18595 1.98469 -0.26242 -0.18425 1.98808 0.13438 0.13179 0.08155 0.09667
0.25291 -0.16853 1.8971 -0.27032 -0.12001 1.88156 0.12697 0.13273 0.07433 0.08998
0.25658 -0.15914 1.92867 -0.29791 -0.03752 1.89137 0.13017 0.11923 0.07255 0.10249
0.25941 -0.14579 1.94524 -0.31476 0.0486 1.88714 0.13453 0.11613 0.07593 0.10752
0.26269 -0.13412 1.96253 -0.33056 0.12431 1.87881 0.13820 0.11390 0.07784 0.11268
0.24735 -0.11804 1.85367 -0.32625 0.16659 1.7476 0.13484 0.12220 0.07347 0.11739
0.24747 -0.10999 1.8602 -0.33663 0.18787 1.72675 0.13175 0.12275 0.08051 0.10879
0.24898 -0.10794 1.86913 -0.35271 0.16058 1.71272 0.13031 0.12484 0.07401 0.10391
0.24982 -0.10818 1.87657 -0.33932 0.10881 1.62748 0.12929 0.10745 0.07899 0.08615
0.24925 -0.10714 1.87282 -0.34607 0.05119 1.60897 0.12707 0.10931 0.08685 0.09628
0.25718 -0.11024 1.93286 -0.35166 0.00192 1.6548 0.12750 0.11647 0.08508 0.10431
0.25447 -0.11083 1.91582 -0.34431 -0.01848 1.63639 0.12715 0.10808 0.07855 0.11864
0.25438 -0.11274 1.91561 -0.34012 -0.01898 1.63191 0.12691 0.10983 0.08101 0.10660
0.25613 -0.11717 1.92431 -0.3406 -0.01656 1.63796 0.12955 0.10911 0.07984 0.10171
0.25834 -0.1187 1.93663 -0.33693 -0.01384 1.64718 0.13042 0.10908 0.07957 0.12120
0.26413 -0.1221 1.93506 -0.33063 -0.00035 1.64869 0.13134 0.10705 0.08087 0.11645
0.26717 -0.12351 1.93523 -0.32992 0.00349 1.65248 0.12762 0.10907 0.08645 0.10835
0.26985 -0.12693 1.93714 -0.32957 0.00514 1.65733 0.12556 0.10725 0.07755 0.12266
0.27319 -0.13366 1.9487 -0.33137 0.00163 1.67339 0.12094 0.10843 0.10846 0.11978
0.26498 -0.13894 1.87642 -0.32315 -0.00125 1.62824 0.09502 0.10550 0.07863 0.10452
0.23354 -0.1188 1.80528 -0.31848 -0.00593 1.60479 0.02585 0.10231 0.03880 0.10155
0.24032 -0.24113 1.82843 -0.32188 -0.01623 1.62119 0.03952 0.10527 0.05550 0.09976
0.26223 -0.3351 1.9836 -0.3283 -0.0204 1.66685 0.10223 0.10388 0.05106 0.09083
0.28423 -0.39619 2.07182 -0.32799 -0.02523 1.67779 0.10005 0.10556 0.11726 0.08949
0.18272 -0.53512 2.07858 -0.31265 -0.03111 1.61192 0.15208 0.09797 0.11275 0.08274
0.20119 -0.54857 2.12087 -0.31451 -0.03596 1.62051 0.16620 0.09904 0.12639 0.08147
0.21761 -0.34387 2.25101 -0.33664 -0.05 1.67912 0.15228 0.10456 0.15402 0.09682
0.13051 -0.29363 2.07742 -0.32646 -0.04924 1.60224 0.12252 0.09690 0.12030 0.08941
0.23964 -0.13206 2.15855 -0.33726 -0.05113 1.63761 0.09510 0.09857 0.09151 0.05246
0.26788 -0.1071 2.17412 -0.34293 -0.04907 1.65173 0.12677 0.09620 0.07677 0.05186
0.27845 -0.11351 2.1491 -0.34104 -0.05002 1.6449 0.12858 0.09801 0.07794 0.06169
0.38575 -0.1962 2.12951 -0.34101 -0.04823 1.65029 0.06168 0.09325 0.07471 0.05866
0.3796 -0.26303 2.14964 -0.33914 -0.05062 1.63555 0.05154 0.09203 0.08319 0.05078
0.35664 -0.28471 2.21416 -0.34316 -0.05579 1.64506 0.12538 0.09547 0.06559 0.05451
0.28891 -0.26236 2.24261 -0.3446 -0.05958 1.64914 0.08855 0.09626 0.05952 0.05192
0.27046 -0.21379 2.22845 -0.34665 -0.06206 1.66138 0.08699 0.10164 0.07629 0.05789
0.15319 -0.19827 2.04224 -0.3388 -0.05832 1.60003 0.08168 0.09715 0.11430 0.08787
0.26589 -0.12638 1.92957 -0.33371 -0.05858 1.57377 0.04616 0.09447 0.04472 0.07875
0.32783 -0.05945 1.98358 -0.3449 -0.06222 1.616 0.09125 0.09565 0.08641 0.09208
0.29149 -0.0108 1.80571 -0.32349 -0.05537 1.5065 0.08720 0.09240 0.06577 0.08840
0.30038 0.07087 1.78072 -0.32237 -0.04899 1.48573 0.09211 0.08620 0.06538 0.08242
0.30032 0.08901 1.78377 -0.32127 -0.04399 1.49219 0.09673 0.08422 0.07756 0.08186
0.29827 0.09875 1.82331 -0.32965 -0.03924 1.53701 0.09920 0.08665 0.08269 0.08454
0.29028 0.09113 1.84127 -0.3346 -0.03109 1.57007 0.09935 0.09126 0.07753 0.08452
0.27239 0.07048 1.77979 -0.32643 -0.02371 1.53511 0.09052 0.08668 0.06223 0.07822
0.27122 0.04336 1.77967 -0.32971 -0.01919 1.55087 0.08852 0.08486 0.06482 0.07974
0.28015 0.01173 1.79484 -0.33378 -0.01623 1.57667 0.08934 0.08547 0.06288 0.07941
0.28182 -0.01282 1.76108 -0.3289 -0.01679 1.55625 0.08944 0.08406 0.05879 0.08092
0.28751 -0.03567 1.75573 -0.32673 -0.01956 1.55751 0.08547 0.08153 0.04997 0.07755
0.28722 -0.0393 1.7553 -0.3228 -0.02118 1.55435 0.08679 0.08132 0.05267 0.07718
0.29298 -0.03918 1.79182 -0.32999 -0.0188 1.58537 0.08918 0.08876 0.06601 0.08106
0.28722 -0.03696 1.75758 -0.3219 -0.01667 1.55409 0.08761 0.08445 0.06739 0.07479
0.29274 -0.03725 1.80027 -0.32869 -0.01632 1.59144 0.08940 0.08738 0.06901 0.07577
0.29309 -0.03846 1.80506 -0.32679 -0.01623 1.59451 0.09032 0.08639 0.05955 0.07898
0.2928 -0.04141 1.80421 -0.32724 -0.01606 1.59527 0.09035 0.08509 0.06778 0.08041
0.29291 -0.04701 1.805 -0.32639 -0.01595 1.59668 0.08904 0.08773 0.06806 0.07091
0.29101 -0.06327 1.8006 -0.32645 -0.01935 1.59861 0.09035 0.08687 0.06544 0.07997
0.28555 -0.0667 1.79212 -0.32726 -0.02331 1.59687 0.08989 0.09095 0.05928 0.07765
0.27703 -0.05572 1.78174 -0.32903 -0.02432 1.59888 0.09376 0.09058 0.05405 0.09403
0.26756 -0.02453 1.76734 -0.32749 -0.02535 1.60044 0.10340 0.09349 0.06229 0.08008
0.25844 0.04452 1.82657 -0.34005 -0.02804 1.67924 0.10205 0.09784 0.04337 0.07896
0.2285 0.11524 1.78898 -0.32825 -0.02747 1.65598 0.11521 0.09800 0.06496 0.07470
0.11936 0.28609 1.73433 -0.31692 -0.01927 1.62023 0.10075 0.09821 0.06996 0.07347
0.0558 0.34461 1.72063 -0.30877 -0.01797 1.59777 0.10302 0.09588 0.09979 0.07642
-0.01091 0.36539 1.74378 -0.30584 -0.02012 1.60383 0.10754 0.09137 0.04047 0.07421
-0.09336 0.39545 1.74574 -0.30179 -0.02027 1.60256 0.09678 0.09422 0.06106 0.07298
-0.16964 0.36629 1.74175 -0.29568 -0.02435 1.59185 0.10442 0.09217 0.03095 0.07532
-0.32348 0.26888 1.72356 -0.28834 -0.0394 1.57088 0.09157 0.09930 0.04067 0.08182
-0.38097 0.19935 1.76493 -0.2925 -0.04963 1.59872 0.10376 0.10057 0.03153 0.08374
-0.41649 0.13957 1.76362 -0.28706 -0.06209 1.58476 0.09817 0.09522 0.02877 0.07960
-0.41342 0.08128 1.70861 -0.27757 -0.07068 1.53032 0.10482 0.08919 0.02790 0.07733
-0.42269 0.05098 1.71762 -0.28001 -0.07828 1.53939 0.10982 0.08797 0.04177 0.07690
-0.4098 0.01595 1.68198 -0.28239 -0.08261 1.52686 0.12504 0.08445 0.05667 0.07618
-0.41327 0.00562 1.6796 -0.28792 -0.08701 1.52493 0.12540 0.08522 0.06791 0.07002
-0.41365 0.00578 1.68156 -0.28747 -0.08991 1.52838 0.12277 0.08235 0.05919 0.07546
-0.431 0.02473 1.77475 -0.30645 -0.09269 1.608 0.12856 0.08659 0.03070 0.08098
-0.42835 0.02941 1.7769 -0.30561 -0.09253 1.6065 0.12699 0.08380 0.06719 0.07501
-0.41916 0.0346 1.75799 -0.29982 -0.08812 1.5907 0.12811 0.08458 0.05944 0.06918
-0.41405 0.03789 1.7586 -0.29865 -0.0855 1.58842 0.12533 0.08577 0.05356 0.07740
-0.41469 0.04378 1.78584 -0.30084 -0.0849 1.60762 0.12757 0.08437 0.04976 0.07032
-0.39818 0.06279 1.8021 -0.30334 -0.07684 1.61336 0.11998 0.08619 0.05300 0.07150
-0.37257 0.06512 1.78636 -0.2983 -0.07027 1.58833 0.11463 0.08532 0.06888 0.07517
-0.35773 0.07516 1.83909 -0.30379 -0.06676 1.6201 0.10723 0.08544 0.06051 0.07591
-0.32131 0.07299 1.82382 -0.2939 -0.06237 1.59277 0.08977 0.08021 0.04949 0.07904
-0.22224 -0.00088 1.9207 -0.2978 -0.06491 1.67416 0.10795 0.08463 0.06820 0.08179
-0.18458 -0.03848 1.92952 -0.29615 -0.0704 1.70012 0.09571 0.08910 0.05069 0.07947
-0.15484 -0.08437 1.9265 -0.29124 -0.0862 1.7181 0.08103 0.09104 0.18005 0.08193
-0.13278 -0.13184 1.88081 -0.27868 -0.11021 1.68252 0.16732 0.09283 0.08970 0.10144
-0.0755 -0.14124 2.00104 -0.25573 -0.20608 1.71155 0.07284 0.08506 0.12965 0.06500
0.05116 -0.43971 1.88559 -0.24378 -0.27373 1.74853 0.12251 0.08678 0.09512 0.06764
0.10146 -0.5441 1.85299 -0.22441 -0.34202 1.75492 0.12174 0.09992 0.08121 0.10531
0.1547 -0.58064 1.83045 -0.20817 -0.41807 1.79321 0.11624 0.11050 0.06677 0.12678
0.18123 -0.58188 1.77903 -0.18562 -0.48596 1.74774 0.11985 0.10501 0.06550 0.09787
0.26448 -0.61945 1.91465 -0.18938 -0.54713 1.85325 0.13070 0.11266 0.05689 0.07192
0.33194 -0.59304 1.93626 -0.16925 -0.59112 1.81096 0.11317 0.13126 0.07324 0.06008
0.38489 -0.59691 1.95321 -0.16391 -0.59892 1.79803 0.13220 0.12864 0.08037 0.06750
0.44174 -0.6342 2.07852 -0.17055 -0.63195 1.87703 0.08936 0.13076 0.08265 0.08081
0.53023 -0.62796 1.93747 -0.16007 -0.60233 1.78082 0.07488 0.12537 0.08062 0.07770
0.49039 -0.65977 2.13604 -0.16805 -0.63493 1.87323 0.13194 0.12947 0.03438 0.08190
0.52849 -0.66346 1.99379 -0.15395 -0.59742 1.76635 0.06636 0.12233 0.17151 0.07763
0.56556 -0.70064 1.94801 -0.15025 -0.5857 1.73126 0.11260 0.11878 0.15044 0.07761
0.59408 -0.73611 2.02649 -0.16136 -0.61014 1.79601 0.12032 0.12048 0.14920 0.07880
0.56995 -0.71409 1.96132 -0.15143 -0.58744 1.73882 0.11886 0.11870 0.13113 0.07683
0.59112 -0.74364 2.03268 -0.16483 -0.6118 1.80347 0.11912 0.12142 0.13419 0.07870
0.59033 -0.74589 2.03474 -0.16537 -0.61202 1.80485 0.12014 0.11860 0.12734 0.07786
0.59181 -0.74515 2.02604 -0.16497 -0.61012 1.80128 0.12024 0.12041 0.11171 0.07798
0.58536 -0.74713 2.01895 -0.16464 -0.60779 1.79626 0.11746 0.11580 0.10282 0.07792
0.58273 -0.7472 2.01926 -0.16525 -0.60557 1.80606 0.11954 0.11172 0.09830 0.07682
0.57701 -0.74457 2.0074 -0.16584 -0.60251 1.79517 0.12204 0.11198 0.09846 0.07835
0.57402 -0.74346 2.00798 -0.166 -0.60188 1.79336 0.11651 0.11362 0.10625 0.07552
0.57082 -0.74216 2.00497 -0.1664 -0.60143 1.79033 0.11465 0.11262 0.10514 0.07988
0.56896 -0.74062 2.00123 -0.16604 -0.60099 1.78556 0.11425 0.11326 0.10812 0.07452
0.56711 -0.73892 1.99762 -0.16645 -0.59961 1.78233 0.11442 0.10983 0.10711 0.07407
0.56634 -0.73842 1.99619 -0.16676 -0.59923 1.78197 0.11377 0.10979 0.11218 0.07533
0.57866 -0.75516 2.04158 -0.16914 -0.61317 1.82273 0.11505 0.11277 0.10285 0.07821
0.57239 -0.74735 2.02098 -0.16802 -0.60637 1.80569 0.11368 0.11144 0.10573 0.07752
]
