classifier_Car_bumps_into_car_20261 [ 0.68529 -0.76511 1.96359 -0.11342 -0.62652 1.93559 0.10603 0.09805 0.13841 0.06052
0.68605 -0.76362 1.96046 -0.11516 -0.62346 1.93475 0.11813 0.09868 0.13751 0.06062
0.65746 -0.73542 1.87361 -0.13934 -0.64938 1.78315 0.11370 0.12129 0.13847 0.09287
0.68387 -0.74724 1.89025 -0.13566 -0.60431 1.88775 0.11304 0.10671 0.12079 0.07081
0.56314 -0.66217 1.98629 -0.14871 -0.6098 1.92989 0.12226 0.10460 0.05728 0.07928
0.5165 -0.64248 1.96981 -0.15788 -0.61252 1.9364 0.09129 0.10692 0.07778 0.07742
0.48473 -0.6443 2.03038 -0.18147 -0.62746 2.00852 0.07895 0.12149 0.05535 0.08011
0.42802 -0.61195 1.98318 -0.1861 -0.692 1.89956 0.06975 0.12215 0.05720 0.08083
0.31216 -0.70778 1.86754 -0.18827 -0.65221 1.86865 0.11619 0.11663 0.08271 0.08740
0.34316 -0.60738 1.99226 -0.19076 -0.66372 1.90455 0.07514 0.12056 0.08657 0.07597
0.316 -0.61066 1.98949 -0.18915 -0.66107 1.90227 0.06481 0.12383 0.08065 0.07112
0.22031 -0.66065 1.83083 -0.18365 -0.64463 1.8552 0.11419 0.12033 0.07160 0.08050
0.22288 -0.63935 1.83279 -0.18031 -0.67284 1.79488 0.12447 0.12056 0.07271 0.07889
0.22153 -0.63808 1.83431 -0.18017 -0.64882 1.81784 0.12457 0.12287 0.07365 0.07864
0.22582 -0.63211 1.82337 -0.16423 -0.61731 1.8216 0.12329 0.11933 0.06996 0.06558
0.23311 -0.6318 1.86053 -0.17326 -0.62371 1.84697 0.12541 0.12080 0.08344 0.07017
0.22699 -0.63322 1.82742 -0.1763 -0.61364 1.82622 0.12236 0.11763 0.07099 0.08027
0.27033 -0.60404 1.94221 -0.1993 -0.66367 1.91042 0.13016 0.10962 0.05410 0.06118
0.26715 -0.60772 1.94787 -0.18141 -0.66919 1.91773 0.13662 0.07887 0.08969 0.08188
0.3022 -0.59858 2.04906 -0.24741 -0.42404 1.92927 0.13727 0.08599 0.09296 0.07771
0.35195 -0.52046 2.1027 -0.28733 -0.24394 1.94778 0.09262 0.09573 0.08396 0.07086
0.33913 -0.43331 2.00166 -0.28355 -0.00406 1.86834 0.08610 0.08476 0.08506 0.05238
0.32939 -0.37987 1.94674 -0.29528 0.06012 1.86864 0.08503 0.11384 0.08559 0.07814
0.31509 -0.31038 1.85944 -0.29011 0.11236 1.81454 0.08519 0.11265 0.08372 0.08209
0.30624 -0.23633 1.8071 -0.28534 0.14615 1.79285 0.08547 0.11535 0.06298 0.09260
0.29417 0.0452 1.80034 -0.27003 0.12076 1.83405 0.08948 0.11330 0.07708 0.09923
0.3083 0.14005 1.85053 -0.26276 0.05639 1.8562 0.11887 0.11604 0.08052 0.09224
0.30296 0.2326 1.8697 -0.25644 -0.03175 1.86678 0.11549 0.12825 0.10373 0.10528
0.3074 0.30715 1.92078 -0.22669 -0.11205 1.89323 0.11454 0.11242 0.08434 0.08710
0.2919 0.34747 1.8734 -0.1801 -0.21541 1.85665 0.10599 0.09934 0.09588 0.08729
0.3117 0.36174 2.05013 -0.19974 -0.22956 2.03723 0.10782 0.11466 0.10661 0.10493
0.29352 0.29807 1.97479 -0.19724 -0.17605 1.96536 0.09617 0.11371 0.10869 0.10371
0.29312 0.2071 1.99068 -0.21785 -0.10152 1.98344 0.10629 0.12679 0.09327 0.10392
0.28722 0.09946 1.96791 -0.23536 -0.01211 1.97077 0.11769 0.13364 0.07379 0.12072
0.27947 -0.00908 1.91975 -0.2458 0.07998 1.92573 0.11439 0.11758 0.08248 0.06871
0.2729 -0.10232 1.96686 -0.27187 0.15798 1.98151 0.10839 0.12139 0.09867 0.08837
0.2608 -0.16379 1.97495 -0.28563 0.20935 1.98327 0.09908 0.11948 0.09650 0.09086
0.25692 -0.18196 1.99316 -0.29459 0.23705 1.99652 0.10582 0.12073 0.10236 0.09232
0.25013 -0.15596 1.98807 -0.29164 0.2383 1.99544 0.10243 0.11940 0.10300 0.08955
0.25906 -0.01115 1.97301 -0.27656 0.14385 2.00665 0.11934 0.12402 0.11650 0.09796
0.25501 0.17055 1.93213 -0.18177 -0.01601 1.94706 0.11630 0.07724 0.07335 0.06417
0.27203 0.2487 1.98156 -0.20278 -0.14425 2.03042 0.11907 0.12134 0.08315 0.06236
0.28372 0.3059 2.00863 -0.19036 -0.22722 2.07289 0.11559 0.11727 0.06955 0.10594
0.29339 0.33291 2.02063 -0.17706 -0.27006 2.09254 0.11581 0.11642 0.07093 0.09675
0.29524 0.33351 2.01782 -0.17286 -0.27378 2.09119 0.10995 0.11335 0.07596 0.08859
0.29039 0.31358 2.01767 -0.18214 -0.24367 2.08434 0.09863 0.11500 0.07713 0.10642
0.29165 0.24609 2.03244 -0.19332 -0.18241 2.08444 0.10511 0.12023 0.09513 0.07423
0.28728 0.15434 2.02231 -0.2151 -0.10009 2.05687 0.11185 0.12604 0.10556 0.08303
0.28104 0.05711 2.01992 -0.24005 -0.00937 2.04181 0.11847 0.13133 0.05285 0.11960
0.27359 -0.03739 2.03522 -0.2612 0.08414 2.04698 0.10921 0.13059 0.09449 0.09218
0.2568 -0.12483 2.04565 -0.27689 0.17664 2.05036 0.08782 0.12685 0.07791 0.08240
0.26447 -0.19862 2.04252 -0.28995 0.25159 2.0242 0.09289 0.12404 0.08369 0.09703
0.25754 -0.29134 1.99173 -0.30256 0.35141 1.9326 0.08723 0.10974 0.09227 0.08425
0.25196 -0.31357 1.94754 -0.30714 0.3505 1.87288 0.08476 0.10756 0.08138 0.08423
0.26119 -0.34318 1.98746 -0.3168 0.36378 1.88968 0.08381 0.10734 0.09458 0.08305
0.2704 -0.382 2.01189 -0.30467 0.35203 1.8621 0.08088 0.10830 0.06160 0.07093
0.25547 -0.40082 1.98491 -0.297 0.30396 1.81768 0.06515 0.12075 0.08250 0.07218
0.27478 -0.4483 2.13992 -0.33263 0.25139 1.93697 0.07031 0.14188 0.07988 0.08827
0.27733 -0.46672 2.16676 -0.33641 0.19497 1.93978 0.07355 0.12939 0.08268 0.08792
0.27658 -0.49329 2.19992 -0.29229 0.12141 1.93101 0.06328 0.11935 0.07326 0.09739
0.26627 -0.49607 2.17459 -0.28061 0.10084 1.90098 0.06388 0.10941 0.08980 0.08267
0.28773 -0.4936 2.21556 -0.26245 0.05878 1.92212 0.08773 0.10341 0.09454 0.11908
0.27497 -0.49524 2.21512 -0.25274 0.04578 1.91509 0.08139 0.09298 0.10379 0.09591
0.26572 -0.49634 2.20792 -0.24956 0.04081 1.91122 0.08688 0.08628 0.07951 0.09417
0.26722 -0.49574 2.20445 -0.24856 0.03962 1.91265 0.08580 0.08560 0.08203 0.10108
0.29419 -0.50823 2.29664 -0.36124 0.01758 2.06987 0.06852 0.15258 0.09936 0.09502
0.31642 -0.44228 2.19821 -0.32982 0.0395 2.01005 0.09068 0.11164 0.09410 0.08323
0.31222 -0.36797 2.06099 -0.24204 0.0531 1.91503 0.09243 0.08161 0.05217 0.10847
0.3117 -0.29312 2.00671 -0.34068 0.03064 1.92706 0.08687 0.13575 0.07781 0.07653
0.32562 -0.21303 2.06324 -0.35741 0.03409 2.02047 0.10051 0.14756 0.08708 0.09605
0.27832 -0.10826 2.0159 -0.35624 0.03645 2.03889 0.07156 0.15059 0.07234 0.08587
0.33013 -0.01852 1.98192 -0.35288 0.03693 1.98934 0.10933 0.14655 0.11047 0.09325
0.33528 0.06597 2.01098 -0.35295 0.0378 2.02321 0.12205 0.14808 0.10928 0.09150
0.3207 0.13772 1.92749 -0.34562 0.03607 1.94552 0.11274 0.13647 0.06792 0.09253
0.32971 0.20771 1.98722 -0.35073 0.03651 2.00554 0.11621 0.14609 0.10028 0.07912
0.31616 0.24882 1.89578 -0.33935 0.03588 1.91372 0.11240 0.13825 0.05953 0.09491
0.31746 0.29609 1.90325 -0.34253 0.0344 1.91986 0.10981 0.13398 0.09931 0.09159
0.32415 0.32275 1.91676 -0.34613 0.03419 1.93111 0.11103 0.13714 0.09005 0.09650
0.32488 0.33318 1.91945 -0.34666 0.03442 1.93261 0.10943 0.13497 0.08048 0.09719
0.30283 0.28671 1.89025 -0.34402 0.03257 1.91482 0.09567 0.13896 0.09139 0.09670
0.29808 0.20718 1.90502 -0.34731 0.03319 1.93 0.10770 0.13315 0.08452 0.09801
0.28969 0.10981 1.90371 -0.34677 0.03181 1.92601 0.11306 0.13482 0.07648 0.09634
0.31193 0.00064 2.00855 -0.36217 0.03361 2.0146 0.12095 0.14351 0.05733 0.09980
0.2888 -0.10424 2.01875 -0.36221 0.03292 2.0066 0.11705 0.13983 0.08951 0.09979
0.29726 -0.19431 2.13703 -0.37905 0.03402 2.09351 0.11167 0.14556 0.11657 0.10222
0.30757 -0.22969 2.18806 -0.38488 0.03383 2.12314 0.12355 0.14963 0.09364 0.11808
0.20955 -0.22116 2.02734 -0.35771 0.03244 1.97695 0.04187 0.13690 0.07832 0.10026
0.26613 -0.05284 2.06549 -0.3717 0.03193 2.05573 0.12605 0.14132 0.10493 0.10181
0.28178 0.04316 1.9403 -0.35259 0.0302 1.95048 0.12436 0.13723 0.11601 0.09896
0.28697 0.14181 1.97115 -0.36058 0.03098 1.99708 0.12512 0.14016 0.09371 0.10058
0.30395 0.23252 2.02685 -0.36389 0.03345 2.05484 0.12094 0.15109 0.08834 0.10083
0.30889 0.32779 1.95599 -0.35671 0.03208 1.98144 0.10803 0.13641 0.09297 0.09981
0.30769 0.31975 1.96048 -0.35597 0.03325 1.98677 0.10115 0.13888 0.09812 0.10001
0.29919 0.27015 1.96329 -0.35718 0.03228 1.99226 0.09881 0.14021 0.08522 0.09855
0.29569 0.18163 1.98248 -0.35911 0.03239 2.00691 0.11263 0.14199 0.08733 0.09830
0.28594 0.07986 1.99545 -0.36103 0.0317 2.01309 0.11509 0.14188 0.08275 0.10015
0.27144 -0.02808 2.01231 -0.36115 0.02969 2.01685 0.10841 0.14196 0.04301 0.09612
0.26794 -0.13139 2.12999 -0.37796 0.02999 2.10935 0.10099 0.14557 0.09854 0.10508
0.30115 -0.20297 2.18418 -0.38441 0.02937 2.13162 0.12136 0.14465 0.09633 0.10875
0.27202 -0.15463 2.06084 -0.36537 0.02764 2.02095 0.10159 0.13982 0.09369 0.09802
0.30713 -0.08192 2.11897 -0.379 0.03011 2.10075 0.12896 0.14529 0.11358 0.09774
0.31936 0.01413 2.07232 -0.37589 0.03097 2.07973 0.13214 0.14463 0.11552 0.10407
0.31311 0.11432 1.96427 -0.36079 0.03273 1.99025 0.13122 0.14170 0.11514 0.09943
0.32425 0.21283 1.96963 -0.36166 0.03621 1.99713 0.13037 0.14436 0.07877 0.09997
0.33501 0.29533 1.95513 -0.35755 0.04037 1.97531 0.12625 0.14131 0.08087 0.10154
0.36503 0.40596 1.93246 -0.35231 0.04978 1.91959 0.11597 0.13255 0.06101 0.08741
0.36537 0.4043 1.92641 -0.35345 0.05272 1.914 0.11872 0.13813 0.09518 0.09218
0.37248 0.37413 1.92198 -0.35423 0.05348 1.91057 0.13068 0.13573 0.08798 0.08914
0.39832 0.30362 1.91792 -0.35384 0.05316 1.90987 0.13708 0.13704 0.08731 0.09437
0.45828 0.14571 2.01009 -0.37051 0.04775 2.00889 0.12948 0.13953 0.07774 0.09789
0.45999 0.06579 2.00062 -0.36649 0.04095 1.99767 0.11267 0.13028 0.09468 0.09587
0.45385 -0.00456 2.00007 -0.36501 0.03073 1.99472 0.10311 0.12793 0.06865 0.09450
0.44941 -0.04367 1.97479 -0.36085 0.02128 1.9674 0.11318 0.12421 0.08445 0.09392
0.44656 -0.05605 1.9704 -0.359 0.01484 1.96099 0.13075 0.12230 0.07997 0.09698
0.45504 -0.05238 1.98572 -0.36172 0.00996 1.97484 0.13531 0.12316 0.09753 0.10341
0.48496 -0.02222 2.09877 -0.3819 0.00987 2.08826 0.14048 0.13717 0.05087 0.10927
0.47291 0.00466 2.02294 -0.37188 0.01148 2.01603 0.14198 0.13003 0.08082 0.09921
0.47173 0.01782 2.02543 -0.35825 0.01412 2.01825 0.13619 0.13772 0.07580 0.12311
0.46828 0.02126 2.01295 -0.35384 0.01552 2.00752 0.13732 0.13898 0.07452 0.13122
0.47177 0.02472 2.03306 -0.37661 0.01566 2.03142 0.13741 0.13536 0.07572 0.09737
0.47028 0.02629 2.03059 -0.37485 0.01457 2.03044 0.13548 0.14283 0.04840 0.07992
0.4641 0.0297 2.02842 -0.37684 0.01713 2.03186 0.13390 0.14190 0.07788 0.08118
0.46261 0.03008 2.0273 -0.37837 0.01666 2.03187 0.13219 0.14851 0.07464 0.08262
0.46268 0.0303 2.02881 -0.37119 0.01767 2.03328 0.13404 0.14095 0.07546 0.08338
0.45837 0.02872 2.01305 -0.37195 0.01691 2.02227 0.12691 0.13913 0.08902 0.08049
0.45425 0.02765 2.00816 -0.37284 0.01619 2.0184 0.13004 0.14208 0.07220 0.08249
0.45224 0.02724 2.00757 -0.37545 0.01354 2.01974 0.12707 0.14487 0.07668 0.08096
0.45143 0.02624 2.00472 -0.37513 0.01257 2.01832 0.12917 0.14134 0.08110 0.08218
0.44855 0.02638 2.00293 -0.37539 0.0124 2.01791 0.13018 0.14390 0.05162 0.07751
0.44783 0.02582 2.00256 -0.3765 0.0127 2.01847 0.13123 0.14365 0.07590 0.08325
0.4461 0.02701 2.01113 -0.38729 0.01326 2.02988 0.13205 0.14313 0.07469 0.05612
0.4397 0.02634 1.99275 -0.37963 0.01082 2.01251 0.12604 0.14755 0.05869 0.08186
0.42816 0.0276 1.98682 -0.37988 0.0093 2.01128 0.12766 0.14604 0.07675 0.07464
0.42275 0.03119 2.05757 -0.39429 0.00867 2.0906 0.13022 0.14977 0.07744 0.08224
0.3919 0.03241 2.04518 -0.39262 0.0071 2.08491 0.13050 0.14646 0.06546 0.08115
0.32923 0.0323 1.93824 -0.37415 0.00416 1.98353 0.12586 0.14570 0.05095 0.08003
0.28412 0.0346 1.98091 -0.37628 0.00181 2.03188 0.12191 0.14288 0.05117 0.08382
0.21659 0.03396 1.89862 -0.36429 -0.00144 1.95135 0.11525 0.14463 0.05861 0.07787
0.04206 0.00762 1.90506 -0.36343 -0.0134 1.97751 0.11361 0.13890 0.08127 0.07453
-0.00773 -0.00353 1.90195 -0.35353 -0.01559 1.9809 0.13518 0.13151 0.10117 0.07879
-0.19397 0.01722 1.92566 -0.18923 0.01194 1.92404 0.07005 0.07200 0.07284 0.06757
-0.33104 0.01885 1.90762 -0.32919 -0.00762 1.89788 0.06208 0.04889 0.06891 0.04704
-0.14107 0.13684 1.93881 -0.43451 0.0158 2.02285 0.13814 0.08860 0.14598 0.08184
-0.11875 0.16776 1.96896 -0.46688 0.02227 2.06456 0.13758 0.12301 0.08639 0.04697
-0.09592 0.19306 1.9164 -0.45323 0.02879 2.00959 0.13194 0.12754 0.08111 0.05883
-0.07945 0.22656 1.988 -0.46959 0.03305 2.08075 0.13579 0.13467 0.07772 0.04708
-0.04134 0.22985 1.98686 -0.47065 0.03503 2.0884 0.13821 0.13205 0.07931 0.05142
0.01058 0.2487 2.01059 -0.47401 0.03638 2.10811 0.14499 0.13724 0.07584 0.09248
0.03432 0.25842 2.01457 -0.47365 0.03497 2.10539 0.15149 0.13813 0.06625 0.09683
0.05889 0.26965 2.01776 -0.46613 0.0355 2.10376 0.15256 0.14009 0.06976 0.05219
0.12452 0.24018 1.9979 -0.46085 0.03451 2.09726 0.14745 0.14078 0.06907 0.04755
0.14649 0.24231 2.00277 -0.45564 0.03418 2.09348 0.15198 0.13963 0.06364 0.07830
0.18194 0.24052 2.01054 -0.46536 0.02997 2.09849 0.15161 0.14208 0.09349 0.08256
0.22122 0.2213 1.9358 -0.43487 0.0255 2.01074 0.10231 0.13481 0.09149 0.08411
0.38426 0.13763 1.98858 -0.44358 0.0214 2.07083 0.13990 0.13847 0.07278 0.08318
0.46846 0.05837 1.9284 -0.42378 0.01132 2.00558 0.12432 0.13191 0.06879 0.04766
0.4908 0.01549 1.86077 -0.40441 0.00493 1.93475 0.11892 0.13339 0.10492 0.07372
0.58173 -0.04363 2.01378 -0.434 -0.00202 2.0871 0.12579 0.14487 0.10923 0.09627
0.60449 -0.10131 1.94692 -0.42274 -0.02036 2.01571 0.11197 0.13012 0.10670 0.04544
0.65001 -0.16935 1.9774 -0.41702 -0.03614 2.04782 0.10071 0.13384 0.10230 0.09051
0.69185 -0.29987 1.97277 -0.37805 -0.09384 1.98841 0.11837 0.11503 0.06660 0.08911
0.67925 -0.37048 1.79455 -0.35361 -0.11586 1.87346 0.06954 0.10443 0.02279 0.07886
0.71342 -0.41208 1.93223 -0.36291 -0.16284 1.91597 0.13202 0.09127 0.08725 0.07751
0.72743 -0.46297 1.9455 -0.37614 -0.21135 1.92552 0.13028 0.09149 0.05437 0.06621
0.71663 -0.49649 1.97429 -0.35973 -0.25416 1.92931 0.16321 0.08574 0.12642 0.10923
0.70068 -0.6023 2.0226 -0.29667 -0.40502 1.96365 0.12754 0.09737 0.07312 0.07681
0.70123 -0.62695 2.04118 -0.27278 -0.45115 1.98646 0.10291 0.10701 0.12170 0.07098
0.70219 -0.65755 2.0269 -0.22482 -0.49619 1.96086 0.14325 0.07797 0.11557 0.06068
0.69259 -0.71634 1.92733 -0.16598 -0.63818 1.84681 0.09620 0.11176 0.07322 0.09293
0.68122 -0.70924 1.91153 -0.1728 -0.64791 1.83537 0.15977 0.11175 0.10035 0.07790
0.66886 -0.70185 1.88603 -0.10928 -0.62679 1.79202 0.15700 0.12898 0.09808 0.05070
0.66415 -0.70305 1.89428 -0.107 -0.63066 1.79829 0.11508 0.13226 0.09789 0.06487
0.66143 -0.70472 1.88367 -0.10678 -0.63148 1.7925 0.10522 0.12918 0.14456 0.08300
0.66146 -0.71112 1.88249 -0.10686 -0.63232 1.79359 0.12481 0.12941 0.14210 0.06285
0.65791 -0.70998 1.87941 -0.10683 -0.63299 1.79159 0.12606 0.13139 0.12430 0.04767
0.65179 -0.70915 1.87593 -0.10603 -0.6337 1.78691 0.11542 0.12943 0.12768 0.05303
0.64595 -0.711 1.87381 -0.0964 -0.5934 1.87041 0.11323 0.08163 0.10691 0.10112
0.64307 -0.71174 1.87599 -0.13157 -0.63909 1.7877 0.11429 0.12313 0.11005 0.05676
0.64497 -0.71317 1.87753 -0.13239 -0.63971 1.78923 0.11972 0.12363 0.10992 0.08586
0.64781 -0.71679 1.87368 -0.13177 -0.63895 1.78783 0.10965 0.12427 0.11856 0.06733
0.64853 -0.71936 1.86684 -0.132 -0.64061 1.78062 0.10581 0.12420 0.10631 0.08558
0.6515 -0.71685 1.86572 -0.12597 -0.64029 1.77706 0.12257 0.12455 0.11683 0.08353
0.65434 -0.71942 1.8665 -0.12534 -0.64065 1.77481 0.10674 0.12525 0.09849 0.08283
0.65364 -0.71889 1.86401 -0.12522 -0.6406 1.77411 0.10421 0.12463 0.11178 0.06917
0.65569 -0.71913 1.86244 -0.12581 -0.64162 1.77176 0.10416 0.12405 0.10342 0.08618
0.65541 -0.72421 1.86183 -0.12489 -0.64025 1.77372 0.11445 0.12546 0.10185 0.06742
0.65886 -0.72155 1.86133 -0.12722 -0.64209 1.7728 0.11190 0.12149 0.10649 0.08757
0.65755 -0.72285 1.86132 -0.12808 -0.64082 1.77486 0.11411 0.12311 0.10459 0.08663
0.65693 -0.72547 1.85881 -0.1261 -0.64158 1.77119 0.11962 0.12330 0.09091 0.08315
0.65691 -0.72438 1.86117 -0.12631 -0.64142 1.77105 0.10769 0.12458 0.09715 0.07825
0.65888 -0.72259 1.85576 -0.12514 -0.64074 1.76927 0.10458 0.12450 0.11635 0.07865
]
