classifier_Man_goes_to_man_45547 [ 0.57445 -0.75794 2.11383 -0.05873 -0.6637 1.80623 0.11506 0.11390 0.08903 0.07955
0.57622 -0.75781 2.11239 -0.05931 -0.66365 1.80618 0.12126 0.11388 0.08903 0.07903
0.57373 -0.75816 2.11436 -0.05907 -0.66346 1.80653 0.11688 0.11380 0.08903 0.07953
0.58153 -0.75517 2.10363 -0.0591 -0.66234 1.80387 0.10642 0.11377 0.09043 0.07891
0.58567 -0.74727 2.08722 -0.05824 -0.66298 1.80354 0.10904 0.11547 0.10980 0.07981
0.59696 -0.74086 2.05591 -0.05847 -0.66002 1.79777 0.09962 0.11673 0.10621 0.07865
0.57672 -0.73552 2.05749 -0.0588 -0.66295 1.80713 0.12615 0.11299 0.11201 0.07968
0.51588 -0.78166 2.13092 -0.05762 -0.64728 1.80167 0.04649 0.10088 0.11265 0.08090
0.43946 -0.64717 1.93183 -0.04826 -0.67729 1.74134 0.13142 0.10837 0.05962 0.08970
0.41925 -0.63612 1.87193 -0.05986 -0.60888 1.76125 0.10528 0.08404 0.08015 0.13357
0.38669 -0.6542 1.90443 -0.08238 -0.46076 1.7901 0.11546 0.07925 0.09794 0.11047
0.33086 -0.67585 1.88837 -0.09475 -0.19857 1.72107 0.11897 0.09774 0.08240 0.06879
0.31834 -0.68428 1.80311 -0.12629 -0.09286 1.66927 0.14242 0.12557 0.07501 0.11079
0.31042 -0.66981 1.95001 -0.12442 0.07638 1.69271 0.14412 0.11527 0.08072 0.09581
0.30293 -0.67064 1.70913 -0.09976 0.20958 1.57913 0.13832 0.11571 0.07196 0.07787
0.35274 -0.74539 2.07208 -0.11682 0.28033 1.76859 0.13335 0.10226 0.07605 0.11319
0.34304 -0.71985 2.0267 -0.11293 0.29649 1.72982 0.14036 0.10613 0.07504 0.09881
0.34185 -0.71856 2.07965 -0.10545 0.30935 1.7706 0.15909 0.11307 0.08601 0.10124
0.3407 -0.7183 2.08816 -0.05003 0.30158 1.77535 0.14708 0.11923 0.08543 0.10768
0.28277 -0.67185 1.99698 -0.01725 0.2501 1.73295 0.14713 0.12155 0.09135 0.09938
0.27467 -0.66372 1.97422 0.00202 0.16054 1.71511 0.14516 0.12596 0.08834 0.08499
0.38481 -0.78437 1.91254 0.00532 -0.00466 1.65753 0.09795 0.12324 0.04131 0.07402
0.34396 -0.73121 1.78105 0.007 -0.05148 1.62597 0.07237 0.11397 0.05254 0.07465
0.3543 -0.7433 1.83739 -0.01108 -0.09872 1.66793 0.06945 0.10368 0.04161 0.07910
0.33478 -0.71605 1.7724 -0.05643 -0.147 1.67206 0.11342 0.10782 0.06844 0.08137
0.33903 -0.72009 1.77874 -0.11216 -0.17368 1.69646 0.11800 0.08122 0.06896 0.07994
0.33513 -0.72589 1.76407 -0.25655 -0.16132 1.71672 0.12269 0.09796 0.06050 0.08183
0.3231 -0.67453 1.89654 -0.36964 -0.04685 1.80261 0.13337 0.11544 0.06865 0.06976
0.32186 -0.67412 1.90071 -0.36947 -0.03645 1.81022 0.13518 0.09506 0.06783 0.06391
0.32537 -0.66939 1.91048 -0.34278 -0.05202 1.81121 0.14553 0.11931 0.05816 0.06953
0.31789 -0.6568 1.89097 -0.32284 -0.0717 1.78966 0.12770 0.12353 0.05559 0.06535
0.30903 -0.6172 1.78516 -0.29813 -0.08351 1.72646 0.14034 0.13257 0.07603 0.06578
0.36316 -0.52864 1.87707 -0.30675 -0.11094 1.84381 0.17814 0.14118 0.06685 0.07061
0.36816 -0.41252 1.92735 -0.30526 -0.12735 1.89744 0.20299 0.15008 0.07641 0.07553
0.35286 -0.25567 1.81355 -0.29036 -0.13483 1.8417 0.15854 0.14757 0.13769 0.07344
0.3259 -0.09145 1.70895 -0.27836 -0.13728 1.78549 0.16979 0.13970 0.10045 0.07031
0.32264 0.02472 1.7614 -0.28377 -0.15345 1.84838 0.15661 0.14909 0.08637 0.07101
0.30701 0.13518 1.78197 -0.2821 -0.16003 1.86615 0.13231 0.15182 0.09244 0.07191
0.28774 0.20384 1.7838 -0.27575 -0.16415 1.85888 0.10426 0.13445 0.09913 0.07053
0.26915 0.25457 1.79038 -0.27291 -0.16575 1.86133 0.10179 0.13705 0.10304 0.07304
0.24018 0.29204 1.77637 -0.26887 -0.16499 1.84315 0.10602 0.13265 0.10454 0.07027
0.21815 0.3038 1.79849 -0.27169 -0.16909 1.86724 0.11060 0.13629 0.10511 0.07204
0.18947 0.29053 1.78921 -0.27159 -0.17059 1.85971 0.11653 0.12832 0.10090 0.07126
0.15744 0.26044 1.77686 -0.27096 -0.17016 1.84659 0.11909 0.13097 0.09433 0.06989
0.09236 0.27003 1.77005 -0.26995 -0.16975 1.8293 0.13802 0.11972 0.09306 0.06996
0.06947 0.20573 1.75072 -0.26942 -0.16679 1.81331 0.13090 0.11933 0.09060 0.07083
0.04255 0.17228 1.81396 -0.28171 -0.1701 1.87801 0.12647 0.12286 0.10817 0.07164
0.07172 0.03534 1.82899 -0.28797 -0.16904 1.90721 0.13069 0.12068 0.07428 0.07370
0.0582 -0.00577 1.72929 -0.27532 -0.15326 1.80204 0.12003 0.11000 0.07663 0.06908
0.08428 -0.06905 1.71673 -0.27675 -0.14602 1.78825 0.11223 0.10429 0.06758 0.06907
0.11911 -0.10722 1.73811 -0.2852 -0.141 1.81044 0.07345 0.10483 0.13331 0.06859
0.17996 -0.14687 1.79256 -0.29656 -0.13657 1.8496 0.07434 0.11244 0.10899 0.06943
0.25028 -0.15317 1.80801 -0.3013 -0.12898 1.84654 0.08057 0.12028 0.11267 0.06986
0.31266 -0.14412 1.73131 -0.29158 -0.11967 1.76681 0.07896 0.12791 0.10158 0.06740
0.42049 -0.12837 1.80919 -0.30515 -0.12383 1.82142 0.08742 0.13811 0.10206 0.06898
0.44044 -0.13391 1.79015 -0.30103 -0.12808 1.79676 0.09768 0.13484 0.08053 0.06758
0.47832 -0.15989 1.88103 -0.31265 -0.14355 1.89072 0.13605 0.14223 0.07863 0.07114
0.47526 -0.17844 1.85409 -0.30072 -0.14502 1.86645 0.14260 0.14623 0.07981 0.07367
0.45694 -0.19531 1.86732 -0.28409 -0.14565 1.87424 0.13140 0.13827 0.08346 0.07225
0.4511 -0.19159 1.86739 -0.28168 -0.14414 1.87485 0.12106 0.13332 0.07769 0.07397
0.4376 -0.18026 1.83547 -0.2771 -0.14156 1.84454 0.09280 0.13143 0.09259 0.07269
0.42464 -0.1629 1.83337 -0.27729 -0.13659 1.84372 0.09620 0.14194 0.08232 0.07276
0.41137 -0.13334 1.85727 -0.28104 -0.14461 1.87856 0.09995 0.13622 0.07788 0.07264
0.38481 -0.10009 1.85829 -0.27989 -0.14527 1.88423 0.10328 0.13659 0.08704 0.07317
0.34691 -0.06291 1.82859 -0.27275 -0.14359 1.86019 0.09516 0.13512 0.09293 0.07213
0.29449 -0.02874 1.72645 -0.25483 -0.13126 1.76127 0.08504 0.13738 0.09371 0.06815
0.25744 -0.00361 1.72837 -0.25187 -0.13652 1.77473 0.08433 0.12640 0.07636 0.07014
0.16552 0.02398 1.81035 -0.25463 -0.14442 1.87095 0.08879 0.13474 0.05006 0.07285
0.10435 0.02216 1.7638 -0.24186 -0.14093 1.82464 0.09266 0.13137 0.11631 0.07147
0.05353 -0.00349 1.7459 -0.23399 -0.14102 1.80739 0.09064 0.13431 0.04889 0.07383
-0.03631 -0.05644 1.73164 -0.21877 -0.13887 1.79437 0.09997 0.13264 0.06409 0.06895
-0.04962 -0.09713 1.6447 -0.09092 -0.05406 1.64792 0.09141 0.10556 0.04448 0.06244
-0.0641 -0.12812 1.70185 -0.02808 -0.15228 1.70945 0.10302 0.07739 0.04980 0.07158
-0.07461 -0.14539 1.76036 -0.08791 -0.14216 1.75815 0.10434 0.05238 0.04859 0.07814
-0.06552 -0.15268 1.77629 -0.08909 -0.13901 1.77332 0.10802 0.04999 0.04788 0.08406
-0.05476 -0.15411 1.7763 -0.08263 -0.13402 1.77163 0.11154 0.04041 0.06325 0.08203
-0.04474 -0.1494 1.78199 -0.11163 -0.11435 1.79338 0.10731 0.05876 0.06880 0.10081
0.02668 -0.13483 1.76232 9E-05 -0.11792 1.75418 0.09530 0.03754 0.06169 0.08034
0.05461 -0.13078 1.72333 0.02911 -0.11849 1.71909 0.08423 0.04548 0.06288 0.08114
0.12504 -0.15195 1.69527 0.06213 -0.08721 1.69594 0.06617 0.05123 0.05672 0.04108
0.16787 -0.18997 1.8037 -0.27685 -0.16565 1.90447 0.09943 0.14399 0.07613 0.14007
0.21799 -0.24834 1.80024 -0.28273 -0.21686 1.88978 0.09843 0.11354 0.07836 0.06765
0.25323 -0.29317 1.65544 -0.26795 -0.25246 1.73855 0.06887 0.09626 0.05961 0.06407
0.32139 -0.37451 1.67401 -0.28422 -0.30197 1.71687 0.07219 0.07571 0.05465 0.04729
0.40156 -0.46553 1.79385 -0.28498 -0.39676 1.8161 0.08583 0.09550 0.05292 0.05503
0.45833 -0.51759 1.8037 -0.28046 -0.43583 1.73706 0.09174 0.08266 0.05817 0.06727
0.50041 -0.57583 1.87767 -0.27097 -0.49222 1.72234 0.11674 0.09129 0.08152 0.09692
0.53923 -0.59571 1.8512 -0.25108 -0.52676 1.6758 0.10199 0.09106 0.09409 0.08516
0.53454 -0.65275 1.92574 -0.1713 -0.67237 1.64206 0.06958 0.11937 0.06276 0.08594
0.58594 -0.67192 1.9427 -0.20285 -0.66774 1.61244 0.10070 0.14333 0.10284 0.07243
0.61731 -0.72204 2.05112 -0.11927 -0.66157 1.88903 0.08892 0.08568 0.11191 0.08953
0.61182 -0.71564 1.91723 -0.3448 -0.83105 1.79041 0.10588 0.09863 0.09476 0.07017
0.52635 -0.74905 2.14534 -0.33987 -0.79475 1.96834 0.11219 0.09366 0.06636 0.02537
0.52608 -0.74638 2.14943 -0.35346 -0.78986 2.00857 0.13805 0.10540 0.07293 0.06251
0.53026 -0.74766 2.14926 -0.3531 -0.79106 2.00547 0.12657 0.08997 0.07482 0.07452
0.53729 -0.74972 2.12761 -0.35329 -0.78764 1.99738 0.12688 0.05851 0.08688 0.06775
0.54462 -0.75939 2.11782 -0.35425 -0.78927 1.99499 0.14404 0.10390 0.08756 0.06554
0.57171 -0.75901 2.08081 -0.35169 -0.78368 1.98387 0.12431 0.07180 0.08206 0.07100
0.57623 -0.75914 2.07463 -0.35874 -0.77064 2.03438 0.12258 0.13056 0.07664 0.04122
0.64673 -0.76614 2.02682 -0.36144 -0.76506 2.04959 0.10700 0.10201 0.08421 0.03255
0.5833 -0.75847 2.05638 -0.34503 -0.78704 1.94808 0.12548 0.08075 0.08159 0.02772
0.65215 -0.76553 2.02251 -0.35138 -0.78042 1.97691 0.10484 0.05743 0.09632 0.07409
0.6513 -0.76549 2.0232 -0.35355 -0.78316 1.98747 0.10510 0.06028 0.08926 0.06591
0.64792 -0.76526 2.02657 -0.35334 -0.78342 1.99117 0.10636 0.09866 0.12368 0.06507
0.64725 -0.76657 2.029 -0.35408 -0.78423 1.9929 0.10649 0.09527 0.08412 0.06446
0.58477 -0.76023 2.06772 -0.36164 -0.77144 2.04016 0.13466 0.10175 0.08958 0.04876
0.58609 -0.76005 2.07 -0.36497 -0.77204 2.05343 0.12617 0.14048 0.09809 0.04655
0.58676 -0.76027 2.07123 -0.36532 -0.76663 2.05717 0.12677 0.14136 0.10239 0.05387
0.5869 -0.7607 2.072 -0.36402 -0.76662 2.05774 0.12501 0.09636 0.10015 0.04015
0.59095 -0.75874 2.07591 -0.36433 -0.76802 2.05945 0.10986 0.10653 0.10881 0.05209
]
