classifier_Monkey_goes_to_fence_1750 [ 0.58322 -0.65903 1.85574 -0.03019 -0.52578 1.74204 0.11621 0.12497 0.10843 0.12301
0.61537 -0.69383 1.95224 -0.08521 -0.45071 1.86541 0.12521 0.11192 0.11594 0.09391
0.6171 -0.69258 1.94635 -0.09087 -0.44848 1.85836 0.12073 0.10561 0.11512 0.09653
0.59391 -0.59815 1.95166 -0.16833 -0.45079 1.82768 0.08934 0.10680 0.10201 0.11157
0.56649 -0.52655 1.79469 -0.16847 -0.38424 1.73974 0.08925 0.08378 0.13976 0.12140
0.52956 -0.46077 1.70128 -0.17505 -0.32737 1.69739 0.13258 0.07114 0.05702 0.10069
0.47673 -0.39257 1.69264 -0.1857 -0.28605 1.72345 0.09360 0.06641 0.05280 0.09668
0.27815 -0.19162 1.58351 -0.14812 -0.11889 1.5915 0.11590 0.08096 0.06181 0.07211
0.23017 -0.14712 1.56507 -0.15431 -0.08361 1.56506 0.11623 0.09127 0.08980 0.09924
0.19223 -0.11144 1.52024 -0.13991 -0.05144 1.5199 0.10933 0.08926 0.08245 0.09019
-0.1052 -0.00535 1.4208 0.06811 -0.02888 1.42312 0.09623 0.09056 0.08873 0.06512
-0.1055 0.00022 1.41324 0.06838 -0.01991 1.41612 0.09909 0.08888 0.08200 0.06074
-0.08101 0.01491 1.43129 0.12734 -0.01003 1.4281 0.07553 0.07294 0.05633 0.05704
0.19284 -0.01302 1.54485 -0.14768 0.0165 1.54857 0.12229 0.09529 0.09063 0.08767
0.21883 -0.01367 1.53753 -0.18316 0.01603 1.54161 0.11631 0.10222 0.09790 0.06826
0.33111 -0.04734 1.61788 -0.3106 0.00141 1.60374 0.12001 0.11724 0.10872 0.06606
0.37757 -0.07325 1.62928 -0.38529 -0.0543 1.67062 0.10914 0.14456 0.11088 0.13964
0.42921 -0.11283 1.65574 -0.42939 -0.03555 1.70555 0.11694 0.15776 0.10039 0.14872
0.44317 -0.1459 1.61121 -0.44984 -0.02438 1.61018 0.11662 0.14274 0.08850 0.10399
0.4467 -0.1635 1.60751 -0.46763 -0.03911 1.58897 0.11081 0.13521 0.09086 0.08155
0.43861 -0.19115 1.61516 -0.47613 -0.04595 1.57783 0.09717 0.13731 0.09906 0.07293
0.4136 -0.21917 1.6244 -0.47691 -0.04882 1.56756 0.08145 0.13133 0.09758 0.06896
0.38667 -0.24991 1.6577 -0.4755 -0.04876 1.5712 0.06775 0.13387 0.05721 0.07195
0.37134 -0.27926 1.70175 -0.4743 -0.0507 1.57881 0.06314 0.13319 0.04652 0.07781
0.3565 -0.30912 1.72799 -0.47201 -0.055 1.57573 0.06708 0.13541 0.04224 0.07804
0.33673 -0.34201 1.75827 -0.46981 -0.05906 1.58163 0.06571 0.13529 0.07455 0.07150
0.31676 -0.41538 1.82565 -0.47247 -0.06405 1.5965 0.06163 0.13865 0.07465 0.07254
0.27313 -0.50405 1.90419 -0.4823 -0.07045 1.63903 0.16063 0.14340 0.08763 0.07647
0.2708 -0.50294 1.8999 -0.48107 -0.07381 1.63713 0.16071 0.14167 0.08394 0.07456
0.2667 -0.49799 1.89649 -0.47991 -0.07451 1.63738 0.16116 0.14377 0.08701 0.08142
0.26428 -0.49668 1.89254 -0.48036 -0.07517 1.63739 0.14175 0.14559 0.08183 0.07904
0.23976 -0.50193 1.80605 -0.4713 -0.0759 1.5973 0.16066 0.14231 0.08334 0.06851
0.24054 -0.49836 1.80836 -0.47394 -0.07543 1.59414 0.15713 0.13940 0.08713 0.06906
0.24391 -0.49467 1.80277 -0.47447 -0.07513 1.59369 0.15128 0.14249 0.08382 0.07221
0.24393 -0.49129 1.78667 -0.47261 -0.07393 1.58414 0.14705 0.14108 0.08653 0.06838
0.25281 -0.48132 1.77742 -0.4745 -0.07209 1.58261 0.15350 0.13882 0.13539 0.07224
0.28897 -0.42573 1.78402 -0.47464 -0.06799 1.58273 0.12768 0.14271 0.11493 0.06918
0.35564 -0.36625 1.77928 -0.48267 -0.06389 1.5897 0.07746 0.14288 0.08330 0.06824
0.35597 -0.33179 1.69265 -0.4626 -0.05987 1.5161 0.08864 0.13775 0.11298 0.06546
0.37181 -0.31456 1.68135 -0.46229 -0.05851 1.50903 0.11056 0.13820 0.06192 0.06495
0.38794 -0.30098 1.67969 -0.46222 -0.05894 1.50292 0.12056 0.13633 0.08861 0.06419
0.45487 -0.30297 1.85219 -0.49426 -0.06072 1.61891 0.13107 0.14828 0.06405 0.06866
0.41491 -0.28085 1.75102 -0.46171 -0.0567 1.51864 0.11035 0.14004 0.06114 0.06407
0.40895 -0.27753 1.74857 -0.45731 -0.05682 1.51104 0.10067 0.13384 0.05407 0.06276
0.4118 -0.27926 1.76655 -0.45866 -0.05688 1.52169 0.10360 0.13641 0.07826 0.06411
0.40724 -0.27502 1.77138 -0.45288 -0.05833 1.52285 0.10620 0.14118 0.09367 0.06320
0.40477 -0.27423 1.76835 -0.44952 -0.05809 1.51828 0.11847 0.14205 0.06039 0.06470
0.40429 -0.27483 1.76368 -0.4482 -0.05712 1.51883 0.11183 0.14110 0.09666 0.07376
0.40258 -0.26799 1.76307 -0.44781 -0.05765 1.51868 0.10212 0.14005 0.10069 0.06417
0.38585 -0.25674 1.74038 -0.44298 -0.05673 1.50527 0.09478 0.13748 0.08012 0.06430
0.37664 -0.22708 1.76113 -0.45327 -0.05548 1.55651 0.09188 0.14265 0.08880 0.06322
0.36819 -0.1954 1.71272 -0.44634 -0.05498 1.53904 0.09203 0.14233 0.08286 0.06568
0.3535 -0.15865 1.69713 -0.44775 -0.05583 1.5552 0.08405 0.14553 0.05910 0.06636
0.34601 -0.11641 1.66902 -0.44279 -0.05466 1.54414 0.09986 0.14450 0.07697 0.06650
0.33389 -0.0649 1.65141 -0.43949 -0.05444 1.54541 0.08846 0.14239 0.04656 0.06573
0.33452 -0.01817 1.65299 -0.44073 -0.05299 1.56514 0.08891 0.14493 0.05500 0.06658
0.34013 0.01176 1.65088 -0.4385 -0.04951 1.56942 0.09452 0.14801 0.06887 0.06999
0.34094 0.02855 1.64397 -0.43557 -0.04978 1.56613 0.09904 0.14442 0.06605 0.06718
0.35229 0.00184 1.58557 -0.42736 -0.04341 1.56738 0.09250 0.14671 0.07291 0.06304
0.35339 -0.00704 1.58413 -0.42742 -0.04159 1.57074 0.09106 0.14809 0.07873 0.06511
0.35435 -0.01198 1.5745 -0.42624 -0.0416 1.56819 0.09025 0.14563 0.06587 0.07333
0.35585 -0.02002 1.578 -0.42688 -0.04458 1.57185 0.09148 0.15041 0.07023 0.07415
0.3553 -0.02086 1.57915 -0.42752 -0.04699 1.57162 0.09194 0.15020 0.07350 0.06816
0.35555 -0.01974 1.57494 -0.42713 -0.04533 1.56864 0.09146 0.14744 0.07341 0.07240
0.35581 -0.02103 1.57244 -0.42643 -0.04589 1.57001 0.08961 0.14687 0.07704 0.07420
0.3527 -0.02134 1.56929 -0.42498 -0.04686 1.56769 0.08956 0.14343 0.06591 0.07544
0.34826 -0.02011 1.5644 -0.42299 -0.04716 1.56667 0.09042 0.14390 0.07176 0.07137
0.34208 -0.02077 1.56401 -0.42251 -0.04733 1.56805 0.09046 0.14514 0.07019 0.07012
0.32704 -0.02475 1.55757 -0.42241 -0.0464 1.56961 0.09170 0.14480 0.07320 0.06976
0.3137 -0.02697 1.552 -0.42151 -0.0466 1.57102 0.09341 0.14818 0.08302 0.06953
0.2957 -0.03053 1.54632 -0.42111 -0.04708 1.56718 0.09333 0.14819 0.05742 0.07105
0.27649 -0.0343 1.54334 -0.42119 -0.04672 1.56714 0.09550 0.14767 0.05573 0.06696
0.22178 -0.03416 1.51113 -0.41295 -0.04401 1.54838 0.09216 0.14403 0.05520 0.06853
0.19398 -0.03458 1.52092 -0.41477 -0.04255 1.55573 0.09441 0.14448 0.06137 0.06886
0.16903 -0.03557 1.56649 -0.42624 -0.04502 1.6078 0.10047 0.15005 0.05944 0.07179
0.13642 -0.03507 1.56918 -0.4248 -0.04486 1.60809 0.10185 0.14828 0.06355 0.06910
0.09685 -0.03255 1.5718 -0.42356 -0.04233 1.61242 0.10274 0.14859 0.05731 0.07259
0.06215 -0.03189 1.58206 -0.42176 -0.0399 1.6261 0.10667 0.15042 0.05642 0.07442
0.02625 -0.03237 1.59012 -0.42043 -0.04003 1.6287 0.11256 0.14993 0.07572 0.06843
-0.0104 -0.03232 1.59132 -0.41451 -0.04004 1.62997 0.11647 0.15137 0.07980 0.07457
-0.058 -0.02824 1.57101 -0.40488 -0.03855 1.60697 0.10606 0.14938 0.06695 0.06603
-0.08867 -0.0331 1.58535 -0.40193 -0.03765 1.61577 0.11317 0.14958 0.07153 0.06746
-0.11878 -0.03891 1.60636 -0.40106 -0.03753 1.62911 0.11676 0.14993 0.07344 0.06602
-0.14056 -0.0452 1.62457 -0.39944 -0.03683 1.64006 0.11583 0.15006 0.06831 0.06467
-0.18824 -0.035 1.57609 -0.38171 -0.03194 1.58181 0.09653 0.14243 0.06376 0.06570
-0.1866 -0.05734 1.63012 -0.38722 -0.02723 1.63088 0.12358 0.14473 0.06531 0.11192
-0.19891 -0.06267 1.64211 -0.37803 -0.02954 1.64476 0.12008 0.15125 0.07052 0.10235
-0.21167 -0.06254 1.62128 -0.3447 -0.02831 1.62169 0.12077 0.15772 0.06647 0.07734
-0.24623 -0.05101 1.58039 -0.35133 -0.03343 1.58997 0.13024 0.14712 0.05129 0.06883
-0.25196 -0.05317 1.61888 -0.36775 -0.02946 1.61925 0.13191 0.15296 0.06897 0.06984
-0.26888 -0.04339 1.55859 -0.34556 -0.0181 1.53344 0.12354 0.12957 0.11506 0.08130
-0.25936 -0.04506 1.52431 -0.35012 -0.02423 1.50667 0.11335 0.12668 0.11312 0.07230
-0.25945 -0.04709 1.53236 -0.3582 -0.0289 1.50937 0.11446 0.12327 0.08308 0.05311
-0.25765 -0.05005 1.53559 -0.36052 -0.02948 1.51324 0.11804 0.12280 0.09592 0.06705
-0.27383 -0.04492 1.51108 -0.35809 -0.01559 1.46716 0.11728 0.10615 0.10628 0.06482
-0.25629 -0.05132 1.52714 -0.36081 -0.02475 1.51382 0.11804 0.12759 0.07763 0.05637
-0.27386 -0.04619 1.51133 -0.36073 -0.01491 1.46525 0.11731 0.09872 0.10947 0.06541
-0.27506 -0.04628 1.52054 -0.35201 -0.019 1.4959 0.11917 0.12265 0.10201 0.06529
-0.27362 -0.0477 1.52646 -0.33021 -0.02096 1.50631 0.11792 0.13144 0.11039 0.07571
-0.26895 -0.04791 1.50708 -0.35322 -0.01667 1.47169 0.11434 0.10795 0.11131 0.06376
-0.274 -0.04967 1.53674 -0.34146 -0.01825 1.50825 0.11641 0.11911 0.11359 0.06818
-0.27288 -0.04906 1.53283 -0.3602 -0.01731 1.50375 0.11620 0.11450 0.11414 0.06643
-0.27102 -0.049 1.52316 -0.35307 -0.0167 1.49548 0.11109 0.11568 0.11314 0.06456
-0.27298 -0.04949 1.52812 -0.35457 -0.01775 1.50173 0.11544 0.11603 0.11228 0.06558
-0.27226 -0.04968 1.52766 -0.35531 -0.01801 1.50013 0.11128 0.11822 0.10984 0.06417
-0.273 -0.04987 1.52815 -0.35461 -0.01834 1.50183 0.11158 0.11478 0.10997 0.06480
-0.27141 -0.04936 1.52641 -0.34933 -0.01925 1.50201 0.11075 0.11873 0.10854 0.07175
-0.26793 -0.04688 1.538 -0.35864 -0.02773 1.53406 0.13060 0.12541 0.05802 0.05769
-0.19282 -0.07981 1.61144 -0.36154 -0.0349 1.61562 0.12043 0.14728 0.08588 0.10499
-0.1706 -0.07728 1.64328 -0.38297 -0.03718 1.63918 0.11109 0.14326 0.06990 0.07394
-0.14068 -0.08665 1.68463 -0.38841 -0.05133 1.68478 0.10682 0.14366 0.07590 0.07802
-0.06508 -0.11254 1.6406 -0.35088 -0.09661 1.63117 0.08258 0.11230 0.05509 0.07391
-0.02208 -0.14035 1.65224 -0.33127 -0.13567 1.6024 0.08282 0.07006 0.06228 0.07774
0.01347 -0.16294 1.61989 -0.29708 -0.18084 1.58034 0.07129 0.05753 0.07544 0.07643
0.05444 -0.20103 1.65761 -0.26995 -0.24416 1.63335 0.06625 0.05081 0.06590 0.08078
0.09558 -0.23063 1.58539 -0.22572 -0.28722 1.58398 0.05428 0.04589 0.07701 0.07291
0.15614 -0.29111 1.67093 -0.20145 -0.3527 1.69908 0.05484 0.05322 0.08338 0.05591
0.20672 -0.32137 1.57837 -0.16385 -0.39271 1.65145 0.05584 0.08039 0.05555 0.10693
0.306 -0.4572 1.61327 -0.09988 -0.40918 1.75344 0.10376 0.09145 0.10222 0.08770
0.38758 -0.46652 1.62162 -0.08359 -0.41738 1.77461 0.10062 0.09097 0.11216 0.08921
0.46359 -0.48953 1.64617 -0.06809 -0.41342 1.79027 0.06759 0.09780 0.06004 0.08345
0.55782 -0.58173 1.87446 -0.03982 -0.46305 1.88539 0.14881 0.09995 0.10558 0.08826
0.58708 -0.606 1.89697 -0.06111 -0.46334 1.90025 0.11947 0.12385 0.06837 0.09609
0.62209 -0.64966 1.92813 -0.05335 -0.46661 1.89632 0.13279 0.11343 0.09527 0.09625
0.62966 -0.68061 1.96745 -0.05267 -0.46804 1.89208 0.13377 0.10887 0.11380 0.09692
0.63176 -0.68315 1.97259 -0.05236 -0.46957 1.88253 0.13524 0.11235 0.11077 0.09579
0.63649 -0.6889 1.99164 -0.04929 -0.47404 1.885 0.12853 0.10820 0.10911 0.09634
0.63424 -0.69088 1.99185 -0.04802 -0.47434 1.8814 0.13908 0.10106 0.13101 0.09553
0.63187 -0.69235 1.9888 -0.04604 -0.47445 1.88004 0.12332 0.10199 0.12781 0.09441
0.62806 -0.69324 1.98688 -0.04642 -0.4739 1.87847 0.16504 0.09635 0.10094 0.09473
0.6139 -0.6761 1.86447 -0.04359 -0.4557 1.80532 0.15926 0.09556 0.11044 0.09090
0.6247 -0.70053 1.99471 -0.04637 -0.47781 1.89416 0.13175 0.09415 0.11686 0.09590
0.62157 -0.70157 1.99727 -0.04616 -0.47758 1.89326 0.13072 0.09488 0.13860 0.09587
0.62337 -0.70089 1.99294 -0.04722 -0.48035 1.8892 0.12728 0.09865 0.08025 0.09722
0.60972 -0.676 1.84333 -0.04126 -0.45461 1.79368 0.13334 0.09082 0.12672 0.09074
0.62515 -0.70198 1.98775 -0.04355 -0.47818 1.8869 0.12646 0.09674 0.11525 0.09523
0.6288 -0.70531 1.99484 -0.04307 -0.48042 1.89513 0.12396 0.09530 0.13627 0.09555
0.63014 -0.70659 1.99417 -0.04356 -0.48122 1.89811 0.12309 0.09838 0.07330 0.09612
0.63176 -0.70776 2.00099 -0.0427 -0.48164 1.89965 0.12240 0.09739 0.10493 0.09542
0.60599 -0.67897 1.91999 0.00358 -0.50779 1.79862 0.11831 0.08653 0.13453 0.08433
0.63254 -0.70935 2.00271 -0.03577 -0.47734 1.90723 0.12494 0.10420 0.10670 0.10354
0.63105 -0.70638 1.99368 -0.037 -0.47564 1.8987 0.12315 0.10474 0.08485 0.10301
0.63007 -0.70528 1.98573 -0.03745 -0.47762 1.89158 0.12610 0.11077 0.12739 0.10399
0.62978 -0.70503 1.98337 -0.03937 -0.48424 1.88427 0.12030 0.11503 0.12710 0.10816
0.62937 -0.70495 1.98542 -0.03822 -0.47696 1.88842 0.12200 0.11011 0.12954 0.10336
0.62941 -0.70529 1.98363 -0.03987 -0.48377 1.88326 0.12472 0.11478 0.11024 0.10851
0.62901 -0.70438 1.97883 -0.03972 -0.4835 1.88176 0.11975 0.11352 0.13120 0.10855
0.62944 -0.70498 1.98002 -0.0399 -0.48372 1.88195 0.12014 0.11360 0.12799 0.10772
0.62893 -0.7043 1.98172 -0.03918 -0.48349 1.88169 0.12964 0.11414 0.12229 0.10826
0.62987 -0.70607 1.98088 -0.0382 -0.48025 1.88492 0.12977 0.10492 0.10271 0.10553
0.62707 -0.7037 1.98249 -0.03869 -0.4799 1.88456 0.11957 0.10513 0.14254 0.10556
0.62923 -0.70522 1.98007 -0.0389 -0.47994 1.88462 0.13499 0.10651 0.14955 0.10586
0.62776 -0.70416 1.9793 -0.03914 -0.47945 1.8839 0.11918 0.10563 0.09798 0.10599
]
