classifier_Car_goes_to_monkey_26141 [ 0.5744 -0.7265 1.96725 -0.27172 -0.61128 1.94763 0.11599 0.08911 0.12910 0.08014
0.57321 -0.72645 1.96592 -0.2715 -0.61207 1.94059 0.11836 0.08695 0.10820 0.08180
0.57302 -0.72643 1.9657 -0.27013 -0.61138 1.94052 0.11644 0.08655 0.14174 0.10568
0.5717 -0.72538 1.96469 -0.27206 -0.61231 1.94076 0.11943 0.08465 0.12214 0.08454
0.5726 -0.72589 1.96571 -0.27139 -0.61293 1.93929 0.11904 0.08409 0.11658 0.10985
0.57022 -0.73104 1.99084 -0.27585 -0.62106 1.95955 0.06806 0.08537 0.13856 0.08513
0.576 -0.72927 1.98025 -0.27392 -0.61578 1.95257 0.12274 0.08662 0.12946 0.10203
0.57644 -0.72852 1.97589 -0.27201 -0.61618 1.94589 0.12069 0.08453 0.12197 0.10646
0.57601 -0.72718 1.97464 -0.27138 -0.6107 1.95001 0.12124 0.09201 0.13770 0.08411
0.5766 -0.72735 1.97592 -0.26999 -0.60844 1.94597 0.12138 0.09291 0.12880 0.10125
0.57169 -0.72204 1.9618 -0.26806 -0.60385 1.93912 0.12099 0.09269 0.12455 0.07025
0.57105 -0.72246 1.96411 -0.26964 -0.60624 1.93488 0.12117 0.09085 0.12545 0.08292
0.57684 -0.73115 1.9917 -0.26866 -0.61213 1.95693 0.12391 0.09014 0.14181 0.10096
0.572 -0.72939 1.98869 -0.27333 -0.61683 1.95649 0.12724 0.08958 0.14735 0.10513
0.56834 -0.7281 1.99544 -0.2767 -0.62286 1.95293 0.13278 0.08167 0.15946 0.09737
0.56538 -0.7286 1.99868 -0.27892 -0.62965 1.93824 0.13947 0.06965 0.14943 0.07224
0.56319 -0.73127 1.99171 -0.27957 -0.63132 1.92874 0.13591 0.06257 0.13947 0.07811
0.56276 -0.73384 1.98895 -0.28179 -0.63642 1.90886 0.13401 0.05037 0.13384 0.07590
0.55592 -0.73344 1.98729 -0.28086 -0.63548 1.90497 0.13787 0.05351 0.14240 0.08752
0.54226 -0.72905 1.99556 -0.28295 -0.63771 1.90478 0.11082 0.04848 0.12644 0.07513
0.52003 -0.70786 1.98998 -0.2782 -0.63015 1.89678 0.09925 0.04806 0.13825 0.08494
0.51056 -0.72768 1.9752 -0.26491 -0.61122 1.90455 0.10703 0.06767 0.06699 0.09258
0.4235 -0.67114 1.92943 -0.23469 -0.58695 1.89088 0.10732 0.05347 0.05576 0.08807
0.38453 -0.66411 1.97898 -0.2338 -0.58026 1.94134 0.10625 0.12143 0.13004 0.06422
0.3583 -0.62728 1.94916 -0.24072 -0.57314 1.91298 0.12403 0.13175 0.05932 0.10125
0.31078 -0.56015 1.89154 -0.23642 -0.61436 1.77564 0.11337 0.12404 0.06523 0.12675
0.36603 -0.57293 2.098 -0.44144 -0.55507 1.98291 0.12758 0.10173 0.06622 0.08345
0.38333 -0.56452 2.14734 -0.45964 -0.56532 2.0292 0.15173 0.09483 0.06499 0.09555
0.38869 -0.54648 2.18346 -0.47299 -0.55552 2.07314 0.17421 0.09920 0.06887 0.10056
0.33726 -0.53038 2.23192 -0.44186 -0.55323 2.12829 0.13781 0.18208 0.08461 0.09128
0.30074 -0.50293 2.21882 -0.40959 -0.53038 2.1133 0.12248 0.17434 0.09646 0.08449
0.23611 -0.33528 2.19664 -0.22771 -0.54061 2.12197 0.12947 0.14990 0.09314 0.12906
0.23864 -0.20178 2.1507 -0.20704 -0.44918 2.11276 0.10912 0.11066 0.07817 0.12394
0.24799 -0.19482 2.18911 -0.20453 -0.4569 2.14842 0.11373 0.10396 0.10489 0.12181
0.32102 -0.15739 2.24922 -0.30792 -0.25709 2.19339 0.08945 0.09106 0.11617 0.04242
0.34948 -0.28597 2.23865 -0.41777 -0.3237 2.16426 0.07753 0.05596 0.07358 0.07842
0.20885 -0.42499 2.17848 -0.4016 -0.33758 2.09014 0.14688 0.06584 0.09287 0.10016
0.23435 -0.26139 2.27597 -0.28197 -0.35354 2.25872 0.12970 0.17511 0.14098 0.06109
0.16023 -0.23302 2.05819 -0.25065 -0.31777 2.0973 0.12541 0.16786 0.10857 0.05516
0.1652 -0.2382 2.06739 -0.25129 -0.30147 2.09402 0.13125 0.07002 0.11024 0.07871
0.18554 -0.23944 2.05598 -0.27312 -0.23908 2.02378 0.12994 0.07603 0.09452 0.04543
0.34277 -0.23591 2.1486 -0.23789 -0.20308 2.06051 0.08591 0.11232 0.08157 0.10749
0.2737 -0.28348 2.19236 -0.22572 -0.12763 2.11323 0.07069 0.10516 0.05822 0.10745
0.29588 -0.28292 2.15744 -0.296 -0.00835 2.05143 0.07715 0.04628 0.06772 0.06418
0.22945 -0.29428 2.09908 -0.34618 0.01327 2.02578 0.10174 0.10326 0.06906 0.08492
0.24155 -0.30405 2.06954 -0.36522 0.06252 1.97146 0.05479 0.08806 0.08753 0.05203
0.26823 -0.32368 2.00537 -0.37684 0.09509 1.90092 0.06189 0.09084 0.13091 0.06019
0.29979 -0.37197 1.98864 -0.41672 0.1296 1.84392 0.08171 0.09642 0.08929 0.06298
0.30695 -0.39486 1.97709 -0.43562 0.12731 1.81588 0.08175 0.09986 0.09088 0.06458
0.30962 -0.41438 1.95848 -0.44864 0.11335 1.77126 0.08442 0.09852 0.07748 0.06668
0.30817 -0.43044 1.94647 -0.45452 0.09373 1.7331 0.08408 0.09395 0.06921 0.05906
0.30767 -0.4485 1.96199 -0.46012 0.06685 1.72625 0.08540 0.09804 0.06951 0.05761
0.29882 -0.47485 1.98252 -0.45104 0.02904 1.69755 0.07746 0.09054 0.06564 0.05128
0.29503 -0.47063 1.96831 -0.44405 0.02168 1.67536 0.07724 0.09116 0.05629 0.05289
0.23212 -0.55915 1.94479 -0.44262 0.01902 1.67043 0.15524 0.09093 0.07622 0.05295
0.2815 -0.49257 1.97628 -0.44379 0.01825 1.66734 0.12364 0.09180 0.04163 0.04790
0.20632 -0.56781 1.93779 -0.44211 0.01879 1.65554 0.17009 0.09035 0.09077 0.05109
0.21829 -0.57419 1.90551 -0.44123 0.02074 1.64734 0.13139 0.09068 0.03985 0.05879
0.21402 -0.57847 1.90228 -0.44106 0.02112 1.64683 0.12666 0.09161 0.04775 0.05684
0.21626 -0.5705 1.92211 -0.44518 0.02426 1.66316 0.13536 0.09280 0.04906 0.05008
0.21347 -0.53665 2.01704 -0.45597 0.02457 1.70227 0.16145 0.09615 0.10605 0.05148
0.21087 -0.53736 2.01356 -0.45919 0.02321 1.70645 0.15886 0.09609 0.10595 0.05331
0.20656 -0.53506 2.01018 -0.4597 0.0215 1.70683 0.16046 0.09661 0.10653 0.05196
0.17566 -0.54107 1.97802 -0.45595 0.02101 1.68748 0.14107 0.09545 0.11235 0.05495
0.20332 -0.51115 2.0306 -0.46638 0.02012 1.72476 0.16575 0.09672 0.10751 0.05249
0.20274 -0.50446 2.04826 -0.47057 0.01879 1.74167 0.15312 0.09616 0.12006 0.05340
0.19487 -0.48181 2.05034 -0.47382 0.01581 1.75287 0.15215 0.09637 0.06843 0.05363
0.18402 -0.45979 2.02408 -0.47421 0.01303 1.75185 0.10242 0.09573 0.09393 0.05411
0.22035 -0.3851 2.02624 -0.4859 0.00955 1.78416 0.09843 0.09590 0.12275 0.04912
0.18205 -0.41485 1.90997 -0.4739 0.00598 1.73718 0.03982 0.09229 0.06243 0.05399
0.17739 -0.36411 1.88781 -0.48378 0.00292 1.7636 0.06033 0.09424 0.05424 0.05249
0.13709 -0.26459 1.73775 -0.47596 -0.00493 1.71897 0.02642 0.09276 0.04649 0.04957
0.15202 -0.19508 1.70467 -0.4752 -0.00638 1.71399 0.02833 0.09178 0.04029 0.05081
0.19316 -0.14436 1.7733 -0.49437 -0.00623 1.78486 0.05681 0.09353 0.04975 0.05311
0.20445 -0.08805 1.76879 -0.49726 -0.00881 1.80025 0.05586 0.09444 0.03722 0.06141
0.21893 -0.03315 1.7788 -0.50228 -0.01211 1.82045 0.05834 0.09849 0.04651 0.04518
0.22723 0.03099 1.76192 -0.50025 -0.01532 1.81138 0.06290 0.09819 0.04453 0.05160
0.25947 0.07598 1.80975 -0.51005 -0.01753 1.84353 0.08569 0.10007 0.05657 0.05118
0.25669 0.1085 1.72567 -0.48347 -0.02299 1.74245 0.09834 0.09701 0.06810 0.06634
0.23817 0.15455 1.72743 -0.48364 -0.02902 1.74393 0.09795 0.09730 0.06858 0.06270
0.21412 0.20096 1.83183 -0.50911 -0.03603 1.8363 0.10655 0.10098 0.09008 0.05759
0.16813 0.22336 1.84313 -0.50601 -0.04342 1.83211 0.11885 0.10038 0.08590 0.06337
0.09971 0.24976 1.8601 -0.50875 -0.04774 1.84743 0.09341 0.09799 0.06266 0.05413
0.06101 0.24025 1.84595 -0.49881 -0.05343 1.81865 0.10648 0.09866 0.10722 0.08300
0.03648 0.24413 1.8908 -0.50546 -0.05786 1.84935 0.10942 0.10063 0.10502 0.05196
0.08272 0.25782 1.92903 -0.50409 -0.06379 1.84811 0.09652 0.09820 0.10782 0.07541
0.11504 0.26213 1.93454 -0.50576 -0.06397 1.85381 0.08477 0.10096 0.12341 0.06275
0.16539 0.24381 1.90962 -0.49915 -0.06264 1.832 0.07963 0.09814 0.14326 0.06426
0.2397 0.18935 1.95085 -0.50511 -0.06209 1.85634 0.08866 0.10015 0.13113 0.05475
0.27249 0.16608 1.94508 -0.50433 -0.05914 1.85263 0.06893 0.09782 0.13634 0.06139
0.31661 0.1112 2.04919 -0.52656 -0.06229 1.93797 0.09543 0.10463 0.14059 0.07966
0.29783 0.07851 1.91047 -0.49292 -0.05942 1.81557 0.08213 0.09756 0.06870 0.05342
0.27784 0.0601 1.89562 -0.49137 -0.05934 1.81116 0.07750 0.09852 0.07967 0.05045
0.19987 0.05957 1.88766 -0.48936 -0.05947 1.81278 0.08265 0.09698 0.08524 0.05772
0.16703 0.06385 1.91075 -0.4934 -0.06043 1.83266 0.09987 0.09791 0.03759 0.07752
0.13681 0.07966 1.90685 -0.49083 -0.06005 1.82836 0.10296 0.09669 0.08504 0.04857
0.12784 0.10782 2.08471 -0.53564 -0.06587 1.99922 0.12172 0.10239 0.09081 0.08687
0.08161 0.14046 1.92593 -0.49765 -0.06156 1.85807 0.08693 0.09685 0.03070 0.06172
0.07153 0.15728 1.9134 -0.49128 -0.06543 1.84569 0.09412 0.09770 0.07426 0.04780
0.07347 0.1569 1.91182 -0.49034 -0.06899 1.84366 0.09289 0.09960 0.04903 0.08311
0.15871 0.12704 1.90518 -0.48206 -0.06907 1.81675 0.09413 0.09809 0.08191 0.05109
0.17106 0.12752 1.89112 -0.47659 -0.06973 1.80264 0.09309 0.09916 0.06468 0.04758
0.20339 0.12269 1.93416 -0.48523 -0.06934 1.83935 0.10964 0.09825 0.04995 0.08135
0.27634 0.07343 1.90173 -0.47148 -0.06567 1.79423 0.12530 0.09917 0.10351 0.06400
0.30772 0.04359 1.93283 -0.48133 -0.06633 1.83301 0.12039 0.10045 0.09368 0.04833
0.32334 -0.00177 1.86929 -0.46554 -0.06556 1.78133 0.11568 0.09931 0.08899 0.05149
0.32254 -0.03954 1.78482 -0.44637 -0.06196 1.70828 0.10853 0.09001 0.07792 0.07361
0.32988 -0.06917 1.77539 -0.44599 -0.06225 1.70332 0.10652 0.08790 0.07615 0.05794
0.34108 -0.08869 1.81074 -0.45399 -0.06493 1.73519 0.11742 0.09136 0.06888 0.06008
0.34413 -0.0937 1.81375 -0.45428 -0.06446 1.73453 0.11664 0.09117 0.06909 0.05001
0.34638 -0.09177 1.81705 -0.45458 -0.06097 1.73507 0.11758 0.08865 0.08677 0.05181
0.35092 -0.08569 1.81993 -0.45448 -0.06051 1.73861 0.11530 0.09073 0.06948 0.04750
0.35297 -0.07845 1.82078 -0.45348 -0.05746 1.73971 0.10966 0.09021 0.06904 0.07087
0.35447 -0.07071 1.82025 -0.45209 -0.05446 1.74072 0.10988 0.09189 0.06948 0.04362
0.35682 -0.06097 1.81799 -0.45213 -0.05571 1.74527 0.11641 0.09425 0.06902 0.05832
0.35757 -0.06069 1.81916 -0.45199 -0.05459 1.74545 0.11867 0.09191 0.06662 0.04965
0.34491 -0.05758 1.75266 -0.43489 -0.05192 1.67844 0.11347 0.08682 0.06950 0.05722
0.35233 -0.0579 1.79802 -0.44636 -0.05403 1.72306 0.12091 0.09150 0.08397 0.05059
0.34891 -0.05993 1.79879 -0.44876 -0.05065 1.72472 0.11491 0.08870 0.08951 0.04629
0.34175 -0.05968 1.7747 -0.44459 -0.05084 1.705 0.11184 0.08739 0.06613 0.04980
0.33988 -0.06062 1.78213 -0.4487 -0.04843 1.71386 0.11626 0.08964 0.08140 0.05521
0.33482 -0.0609 1.77896 -0.45132 -0.04797 1.71546 0.11518 0.08656 0.09788 0.05085
0.31652 -0.06096 1.78401 -0.45746 -0.05026 1.73223 0.10520 0.08820 0.07723 0.05394
0.29392 -0.06199 1.77012 -0.45813 -0.05002 1.7284 0.10203 0.08621 0.07266 0.05222
0.25134 -0.06151 1.70129 -0.4454 -0.04939 1.67315 0.09733 0.08415 0.03989 0.04564
0.22153 -0.06545 1.78907 -0.47245 -0.05302 1.77749 0.11330 0.09021 0.08596 0.05514
0.16393 -0.06488 1.76526 -0.46841 -0.05365 1.77126 0.11372 0.09195 0.08273 0.05233
0.11632 -0.07403 1.90876 -0.50764 -0.05808 1.93288 0.12365 0.10184 0.09101 0.05787
0.03251 -0.06841 1.75784 -0.46834 -0.05465 1.79625 0.11993 0.09619 0.06206 0.05276
-0.01819 -0.08376 1.87852 -0.49696 -0.05938 1.92042 0.11627 0.10314 0.06681 0.05900
-0.10528 -0.07034 1.73729 -0.45633 -0.05725 1.77943 0.12394 0.09642 0.05813 0.05422
-0.13327 -0.07342 1.73677 -0.45169 -0.06028 1.77024 0.10290 0.09542 0.07825 0.05079
-0.17953 -0.05722 1.59025 -0.41113 -0.05733 1.61597 0.11680 0.08915 0.06301 0.04664
-0.32003 -0.0402 1.61166 -0.41396 -0.05919 1.62974 0.10753 0.09166 0.11903 0.04673
-0.42838 -0.05086 1.83459 -0.47328 -0.08279 1.84572 0.08947 0.11683 0.11726 0.05186
-0.40455 -0.0469 1.72486 -0.44491 -0.07143 1.73373 0.08690 0.10164 0.11020 0.04687
-0.4348 -0.05146 1.8455 -0.48169 -0.09212 1.86186 0.09730 0.11893 0.11701 0.05475
-0.33406 -0.04318 1.67036 -0.43929 -0.07648 1.69339 0.11900 0.10408 0.12500 0.04838
-0.35488 -0.04582 1.76615 -0.46433 -0.09242 1.79248 0.12466 0.11090 0.13164 0.05734
-0.37566 -0.04349 1.76208 -0.46162 -0.09366 1.78569 0.11282 0.11503 0.07311 0.05264
-0.37783 -0.04369 1.75619 -0.46035 -0.09312 1.77791 0.11452 0.11402 0.11573 0.04758
-0.36315 -0.04063 1.66942 -0.4355 -0.07398 1.68261 0.10030 0.09865 0.10462 0.05704
-0.36443 -0.03925 1.66516 -0.43343 -0.0755 1.67853 0.09967 0.10253 0.10616 0.04480
-0.36255 -0.03897 1.66474 -0.43015 -0.07471 1.67676 0.10129 0.10266 0.10402 0.04543
-0.37436 -0.03922 1.69982 -0.44578 -0.08844 1.71969 0.09473 0.11368 0.10180 0.04656
-0.41069 -0.0471 1.73227 -0.44525 -0.07851 1.73976 0.07330 0.11014 0.07492 0.05502
-0.40882 -0.04763 1.74371 -0.44238 -0.07437 1.74813 0.06751 0.10963 0.07213 0.04937
-0.408 -0.05165 1.73983 -0.43904 -0.07162 1.74624 0.06526 0.10753 0.07511 0.05025
-0.41575 -0.05779 1.7947 -0.4442 -0.07609 1.79889 0.06431 0.10703 0.08964 0.04276
-0.19364 -0.08112 1.71679 -0.41804 -0.06986 1.72233 0.12731 0.09683 0.09021 0.06172
-0.16708 -0.11352 1.71272 -0.41158 -0.07683 1.71953 0.12728 0.09509 0.03842 0.04518
-0.11034 -0.20664 1.82608 -0.41071 -0.11737 1.81062 0.10768 0.09079 0.09003 0.04987
-0.09741 -0.25184 1.82462 -0.39066 -0.15297 1.79784 0.10306 0.08814 0.10925 0.05075
-0.11526 -0.3175 1.8302 -0.36786 -0.20089 1.80815 0.08960 0.08112 0.09434 0.05142
-0.04521 -0.35812 1.77845 -0.32277 -0.24993 1.74119 0.09866 0.07925 0.08651 0.03875
0.0064 -0.49547 1.79463 -0.24486 -0.38929 1.75942 0.10353 0.06105 0.09088 0.07242
0.05505 -0.56259 1.82669 -0.19794 -0.4769 1.79516 0.11078 0.05372 0.06851 0.05110
0.09966 -0.61448 1.90263 -0.19756 -0.58338 1.95858 0.12819 0.14148 0.08466 0.08585
0.10464 -0.60804 1.88701 -0.22007 -0.57166 2.0034 0.12318 0.09909 0.08284 0.07199
0.10605 -0.60793 1.88378 -0.21928 -0.5719 1.99305 0.12254 0.10200 0.08042 0.08385
0.10889 -0.60717 1.88853 -0.2193 -0.57505 1.99379 0.12348 0.17646 0.08151 0.08935
0.14576 -0.60292 1.81448 -0.21522 -0.56906 1.96236 0.11930 0.16720 0.07779 0.09740
0.18418 -0.61953 1.838 -0.21906 -0.58065 1.99072 0.12989 0.09992 0.07416 0.07508
0.22575 -0.62255 1.84362 -0.21669 -0.58308 1.98437 0.12432 0.15836 0.08046 0.10256
0.28957 -0.59001 1.78654 -0.15656 -0.59467 1.79621 0.10593 0.12095 0.08230 0.08332
0.36158 -0.59534 1.82576 -0.1577 -0.6009 1.8163 0.09565 0.12276 0.06294 0.08481
0.40677 -0.60748 1.86576 -0.15967 -0.60553 1.82988 0.12456 0.12779 0.05728 0.08592
0.44153 -0.62232 1.89675 -0.16035 -0.6067 1.83285 0.08849 0.12072 0.09456 0.08572
0.50365 -0.64247 1.87843 -0.15947 -0.59607 1.8033 0.10886 0.12082 0.06714 0.08308
0.53092 -0.65754 1.88691 -0.15909 -0.59304 1.79885 0.07555 0.12133 0.09963 0.08404
0.55136 -0.6985 1.95281 -0.16426 -0.60503 1.83679 0.11457 0.12257 0.09467 0.08399
0.56108 -0.70951 1.96354 -0.15244 -0.60269 1.83321 0.10568 0.12219 0.09377 0.09580
0.5705 -0.71948 1.97724 -0.15092 -0.60294 1.83724 0.10813 0.12233 0.14459 0.08527
0.57399 -0.7271 1.9848 -0.15042 -0.60406 1.84179 0.10613 0.12526 0.11024 0.10707
0.57395 -0.73223 1.98116 -0.15633 -0.6054 1.83977 0.12295 0.12101 0.09759 0.10094
0.57283 -0.72863 1.96785 -0.16271 -0.60239 1.82846 0.12275 0.12169 0.09324 0.08555
0.57434 -0.72764 1.96251 -0.141 -0.59523 1.83067 0.11773 0.12440 0.09537 0.10704
0.57746 -0.7294 1.96556 -0.16116 -0.60098 1.82892 0.11855 0.12166 0.09400 0.08386
0.57521 -0.72824 1.96475 -0.16267 -0.60004 1.82802 0.11796 0.12009 0.09512 0.08321
0.57704 -0.72928 1.96744 -0.14993 -0.59894 1.82965 0.11790 0.12365 0.09739 0.09982
0.57631 -0.72457 1.9514 -0.15499 -0.59576 1.81548 0.11633 0.12256 0.09070 0.10009
0.57726 -0.72614 1.95678 -0.15057 -0.59726 1.81895 0.11793 0.12240 0.09088 0.08671
0.57789 -0.72689 1.95708 -0.1484 -0.59674 1.82085 0.11751 0.12182 0.08933 0.08749
0.57864 -0.72792 1.96093 -0.14713 -0.5989 1.82267 0.11771 0.12146 0.09243 0.10500
0.57747 -0.72847 1.96387 -0.14819 -0.59836 1.82574 0.11698 0.12182 0.09226 0.08482
0.57712 -0.72803 1.9636 -0.15503 -0.60008 1.82385 0.11751 0.12213 0.09092 0.08622
0.57944 -0.72902 1.96556 -0.15011 -0.59956 1.8266 0.11580 0.12292 0.09440 0.10054
0.57904 -0.72952 1.96681 -0.1487 -0.60025 1.82879 0.11580 0.12235 0.09141 0.08694
0.5797 -0.7306 1.97065 -0.14916 -0.60158 1.83212 0.11665 0.12440 0.08787 0.10219
0.57867 -0.73049 1.9745 -0.14899 -0.60173 1.83415 0.11893 0.12190 0.09339 0.08635
0.57676 -0.72812 1.96507 -0.14817 -0.59871 1.82849 0.11771 0.12279 0.09562 0.10077
]
