classifier_Car_monkey_bumps_into_each_other_9143 [ 0.56261 -0.72609 1.93754 -0.18456 -0.61015 1.81974 0.56261 -0.72609 1.93754 -0.18456 -0.61015 1.81974 0.07830 0.10824 0.07830 0.10824 0.09144 0.08012 0.09144 0.08012
0.5621 -0.72635 1.93749 -0.18235 -0.6091 1.8189 -0.00051 -0.00026 -0.00005 0.00221 0.00105 -0.00084 0.07808 0.10876 -0.00022 0.00052 0.09329 0.08743 0.00185 0.00731
0.56185 -0.72645 1.93796 -0.17896 -0.60801 1.8178 -0.00025 -0.00010 0.00047 0.00339 0.00109 -0.00110 0.11849 0.10641 0.04041 -0.00235 0.08103 0.08630 -0.01226 -0.00113
0.56153 -0.72667 1.93461 -0.17914 -0.60869 1.81615 -0.00032 -0.00022 -0.00335 -0.00018 -0.00068 -0.00165 0.08043 0.10923 -0.03806 0.00282 0.08648 0.08741 0.00545 0.00111
0.55884 -0.72677 1.93459 -0.17918 -0.60779 1.81664 -0.00269 -0.00010 -0.00002 -0.00004 0.00090 0.00049 0.11919 0.10668 0.03876 -0.00255 0.08062 0.08690 -0.00586 -0.00051
0.55784 -0.72685 1.93499 -0.1799 -0.60689 1.8186 -0.00100 -0.00008 0.00040 -0.00072 0.00090 0.00196 0.08014 0.10679 -0.03905 0.00011 0.09459 0.08930 0.01397 0.00240
0.55942 -0.72751 1.93499 -0.17971 -0.60674 1.81937 0.00158 -0.00066 0.00000 0.00019 0.00015 0.00077 0.08208 0.10910 0.00194 0.00231 0.09878 0.08805 0.00419 -0.00125
0.55785 -0.72723 1.93549 -0.1788 -0.60589 1.81993 -0.00157 0.00028 0.00050 0.00091 0.00085 0.00056 0.08190 0.10588 -0.00018 -0.00322 0.09279 0.08931 -0.00599 0.00126
0.55787 -0.72706 1.93514 -0.1782 -0.60532 1.82042 0.00002 0.00017 -0.00035 0.00060 0.00057 0.00049 0.08142 0.10753 -0.00048 0.00165 0.09288 0.09297 0.00009 0.00366
0.56113 -0.7273 1.93784 -0.17857 -0.60628 1.82266 0.00326 -0.00024 0.00270 -0.00037 -0.00096 0.00224 0.07845 0.10493 -0.00297 -0.00260 0.09068 0.09031 -0.00220 -0.00266
0.55884 -0.72668 1.93439 -0.17962 -0.605 1.82056 -0.00229 0.00062 -0.00345 -0.00105 0.00128 -0.00210 0.11928 0.10553 0.04083 0.00060 0.08113 0.08841 -0.00955 -0.00190
0.55948 -0.72663 1.93252 -0.18994 -0.60432 1.82422 0.00064 0.00005 -0.00187 -0.01032 0.00068 0.00366 0.12062 0.10695 0.00134 0.00142 0.08569 0.10535 0.00456 0.01694
0.56146 -0.72247 1.92781 -0.19074 -0.60232 1.82402 0.00198 0.00416 -0.00471 -0.00080 0.00200 -0.00020 0.11790 0.10911 -0.00272 0.00216 0.09406 0.08722 0.00837 -0.01813
0.55794 -0.72319 1.94376 -0.19345 -0.6016 1.82143 -0.00352 -0.00072 0.01595 -0.00271 0.00072 -0.00259 0.10231 0.10991 -0.01559 0.00080 0.15683 0.08176 0.06277 -0.00546
0.56036 -0.72102 1.95063 -0.19223 -0.59905 1.81717 0.00242 0.00217 0.00687 0.00122 0.00255 -0.00426 0.07330 0.10901 -0.02901 -0.00090 0.13033 0.08501 -0.02650 0.00325
0.56303 -0.71979 1.95679 -0.18998 -0.59311 1.81092 0.00267 0.00123 0.00616 0.00225 0.00594 -0.00625 0.08067 0.10458 0.00737 -0.00443 0.13073 0.09023 0.00040 0.00522
0.56553 -0.722 1.96848 -0.20118 -0.59051 1.79384 0.00250 -0.00221 0.01169 -0.01120 0.00260 -0.01708 0.08547 0.10174 0.00480 -0.00284 0.10630 0.08782 -0.02443 -0.00241
0.56764 -0.72552 1.98453 -0.24079 -0.58024 1.80086 0.00211 -0.00352 0.01605 -0.03961 0.01027 0.00702 0.10830 0.10515 0.02283 0.00341 0.10207 0.08021 -0.00423 -0.00761
0.57954 -0.71188 1.97117 -0.23114 -0.53559 1.72528 0.01190 0.01364 -0.01336 0.00965 0.04465 -0.07558 0.15681 0.11519 0.04851 0.01004 0.10562 0.06847 0.00355 -0.01174
0.58206 -0.71933 2.01658 -0.25498 -0.55333 1.75802 0.00252 -0.00745 0.04541 -0.02384 -0.01774 0.03274 0.16377 0.11595 0.00696 0.00076 0.12013 0.11006 0.01451 0.04159
0.5148 -0.5955 2.01264 -0.34572 -0.51838 1.84031 -0.06726 0.12383 -0.00394 -0.09074 0.03495 0.08229 0.12189 0.09202 -0.04188 -0.02393 0.05070 0.09915 -0.06943 -0.01091
0.42198 -0.52719 1.92466 -0.37335 -0.51171 1.87919 -0.09282 0.06831 -0.08798 -0.02763 0.00667 0.03888 0.08473 0.09476 -0.03716 0.00274 0.05342 0.09548 0.00272 -0.00367
0.41089 -0.48281 2.01818 -0.3866 -0.52191 1.92651 -0.01109 0.04438 0.09352 -0.01325 -0.01020 0.04732 0.13851 0.09118 0.05378 -0.00358 0.04454 0.08642 -0.00888 -0.00906
0.35923 -0.47521 2.18767 -0.41824 -0.52712 2.07319 -0.05166 0.00760 0.16949 -0.03164 -0.00521 0.14668 0.07693 0.09562 -0.06158 0.00444 0.10391 0.11455 0.05937 0.02813
0.24155 -0.5378 2.13334 -0.39644 -0.50223 2.03075 -0.11768 -0.06259 -0.05433 0.02180 0.02489 -0.04244 0.15625 0.08775 0.07932 -0.00787 0.07361 0.09603 -0.03030 -0.01852
0.27492 -0.47813 2.21984 -0.38873 -0.48057 2.09482 0.03337 0.05967 0.08650 0.00771 0.02166 0.06407 0.17618 0.09502 0.01993 0.00727 0.05858 0.06106 -0.01503 -0.03497
0.26003 -0.43806 2.26567 -0.38502 -0.43376 2.16037 -0.01489 0.04007 0.04583 0.00371 0.04681 0.06555 0.16624 0.08995 -0.00994 -0.00507 0.05121 0.08942 -0.00737 0.02836
0.24986 -0.35864 2.25109 -0.27101 -0.40988 2.20865 -0.01017 0.07942 -0.01458 0.11401 0.02388 0.04828 0.18214 0.16061 0.01590 0.07066 0.14036 0.09739 0.08915 0.00797
0.2688 -0.24738 2.20534 -0.25463 -0.33999 2.19682 0.01894 0.11126 -0.04575 0.01638 0.06989 -0.01183 0.06649 0.07918 -0.11565 -0.08143 0.07943 0.14049 -0.06093 0.04310
0.18518 -0.18079 2.05929 -0.24363 -0.23595 2.06403 -0.08362 0.06659 -0.14605 0.01100 0.10404 -0.13279 0.12233 0.08131 0.05584 0.00213 0.10973 0.10180 0.03030 -0.03869
0.18121 -0.16253 2.03287 -0.24458 -0.20167 2.03511 -0.00397 0.01826 -0.02642 -0.00095 0.03428 -0.02892 0.12212 0.08292 -0.00021 0.00161 0.10168 0.09964 -0.00805 -0.00216
0.20211 -0.15177 2.08138 -0.25995 -0.2009 2.06934 0.02090 0.01076 0.04851 -0.01537 0.00077 0.03423 0.13831 0.08714 0.01619 0.00422 0.10022 0.05596 -0.00146 -0.04368
0.19449 -0.18041 2.03944 -0.1879 -0.29426 2.02866 -0.00762 -0.02864 -0.04194 0.07205 -0.09336 -0.04068 0.12290 0.06261 -0.01541 -0.02453 0.09054 0.12399 -0.00968 0.06803
0.33709 -0.2714 2.22648 -0.20919 -0.32091 2.13852 0.14260 -0.09099 0.18704 -0.02129 -0.02665 0.10986 0.08844 0.06628 -0.03446 0.00367 0.08407 0.14438 -0.00647 0.02039
0.22752 -0.273 2.22313 -0.21333 -0.24342 2.14987 -0.10957 -0.00160 -0.00335 -0.00414 0.07749 0.01135 0.14590 0.12397 0.05746 0.05769 0.07823 0.11658 -0.00584 -0.02780
0.195 -0.23847 2.13413 -0.22751 -0.2276 2.10338 -0.03252 0.03453 -0.08900 -0.01418 0.01582 -0.04649 0.13504 0.12579 -0.01086 0.00182 0.12001 0.11220 0.04178 -0.00438
0.2073 -0.23646 2.07733 -0.23339 -0.17765 2.0342 0.01230 0.00201 -0.05680 -0.00588 0.04995 -0.06918 0.11890 0.09048 -0.01614 -0.03531 0.12340 0.08615 0.00339 -0.02605
0.3429 -0.29741 2.304 -0.42182 -0.09108 2.17934 0.13560 -0.06095 0.22667 -0.18843 0.08657 0.14514 0.09814 0.08231 -0.02076 -0.00817 0.06953 0.13502 -0.05387 0.04887
0.27637 -0.31089 1.99386 -0.40048 0.02145 1.8476 -0.06653 -0.01348 -0.31014 0.02134 0.11253 -0.33174 0.06819 0.08589 -0.02995 0.00358 0.07723 0.06970 0.00770 -0.06532
0.29513 -0.34741 1.95263 -0.42158 0.05891 1.82521 0.01876 -0.03652 -0.04123 -0.02110 0.03746 -0.02239 0.07354 0.08961 0.00535 0.00372 0.04271 0.06331 -0.03452 -0.00639
0.31619 -0.39638 2.05974 -0.46988 0.08222 1.94339 0.02106 -0.04897 0.10711 -0.04830 0.02331 0.11818 0.07751 0.09991 0.00397 0.01030 0.06788 0.06460 0.02517 0.00129
0.31951 -0.42045 2.0568 -0.49151 0.08134 1.94632 0.00332 -0.02407 -0.00294 -0.02163 -0.00088 0.00293 0.07982 0.10172 0.00231 0.00181 0.06468 0.05544 -0.00320 -0.00916
0.32374 -0.44503 2.06695 -0.50248 0.07311 1.94522 0.00423 -0.02458 0.01015 -0.01097 -0.00823 -0.00110 0.08148 0.10064 0.00166 -0.00108 0.06539 0.06324 0.00071 0.00780
0.32487 -0.46342 2.0554 -0.48368 0.01723 1.89768 0.00113 -0.01839 -0.01155 0.01880 -0.05588 -0.04754 0.08250 0.10187 0.00102 0.00123 0.06341 0.06084 -0.00198 -0.00240
0.32886 -0.46852 2.07198 -0.47178 0.00834 1.89584 0.00399 -0.00510 0.01658 0.01190 -0.00889 -0.00184 0.08274 0.10427 0.00024 0.00240 0.08219 0.07141 0.01878 0.01057
0.33181 -0.46514 2.06555 -0.45889 -0.00157 1.87507 0.00295 0.00338 -0.00643 0.01289 -0.00991 -0.02077 0.07672 0.10097 -0.00602 -0.00330 0.08498 0.06482 0.00279 -0.00659
0.33565 -0.45947 2.04379 -0.45051 -0.00452 1.8473 0.00384 0.00567 -0.02176 0.00838 -0.00295 -0.02777 0.06891 0.09646 -0.00781 -0.00451 0.07905 0.05351 -0.00593 -0.01131
0.34805 -0.45945 2.0457 -0.45166 -0.00597 1.84628 0.01240 0.00002 0.00191 -0.00115 -0.00145 -0.00102 0.07114 0.09689 0.00223 0.00043 0.07659 0.05984 -0.00246 0.00633
0.36168 -0.45884 2.04633 -0.45222 -0.00582 1.84428 0.01363 0.00061 0.00063 -0.00056 0.00015 -0.00200 0.06708 0.09755 -0.00406 0.00066 0.07779 0.06698 0.00120 0.00714
0.37084 -0.46091 2.04027 -0.45147 -0.00499 1.83646 0.00916 -0.00207 -0.00606 0.00075 0.00083 -0.00782 0.06512 0.09572 -0.00196 -0.00183 0.07256 0.05169 -0.00523 -0.01529
0.37681 -0.46481 2.03845 -0.45165 -0.00503 1.83475 0.00597 -0.00390 -0.00182 -0.00018 -0.00004 -0.00171 0.06674 0.09663 0.00162 0.00091 0.07443 0.05173 0.00187 0.00004
0.38042 -0.46966 2.04232 -0.45341 -0.00477 1.83676 0.00361 -0.00485 0.00387 -0.00176 0.00026 0.00201 0.06740 0.09532 0.00066 -0.00131 0.08461 0.05364 0.01018 0.00191
0.37819 -0.47342 2.03971 -0.45416 -0.00607 1.83561 -0.00223 -0.00376 -0.00261 -0.00075 -0.00130 -0.00115 0.06842 0.09634 0.00102 0.00102 0.08060 0.06060 -0.00401 0.00696
0.37313 -0.47524 2.0384 -0.45719 -0.00556 1.8336 -0.00506 -0.00182 -0.00131 -0.00303 0.00051 -0.00201 0.07501 0.09463 0.00659 -0.00171 0.08619 0.05300 0.00559 -0.00760
0.30318 -0.56333 1.94228 -0.44602 -0.0069 1.77595 -0.06995 -0.08809 -0.09612 0.01117 -0.00134 -0.05765 0.15390 0.09309 0.07889 -0.00154 0.07102 0.05357 -0.01517 0.00057
0.36041 -0.51186 2.04913 -0.46658 -0.01087 1.83335 0.05723 0.05147 0.10685 -0.02056 -0.00397 0.05740 0.08081 0.09357 -0.07309 0.00048 0.04897 0.05280 -0.02205 -0.00077
0.361 -0.53552 2.06836 -0.47202 -0.0154 1.84779 0.00059 -0.02366 0.01923 -0.00544 -0.00453 0.01444 0.08832 0.09663 0.00751 0.00306 0.05208 0.06123 0.00311 0.00843
0.31469 -0.60405 1.97109 -0.45938 -0.01932 1.78573 -0.04631 -0.06853 -0.09727 0.01264 -0.00392 -0.06206 0.16204 0.09344 0.07372 -0.00319 0.05729 0.04825 0.00521 -0.01298
0.30248 -0.60867 1.96013 -0.45988 -0.02046 1.7845 -0.01221 -0.00462 -0.01096 -0.00050 -0.00114 -0.00123 0.15719 0.09262 -0.00485 -0.00082 0.04724 0.05544 -0.01005 0.00719
0.35732 -0.57208 2.10554 -0.48673 -0.02343 1.88347 0.05484 0.03659 0.14541 -0.02685 -0.00297 0.09897 0.10740 0.09828 -0.04979 0.00566 0.06668 0.06385 0.01944 0.00841
0.3556 -0.56795 2.09294 -0.48975 -0.02513 1.88709 -0.00172 0.00413 -0.01260 -0.00302 -0.00170 0.00362 0.11387 0.09790 0.00647 -0.00038 0.05737 0.05571 -0.00931 -0.00814
0.34214 -0.56196 2.05637 -0.49132 -0.02702 1.88842 -0.01346 0.00599 -0.03657 -0.00157 -0.00189 0.00133 0.10347 0.09847 -0.01040 0.00057 0.14492 0.05601 0.08755 0.00030
0.33373 -0.54573 2.01763 -0.49753 -0.02931 1.90552 -0.00841 0.01623 -0.03874 -0.00621 -0.00229 0.01710 0.09288 0.09997 -0.01059 0.00150 0.13600 0.06152 -0.00892 0.00551
0.33014 -0.4837 1.95782 -0.49919 -0.03049 1.90876 -0.00359 0.06203 -0.05981 -0.00166 -0.00118 0.00324 0.08959 0.09980 -0.00329 -0.00017 0.06199 0.07027 -0.07401 0.00875
0.32128 -0.41357 1.88214 -0.50313 -0.03339 1.92405 -0.00886 0.07013 -0.07568 -0.00394 -0.00290 0.01529 0.05135 0.10201 -0.03824 0.00221 0.05294 0.05719 -0.00905 -0.01308
0.32713 -0.31191 1.83702 -0.50494 -0.03688 1.93334 0.00585 0.10166 -0.04512 -0.00181 -0.00349 0.00929 0.05092 0.10167 -0.00043 -0.00034 0.04394 0.06185 -0.00900 0.00466
0.36018 -0.24078 1.83449 -0.48724 -0.03921 1.86748 0.03305 0.07113 -0.00253 0.01770 -0.00233 -0.06586 0.09010 0.09776 0.03918 -0.00391 0.01746 0.05761 -0.02648 -0.00424
0.31979 -0.09294 1.81149 -0.50048 -0.04533 1.92335 -0.04039 0.14784 -0.02300 -0.01324 -0.00612 0.05587 0.08854 0.10097 -0.00156 0.00321 0.09020 0.07076 0.07274 0.01315
0.27745 -0.01804 1.77515 -0.48024 -0.04951 1.85654 -0.04234 0.07490 -0.03634 0.02024 -0.00418 -0.06681 0.11670 0.09668 0.02816 -0.00429 0.08469 0.05816 -0.00551 -0.01260
0.20639 0.05561 1.77401 -0.48029 -0.05651 1.86841 -0.07106 0.07365 -0.00114 -0.00005 -0.00700 0.01187 0.09815 0.09775 -0.01855 0.00107 0.06393 0.05829 -0.02076 0.00013
0.04473 0.12887 1.76877 -0.47425 -0.07166 1.87091 -0.16166 0.07326 -0.00524 0.00604 -0.01515 0.00250 0.07124 0.09740 -0.02691 -0.00035 0.02639 0.05999 -0.03754 0.00170
0.02231 0.14521 1.79972 -0.47379 -0.07788 1.87876 -0.02242 0.01634 0.03095 0.00046 -0.00622 0.00785 0.09082 0.09733 0.01958 -0.00007 0.05352 0.05577 0.02713 -0.00422
0.016 0.17118 1.81768 -0.47285 -0.08104 1.8811 -0.00631 0.02597 0.01796 0.00094 -0.00316 0.00234 0.09213 0.09798 0.00131 0.00065 0.06932 0.06080 0.01580 0.00503
0.06383 0.21668 1.87258 -0.48339 -0.08535 1.9113 0.04783 0.04550 0.05490 -0.01054 -0.00431 0.03020 0.08386 0.10059 -0.00827 0.00261 0.10386 0.05573 0.03454 -0.00507
0.12038 0.20772 1.89123 -0.49178 -0.08244 1.92275 0.05655 -0.00896 0.01865 -0.00839 0.00291 0.01145 0.07315 0.10019 -0.01071 -0.00040 0.12386 0.07224 0.02000 0.01651
0.16941 0.19112 1.84502 -0.48733 -0.07926 1.88456 0.04903 -0.01660 -0.04621 0.00445 0.00318 -0.03819 0.05133 0.10091 -0.02182 0.00072 0.05063 0.05406 -0.07323 -0.01818
0.21783 0.14723 1.79247 -0.48148 -0.0735 1.84043 0.04842 -0.04389 -0.05255 0.00585 0.00576 -0.04413 0.04115 0.09779 -0.01018 -0.00312 0.05807 0.05852 0.00744 0.00446
0.2783 0.06842 1.88753 -0.50642 -0.07384 1.91754 0.06047 -0.07881 0.09506 -0.02494 -0.00034 0.07711 0.08195 0.10377 0.04080 0.00598 0.11540 0.06259 0.05733 0.00407
0.30233 0.03808 1.86807 -0.50929 -0.07113 1.91106 0.02403 -0.03034 -0.01946 -0.00287 0.00271 -0.00648 0.07696 0.10354 -0.00499 -0.00023 0.12288 0.07068 0.00748 0.00809
0.30848 0.00866 1.86111 -0.51049 -0.07148 1.90018 0.00615 -0.02942 -0.00696 -0.00120 -0.00035 -0.01088 0.09059 0.10223 0.01363 -0.00131 0.12171 0.06350 -0.00117 -0.00718
0.29391 0.01088 1.84956 -0.51084 -0.07407 1.89493 -0.01457 0.00222 -0.01155 -0.00035 -0.00259 -0.00525 0.08916 0.10103 -0.00143 -0.00120 0.10553 0.06908 -0.01618 0.00558
0.26683 0.02957 1.85393 -0.51241 -0.07713 1.90188 -0.02708 0.01869 0.00437 -0.00157 -0.00306 0.00695 0.09312 0.09944 0.00396 -0.00159 0.10208 0.06093 -0.00345 -0.00815
0.22803 0.05111 1.84051 -0.50642 -0.0779 1.88782 -0.03880 0.02154 -0.01342 0.00599 -0.00077 -0.01406 0.09599 0.09834 0.00287 -0.00110 0.09085 0.06367 -0.01123 0.00274
0.18703 0.07697 1.83553 -0.50136 -0.07916 1.88527 -0.04100 0.02586 -0.00498 0.00506 -0.00126 -0.00255 0.09745 0.09850 0.00146 0.00016 0.08833 0.05879 -0.00252 -0.00488
0.14839 0.10065 1.83449 -0.49719 -0.07971 1.88427 -0.03864 0.02368 -0.00104 0.00417 -0.00055 -0.00100 0.09668 0.09786 -0.00077 -0.00064 0.10968 0.06107 0.02135 0.00228
0.12923 0.11321 1.8743 -0.50387 -0.0821 1.92136 -0.01916 0.01256 0.03981 -0.00668 -0.00239 0.03709 0.10314 0.10025 0.00646 0.00239 0.09405 0.06692 -0.01563 0.00585
0.10853 0.14191 1.94024 -0.51991 -0.0852 1.99016 -0.02070 0.02870 0.06594 -0.01604 -0.00310 0.06880 0.09633 0.10430 -0.00681 0.00405 0.09361 0.06822 -0.00044 0.00130
0.05672 0.17852 1.78962 -0.48146 -0.07878 1.84726 -0.05181 0.03661 -0.15062 0.03845 0.00642 -0.14290 0.03882 0.09658 -0.05751 -0.00772 0.02859 0.06426 -0.06502 -0.00396
0.06461 0.18268 1.7952 -0.4821 -0.07841 1.85177 0.00789 0.00416 0.00558 -0.00064 0.00037 0.00451 0.04451 0.09704 0.00569 0.00046 0.03803 0.07616 0.00944 0.01190
0.07513 0.18574 1.80424 -0.48391 -0.07764 1.85739 0.01052 0.00306 0.00904 -0.00181 0.00077 0.00562 0.04321 0.09886 -0.00130 0.00182 0.03850 0.05488 0.00047 -0.02128
0.1218 0.16783 1.86381 -0.49996 -0.07696 1.90949 0.04667 -0.01791 0.05957 -0.01605 0.00068 0.05210 0.06800 0.10121 0.02479 0.00235 0.08653 0.07144 0.04803 0.01656
0.13211 0.16799 1.86649 -0.50091 -0.07514 1.90751 0.01031 0.00016 0.00268 -0.00095 0.00182 -0.00198 0.06788 0.10362 -0.00012 0.00241 0.09359 0.06202 0.00706 -0.00942
0.1513 0.16252 1.86763 -0.50124 -0.07287 1.90586 0.01919 -0.00547 0.00114 -0.00033 0.00227 -0.00165 0.08167 0.10543 0.01379 0.00181 0.08971 0.06787 -0.00388 0.00585
0.21292 0.13773 1.9586 -0.52214 -0.0728 1.98098 0.06162 -0.02479 0.09097 -0.02090 0.00007 0.07512 0.12748 0.11187 0.04581 0.00644 0.07095 0.06500 -0.01876 -0.00287
0.22558 0.11151 1.83582 -0.48894 -0.06654 1.85468 0.01266 -0.02622 -0.12278 0.03320 0.00626 -0.12630 0.12054 0.10771 -0.00694 -0.00416 0.09325 0.07359 0.02230 0.00859
0.26865 0.0753 1.83776 -0.48735 -0.06329 1.84787 0.04307 -0.03621 0.00194 0.00159 0.00325 -0.00681 0.10114 0.11043 -0.01940 0.00272 0.09980 0.06043 0.00655 -0.01316
0.29695 0.04168 1.87619 -0.49859 -0.0634 1.89245 0.02830 -0.03362 0.03843 -0.01124 -0.00011 0.04458 0.09492 0.11169 -0.00622 0.00126 0.09035 0.06529 -0.00945 0.00486
0.29947 -0.00857 1.73311 -0.4612 -0.05981 1.75321 0.00252 -0.05025 -0.14308 0.03739 0.00359 -0.13924 0.07232 0.10463 -0.02260 -0.00706 0.10842 0.05836 0.01807 -0.00693
0.36406 -0.10978 1.93097 -0.51164 -0.07031 1.95536 0.06459 -0.10121 0.19786 -0.05044 -0.01050 0.20215 0.09256 0.11420 0.02024 0.00957 0.12091 0.06707 0.01249 0.00871
0.35437 -0.12386 1.84119 -0.48455 -0.06861 1.85657 -0.00969 -0.01408 -0.08978 0.02709 0.00170 -0.09879 0.08946 0.10766 -0.00310 -0.00654 0.06401 0.06088 -0.05690 -0.00619
0.35931 -0.12541 1.84878 -0.48277 -0.06968 1.85252 0.00494 -0.00155 0.00759 0.00178 -0.00107 -0.00405 0.10548 0.10690 0.01602 -0.00076 0.10231 0.06115 0.03830 0.00027
0.37519 -0.10748 1.87018 -0.48433 -0.06835 1.86416 0.01588 0.01793 0.02140 -0.00156 0.00133 0.01164 0.11170 0.10836 0.00622 0.00146 0.10195 0.06017 -0.00036 -0.00098
0.37413 -0.08946 1.81815 -0.46858 -0.06542 1.811 -0.00106 0.01802 -0.05203 0.01575 0.00293 -0.05316 0.11004 0.10697 -0.00166 -0.00139 0.07933 0.05558 -0.02262 -0.00459
0.37435 -0.08647 1.80721 -0.46531 -0.06462 1.79938 0.00022 0.00299 -0.01094 0.00327 0.00080 -0.01162 0.10904 0.10657 -0.00100 -0.00040 0.09437 0.06034 0.01504 0.00476
0.37397 -0.08664 1.80295 -0.46506 -0.06393 1.79564 -0.00038 -0.00017 -0.00426 0.00025 0.00069 -0.00374 0.11273 0.10520 0.00369 -0.00137 0.10144 0.06838 0.00707 0.00804
0.37308 -0.08665 1.80239 -0.46521 -0.06386 1.79469 -0.00089 -0.00001 -0.00056 -0.00015 0.00007 -0.00095 0.10856 0.10385 -0.00417 -0.00135 0.09472 0.05937 -0.00672 -0.00901
0.37507 -0.08937 1.81317 -0.46851 -0.0662 1.8045 0.00199 -0.00272 0.01078 -0.00330 -0.00234 0.00981 0.11057 0.10479 0.00201 0.00094 0.08094 0.05786 -0.01378 -0.00151
0.37408 -0.08901 1.80423 -0.46714 -0.06567 1.79571 -0.00099 0.00036 -0.00894 0.00137 0.00053 -0.00879 0.10739 0.10384 -0.00318 -0.00095 0.07804 0.05421 -0.00290 -0.00365
0.37429 -0.09046 1.8111 -0.46972 -0.06584 1.8022 0.00021 -0.00145 0.00687 -0.00258 -0.00017 0.00649 0.10783 0.10583 0.00044 0.00199 0.09785 0.06136 0.01981 0.00715
0.37402 -0.08928 1.80415 -0.46808 -0.06435 1.79429 -0.00027 0.00118 -0.00695 0.00164 0.00149 -0.00791 0.10795 0.10454 0.00012 -0.00129 0.09134 0.05489 -0.00651 -0.00647
0.37498 -0.09001 1.79848 -0.46788 -0.06344 1.78869 0.00096 -0.00073 -0.00567 0.00020 0.00091 -0.00560 0.10540 0.10443 -0.00255 -0.00011 0.09084 0.06162 -0.00050 0.00673
0.37673 -0.08964 1.79523 -0.46893 -0.06176 1.78791 0.00175 0.00037 -0.00325 -0.00105 0.00168 -0.00078 0.10674 0.10558 0.00134 0.00115 0.08938 0.06445 -0.00146 0.00283
0.37885 -0.08975 1.79357 -0.47047 -0.0598 1.78803 0.00212 -0.00011 -0.00166 -0.00154 0.00196 0.00012 0.10229 0.10348 -0.00445 -0.00210 0.09481 0.05944 0.00543 -0.00501
0.38279 -0.0871 1.7895 -0.47251 -0.0589 1.78958 0.00394 0.00265 -0.00407 -0.00204 0.00090 0.00155 0.10419 0.10178 0.00190 -0.00170 0.09389 0.05861 -0.00092 -0.00083
0.39871 -0.08402 1.83116 -0.48687 -0.05942 1.83729 0.01592 0.00308 0.04166 -0.01436 -0.00052 0.04771 0.10423 0.10637 0.00004 0.00459 0.09390 0.06282 0.00001 0.00421
0.38387 -0.07274 1.76752 -0.47213 -0.05491 1.78845 -0.01484 0.01128 -0.06364 0.01474 0.00451 -0.04884 0.09512 0.10569 -0.00911 -0.00068 0.09485 0.05697 0.00095 -0.00585
0.36614 -0.06381 1.73995 -0.45651 -0.05234 1.76663 -0.01773 0.00893 -0.02757 0.01562 0.00257 -0.02182 0.09521 0.10617 0.00009 0.00048 0.09323 0.05931 -0.00162 0.00234
0.34606 -0.0568 1.74824 -0.43747 -0.04817 1.77474 -0.02008 0.00701 0.00829 0.01904 0.00417 0.00811 0.10134 0.10632 0.00613 0.00015 0.09666 0.06566 0.00343 0.00635
0.30057 -0.04757 1.71602 -0.3948 -0.0369 1.7431 -0.04549 0.00923 -0.03222 0.04267 0.01127 -0.03164 0.11012 0.10139 0.00878 -0.00493 0.08731 0.06360 -0.00935 -0.00206
0.25502 -0.04173 1.71913 -0.34746 -0.03259 1.74677 -0.04555 0.00584 0.00311 0.04734 0.00431 0.00367 0.11245 0.10829 0.00233 0.00690 0.07566 0.06474 -0.01165 0.00114
0.11249 -0.01327 1.7637 -0.21772 -0.00061 1.78683 -0.14253 0.02846 0.04457 0.12974 0.03198 0.04006 0.08753 0.09348 -0.02492 -0.01481 0.07646 0.05135 0.00080 -0.01339
0.06977 -0.00607 1.79782 -0.11848 0.00768 1.813 -0.04272 0.00720 0.03412 0.09924 0.00829 0.02617 0.07669 0.08729 -0.01084 -0.00619 0.05013 0.10090 -0.02633 0.04955
0.04954 0.00914 1.79462 -0.10126 0.01819 1.80796 -0.02023 0.01521 -0.00320 0.01722 0.01051 -0.00504 0.09667 0.07911 0.01998 -0.00818 0.04852 0.05873 -0.00161 -0.04217
0.05794 0.02159 1.80744 -0.11432 0.02555 1.81404 0.00840 0.01245 0.01282 -0.01306 0.00736 0.00608 0.08589 0.08050 -0.01078 0.00139 0.03985 0.06395 -0.00867 0.00522
0.10297 0.02775 1.97907 -0.1587 0.02416 1.97821 0.04503 0.00616 0.17163 -0.04438 -0.00139 0.16417 0.14490 0.10580 0.05901 0.02530 0.10328 0.08208 0.06343 0.01813
0.14274 0.04039 1.77375 -0.20565 0.02979 1.78438 0.03977 0.01264 -0.20532 -0.04695 0.00563 -0.19383 0.13491 0.10590 -0.00999 0.00010 0.06938 0.04896 -0.03390 -0.03312
0.16931 0.043 1.73579 -0.23141 0.03631 1.76067 0.02657 0.00261 -0.03796 -0.02576 0.00652 -0.02371 0.12469 0.10544 -0.01022 -0.00046 0.07458 0.06743 0.00520 0.01847
0.21316 0.045 1.81142 -0.27197 0.04423 1.84857 0.04385 0.00200 0.07563 -0.04056 0.00792 0.08790 0.12910 0.10865 0.00441 0.00321 0.07610 0.07136 0.00152 0.00393
0.24494 0.04332 1.81401 -0.29706 0.0459 1.85642 0.03178 -0.00168 0.00259 -0.02509 0.00167 0.00785 0.13235 0.10874 0.00325 0.00009 0.06134 0.07113 -0.01476 -0.00023
0.26271 0.04385 1.8169 -0.31215 0.04369 1.85905 0.01777 0.00053 0.00289 -0.01509 -0.00221 0.00263 0.12799 0.10874 -0.00436 0.00000 0.07347 0.08100 0.01213 0.00987
0.27184 0.04531 1.82384 -0.31713 0.03857 1.86242 0.00913 0.00146 0.00694 -0.00498 -0.00512 0.00337 0.13051 0.10943 0.00252 0.00069 0.06980 0.08199 -0.00367 0.00099
0.27335 0.04375 1.82263 -0.31578 0.03106 1.85722 0.00151 -0.00156 -0.00121 0.00135 -0.00751 -0.00520 0.12904 0.10965 -0.00147 0.00022 0.08067 0.06916 0.01087 -0.01283
0.26406 0.03887 1.82199 -0.30497 0.01984 1.85141 -0.00929 -0.00488 -0.00064 0.01081 -0.01122 -0.00581 0.12969 0.10890 0.00065 -0.00075 0.07407 0.08273 -0.00660 0.01357
0.24947 0.03673 1.78864 -0.29025 0.01649 1.81396 -0.01459 -0.00214 -0.03335 0.01472 -0.00335 -0.03745 0.12312 0.10711 -0.00657 -0.00179 0.08100 0.07164 0.00693 -0.01109
0.24935 0.03483 1.82775 -0.29423 0.01862 1.85423 -0.00012 -0.00190 0.03911 -0.00398 0.00213 0.04027 0.11898 0.11079 -0.00414 0.00368 0.04513 0.06815 -0.03587 -0.00349
0.24797 0.03587 1.82943 -0.29318 0.0188 1.85396 -0.00138 0.00104 0.00168 0.00105 0.00018 -0.00027 0.12143 0.11103 0.00245 0.00024 0.08278 0.07129 0.03765 0.00314
0.24497 0.02983 1.82491 -0.28761 0.01433 1.85163 -0.00300 -0.00604 -0.00452 0.00557 -0.00447 -0.00233 0.12129 0.11037 -0.00014 -0.00066 0.06239 0.06756 -0.02039 -0.00373
0.23941 0.02336 1.81465 -0.28229 0.00753 1.84705 -0.00556 -0.00647 -0.01026 0.00532 -0.00680 -0.00458 0.11783 0.10805 -0.00346 -0.00232 0.08072 0.07556 0.01833 0.00800
0.22693 -0.02813 1.79776 -0.25814 -0.03773 1.84354 -0.01248 -0.05149 -0.01689 0.02415 -0.04526 -0.00351 0.07868 0.10378 -0.03915 -0.00427 0.07724 0.06702 -0.00348 -0.00854
0.21335 -0.07731 1.71949 -0.21773 -0.06337 1.7572 -0.01358 -0.04918 -0.07827 0.04041 -0.02564 -0.08634 0.05394 0.07920 -0.02474 -0.02458 0.05240 0.05085 -0.02484 -0.01617
0.21329 -0.14917 1.80192 -0.1989 -0.13539 1.84853 -0.00006 -0.07186 0.08243 0.01883 -0.07202 0.09133 0.08862 0.08724 0.03468 0.00804 0.07061 0.05628 0.01821 0.00543
0.20958 -0.23578 1.78616 -0.18173 -0.23978 1.86373 -0.00371 -0.08661 -0.01576 0.01717 -0.10439 0.01520 0.08829 0.11952 -0.00033 0.03228 0.07659 0.10909 0.00598 0.05281
0.20699 -0.32642 1.78879 -0.15448 -0.32927 1.85402 -0.00259 -0.09064 0.00263 0.02725 -0.08949 -0.00971 0.09301 0.10439 0.00472 -0.01513 0.05687 0.08963 -0.01972 -0.01946
0.19667 -0.41736 1.81665 -0.14573 -0.42152 1.84776 -0.01032 -0.09094 0.02786 0.00875 -0.09225 -0.00626 0.09757 0.09472 0.00456 -0.00967 0.07248 0.14388 0.01561 0.05425
0.19092 -0.49382 1.66964 -0.13795 -0.48251 1.78126 -0.00575 -0.07646 -0.14701 0.00778 -0.06099 -0.06650 0.05104 0.11208 -0.04653 0.01736 0.04017 0.11380 -0.03231 -0.03008
0.1912 -0.59811 1.84107 -0.14766 -0.56474 1.86394 0.00028 -0.10429 0.17143 -0.00971 -0.08223 0.08268 0.12911 0.10350 0.07807 -0.00858 0.05618 0.07214 0.01601 -0.04166
0.2073 -0.64549 1.84736 -0.14015 -0.62441 1.84808 0.01610 -0.04738 0.00629 0.00751 -0.05967 -0.01586 0.12277 0.11981 -0.00634 0.01631 0.07262 0.07929 0.01644 0.00715
0.23026 -0.64865 1.86125 -0.16521 -0.60911 1.86358 0.02296 -0.00316 0.01389 -0.02506 0.01530 0.01550 0.14001 0.11825 0.01724 -0.00156 0.08071 0.08323 0.00809 0.00394
0.26548 -0.6525 1.91255 -0.16733 -0.61662 1.88053 0.03522 -0.00385 0.05130 -0.00212 -0.00751 0.01695 0.11210 0.12257 -0.02791 0.00432 0.06610 0.08306 -0.01461 -0.00017
0.26812 -0.6566 1.90426 -0.15285 -0.62197 1.851 0.00264 -0.00410 -0.00829 0.01448 -0.00535 -0.02953 0.11484 0.11443 0.00274 -0.00814 0.07256 0.08202 0.00646 -0.00104
0.27015 -0.65996 1.89288 -0.17467 -0.61625 1.85159 0.00203 -0.00336 -0.01138 -0.02182 0.00572 0.00059 0.12390 0.11977 0.00906 0.00534 0.07816 0.08503 0.00560 0.00301
0.25757 -0.66957 1.7477 -0.14821 -0.58899 1.75133 -0.01258 -0.00961 -0.14518 0.02646 0.02726 -0.10026 0.09486 0.11058 -0.02904 -0.00919 0.09732 0.07888 0.01916 -0.00615
0.25378 -0.6687 1.74518 -0.14573 -0.58944 1.74733 -0.00379 0.00087 -0.00252 0.00248 -0.00045 -0.00400 0.09326 0.11160 -0.00160 0.00102 0.06364 0.07600 -0.03368 -0.00288
0.25582 -0.67019 1.74566 -0.15775 -0.58759 1.75354 0.00204 -0.00149 0.00048 -0.01202 0.00185 0.00621 0.09626 0.11044 0.00300 -0.00116 0.08798 0.07988 0.02434 0.00388
0.29908 -0.67144 1.90881 -0.17117 -0.61816 1.84209 0.04326 -0.00125 0.16315 -0.01342 -0.03057 0.08855 0.10167 0.11824 0.00541 0.00780 0.07473 0.08426 -0.01325 0.00438
0.33042 -0.7043 1.84707 -0.15965 -0.58911 1.75017 0.03134 -0.03286 -0.06174 0.01152 0.02905 -0.09192 0.11386 0.11121 0.01219 -0.00703 0.09374 0.08131 0.01901 -0.00295
0.42635 -0.65216 1.95636 -0.16802 -0.616 1.83068 0.09593 0.05214 0.10929 -0.00837 -0.02689 0.08051 0.12575 0.11469 0.01189 0.00348 0.08183 0.08420 -0.01191 0.00289
0.45454 -0.65843 1.94798 -0.16851 -0.61515 1.82593 0.02819 -0.00627 -0.00838 -0.00049 0.00085 -0.00475 0.09028 0.11834 -0.03547 0.00365 0.07476 0.08560 -0.00707 0.00140
0.48834 -0.68584 1.9542 -0.16936 -0.61694 1.83156 0.03380 -0.02741 0.00622 -0.00085 -0.00179 0.00563 0.08214 0.11882 -0.00814 0.00048 0.05840 0.08288 -0.01636 -0.00272
0.53689 -0.69653 1.91293 -0.16448 -0.60751 1.80326 0.04855 -0.01069 -0.04127 0.00488 0.00943 -0.02830 0.09413 0.11646 0.01199 -0.00236 0.08862 0.08386 0.03022 0.00098
0.54368 -0.70484 1.9287 -0.16486 -0.61071 1.81078 0.00679 -0.00831 0.01577 -0.00038 -0.00320 0.00752 0.09199 0.11488 -0.00214 -0.00158 0.08956 0.08489 0.00094 0.00103
0.55104 -0.71704 1.94431 -0.16483 -0.61327 1.81589 0.00736 -0.01220 0.01561 0.00003 -0.00256 0.00511 0.08389 0.11735 -0.00810 0.00247 0.08950 0.08262 -0.00006 -0.00227
0.55531 -0.72318 1.95145 -0.15532 -0.61316 1.819 0.00427 -0.00614 0.00714 0.00951 0.00011 0.00311 0.07806 0.11741 -0.00583 0.00006 0.08756 0.08146 -0.00194 -0.00116
0.55942 -0.72825 1.95932 -0.15441 -0.61361 1.81911 0.00411 -0.00507 0.00787 0.00091 -0.00045 0.00011 0.08102 0.11724 0.00296 -0.00017 0.13856 0.08180 0.05100 0.00034
0.56171 -0.73166 1.97299 -0.15538 -0.61694 1.82833 0.00229 -0.00341 0.01367 -0.00097 -0.00333 0.00922 0.09216 0.11895 0.01114 0.00171 0.12666 0.08573 -0.01190 0.00393
0.56357 -0.73104 1.98044 -0.15571 -0.61632 1.83302 0.00186 0.00062 0.00745 -0.00033 0.00062 0.00469 0.11427 0.11859 0.02211 -0.00036 0.15134 0.08572 0.02468 -0.00001
0.56602 -0.73162 1.98117 -0.15515 -0.61685 1.83233 0.00245 -0.00058 0.00073 0.00056 -0.00053 -0.00069 0.09547 0.11730 -0.01880 -0.00129 0.13846 0.08301 -0.01288 -0.00271
0.56647 -0.73173 1.98063 -0.15566 -0.61643 1.8328 0.00045 -0.00011 -0.00054 -0.00051 0.00042 0.00047 0.09423 0.11726 -0.00124 -0.00004 0.11966 0.08485 -0.01880 0.00184
0.56812 -0.73172 1.9782 -0.15153 -0.61499 1.83191 0.00165 0.00001 -0.00243 0.00413 0.00144 -0.00089 0.12633 0.11587 0.03210 -0.00139 0.10996 0.08130 -0.00970 -0.00355
0.56849 -0.73229 1.97863 -0.15193 -0.61564 1.83366 0.00037 -0.00057 0.00043 -0.00040 -0.00065 0.00175 0.12227 0.11610 -0.00406 0.00023 0.08585 0.08353 -0.02411 0.00223
0.57036 -0.72346 1.9422 -0.14964 -0.60745 1.80988 0.00187 0.00883 -0.03643 0.00229 0.00819 -0.02378 0.11603 0.11635 -0.00624 0.00025 0.08408 0.08234 -0.00177 -0.00119
0.57031 -0.7248 1.94643 -0.14914 -0.60903 1.81376 -0.00005 -0.00134 0.00423 0.00050 -0.00158 0.00388 0.11870 0.11541 0.00267 -0.00094 0.09225 0.08356 0.00817 0.00122
0.57228 -0.72673 1.95122 -0.15008 -0.61099 1.818 0.00197 -0.00193 0.00479 -0.00094 -0.00196 0.00424 0.11816 0.11694 -0.00054 0.00153 0.08876 0.08339 -0.00349 -0.00017
0.5719 -0.72755 1.95455 -0.14966 -0.6121 1.81859 -0.00038 -0.00082 0.00333 0.00042 -0.00111 0.00059 0.12064 0.11690 0.00248 -0.00004 0.08974 0.08333 0.00098 -0.00006
0.5731 -0.72556 1.94559 -0.14882 -0.60963 1.81248 0.00120 0.00199 -0.00896 0.00084 0.00247 -0.00611 0.11399 0.11388 -0.00665 -0.00302 0.08755 0.08251 -0.00219 -0.00082
0.57127 -0.72357 1.94116 -0.14863 -0.60859 1.80913 -0.00183 0.00199 -0.00443 0.00019 0.00104 -0.00335 0.11698 0.11775 0.00299 0.00387 0.08610 0.08105 -0.00145 -0.00146
0.57318 -0.72593 1.94686 -0.14879 -0.61134 1.81429 0.00191 -0.00236 0.00570 -0.00016 -0.00275 0.00516 0.11743 0.11695 0.00045 -0.00080 0.08721 0.08283 0.00111 0.00178
0.57188 -0.72443 1.94083 -0.13905 -0.6109 1.80248 -0.00130 0.00150 -0.00603 0.00974 0.00044 -0.01181 0.11429 0.11459 -0.00314 -0.00236 0.08609 0.07742 -0.00112 -0.00541
]
