classifier_Car_bumps_into_car_2366 [ 0.55684 -0.75685 1.96423 -0.26504 -0.62001 1.97589 0.55684 -0.75685 1.96423 -0.26504 -0.62001 1.97589 0.12885 0.12523 0.12885 0.12523 0.11036 0.08233 0.11036 0.08233
0.5559 -0.75695 1.96519 -0.26745 -0.62169 1.97644 -0.00094 -0.00010 0.00096 -0.00241 -0.00168 0.00055 0.12362 0.12269 -0.00523 -0.00254 0.11027 0.07930 -0.00009 -0.00303
0.5581 -0.75783 1.9636 -0.26811 -0.6215 1.97657 0.00220 -0.00088 -0.00159 -0.00066 0.00019 0.00013 0.13203 0.12217 0.00841 -0.00052 0.10620 0.08326 -0.00407 0.00396
0.55785 -0.75823 1.96432 -0.26737 -0.62148 1.97377 -0.00025 -0.00040 0.00072 0.00074 0.00002 -0.00280 0.13264 0.12090 0.00061 -0.00127 0.10956 0.07998 0.00336 -0.00328
0.55947 -0.75736 1.96093 -0.26635 -0.61999 1.97277 0.00162 0.00087 -0.00339 0.00102 0.00149 -0.00100 0.12582 0.11848 -0.00682 -0.00242 0.10706 0.07901 -0.00250 -0.00097
0.55881 -0.75901 1.9636 -0.26646 -0.62009 1.971 -0.00066 -0.00165 0.00267 -0.00011 -0.00010 -0.00177 0.12104 0.11969 -0.00478 0.00121 0.10669 0.08053 -0.00037 0.00152
0.55676 -0.75725 1.96162 -0.26622 -0.61825 1.97042 -0.00205 0.00176 -0.00198 0.00024 0.00184 -0.00058 0.12437 0.12119 0.00333 0.00150 0.10640 0.07929 -0.00029 -0.00124
0.55799 -0.75629 1.96292 -0.26765 -0.61819 1.97161 0.00123 0.00096 0.00130 -0.00143 0.00006 0.00119 0.13323 0.11993 0.00886 -0.00126 0.10936 0.07990 0.00296 0.00061
0.55613 -0.7564 1.96197 -0.26611 -0.61646 1.96812 -0.00186 -0.00011 -0.00095 0.00154 0.00173 -0.00349 0.12705 0.11787 -0.00618 -0.00206 0.11232 0.08237 0.00296 0.00247
0.56125 -0.75384 1.95522 -0.26834 -0.61347 1.96616 0.00512 0.00256 -0.00675 -0.00223 0.00299 -0.00196 0.12495 0.12023 -0.00210 0.00236 0.09766 0.08101 -0.01466 -0.00136
0.56474 -0.75264 1.953 -0.26628 -0.61319 1.953 0.00349 0.00120 -0.00222 0.00206 0.00028 -0.01316 0.11602 0.11540 -0.00893 -0.00483 0.10317 0.08109 0.00551 0.00008
0.57004 -0.74844 1.95422 -0.20547 -0.63062 1.85798 0.00530 0.00420 0.00122 0.06081 -0.01743 -0.09502 0.11660 0.13060 0.00058 0.01520 0.12373 0.08286 0.02056 0.00177
0.52676 -0.68204 1.88011 -0.27352 -0.53093 1.77187 -0.04328 0.06640 -0.07411 -0.06805 0.09969 -0.08611 0.12029 0.11945 0.00369 -0.01115 0.08207 0.10779 -0.04166 0.02493
0.5424 -0.5907 1.77165 -0.2986 -0.45294 1.69161 0.01564 0.09134 -0.10846 -0.02508 0.07799 -0.08026 0.14216 0.05078 0.02187 -0.06867 0.12860 0.04357 0.04653 -0.06422
0.51762 -0.45894 1.8947 -0.36363 -0.44256 1.81943 -0.02478 0.13176 0.12305 -0.06503 0.01038 0.12782 0.06600 0.05608 -0.07616 0.00530 0.06174 0.04698 -0.06686 0.00341
0.48571 -0.3539 1.87899 -0.37999 -0.42685 1.8278 -0.03191 0.10504 -0.01571 -0.01636 0.01571 0.00837 0.09378 0.05505 0.02778 -0.00103 0.06558 0.06173 0.00384 0.01475
0.45219 -0.27408 1.89276 -0.39287 -0.40765 1.83703 -0.03352 0.07982 0.01377 -0.01288 0.01920 0.00923 0.08499 0.05340 -0.00879 -0.00165 0.07122 0.04778 0.00564 -0.01395
0.40167 -0.19251 1.84002 -0.38748 -0.36852 1.77148 -0.05052 0.08157 -0.05274 0.00539 0.03913 -0.06555 0.08103 0.04434 -0.00396 -0.00906 0.05413 0.05626 -0.01709 0.00848
0.35933 -0.13167 1.79739 -0.37969 -0.32157 1.7057 -0.04234 0.06084 -0.04263 0.00779 0.04695 -0.06578 0.07977 0.02908 -0.00126 -0.01526 0.05930 0.04679 0.00517 -0.00947
0.32641 -0.08828 1.7848 -0.3726 -0.27488 1.67523 -0.03292 0.04339 -0.01259 0.00709 0.04669 -0.03047 0.08159 0.03536 0.00182 0.00628 0.07596 0.04438 0.01666 -0.00241
0.29106 -0.04298 1.85823 -0.37449 -0.17191 1.72328 -0.03535 0.04530 0.07343 -0.00189 0.10297 0.04805 0.07735 0.05959 -0.00424 0.02423 0.07822 0.03847 0.00226 -0.00591
0.27368 -0.04541 1.83966 -0.35792 -0.10673 1.70239 -0.01738 -0.00243 -0.01857 0.01657 0.06518 -0.02089 0.07972 0.05826 0.00237 -0.00133 0.07491 0.04500 -0.00331 0.00653
0.25975 -0.05738 1.81053 -0.33632 -0.0441 1.67518 -0.01393 -0.01197 -0.02913 0.02160 0.06263 -0.02721 0.07796 0.06798 -0.00176 0.00972 0.07066 0.04272 -0.00425 -0.00228
0.24957 -0.07765 1.7881 -0.31963 0.00359 1.66851 -0.01018 -0.02027 -0.02243 0.01669 0.04769 -0.00667 0.07603 0.06916 -0.00193 0.00118 0.06710 0.05002 -0.00356 0.00730
0.23005 -0.08894 1.68889 -0.28303 0.05086 1.60413 -0.01952 -0.01129 -0.09921 0.03660 0.04727 -0.06438 0.05519 0.06886 -0.02084 -0.00030 0.04926 0.04935 -0.01784 -0.00067
0.21853 -0.10073 1.6708 -0.26695 0.07815 1.60576 -0.01152 -0.01179 -0.01809 0.01608 0.02729 0.00163 0.05507 0.07408 -0.00012 0.00522 0.04614 0.05438 -0.00312 0.00503
0.22296 -0.1011 1.74777 -0.26817 0.0918 1.69127 0.00443 -0.00037 0.07697 -0.00122 0.01365 0.08551 0.06495 0.07506 0.00988 0.00098 0.04860 0.05871 0.00246 0.00433
0.22357 -0.0756 1.75282 -0.26223 0.07718 1.69716 0.00061 0.02550 0.00505 0.00594 -0.01462 0.00589 0.08037 0.06863 0.01542 -0.00643 0.05519 0.05477 0.00659 -0.00394
0.23708 -0.03691 1.83066 -0.26758 0.04394 1.76621 0.01351 0.03869 0.07784 -0.00535 -0.03324 0.06905 0.10184 0.06121 0.02147 -0.00742 0.06541 0.05821 0.01022 0.00344
0.22622 0.0414 1.82171 -0.27413 -0.02202 1.77385 -0.01086 0.07831 -0.00895 -0.00655 -0.06596 0.00764 0.08106 0.06001 -0.02078 -0.00120 0.06486 0.05943 -0.00055 0.00122
0.22881 0.09033 1.84763 -0.28004 -0.09348 1.78162 0.00259 0.04893 0.02592 -0.00591 -0.07146 0.00777 0.09493 0.05258 0.01387 -0.00743 0.07837 0.05879 0.01351 -0.00064
0.21654 0.18143 1.87212 -0.30084 -0.21447 1.79223 -0.01227 0.09110 0.02449 -0.02080 -0.12099 0.01061 0.09039 0.04635 -0.00454 -0.00623 0.08213 0.05151 0.00376 -0.00728
0.20247 0.18241 1.78578 -0.29417 -0.21809 1.69858 -0.01407 0.00098 -0.08634 0.00667 -0.00362 -0.09365 0.09074 0.05171 0.00035 0.00536 0.08213 0.04678 0.00000 -0.00473
0.19462 0.17767 1.76771 -0.29675 -0.19679 1.67556 -0.00785 -0.00474 -0.01807 -0.00258 0.02130 -0.02302 0.08201 0.04921 -0.00873 -0.00250 0.08127 0.04554 -0.00086 -0.00124
0.19807 0.15489 1.79797 -0.30562 -0.16232 1.69802 0.00345 -0.02278 0.03026 -0.00887 0.03447 0.02246 0.08630 0.05194 0.00429 0.00273 0.08042 0.04213 -0.00085 -0.00341
0.21107 0.11551 1.88007 -0.32358 -0.11411 1.77385 0.01300 -0.03938 0.08210 -0.01796 0.04821 0.07583 0.08772 0.06432 0.00142 0.01238 0.08148 0.04384 0.00106 0.00171
0.20102 0.06122 1.81055 -0.30929 -0.05089 1.72556 -0.01005 -0.05429 -0.06952 0.01429 0.06322 -0.04829 0.07080 0.06473 -0.01692 0.00041 0.08142 0.05002 -0.00006 0.00618
0.18377 0.00366 1.6994 -0.29052 1E-05 1.65112 -0.01725 -0.05756 -0.11115 0.01877 0.05090 -0.07444 0.05313 0.07312 -0.01767 0.00839 0.04763 0.04755 -0.03379 -0.00247
0.1781 -0.07385 1.7041 -0.2839 0.04643 1.66689 -0.00567 -0.07751 0.00470 0.00662 0.04642 0.01577 0.04961 0.06882 -0.00352 -0.00430 0.04911 0.05133 0.00148 0.00378
0.17032 -0.13898 1.78247 -0.29403 0.08455 1.75056 -0.00778 -0.06513 0.07837 -0.01013 0.03812 0.08367 0.05189 0.08059 0.00228 0.01177 0.05350 0.05863 0.00439 0.00730
0.15584 -0.17183 1.78222 -0.29264 0.11038 1.75255 -0.01448 -0.03285 -0.00025 0.00139 0.02583 0.00199 0.05432 0.08345 0.00243 0.00286 0.05187 0.05885 -0.00163 0.00022
0.14719 -0.17888 1.79426 -0.29376 0.12728 1.76183 -0.00865 -0.00705 0.01204 -0.00112 0.01690 0.00928 0.05124 0.07728 -0.00308 -0.00617 0.04708 0.05904 -0.00479 0.00019
0.14387 -0.16533 1.80785 -0.29797 0.13381 1.77439 -0.00332 0.01355 0.01359 -0.00421 0.00653 0.01256 0.05396 0.07229 0.00272 -0.00499 0.04983 0.05368 0.00275 -0.00536
0.14648 -0.14094 1.81212 -0.31074 0.13445 1.78399 0.00261 0.02439 0.00427 -0.01277 0.00064 0.00960 0.05886 0.09334 0.00490 0.02105 0.04689 0.05451 -0.00294 0.00083
0.14955 -0.11367 1.79699 -0.32904 0.13227 1.77684 0.00307 0.02727 -0.01513 -0.01830 -0.00218 -0.00715 0.05067 0.11940 -0.00819 0.02606 0.04934 0.06197 0.00245 0.00746
0.15629 -0.09214 1.76145 -0.34943 0.11991 1.74073 0.00674 0.02153 -0.03554 -0.02039 -0.01236 -0.03611 0.05378 0.12262 0.00311 0.00322 0.05002 0.06174 0.00068 -0.00023
0.17507 -0.07293 1.81346 -0.41504 0.05025 1.78863 0.01878 0.01921 0.05201 -0.06561 -0.06966 0.04790 0.05809 0.14239 0.00431 0.01977 0.05176 0.10374 0.00174 0.04200
0.17098 -0.0689 1.72388 -0.40561 -0.00612 1.68932 -0.00409 0.00403 -0.08958 0.00943 -0.05637 -0.09931 0.05498 0.07931 -0.00311 -0.06308 0.04705 0.04834 -0.00471 -0.05540
0.17939 -0.0879 1.76262 -0.4364 -0.10114 1.71644 0.00841 -0.01900 0.03874 -0.03079 -0.09502 0.02712 0.05048 0.11678 -0.00450 0.03747 0.04881 0.10173 0.00176 0.05339
0.1817 -0.09643 1.76851 -0.4397 -0.10994 1.72282 0.00231 -0.00853 0.00589 -0.00330 -0.00880 0.00638 0.05084 0.12591 0.00036 0.00913 0.05164 0.10108 0.00283 -0.00065
0.17953 -0.10097 1.72313 -0.4245 -0.09629 1.68625 -0.00217 -0.00454 -0.04538 0.01520 0.01365 -0.03657 0.05112 0.13541 0.00028 0.00950 0.04531 0.08864 -0.00633 -0.01244
0.18325 -0.10274 1.76973 -0.43365 -0.09447 1.73381 0.00372 -0.00177 0.04660 -0.00915 0.00182 0.04756 0.05247 0.12016 0.00135 -0.01525 0.04820 0.07340 0.00289 -0.01524
0.17984 -0.09885 1.72806 -0.41829 -0.08199 1.68554 -0.00341 0.00389 -0.04167 0.01536 0.01248 -0.04827 0.04856 0.12425 -0.00391 0.00409 0.04721 0.09290 -0.00099 0.01950
0.17888 -0.09703 1.72948 -0.41811 -0.07611 1.68539 -0.00096 0.00182 0.00142 0.00018 0.00588 -0.00015 0.05212 0.11585 0.00356 -0.00840 0.04647 0.09209 -0.00074 -0.00081
0.17917 -0.09651 1.72981 -0.41732 -0.06811 1.68243 0.00029 0.00052 0.00033 0.00079 0.00800 -0.00296 0.05069 0.11808 -0.00143 0.00223 0.04673 0.07170 0.00026 -0.02039
0.1888 -0.1074 1.73244 -0.41922 -0.06512 1.68253 0.00963 -0.01089 0.00263 -0.00190 0.00299 0.00010 0.04781 0.12229 -0.00288 0.00421 0.05051 0.06534 0.00378 -0.00636
0.2013 -0.11596 1.73827 -0.42052 -0.06359 1.68652 0.01250 -0.00856 0.00583 -0.00130 0.00153 0.00399 0.04819 0.12032 0.00038 -0.00197 0.04080 0.07350 -0.00971 0.00816
0.21931 -0.12085 1.73598 -0.42181 -0.0673 1.68929 0.01801 -0.00489 -0.00229 -0.00129 -0.00371 0.00277 0.05049 0.11615 0.00230 -0.00417 0.04953 0.07060 0.00873 -0.00290
0.25019 -0.095 1.68863 -0.41748 -0.07143 1.66088 0.03088 0.02585 -0.04735 0.00433 -0.00413 -0.02841 0.04740 0.11888 -0.00309 0.00273 0.03355 0.07024 -0.01598 -0.00036
0.23898 0.09795 1.7389 -0.42914 -0.09884 1.70033 -0.01121 0.19295 0.05027 -0.01166 -0.02741 0.03945 0.11620 0.11230 0.06880 -0.00658 0.10403 0.08398 0.07048 0.01374
0.17025 0.15697 1.74541 -0.43364 -0.10712 1.71702 -0.06873 0.05902 0.00651 -0.00450 -0.00828 0.01669 0.09072 0.12215 -0.02548 0.00985 0.07914 0.08497 -0.02489 0.00099
0.11694 0.16381 1.6764 -0.41417 -0.10854 1.62951 -0.05331 0.00684 -0.06901 0.01947 -0.00142 -0.08751 0.09579 0.11294 0.00507 -0.00921 0.08067 0.07464 0.00153 -0.01033
0.039 0.18066 1.60413 -0.40183 -0.11156 1.57522 -0.07794 0.01685 -0.07227 0.01234 -0.00302 -0.05429 0.05654 0.10841 -0.03925 -0.00453 0.05935 0.06762 -0.02132 -0.00702
0.02495 0.18013 1.75359 -0.43173 -0.12539 1.68688 -0.01405 -0.00053 0.14946 -0.02990 -0.01383 0.11166 0.08759 0.11457 0.03105 0.00616 0.07491 0.07444 0.01556 0.00682
0.00929 0.17557 1.74778 -0.42626 -0.12544 1.66248 -0.01566 -0.00456 -0.00581 0.00547 -0.00005 -0.02440 0.09221 0.11288 0.00462 -0.00169 0.07801 0.09958 0.00310 0.02514
0.01016 0.18057 1.77022 -0.42646 -0.12658 1.66644 0.00087 0.00500 0.02244 -0.00020 -0.00114 0.00396 0.09238 0.11183 0.00017 -0.00105 0.08013 0.07294 0.00212 -0.02664
0.02833 0.19078 1.80243 -0.435 -0.1278 1.69043 0.01817 0.01021 0.03221 -0.00854 -0.00122 0.02399 0.08874 0.11342 -0.00364 0.00159 0.07968 0.07809 -0.00045 0.00515
0.12083 0.18719 1.83052 -0.44436 -0.11997 1.70652 0.09250 -0.00359 0.02809 -0.00936 0.00783 0.01609 0.09443 0.11037 0.00569 -0.00305 0.08640 0.07836 0.00672 0.00027
0.26692 0.12348 1.80739 -0.45536 -0.11128 1.70752 0.14609 -0.06371 -0.02313 -0.01100 0.00869 0.00100 0.08145 0.11931 -0.01298 0.00894 0.07928 0.08224 -0.00712 0.00388
0.28591 0.08955 1.78165 -0.45401 -0.11283 1.70255 0.01899 -0.03393 -0.02574 0.00135 -0.00155 -0.00497 0.07479 0.13015 -0.00666 0.01084 0.07285 0.07395 -0.00643 -0.00829
0.28304 0.05673 1.75914 -0.44964 -0.11333 1.69859 -0.00287 -0.03282 -0.02251 0.00437 -0.00050 -0.00396 0.06943 0.11047 -0.00536 -0.01968 0.06153 0.07314 -0.01132 -0.00081
0.25915 0.02716 1.74621 -0.44786 -0.11218 1.69317 -0.02389 -0.02957 -0.01293 0.00178 0.00115 -0.00542 0.07024 0.11917 0.00081 0.00870 0.06172 0.07629 0.00019 0.00315
0.21952 0.01397 1.74445 -0.44528 -0.11327 1.68637 -0.03963 -0.01319 -0.00176 0.00258 -0.00109 -0.00680 0.07842 0.12011 0.00818 0.00094 0.06291 0.07689 0.00119 0.00060
0.17093 0.03268 1.75561 -0.44745 -0.11456 1.70096 -0.04859 0.01871 0.01116 -0.00217 -0.00129 0.01459 0.06622 0.12260 -0.01220 0.00249 0.05538 0.07740 -0.00753 0.00051
0.12537 0.1296 1.79738 -0.4433 -0.10636 1.70969 -0.04556 0.09692 0.04177 0.00415 0.00820 0.00873 0.07714 0.10512 0.01092 -0.01748 0.07615 0.05590 0.02077 -0.02150
0.11832 0.16546 1.74901 -0.42938 -0.101 1.66035 -0.00705 0.03586 -0.04837 0.01392 0.00536 -0.04934 0.07579 0.12187 -0.00135 0.01675 0.08587 0.05339 0.00972 -0.00251
0.12604 0.19787 1.76441 -0.43052 -0.09968 1.66751 0.00772 0.03241 0.01540 -0.00114 0.00132 0.00716 0.08721 0.11862 0.01142 -0.00325 0.10652 0.04663 0.02065 -0.00676
0.13917 0.21809 1.77914 -0.42915 -0.10109 1.67412 0.01313 0.02022 0.01473 0.00137 -0.00141 0.00661 0.09347 0.10213 0.00626 -0.01649 0.11335 0.07533 0.00683 0.02870
0.1567 0.22833 1.79807 -0.43593 -0.10065 1.68558 0.01753 0.01024 0.01893 -0.00678 0.00044 0.01146 0.09733 0.10585 0.00386 0.00372 0.07065 0.08735 -0.04270 0.01202
0.18337 0.22622 1.83504 -0.44542 -0.10338 1.71574 0.02667 -0.00211 0.03697 -0.00949 -0.00273 0.03016 0.09821 0.10762 0.00088 0.00177 0.03985 0.04842 -0.03080 -0.03893
0.21793 0.19928 1.84473 -0.44846 -0.10323 1.72442 0.03456 -0.02694 0.00969 -0.00304 0.00015 0.00868 0.10094 0.10205 0.00273 -0.00557 0.05886 0.07702 0.01901 0.02860
0.24462 0.1517 1.82709 -0.44859 -0.10746 1.71892 0.02669 -0.04758 -0.01764 -0.00013 -0.00423 -0.00550 0.07835 0.10150 -0.02259 -0.00055 0.08377 0.07832 0.02491 0.00130
0.30648 -0.00342 1.78268 -0.4444 -0.11072 1.70717 0.06186 -0.15512 -0.04441 0.00419 -0.00326 -0.01175 0.11183 0.11166 0.03348 0.01016 0.06964 0.04708 -0.01413 -0.03124
0.32745 -0.07689 1.78939 -0.44596 -0.11186 1.7175 0.02097 -0.07347 0.00671 -0.00156 -0.00114 0.01033 0.08407 0.11839 -0.02776 0.00673 0.06466 0.08360 -0.00498 0.03652
0.30323 -0.10521 1.69618 -0.42243 -0.10896 1.63909 -0.02422 -0.02832 -0.09321 0.02353 0.00290 -0.07841 0.10220 0.11267 0.01813 -0.00572 0.05503 0.07520 -0.00963 -0.00840
0.2971 -0.11537 1.69833 -0.42433 -0.10477 1.64137 -0.00613 -0.01016 0.00215 -0.00190 0.00419 0.00228 0.10319 0.10421 0.00099 -0.00846 0.07288 0.09376 0.01785 0.01856
0.29895 -0.1111 1.70903 -0.42576 -0.09966 1.64282 0.00185 0.00427 0.01070 -0.00143 0.00511 0.00145 0.09819 0.10233 -0.00500 -0.00188 0.07257 0.07511 -0.00031 -0.01865
0.29828 -0.09921 1.71281 -0.42268 -0.09628 1.64556 -0.00067 0.01189 0.00378 0.00308 0.00338 0.00274 0.10665 0.11594 0.00846 0.01361 0.09206 0.05065 0.01949 -0.02446
0.30061 -0.08972 1.71199 -0.42206 -0.09162 1.64613 0.00233 0.00949 -0.00082 0.00062 0.00466 0.00057 0.10221 0.11177 -0.00444 -0.00417 0.09249 0.07428 0.00043 0.02363
0.30405 -0.08137 1.71116 -0.42089 -0.08617 1.6471 0.00344 0.00835 -0.00083 0.00117 0.00545 0.00097 0.10463 0.10699 0.00242 -0.00478 0.08812 0.07569 -0.00437 0.00141
0.30647 -0.0787 1.70797 -0.41988 -0.08414 1.64897 0.00242 0.00267 -0.00319 0.00101 0.00203 0.00187 0.11216 0.10406 0.00753 -0.00293 0.08461 0.05155 -0.00351 -0.02414
0.31039 -0.07892 1.70955 -0.42024 -0.08239 1.65616 0.00392 -0.00022 0.00158 -0.00036 0.00175 0.00719 0.10613 0.11613 -0.00603 0.01207 0.08569 0.08270 0.00108 0.03115
0.31162 -0.07967 1.70473 -0.4178 -0.08369 1.65351 0.00123 -0.00075 -0.00482 0.00244 -0.00130 -0.00265 0.10574 0.11788 -0.00039 0.00175 0.07352 0.04790 -0.01217 -0.03480
0.31232 -0.08093 1.70337 -0.4179 -0.08263 1.65314 0.00070 -0.00126 -0.00136 -0.00010 0.00106 -0.00037 0.10353 0.11578 -0.00221 -0.00210 0.08117 0.07264 0.00765 0.02474
0.31318 -0.0819 1.70915 -0.41904 -0.08514 1.65668 0.00086 -0.00097 0.00578 -0.00114 -0.00251 0.00354 0.10727 0.11590 0.00374 0.00012 0.07844 0.08102 -0.00273 0.00838
0.31271 -0.08155 1.70838 -0.41925 -0.08468 1.65484 -0.00047 0.00035 -0.00077 -0.00021 0.00046 -0.00184 0.10841 0.12038 0.00114 0.00448 0.07929 0.05424 0.00085 -0.02678
0.31343 -0.08051 1.70902 -0.41769 -0.08468 1.65102 0.00072 0.00104 0.00064 0.00156 0.00000 -0.00382 0.10950 0.11308 0.00109 -0.00730 0.07981 0.06258 0.00052 0.00834
0.31466 -0.07937 1.70821 -0.41829 -0.08453 1.64865 0.00123 0.00114 -0.00081 -0.00060 0.00015 -0.00237 0.10664 0.11291 -0.00286 -0.00017 0.05741 0.06987 -0.02240 0.00729
0.31093 -0.07514 1.66976 -0.40798 -0.08496 1.60807 -0.00373 0.00423 -0.03845 0.01031 -0.00043 -0.04058 0.10441 0.10990 -0.00223 -0.00301 0.05784 0.04964 0.00043 -0.02023
0.31881 -0.07496 1.70969 -0.42144 -0.07911 1.65024 0.00788 0.00018 0.03993 -0.01346 0.00585 0.04217 0.10809 0.12088 0.00368 0.01098 0.08265 0.08020 0.02481 0.03056
0.31664 -0.07188 1.7025 -0.42201 -0.07859 1.64714 -0.00217 0.00308 -0.00719 -0.00057 0.00052 -0.00310 0.10987 0.11528 0.00178 -0.00560 0.06622 0.09058 -0.01643 0.01038
0.3106 -0.07068 1.69971 -0.42082 -0.07854 1.64607 -0.00604 0.00120 -0.00279 0.00119 0.00005 -0.00107 0.10643 0.11402 -0.00344 -0.00126 0.05532 0.07584 -0.01090 -0.01474
0.29928 -0.07019 1.69665 -0.42175 -0.08076 1.64545 -0.01132 0.00049 -0.00306 -0.00093 -0.00222 -0.00062 0.10530 0.11902 -0.00113 0.00500 0.06075 0.08612 0.00543 0.01028
0.26924 -0.06908 1.64252 -0.40757 -0.08774 1.60063 -0.03004 0.00111 -0.05413 0.01418 -0.00698 -0.04482 0.11243 0.11256 0.00713 -0.00646 0.05383 0.04619 -0.00692 -0.03993
0.23303 -0.06497 1.63774 -0.40684 -0.09021 1.60975 -0.03621 0.00411 -0.00478 0.00073 -0.00247 0.00912 0.10912 0.10734 -0.00331 -0.00522 0.06399 0.04410 0.01016 -0.00209
0.14318 -0.05995 1.68973 -0.42468 -0.09039 1.68975 -0.08985 0.00502 0.05199 -0.01784 -0.00018 0.08000 0.12921 0.11993 0.02009 0.01259 0.06419 0.08998 0.00020 0.04588
0.08711 -0.06005 1.74093 -0.43548 -0.09515 1.75137 -0.05607 -0.00010 0.05120 -0.01080 -0.00476 0.06162 0.12637 0.12750 -0.00284 0.00757 0.06536 0.08344 0.00117 -0.00654
0.01051 -0.0551 1.65215 -0.40849 -0.08853 1.67394 -0.07660 0.00495 -0.08878 0.02699 0.00662 -0.07743 0.11989 0.11008 -0.00648 -0.01742 0.06059 0.08374 -0.00477 0.00030
-0.03842 -0.06204 1.68282 -0.41099 -0.09172 1.70075 -0.04893 -0.00694 0.03067 -0.00250 -0.00319 0.02681 0.10905 0.12832 -0.01084 0.01824 0.07376 0.07771 0.01317 -0.00603
-0.19437 -0.05119 1.60388 -0.38782 -0.09467 1.61212 -0.15595 0.01085 -0.07894 0.02317 -0.00295 -0.08863 0.13815 0.11067 0.02910 -0.01765 0.07168 0.07374 -0.00208 -0.00397
-0.1379 -0.04735 1.70368 -0.42481 -0.09588 1.69941 0.05647 0.00384 0.09980 -0.03699 -0.00121 0.08729 0.10126 0.11549 -0.03689 0.00482 0.05239 0.05387 -0.01929 -0.01987
-0.12626 -0.03277 1.61067 -0.4091 -0.08951 1.62064 0.01164 0.01458 -0.09301 0.01571 0.00637 -0.07877 0.09887 0.10592 -0.00239 -0.00957 0.05169 0.05584 -0.00070 0.00197
-0.12997 -0.0208 1.65889 -0.44473 -0.08388 1.68835 -0.00371 0.01197 0.04822 -0.03563 0.00563 0.06771 0.10959 0.11683 0.01072 0.01091 0.05756 0.05061 0.00587 -0.00523
-0.11552 -0.00908 1.64306 -0.44878 -0.08217 1.68679 0.01445 0.01172 -0.01583 -0.00405 0.00171 -0.00156 0.11787 0.11154 0.00828 -0.00529 0.07421 0.07227 0.01665 0.02166
-0.09071 -0.00023 1.55834 -0.43214 -0.08532 1.61215 0.02481 0.00885 -0.08472 0.01664 -0.00315 -0.07464 0.11994 0.10492 0.00207 -0.00662 0.05574 0.05928 -0.01847 -0.01299
-0.0742 0.00893 1.63099 -0.46155 -0.08199 1.69475 0.01651 0.00916 0.07265 -0.02941 0.00333 0.08260 0.11884 0.11619 -0.00110 0.01127 0.06278 0.08322 0.00704 0.02394
-0.03804 0.0129 1.62685 -0.46069 -0.08289 1.68865 0.03616 0.00397 -0.00414 0.00086 -0.00090 -0.00610 0.12401 0.11360 0.00517 -0.00259 0.05034 0.05515 -0.01244 -0.02807
-0.00758 0.0163 1.62457 -0.46222 -0.08059 1.68274 0.03046 0.00340 -0.00228 -0.00153 0.00230 -0.00591 0.12553 0.10634 0.00152 -0.00726 0.06287 0.06627 0.01253 0.01112
0.01727 0.02005 1.63063 -0.46135 -0.08152 1.68321 0.02485 0.00375 0.00606 0.00087 -0.00093 0.00047 0.12268 0.11509 -0.00285 0.00875 0.06170 0.09210 -0.00117 0.02583
0.03626 0.01743 1.63424 -0.45964 -0.08133 1.67911 0.01899 -0.00262 0.00361 0.00171 0.00019 -0.00410 0.12462 0.11585 0.00194 0.00076 0.05365 0.08390 -0.00805 -0.00820
0.05089 0.01475 1.63966 -0.45783 -0.08414 1.67962 0.01463 -0.00268 0.00542 0.00181 -0.00281 0.00051 0.12532 0.10983 0.00070 -0.00602 0.06712 0.05286 0.01347 -0.03104
0.05908 0.01089 1.64546 -0.45792 -0.08555 1.6783 0.00819 -0.00386 0.00580 -0.00009 -0.00141 -0.00132 0.12634 0.11813 0.00102 0.00830 0.05229 0.07464 -0.01483 0.02178
0.05938 0.00908 1.648 -0.45459 -0.08278 1.67526 0.00030 -0.00181 0.00254 0.00333 0.00277 -0.00304 0.12066 0.09852 -0.00568 -0.01961 0.07331 0.06231 0.02102 -0.01233
0.06689 0.00521 1.65428 -0.45101 -0.08139 1.67639 0.00751 -0.00387 0.00628 0.00358 0.00139 0.00113 0.12394 0.10738 0.00328 0.00886 0.05393 0.08874 -0.01938 0.02643
0.06902 -0.00078 1.66117 -0.45135 -0.08183 1.67891 0.00213 -0.00599 0.00689 -0.00034 -0.00044 0.00252 0.12646 0.11594 0.00252 0.00856 0.06636 0.07169 0.01243 -0.01705
0.0709 0.00076 1.66597 -0.45033 -0.08188 1.68076 0.00188 0.00154 0.00480 0.00102 -0.00005 0.00185 0.12439 0.11385 -0.00207 -0.00209 0.07416 0.07840 0.00780 0.00671
0.07137 0.00061 1.66834 -0.45003 -0.08014 1.68169 0.00047 -0.00015 0.00237 0.00030 0.00174 0.00093 0.12503 0.10751 0.00064 -0.00634 0.07247 0.08205 -0.00169 0.00365
0.06827 0.00035 1.58717 -0.42407 -0.0761 1.59919 -0.00310 -0.00026 -0.08117 0.02596 0.00404 -0.08250 0.11993 0.10507 -0.00510 -0.00244 0.06721 0.04535 -0.00526 -0.03670
0.07299 -4E-05 1.67126 -0.44973 -0.07969 1.68301 0.00472 -0.00039 0.08409 -0.02566 -0.00359 0.08382 0.12746 0.11618 0.00753 0.01111 0.07259 0.05435 0.00538 0.00900
0.07422 0.00057 1.67352 -0.45049 -0.07875 1.68452 0.00123 0.00061 0.00226 -0.00076 0.00094 0.00151 0.12386 0.11042 -0.00360 -0.00576 0.07163 0.09184 -0.00096 0.03749
0.07555 3E-05 1.67403 -0.44868 -0.08024 1.68467 0.00133 -0.00054 0.00051 0.00181 -0.00149 0.00015 0.12568 0.11481 0.00182 0.00439 0.06487 0.08027 -0.00676 -0.01157
0.08699 -0.02846 1.67641 -0.44217 -0.0834 1.68578 0.01144 -0.02849 0.00238 0.00651 -0.00316 0.00111 0.11810 0.12098 -0.00758 0.00617 0.07245 0.08651 0.00758 0.00624
0.09791 -0.05765 1.67787 -0.43079 -0.09496 1.68503 0.01092 -0.02919 0.00146 0.01138 -0.01156 -0.00075 0.10916 0.10968 -0.00894 -0.01130 0.07708 0.08202 0.00463 -0.00449
0.10748 -0.09833 1.67512 -0.41773 -0.10575 1.6843 0.00957 -0.04068 -0.00275 0.01306 -0.01079 -0.00073 0.08404 0.10776 -0.02512 -0.00192 0.07209 0.09306 -0.00499 0.01104
0.13992 -0.29728 1.72612 -0.35478 -0.23748 1.75249 0.03244 -0.19895 0.05100 0.06295 -0.13173 0.06819 0.10664 0.10310 0.02260 -0.00466 0.05448 0.08187 -0.01761 -0.01119
0.16945 -0.36956 1.74293 -0.30592 -0.3032 1.75583 0.02953 -0.07228 0.01681 0.04886 -0.06572 0.00334 0.13060 0.09622 0.02396 -0.00688 0.07309 0.06596 0.01861 -0.01591
0.20945 -0.43263 1.75125 -0.26357 -0.37724 1.77729 0.04000 -0.06307 0.00832 0.04235 -0.07404 0.02146 0.14544 0.10243 0.01484 0.00621 0.05727 0.10022 -0.01582 0.03426
0.24312 -0.4597 1.66249 -0.2149 -0.42056 1.69767 0.03367 -0.02707 -0.08876 0.04867 -0.04332 -0.07962 0.15294 0.09712 0.00750 -0.00531 0.05433 0.07355 -0.00294 -0.02667
0.37964 -0.56067 1.75216 -0.16675 -0.51928 1.84849 0.13652 -0.10097 0.08967 0.04815 -0.09872 0.15082 0.10582 0.14023 -0.04712 0.04311 0.07212 0.09162 0.01779 0.01807
0.44497 -0.61013 1.806 -0.14746 -0.61525 1.79032 0.06533 -0.04946 0.05384 0.01929 -0.09597 -0.05817 0.09770 0.11709 -0.00812 -0.02314 0.07157 0.06966 -0.00055 -0.02196
0.46906 -0.67835 1.97015 -0.14274 -0.64077 1.85167 0.02409 -0.06822 0.16415 0.00472 -0.02552 0.06135 0.07137 0.12249 -0.02633 0.00540 0.03952 0.07148 -0.03205 0.00182
0.50896 -0.71442 1.96508 -0.14141 -0.63648 1.84037 0.03990 -0.03607 -0.00507 0.00133 0.00429 -0.01130 0.13151 0.12515 0.06014 0.00266 0.08519 0.07090 0.04567 -0.00058
0.54196 -0.71653 1.89663 -0.13966 -0.61866 1.79151 0.03300 -0.00211 -0.06845 0.00175 0.01782 -0.04886 0.12506 0.12083 -0.00645 -0.00432 0.17348 0.06970 0.08829 -0.00120
0.54105 -0.705 1.86293 -0.13533 -0.61009 1.75615 -0.00091 0.01153 -0.03370 0.00433 0.00857 -0.03536 0.12394 0.12129 -0.00112 0.00046 0.09288 0.07042 -0.08060 0.00072
0.54697 -0.71054 1.86378 -0.13397 -0.61088 1.75087 0.00592 -0.00554 0.00085 0.00136 -0.00079 -0.00528 0.12655 0.12116 0.00261 -0.00013 0.12122 0.07245 0.02834 0.00203
0.55942 -0.73746 1.92353 -0.1768 -0.61087 1.85215 0.01245 -0.02692 0.05975 -0.04283 0.00001 0.10128 0.13108 0.12899 0.00453 0.00783 0.08422 0.08328 -0.03700 0.01083
0.56375 -0.73964 1.90325 -0.20814 -0.59569 1.88731 0.00433 -0.00218 -0.02028 -0.03134 0.01518 0.03516 0.12168 0.13718 -0.00940 0.00819 0.08865 0.09155 0.00443 0.00827
0.56566 -0.74244 1.91682 -0.20863 -0.59733 1.90127 0.00191 -0.00280 0.01357 -0.00049 -0.00164 0.01396 0.12299 0.13347 0.00131 -0.00371 0.11405 0.09509 0.02540 0.00354
0.56442 -0.74325 1.9187 -0.20915 -0.59825 1.90377 -0.00124 -0.00081 0.00188 -0.00052 -0.00092 0.00250 0.12530 0.13181 0.00231 -0.00166 0.08894 0.09977 -0.02511 0.00468
0.56919 -0.74106 1.8998 -0.20664 -0.59499 1.89098 0.00477 0.00219 -0.01890 0.00251 0.00326 -0.01279 0.11397 0.13060 -0.01133 -0.00121 0.09099 0.09818 0.00205 -0.00159
0.5705 -0.74251 1.90933 -0.15435 -0.6212 1.82715 0.00131 -0.00145 0.00953 0.05229 -0.02621 -0.06383 0.11286 0.12301 -0.00111 -0.00759 0.08966 0.07498 -0.00133 -0.02320
0.56798 -0.74494 1.91952 -0.15456 -0.62456 1.83287 -0.00252 -0.00243 0.01019 -0.00021 -0.00336 0.00572 0.12065 0.12204 0.00779 -0.00097 0.09338 0.07714 0.00372 0.00216
0.56967 -0.74392 1.90991 -0.15394 -0.62183 1.82646 0.00169 0.00102 -0.00961 0.00062 0.00273 -0.00641 0.11585 0.12149 -0.00480 -0.00055 0.09084 0.07660 -0.00254 -0.00054
0.57125 -0.74377 1.90759 -0.14176 -0.62721 1.81241 0.00158 0.00015 -0.00232 0.01218 -0.00538 -0.01405 0.11195 0.12376 -0.00390 0.00227 0.09137 0.07622 0.00053 -0.00038
0.57422 -0.74243 1.90405 -0.14265 -0.62587 1.81248 0.00297 0.00134 -0.00354 -0.00089 0.00134 0.00007 0.10904 0.12228 -0.00291 -0.00148 0.08675 0.07402 -0.00462 -0.00220
0.57457 -0.74217 1.90439 -0.16634 -0.6106 1.84535 0.00035 0.00026 0.00034 -0.02369 0.01527 0.03287 0.11106 0.12376 0.00202 0.00148 0.08786 0.07816 0.00111 0.00414
0.57429 -0.7425 1.905 -0.14109 -0.6271 1.81064 -0.00028 -0.00033 0.00061 0.02525 -0.01650 -0.03471 0.11224 0.12436 0.00118 0.00060 0.08719 0.07296 -0.00067 -0.00520
0.57602 -0.74321 1.90636 -0.16478 -0.6113 1.84399 0.00173 -0.00071 0.00136 -0.02369 0.01580 0.03335 0.11083 0.12114 -0.00141 -0.00322 0.08814 0.07580 0.00095 0.00284
0.57384 -0.74552 1.91843 -0.1657 -0.61468 1.85263 -0.00218 -0.00231 0.01207 -0.00092 -0.00338 0.00864 0.11441 0.12298 0.00358 0.00184 0.09042 0.07604 0.00228 0.00024
0.57341 -0.74702 1.91853 -0.16647 -0.61462 1.85229 -0.00043 -0.00150 0.00010 -0.00077 0.00006 -0.00034 0.11252 0.12238 -0.00189 -0.00060 0.09354 0.07486 0.00312 -0.00118
0.57567 -0.74658 1.91918 -0.14327 -0.63043 1.82041 0.00226 0.00044 0.00065 0.02320 -0.01581 -0.03188 0.11440 0.12361 0.00188 0.00123 0.08971 0.07560 -0.00383 0.00074
0.57796 -0.74783 1.91947 -0.16668 -0.61557 1.85515 0.00229 -0.00125 0.00029 -0.02341 0.01486 0.03474 0.11202 0.12235 -0.00238 -0.00126 0.09336 0.07841 0.00365 0.00281
0.57641 -0.74799 1.92072 -0.14459 -0.631 1.82494 -0.00155 -0.00016 0.00125 0.02209 -0.01543 -0.03021 0.11513 0.12298 0.00311 0.00063 0.08981 0.07490 -0.00355 -0.00351
0.57707 -0.74827 1.92237 -0.14663 -0.63094 1.82654 0.00066 -0.00028 0.00165 -0.00204 0.00006 0.00160 0.11411 0.12231 -0.00102 -0.00067 0.08807 0.07400 -0.00174 -0.00090
0.57446 -0.75074 1.93322 -0.14954 -0.6326 1.83555 -0.00261 -0.00247 0.01085 -0.00291 -0.00166 0.00901 0.11914 0.11939 0.00503 -0.00292 0.09198 0.07674 0.00391 0.00274
0.57328 -0.75084 1.93472 -0.15014 -0.63272 1.83773 -0.00118 -0.00010 0.00150 -0.00060 -0.00012 0.00218 0.12129 0.12352 0.00215 0.00413 0.09310 0.07659 0.00112 -0.00015
0.57326 -0.74925 1.92802 -0.15206 -0.63132 1.8327 -0.00002 0.00159 -0.00670 -0.00192 0.00140 -0.00503 0.11830 0.12142 -0.00299 -0.00210 0.09176 0.07776 -0.00134 0.00117
0.5709 -0.7502 1.93248 -0.15283 -0.63227 1.83482 -0.00236 -0.00095 0.00446 -0.00077 -0.00095 0.00212 0.12288 0.12145 0.00458 0.00003 0.09322 0.07813 0.00146 0.00037
0.57125 -0.75176 1.9337 -0.18056 -0.61648 1.87414 0.00035 -0.00156 0.00122 -0.02773 0.01579 0.03932 0.12293 0.13115 0.00005 0.00970 0.09459 0.08224 0.00137 0.00411
0.57013 -0.75388 1.93755 -0.15187 -0.63378 1.83595 -0.00112 -0.00212 0.00385 0.02869 -0.01730 -0.03819 0.12294 0.12440 0.00001 -0.00675 0.09661 0.07781 0.00202 -0.00443
0.56917 -0.75274 1.9391 -0.1527 -0.63389 1.83781 -0.00096 0.00114 0.00155 -0.00083 -0.00011 0.00186 0.12696 0.11978 0.00402 -0.00462 0.09756 0.07649 0.00095 -0.00132
0.57047 -0.74999 1.9322 -0.15378 -0.63172 1.83343 0.00130 0.00275 -0.00690 -0.00108 0.00217 -0.00438 0.12354 0.12065 -0.00342 0.00087 0.09471 0.07713 -0.00285 0.00064
0.57513 -0.74992 1.92933 -0.14925 -0.63376 1.82594 0.00466 0.00007 -0.00287 0.00453 -0.00204 -0.00749 0.11917 0.12467 -0.00437 0.00402 0.09609 0.07659 0.00138 -0.00054
0.57701 -0.7492 1.92539 -0.18952 -0.61123 1.8803 0.00188 0.00072 -0.00394 -0.04027 0.02253 0.05436 0.11340 0.14057 -0.00577 0.01590 0.09348 0.09089 -0.00261 0.01430
0.57724 -0.74859 1.92333 -0.21399 -0.59993 1.91334 0.00023 0.00061 -0.00206 -0.02447 0.01130 0.03304 0.11543 0.13300 0.00203 -0.00757 0.09549 0.10887 0.00201 0.01798
0.57662 -0.74801 1.92156 -0.2142 -0.59891 1.91542 -0.00062 0.00058 -0.00177 -0.00021 0.00102 0.00208 0.11489 0.14011 -0.00054 0.00711 0.09243 0.10887 -0.00306 0.00000
0.57716 -0.74866 1.92213 -0.21398 -0.60044 1.91375 0.00054 -0.00065 0.00057 0.00022 -0.00153 -0.00167 0.11491 0.14067 0.00002 0.00056 0.09258 0.10808 0.00015 -0.00079
0.57947 -0.74842 1.91818 -0.21479 -0.60083 1.91159 0.00231 0.00024 -0.00395 -0.00081 -0.00039 -0.00216 0.11219 0.13782 -0.00272 -0.00285 0.10551 0.10509 0.01293 -0.00299
0.5773 -0.75061 1.92822 -0.17169 -0.62327 1.85423 -0.00217 -0.00219 0.01004 0.04310 -0.02244 -0.05736 0.11549 0.12483 0.00330 -0.01299 0.09733 0.08051 -0.00818 -0.02458
0.57439 -0.75137 1.93373 -0.14848 -0.63575 1.8291 -0.00291 -0.00076 0.00551 0.02321 -0.01248 -0.02513 0.12155 0.12537 0.00606 0.00054 0.09449 0.07547 -0.00284 -0.00504
0.57408 -0.75216 1.9361 -0.21864 -0.60058 1.93073 -0.00031 -0.00079 0.00237 -0.07016 0.03517 0.10163 0.12198 0.13885 0.00043 0.01348 0.09155 0.10815 -0.00294 0.03268
0.5783 -0.75245 1.93396 -0.1683 -0.62592 1.85427 0.00422 -0.00029 -0.00214 0.05034 -0.02534 -0.07646 0.11686 0.12435 -0.00512 -0.01450 0.09687 0.07960 0.00532 -0.02855
0.5756 -0.75321 1.94011 -0.16697 -0.62828 1.85674 -0.00270 -0.00076 0.00615 0.00133 -0.00236 0.00247 0.12213 0.12367 0.00527 -0.00068 0.09527 0.07876 -0.00160 -0.00084
0.57392 -0.75436 1.94329 -0.16711 -0.62932 1.85773 -0.00168 -0.00115 0.00318 -0.00014 -0.00104 0.00099 0.12284 0.12494 0.00071 0.00127 0.09596 0.08081 0.00069 0.00205
0.57428 -0.75499 1.94563 -0.21003 -0.61176 1.91644 0.00036 -0.00063 0.00234 -0.04292 0.01756 0.05871 0.12516 0.15351 0.00232 0.02857 0.09955 0.09574 0.00359 0.01493
0.57207 -0.75458 1.94784 -0.17606 -0.62598 1.87113 -0.00221 0.00041 0.00221 0.03397 -0.01422 -0.04531 0.12861 0.12873 0.00345 -0.02478 0.09522 0.07940 -0.00433 -0.01634
0.57684 -0.75268 1.93853 -0.17036 -0.62631 1.85929 0.00477 0.00190 -0.00931 0.00570 -0.00033 -0.01184 0.12045 0.12490 -0.00816 -0.00383 0.09517 0.07977 -0.00005 0.00037
0.57518 -0.75223 1.93751 -0.16856 -0.62761 1.85677 -0.00166 0.00045 -0.00102 0.00180 -0.00130 -0.00252 0.11878 0.12317 -0.00167 -0.00173 0.09590 0.07661 0.00073 -0.00316
0.57551 -0.75426 1.94235 -0.16783 -0.63021 1.85876 0.00033 -0.00203 0.00484 0.00073 -0.00260 0.00199 0.12624 0.12396 0.00746 0.00079 0.09681 0.07879 0.00091 0.00218
]
