classifier_Man_bumps_into_fence_25150 [ 0.56736 -0.7325 1.87528 -0.20762 -0.5944 1.8688 0.56736 -0.7325 1.87528 -0.20762 -0.5944 1.8688 0.11291 0.14038 0.11291 0.14038 0.08564 0.09338 0.08564 0.09338
0.56887 -0.73346 1.87481 -0.20325 -0.59417 1.8633 0.00151 -0.00096 -0.00047 0.00437 0.00023 -0.00550 0.12253 0.13511 0.00962 -0.00527 0.08707 0.08633 0.00143 -0.00705
0.56843 -0.73297 1.87533 -0.19479 -0.59625 1.84732 -0.00044 0.00049 0.00052 0.00846 -0.00208 -0.01598 0.12358 0.12785 0.00105 -0.00726 0.13640 0.08281 0.04933 -0.00352
0.56495 -0.72905 1.86671 -0.16045 -0.60603 1.78932 -0.00348 0.00392 -0.00862 0.03434 -0.00978 -0.05800 0.12433 0.11305 0.00075 -0.01480 0.09199 0.07552 -0.04441 -0.00729
0.57022 -0.73371 1.8816 -0.227 -0.58941 1.88833 0.00527 -0.00466 0.01489 -0.06655 0.01662 0.09901 0.12584 0.13502 0.00151 0.02197 0.09314 0.09552 0.00115 0.02000
0.56748 -0.73242 1.88578 -0.22907 -0.5868 1.88855 -0.00274 0.00129 0.00418 -0.00207 0.00261 0.00022 0.13126 0.13838 0.00542 0.00336 0.09517 0.09401 0.00203 -0.00151
0.57449 -0.73022 1.88814 -0.22664 -0.58509 1.87813 0.00701 0.00220 0.00236 0.00243 0.00171 -0.01042 0.12858 0.13293 -0.00268 -0.00545 0.11302 0.09352 0.01785 -0.00049
0.57523 -0.72523 1.89867 -0.2246 -0.58 1.86581 0.00074 0.00499 0.01053 0.00204 0.00509 -0.01232 0.13801 0.13028 0.00943 -0.00265 0.12279 0.08891 0.00977 -0.00461
0.575 -0.73178 1.91291 -0.16682 -0.58632 1.7778 -0.00023 -0.00655 0.01424 0.05778 -0.00632 -0.08801 0.14467 0.12453 0.00666 -0.00575 0.08831 0.08215 -0.03448 -0.00676
0.58796 -0.68439 1.91966 -0.18618 -0.59489 1.77482 0.01296 0.04739 0.00675 -0.01936 -0.00857 -0.00298 0.16182 0.12451 0.01715 -0.00002 0.15607 0.07268 0.06776 -0.00947
0.57322 -0.60239 1.92555 -0.21077 -0.50919 1.8107 -0.01474 0.08200 0.00589 -0.02459 0.08570 0.03588 0.17056 0.12462 0.00874 0.00011 0.16644 0.06100 0.01037 -0.01168
0.49992 -0.53056 1.92917 -0.22415 -0.47239 1.80657 -0.07330 0.07183 0.00362 -0.01338 0.03680 -0.00413 0.08667 0.13527 -0.08389 0.01065 0.07076 0.13394 -0.09568 0.07294
0.37682 -0.34666 1.88626 -0.21258 -0.37138 1.74293 -0.12310 0.18390 -0.04291 0.01157 0.10101 -0.06364 0.11578 0.06851 0.02911 -0.06676 0.07197 0.09071 0.00121 -0.04323
0.30839 -0.27642 1.79839 -0.24072 -0.30269 1.71755 -0.06843 0.07024 -0.08787 -0.02814 0.06869 -0.02538 0.13326 0.09237 0.01748 0.02386 0.09036 0.11927 0.01839 0.02856
0.22885 -0.23274 1.92685 -0.25251 -0.26892 1.85154 -0.07954 0.04368 0.12846 -0.01179 0.03377 0.13399 0.07422 0.10753 -0.05904 0.01516 0.05371 0.16214 -0.03665 0.04287
0.03834 -0.08357 1.75833 -0.19483 -0.13887 1.68127 -0.19051 0.14917 -0.16852 0.05768 0.13005 -0.17027 0.09774 0.12619 0.02352 0.01866 0.10898 0.11529 0.05527 -0.04685
-0.04033 -0.06762 1.78374 -0.19023 -0.10415 1.75984 -0.07867 0.01595 0.02541 0.00460 0.03472 0.07857 0.07369 0.13190 -0.02405 0.00571 0.06173 0.13036 -0.04725 0.01507
0.01076 -0.03417 1.73171 -0.17488 -0.05689 1.68666 0.05109 0.03345 -0.05203 0.01535 0.04726 -0.07318 0.12995 0.11044 0.05626 -0.02146 0.11886 0.11818 0.05713 -0.01218
-0.13558 -0.00641 1.63135 -0.00495 -0.00272 1.65806 -0.14634 0.02776 -0.10036 0.16993 0.05417 -0.02860 0.09894 0.09536 -0.03101 -0.01508 0.09185 0.07863 -0.02701 -0.03955
-0.13493 0.0227 1.7084 0.14753 0.02906 1.73012 0.00065 0.02911 0.07705 0.15248 0.03178 0.07206 0.11171 0.11450 0.01277 0.01914 0.06657 0.07012 -0.02528 -0.00851
0.20071 0.07112 1.70402 -0.16026 0.06723 1.69568 0.33564 0.04842 -0.00438 -0.30779 0.03817 -0.03444 0.11202 0.12110 0.00031 0.00660 0.07553 0.09603 0.00896 0.02591
0.32217 0.03229 1.65278 -0.35921 0.00865 1.64883 0.12146 -0.03883 -0.05124 -0.19895 -0.05858 -0.04685 0.04654 0.12726 -0.06548 0.00616 0.06164 0.10667 -0.01389 0.01064
0.4711 -0.01051 1.7991 -0.43799 -0.01232 1.74328 0.14893 -0.04280 0.14632 -0.07878 -0.02097 0.09445 0.12099 0.13547 0.07445 0.00821 0.09372 0.11241 0.03208 0.00574
0.46452 -0.03244 1.65985 -0.43525 -0.01396 1.60672 -0.00658 -0.02193 -0.13925 0.00274 -0.00164 -0.13656 0.10461 0.12575 -0.01638 -0.00972 0.08669 0.09678 -0.00703 -0.01563
0.48463 -0.04818 1.68067 -0.46644 -0.00424 1.63361 0.02011 -0.01574 0.02082 -0.03119 0.00972 0.02689 0.10149 0.13220 -0.00312 0.00645 0.07945 0.08766 -0.00724 -0.00912
0.53384 -0.05472 1.88444 -0.47448 0.12672 1.83572 0.04921 -0.00654 0.20377 -0.00804 0.13096 0.20211 0.13096 0.12477 0.02947 -0.00743 0.10438 0.10389 0.02493 0.01623
0.52187 -0.07318 1.93039 -0.44432 0.17584 1.89624 -0.01197 -0.01846 0.04595 0.03016 0.04912 0.06052 0.14321 0.12603 0.01225 0.00126 0.12217 0.12784 0.01779 0.02395
0.44959 -0.03829 1.81385 -0.44605 -0.04875 1.69731 -0.07228 0.03489 -0.11654 -0.00173 -0.22459 -0.19893 0.10506 0.15002 -0.03815 0.02399 0.07973 0.04054 -0.04244 -0.08730
0.45494 -0.0378 1.86959 -0.47811 -0.1806 1.70608 0.00535 0.00049 0.05574 -0.03206 -0.13185 0.00877 0.11911 0.15932 0.01405 0.00930 0.10132 0.09666 0.02159 0.05612
0.4386 -0.03944 1.86468 -0.46634 -0.13951 1.69749 -0.01634 -0.00164 -0.00491 0.01177 0.04109 -0.00859 0.13240 0.14380 0.01329 -0.01552 0.10990 0.11132 0.00858 0.01466
0.43135 -0.03488 1.86315 -0.46964 -0.13102 1.69109 -0.00725 0.00456 -0.00153 -0.00330 0.00849 -0.00640 0.12220 0.13099 -0.01020 -0.01281 0.10333 0.10933 -0.00657 -0.00199
0.40898 -0.03116 1.78212 -0.44846 -0.12261 1.61324 -0.02237 0.00372 -0.08103 0.02118 0.00841 -0.07785 0.11844 0.12545 -0.00376 -0.00554 0.10401 0.09978 0.00068 -0.00955
0.4064 -0.03088 1.78085 -0.44755 -0.11802 1.61278 -0.00258 0.00028 -0.00127 0.00091 0.00459 -0.00046 0.11556 0.12704 -0.00288 0.00159 0.10584 0.09976 0.00183 -0.00002
0.42315 -0.04471 1.84681 -0.45958 -0.11876 1.66482 0.01675 -0.01383 0.06596 -0.01203 -0.00074 0.05204 0.13100 0.12994 0.01544 0.00290 0.10004 0.10534 -0.00580 0.00558
0.39102 -0.04859 1.71118 -0.42423 -0.10846 1.54238 -0.03213 -0.00388 -0.13563 0.03535 0.01030 -0.12244 0.12485 0.12183 -0.00615 -0.00811 0.08966 0.10306 -0.01038 -0.00228
0.39394 -0.04874 1.72706 -0.42724 -0.10915 1.55727 0.00292 -0.00015 0.01588 -0.00301 -0.00069 0.01489 0.12061 0.12139 -0.00424 -0.00044 0.08598 0.09449 -0.00368 -0.00857
0.39963 -0.05238 1.75258 -0.43638 -0.10939 1.58156 0.00569 -0.00364 0.02552 -0.00914 -0.00024 0.02429 0.12134 0.12349 0.00073 0.00210 0.09843 0.09166 0.01245 -0.00283
0.40088 -0.0554 1.75889 -0.44435 -0.10595 1.59897 0.00125 -0.00302 0.00631 -0.00797 0.00344 0.01741 0.11355 0.12499 -0.00779 0.00150 0.09876 0.09708 0.00033 0.00542
0.39477 -0.0564 1.7392 -0.45197 -0.10553 1.60245 -0.00611 -0.00100 -0.01969 -0.00762 0.00042 0.00348 0.09019 0.12827 -0.02336 0.00328 0.07832 0.10135 -0.02044 0.00427
0.39707 -0.06554 1.73876 -0.46198 -0.10246 1.60973 0.00230 -0.00914 -0.00044 -0.01001 0.00307 0.00728 0.09257 0.12877 0.00238 0.00050 0.08353 0.10492 0.00521 0.00357
0.39458 -0.06917 1.72314 -0.46134 -0.10106 1.59628 -0.00249 -0.00363 -0.01562 0.00064 0.00140 -0.01345 0.08934 0.12439 -0.00323 -0.00438 0.07802 0.10010 -0.00551 -0.00482
0.39659 -0.06554 1.70616 -0.45538 -0.09061 1.59288 0.00201 0.00363 -0.01698 0.00596 0.01045 -0.00340 0.07152 0.12683 -0.01782 0.00244 0.07206 0.10754 -0.00596 0.00744
0.39483 -0.06683 1.70337 -0.45261 -0.09197 1.59573 -0.00176 -0.00129 -0.00279 0.00277 -0.00136 0.00285 0.06936 0.13078 -0.00216 0.00395 0.07242 0.10321 0.00036 -0.00433
0.39336 -0.06827 1.70382 -0.45204 -0.08681 1.59483 -0.00147 -0.00144 0.00045 0.00057 0.00516 -0.00090 0.07180 0.12583 0.00244 -0.00495 0.07942 0.09845 0.00700 -0.00476
0.3919 -0.06655 1.70288 -0.4524 -0.08638 1.59589 -0.00146 0.00172 -0.00094 -0.00036 0.00043 0.00106 0.07062 0.13353 -0.00118 0.00770 0.07973 0.09150 0.00031 -0.00695
0.38889 -0.06619 1.69981 -0.45347 -0.08101 1.59829 -0.00301 0.00036 -0.00307 -0.00107 0.00537 0.00240 0.06986 0.12998 -0.00076 -0.00355 0.07972 0.10391 -0.00001 0.01241
0.38608 -0.06564 1.6962 -0.45396 -0.07852 1.59874 -0.00281 0.00055 -0.00361 -0.00049 0.00249 0.00045 0.06773 0.12614 -0.00213 -0.00384 0.07883 0.10479 -0.00089 0.00088
0.38295 -0.06544 1.69108 -0.45249 -0.07815 1.60124 -0.00313 0.00020 -0.00512 0.00147 0.00037 0.00250 0.06873 0.12844 0.00100 0.00230 0.07398 0.10274 -0.00485 -0.00205
0.38184 -0.06365 1.69165 -0.45211 -0.07679 1.60076 -0.00111 0.00179 0.00057 0.00038 0.00136 -0.00048 0.07099 0.12534 0.00226 -0.00310 0.08005 0.10731 0.00607 0.00457
0.38025 -0.06349 1.69125 -0.45171 -0.07722 1.60383 -0.00159 0.00016 -0.00040 0.00040 -0.00043 0.00307 0.06997 0.13028 -0.00102 0.00494 0.08065 0.10248 0.00060 -0.00483
0.37974 -0.06326 1.69056 -0.45026 -0.07483 1.609 -0.00051 0.00023 -0.00069 0.00145 0.00239 0.00517 0.06898 0.13095 -0.00099 0.00067 0.07365 0.10983 -0.00700 0.00735
0.37767 -0.0664 1.69127 -0.45398 -0.07338 1.61167 -0.00207 -0.00314 0.00071 -0.00372 0.00145 0.00267 0.07182 0.13058 0.00284 -0.00037 0.07644 0.10250 0.00279 -0.00733
0.37888 -0.06712 1.69254 -0.45332 -0.07412 1.61344 0.00121 -0.00072 0.00127 0.00066 -0.00074 0.00177 0.06894 0.12980 -0.00288 -0.00078 0.08160 0.11640 0.00516 0.01390
0.37812 -0.06689 1.68965 -0.44922 -0.07566 1.61272 -0.00076 0.00023 -0.00289 0.00410 -0.00154 -0.00072 0.06890 0.13078 -0.00004 0.00098 0.08245 0.09874 0.00085 -0.01766
0.37756 -0.0671 1.68627 -0.44686 -0.07636 1.61378 -0.00056 -0.00021 -0.00338 0.00236 -0.00070 0.00106 0.06438 0.13223 -0.00452 0.00145 0.07307 0.10463 -0.00938 0.00589
0.37846 -0.06951 1.69089 -0.4446 -0.07577 1.61583 0.00090 -0.00241 0.00462 0.00226 0.00059 0.00205 0.06809 0.13126 0.00371 -0.00097 0.07873 0.10791 0.00566 0.00328
0.37899 -0.07353 1.70608 -0.44525 -0.07859 1.62762 0.00053 -0.00402 0.01519 -0.00065 -0.00282 0.01179 0.06935 0.12992 0.00126 -0.00134 0.07787 0.09516 -0.00086 -0.01275
0.37593 -0.07736 1.70765 -0.44501 -0.0777 1.6306 -0.00306 -0.00383 0.00157 0.00024 0.00089 0.00298 0.06867 0.13190 -0.00068 0.00198 0.07781 0.09332 -0.00006 -0.00184
0.37277 -0.08211 1.70801 -0.44675 -0.07937 1.63596 -0.00316 -0.00475 0.00036 -0.00174 -0.00167 0.00536 0.06366 0.13325 -0.00501 0.00135 0.07996 0.10622 0.00215 0.01290
0.36968 -0.08524 1.70835 -0.4471 -0.07855 1.63469 -0.00309 -0.00313 0.00034 -0.00035 0.00082 -0.00127 0.06582 0.13102 0.00216 -0.00223 0.07611 0.10701 -0.00385 0.00079
0.36632 -0.09064 1.71479 -0.44894 -0.08258 1.64684 -0.00336 -0.00540 0.00644 -0.00184 -0.00403 0.01215 0.06258 0.13651 -0.00324 0.00549 0.07757 0.10423 0.00146 -0.00278
0.36466 -0.0918 1.71772 -0.45063 -0.08484 1.64904 -0.00166 -0.00116 0.00293 -0.00169 -0.00226 0.00220 0.06144 0.13248 -0.00114 -0.00403 0.07714 0.10224 -0.00043 -0.00199
0.36218 -0.09307 1.71265 -0.45128 -0.08371 1.64859 -0.00248 -0.00127 -0.00507 -0.00065 0.00113 -0.00045 0.06108 0.13410 -0.00036 0.00162 0.07026 0.10188 -0.00688 -0.00036
0.36152 -0.09499 1.71142 -0.45439 -0.08629 1.6505 -0.00066 -0.00192 -0.00123 -0.00311 -0.00258 0.00191 0.05699 0.13474 -0.00409 0.00064 0.07173 0.09688 0.00147 -0.00500
0.3573 -0.08848 1.71657 -0.45534 -0.08742 1.64872 -0.00422 0.00651 0.00515 -0.00095 -0.00113 -0.00178 0.06834 0.13188 0.01135 -0.00286 0.07307 0.09585 0.00134 -0.00103
0.34075 -0.08429 1.74027 -0.4552 -0.0903 1.64326 -0.01655 0.00419 0.02370 0.00014 -0.00288 -0.00546 0.10884 0.13037 0.04050 -0.00151 0.05773 0.09170 -0.01534 -0.00415
0.31118 -0.07195 1.74755 -0.44851 -0.09516 1.63143 -0.02957 0.01234 0.00728 0.00669 -0.00486 -0.01183 0.13676 0.13665 0.02792 0.00628 0.07961 0.09474 0.02188 0.00304
0.25237 0.01351 1.89494 -0.47831 -0.11773 1.77858 -0.05881 0.08546 0.14739 -0.02980 -0.02257 0.14715 0.14136 0.14562 0.00460 0.00897 0.05770 0.10146 -0.02191 0.00672
0.18132 0.10022 1.76688 -0.44352 -0.11534 1.67607 -0.07105 0.08671 -0.12806 0.03479 0.00239 -0.10251 0.08414 0.14172 -0.05722 -0.00390 0.08433 0.09790 0.02663 -0.00356
0.13668 0.18107 1.79689 -0.44425 -0.11954 1.70966 -0.04464 0.08085 0.03001 -0.00073 -0.00420 0.03359 0.08057 0.14286 -0.00357 0.00114 0.05108 0.09494 -0.03325 -0.00296
0.09532 0.25237 1.80067 -0.43443 -0.11552 1.7064 -0.04136 0.07130 0.00378 0.00982 0.00402 -0.00326 0.08527 0.14352 0.00470 0.00066 0.16059 0.10572 0.10951 0.01078
0.05513 0.33781 1.82927 -0.42459 -0.11054 1.70075 -0.04019 0.08544 0.02860 0.00984 0.00498 -0.00565 0.11976 0.14047 0.03449 -0.00305 0.13754 0.10515 -0.02305 -0.00057
0.03724 0.34842 1.83641 -0.41869 -0.10587 1.70427 -0.01789 0.01061 0.00714 0.00590 0.00467 0.00352 0.12923 0.14896 0.00947 0.00849 0.13917 0.11343 0.00163 0.00828
0.02343 0.37778 1.86014 -0.41684 -0.09734 1.6974 -0.01381 0.02936 0.02373 0.00185 0.00853 -0.00687 0.13278 0.13979 0.00355 -0.00917 0.11666 0.11050 -0.02251 -0.00293
0.0144 0.38874 1.90915 -0.41801 -0.09157 1.70984 -0.00903 0.01096 0.04901 -0.00117 0.00577 0.01244 0.12326 0.14670 -0.00952 0.00691 0.09716 0.11679 -0.01950 0.00629
0.01291 0.3837 1.92036 -0.42229 -0.09132 1.71168 -0.00149 -0.00504 0.01121 -0.00428 0.00025 0.00184 0.10836 0.14416 -0.01490 -0.00254 0.09290 0.11042 -0.00426 -0.00637
0.01304 0.37779 1.92278 -0.42558 -0.09104 1.71846 0.00013 -0.00591 0.00242 -0.00329 0.00028 0.00678 0.08910 0.14618 -0.01926 0.00202 0.09454 0.13345 0.00164 0.02303
0.01776 0.36536 1.92755 -0.43004 -0.09189 1.72376 0.00472 -0.01243 0.00477 -0.00446 -0.00085 0.00530 0.10621 0.15019 0.01711 0.00401 0.09944 0.12060 0.00490 -0.01285
0.036 0.34297 1.9342 -0.43661 -0.09706 1.73726 0.01824 -0.02239 0.00665 -0.00657 -0.00517 0.01350 0.08896 0.14207 -0.01725 -0.00812 0.09773 0.12625 -0.00171 0.00565
0.07627 0.28826 1.87502 -0.435 -0.09953 1.72635 0.04027 -0.05471 -0.05918 0.00161 -0.00247 -0.01091 0.08967 0.14654 0.00071 0.00447 0.12828 0.12325 0.03055 -0.00300
0.18431 0.1379 1.84852 -0.44572 -0.10688 1.7525 0.10804 -0.15036 -0.02650 -0.01072 -0.00735 0.02615 0.11110 0.15027 0.02143 0.00373 0.05545 0.10823 -0.07283 -0.01502
0.26254 0.04045 1.77879 -0.43706 -0.10627 1.71436 0.07823 -0.09745 -0.06973 0.00866 0.00061 -0.03814 0.08762 0.14290 -0.02348 -0.00737 0.06181 0.11018 0.00636 0.00195
0.29845 -0.01213 1.76136 -0.43454 -0.10848 1.71251 0.03591 -0.05258 -0.01743 0.00252 -0.00221 -0.00185 0.07918 0.14811 -0.00844 0.00521 0.09067 0.11885 0.02886 0.00867
0.32737 -0.06578 1.74909 -0.43222 -0.10962 1.70419 0.02892 -0.05365 -0.01227 0.00232 -0.00114 -0.00832 0.08102 0.14234 0.00184 -0.00577 0.04022 0.09525 -0.05045 -0.02360
0.35431 -0.11074 1.79519 -0.44265 -0.11737 1.74803 0.02694 -0.04496 0.04610 -0.01043 -0.00775 0.04384 0.07025 0.14788 -0.01077 0.00554 0.05595 0.10000 0.01573 0.00475
0.33724 -0.13903 1.69054 -0.41341 -0.10926 1.64106 -0.01707 -0.02829 -0.10465 0.02924 0.00811 -0.10697 0.06650 0.13446 -0.00375 -0.01342 0.05835 0.10339 0.00240 0.00339
0.33655 -0.15355 1.70388 -0.41203 -0.11543 1.64376 -0.00069 -0.01452 0.01334 0.00138 -0.00617 0.00270 0.06494 0.13528 -0.00156 0.00082 0.05862 0.10623 0.00027 0.00284
0.32907 -0.15723 1.69548 -0.40584 -0.11057 1.62488 -0.00748 -0.00368 -0.00840 0.00619 0.00486 -0.01888 0.06082 0.12988 -0.00412 -0.00540 0.05568 0.10198 -0.00294 -0.00425
0.32588 -0.15778 1.70469 -0.40514 -0.11334 1.62562 -0.00319 -0.00055 0.00921 0.00070 -0.00277 0.00074 0.05976 0.13049 -0.00106 0.00061 0.05840 0.09733 0.00272 -0.00465
0.31626 -0.15308 1.6643 -0.39389 -0.10688 1.58297 -0.00962 0.00470 -0.04039 0.01125 0.00646 -0.04265 0.06249 0.12918 0.00273 -0.00131 0.05096 0.10388 -0.00744 0.00655
0.31685 -0.1464 1.67471 -0.39574 -0.10601 1.59406 0.00059 0.00668 0.01041 -0.00185 0.00087 0.01109 0.06701 0.13096 0.00452 0.00178 0.04987 0.10041 -0.00109 -0.00347
0.31851 -0.14186 1.68872 -0.3989 -0.10512 1.60779 0.00166 0.00454 0.01401 -0.00316 0.00089 0.01373 0.06747 0.13429 0.00046 0.00333 0.04589 0.10500 -0.00398 0.00459
0.31485 -0.13353 1.68599 -0.39568 -0.10752 1.60604 -0.00366 0.00833 -0.00273 0.00322 -0.00240 -0.00175 0.07015 0.13062 0.00268 -0.00367 0.04243 0.11351 -0.00346 0.00851
0.31297 -0.13174 1.68235 -0.39366 -0.10503 1.60459 -0.00188 0.00179 -0.00364 0.00202 0.00249 -0.00145 0.07014 0.12985 -0.00001 -0.00077 0.09964 0.10781 0.05721 -0.00570
0.31126 -0.1311 1.6801 -0.3923 -0.10716 1.60419 -0.00171 0.00064 -0.00225 0.00136 -0.00213 -0.00040 0.07085 0.13600 0.00071 0.00615 0.09727 0.11411 -0.00237 0.00630
0.311 -0.13123 1.68349 -0.39226 -0.10837 1.60649 -0.00026 -0.00013 0.00339 0.00004 -0.00121 0.00230 0.06913 0.13114 -0.00172 -0.00486 0.09851 0.11351 0.00124 -0.00060
0.31046 -0.13182 1.68545 -0.39139 -0.10569 1.60702 -0.00054 -0.00059 0.00196 0.00087 0.00268 0.00053 0.07026 0.13350 0.00113 0.00236 0.09921 0.10743 0.00070 -0.00608
0.31057 -0.13206 1.68937 -0.3913 -0.10508 1.60679 0.00011 -0.00024 0.00392 0.00009 0.00061 -0.00023 0.07186 0.12704 0.00160 -0.00646 0.09871 0.11275 -0.00050 0.00532
0.31065 -0.13271 1.69121 -0.39041 -0.10591 1.61027 0.00008 -0.00065 0.00184 0.00089 -0.00083 0.00348 0.07142 0.13014 -0.00044 0.00310 0.09678 0.10602 -0.00193 -0.00673
0.31105 -0.13213 1.69327 -0.39137 -0.10345 1.6129 0.00040 0.00058 0.00206 -0.00096 0.00246 0.00263 0.06827 0.13174 -0.00315 0.00160 0.10273 0.09480 0.00595 -0.01122
0.31203 -0.13125 1.69289 -0.39113 -0.10267 1.61485 0.00098 0.00088 -0.00038 0.00024 0.00078 0.00195 0.06540 0.13291 -0.00287 0.00117 0.09801 0.10709 -0.00472 0.01229
0.31211 -0.12965 1.68615 -0.38989 -0.10254 1.6051 0.00008 0.00160 -0.00674 0.00124 0.00013 -0.00975 0.06389 0.12539 -0.00151 -0.00752 0.09546 0.10341 -0.00255 -0.00368
0.30937 -0.12785 1.66764 -0.38696 -0.10137 1.59347 -0.00274 0.00180 -0.01851 0.00293 0.00117 -0.01163 0.06441 0.12927 0.00052 0.00388 0.09462 0.10782 -0.00084 0.00441
0.30983 -0.1275 1.66368 -0.3873 -0.09737 1.58922 0.00046 0.00035 -0.00396 -0.00034 0.00400 -0.00425 0.06361 0.12875 -0.00080 -0.00052 0.09425 0.11383 -0.00037 0.00601
0.30939 -0.12845 1.66386 -0.38948 -0.09617 1.59178 -0.00044 -0.00095 0.00018 -0.00218 0.00120 0.00256 0.06253 0.12506 -0.00108 -0.00369 0.09370 0.10140 -0.00055 -0.01243
0.29289 -0.12957 1.65083 -0.39109 -0.09228 1.58814 -0.01650 -0.00112 -0.01303 -0.00161 0.00389 -0.00364 0.06688 0.13125 0.00435 0.00619 0.09699 0.11573 0.00329 0.01433
0.28542 -0.13085 1.74485 -0.41649 -0.10044 1.69483 -0.00747 -0.00128 0.09402 -0.02540 -0.00816 0.10669 0.07483 0.13734 0.00795 0.00609 0.10651 0.12419 0.00952 0.00846
0.24795 -0.12379 1.73671 -0.41689 -0.09846 1.69316 -0.03747 0.00706 -0.00814 -0.00040 0.00198 -0.00167 0.07473 0.13245 -0.00010 -0.00489 0.04976 0.11173 -0.05675 -0.01246
0.19659 -0.11067 1.70079 -0.40952 -0.09575 1.67012 -0.05136 0.01312 -0.03592 0.00737 0.00271 -0.02304 0.07348 0.12948 -0.00125 -0.00297 0.05688 0.11824 0.00712 0.00651
0.14291 -0.09869 1.7024 -0.40852 -0.09344 1.68183 -0.05368 0.01198 0.00161 0.00100 0.00231 0.01171 0.07703 0.13722 0.00355 0.00774 0.03786 0.11600 -0.01902 -0.00224
0.08298 -0.08299 1.69959 -0.40436 -0.08789 1.68662 -0.05993 0.01570 -0.00281 0.00416 0.00555 0.00479 0.07845 0.14371 0.00142 0.00649 0.03644 0.11486 -0.00142 -0.00114
0.02179 -0.07564 1.74622 -0.40784 -0.08465 1.73726 -0.06119 0.00735 0.04663 -0.00348 0.00324 0.05064 0.08297 0.13771 0.00452 -0.00600 0.04378 0.12148 0.00734 0.00662
-0.12939 -0.0585 1.67762 -0.35961 -0.06803 1.67935 -0.15118 0.01714 -0.06860 0.04823 0.01662 -0.05791 0.07952 0.13296 -0.00345 -0.00475 0.08817 0.08839 0.04439 -0.03309
-0.24672 -0.05767 1.71017 -0.341 -0.06928 1.71137 -0.11733 0.00083 0.03255 0.01861 -0.00125 0.03202 0.13241 0.12200 0.05289 -0.01096 0.06014 0.07704 -0.02803 -0.01135
-0.28312 -0.07122 1.76542 -0.27276 -0.08218 1.77327 -0.03640 -0.01355 0.05525 0.06824 -0.01290 0.06190 0.11616 0.06519 -0.01625 -0.05681 0.06898 0.09065 0.00884 0.01361
-0.31433 -0.04741 1.82623 -0.31852 -0.04402 1.83725 -0.03121 0.02381 0.06081 -0.04576 0.03816 0.06398 0.13548 0.05735 0.01932 -0.00784 0.05445 0.10109 -0.01453 0.01044
-0.28687 -0.03602 1.86194 -0.40544 -0.05872 1.83981 0.02746 0.01139 0.03571 -0.08692 -0.01470 0.00256 0.14494 0.11747 0.00946 0.06012 0.06619 0.08707 0.01174 -0.01402
-0.16353 -0.03246 1.71644 -0.37733 -0.04937 1.76051 0.12334 0.00356 -0.14550 0.02811 0.00935 -0.07930 0.07205 0.05877 -0.07289 -0.05870 0.06489 0.09569 -0.00130 0.00862
-0.11417 0.01585 1.73556 -0.40239 -0.03709 1.75967 0.04936 0.04831 0.01912 -0.02506 0.01228 -0.00084 0.05593 0.13387 -0.01612 0.07510 0.06754 0.09493 0.00265 -0.00076
-0.02588 0.04748 1.74041 -0.42467 -0.04319 1.76536 0.08829 0.03163 0.00485 -0.02228 -0.00610 0.00569 0.12206 0.13170 0.06613 -0.00217 0.06588 0.11078 -0.00166 0.01585
-0.01444 0.05154 1.73935 -0.4282 -0.0438 1.76886 0.01144 0.00406 -0.00106 -0.00353 -0.00061 0.00350 0.12275 0.13420 0.00069 0.00250 0.07198 0.10176 0.00610 -0.00902
-0.01757 0.04704 1.73931 -0.42938 -0.04564 1.76735 -0.00313 -0.00450 -0.00004 -0.00118 -0.00184 -0.00151 0.12029 0.13837 -0.00246 0.00417 0.06531 0.12205 -0.00667 0.02029
-0.02834 0.0422 1.74365 -0.4273 -0.04585 1.76712 -0.01077 -0.00484 0.00434 0.00208 -0.00021 -0.00023 0.12359 0.12884 0.00330 -0.00953 0.06591 0.12822 0.00060 0.00617
-0.04484 0.03469 1.74604 -0.42203 -0.04337 1.76365 -0.01650 -0.00751 0.00239 0.00527 0.00248 -0.00347 0.11227 0.13344 -0.01132 0.00460 0.06921 0.12732 0.00330 -0.00090
-0.05828 0.03188 1.75279 -0.41494 -0.04225 1.76142 -0.01344 -0.00281 0.00675 0.00709 0.00112 -0.00223 0.11252 0.13195 0.00025 -0.00149 0.06763 0.12567 -0.00158 -0.00165
-0.07846 0.01972 1.76222 -0.39895 -0.04512 1.76004 -0.02018 -0.01216 0.00943 0.01599 -0.00287 -0.00138 0.08737 0.13895 -0.02515 0.00700 0.05870 0.12558 -0.00893 -0.00009
-0.08757 0.00732 1.76241 -0.39345 -0.04596 1.759 -0.00911 -0.01240 0.00019 0.00550 -0.00084 -0.00104 0.06337 0.13197 -0.02400 -0.00698 0.06351 0.10629 0.00481 -0.01929
-0.09036 0.00301 1.75956 -0.39061 -0.04843 1.75566 -0.00279 -0.00431 -0.00285 0.00284 -0.00247 -0.00334 0.06679 0.14129 0.00342 0.00932 0.06023 0.13084 -0.00328 0.02455
-0.09053 -0.00116 1.75961 -0.3881 -0.04915 1.75829 -0.00017 -0.00417 0.00005 0.00251 -0.00072 0.00263 0.06658 0.13895 -0.00021 -0.00234 0.06455 0.10786 0.00432 -0.02298
-0.09225 -0.00656 1.8316 -0.40293 -0.05396 1.82476 -0.00172 -0.00540 0.07199 -0.01483 -0.00481 0.06647 0.06793 0.14452 0.00135 0.00557 0.06740 0.13010 0.00285 0.02224
-0.08266 -0.00714 1.75095 -0.38395 -0.05057 1.74221 0.00959 -0.00058 -0.08065 0.01898 0.00339 -0.08255 0.06205 0.14269 -0.00588 -0.00183 0.06319 0.13834 -0.00421 0.00824
-0.07665 -0.01134 1.75087 -0.38334 -0.04932 1.74498 0.00601 -0.00420 -0.00008 0.00061 0.00125 0.00277 0.06481 0.14357 0.00276 0.00088 0.06234 0.11306 -0.00085 -0.02528
-0.07139 -0.02102 1.75589 -0.38344 -0.0548 1.74326 0.00526 -0.00968 0.00502 -0.00010 -0.00548 -0.00172 0.06677 0.14069 0.00196 -0.00288 0.06618 0.11769 0.00384 0.00463
-0.06539 -0.03524 1.76133 -0.37868 -0.05782 1.74657 0.00600 -0.01422 0.00544 0.00476 -0.00302 0.00331 0.10857 0.13996 0.04180 -0.00073 0.05999 0.10176 -0.00619 -0.01593
-0.04178 -0.13953 1.7669 -0.32229 -0.11173 1.77274 0.02361 -0.10429 0.00557 0.05639 -0.05391 0.02617 0.05550 0.09638 -0.05307 -0.04358 0.06103 0.11594 0.00104 0.01418
-0.01183 -0.29205 1.75215 -0.24504 -0.27056 1.73098 0.02995 -0.15252 -0.01475 0.07725 -0.15883 -0.04176 0.06673 0.11199 0.01123 0.01561 0.06046 0.06681 -0.00057 -0.04913
0.0315 -0.38252 1.81444 -0.22561 -0.3508 1.7977 0.04333 -0.09047 0.06229 0.01943 -0.08024 0.06672 0.08737 0.09507 0.02064 -0.01692 0.09401 0.06204 0.03355 -0.00477
0.0881 -0.52796 1.87694 -0.18339 -0.51281 1.84653 0.05660 -0.14544 0.06250 0.04222 -0.16201 0.04883 0.11615 0.11847 0.02878 0.02340 0.04947 0.05998 -0.04454 -0.00206
0.1435 -0.63473 1.9076 -0.16062 -0.60192 1.87163 0.05540 -0.10677 0.03066 0.02277 -0.08911 0.02510 0.12262 0.12905 0.00647 0.01058 0.09637 0.07001 0.04690 0.01003
0.18966 -0.64365 1.98926 -0.1444 -0.64775 1.89587 0.04616 -0.00892 0.08166 0.01622 -0.04583 0.02424 0.08994 0.13706 -0.03268 0.00801 0.07980 0.08423 -0.01657 0.01422
0.19717 -0.63039 2.01511 -0.14587 -0.64236 1.89471 0.00751 0.01326 0.02585 -0.00147 0.00539 -0.00116 0.14495 0.12959 0.05501 -0.00747 0.10275 0.09088 0.02295 0.00665
0.19656 -0.62487 1.99319 -0.14668 -0.63551 1.88797 -0.00061 0.00552 -0.02192 -0.00081 0.00685 -0.00674 0.11595 0.12665 -0.02900 -0.00294 0.09847 0.08739 -0.00428 -0.00349
0.18885 -0.61434 1.98578 -0.14688 -0.6303 1.88236 -0.00771 0.01053 -0.00741 -0.00020 0.00521 -0.00561 0.14227 0.12588 0.02632 -0.00077 0.09893 0.08757 0.00046 0.00018
0.18472 -0.61281 1.99335 -0.14872 -0.62829 1.88412 -0.00413 0.00153 0.00757 -0.00184 0.00201 0.00176 0.14683 0.13038 0.00456 0.00450 0.10481 0.08649 0.00588 -0.00108
0.13607 -0.61964 1.82567 -0.14583 -0.61407 1.8331 -0.04865 -0.00683 -0.16768 0.00289 0.01422 -0.05102 0.10710 0.12568 -0.03973 -0.00470 0.07634 0.08533 -0.02847 -0.00116
0.2007 -0.62872 1.99054 -0.15285 -0.63506 1.88945 0.06463 -0.00908 0.16487 -0.00702 -0.02099 0.05635 0.15663 0.13062 0.04953 0.00494 0.10402 0.08783 0.02768 0.00250
0.2019 -0.6287 1.98433 -0.15503 -0.63673 1.88993 0.00120 0.00002 -0.00621 -0.00218 -0.00167 0.00048 0.15458 0.13083 -0.00205 0.00021 0.10190 0.09105 -0.00212 0.00322
0.20066 -0.63162 1.93375 -0.15505 -0.63506 1.87711 -0.00124 -0.00292 -0.05058 -0.00002 0.00167 -0.01282 0.13684 0.13101 -0.01774 0.00018 0.08284 0.08594 -0.01906 -0.00511
0.20166 -0.64352 1.90451 -0.1562 -0.63395 1.86925 0.00100 -0.01190 -0.02924 -0.00115 0.00111 -0.00786 0.12986 0.12612 -0.00698 -0.00489 0.07683 0.08905 -0.00601 0.00311
0.21285 -0.65844 1.90966 -0.15568 -0.63373 1.86361 0.01119 -0.01492 0.00515 0.00052 0.00022 -0.00564 0.13556 0.12866 0.00570 0.00254 0.08729 0.08740 0.01046 -0.00165
0.24206 -0.65178 1.74631 -0.14867 -0.60749 1.7826 0.02921 0.00666 -0.16335 0.00701 0.02624 -0.08101 0.14067 0.12286 0.00511 -0.00580 0.09729 0.08519 0.01000 -0.00221
0.33719 -0.62644 1.78301 -0.14977 -0.6107 1.79076 0.09513 0.02534 0.03670 -0.00110 -0.00321 0.00816 0.11966 0.11924 -0.02101 -0.00362 0.08112 0.08584 -0.01617 0.00065
0.39805 -0.63647 1.87162 -0.15315 -0.63278 1.84763 0.06086 -0.01003 0.08861 -0.00338 -0.02208 0.05687 0.09894 0.12829 -0.02072 0.00905 0.08807 0.08677 0.00695 0.00093
0.44608 -0.63854 1.88566 -0.15362 -0.63217 1.84513 0.04803 -0.00207 0.01404 -0.00047 0.00061 -0.00250 0.10484 0.12386 0.00590 -0.00443 0.07644 0.08786 -0.01163 0.00109
0.48039 -0.64895 1.904 -0.1525 -0.63283 1.84352 0.03431 -0.01041 0.01834 0.00112 -0.00066 -0.00161 0.12700 0.12809 0.02216 0.00423 0.07963 0.08581 0.00319 -0.00205
0.58578 -0.71499 1.81634 -0.14948 -0.60807 1.77131 0.10539 -0.06604 -0.08766 0.00302 0.02476 -0.07221 0.11979 0.12070 -0.00721 -0.00739 0.14042 0.08562 0.06079 -0.00019
0.58903 -0.72733 1.90404 -0.15704 -0.62712 1.84007 0.00325 -0.01234 0.08770 -0.00756 -0.01905 0.06876 0.12013 0.12498 0.00034 0.00428 0.13861 0.08712 -0.00181 0.00150
0.59636 -0.73087 1.87163 -0.15329 -0.61976 1.81391 0.00733 -0.00354 -0.03241 0.00375 0.00736 -0.02616 0.11562 0.12245 -0.00451 -0.00253 0.13179 0.08459 -0.00682 -0.00253
0.58428 -0.72428 1.84537 -0.17231 -0.57515 1.88659 -0.01208 0.00659 -0.02626 -0.01902 0.04461 0.07268 0.11362 0.14569 -0.00200 0.02324 0.09589 0.08138 -0.03590 -0.00321
0.58655 -0.72964 1.85045 -0.1373 -0.60022 1.83047 0.00227 -0.00536 0.00508 0.03501 -0.02507 -0.05612 0.11262 0.13983 -0.00100 -0.00586 0.13922 0.08541 0.04333 0.00403
0.58716 -0.73091 1.85025 -0.13698 -0.60039 1.82991 0.00061 -0.00127 -0.00020 0.00032 -0.00017 -0.00056 0.11097 0.14052 -0.00165 0.00069 0.11882 0.08522 -0.02040 -0.00019
0.58586 -0.73143 1.84566 -0.13741 -0.59967 1.82751 -0.00130 -0.00052 -0.00459 -0.00043 0.00072 -0.00240 0.11277 0.13851 0.00180 -0.00201 0.08424 0.08410 -0.03458 -0.00112
0.58522 -0.7307 1.83459 -0.13754 -0.59796 1.82382 -0.00064 0.00073 -0.01107 -0.00013 0.00171 -0.00369 0.10931 0.13864 -0.00346 0.00013 0.07674 0.08400 -0.00750 -0.00010
0.58483 -0.73197 1.84323 -0.13677 -0.60056 1.82785 -0.00039 -0.00127 0.00864 0.00077 -0.00260 0.00403 0.10835 0.13949 -0.00096 0.00085 0.07538 0.08468 -0.00136 0.00068
0.58638 -0.73539 1.854 -0.13164 -0.60973 1.81647 0.00155 -0.00342 0.01077 0.00513 -0.00917 -0.01138 0.10671 0.12768 -0.00164 -0.01181 0.07878 0.08526 0.00340 0.00058
0.58828 -0.73551 1.85395 -0.13323 -0.60792 1.82542 0.00190 -0.00012 -0.00005 -0.00159 0.00181 0.00895 0.10535 0.13354 -0.00136 0.00586 0.07755 0.08483 -0.00123 -0.00043
0.58768 -0.73507 1.85073 -0.13412 -0.60695 1.82525 -0.00060 0.00044 -0.00322 -0.00089 0.00097 -0.00017 0.10442 0.13410 -0.00093 0.00056 0.07245 0.08360 -0.00510 -0.00123
0.59013 -0.73409 1.85209 -0.13497 -0.60664 1.82449 0.00245 0.00098 0.00136 -0.00085 0.00031 -0.00076 0.10488 0.13418 0.00046 0.00008 0.07512 0.08387 0.00267 0.00027
0.58813 -0.73514 1.85543 -0.1347 -0.60761 1.82508 -0.00200 -0.00105 0.00334 0.00027 -0.00097 0.00059 0.10856 0.13302 0.00368 -0.00116 0.07599 0.08428 0.00087 0.00041
0.58784 -0.73367 1.85451 -0.13425 -0.60644 1.82493 -0.00029 0.00147 -0.00092 0.00045 0.00117 -0.00015 0.10791 0.13608 -0.00065 0.00306 0.07778 0.08450 0.00179 0.00022
0.58758 -0.73337 1.85298 -0.13833 -0.60618 1.82049 -0.00026 0.00030 -0.00153 -0.00408 0.00026 -0.00444 0.10799 0.13299 0.00008 -0.00309 0.07608 0.08529 -0.00170 0.00079
0.58723 -0.73411 1.85285 -0.13795 -0.60577 1.82314 -0.00035 -0.00074 -0.00013 0.00038 0.00041 0.00265 0.10787 0.13783 -0.00012 0.00484 0.07962 0.08497 0.00354 -0.00032
0.5889 -0.73345 1.85412 -0.13778 -0.60663 1.82266 0.00167 0.00066 0.00127 0.00017 -0.00086 -0.00048 0.10327 0.13466 -0.00460 -0.00317 0.07599 0.08223 -0.00363 -0.00274
0.5905 -0.73389 1.85433 -0.1342 -0.60896 1.8215 0.00160 -0.00044 0.00021 0.00358 -0.00233 -0.00116 0.10650 0.13459 0.00323 -0.00007 0.07707 0.08372 0.00108 0.00149
0.59582 -0.74499 1.89547 -0.13646 -0.62162 1.8577 0.00532 -0.01110 0.04114 -0.00226 -0.01266 0.03620 0.11118 0.13651 0.00468 0.00192 0.07501 0.08523 -0.00206 0.00151
]
