classifier_Car_weaves_and_bumps_into_monkey_20213 [ 0.7411 -0.75686 1.9379 -0.12508 -0.62322 1.71474 0.08277 0.11963 0.10399 0.07320 -2.83503 1.84473
0.7395 -0.75063 1.93579 -0.12546 -0.6243 1.70925 0.08356 0.11615 0.11657 0.07439 -2.81951 1.85009
0.73725 -0.74867 1.92459 -0.1251 -0.62575 1.70299 0.07993 0.11651 0.12518 0.07759 -2.80697 2.00233
0.73048 -0.75227 1.91719 -0.12456 -0.6248 1.69879 0.08574 0.11806 0.11092 0.08274 -2.85621 1.60167
0.69714 -0.71631 1.90359 -0.12486 -0.62568 1.70091 0.11280 0.11766 0.10449 0.07351 -2.85653 2.08926
0.62486 -0.64903 1.88903 -0.1319 -0.61909 1.76786 0.13187 0.11802 0.07649 0.06978 -2.34245 2.30424
0.57301 -0.62428 1.88928 -0.13235 -0.62374 1.77911 0.10256 0.12007 0.06908 0.07185 2.84669 2.34604
0.51567 -0.59194 1.85998 -0.12418 -0.63423 1.73395 0.10700 0.11897 0.09783 0.07676 -2.63265 1.77490
0.36087 -0.59561 1.83995 -0.12419 -0.64239 1.74016 0.06352 0.12358 0.09622 0.07517 2.79280 1.83064
0.32157 -0.58053 1.84788 -0.12423 -0.64471 1.73466 0.08634 0.12547 0.08262 0.07267 2.45769 1.85940
0.29825 -0.57625 1.84739 -0.12412 -0.647 1.73771 0.07720 0.12569 0.09034 0.07537 2.74157 1.97582
0.2731 -0.57769 1.84379 -0.12538 -0.649 1.7369 0.12553 0.12818 0.10581 0.07693 2.94416 1.76394
0.25085 -0.57479 1.82102 -0.1296 -0.64791 1.73392 0.12663 0.12483 0.06366 0.07510 -2.92152 1.62891
0.23962 -0.60893 1.85847 -0.14692 -0.62866 1.82275 0.12733 0.12123 0.06200 0.06609 -2.70734 1.53147
0.23561 -0.60973 1.85391 -0.14801 -0.62667 1.8226 0.12976 0.12096 0.06447 0.07563 -2.53801 1.53131
0.22961 -0.60231 1.81858 -0.14754 -0.63654 1.76916 0.12918 0.12348 0.06494 0.07062 -1.92701 2.45365
0.22945 -0.60054 1.81214 -0.14608 -0.64081 1.75622 0.12904 0.12410 0.06046 0.08086 -2.11402 1.80372
0.23014 -0.60257 1.81997 -0.14515 -0.63843 1.76729 0.12928 0.12434 0.06195 0.05771 -2.38165 1.61077
0.23363 -0.60874 1.83919 -0.14493 -0.63281 1.79926 0.13005 0.11878 0.06222 0.07117 -1.98011 2.40807
0.23679 -0.61201 1.85227 -0.14971 -0.626 1.82632 0.13122 0.12312 0.06452 0.08388 -2.08388 1.60670
0.25396 -0.60275 1.84883 -0.16076 -0.62966 1.81298 0.13432 0.12162 0.06531 0.08222 -0.86120 0.80264
0.27659 -0.59581 1.85104 -0.18733 -0.6133 1.8295 0.13471 0.12497 0.06843 0.07927 -0.83885 0.58335
0.25579 -0.67456 1.65742 -0.15765 -0.61546 1.65649 0.12318 0.11585 0.06257 0.09533 -2.61442 0.77303
0.36282 -0.52518 1.88189 -0.27379 -0.51645 1.87646 0.11295 0.11340 0.06881 0.09362 2.62464 -0.34959
0.38249 -0.53201 1.85624 -0.30531 -0.50311 1.8686 0.09573 0.10980 0.06246 0.09041 -2.55436 -0.39607
0.39449 -0.50844 1.81887 -0.33596 -0.45539 1.85657 0.09706 0.12711 0.05121 0.10170 -2.60267 -0.46357
0.39995 -0.49073 1.77678 -0.34325 -0.43549 1.81687 0.09044 0.12325 0.04873 0.09224 -2.75423 -0.43617
0.41692 -0.47352 1.79694 -0.35661 -0.4302 1.8403 0.09826 0.12339 0.05794 0.09318 2.90207 -0.40478
0.43842 -0.45782 1.84616 -0.36882 -0.43288 1.88572 0.11517 0.12214 0.08938 0.09945 2.57947 -0.20291
0.43396 -0.46376 1.84461 -0.36864 -0.42884 1.89064 0.11597 0.12240 0.09205 0.10027 2.72013 -0.05535
0.42808 -0.47052 1.85092 -0.35897 -0.44138 1.89622 0.09461 0.11123 0.06759 0.09560 3.01139 0.20611
0.42463 -0.48046 1.88167 -0.35373 -0.4503 1.92681 0.08254 0.09059 0.06574 0.09694 2.80058 0.56666
0.41484 -0.49011 1.90257 -0.34041 -0.46131 1.94425 0.07812 0.09140 0.04535 0.09224 -0.69065 0.74389
0.38927 -0.48673 1.94596 -0.30636 -0.43766 1.97778 0.07724 0.09627 0.07709 0.09218 -0.91011 1.47622
0.37083 -0.4581 1.95488 -0.28172 -0.40838 1.98992 0.07042 0.07714 0.06908 0.09075 -1.25303 1.67690
0.35404 -0.40155 1.94701 -0.26606 -0.3561 1.98605 0.06936 0.06091 0.06749 0.09480 -1.41366 1.83890
0.37265 -0.36087 2.07187 -0.34587 -0.28716 2.11356 0.07785 0.10921 0.08392 0.09464 -1.13243 0.63254
0.40717 -0.28753 2.07229 -0.35073 -0.24637 2.12084 0.10855 0.10796 0.06411 0.09371 -1.76267 0.73553
0.40392 -0.24905 2.01617 -0.35377 -0.21577 2.07167 0.09038 0.10784 0.08396 0.08565 2.32098 0.75824
0.41322 -0.24063 2.00771 -0.36148 -0.2105 2.0622 0.08777 0.10683 0.10247 0.11083 1.76424 0.67134
0.42577 -0.25817 2.01103 -0.37096 -0.22784 2.0603 0.08943 0.10739 0.08067 0.10029 1.73591 0.42951
0.43927 -0.29415 2.01816 -0.38382 -0.26483 2.06262 0.10353 0.11578 0.09002 0.07844 2.17612 0.13655
0.41611 -0.31979 1.88655 -0.36305 -0.29578 1.91939 0.11811 0.11426 0.09556 0.07329 2.38700 -1.70943
0.40999 -0.3554 1.84599 -0.35763 -0.33461 1.87503 0.11110 0.11706 0.07399 0.08227 3.04751 -1.87899
0.39977 -0.44837 1.88751 -0.32809 -0.44522 1.90624 0.11231 0.11225 0.06290 0.08867 3.00484 0.01033
0.40331 -0.47686 1.96239 -0.3184 -0.48078 1.98315 0.07628 0.09436 0.06818 0.08597 2.58012 0.79198
0.37825 -0.46143 1.98345 -0.27829 -0.45549 2.0171 0.07814 0.08936 0.03942 0.09264 -0.84511 1.47949
0.36304 -0.435 1.98342 -0.25823 -0.42448 2.02545 0.06726 0.07672 0.09420 0.08966 1.93880 1.67061
0.35212 -0.39162 1.96617 -0.24954 -0.37267 2.01904 0.07070 0.07548 0.10533 0.08314 1.81296 1.73829
0.34338 -0.34293 1.94324 -0.23985 -0.31334 2.00608 0.05832 0.12126 0.09731 0.08457 1.81685 2.24225
0.38032 -0.28065 1.93002 -0.20285 -0.25223 1.99615 0.09107 0.10760 0.10573 0.09407 -3.02352 2.22759
0.38147 -0.23804 1.88777 -0.23149 -0.07905 1.89032 0.08685 0.06282 0.07313 0.06443 2.47224 1.18983
0.37251 -0.23136 1.83052 -0.26682 0.00661 1.81047 0.08465 0.09646 0.09494 0.13264 1.72904 -0.92962
0.37867 -0.24649 1.86156 -0.27863 0.0753 1.83654 0.08702 0.11976 0.07982 0.07114 2.65408 -1.10012
0.38563 -0.2652 1.88927 -0.28363 0.13954 1.86814 0.08833 0.11561 0.08165 0.08402 2.85974 -0.56007
0.38522 -0.29128 1.91347 -0.28929 0.1939 1.88404 0.09096 0.13268 0.08663 0.08142 2.82572 -0.37761
0.35365 -0.35421 1.91588 -0.28123 0.27566 1.8639 0.07317 0.13103 0.06101 0.07239 2.64130 -0.34594
0.35204 -0.39281 1.98651 -0.28907 0.29143 1.91254 0.06732 0.14280 0.04843 0.07569 2.38476 -0.23978
0.34769 -0.41387 2.00754 -0.28325 0.29817 1.91147 0.06990 0.14403 0.06950 0.07805 2.28642 -0.35328
0.34189 -0.43233 2.02816 -0.27376 0.30053 1.90976 0.11844 0.13898 0.05791 0.07692 2.27653 -0.20244
0.33389 -0.45069 2.05014 -0.2634 0.2902 1.91129 0.10895 0.13533 0.07905 0.07572 2.26915 0.06401
0.32757 -0.46527 2.06594 -0.25173 0.26 1.90873 0.10063 0.13286 0.06169 0.06966 2.26976 0.15523
0.32129 -0.4728 2.07395 -0.24 0.21925 1.90178 0.08520 0.12643 0.07730 0.07124 2.32166 0.08098
0.31761 -0.47855 2.07932 -0.23061 0.16369 1.89566 0.08119 0.12820 0.06215 0.07454 2.35387 -0.02534
0.31075 -0.48605 2.08346 -0.21965 0.11425 1.89106 0.17407 0.12432 0.07755 0.06933 2.40821 -0.45942
0.30247 -0.4904 2.07545 -0.20983 0.0684 1.87947 0.16515 0.12143 0.08563 0.08084 2.41464 -0.66367
0.28808 -0.48545 2.03078 -0.19991 0.03649 1.83702 0.15833 0.11375 0.08128 0.08890 2.36236 -1.42004
0.2946 -0.50231 2.08647 -0.20595 0.01187 1.88622 0.16306 0.11866 0.07162 0.09717 2.30156 -0.46947
0.29002 -0.50087 2.07882 -0.20749 0.00155 1.87303 0.16416 0.11948 0.08666 0.09301 2.03558 -0.52566
0.28806 -0.50109 2.06677 -0.21169 -0.00138 1.86161 0.16238 0.11970 0.08439 0.09392 1.99302 -0.47434
0.287 -0.50325 2.06777 -0.21776 -0.00467 1.86228 0.15999 0.12333 0.08437 0.09830 2.07819 -0.41160
0.28797 -0.5045 2.07302 -0.22587 -0.00696 1.8689 0.15994 0.12774 0.09063 0.07940 2.01691 -0.39785
0.28872 -0.50424 2.0704 -0.22764 -0.00614 1.86761 0.16058 0.12489 0.09079 0.08660 2.02172 -0.39063
0.28908 -0.50325 2.06243 -0.2273 -0.00559 1.86203 0.16019 0.12550 0.09407 0.09379 1.99676 -0.35979
0.29013 -0.50379 2.06184 -0.22861 -0.00612 1.86272 0.15887 0.12613 0.07008 0.09425 -0.82000 -0.39878
0.29002 -0.50188 2.05549 -0.23076 -0.00951 1.85957 0.15507 0.12494 0.11486 0.09392 -0.88722 -0.40453
0.29158 -0.5027 2.04411 -0.23238 -0.01053 1.85971 0.15125 0.12590 0.09026 0.08640 -0.94411 -0.40891
0.29698 -0.48585 2.01978 -0.23352 -0.01068 1.85301 0.15186 0.12579 0.08972 0.08376 -1.01518 -0.47185
0.31795 -0.43584 1.96233 -0.23428 -0.01053 1.84727 0.07301 0.12596 0.08754 0.09063 -1.02520 -0.46961
0.3168 -0.39492 1.91455 -0.2348 -0.01115 1.84373 0.07161 0.12594 0.07744 0.09238 -1.22319 -0.43519
0.3357 -0.32845 1.87444 -0.23482 -0.01096 1.8392 0.09173 0.12716 0.06492 0.08560 -1.00307 -0.49594
0.34203 -0.21142 1.91236 -0.25007 -0.01308 1.95462 0.09343 0.13577 0.07017 0.08808 -1.21776 -0.53502
0.33796 -0.1333 1.88937 -0.25011 -0.01383 1.95783 0.10260 0.13544 0.13193 0.08916 1.78345 -0.55459
0.32546 -0.05173 1.89515 -0.25361 -0.0132 1.98609 0.10991 0.13291 0.12891 0.09376 1.58106 -0.58730
0.27097 0.09488 1.75612 -0.23432 -0.00671 1.84791 0.10453 0.12250 0.10729 0.10167 1.31423 -0.50394
0.26527 0.14919 1.77319 -0.23467 -0.00572 1.85443 0.10973 0.11780 0.10083 0.08738 1.04091 -0.63333
0.25429 0.18997 1.7877 -0.23461 -0.00535 1.85744 0.10591 0.11893 0.10780 0.09025 0.91291 -0.59644
0.24091 0.19253 1.81219 -0.23356 -0.00273 1.86004 0.10463 0.12265 0.07732 0.08799 0.95460 -0.56841
0.23119 0.15405 1.81585 -0.23346 -0.00194 1.86317 0.09807 0.12155 0.09732 0.08925 1.40944 -0.56691
0.22646 0.09057 1.81759 -0.23279 -0.0013 1.86364 0.09614 0.12109 0.08557 0.08785 1.24928 -0.56707
0.22352 -0.05827 1.80483 -0.22967 -0.00178 1.83857 0.09219 0.12186 0.10775 0.09691 1.09808 -0.52666
0.22447 -0.11868 1.82253 -0.22874 0.00127 1.84094 0.08728 0.12794 0.08786 0.09322 2.76767 -0.53291
0.19732 -0.13933 1.81603 -0.22573 0.00196 1.82764 0.06562 0.12557 0.07743 0.09114 2.30236 -0.52566
0.18071 0.05943 1.79469 -0.22164 0.00175 1.84921 0.07302 0.12907 0.10614 0.09058 1.33058 -0.59980
0.21696 0.1283 1.78773 -0.21894 0.00132 1.8486 0.10553 0.12696 0.10622 0.09102 1.01367 -0.57052
0.21324 0.18202 1.7059 -0.20531 0.01253 1.76259 0.09771 0.11834 0.08875 0.09077 1.20656 0.44876
0.21754 0.22245 1.72262 -0.20548 0.01278 1.77232 0.09893 0.12000 0.09290 0.07987 0.68139 0.51279
0.228 0.24983 1.8064 -0.21673 0.0015 1.85096 0.10340 0.12886 0.10115 0.08080 0.67496 -0.55354
0.22575 0.24336 1.81001 -0.21712 0.00166 1.85041 0.10025 0.12760 0.08798 0.08217 0.79702 -0.54905
0.21635 0.16188 1.82662 -0.22084 0.00255 1.86546 0.09772 0.12839 0.07177 0.08026 1.40212 -0.55742
0.21409 0.0916 1.81011 -0.21957 0.003 1.84604 0.09892 0.12733 0.07295 0.08881 1.40741 -0.53026
0.20947 0.01559 1.78698 -0.2169 0.00348 1.81629 0.09316 0.12391 0.06537 0.08231 1.89899 -0.52131
0.19932 -0.17609 1.88013 -0.22209 0.00257 1.86071 0.06748 0.12753 0.10379 0.08618 1.56251 -0.50860
0.2062 -0.17672 1.88807 -0.22403 0.00324 1.86834 0.06374 0.12752 0.10512 0.08686 1.55988 -0.50795
0.19694 -0.13678 1.87536 -0.22406 0.00325 1.87262 0.05699 0.12754 0.11660 0.09651 1.63478 -0.50841
0.25579 -0.06126 1.84429 -0.22405 0.00268 1.86891 0.10162 0.12813 0.10376 0.08402 1.69789 -0.55368
0.24873 0.08625 1.79944 -0.2224 0.00185 1.8539 0.10250 0.12735 0.10964 0.07821 1.08823 -0.57582
0.25711 0.16013 1.80296 -0.22409 0.00182 1.85768 0.10706 0.12781 0.10460 0.09256 1.17723 -0.54311
0.25787 0.31276 1.76264 -0.21865 0.01374 1.78552 0.09806 0.12106 0.08131 0.07719 0.90364 0.40337
0.26395 0.33453 1.77368 -0.21978 0.01805 1.78755 0.10274 0.12076 0.07214 0.07792 0.91648 0.34266
0.26438 0.34865 1.78236 -0.22153 0.01861 1.78715 0.10224 0.12126 0.07870 0.07717 0.87950 0.22281
0.26138 0.35095 1.7848 -0.22255 0.01841 1.78407 0.11484 0.12074 0.06714 0.07755 0.58744 0.19362
0.25525 0.34293 1.78752 -0.22378 0.01872 1.78322 0.12145 0.12015 0.08223 0.07555 1.24306 0.12890
0.25253 0.32029 1.78957 -0.2248 0.02337 1.78608 0.12007 0.11892 0.09571 0.07039 1.34370 -0.06624
0.2597 0.2743 1.77647 -0.22493 0.02272 1.7802 0.12071 0.11924 0.08445 0.07792 1.17787 -0.00547
0.26184 0.12267 1.72197 -0.22266 0.02258 1.73797 0.11089 0.11475 0.09704 0.06878 1.17693 -0.08574
0.25351 0.08956 1.80497 -0.23575 0.01126 1.81736 0.12064 0.12483 0.09346 0.06995 1.65284 -0.44146
0.23377 0.04324 1.78781 -0.23292 0.01153 1.79167 0.11253 0.12283 0.11885 0.08014 0.37100 -0.41404
0.21723 0.0153 1.81438 -0.23698 0.00788 1.81326 0.09776 0.12327 0.11966 0.07258 0.96552 -0.43642
0.23948 -0.00484 1.852 -0.2419 0.00768 1.84915 0.11741 0.12544 0.11727 0.07389 1.18612 -0.46788
0.24182 -0.01379 1.85548 -0.24205 0.00788 1.85131 0.11762 0.12599 0.06525 0.07326 -0.04112 -0.46683
0.24325 -0.01521 1.85882 -0.24158 0.00776 1.85355 0.11718 0.12573 0.10924 0.07842 0.98347 -0.44932
0.24276 -0.01032 1.84128 -0.23883 0.00743 1.83665 0.11790 0.12552 0.11272 0.07908 1.40066 -0.47123
0.24398 -0.00482 1.84972 -0.23932 0.00696 1.84457 0.11654 0.12518 0.11723 0.07856 0.95449 -0.47721
0.24308 0.00162 1.84561 -0.23943 0.00258 1.84334 0.11623 0.12565 0.09120 0.08173 1.52203 -0.49593
0.20697 0.0076 1.84517 -0.23934 0.00226 1.84119 0.08194 0.12462 0.08196 0.07869 1.79170 -0.48818
0.24327 0.01141 1.84901 -0.24072 0.00178 1.85075 0.11524 0.12673 0.10754 0.07817 1.16590 -0.47047
0.24355 0.01459 1.84997 -0.24074 0.002 1.85097 0.11592 0.12563 0.11281 0.07863 1.05946 -0.46577
0.24667 0.01846 1.84495 -0.2403 0.00144 1.84648 0.11928 0.12647 0.11278 0.07790 0.89178 -0.48212
0.24164 0.0184 1.83528 -0.23878 0.0013 1.8368 0.11552 0.12552 0.12172 0.07810 1.28243 -0.47709
0.24632 0.01945 1.839 -0.23996 0.00126 1.8406 0.12070 0.12636 0.10873 0.07840 0.97345 -0.48380
0.23547 0.01732 1.84217 -0.24014 0.00154 1.84139 0.10996 0.12591 0.13009 0.07989 1.93232 -0.50881
0.24575 0.01985 1.83875 -0.24081 -0.00246 1.8409 0.12027 0.12523 0.10251 0.08376 0.86491 -0.48620
0.246 0.02011 1.84004 -0.24149 -0.00232 1.84247 0.12154 0.12473 0.11555 0.08123 1.13093 -0.47134
0.24597 0.01999 1.84024 -0.24232 -0.00229 1.84236 0.12013 0.12430 0.12199 0.08227 1.25195 -0.48766
0.24164 0.02105 1.83336 -0.24237 -0.00244 1.83676 0.11658 0.12532 0.13018 0.08314 1.36938 -0.45698
0.24582 0.02375 1.83526 -0.24355 -0.00288 1.83853 0.12142 0.12565 0.11239 0.07561 0.81227 -0.53039
0.2463 0.02603 1.83519 -0.24406 -0.0028 1.83885 0.12139 0.12660 0.10921 0.07777 0.75754 -0.48934
0.24119 0.02624 1.81565 -0.24167 -0.00267 1.81931 0.11660 0.12482 0.11462 0.08122 1.52330 -0.47093
0.24825 0.02829 1.83773 -0.24499 -0.00317 1.84178 0.12338 0.12689 0.10684 0.07909 0.90568 -0.45139
0.24541 0.02832 1.83864 -0.24564 -0.00328 1.8419 0.11937 0.12711 0.11186 0.08400 1.16370 -0.44055
0.24488 0.02825 1.83126 -0.24527 -0.00309 1.83456 0.11897 0.12635 0.11441 0.08490 1.17208 -0.44106
0.24482 0.02798 1.82805 -0.24529 -0.00313 1.83156 0.11913 0.12578 0.11184 0.07851 1.18287 -0.47723
0.23816 0.02611 1.78916 -0.24069 -0.00301 1.79235 0.11428 0.12378 0.12521 0.07319 2.09130 -0.49813
0.23628 0.02576 1.78606 -0.24119 -0.0027 1.78886 0.11168 0.12288 0.12368 0.07901 2.05796 -0.46477
0.25111 0.02792 1.83924 -0.24891 -0.00306 1.84295 0.12283 0.12528 0.10755 0.08179 1.36489 -0.45877
0.23609 0.02611 1.77019 -0.23967 -0.00291 1.77285 0.11357 0.12134 0.12199 0.07970 1.53983 -0.45845
0.19666 0.02837 1.78185 -0.24108 -0.00229 1.78023 0.07859 0.12088 0.10778 0.08078 -1.20897 -0.43425
0.24421 0.02776 1.8321 -0.24962 -0.00276 1.83465 0.11697 0.12594 0.08812 0.07400 -1.39097 -0.44836
0.24871 0.02845 1.82655 -0.24975 -0.00244 1.83092 0.12180 0.12511 0.05911 0.08263 -1.83907 -0.42673
0.24074 0.02736 1.78788 -0.24462 -0.00235 1.79297 0.11725 0.12294 0.08387 0.07852 -0.98887 -0.40208
0.24111 0.02678 1.77993 -0.24547 -0.0067 1.79092 0.11986 0.12220 0.08878 0.07872 -0.49208 -0.40984
0.23877 0.02617 1.76455 -0.2448 -0.00626 1.78451 0.11858 0.12208 0.08217 0.07718 -1.27660 -0.47244
0.23617 0.02524 1.74835 -0.24366 -0.00648 1.78183 0.11879 0.12139 0.08549 0.08240 -0.68310 -0.42805
0.24329 0.02212 1.7222 -0.24196 -0.00696 1.79566 0.12331 0.12383 0.09637 0.07215 -1.55496 -0.48993
0.2456 0.01936 1.70145 -0.23917 -0.00678 1.79462 0.12509 0.12221 0.09748 0.07639 1.82560 -0.51991
0.23469 0.02122 1.64724 -0.23405 -0.00714 1.79452 0.12704 0.12316 0.09761 0.08678 1.84116 -0.52784
0.23159 0.0214 1.6374 -0.23333 -0.00723 1.79018 0.12462 0.12198 0.08805 0.08238 1.91368 -0.56258
0.2303 0.02404 1.64391 -0.2344 -0.00705 1.79335 0.12225 0.12200 0.09782 0.08117 1.74944 -0.55752
0.22603 0.02521 1.65228 -0.23505 -0.00711 1.791 0.11726 0.12222 0.10648 0.07891 1.46495 -0.52235
0.21822 0.02691 1.68575 -0.23873 -0.00636 1.80819 0.12039 0.12167 0.09419 0.08063 1.17610 -0.50550
0.21026 0.02718 1.73514 -0.24403 -0.00697 1.83469 0.12212 0.12369 0.09543 0.07960 1.01812 -0.53097
0.19514 0.02838 1.76068 -0.24554 -0.00716 1.83198 0.12032 0.12388 0.09291 0.08471 1.14395 -0.50851
0.18711 0.02664 1.77409 -0.24511 -0.00686 1.81886 0.12103 0.12489 0.08930 0.07514 0.84666 -0.52948
0.11824 0.03434 1.8145 -0.24071 -0.00625 1.77909 0.13721 0.12230 0.11510 0.07977 -0.07462 -0.49053
0.11675 0.0334 1.82206 -0.24011 -0.00607 1.77714 0.13292 0.12080 0.08477 0.07677 2.85099 -0.51273
0.11733 0.02977 1.81898 -0.23997 -0.00648 1.77802 0.13607 0.12050 0.07628 0.07592 -2.66947 -0.52382
0.11952 0.0318 1.77609 -0.23866 -0.007 1.7746 0.12674 0.12247 0.05250 0.07873 -1.41078 -0.50014
0.10884 0.04168 1.76768 -0.24007 -0.00663 1.79353 0.12912 0.12349 0.09920 0.07835 1.55835 -0.49041
0.10502 0.04625 1.73923 -0.23996 -0.00717 1.79792 0.12728 0.12231 0.11055 0.07769 1.57418 -0.50057
0.14437 0.0402 1.71462 -0.24038 -0.00724 1.80666 0.11939 0.12301 0.10147 0.08227 1.67054 -0.50619
0.1376 0.04565 1.69228 -0.24079 -0.0072 1.8145 0.12525 0.12329 0.09368 0.08431 1.61794 -0.48984
0.14472 0.051 1.63677 -0.23864 -0.00687 1.80467 0.12276 0.12185 0.09020 0.07770 1.84116 -0.50844
0.14429 0.05048 1.62719 -0.23861 -0.00704 1.80319 0.12392 0.12198 0.08764 0.07897 1.84324 -0.49968
0.14008 0.04403 1.63255 -0.23837 -0.00701 1.80216 0.12315 0.12307 0.06861 0.07764 2.23993 -0.50616
0.13476 0.03971 1.67719 -0.24007 -0.00719 1.80673 0.11680 0.12459 0.09314 0.07967 1.25017 -0.53711
0.12501 0.03513 1.70903 -0.24098 -0.00682 1.80874 0.12060 0.12215 0.09039 0.08260 1.12781 -0.52347
0.12862 0.03229 1.7379 -0.24245 -0.0074 1.81057 0.11926 0.12442 0.08141 0.08243 0.88510 -0.51117
0.10884 0.03782 1.77202 -0.24415 -0.00741 1.81701 0.12934 0.12411 0.08025 0.08567 0.76427 -0.50420
0.07601 0.04669 1.76703 -0.24061 -0.00658 1.78914 0.12082 0.12172 0.06990 0.08289 -0.51126 -0.50107
0.07048 0.05245 1.77349 -0.24125 -0.00698 1.78495 0.12134 0.12323 0.07988 0.07594 2.61384 -0.52520
0.06777 0.05829 1.76568 -0.24066 -0.0066 1.77517 0.10821 0.12163 0.07286 0.07774 2.56798 -0.50935
0.07683 0.05854 1.74787 -0.24057 -0.00682 1.7668 0.08817 0.12074 0.06577 0.08174 1.09914 -0.47154
0.05728 0.06893 1.76554 -0.24348 -0.00716 1.78515 0.12400 0.12294 0.08194 0.08029 2.30815 -0.47537
0.04771 0.07092 1.76996 -0.24721 -0.01065 1.8076 0.12947 0.12213 0.08682 0.06900 1.09205 -0.51584
0.03112 0.06907 1.76283 -0.24155 -0.01204 1.80821 0.12702 0.12596 0.08568 0.07920 1.08415 -0.54751
0.00732 0.07143 1.74 -0.2248 -0.02346 1.78795 0.11689 0.12288 0.08280 0.09065 -2.00448 -0.72286
-0.00382 0.05962 1.78995 -0.19091 0.01415 1.82079 0.12503 0.11890 0.10692 0.08753 -2.31944 -0.52753
-0.02096 0.07811 1.81444 -0.19887 0.02007 1.84293 0.13093 0.11743 0.11316 0.08811 -2.41291 -0.40973
-0.00968 0.11805 2.07298 -0.25498 0.0094 2.11463 0.16217 0.11631 0.10389 0.08990 2.70069 -0.48676
0.01015 0.16324 2.04864 -0.26794 0.0416 2.0952 0.15628 0.12443 0.10926 0.08470 -0.78681 -0.46232
0.01986 0.23259 2.03471 -0.27631 0.06371 2.0838 0.17129 0.12265 0.12552 0.09475 2.68409 -0.36375
0.05142 0.2835 2.01193 -0.28172 0.08009 2.06697 0.16387 0.12092 0.07813 0.08829 -2.40733 -0.33151
0.07087 0.29905 1.82468 -0.26348 0.08051 1.86999 0.13764 0.10811 0.05485 0.07763 2.79392 0.03685
0.09589 0.34019 1.86201 -0.27427 0.0879 1.90296 0.14068 0.11074 0.07402 0.07243 1.73588 -0.26114
0.12516 0.35263 1.8619 -0.2785 0.09189 1.90232 0.13668 0.11617 0.07609 0.08048 1.39359 -0.25026
0.15211 0.35884 1.86745 -0.28146 0.09065 1.90317 0.13845 0.12102 0.07776 0.08281 1.32747 -0.25662
0.17743 0.35827 1.87137 -0.28394 0.0895 1.90371 0.13638 0.12251 0.07672 0.07277 1.36221 -0.25379
0.20004 0.35364 1.87241 -0.2848 0.0882 1.90085 0.13581 0.12358 0.08262 0.08362 1.34700 -0.23263
0.24284 0.34328 1.88781 -0.28854 0.08303 1.90834 0.13672 0.12478 0.08779 0.07391 1.23895 -0.25353
0.26318 0.3352 1.89373 -0.29097 0.08291 1.91281 0.13402 0.12824 0.08915 0.08324 1.18664 -0.19145
0.29053 0.30937 1.8933 -0.29308 0.07781 1.91505 0.13242 0.12860 0.08591 0.07358 1.00628 -0.20219
0.3009 0.3001 1.87428 -0.29036 0.07718 1.894 0.12844 0.12651 0.08152 0.07689 0.71462 -0.36959
0.31765 0.29206 1.89446 -0.29449 0.07363 1.91378 0.12987 0.12688 0.08155 0.08211 0.78392 -0.30134
0.34182 0.25323 1.88024 -0.29012 0.06696 1.90144 0.13297 0.12347 0.05347 0.08298 -2.72713 -0.33498
0.3488 0.2353 1.87302 -0.28777 0.05749 1.89452 0.12498 0.12346 0.07158 0.08013 -2.68955 -0.35227
0.38237 0.16448 1.86477 -0.28458 0.03715 1.88614 0.13127 0.12338 0.09947 0.07270 0.31581 -0.41536
0.38796 0.13939 1.86064 -0.28377 0.02647 1.88615 0.11476 0.12326 0.08667 0.07207 0.19509 -0.45671
0.37921 0.13548 1.65205 -0.25632 -0.03854 1.72769 0.10528 0.11659 0.07907 0.07237 -0.38542 -0.62158
0.49804 -0.13997 1.81187 -0.26907 -0.04701 1.82389 0.13085 0.11733 0.08955 0.06976 0.24825 -0.61339
0.55156 -0.26199 1.85445 -0.27269 -0.08936 1.87242 0.06120 0.11796 0.06205 0.07194 0.54404 -0.86389
0.61517 -0.38346 1.91512 -0.2664 -0.09067 1.84386 0.13519 0.06594 0.06472 0.04794 1.92243 -0.55107
0.68516 -0.47145 2.04968 -0.27668 -0.18401 1.98575 0.14628 0.12600 0.08051 0.07625 2.29845 -1.11817
0.7098 -0.52295 2.10584 -0.27013 -0.20907 1.98541 0.12704 0.10921 0.06637 0.06833 0.69837 -0.18905
0.72233 -0.56709 2.15056 -0.25975 -0.25353 2.00155 0.16890 0.11400 0.13471 0.07318 0.83310 -0.65522
0.72258 -0.58833 1.95841 -0.23316 -0.26447 1.83845 0.11322 0.08563 0.10626 0.07673 -2.40722 -0.32356
0.7202 -0.60963 1.9797 -0.21433 -0.32334 1.8568 0.11185 0.11126 0.07743 0.06412 -2.56873 0.05186
0.72601 -0.62867 1.99511 -0.19927 -0.36596 1.85943 0.12174 0.11072 0.10899 0.06790 -2.01523 -0.53074
0.74703 -0.66372 1.98722 -0.18774 -0.39791 1.85212 0.10560 0.09819 0.07572 0.07637 -0.72018 -1.45502
0.73247 -0.7354 1.94122 -0.10689 -0.61169 1.73157 0.10785 0.06793 0.10978 0.08617 0.38601 0.21162
0.73318 -0.73949 1.94814 -0.1017 -0.62711 1.74925 0.10074 0.12193 0.11037 0.09305 -2.77723 1.14124
0.73608 -0.74647 1.95451 -0.09551 -0.63102 1.7337 0.13278 0.12479 0.11328 0.07738 -2.75597 1.17609
0.7406 -0.74698 1.97028 -0.09782 -0.62164 1.75904 0.09828 0.13494 0.11572 0.08426 -2.68683 1.15518
0.75884 -0.76629 2.01477 -0.10255 -0.56697 1.87716 0.12420 0.07741 0.11202 0.09914 -2.69315 2.59878
0.75964 -0.77195 2.02032 -0.10278 -0.56255 1.876 0.12471 0.06860 0.11745 0.06489 -2.71816 2.91613
0.76477 -0.77476 2.0206 -0.10011 -0.56936 1.8741 0.12312 0.12335 0.13083 0.06366 -2.64497 1.84861
0.75799 -0.77909 2.01151 -0.09742 -0.57417 1.86766 0.09906 0.11974 0.10152 0.07387 -2.85399 1.76930
0.76399 -0.77476 2.01648 -0.09662 -0.57869 1.86243 0.11494 0.11938 0.12380 0.07500 -2.63990 1.70570
0.75949 -0.77404 2.01587 -0.09641 -0.58797 1.85486 0.10728 0.11798 0.12546 0.07362 -2.67138 1.69640
0.76228 -0.77604 2.01357 -0.09554 -0.59143 1.84922 0.11805 0.11805 0.12179 0.07245 -2.65750 1.69702
0.76359 -0.77635 2.01132 -0.09427 -0.59398 1.84664 0.11681 0.12109 0.12692 0.07199 -2.62235 1.68195
0.76495 -0.77797 2.01304 -0.09436 -0.59412 1.84715 0.11543 0.12052 0.12804 0.07492 -2.60816 1.65860
0.76681 -0.77848 2.01294 -0.09483 -0.5958 1.84587 0.10902 0.11830 0.12039 0.06918 -2.64813 1.68550
0.76384 -0.78103 2.00947 -0.09492 -0.5954 1.8462 0.09207 0.11874 0.10558 0.07143 -2.78228 1.66970
0.76455 -0.78122 2.00929 -0.09468 -0.59633 1.8446 0.09282 0.11784 0.10538 0.07054 -2.76697 1.67061
0.77049 -0.78031 2.01224 -0.09389 -0.59767 1.84253 0.11727 0.12227 0.11645 0.07266 -2.59736 1.66077
0.76831 -0.77768 2.01103 -0.09397 -0.59803 1.84085 0.12204 0.12055 0.11972 0.07593 -2.57867 1.63669
0.76941 -0.78212 2.00732 -0.0939 -0.59779 1.84095 0.10091 0.12093 0.11783 0.07164 -2.68559 1.65043
0.76954 -0.7813 2.00715 -0.09375 -0.59858 1.84084 0.10876 0.11960 0.11727 0.06923 -2.67006 1.66452
0.77039 -0.78121 2.01046 -0.09365 -0.5989 1.84167 0.10825 0.12154 0.11666 0.07803 -2.65620 1.61364
0.77096 -0.78122 2.01119 -0.09392 -0.59853 1.84275 0.10736 0.12070 0.11718 0.07091 -2.64062 1.67307
0.77186 -0.78149 2.01123 -0.09368 -0.59857 1.84297 0.11206 0.12135 0.11964 0.07527 -2.61427 1.62579
0.7721 -0.78171 2.01009 -0.09378 -0.59914 1.84051 0.11142 0.11946 0.12258 0.06971 -2.60777 1.70505
0.7715 -0.7802 2.01019 -0.09382 -0.59932 1.8404 0.12815 0.11876 0.11856 0.07363 -2.59586 1.64037
0.76997 -0.78023 2.01081 -0.09405 -0.59936 1.84072 0.12435 0.11939 0.12109 0.07229 -2.58922 1.66773
0.76827 -0.78339 2.00611 -0.09445 -0.59961 1.8411 0.10219 0.11913 0.11379 0.07387 -2.70772 1.64719
0.77307 -0.78233 2.00946 -0.09427 -0.59979 1.84029 0.11349 0.11847 0.11566 0.07378 -2.62194 1.64740
0.77336 -0.78142 2.00827 -0.09363 -0.60094 1.83891 0.13793 0.12283 0.12082 0.07152 -2.57820 1.65414
]
