classifier_Monkey_goes_to_man_17571 [ 0.62442 -0.74975 1.80862 -0.33421 -0.77408 2.02064 0.12301 0.10825 0.10465 0.07865 -1.63043 2.58410
0.6255 -0.74946 1.80782 -0.33313 -0.76963 2.01959 0.12231 0.07950 0.10289 0.06875 -1.66257 2.46297
0.6247 -0.74951 1.80541 -0.33346 -0.77104 2.01789 0.12328 0.07856 0.07216 0.04496 -2.53705 2.38545
0.62741 -0.74937 1.80538 -0.33353 -0.77055 2.01865 0.11940 0.07962 0.05055 0.03396 -2.59480 2.29944
0.62872 -0.74958 1.80349 -0.33319 -0.77006 2.0179 0.12227 0.07852 0.15703 0.02913 0.61829 2.33563
0.62919 -0.74926 1.80151 -0.33343 -0.77018 2.01826 0.12136 0.07858 0.15146 0.03385 0.54279 2.32873
0.62272 -0.74168 1.78059 -0.34407 -0.78418 1.99688 0.12577 0.08363 0.07302 0.01746 0.76777 2.43125
0.62824 -0.74855 1.80004 -0.33758 -0.77645 2.0144 0.12252 0.08143 0.12962 0.02036 0.17490 2.44545
0.62702 -0.74792 1.80036 -0.33615 -0.77415 2.01305 0.12631 0.08082 0.15282 0.03941 0.57836 2.53492
0.62598 -0.74774 1.80228 -0.33591 -0.77323 2.0148 0.12833 0.08022 0.09864 0.03960 1.19600 2.38876
0.62717 -0.74797 1.80162 -0.3343 -0.7717 2.01535 0.12617 0.07861 0.10782 0.04701 -1.99228 2.36999
0.61315 -0.74329 1.82407 -0.31889 -0.75063 2.02234 0.13701 0.07346 0.11628 0.02227 -2.10922 2.39396
0.55714 -0.74878 1.8723 -0.31355 -0.74046 2.0347 0.12450 0.07742 0.07284 0.04125 -1.92760 2.55589
0.57456 -0.74744 1.84471 -0.15503 -0.50836 1.78679 0.15126 0.07980 0.06400 0.07803 -2.10616 -1.99202
0.5099 -0.74934 1.93798 -0.15123 -0.46297 1.80364 0.12271 0.08024 0.08206 0.06047 -2.09281 0.38497
0.51354 -0.75515 1.95497 -0.14973 -0.38658 1.7999 0.12370 0.09226 0.08784 0.06099 -2.05363 0.42864
0.50134 -0.73909 1.91801 -0.12407 -0.30012 1.74292 0.12784 0.10876 0.08944 0.05734 -2.04126 1.16050
0.48578 -0.71178 1.84326 -0.10726 -0.19699 1.65232 0.11789 0.12568 0.07808 0.08967 -1.95871 -1.81571
0.51506 -0.75267 1.94674 -0.13135 -0.11984 1.74179 0.12839 0.12047 0.08052 0.05714 -1.99954 -1.15554
0.51398 -0.75209 1.94557 -0.14321 -0.05906 1.75041 0.12911 0.14610 0.08370 0.07980 -2.03532 -0.89901
0.56358 -0.73027 1.81684 -0.08651 0.03594 1.69003 0.13391 0.13404 0.05191 0.08896 -2.26024 -0.94954
0.53884 -0.70866 1.8073 -0.04991 0.13163 1.65955 0.10018 0.11352 0.06046 0.09184 -2.50301 -0.73488
0.57884 -0.7496 1.8655 -0.04296 0.23439 1.72541 0.13861 0.12128 0.06324 0.06787 -2.32594 -0.46628
0.50006 -0.73537 1.90988 -0.03709 0.24724 1.70447 0.12861 0.12033 0.07919 0.06811 -1.92867 -0.43138
0.51533 -0.7583 1.97625 -0.0197 0.27569 1.76338 0.13534 0.11475 0.08443 0.07552 -2.04548 -0.22550
0.51212 -0.75651 1.97851 -0.00904 0.28339 1.76679 0.14021 0.11971 0.08828 0.06542 -2.11776 -0.25843
0.51298 -0.75654 1.97752 -0.00172 0.28223 1.77286 0.14329 0.12672 0.08774 0.08483 -2.10484 -0.29050
0.54762 -0.73378 1.87069 0.00479 0.26494 1.7403 0.09805 0.12759 0.05196 0.09356 -2.60789 0.01747
0.51176 -0.75307 1.96339 0.03292 0.23677 1.89604 0.13504 0.09988 0.08139 0.10852 -1.88404 0.13831
0.51328 -0.7592 1.97692 0.05067 0.24067 1.97447 0.13600 0.12884 0.08541 0.07917 -1.75857 0.18784
0.49023 -0.7228 1.883 0.12319 0.28857 1.93854 0.12645 0.12286 0.08185 0.07110 -1.87140 0.11635
0.50475 -0.74495 1.93932 -0.05013 0.0398 1.79083 0.13274 0.10501 0.08440 0.10256 -1.85291 -0.19635
0.47838 -0.70391 1.83309 -0.07184 -0.02126 1.70565 0.12424 0.10517 0.07937 0.08613 -1.85021 -0.75949
0.47709 -0.70298 1.8319 -0.10086 -0.06815 1.71519 0.12494 0.10743 0.08073 0.09256 -1.98381 0.54778
0.48287 -0.71138 1.85745 -0.14015 -0.10889 1.75495 0.13238 0.11267 0.08102 0.11619 -2.05505 -0.24186
0.48417 -0.71125 1.853 -0.18461 -0.1015 1.74119 0.12770 0.08343 0.08068 0.07033 -1.86608 0.44000
0.48843 -0.71617 1.86058 -0.22421 -0.09723 1.77518 0.12609 0.07124 0.07986 0.07329 -1.87587 0.18738
0.51481 -0.75665 1.97175 -0.27729 -0.13492 1.91433 0.13742 0.12850 0.08653 0.08698 -1.98667 -0.68585
0.50755 -0.74637 1.93876 -0.30895 -0.12078 1.89367 0.13157 0.10587 0.08270 0.14606 -1.86238 -0.25037
0.49919 -0.73682 1.909 -0.35688 -0.09053 1.8799 0.12707 0.09446 0.08709 0.10681 -1.95002 -0.14179
0.50193 -0.73629 1.90829 -0.3617 -0.09148 1.87331 0.12589 0.12567 0.08502 0.06846 -1.92886 -0.20947
0.50103 -0.73529 1.90667 -0.3633 -0.09846 1.8626 0.12653 0.13153 0.08145 0.05227 -1.99989 -0.16800
0.49412 -0.73371 1.90672 -0.35999 -0.11413 1.84553 0.12982 0.12911 0.08808 0.07900 -1.55328 -0.19597
0.4941 -0.73281 1.90385 -0.35265 -0.13775 1.82386 0.12836 0.12084 0.09023 0.05194 -1.54967 -0.17553
0.49746 -0.73039 1.894 -0.34099 -0.15918 1.7936 0.12482 0.12180 0.08318 0.05402 -1.96506 -0.11795
0.49454 -0.73175 1.89448 -0.32885 -0.18082 1.77616 0.12589 0.12294 0.07808 0.05534 -1.95505 -0.19829
0.49116 -0.7245 1.87779 -0.31356 -0.1941 1.75283 0.12286 0.11781 0.08638 0.06410 -1.34964 -0.14118
0.62942 -0.75044 1.77041 -0.29501 -0.19577 1.75121 0.12860 0.12037 0.04104 0.09622 -2.26889 -0.35517
0.48628 -0.72973 1.88973 -0.28883 -0.19339 1.75058 0.08116 0.11042 0.07626 0.07621 -1.20113 -0.36033
0.48526 -0.72782 1.89124 -0.28366 -0.18841 1.74865 0.08077 0.11091 0.08120 0.08651 -2.21311 -0.31947
0.4897 -0.72887 1.90113 -0.28263 -0.18657 1.74919 0.07566 0.10242 0.06046 0.05888 -2.19634 -0.24810
0.50231 -0.67749 1.89043 -0.28328 -0.1836 1.75485 0.08208 0.10571 0.04449 0.05716 -1.82248 -0.23449
0.49847 -0.61187 1.85428 -0.28274 -0.17717 1.75239 0.11730 0.11319 0.05292 0.05510 -2.35543 -0.26480
0.50888 -0.56652 1.81908 -0.28627 -0.17599 1.78036 0.07435 0.10196 0.09714 0.05625 2.96370 -0.30714
0.49167 -0.48496 1.85832 -0.28672 -0.17418 1.78925 0.09218 0.11100 0.08020 0.07490 -2.46683 -0.30938
0.49802 -0.47939 1.85586 -0.29043 -0.1743 1.8246 0.21294 0.10906 0.08184 0.06343 -2.74833 -0.33517
0.48411 -0.43865 1.85039 -0.28579 -0.1753 1.81222 0.05517 0.11587 0.07863 0.06028 2.48658 -0.13486
0.50025 -0.3796 1.85834 -0.27934 -0.17445 1.78902 0.09375 0.11278 0.06738 0.06087 -2.85320 -0.19996
0.5148 -0.38041 1.86114 -0.27635 -0.17751 1.78953 0.09730 0.11832 0.06482 0.05576 -2.90475 -0.25217
0.54226 -0.41191 1.90994 -0.26975 -0.18491 1.79018 0.08487 0.12739 0.08108 0.06002 -2.69877 -0.01916
0.52946 -0.40727 1.97765 -0.27086 -0.18693 1.81562 0.07004 0.12418 0.08646 0.05707 2.72572 0.04172
0.47923 -0.37791 2.03227 -0.27051 -0.189 1.82754 0.04827 0.12798 0.06670 0.05624 2.11514 -0.25274
0.53344 -0.26369 2.22002 -0.29488 -0.20151 1.9916 0.09900 0.13839 0.14455 0.08279 2.24246 -0.02726
0.50157 -0.23017 2.22125 -0.29702 -0.20199 1.99856 0.08780 0.13836 0.14463 0.05938 2.26816 -0.04672
0.4809 -0.20992 2.19713 -0.29883 -0.20262 1.99195 0.08519 0.13710 0.13910 0.04274 2.20034 -0.08087
0.37486 -0.20252 2.02808 -0.27925 -0.18806 1.84125 0.10691 0.13126 0.13447 0.04181 0.67488 0.73297
0.39419 -0.22899 1.98257 -0.28049 -0.18743 1.8282 0.07733 0.13697 0.15784 0.07080 1.85722 2.95280
0.45647 -0.27518 1.95207 -0.28515 -0.19075 1.837 0.08802 0.13068 0.06845 0.07041 0.63520 -3.13297
0.4846 -0.32901 1.94667 -0.2846 -0.19264 1.83416 0.10120 0.12853 0.07072 0.06556 1.25592 2.86475
0.48991 -0.37067 1.90786 -0.27722 -0.19448 1.78702 0.09369 0.12074 0.10118 0.04119 2.46209 0.00216
0.5014 -0.38253 1.98549 -0.28377 -0.19325 1.83435 0.09652 0.12996 0.09553 0.04317 2.24119 0.91971
0.46655 -0.36045 2.01331 -0.28366 -0.19233 1.83638 0.09474 0.13099 0.10091 0.06164 1.85722 -0.14462
0.44106 -0.30492 2.02263 -0.28448 -0.19106 1.83959 0.05286 0.12951 0.07049 0.09181 1.23900 -0.11025
0.46097 -0.26677 2.18378 -0.307 -0.20144 1.96832 0.07771 0.13959 0.14002 0.07261 1.88396 0.04101
0.46253 -0.22654 2.17604 -0.31026 -0.20952 1.97968 0.08545 0.14093 0.14578 0.08449 1.66479 0.22697
0.43666 -0.19488 2.13631 -0.30938 -0.20809 1.97118 0.08955 0.13749 0.11712 0.06474 1.96553 0.12617
0.39189 -0.15762 1.9441 -0.28707 -0.19599 1.83307 0.10475 0.13428 0.11686 0.07278 0.91843 0.16216
0.36837 -0.13163 1.87209 -0.28077 -0.18917 1.80233 0.09797 0.13403 0.07666 0.07165 1.97020 0.14858
0.33303 -0.10697 1.82103 -0.27121 -0.18791 1.78047 0.09194 0.12530 0.07871 0.07739 1.76920 0.02733
0.31013 -0.07594 1.74327 -0.25726 -0.18015 1.71993 0.09045 0.11154 0.09990 0.04746 1.49411 0.05464
0.3221 -0.05637 1.82775 -0.26534 -0.18482 1.81464 0.10131 0.12114 0.07514 0.04060 1.32120 0.89548
0.30489 -0.04785 1.7518 -0.24879 -0.17417 1.74632 0.10252 0.11306 0.06808 0.06628 1.11963 2.88281
0.33244 -0.06281 1.92976 -0.26904 -0.18803 1.9295 0.11956 0.12955 0.08693 0.07521 1.84190 3.03670
0.33224 -0.08205 1.92326 -0.2654 -0.18544 1.93253 0.12338 0.13319 0.08867 0.07706 1.97258 3.02786
0.32355 -0.10199 1.87257 -0.25724 -0.17629 1.88875 0.12145 0.12656 0.06521 0.07243 2.09826 3.03215
0.31124 -0.11908 1.79328 -0.24574 -0.16629 1.81424 0.11539 0.12674 0.03372 0.07026 1.88047 3.00568
0.30142 -0.12846 1.73131 -0.23861 -0.15817 1.75294 0.11000 0.12005 0.06525 0.06620 2.15427 2.85361
0.30804 -0.14303 1.79369 -0.2498 -0.16312 1.82199 0.11184 0.12529 0.06177 0.07213 2.19942 3.00567
0.30781 -0.14581 1.79368 -0.25139 -0.16274 1.82191 0.10637 0.12444 0.05170 0.07233 2.12951 2.96643
0.3081 -0.1455 1.79126 -0.25255 -0.1621 1.82309 0.10509 0.12506 0.04964 0.07134 2.10557 2.96097
0.29638 -0.1406 1.74783 -0.24673 -0.15875 1.77974 0.09949 0.12266 0.06519 0.07743 1.82153 -2.34160
0.30073 -0.13668 1.77187 -0.24974 -0.16028 1.80285 0.10108 0.12141 0.05288 0.08825 1.82938 -0.23947
0.29798 -0.12936 1.77288 -0.2503 -0.16063 1.80681 0.10125 0.12421 0.04723 0.04770 1.77329 -0.19758
0.28922 -0.11733 1.74789 -0.2453 -0.15892 1.78084 0.10159 0.11991 0.03633 0.07678 1.59328 -0.30814
0.27752 -0.10139 1.70998 -0.23874 -0.15629 1.74546 0.10172 0.11548 0.04267 0.05333 1.49577 -0.16625
0.28457 -0.08837 1.77466 -0.24622 -0.16234 1.81303 0.10870 0.12129 0.04204 0.07451 1.09259 -0.17141
0.27022 -0.07205 1.77319 -0.24515 -0.15921 1.81753 0.11066 0.12439 0.05497 0.03800 1.11139 0.84396
0.2542 -0.05499 1.77332 -0.24391 -0.16042 1.82013 0.10932 0.13125 0.06173 0.05049 1.51430 -0.22294
0.212 -0.0275 1.75392 -0.23966 -0.16057 1.81272 0.10835 0.12256 0.04494 0.11611 1.47053 -0.32121
0.19862 -0.0163 1.74668 -0.23664 -0.16045 1.80899 0.11280 0.12322 0.05099 0.09710 1.51144 -0.41760
0.17379 -0.00962 1.71194 -0.22987 -0.15777 1.77946 0.11029 0.12094 0.07061 0.10851 1.46929 -0.25820
0.15283 -0.00801 1.70839 -0.22582 -0.15728 1.78015 0.11148 0.12242 0.04762 0.11497 1.55829 -0.28016
0.10028 -0.01111 1.69787 -0.22069 -0.15705 1.77702 0.09428 0.12325 0.05936 0.10266 1.71416 -0.25885
0.11521 -0.01306 1.74278 -0.22045 -0.16093 1.8258 0.10621 0.12192 0.05288 0.08987 1.78101 -0.34825
0.05936 -0.02331 1.74259 -0.21589 -0.16057 1.83032 0.11009 0.12145 0.04053 0.08908 1.76798 -0.36788
0.02448 -0.0308 1.6778 -0.20376 -0.15263 1.76472 0.10010 0.12287 0.06154 0.10234 1.77113 -0.04081
0.00193 -0.03902 1.7097 -0.20375 -0.1587 1.80086 0.09905 0.11602 0.03249 0.09687 1.71321 -0.59065
-0.02718 -0.0482 1.70645 -0.1959 -0.15133 1.78887 0.09443 0.14783 0.06394 0.09425 1.66558 -0.21549
-0.03451 -0.0512 1.63542 -0.17942 -0.10227 1.70398 0.09397 0.09289 0.05630 0.08983 1.67718 0.32600
-0.03101 -0.05017 1.64449 -0.09931 -0.0639 1.66986 0.10751 0.10650 0.03883 0.04966 1.60307 1.55836
-0.03896 -0.05019 1.67512 -0.10086 -0.06293 1.69887 0.11340 0.09572 0.04213 0.05313 1.62169 1.45339
-0.04658 -0.05557 1.67459 -0.10287 -0.06445 1.69718 0.11311 0.09166 0.04510 0.06028 1.72668 1.69306
-0.04943 -0.05762 1.67801 -0.10497 -0.06734 1.70027 0.11192 0.09227 0.04019 0.05922 1.69459 1.67601
-0.05044 -0.0606 1.68199 -0.10241 -0.07 1.70564 0.10927 0.09548 0.05545 0.06217 1.69666 1.74663
-0.04647 -0.06321 1.69012 -0.1031 -0.07329 1.71244 0.10696 0.09325 0.04427 0.05731 1.73183 1.50107
-0.04134 -0.06695 1.69086 -0.10161 -0.07574 1.71407 0.10765 0.09237 0.04427 0.05013 1.76012 1.14822
-0.05679 -0.07022 1.66489 -0.09423 -0.07538 1.68169 0.09608 0.09190 0.02433 0.05489 1.39399 1.21141
-0.0529 -0.07236 1.65465 -0.08961 -0.07871 1.67419 0.07908 0.09045 0.04636 0.06736 1.63733 2.28421
-0.03734 -0.07871 1.66641 -0.08331 -0.08388 1.68404 0.09723 0.08253 0.03820 0.05263 1.27938 0.91216
-0.02388 -0.08719 1.67442 -0.17448 -0.11595 1.7437 0.09877 0.14072 0.05094 0.04726 -1.43142 1.11937
-0.00901 -0.09738 1.66153 -0.19101 -0.12203 1.73868 0.09091 0.15388 0.08359 0.05150 -1.37923 0.28701
0.00576 -0.11216 1.68224 -0.23106 -0.15161 1.79727 0.08817 0.12809 0.05599 0.12155 -1.50957 0.60020
0.03474 -0.12513 1.63508 -0.23108 -0.15041 1.75958 0.08690 0.12409 0.07362 0.11296 -1.62341 0.61313
0.07646 -0.14693 1.65075 -0.23957 -0.15452 1.78011 0.08467 0.12485 0.07781 0.08728 -0.52014 -0.32151
0.11809 -0.17423 1.69491 -0.25337 -0.16271 1.83855 0.07703 0.12921 0.08250 0.08815 -1.91185 -0.22475
0.17212 -0.20298 1.69449 -0.26026 -0.17074 1.8455 0.07798 0.11477 0.08174 0.08405 -1.77480 0.14406
0.23641 -0.23418 1.6729 -0.2655 -0.1658 1.8309 0.07229 0.12755 0.07093 0.06253 -1.90067 0.06303
0.30233 -0.2724 1.66846 -0.27015 -0.16594 1.82364 0.08578 0.12590 0.06871 0.07252 -1.78934 -0.01482
0.37902 -0.32434 1.73734 -0.28563 -0.171 1.89627 0.07711 0.12824 0.05422 0.08451 -2.04570 -2.51802
0.48253 -0.39591 1.71893 -0.28037 -0.16562 1.82498 0.06925 0.12527 0.04957 0.06968 -1.75150 3.03965
0.52318 -0.44183 1.7486 -0.27909 -0.16773 1.8125 0.07760 0.11831 0.05487 0.06505 -0.20904 2.81695
0.56127 -0.48795 1.78241 -0.27803 -0.17905 1.80646 0.08735 0.12299 0.05283 0.06611 1.21678 2.75080
0.58091 -0.543 1.82077 -0.27564 -0.19972 1.7919 0.06943 0.13716 0.06854 0.06413 -1.45336 2.48636
0.56113 -0.57122 1.87836 -0.26957 -0.23557 1.76747 0.12837 0.10172 0.09901 0.06376 -1.23241 2.20575
0.5602 -0.60264 1.89506 -0.26443 -0.28379 1.75148 0.14696 0.08335 0.11137 0.05843 -1.21492 1.93609
0.58326 -0.74605 2.03636 -0.25745 -0.33536 1.72475 0.13527 0.06731 0.08815 0.05051 -2.73987 2.29723
0.63196 -0.72891 1.99373 -0.26172 -0.40187 1.76628 0.06377 0.05480 0.14816 0.05843 -2.47681 1.44880
0.61339 -0.71954 1.87957 -0.23971 -0.44847 1.69876 0.14145 0.07240 0.13032 0.06277 -2.38028 1.42952
0.61316 -0.74048 1.89368 -0.22733 -0.51541 1.72582 0.13802 0.08593 0.10915 0.07922 -2.18384 1.72252
0.6035 -0.74009 1.86986 -0.20268 -0.59975 1.75322 0.13679 0.13719 0.13859 0.07291 -2.16717 0.41009
0.59346 -0.73808 1.86493 -0.18468 -0.61539 1.7675 0.13505 0.11382 0.10543 0.09842 -2.19351 1.22678
0.58789 -0.73886 1.86053 -0.19307 -0.59597 1.83655 0.12820 0.10922 0.08848 0.11828 -2.16515 1.65649
0.58898 -0.73991 1.84989 -0.15516 -0.6465 1.78086 0.12840 0.12118 0.09056 0.07588 -1.66457 1.23600
0.58846 -0.7373 1.8445 -0.15267 -0.64493 1.77849 0.13468 0.11968 0.10211 0.07788 -1.42309 1.21308
0.62089 -0.74444 1.80916 -0.14929 -0.644 1.77831 0.13068 0.12047 0.08259 0.07722 -1.98012 1.11656
0.62644 -0.74537 1.80496 -0.15102 -0.64375 1.78304 0.12722 0.11868 0.09521 0.08187 -2.14698 1.15479
0.62928 -0.74771 1.80763 -0.15301 -0.64579 1.789 0.12505 0.11882 0.08985 0.08408 -2.49357 1.14654
0.63024 -0.74909 1.80692 -0.16583 -0.63229 1.8096 0.12215 0.11379 0.16717 0.08629 0.66327 1.23020
0.63128 -0.74925 1.80812 -0.16976 -0.62854 1.81814 0.12252 0.11620 0.15395 0.09627 0.62824 1.22968
0.63048 -0.74923 1.80659 -0.14105 -0.65274 1.7914 0.12244 0.12823 0.16476 0.09140 0.68969 1.12182
0.63314 -0.75266 1.8122 -0.30737 -0.73723 2.02545 0.12162 0.06510 0.16986 0.02545 0.73214 2.88798
0.63507 -0.75266 1.81388 -0.31768 -0.75337 2.02919 0.12479 0.05312 0.09125 0.00510 1.15831 2.46464
]
