classifier_Man_man_bumps_into_each_other_21295 [ 0.64766 -0.71935 1.87992 -0.09242 -0.59884 1.89647 0.10222 0.10699 0.13177 0.05833 -2.81658 -1.44140
0.65109 -0.71717 1.88524 -0.09441 -0.60023 1.89988 0.10855 0.10741 0.12327 0.06024 -2.78364 -1.43791
0.64927 -0.71676 1.88285 -0.09365 -0.59812 1.89893 0.10872 0.10910 0.12985 0.05882 -2.78259 -1.40662
0.65327 -0.72014 1.88621 -0.09537 -0.59836 1.89935 0.10695 0.10777 0.12067 0.06054 -2.81007 -1.38402
0.65558 -0.72354 1.88554 -0.09395 -0.59865 1.89754 0.10347 0.10876 0.12091 0.05903 -2.79883 -1.38217
0.6583 -0.72335 1.88597 -0.09454 -0.59891 1.89668 0.10865 0.10846 0.12230 0.06019 -2.77813 -1.37551
0.66084 -0.72642 1.8874 -0.09405 -0.59939 1.89635 0.10196 0.10671 0.09281 0.05954 -2.60364 -1.38609
0.66452 -0.72691 1.89223 -0.09501 -0.59904 1.89737 0.10112 0.10548 0.08734 0.06014 -2.62521 -1.30503
0.66771 -0.72685 1.89443 -0.09568 -0.59644 1.89726 0.10263 0.10563 0.09021 0.06028 -2.56262 -1.35046
0.66664 -0.72693 1.89216 -0.09498 -0.59528 1.89546 0.10046 0.10248 0.10695 0.05894 -2.65701 -1.32284
0.66594 -0.72529 1.8909 -0.09357 -0.59261 1.89765 0.10108 0.09959 0.12663 0.05733 -2.77844 -1.42439
0.6617 -0.72099 1.88807 -0.09543 -0.59241 1.89683 0.10715 0.10672 0.09333 0.05707 -2.80070 -1.39726
0.66981 -0.71754 1.88215 -0.09763 -0.58963 1.89359 0.10209 0.10151 0.08416 0.05536 -2.80362 -1.34052
0.64909 -0.68792 1.86297 -0.10512 -0.58478 1.88934 0.12923 0.06122 0.09279 0.05826 -2.47297 -1.24788
0.58327 -0.63513 1.85119 -0.09461 -0.5932 1.88935 0.07567 0.09436 0.07505 0.10244 -2.28166 -1.92151
0.541 -0.63526 1.97747 -0.10582 -0.6171 1.98049 0.10808 0.09491 0.04612 0.10676 -1.98938 -2.01059
0.49879 -0.6264 2.0196 -0.12193 -0.62865 1.98608 0.10558 0.11525 0.08332 0.06044 -0.53329 -1.33864
0.4386 -0.59982 1.95591 -0.1149 -0.65963 1.86101 0.08509 0.12969 0.07144 0.05774 0.83639 -1.87407
0.39324 -0.5948 1.96233 -0.11451 -0.65766 1.86214 0.07392 0.12995 0.07083 0.05768 -0.55694 -1.84943
0.34792 -0.59212 1.96111 -0.11485 -0.65342 1.85044 0.07313 0.12982 0.08243 0.05792 2.66570 -1.85050
0.31091 -0.59678 1.96781 -0.11415 -0.65289 1.84936 0.13910 0.13000 0.08448 0.05689 2.79256 -1.85361
0.27074 -0.60154 1.94431 -0.11422 -0.64778 1.83634 0.14389 0.12484 0.08397 0.05786 -2.75412 -1.86154
0.25718 -0.60334 1.946 -0.11848 -0.64824 1.84283 0.13958 0.12739 0.09322 0.05966 -2.68979 -1.77899
0.2371 -0.61521 1.91066 -0.12163 -0.64897 1.84038 0.12323 0.12688 0.05496 0.05714 -2.68078 -1.76216
0.23126 -0.59536 1.98329 -0.1213 -0.59956 1.95078 0.13666 0.09988 0.10311 0.09861 -1.95419 -2.05684
0.17822 -0.64155 1.79861 -0.1195 -0.63353 1.80126 0.11823 0.12465 0.07761 0.05645 -1.46993 -1.73637
0.21096 -0.59863 1.93759 -0.12676 -0.59631 1.91235 0.13784 0.10307 0.11022 0.09574 -1.71665 -1.64474
0.21879 -0.62801 1.94512 -0.13639 -0.60624 1.94173 0.12499 0.11372 0.06745 0.06437 -2.07967 -1.11805
0.21784 -0.62798 1.94146 -0.1364 -0.59823 1.93922 0.12577 0.11235 0.06912 0.07079 -1.95121 -0.97954
0.21769 -0.62701 1.93756 -0.14061 -0.57635 1.93316 0.12512 0.12054 0.06767 0.05807 -1.95184 -2.37961
0.21623 -0.6253 1.92935 -0.14084 -0.54737 1.93839 0.12391 0.10092 0.07064 0.08571 -1.97457 -2.28876
0.2264 -0.6177 2.02587 -0.15761 -0.26556 1.83896 0.13169 0.14147 0.05652 0.05795 -2.07506 2.54321
0.22123 -0.64144 1.98257 -0.15348 -0.15514 1.81596 0.12778 0.11817 0.06889 0.06991 -1.95150 2.57048
0.22852 -0.66028 2.03958 -0.12399 0.25526 1.89258 0.13260 0.10079 0.07192 0.10096 -1.97315 2.75248
0.21782 -0.62653 1.93427 -0.06512 0.41318 1.84387 0.12335 0.07231 0.06432 0.07536 -1.98201 -0.33624
0.22723 -0.59793 1.97448 -0.05755 0.42244 1.86456 0.12709 0.11199 0.05749 0.07572 -1.63630 -0.31383
0.2333 -0.61194 2.02238 -0.06043 0.41423 1.92493 0.13025 0.09857 0.12158 0.08672 -1.59390 -0.44832
0.22642 -0.62591 1.94436 -0.04068 0.41711 1.90357 0.12395 0.08512 0.06805 0.07363 -1.99871 -0.41153
0.23237 -0.63241 2.0439 -0.04696 0.40155 1.98101 0.12904 0.10016 0.06732 0.07196 -2.15308 -0.43898
0.23333 -0.63604 2.05429 -0.04494 0.39126 1.9958 0.13078 0.11673 0.06803 0.07667 -2.10161 -0.50991
0.23691 -0.64508 2.08272 -0.04625 0.37862 2.02507 0.13446 0.12193 0.06993 0.08536 -2.11875 -0.54144
0.22813 -0.6519 2.06034 -0.05643 0.33258 2.01393 0.13421 0.11566 0.07201 0.08196 -1.94933 -0.60997
0.2262 -0.65574 2.05742 -0.05996 0.31159 2.01521 0.13338 0.11956 0.07374 0.08151 -1.89539 -0.56599
0.21584 -0.63223 1.97721 -0.07332 0.21437 1.94558 0.12618 0.09060 0.07037 0.08175 -1.98137 -0.89854
0.21408 -0.63275 1.97266 -0.06332 0.22583 1.94046 0.12763 0.09591 0.07165 0.05000 -1.86050 -1.35649
0.22355 -0.65934 2.05752 -0.10865 0.08762 2.03679 0.13244 0.12350 0.08369 0.09651 -1.69418 -0.76842
0.21603 -0.643 1.99661 -0.09571 0.0722 1.98301 0.12780 0.09286 0.08271 0.09859 -1.65702 -1.14575
0.22361 -0.66627 2.07269 -0.13959 -0.04543 2.05886 0.13427 0.09628 0.08556 0.09160 -1.64815 -0.88047
0.20187 -0.60372 1.87897 -0.20729 -0.10254 1.88875 0.12237 0.09254 0.06888 0.10483 -1.90715 -0.47533
0.20462 -0.61321 1.90587 -0.2506 -0.12324 1.91877 0.12421 0.08843 0.06918 0.11272 -1.91062 -0.33434
0.20171 -0.64816 1.96296 -0.32808 -0.16611 2.00799 0.12925 0.09347 0.08451 0.10475 -1.45375 -0.20019
0.19053 -0.6628 1.88306 -0.348 -0.17825 1.9893 0.12018 0.09199 0.08014 0.10727 -1.44822 -0.76743
0.21245 -0.66037 1.94909 -0.3952 -0.2268 2.05266 0.12701 0.10518 0.07359 0.10690 -1.70494 -0.25474
0.21801 -0.65532 1.96329 -0.40231 -0.23332 2.06063 0.13169 0.10151 0.07572 0.10663 -1.71771 -0.07124
0.20439 -0.66853 1.92057 -0.40207 -0.23827 2.05332 0.12399 0.10008 0.07198 0.09988 -1.62017 -0.35465
0.21719 -0.66229 1.95222 -0.40541 -0.24291 2.06803 0.13064 0.10245 0.07453 0.10226 -1.73055 -0.31806
0.21488 -0.65457 1.93301 -0.40111 -0.23887 2.0499 0.12857 0.10097 0.07293 0.11106 -1.76033 -0.44711
0.22619 -0.60556 2.03596 -0.40235 -0.23574 2.0696 0.13551 0.09665 0.10713 0.10864 -2.20264 -0.46676
0.26602 -0.38279 2.12803 -0.4431 -0.2621 2.28356 0.10496 0.11500 0.05090 0.12000 -2.06594 -0.38816
0.26405 -0.27107 2.10247 -0.44092 -0.25798 2.28 0.09844 0.11344 0.06538 0.11981 -2.37428 -0.39833
0.23744 -0.14185 2.00324 -0.42456 -0.25594 2.19845 0.12384 0.11249 0.07400 0.11965 -2.28917 -0.17955
0.22544 0.07631 2.0865 -0.43849 -0.26447 2.30388 0.11126 0.11817 0.10687 0.12396 -2.36648 -0.40607
0.20899 0.15256 1.99167 -0.42026 -0.25814 2.19971 0.11828 0.12026 0.09129 0.10553 -2.56055 -0.34972
0.1792 0.24492 1.93199 -0.40306 -0.24789 2.13861 0.10801 0.11253 0.08616 0.11436 -2.65273 -0.29253
0.17026 0.30026 1.94057 -0.4031 -0.24728 2.14536 0.11062 0.11348 0.07363 0.11374 -2.73361 -0.32091
0.13738 0.38534 1.89894 -0.391 -0.24075 2.08345 0.10308 0.11336 0.07047 0.10822 -2.81338 -0.47285
0.11368 0.42731 1.92851 -0.39091 -0.23884 2.08164 0.11348 0.11002 0.06581 0.10642 -2.85901 -0.46394
0.12142 0.38712 2.01053 -0.40314 -0.24793 2.15651 0.10400 0.11381 0.06581 0.11135 -2.77705 -0.43607
0.11738 0.3678 2.03473 -0.40516 -0.24955 2.16972 0.12797 0.11321 0.06891 0.11228 -2.67762 -0.42684
0.11531 0.3542 2.11177 -0.41953 -0.26011 2.2385 0.14721 0.11770 0.08264 0.09954 -2.67013 -0.43984
0.12705 0.25799 2.08591 -0.41455 -0.25661 2.21689 0.12730 0.11708 0.07049 0.11054 -2.77896 -0.31867
0.12234 0.22434 2.09727 -0.41422 -0.25868 2.21891 0.13598 0.11947 0.07262 0.11297 -2.65791 -0.41037
0.13634 0.12921 2.10233 -0.41416 -0.25896 2.22042 0.10599 0.11950 0.07595 0.11306 -2.42240 -0.37798
0.12649 0.11507 2.12666 -0.41546 -0.25667 2.23431 0.13544 0.11550 0.07773 0.12175 -2.25805 -0.55476
0.10643 -0.01409 1.938 -0.37061 -0.22738 1.99057 0.07750 0.10374 0.07283 0.10310 -2.68769 -0.45588
0.15076 -0.16282 2.04284 -0.38868 -0.24453 2.08593 0.10036 0.11037 0.06979 0.09899 -2.24312 -0.47231
0.16031 -0.18829 2.06402 -0.39051 -0.24239 2.09853 0.09604 0.10770 0.07289 0.10272 -1.87853 -0.39763
0.21381 -0.17145 2.01676 -0.38731 -0.24252 2.0707 0.06741 0.11093 0.08815 0.09856 -2.79188 -0.44884
0.2554 -0.18096 2.02872 -0.38925 -0.24374 2.07653 0.08525 0.11370 0.09684 0.10448 3.11926 -0.44524
0.30181 -0.17172 2.0009 -0.38713 -0.24022 2.06148 0.08612 0.10950 0.08662 0.10023 -2.98840 -0.44287
0.34891 -0.17239 2.00742 -0.39086 -0.24102 2.072 0.08922 0.10755 0.08334 0.10297 -2.51724 -0.39013
0.39372 -0.18137 2.01867 -0.39421 -0.24164 2.08172 0.10058 0.10984 0.09649 0.10411 -2.90010 -0.41937
0.41715 -0.18164 1.94282 -0.38061 -0.23108 1.99963 0.10289 0.10516 0.07891 0.09906 -2.23285 -0.49639
0.50353 -0.19915 1.9712 -0.38668 -0.23181 2.01018 0.10736 0.10906 0.08438 0.10289 -2.68155 -0.45083
0.5238 -0.208 1.96583 -0.37959 -0.21455 1.98968 0.10599 0.09896 0.07946 0.10518 -2.77371 -0.47164
0.5277 -0.21258 1.96504 -0.38041 -0.22468 1.98884 0.10468 0.10611 0.08633 0.11007 -2.81392 -0.41447
0.52535 -0.21305 1.955 -0.37818 -0.22364 1.97368 0.10303 0.10701 0.08535 0.10788 -2.78689 -0.41992
0.51729 -0.21139 1.94773 -0.37548 -0.22308 1.97016 0.10243 0.10777 0.07234 0.10403 -2.65298 -0.42204
0.51396 -0.21084 1.94573 -0.37565 -0.22263 1.97154 0.10409 0.10895 0.08163 0.10373 -2.61495 -0.44337
0.51041 -0.2101 1.94438 -0.37677 -0.22267 1.9735 0.10856 0.10976 0.07281 0.10528 -2.57779 -0.41507
0.50668 -0.21049 1.9418 -0.3769 -0.22077 1.97405 0.10445 0.10725 0.08366 0.10311 -2.52522 -0.45087
0.50232 -0.20946 1.93685 -0.37764 -0.22129 1.97302 0.10776 0.11043 0.07110 0.10456 -2.54939 -0.39709
0.4981 -0.20892 1.93375 -0.37801 -0.21997 1.9731 0.10754 0.10641 0.07817 0.10356 -2.48141 -0.46118
0.48476 -0.21064 1.92251 -0.3764 -0.21985 1.96802 0.10663 0.10342 0.07921 0.10333 -2.48592 -0.44364
0.45592 -0.21447 1.90738 -0.366 -0.22121 1.95947 0.10455 0.10348 0.08581 0.10555 -2.48526 -0.49079
0.4748 -0.2392 2.08422 -0.38686 -0.24079 2.14095 0.11047 0.09924 0.08747 0.11931 -2.36889 -0.56520
0.46287 -0.256 2.17737 -0.38136 -0.24297 2.2313 0.11319 0.09264 0.09646 0.12067 -2.29767 -0.55310
0.40072 -0.24863 2.0901 -0.33423 -0.22351 2.13438 0.10470 0.08660 0.09762 0.11904 -2.91228 -0.45282
0.36402 -0.26957 2.1866 -0.30151 -0.2265 2.21964 0.11299 0.09358 0.07812 0.12647 -2.55508 0.96048
0.27915 -0.25149 2.06553 -0.21807 -0.18442 2.08884 0.09791 0.07870 0.09650 0.10732 3.08320 -0.56926
0.24216 -0.29189 2.36806 -0.17585 -0.25179 2.38973 0.13824 0.14978 0.14509 0.13143 0.78428 -1.13698
0.12673 -0.24234 1.98361 0.06715 -0.16414 1.94329 0.11922 0.05316 0.08627 0.06339 0.67793 -1.71449
0.02989 -0.15226 1.92793 0.05324 -0.0987 1.93063 0.07802 0.07564 0.06304 0.07285 -1.46931 0.04088
0.05416 -0.14241 1.89646 0.02645 -0.06795 1.88078 0.12145 0.07137 0.07664 0.06683 2.96769 0.19050
0.0505 -0.01545 1.92267 0.06204 -0.03172 1.90527 0.09944 0.04317 0.05600 0.08090 0.99736 -2.07863
0.13257 -0.09065 2.14333 -0.10095 -0.10548 2.15828 0.20458 0.13301 0.06035 0.05906 0.94215 1.91267
0.15985 0.08891 2.0295 -0.07743 0.10625 2.04206 0.04273 0.05470 0.06284 0.07536 0.40394 -3.03567
0.18234 0.1177 1.99086 -0.1094 0.19191 2.0191 0.03678 0.08462 0.08579 0.08501 0.15243 -2.96861
0.31133 0.12285 2.10492 -0.20259 0.09282 2.13065 0.08372 0.11499 0.09089 0.08378 0.40635 -2.44964
0.3399 0.08345 2.1041 -0.22672 0.08479 2.12542 0.11286 0.11393 0.08743 0.08511 0.27112 -1.72841
0.36732 0.07762 2.10513 -0.25061 0.12047 2.11621 0.11247 0.08785 0.08368 0.07958 0.21183 -2.79229
0.39189 0.06493 2.0939 -0.27324 0.11114 2.10465 0.11129 0.13145 0.08130 0.08349 0.18760 -3.05491
0.41535 0.05188 2.08982 -0.29549 0.09985 2.09791 0.10686 0.13157 0.08535 0.08524 0.22735 -3.06271
0.43771 0.04104 2.08063 -0.31241 0.03315 2.09376 0.10380 0.10275 0.08462 0.08101 0.16993 2.92555
0.47874 0.01485 2.14118 -0.3406 0.02463 2.15514 0.10768 0.11305 0.08101 0.08243 0.21986 3.13927
0.50203 -0.01563 2.13181 -0.35589 0.0005 2.14552 0.10931 0.12426 0.09575 0.08123 0.11843 2.95656
0.57538 -0.08632 2.22201 -0.39928 -0.07776 2.24897 0.11226 0.11602 0.12140 0.08190 0.08002 2.90558
0.55549 -0.10827 2.06321 -0.38462 -0.08335 2.08693 0.10626 0.11070 0.06917 0.08311 1.14648 2.99950
0.59336 -0.16371 2.12751 -0.40774 -0.11644 2.15339 0.10601 0.11939 0.09992 0.08638 0.31383 2.92731
0.60389 -0.20711 2.09492 -0.40918 -0.14317 2.12404 0.10344 0.12646 0.09276 0.09026 0.17149 3.03078
0.59577 -0.25885 2.00381 -0.39692 -0.17071 2.03323 0.10361 0.12655 0.11479 0.07932 -0.18878 2.91906
0.61717 -0.41003 1.94123 -0.38426 -0.24372 1.94411 0.12846 0.11285 0.08799 0.06973 0.36733 2.85465
0.69003 -0.50203 2.12248 -0.39524 -0.35566 2.18211 0.13710 0.09381 0.07085 0.09949 0.91497 2.77704
0.60214 -0.47169 1.82181 -0.32392 -0.33181 1.87166 0.12529 0.07177 0.07862 0.06661 0.94954 -3.02012
0.65787 -0.58093 1.97521 -0.30108 -0.42613 2.00055 0.12547 0.10241 0.08970 0.06822 1.27910 2.93554
0.66395 -0.61777 1.98487 -0.2699 -0.45958 2.00982 0.13424 0.09968 0.10615 0.06608 1.20785 2.62304
0.64642 -0.64873 1.9278 -0.20668 -0.49871 1.9505 0.11687 0.06867 0.09803 0.05133 1.29534 2.81293
0.64942 -0.67268 1.90884 -0.1762 -0.51945 1.95436 0.14501 0.05003 0.09290 0.07452 0.96183 -2.29409
0.64633 -0.68716 1.84929 -0.1236 -0.61978 1.86768 0.13080 0.12258 0.10518 0.04170 0.56721 -2.57348
0.64531 -0.69677 1.84729 -0.12081 -0.60892 1.87135 0.11912 0.12107 0.10216 0.05001 0.50181 -2.15503
0.64211 -0.701 1.8502 -0.11177 -0.62361 1.86962 0.11742 0.12972 0.10476 0.04887 0.25934 -2.14228
0.65222 -0.70953 1.83227 -0.10403 -0.62925 1.84719 0.11288 0.13479 0.09597 0.08197 0.36078 -1.45745
0.65505 -0.71461 1.83373 -0.08369 -0.56508 1.94313 0.11649 0.11059 0.09962 0.10062 0.40562 -1.94808
0.65772 -0.71465 1.83272 -0.0807 -0.57129 1.93416 0.10102 0.10697 0.11043 0.09334 -2.60748 -1.98823
0.66228 -0.71994 1.83438 -0.08364 -0.57132 1.9333 0.10333 0.10777 0.10711 0.09985 -2.62665 -1.94932
0.66222 -0.72146 1.8336 -0.08476 -0.57364 1.92937 0.10990 0.11090 0.12075 0.09417 -2.74648 -1.93444
0.66559 -0.72285 1.83427 -0.08543 -0.5739 1.92796 0.10764 0.11034 0.10934 0.09620 -2.66214 -1.90705
0.67146 -0.72509 1.83577 -0.08571 -0.58042 1.92299 0.11628 0.10720 0.09238 0.10469 -2.65223 -1.93591
0.67201 -0.72625 1.83802 -0.08625 -0.58482 1.91753 0.11081 0.10341 0.10861 0.10638 -2.70981 -1.96888
0.67194 -0.72489 1.83606 -0.08551 -0.58468 1.91646 0.11873 0.10220 0.07190 0.10702 -2.51049 -1.93358
0.67294 -0.72781 1.83562 -0.08607 -0.58567 1.91632 0.10513 0.10308 0.07280 0.10548 -2.50653 -1.95242
0.67182 -0.72326 1.8351 -0.08412 -0.5865 1.91185 0.10315 0.10431 0.09400 0.10217 -2.50551 -1.91999
0.67328 -0.72604 1.83538 -0.08722 -0.58914 1.90996 0.09690 0.10298 0.07599 0.10240 -2.53415 -1.93788
0.67215 -0.72596 1.83619 -0.08699 -0.58921 1.90856 0.10376 0.10069 0.05807 0.09892 -1.97760 -1.92058
0.67247 -0.72617 1.83549 -0.08465 -0.58929 1.90998 0.10075 0.10073 0.05681 0.09911 -1.61173 -1.91800
0.67286 -0.72587 1.8365 -0.08774 -0.59222 1.9062 0.10474 0.10091 0.10272 0.10214 -2.45585 -1.92341
0.67226 -0.72712 1.83386 -0.08866 -0.59306 1.90415 0.11423 0.09941 0.10758 0.10506 -2.68026 -1.91987
0.67107 -0.72628 1.83282 -0.08949 -0.59454 1.90331 0.11523 0.09804 0.11721 0.09656 -2.69982 -1.93100
0.67068 -0.72559 1.83003 -0.08608 -0.59334 1.90361 0.11839 0.09905 0.11334 0.10080 -2.74890 -1.90979
0.66828 -0.72595 1.83018 -0.08623 -0.59356 1.90243 0.11887 0.09851 0.10935 0.10087 -2.72245 -1.92061
0.66612 -0.72527 1.82954 -0.08605 -0.5937 1.90131 0.11857 0.09731 0.08292 0.10089 -2.65117 -1.91638
0.66611 -0.7252 1.8298 -0.08901 -0.59465 1.89831 0.11628 0.09585 0.09804 0.09550 -2.82752 -1.91466
0.66477 -0.72488 1.82928 -0.08837 -0.59647 1.89773 0.11591 0.09999 0.09196 0.09731 -2.78020 -1.94176
0.66111 -0.72903 1.82798 -0.08646 -0.59359 1.90155 0.11580 0.09868 0.11540 0.10246 -2.84848 -1.94161
0.65746 -0.72839 1.83118 -0.08896 -0.59426 1.9005 0.11803 0.09772 0.12019 0.10226 -2.69712 -1.94105
0.65467 -0.72957 1.82988 -0.08959 -0.59601 1.89684 0.11718 0.09891 0.10535 0.09670 -2.72086 -1.94208
0.65111 -0.72733 1.82973 -0.08917 -0.5962 1.89648 0.11763 0.09857 0.10605 0.09645 -2.70492 -1.93228
0.65103 -0.72658 1.82873 -0.08959 -0.59709 1.8965 0.11961 0.10027 0.11348 0.09715 -2.82495 -1.93093
0.6524 -0.72439 1.82596 -0.08956 -0.59676 1.8961 0.11854 0.09876 0.11807 0.09472 -2.77948 -1.91469
0.6492 -0.72723 1.82627 -0.08992 -0.59701 1.89626 0.11723 0.09810 0.10182 0.09457 -2.78554 -1.93141
0.64989 -0.72462 1.82288 -0.08994 -0.59682 1.89525 0.11709 0.09787 0.10340 0.09927 -2.66368 -1.91426
0.64655 -0.7283 1.82357 -0.08916 -0.59648 1.89498 0.11545 0.09933 0.10196 0.09828 -2.83363 -1.92492
0.6471 -0.72463 1.82223 -0.08956 -0.59726 1.8952 0.11512 0.09750 0.10393 0.09483 -2.81914 -1.92495
0.64407 -0.72479 1.82135 -0.08896 -0.59651 1.89548 0.12034 0.09840 0.12519 0.09585 -2.79975 -1.91312
0.64209 -0.72433 1.82155 -0.08926 -0.59704 1.89375 0.12150 0.09724 0.12226 0.09578 -2.79946 -1.91900
0.64275 -0.72751 1.82104 -0.08926 -0.59708 1.89476 0.12056 0.09921 0.12097 0.09580 -2.79292 -1.92265
0.64552 -0.72699 1.8189 -0.08935 -0.59737 1.89416 0.11856 0.09816 0.12590 0.09485 -2.75257 -1.91412
]
