classifier_Monkey_weaves_and_bumps_into_fence_1962 [ 0.57021 -0.62369 1.90933 -0.37408 -0.20013 1.61421 0.13711 0.06816 0.09818 0.09935 -2.56776 0.16623
0.54722 -0.53014 1.73096 -0.33983 -0.18014 1.53968 0.05805 0.05868 0.07525 0.08149 -2.12230 0.07189
0.54836 -0.48742 1.71637 -0.33612 -0.17729 1.60125 0.14149 0.06217 0.12182 0.06253 -2.13846 -1.12173
0.51898 -0.41735 1.66886 -0.33301 -0.15883 1.6794 0.10927 0.07497 0.06580 0.08777 -2.66818 0.33371
0.31706 -0.24503 1.48737 -0.24677 -0.09245 1.5453 0.09051 0.08197 0.04825 0.07690 -1.21739 1.02538
0.28878 -0.18042 1.48305 -0.22969 -0.06927 1.50489 0.10198 0.09461 0.08574 0.07680 0.27793 0.52712
0.13644 -0.06035 1.59963 -0.18495 -0.03057 1.60901 0.09716 0.10249 0.10981 0.07721 -2.92702 3.13665
0.09019 -0.03443 1.50336 -0.16851 -0.01864 1.5107 0.11214 0.09559 0.10925 0.09209 2.63180 -0.74603
0.12671 -0.03298 1.5546 -0.17517 -0.017 1.56718 0.11643 0.08604 0.09926 0.08291 1.64260 0.29460
0.10827 -0.01033 1.45612 -0.10405 0.03141 1.47232 0.07555 0.11050 0.08603 0.03822 1.04819 -1.59990
0.06056 0.01257 1.42011 -0.09606 0.0058 1.42839 0.09590 0.12561 0.09798 0.09873 2.05957 -0.02732
0.06345 0.00373 1.40688 -0.09719 0.01037 1.42453 0.07240 0.12237 0.10050 0.10338 2.38967 -0.12403
0.15126 -0.02061 1.40938 -0.16555 0.00928 1.4349 0.10202 0.08290 0.06508 0.09073 0.12745 0.15116
0.18088 -0.01856 1.38384 -0.22161 0.00595 1.41524 0.10263 0.10242 0.09213 0.07523 -0.08910 0.25475
0.21765 -0.03067 1.35509 -0.26186 -0.00318 1.3838 0.09891 0.08464 0.09515 0.07721 -0.37333 0.16012
0.26334 -0.04957 1.38103 -0.30676 -0.00812 1.40855 0.09875 0.08694 0.09457 0.07716 -0.05998 0.20370
0.31232 -0.07062 1.41183 -0.36148 -0.02548 1.43494 0.10500 0.08177 0.09401 0.07518 -0.09476 0.08971
0.33804 -0.08396 1.40784 -0.40278 -0.04326 1.47071 0.09813 0.11963 0.09840 0.06673 -0.13501 0.03880
0.35474 -0.10199 1.41088 -0.43114 -0.05331 1.51082 0.10051 0.14090 0.09047 0.06404 -0.03707 0.18392
0.35905 -0.10966 1.41587 -0.44665 -0.05015 1.48943 0.08967 0.14544 0.08962 0.06595 -0.10147 0.17287
0.38163 -0.13424 1.54423 -0.49145 -0.05335 1.59752 0.08173 0.14597 0.10594 0.07350 -0.12230 0.02801
0.38097 -0.16631 1.62124 -0.50574 -0.05229 1.64995 0.07694 0.13893 0.09770 0.07490 -0.03864 0.07027
0.34784 -0.19337 1.59548 -0.47945 -0.04945 1.58805 0.06202 0.12953 0.09209 0.07528 -0.04045 -0.04986
0.32784 -0.22684 1.61967 -0.46796 -0.04628 1.58 0.05871 0.12984 0.07430 0.08375 0.06868 -0.04945
0.33072 -0.27561 1.73429 -0.48036 -0.0469 1.65251 0.06459 0.13323 0.07984 0.07491 1.64487 -0.06027
0.31895 -0.31874 1.79883 -0.47962 -0.04954 1.68048 0.06724 0.13792 0.07949 0.07289 0.46354 -0.06668
0.29839 -0.35706 1.83172 -0.47355 -0.04787 1.67569 0.06668 0.14048 0.10444 0.07215 1.54246 -0.16908
0.26985 -0.39351 1.8678 -0.46579 -0.0479 1.66734 0.07070 0.14082 0.12203 0.07037 1.66036 -0.12799
0.24382 -0.43649 1.87878 -0.45752 -0.04663 1.64864 0.07060 0.13889 0.08595 0.07978 2.02135 -0.12800
0.21031 -0.45279 1.89316 -0.4534 -0.04619 1.64795 0.06354 0.14048 0.07607 0.07095 -1.72698 -0.13358
0.19351 -0.46579 1.87322 -0.4446 -0.04458 1.62534 0.10311 0.13774 0.09890 0.07007 -1.57332 -0.12927
0.18885 -0.46497 1.8678 -0.43945 -0.04558 1.61717 0.09281 0.13729 0.10124 0.06588 -1.65726 -0.16958
0.19057 -0.45923 1.87332 -0.43754 -0.04396 1.61943 0.07823 0.13818 0.09174 0.08101 -1.80244 -0.09526
0.19175 -0.45605 1.87338 -0.43435 -0.04637 1.61894 0.08633 0.13963 0.09237 0.06504 -1.90365 -0.13648
0.19202 -0.4572 1.87291 -0.43172 -0.0473 1.61775 0.08540 0.13816 0.09214 0.07175 -1.85321 -0.11887
0.19072 -0.45956 1.87251 -0.43073 -0.04903 1.61618 0.07752 0.13792 0.09257 0.06518 -1.81137 -0.13911
0.19191 -0.45949 1.87186 -0.42983 -0.05535 1.61437 0.07752 0.13943 0.09213 0.07003 -1.83767 -0.11956
0.19198 -0.45903 1.87325 -0.43034 -0.05646 1.61573 0.07865 0.13633 0.09273 0.07098 -1.84942 -0.13176
0.19203 -0.45906 1.87263 -0.43117 -0.0576 1.61568 0.07840 0.13855 0.09292 0.06855 -1.88568 -0.07463
0.20426 -0.45635 1.87335 -0.43496 -0.05843 1.62294 0.06611 0.14049 0.08874 0.07028 -1.87976 -0.09817
0.19516 -0.4392 1.85376 -0.43186 -0.05692 1.6083 0.08329 0.13714 0.09663 0.06987 -1.80739 -0.07483
0.20879 -0.44473 1.85363 -0.43415 -0.05443 1.61927 0.05860 0.13844 0.10105 0.06665 -1.87177 -0.08544
0.20659 -0.43572 1.82635 -0.42762 -0.05472 1.60485 0.06069 0.14158 0.11844 0.06963 -1.77922 -0.06678
0.23896 -0.45332 1.83019 -0.43397 -0.05476 1.63144 0.07715 0.14256 0.10229 0.06761 -1.43947 -0.09344
0.24701 -0.44054 1.77664 -0.42295 -0.05515 1.60523 0.10358 0.14396 0.10607 0.06772 -1.15785 -0.11842
0.3382 -0.38571 1.76733 -0.433 -0.05973 1.64635 0.08980 0.14873 0.06896 0.06537 -1.07848 -0.09139
0.33072 -0.35258 1.67246 -0.41299 -0.05769 1.56997 0.08950 0.14530 0.12229 0.06526 2.11894 -0.08663
0.33412 -0.34182 1.65201 -0.4123 -0.05833 1.55162 0.09818 0.14314 0.06703 0.06665 2.65978 -0.10302
0.42759 -0.33185 1.75521 -0.44 -0.06347 1.63311 0.11362 0.15316 0.06318 0.06927 2.81033 -0.08099
0.36487 -0.35265 1.6724 -0.42059 -0.06061 1.5488 0.10271 0.14194 0.05217 0.06438 2.24924 -0.06257
0.41287 -0.335 1.7386 -0.43541 -0.06262 1.60003 0.11393 0.14607 0.12059 0.06970 2.22569 -0.09138
0.44196 -0.32044 1.76495 -0.43924 -0.06186 1.60329 0.12484 0.14187 0.07054 0.06993 2.71527 -0.05446
0.45147 -0.31993 1.80452 -0.44571 -0.06103 1.62619 0.11995 0.14732 0.08651 0.07032 2.23660 -0.07941
0.44803 -0.31914 1.82867 -0.44657 -0.06109 1.62987 0.11386 0.14804 0.10129 0.06991 1.79606 -0.07880
0.43787 -0.31749 1.83984 -0.44643 -0.0591 1.63201 0.10553 0.14965 0.08400 0.07109 1.67771 -0.08829
0.43197 -0.31621 1.84735 -0.44597 -0.05629 1.63391 0.10630 0.14656 0.07938 0.06854 1.69779 -0.10034
0.40177 -0.29078 1.73646 -0.41393 -0.0488 1.53037 0.10562 0.14101 0.10889 0.05928 1.70274 -0.15117
0.40474 -0.28535 1.74165 -0.41326 -0.04664 1.53122 0.11204 0.14036 0.05578 0.05793 2.53094 -0.14698
0.40249 -0.28719 1.74115 -0.41228 -0.04523 1.52876 0.10688 0.13920 0.05765 0.05730 2.69840 -0.15184
0.40609 -0.28497 1.74167 -0.41311 -0.04438 1.52927 0.11064 0.13995 0.12779 0.05536 2.08116 -0.18206
0.39761 -0.28154 1.74264 -0.4122 -0.0418 1.52718 0.10367 0.13825 0.10680 0.05959 1.86634 -0.16838
0.38417 -0.27869 1.73997 -0.41214 -0.04165 1.52977 0.10267 0.14054 0.08820 0.05727 1.66886 -0.13095
0.39044 -0.28366 1.81439 -0.43175 -0.04235 1.60696 0.10516 0.14687 0.08472 0.05866 1.47079 -0.17267
0.35731 -0.25901 1.69738 -0.40761 -0.04046 1.51856 0.09624 0.13724 0.09015 0.06413 1.42159 -0.18564
0.3615 -0.25801 1.75894 -0.42697 -0.0423 1.58838 0.09703 0.14323 0.10310 0.05888 0.73960 -0.17308
0.35004 -0.23517 1.70919 -0.42137 -0.04048 1.56928 0.09328 0.14013 0.07653 0.06205 1.84792 -0.18669
0.33788 -0.20585 1.66957 -0.4188 -0.03941 1.55994 0.09709 0.14196 0.07881 0.05840 1.61518 -0.16813
0.34971 -0.17753 1.73137 -0.43865 -0.04179 1.63779 0.09800 0.14975 0.09518 0.08275 1.63929 -0.10430
0.32586 -0.1303 1.6409 -0.41767 -0.04033 1.5675 0.09553 0.14241 0.06532 0.06787 1.90994 -0.09600
0.32608 -0.08725 1.64013 -0.41988 -0.04076 1.57886 0.09577 0.14740 0.05981 0.06262 1.47282 -0.20076
0.31788 -0.04267 1.62731 -0.41867 -0.03883 1.57895 0.08818 0.14209 0.05745 0.06468 0.80726 -0.17780
0.32016 -0.00731 1.63483 -0.42089 -0.0376 1.5886 0.08813 0.14168 0.06084 0.06428 0.72634 -0.18237
0.32249 0.01476 1.64407 -0.42151 -0.03661 1.59791 0.09556 0.14432 0.07112 0.06479 0.63800 -0.18938
0.32025 0.03084 1.64394 -0.42049 -0.03381 1.60122 0.09686 0.14502 0.05346 0.06704 2.27964 -0.20494
0.31596 0.03635 1.63449 -0.41784 -0.03067 1.59367 0.09783 0.14640 0.06840 0.06322 -2.89804 -0.18539
0.31275 0.03423 1.62387 -0.4156 -0.02901 1.59297 0.09940 0.14431 0.06277 0.06821 -2.13651 -0.19513
0.30613 0.02279 1.6023 -0.41341 -0.0272 1.59078 0.09713 0.14491 0.05168 0.06065 -1.55754 -0.18057
0.30065 0.0169 1.58865 -0.41021 -0.02576 1.58332 0.09309 0.14369 0.06798 0.05878 -2.44012 -0.20378
0.29636 0.01296 1.58653 -0.41039 -0.02775 1.58624 0.08894 0.14395 0.06731 0.06260 -1.27060 -0.20222
0.29589 0.00648 1.58735 -0.41154 -0.0268 1.58431 0.09255 0.14059 0.05658 0.06457 -1.19501 -0.15253
0.29331 0.00606 1.58823 -0.41329 -0.02834 1.58535 0.09075 0.14406 0.06992 0.06125 -2.48851 -0.17866
0.29423 0.0059 1.59047 -0.41451 -0.02785 1.58909 0.09053 0.14682 0.05991 0.06667 -1.33856 -0.18097
0.29347 0.00641 1.59272 -0.41506 -0.03097 1.59004 0.08977 0.14597 0.05390 0.06374 -1.39676 -0.17620
0.29375 0.00705 1.59184 -0.41421 -0.03041 1.59034 0.09116 0.14388 0.06240 0.06423 -1.96945 -0.16231
0.29256 0.00563 1.59068 -0.41355 -0.03369 1.58931 0.09033 0.14240 0.06698 0.06600 -1.06287 -0.15665
0.28873 0.00429 1.58974 -0.41288 -0.03523 1.59177 0.08813 0.14427 0.07103 0.06750 -1.13366 -0.11782
0.28325 0.00396 1.58768 -0.41181 -0.03616 1.59259 0.08544 0.14537 0.06701 0.06981 -2.40197 -0.17280
0.27831 0.00418 1.58123 -0.41053 -0.03564 1.58618 0.08563 0.14212 0.05978 0.06868 -1.46933 -0.15471
0.25337 0.02176 1.57486 -0.40467 -0.03628 1.57978 0.09258 0.14287 0.06749 0.06929 -1.72678 -0.16949
0.23685 0.03228 1.55699 -0.40303 -0.03475 1.5916 0.09504 0.14508 0.05578 0.06771 -1.80894 -0.18754
0.22329 0.02999 1.49388 -0.39252 -0.03293 1.56068 0.08986 0.14388 0.06520 0.06391 -1.69173 -0.18430
0.21904 0.01945 1.45791 -0.39079 -0.03272 1.56542 0.08887 0.14290 0.05223 0.06595 -1.45771 -0.20375
0.2131 0.00558 1.41447 -0.38768 -0.03302 1.56772 0.08441 0.14332 0.06402 0.06391 -2.19372 -0.20627
0.20799 -0.01324 1.37755 -0.3851 -0.03355 1.56255 0.08768 0.14368 0.06364 0.06708 -1.27178 -0.18380
0.20664 -0.02249 1.42756 -0.39801 -0.03398 1.634 0.09238 0.15213 0.08614 0.06609 -0.81466 -0.21617
0.19174 -0.02271 1.44579 -0.39726 -0.03258 1.62917 0.10171 0.14575 0.06507 0.06390 2.04884 -0.21099
0.16126 -0.00289 1.47881 -0.39366 -0.03092 1.62221 0.09714 0.14520 0.06119 0.07642 1.76224 -0.15569
0.13573 0.01593 1.5384 -0.39615 -0.03127 1.62412 0.09895 0.14863 0.07416 0.06729 1.43627 -0.13791
0.12301 0.02903 1.60253 -0.4002 -0.03167 1.6335 0.10643 0.15004 0.06844 0.06723 1.38579 -0.16567
0.11937 0.03936 1.65589 -0.40383 -0.03035 1.64098 0.11766 0.14326 0.07490 0.06485 1.13368 -0.16819
0.11764 0.04716 1.68612 -0.40615 -0.03077 1.6467 0.11832 0.14693 0.09097 0.06764 0.97670 -0.15696
0.11554 0.05399 1.69049 -0.4063 -0.02885 1.64889 0.11702 0.14942 0.10071 0.06577 0.94306 -0.16006
0.11687 0.0566 1.67965 -0.40815 -0.02831 1.66094 0.11962 0.14973 0.08202 0.06521 1.14120 -0.13618
0.11548 0.05749 1.64684 -0.40828 -0.0277 1.66223 0.12188 0.14733 0.06873 0.06416 1.45692 -0.14959
0.10859 0.05366 1.59664 -0.40552 -0.02628 1.66039 0.11534 0.15073 0.07241 0.06230 1.52318 -0.16693
0.10321 0.04718 1.54076 -0.40252 -0.02655 1.64998 0.11076 0.14798 0.07405 0.06184 1.51796 -0.15924
0.09247 0.04052 1.47286 -0.39875 -0.02825 1.63463 0.10090 0.14924 0.06948 0.06482 1.74882 -0.17127
0.08651 0.02813 1.43055 -0.39755 -0.0287 1.62376 0.09989 0.14673 0.06889 0.06774 1.82271 -0.08929
0.07333 0.0214 1.41475 -0.39773 -0.03116 1.6184 0.10044 0.14198 0.06326 0.06647 1.89128 -0.12832
0.05147 0.0206 1.43254 -0.40077 -0.0334 1.62076 0.10306 0.14417 0.07311 0.06916 1.53413 -0.11197
0.02368 0.0188 1.46438 -0.40142 -0.03472 1.62109 0.11144 0.14205 0.06824 0.07110 1.42288 -0.14411
-0.026 0.01969 1.51468 -0.40381 -0.03675 1.63593 0.11292 0.14228 0.07933 0.07386 1.31699 -0.11960
-0.08259 0.01615 1.55639 -0.3997 -0.03552 1.64044 0.10766 0.14504 0.08124 0.07060 1.30940 -0.13079
-0.12581 0.00152 1.59309 -0.39036 -0.0362 1.64306 0.11447 0.14936 0.07932 0.06788 1.26496 -0.16882
-0.17086 -0.01887 1.65179 -0.38036 -0.02007 1.66702 0.11532 0.14336 0.08386 0.09975 1.31418 -0.52990
-0.24347 -0.02878 1.62568 -0.34315 -0.00249 1.60098 0.12477 0.12943 0.07119 0.07638 1.51164 -0.26674
-0.29199 -0.01748 1.59865 -0.34928 -0.01385 1.56841 0.11195 0.13606 0.02553 0.04031 1.30223 -0.14314
-0.26554 -0.01213 1.5933 -0.36682 -0.00389 1.5612 0.12027 0.12176 0.05151 0.03894 1.27667 -0.02341
-0.19302 0.02092 1.65131 -0.39924 -0.01963 1.67089 0.08159 0.14773 0.05828 0.05981 1.91721 -0.02806
-0.12412 0.01652 1.69289 -0.42245 -0.01525 1.73101 0.10372 0.14960 0.07594 0.06391 1.08721 0.05109
-0.06057 0.0172 1.63262 -0.41732 -0.01351 1.68359 0.10680 0.14568 0.08089 0.06340 0.57634 0.02982
0.00357 0.01329 1.67826 -0.43825 -0.01225 1.73964 0.11879 0.15235 0.08923 0.06902 1.15418 0.06912
0.04847 0.0125 1.61534 -0.42743 -0.01381 1.6807 0.11037 0.14555 0.07083 0.06258 1.02252 -0.00996
0.08999 0.00965 1.60875 -0.42983 -0.01273 1.67854 0.10786 0.14972 0.07078 0.06321 1.03695 -0.01390
0.1168 0.00789 1.59926 -0.42844 -0.0131 1.67262 0.10174 0.14886 0.07770 0.06677 1.08515 0.01338
0.1561 0.00391 1.59728 -0.42648 -0.01662 1.67136 0.09708 0.14577 0.06773 0.06949 1.05765 0.01161
0.16583 0.00208 1.60809 -0.42344 -0.01718 1.67945 0.09470 0.14805 0.06497 0.06557 1.20047 -0.06168
0.16784 0.00095 1.60752 -0.41876 -0.0168 1.67438 0.09810 0.14663 0.06755 0.06437 1.15377 -0.08610
0.16538 0.00162 1.59963 -0.41325 -0.01668 1.66663 0.09584 0.14957 0.05715 0.06494 0.85191 -0.06505
0.16782 -0.00012 1.5958 -0.40975 -0.01586 1.66121 0.09674 0.15185 0.06207 0.06245 1.25133 -0.12035
0.17024 -0.00081 1.60162 -0.40988 -0.01339 1.66247 0.09726 0.14817 0.06463 0.05936 0.81160 -0.07612
0.17431 -0.00348 1.60042 -0.40822 -0.01132 1.66392 0.09513 0.14831 0.06009 0.06087 1.33292 -0.11252
0.18104 -0.00844 1.6016 -0.40777 -0.01176 1.66324 0.09475 0.14397 0.06573 0.06242 0.98771 -0.14678
0.19203 -0.01596 1.61059 -0.41013 -0.00962 1.66861 0.09521 0.14727 0.06248 0.06196 1.26597 -0.13001
0.20441 -0.02687 1.61365 -0.411 -0.00891 1.66318 0.09072 0.14670 0.06127 0.06207 1.25567 -0.06986
0.22521 -0.04634 1.6333 -0.41514 -0.01098 1.67962 0.08765 0.14913 0.07269 0.06405 0.75885 -0.08071
0.23708 -0.06802 1.55405 -0.39369 -0.01375 1.59373 0.08115 0.14203 0.07437 0.06379 1.11153 -0.08257
0.28171 -0.1072 1.63205 -0.41368 -0.01829 1.66708 0.07865 0.14748 0.07158 0.06531 0.96408 -0.10199
0.31601 -0.14272 1.63595 -0.41491 -0.0227 1.66814 0.06916 0.14640 0.06811 0.07044 0.88825 -0.06562
0.35402 -0.18971 1.59743 -0.40668 -0.02584 1.63354 0.06389 0.14149 0.05671 0.07436 0.80567 -0.06919
0.38528 -0.23067 1.54006 -0.39494 -0.02913 1.57644 0.05152 0.14235 0.05523 0.06629 0.79465 -0.09691
0.44148 -0.28638 1.57683 -0.40735 -0.03335 1.61965 0.06397 0.14230 0.04653 0.06581 1.24091 -0.05087
0.49195 -0.33842 1.59458 -0.40949 -0.03662 1.61847 0.07533 0.14246 0.04296 0.06399 1.13962 -0.06064
0.54214 -0.39499 1.62189 -0.41189 -0.03775 1.61608 0.08722 0.14119 0.05836 0.06712 1.34711 -0.07987
0.57272 -0.44634 1.71554 -0.41462 -0.04216 1.62186 0.13649 0.14219 0.08280 0.06214 1.55710 -0.06325
0.58127 -0.49417 1.7773 -0.41665 -0.04567 1.62478 0.14009 0.14508 0.11688 0.06176 1.87984 -0.02603
0.60329 -0.53206 1.78982 -0.41601 -0.04863 1.62363 0.14591 0.14662 0.08052 0.07064 0.75994 -0.08572
0.61069 -0.57037 1.7566 -0.40256 -0.05015 1.56798 0.13977 0.13892 0.08030 0.06911 1.76416 -0.06162
0.61931 -0.62139 1.88891 -0.41695 -0.0564 1.62657 0.12627 0.14260 0.10254 0.06714 0.54803 -0.01727
0.61237 -0.65632 1.8985 -0.4135 -0.06114 1.62171 0.13891 0.14327 0.11706 0.06467 -2.45956 -0.10742
0.61095 -0.65773 1.90252 -0.41015 -0.0673 1.62529 0.13819 0.14566 0.10942 0.06641 -2.43382 -0.09829
0.61028 -0.66748 1.89664 -0.39985 -0.08875 1.62381 0.14373 0.14354 0.09331 0.07602 -2.33182 -0.09382
0.60691 -0.66873 1.89495 -0.38672 -0.12634 1.62895 0.13965 0.15422 0.09494 0.06854 -2.38461 -0.11785
0.60407 -0.6714 1.89622 -0.37291 -0.15828 1.63406 0.14361 0.15405 0.09736 0.08287 -2.28564 -0.06424
0.60281 -0.67136 1.89424 -0.36296 -0.17684 1.63644 0.14925 0.14974 0.10719 0.08107 -2.34486 -0.05790
0.60168 -0.67155 1.88819 -0.34263 -0.21679 1.64624 0.14289 0.15321 0.10031 0.09248 -2.30658 -0.03735
0.62056 -0.69282 1.9474 -0.34123 -0.2478 1.70398 0.13468 0.16419 0.10147 0.07842 -2.28108 -0.06059
0.57666 -0.64415 1.81043 -0.30545 -0.2509 1.58934 0.12843 0.15050 0.09170 0.09744 -2.19788 0.02325
0.60705 -0.67832 1.91047 -0.30856 -0.29182 1.68079 0.14392 0.16374 0.10326 0.07056 -2.29713 -0.08174
0.57596 -0.64317 1.8104 -0.27865 -0.284 1.60907 0.13345 0.15317 0.10975 0.09712 -2.25202 -0.03958
0.60677 -0.6778 1.90875 -0.27525 -0.31554 1.67916 0.14159 0.14374 0.10484 0.08871 -2.22578 0.04270
0.60386 -0.67489 1.89356 -0.25027 -0.36044 1.65323 0.13230 0.11190 0.10221 0.07136 -2.22469 0.01573
0.59495 -0.66416 1.86711 -0.22858 -0.43212 1.63738 0.13765 0.12323 0.10082 0.11855 -2.21891 -0.03692
0.5967 -0.6665 1.87378 -0.19102 -0.45411 1.66185 0.13176 0.11986 0.10177 0.12038 -2.30563 -0.39973
0.60197 -0.67334 1.88982 -0.18073 -0.46349 1.6853 0.13565 0.12200 0.10290 0.11048 -2.29764 -0.67727
0.58852 -0.65102 1.77014 -0.16009 -0.44818 1.61834 0.13605 0.12017 0.07793 0.10587 -2.10846 -0.69126
0.60834 -0.68033 1.9019 -0.15456 -0.47706 1.71619 0.15515 0.12579 0.09985 0.11126 -2.18766 2.27814
]
