classifier_Car_weaves_and_bumps_into_man_22406 [ 0.62617 -0.69718 1.84243 -0.43795 -0.63927 1.97127 0.12590 0.10981 0.08054 0.06504 -1.99106 -0.39798
0.61859 -0.68723 1.81376 -0.43812 -0.65225 1.93475 0.12580 0.08484 0.06571 0.05683 -1.76439 -0.42898
0.61865 -0.68958 1.82408 -0.44001 -0.65465 1.945 0.12596 0.12286 0.07971 0.05875 -1.94093 -0.37162
0.62016 -0.6907 1.82754 -0.44236 -0.66136 1.94535 0.12417 0.13870 0.06933 0.06116 -1.78015 -0.39259
0.62159 -0.69154 1.8323 -0.44329 -0.66322 1.93224 0.12936 0.12095 0.11027 0.10526 -2.12757 -0.44515
0.59737 -0.66424 1.77395 -0.45225 -0.71384 1.79013 0.12414 0.10946 0.09071 0.08891 -2.24127 -0.57397
0.61818 -0.68513 1.84211 -0.43986 -0.62881 1.89617 0.12446 0.12525 0.11023 0.07058 -2.32281 -0.75080
0.61488 -0.68046 1.84059 -0.43861 -0.60082 1.86205 0.12341 0.07030 0.12008 0.07759 -2.43471 -0.94892
0.61072 -0.6796 1.83494 -0.43917 -0.55475 1.83217 0.12366 0.15443 0.13577 0.08045 -2.45567 -1.01168
0.58381 -0.65919 1.76921 -0.44386 -0.48617 1.54858 0.12236 0.10575 0.13418 0.13413 -2.44970 -2.68260
0.5703 -0.64465 1.73454 -0.40842 -0.36629 1.46347 0.12001 0.10748 0.13716 0.07038 -2.50589 2.55424
0.55676 -0.6375 1.76825 -0.37265 -0.24859 1.47082 0.14343 0.13775 0.16167 0.08955 -2.54179 2.66008
0.50243 -0.57928 1.66104 -0.30749 -0.11859 1.39609 0.16291 0.11043 0.08834 0.08965 -2.89725 2.64335
0.51541 -0.60326 1.73646 -0.27882 -0.00858 1.47392 0.17221 0.09626 0.09585 0.09869 -3.07177 2.49452
0.47748 -0.54225 1.66576 -0.23524 0.08939 1.469 0.12147 0.09092 0.06983 0.10945 -2.41515 -0.73029
0.49436 -0.58389 1.79681 -0.21755 0.1853 1.60531 0.12805 0.09727 0.07533 0.10826 -1.73545 -0.75922
0.46641 -0.55447 1.72085 -0.17784 0.25743 1.56601 0.12087 0.09477 0.06620 0.10477 -2.60404 -0.73414
0.46394 -0.55022 1.72854 -0.16228 0.31047 1.60186 0.13169 0.10121 0.07908 0.10382 -1.68310 -0.60517
0.47756 -0.56989 1.77549 -0.13799 0.37499 1.69387 0.13233 0.11253 0.09727 0.09850 -1.67452 -0.59591
0.49037 -0.58892 1.81302 -0.1294 0.36092 1.7364 0.12890 0.10959 0.07425 0.10098 -2.30844 -0.71883
0.49148 -0.59605 1.80513 -0.11893 0.31743 1.7332 0.13062 0.11315 0.06618 0.09775 -2.20979 -0.79779
0.48567 -0.6084 1.77821 -0.07618 0.11527 1.71807 0.12352 0.06695 0.13781 0.08301 2.68374 -0.85408
0.48437 -0.61926 1.81263 -0.08235 0.03438 1.73234 0.08594 0.07796 0.05933 0.11353 -2.26757 -0.89110
0.49083 -0.61121 1.76192 -0.0753 -0.01219 1.70422 0.12347 0.06175 0.09100 0.09708 -0.67958 -0.85572
0.49229 -0.61189 1.75687 -0.07739 -0.06842 1.70741 0.12033 0.06554 0.13361 0.09404 2.34426 -1.18253
0.50181 -0.62167 1.78413 -0.08162 -0.11352 1.73209 0.12157 0.06663 0.13716 0.09937 2.31572 -0.98232
0.49622 -0.61881 1.78652 -0.10444 -0.14408 1.69259 0.12692 0.06069 0.12998 0.09056 2.28492 -1.14765
0.49299 -0.61961 1.77794 -0.11963 -0.13724 1.67535 0.12441 0.05789 0.13075 0.12011 2.25037 -1.08657
0.48812 -0.61401 1.75941 -0.14403 -0.1156 1.64123 0.12116 0.06002 0.12491 0.09236 2.26027 -0.23884
0.48491 -0.61603 1.71844 -0.16763 -0.0876 1.59341 0.13964 0.06539 0.15339 0.05781 -2.66045 -0.68636
0.47559 -0.60806 1.6961 -0.19616 -0.06142 1.55822 0.14162 0.06915 0.14586 0.06276 -2.65850 -0.16713
0.50381 -0.63289 1.7467 -0.23559 -0.02833 1.6052 0.14521 0.06984 0.15260 0.09348 -2.73559 -0.41033
0.48074 -0.60277 1.68301 -0.30939 0.03694 1.51151 0.15904 0.07053 0.17523 0.10253 -2.76714 -0.33481
0.47993 -0.5981 1.67307 -0.33223 0.04078 1.48611 0.16436 0.07264 0.13914 0.06523 -2.64714 -0.63135
0.48115 -0.60096 1.67855 -0.35613 0.0354 1.46193 0.16167 0.07478 0.17174 0.05468 -2.81188 -0.58684
0.47408 -0.60524 1.6769 -0.39615 -0.00126 1.39636 0.15981 0.06828 0.16480 0.10268 -2.75707 -0.24724
0.47088 -0.62333 1.69935 -0.40826 -0.02029 1.3725 0.13577 0.06704 0.03361 0.09651 -3.06600 -0.14453
0.4332 -0.59495 1.72595 -0.4097 -0.03254 1.35646 0.15705 0.06417 0.11471 0.12096 -2.73887 -0.18310
0.41697 -0.56881 1.90195 -0.42885 -0.04237 1.42152 0.14428 0.06778 0.04714 0.09488 3.01536 -0.18202
0.41609 -0.57725 1.69849 -0.41414 -0.04046 1.38478 0.13535 0.06452 0.05723 0.10035 -2.06210 -0.19766
0.43017 -0.59262 1.75109 -0.42343 -0.04407 1.42765 0.13928 0.06789 0.07679 0.09896 -1.79591 -0.19810
0.42879 -0.5926 1.75279 -0.42248 -0.04483 1.43164 0.13994 0.06583 0.06433 0.09652 -2.26486 -0.20320
0.42996 -0.59297 1.74498 -0.42335 -0.04485 1.43279 0.13607 0.06753 0.07712 0.10296 -2.10674 -0.19666
0.42719 -0.59137 1.74335 -0.42419 -0.0448 1.43462 0.13718 0.06729 0.06651 0.10521 -2.32939 -0.19659
0.42713 -0.58879 1.734 -0.42442 -0.04406 1.43548 0.13328 0.06786 0.05712 0.10554 -1.84341 -0.16895
0.42463 -0.58757 1.72992 -0.42577 -0.04374 1.43502 0.13332 0.06614 0.06267 0.10902 -2.23421 -0.16415
0.42348 -0.58605 1.72504 -0.42664 -0.04619 1.43802 0.12821 0.06722 0.06608 0.10148 -2.25656 -0.16845
0.42311 -0.58563 1.72253 -0.42755 -0.04679 1.44141 0.12686 0.06818 0.05399 0.10983 -2.71789 -0.16607
0.42015 -0.58353 1.72331 -0.42798 -0.0466 1.44336 0.13159 0.06758 0.03600 0.11549 -2.43069 -0.16543
0.412 -0.57309 1.67161 -0.42782 -0.04683 1.44469 0.10744 0.06588 0.14469 0.11124 3.04250 -0.16979
0.40108 -0.52705 1.62377 -0.42665 -0.04576 1.44411 0.09230 0.06610 0.07438 0.11416 -2.38719 -0.15253
0.39325 -0.49236 1.59733 -0.42626 -0.04554 1.4448 0.07414 0.06446 0.07636 0.10840 -2.37647 -0.16901
0.37773 -0.4394 1.54526 -0.41807 -0.04531 1.4175 0.05732 0.06517 0.05170 0.10791 -1.54561 -0.18138
0.3648 -0.379 1.47521 -0.40293 -0.04232 1.3688 0.04514 0.06479 0.06265 0.10158 -0.26813 -0.15617
0.37541 -0.3311 1.49451 -0.41109 -0.04373 1.4079 0.04063 0.06505 0.06540 0.10015 0.76375 -0.17281
0.37603 -0.2709 1.49205 -0.41562 -0.04271 1.4296 0.04204 0.06616 0.07162 0.09713 0.99972 -0.28817
0.36844 -0.19943 1.46717 -0.41243 -0.04238 1.4318 0.04229 0.06569 0.06957 0.09138 1.07924 -0.19112
0.35442 -0.12028 1.45632 -0.41197 -0.0431 1.44425 0.03522 0.06699 0.07502 0.09257 1.28301 -0.19051
0.31377 -0.0398 1.38231 -0.38986 -0.04046 1.37984 0.04842 0.06398 0.07203 0.09700 1.54508 -0.18707
0.28214 0.03064 1.39394 -0.38653 -0.04196 1.38818 0.04324 0.06479 0.07393 0.09539 1.74952 -0.20018
0.25304 0.0905 1.41724 -0.38437 -0.04236 1.39713 0.04690 0.06514 0.06586 0.09629 1.54248 -0.21541
0.22179 0.17364 1.4888 -0.38489 -0.03999 1.42976 0.06166 0.06798 0.06426 0.09599 1.51284 -0.22691
0.21963 0.18807 1.49947 -0.38212 -0.03699 1.42935 0.07187 0.06949 0.06635 0.09302 1.30099 -0.26074
0.22415 0.18846 1.50185 -0.38045 -0.02862 1.43345 0.06689 0.06703 0.07335 0.10222 1.15288 -0.22738
0.24213 0.17193 1.50015 -0.38312 -0.02666 1.44222 0.06447 0.06957 0.08622 0.10037 1.11116 -0.23100
0.2632 0.13006 1.45642 -0.37925 -0.02154 1.41956 0.05964 0.06886 0.09158 0.09062 0.94474 -0.18403
0.29002 0.07638 1.42597 -0.38086 -0.01753 1.41976 0.05487 0.06877 0.11279 0.09933 0.75742 -0.20811
0.31517 0.01627 1.40219 -0.38384 -0.01434 1.42242 0.04762 0.06875 0.05892 0.09984 0.76051 -0.19807
0.33476 -0.03668 1.39225 -0.38758 -0.01507 1.42362 0.04914 0.06866 0.07320 0.09212 0.70239 -0.17869
0.35562 -0.06826 1.43038 -0.40191 -0.01436 1.46892 0.04787 0.07241 0.08176 0.09330 0.63659 -0.18345
0.35766 -0.06923 1.43183 -0.40275 -0.0151 1.46853 0.04529 0.07333 0.08107 0.10025 0.78886 -0.19474
0.37067 -0.04552 1.47761 -0.41569 -0.0154 1.51539 0.04955 0.07399 0.08359 0.09868 0.95296 -0.19089
0.36999 -0.00404 1.48989 -0.41547 -0.01541 1.51563 0.05080 0.07655 0.09308 0.12137 1.14692 -0.20106
0.34758 0.04793 1.47588 -0.4071 -0.01547 1.49044 0.06357 0.07040 0.07390 0.10352 1.25008 -0.18578
0.31828 0.09283 1.45138 -0.39252 -0.01751 1.44918 0.06417 0.06976 0.07786 0.09764 1.34604 -0.20303
0.29427 0.12821 1.45045 -0.3871 -0.02038 1.43357 0.06537 0.06959 0.08595 0.09183 1.35803 -0.21500
0.27842 0.1582 1.46677 -0.38599 -0.02138 1.43911 0.06816 0.06940 0.07354 0.09662 1.36607 -0.22241
0.26588 0.18074 1.49538 -0.38913 -0.02433 1.46197 0.07105 0.07058 0.07732 0.09862 1.42401 -0.21940
0.25567 0.19428 1.49251 -0.38408 -0.02421 1.45623 0.07074 0.06823 0.08495 0.10418 1.39938 -0.22775
0.25195 0.19695 1.46959 -0.37623 -0.02724 1.43451 0.07058 0.06945 0.08090 0.09661 1.48432 -0.22905
0.26868 0.17622 1.45001 -0.37269 -0.02731 1.42759 0.06429 0.06594 0.07869 0.12170 1.55363 -0.25358
0.29014 0.14861 1.43382 -0.37163 -0.02812 1.42485 0.06145 0.06878 0.07909 0.09457 1.42611 -0.21684
0.31967 0.10951 1.42146 -0.37315 -0.02693 1.42781 0.07640 0.06758 0.07409 0.09982 1.35497 -0.22030
0.34622 0.0617 1.40033 -0.37472 -0.02369 1.42858 0.05753 0.06897 0.07634 0.10160 1.18151 -0.21759
0.36913 0.00876 1.38594 -0.37797 -0.02318 1.43345 0.04843 0.06762 0.08079 0.10090 1.04120 -0.21659
0.38554 -0.07742 1.40992 -0.39116 -0.01957 1.46359 0.04585 0.07055 0.08732 0.09972 0.90895 -0.18638
0.37279 -0.09415 1.39249 -0.38857 -0.01604 1.44477 0.04450 0.06989 0.08631 0.09683 0.80521 -0.17667
0.36097 -0.08662 1.40339 -0.39184 -0.01334 1.44713 0.06437 0.06886 0.09755 0.09335 0.55982 -0.19383
0.37487 -0.07114 1.45759 -0.40225 -0.01219 1.48865 0.08736 0.07176 0.10381 0.09639 0.40205 -0.18855
0.36379 -0.04265 1.43916 -0.39364 -0.01111 1.45695 0.09019 0.07114 0.09898 0.09403 0.19245 -0.18593
0.3462 -0.00979 1.40132 -0.37968 -0.01057 1.40895 0.09271 0.06840 0.09030 0.09038 0.22388 -0.20034
0.35131 0.02682 1.46235 -0.39218 -0.01013 1.45993 0.10160 0.07099 0.09795 0.10328 0.20901 -0.19956
0.33317 0.05442 1.42237 -0.3758 -0.01042 1.40989 0.10178 0.06807 0.09991 0.09706 0.18871 -0.21036
0.32556 0.07992 1.43066 -0.37283 -0.01165 1.40621 0.09909 0.06500 0.09781 0.09117 0.14905 -0.21548
0.32099 0.09978 1.4469 -0.37159 -0.01404 1.40979 0.10345 0.06761 0.09324 0.09667 0.10789 -0.27100
0.3147 0.11467 1.4526 -0.36925 -0.01287 1.40921 0.10683 0.06545 0.04770 0.09476 -1.85015 -0.25996
0.30949 0.11382 1.45006 -0.36741 -0.01429 1.4078 0.10853 0.06601 0.10960 0.09694 0.13084 -0.24266
0.308 0.09863 1.43846 -0.36691 -0.0135 1.41002 0.11699 0.06698 0.11188 0.09869 0.09478 -0.24281
0.30814 0.06714 1.41441 -0.36575 -0.01326 1.41059 0.12243 0.06472 0.09591 0.09701 -0.11918 -0.23577
0.30854 0.03636 1.38582 -0.36508 -0.01348 1.41081 0.13763 0.06433 0.10041 0.09688 -0.08227 -0.23519
0.30817 0.01379 1.3656 -0.36272 -0.01515 1.40716 0.13156 0.06699 0.09929 0.09405 -0.15895 -0.23499
0.30785 0.00782 1.36353 -0.36168 -0.01452 1.40597 0.13292 0.06494 0.09969 0.09790 -0.16073 -0.26265
0.30823 0.00858 1.37106 -0.36209 -0.01445 1.40669 0.12685 0.06616 0.11058 0.09531 -0.06071 -0.24776
0.30957 0.01179 1.37775 -0.36177 -0.01415 1.4072 0.11883 0.06626 0.09205 0.09563 -0.09861 -0.25703
0.30989 0.01611 1.37961 -0.3623 -0.01435 1.40724 0.12287 0.06678 0.09094 0.09445 -0.27990 -0.25806
0.31048 0.01904 1.37826 -0.36198 -0.01333 1.40653 0.11886 0.06706 0.09429 0.09246 -0.02340 -0.26297
0.31178 0.01899 1.37425 -0.36201 -0.01409 1.40518 0.12935 0.06758 0.09103 0.09173 -0.19549 -0.26880
0.31343 0.01807 1.37239 -0.36232 -0.0128 1.40574 0.13066 0.06417 0.09185 0.09143 -0.12427 -0.29036
0.31329 0.01652 1.37327 -0.36235 -0.01127 1.40686 0.13340 0.06633 0.09598 0.09033 -0.19170 -0.26791
0.31462 0.01268 1.37313 -0.36199 -0.0104 1.40812 0.13358 0.06790 0.09878 0.08923 -0.12942 -0.28128
0.31654 0.00579 1.37175 -0.36105 -0.00946 1.40842 0.12879 0.06741 0.09466 0.10002 -0.18646 -0.26039
0.31764 0.00316 1.36915 -0.36045 -0.00968 1.40831 0.12790 0.06662 0.10236 0.09454 -0.04563 -0.26794
0.31942 0.00176 1.36249 -0.36069 -0.00992 1.40787 0.12939 0.06618 0.10693 0.09259 -0.05996 -0.23998
0.32193 -0.00048 1.3471 -0.36078 -0.00893 1.40685 0.12725 0.06549 0.09803 0.09316 -0.02852 -0.25461
0.3281 0.00141 1.33229 -0.36274 -0.0099 1.41445 0.12676 0.06816 0.09735 0.09185 0.10867 -0.23966
0.34355 0.00655 1.34037 -0.37321 -0.00864 1.45342 0.11405 0.07097 0.09497 0.09463 -0.16541 -0.24806
0.34296 0.01537 1.29912 -0.37141 -0.00865 1.44655 0.11419 0.06886 0.09602 0.09692 -0.07490 -0.24756
0.3398 0.02621 1.26589 -0.3716 -0.00914 1.44629 0.12260 0.07110 0.09653 0.09619 -0.07011 -0.23823
0.31681 0.0467 1.20824 -0.36777 -0.01 1.43574 0.10794 0.06691 0.10026 0.09548 0.08429 -0.24019
0.3099 0.05095 1.23117 -0.37721 -0.01038 1.47101 0.10379 0.06859 0.10017 0.09841 0.07493 -0.24234
0.2201 0.03315 1.18394 -0.35506 -0.01402 1.37848 0.13902 0.06879 0.08776 0.12083 0.12062 -0.25627
0.20607 0.01732 1.22659 -0.36036 -0.01846 1.39645 0.10126 0.06649 0.09765 0.09321 0.39436 -0.23887
0.18394 -0.00049 1.25788 -0.36131 -0.01962 1.39977 0.10579 0.06457 0.10018 0.09020 0.30681 -0.21582
0.16622 -0.01708 1.28309 -0.36094 -0.02352 1.39665 0.09649 0.06570 0.10983 0.12052 -0.75460 -0.25453
0.14826 -0.02786 1.31635 -0.36383 -0.02722 1.41074 0.09749 0.06606 0.05263 0.11189 -1.72217 -0.34487
0.13202 -0.02841 1.32146 -0.36035 -0.02984 1.40948 0.10059 0.06535 0.07715 0.09322 1.60939 -0.24221
0.12055 -0.02419 1.31271 -0.35618 -0.03317 1.40347 0.11053 0.06471 0.08448 0.10074 1.46668 -0.27016
0.10881 -0.00351 1.24508 -0.34288 -0.03078 1.37989 0.12233 0.06333 0.07133 0.08962 -2.86267 -0.27994
0.10551 0.00795 1.21218 -0.34003 -0.03097 1.38081 0.12900 0.06591 0.09141 0.08887 0.15703 -0.27648
0.10658 0.01862 1.17882 -0.33753 -0.02814 1.38401 0.13029 0.06546 0.10029 0.09179 -0.71740 -0.29348
0.10158 0.02754 1.14259 -0.33321 -0.02527 1.38084 0.12202 0.06455 0.09085 0.09084 -0.05042 -0.29780
0.09603 0.03496 1.12051 -0.3318 -0.0219 1.38515 0.12114 0.06474 0.09632 0.09303 -0.07477 -0.29398
0.08598 0.0384 1.10762 -0.32903 -0.02035 1.38407 0.11157 0.06415 0.09679 0.09207 -0.08967 -0.30166
0.06963 0.04046 1.10527 -0.32794 -0.01977 1.38039 0.10545 0.06472 0.09317 0.09241 0.18220 -0.28739
0.04545 0.0443 1.11609 -0.32695 -0.02006 1.3766 0.10036 0.06694 0.09759 0.09269 0.07396 -0.26542
0.01732 0.04661 1.13349 -0.32543 -0.02217 1.36886 0.10411 0.06549 0.10869 0.09436 0.36510 -0.27408
-0.01463 0.04928 1.15188 -0.32286 -0.02244 1.35807 0.11251 0.06253 0.09285 0.09090 0.48560 -0.24598
-0.04374 0.04796 1.18209 -0.3217 -0.02628 1.353 0.11730 0.06520 0.08746 0.09402 -1.39671 -0.23653
-0.07563 0.04441 1.21905 -0.31876 -0.02588 1.35306 0.11945 0.16291 0.09960 0.08992 0.20432 -0.24066
-0.11135 0.03723 1.27586 -0.31367 -0.02873 1.36833 0.12467 0.13113 0.09733 0.06673 0.06458 -0.12591
-0.15593 0.02207 1.3319 -0.29293 0.00869 1.36911 0.10697 0.09251 0.06321 0.07777 0.05027 0.20362
-0.18315 0.01348 1.35949 -0.23393 0.01891 1.35952 0.09127 0.07097 0.06498 0.07304 0.25243 0.88535
-0.1954 0.02984 1.37068 -0.27486 -0.00666 1.38427 0.10078 0.09680 0.05958 0.05487 -0.91510 1.96995
-0.19969 0.11712 1.41281 -0.30273 0.02218 1.44761 0.13333 0.14552 0.09631 0.08138 -0.68228 0.12932
-0.16371 0.15883 1.39583 -0.34718 0.00128 1.46221 0.14318 0.07124 0.06095 0.10051 -2.12646 -0.17321
-0.12287 0.20385 1.39702 -0.35236 0.01476 1.4777 0.14827 0.07531 0.09872 0.10383 0.62496 -0.22469
-0.07415 0.2411 1.38763 -0.35451 0.02897 1.48286 0.14706 0.07328 0.09063 0.10949 0.46403 -0.22524
-0.02682 0.27235 1.37338 -0.35526 0.03508 1.47884 0.13843 0.07412 0.10231 0.10407 0.35940 -0.20448
0.02684 0.29238 1.36532 -0.35571 0.04095 1.48159 0.13896 0.07278 0.11847 0.09410 0.45395 -0.22264
0.07825 0.29889 1.35692 -0.35618 0.0413 1.48132 0.13207 0.07482 0.09926 0.10218 0.16935 -0.21121
0.13888 0.28462 1.35259 -0.35758 0.04276 1.48436 0.13328 0.07182 0.09986 0.10117 0.02967 -0.21984
0.1911 0.26919 1.35753 -0.36124 0.03921 1.49612 0.12748 0.06921 0.09962 0.10290 -0.13333 -0.24015
0.24859 0.23257 1.358 -0.36158 0.03577 1.49832 0.12919 0.07120 0.10744 0.12529 -0.11906 -0.24541
0.29546 0.19296 1.36911 -0.36401 0.02867 1.51027 0.13546 0.07331 0.10635 0.12086 -0.08197 -0.25771
0.3272 0.13907 1.33855 -0.35508 0.02149 1.47662 0.12898 0.07113 0.10222 0.11996 -0.19520 -0.26460
0.39523 0.00844 1.37455 -0.35563 0.00711 1.50876 0.12334 0.07282 0.10031 0.10521 -0.09774 -0.26547
0.41745 -0.01562 1.42845 -0.36463 0.0007 1.56284 0.12493 0.07726 0.10512 0.09644 -0.31454 -0.24922
0.41655 -0.02515 1.41595 -0.35801 -7E-05 1.54372 0.12257 0.07536 0.11108 0.10660 -0.17758 -0.27864
0.41549 -0.03412 1.40349 -0.35192 -0.00381 1.52266 0.12357 0.07396 0.10683 0.09547 -0.10655 -0.32165
0.39333 -0.03733 1.33719 -0.33419 -0.00545 1.44639 0.11692 0.07002 0.09514 0.08820 -0.38836 -0.28093
0.39605 -0.05063 1.35454 -0.33934 -0.01679 1.44545 0.11283 0.06742 0.10669 0.08919 -0.00446 -0.25631
0.39571 -0.05946 1.36317 -0.34393 -0.02792 1.44708 0.10402 0.06920 0.10556 0.08910 0.01110 -0.18505
0.41513 -0.09951 1.45619 -0.37553 -0.05863 1.50702 0.10961 0.07137 0.10848 0.09421 0.42038 -0.18097
0.38619 -0.11493 1.38816 -0.36373 -0.0745 1.41863 0.09249 0.06452 0.09769 0.06499 0.30342 -0.32367
0.39504 -0.14753 1.4386 -0.38496 -0.10346 1.45305 0.08223 0.06699 0.10146 0.10249 0.56256 -0.22251
0.39993 -0.18278 1.46056 -0.40069 -0.13562 1.45782 0.06657 0.06596 0.09688 0.10409 0.76584 -0.14892
0.40893 -0.21885 1.47284 -0.4157 -0.17501 1.45321 0.06273 0.05945 0.09532 0.09888 0.95095 -0.18356
0.41771 -0.25784 1.47603 -0.4289 -0.22093 1.44015 0.05190 0.06180 0.08688 0.07379 1.20485 -0.11225
0.43441 -0.30069 1.49959 -0.44734 -0.27636 1.44018 0.05226 0.07313 0.08305 0.05743 1.25972 -1.35422
0.4407 -0.33183 1.47608 -0.45518 -0.33566 1.38798 0.04791 0.08889 0.06394 0.07410 1.35845 -0.91787
0.52773 -0.42443 1.69389 -0.52253 -0.45647 1.61842 0.06127 0.12181 0.06728 0.05339 1.03748 -0.97317
0.55381 -0.46516 1.70999 -0.52897 -0.52078 1.64674 0.07126 0.12397 0.08258 0.07061 1.03819 -2.20270
0.55793 -0.4901 1.70124 -0.52195 -0.5803 1.63422 0.08745 0.12351 0.05998 0.05341 1.02645 -1.41504
0.56878 -0.51706 1.72991 -0.52462 -0.6037 1.68909 0.12170 0.10405 0.07254 0.05717 1.49251 -2.13051
0.5754 -0.53753 1.76625 -0.52008 -0.64017 1.71076 0.13977 0.09722 0.09208 0.06952 0.61091 -0.97322
0.57227 -0.5565 1.80503 -0.51831 -0.66849 1.75388 0.14116 0.09390 0.11032 0.06193 1.17369 -2.51480
0.59166 -0.57822 1.76753 -0.51098 -0.68921 1.77786 0.15722 0.09364 0.10154 0.06393 -2.16471 -0.75086
0.61596 -0.63497 1.80499 -0.51506 -0.71623 1.84304 0.12331 0.09584 0.14312 0.06248 0.27305 -2.77092
0.61911 -0.64654 1.81881 -0.51233 -0.73015 1.88198 0.12065 0.09526 0.14959 0.06609 0.32265 -0.51692
0.60536 -0.63492 1.78378 -0.49695 -0.73639 1.85902 0.11573 0.09564 0.13654 0.06943 0.25585 -0.44778
0.60659 -0.64299 1.79333 -0.49472 -0.74274 1.88343 0.11758 0.09985 0.13789 0.06121 0.31978 -0.28179
0.60505 -0.64847 1.80104 -0.49295 -0.74918 1.9011 0.12246 0.10532 0.09219 0.07066 0.35706 -0.24045
0.59452 -0.64501 1.7485 -0.47477 -0.72416 1.85654 0.12536 0.10811 0.08103 0.06158 0.66492 -0.22033
0.61714 -0.67385 1.81654 -0.48264 -0.70625 1.94576 0.12824 0.10362 0.08210 0.08032 0.78425 -0.44842
0.62965 -0.69177 1.88682 -0.49191 -0.72874 2.01356 0.13048 0.11272 0.11084 0.08719 0.67090 -0.40431
0.59142 -0.65442 1.74912 -0.46231 -0.71321 1.86394 0.11856 0.11740 0.10724 0.06247 0.93681 -0.42334
0.6168 -0.68239 1.82979 -0.47104 -0.69276 1.95263 0.12541 0.10898 0.07868 0.08076 -2.18245 -0.47176
0.60505 -0.66711 1.81617 -0.47207 -0.72793 1.90082 0.12513 0.11718 0.07956 0.06281 -2.43414 -0.44120
0.60592 -0.66653 1.81849 -0.47415 -0.74648 1.88286 0.13086 0.11177 0.08031 0.06835 -2.59232 -0.44220
0.60549 -0.66627 1.81935 -0.47368 -0.75084 1.87129 0.12769 0.10360 0.07835 0.05920 -2.63848 -0.48612
0.60613 -0.6685 1.81603 -0.47012 -0.72748 1.85827 0.12186 0.10903 0.07562 0.06930 -2.39907 -0.55435
0.62942 -0.69318 1.88245 -0.48239 -0.72173 1.93031 0.13122 0.10589 0.07882 0.09911 -2.58955 -0.49849
0.59154 -0.65505 1.74536 -0.4535 -0.70243 1.77886 0.11984 0.10128 0.07286 0.07744 -2.12987 -0.51509
0.59203 -0.65735 1.7413 -0.45427 -0.69873 1.77887 0.11796 0.10128 0.06908 0.07763 -2.12516 -0.51847
0.59257 -0.65767 1.7418 -0.45451 -0.69772 1.77683 0.11941 0.10051 0.06665 0.08894 -2.10284 -0.51353
0.59211 -0.65773 1.74207 -0.45373 -0.69431 1.77782 0.12070 0.10003 0.06686 0.08776 -2.10589 -0.53973
0.59237 -0.65704 1.74441 -0.45362 -0.69475 1.77943 0.11888 0.10029 0.10058 0.07741 -2.27710 -0.51796
]
