classifier_Man_weaves_and_bumps_into_man_26171 [ 0.55376 -0.74907 1.8923 -0.24387 -0.58276 1.92565 0.12402 0.13664 0.08435 0.09599 -1.36872 2.38501
0.55379 -0.74937 1.89176 -0.2439 -0.58275 1.9248 0.12382 0.13370 0.08123 0.11541 -1.74309 1.89476
0.55439 -0.74905 1.88931 -0.24368 -0.58297 1.91876 0.12130 0.13146 0.08450 0.09907 -1.39239 2.07606
0.55321 -0.75021 1.89062 -0.24459 -0.58413 1.91809 0.12254 0.13151 0.08393 0.11051 -1.32930 1.99197
0.55458 -0.74898 1.88955 -0.24619 -0.58485 1.91549 0.11934 0.12924 0.08611 0.10684 -1.33188 1.95457
0.56056 -0.74125 1.86287 -0.24293 -0.57923 1.89385 0.11377 0.12641 0.08629 0.10633 -1.30622 1.97073
0.55857 -0.7434 1.87203 -0.24419 -0.58076 1.90159 0.11931 0.12615 0.08777 0.10609 -1.33758 1.93375
0.56066 -0.74435 1.87722 -0.23349 -0.58728 1.89293 0.11815 0.12184 0.08830 0.08209 -1.28246 2.21686
0.5604 -0.74634 1.87945 -0.23417 -0.58736 1.89613 0.11619 0.12387 0.08571 0.08263 -1.28805 2.21582
0.56013 -0.7446 1.8715 -0.23534 -0.58433 1.89438 0.11605 0.12390 0.08452 0.08283 -1.33117 2.19654
0.56102 -0.74346 1.86565 -0.22719 -0.58572 1.88064 0.11677 0.11970 0.08339 0.09720 -1.32934 1.79008
0.56052 -0.74061 1.85822 -0.22414 -0.58507 1.87295 0.11351 0.12143 0.08026 0.06852 -1.30943 2.05422
0.56084 -0.74005 1.85421 -0.21395 -0.58825 1.86149 0.11562 0.11824 0.08088 0.07483 -1.34173 1.77107
0.55929 -0.73945 1.85359 -0.2174 -0.58563 1.86145 0.11466 0.11792 0.08213 0.08025 -1.29667 1.71663
0.55988 -0.73915 1.85194 -0.21581 -0.58602 1.85795 0.11158 0.12062 0.08168 0.08137 -1.30236 1.66834
0.56206 -0.73635 1.84597 -0.20765 -0.58708 1.84396 0.10961 0.12032 0.08347 0.07136 -1.38380 1.64860
0.56286 -0.73551 1.84939 -0.20427 -0.58633 1.84215 0.10996 0.12066 0.07675 0.07157 -1.28085 1.60542
0.56228 -0.73608 1.84942 -0.19803 -0.58469 1.83305 0.10988 0.12001 0.07621 0.07384 -1.36293 1.57274
0.5635 -0.73668 1.85197 -0.19225 -0.57844 1.82248 0.10970 0.11308 0.07741 0.08113 -1.34300 1.54953
0.56097 -0.73493 1.85739 -0.20216 -0.53592 1.84047 0.11515 0.10757 0.08577 0.09255 -1.30185 1.67090
0.53833 -0.70047 1.76752 -0.10861 -0.49876 1.63937 0.10934 0.04003 0.08106 0.04011 -1.31730 1.54063
0.51071 -0.73844 1.91865 -0.12778 -0.41526 1.71184 0.07505 0.09724 0.08508 0.03337 -1.57055 1.75691
0.56433 -0.73866 1.89633 -0.15396 -0.31831 1.7601 0.12755 0.14171 0.08060 0.11365 -1.66947 2.39820
0.56183 -0.73802 1.90121 -0.09175 -0.0571 1.68004 0.13720 0.13313 0.11924 0.13823 -2.06996 2.75104
0.55689 -0.72905 1.89338 -0.06932 0.09227 1.65804 0.14377 0.11520 0.12562 0.08864 -2.03551 2.79963
0.56172 -0.73346 1.90391 -0.06161 0.27632 1.72752 0.14635 0.12242 0.13101 0.08770 -1.99634 2.95015
0.55079 -0.7222 1.87968 -0.04328 0.36479 1.78581 0.14925 0.07536 0.13150 0.10550 -2.05274 -3.05390
0.54366 -0.72089 1.91972 -0.0525 0.36269 1.84591 0.10384 0.12053 0.13255 0.10983 -2.05068 -3.00889
0.54785 -0.72711 1.93572 -0.04815 0.39254 1.90508 0.07879 0.13687 0.13679 0.10049 -2.06486 -2.85486
0.54257 -0.72325 1.94045 -0.0467 0.40147 1.93072 0.12544 0.12874 0.13239 0.10748 -2.09589 2.67673
0.54245 -0.72513 1.93882 -0.04534 0.38261 1.87444 0.10404 0.14190 0.14073 0.06318 -2.10453 -3.11680
0.54928 -0.73277 1.9555 -0.03907 0.31543 1.87078 0.12294 0.12940 0.12816 0.07663 -1.99237 2.85490
0.52302 -0.73838 2.01332 -0.04593 0.28222 1.87724 0.08066 0.12343 0.08637 0.07043 -2.35231 2.60519
0.51917 -0.73138 1.99333 -0.06251 0.2418 1.83874 0.09105 0.11304 0.08227 0.11055 -2.25503 2.91361
0.5253 -0.74358 2.03369 -0.13263 0.13959 1.8145 0.12116 0.10203 0.08370 0.06570 -2.29454 2.37373
0.51748 -0.73533 2.01357 -0.19488 0.06899 1.77237 0.11285 0.08735 0.08482 0.06405 -2.43382 2.69807
0.49152 -0.72117 1.98327 -0.25586 0.00311 1.72185 0.08860 0.08100 0.08117 0.06413 -2.30410 2.46012
0.50726 -0.71306 1.94773 -0.313 -0.06517 1.68938 0.11745 0.07469 0.07135 0.06122 -2.40613 2.39919
0.54284 -0.72823 1.94953 -0.36453 -0.13026 1.70397 0.10689 0.07531 0.07569 0.06541 -2.11456 2.67604
0.50834 -0.68512 1.85102 -0.37911 -0.16731 1.62166 0.10551 0.05956 0.13214 0.04552 -2.24973 -3.02014
0.49116 -0.66514 1.80814 -0.38568 -0.20008 1.60375 0.10994 0.05752 0.10356 0.06096 -2.24234 -2.94867
0.51686 -0.72015 1.85984 -0.38085 -0.19096 1.61696 0.15959 0.05500 0.06703 0.05685 -1.67159 -3.12003
0.48754 -0.66445 1.80687 -0.37483 -0.18016 1.62728 0.12753 0.05432 0.05633 0.04022 -2.35644 -3.03467
0.47946 -0.68317 1.95883 -0.40489 -0.18861 1.77796 0.14480 0.06872 0.10190 0.08171 -2.35942 2.95365
0.44616 -0.63382 1.80006 -0.37859 -0.1657 1.66291 0.13584 0.06306 0.09663 0.08036 -3.00325 0.16597
0.44284 -0.61894 1.7178 -0.36879 -0.15849 1.60841 0.11915 0.05797 0.07769 0.07205 -2.95508 0.14985
0.39237 -0.59341 1.89822 -0.40371 -0.17063 1.74912 0.07778 0.06432 0.05551 0.08884 -1.82164 -0.03683
0.36616 -0.52663 1.72308 -0.37633 -0.15966 1.62565 0.07767 0.06206 0.05973 0.08458 -1.86425 0.13602
0.31674 -0.48117 1.67037 -0.37281 -0.15765 1.6084 0.08937 0.05711 0.07493 0.07917 -1.86072 0.18752
0.29722 -0.48467 1.74569 -0.39891 -0.16743 1.71464 0.09112 0.06331 0.08748 0.08282 -2.01685 0.11660
0.23178 -0.42023 1.65089 -0.38463 -0.16353 1.64754 0.11967 0.05805 0.07536 0.08243 -2.51315 0.11075
0.1881 -0.35261 1.63618 -0.38897 -0.16582 1.66243 0.12922 0.05756 0.05895 0.09090 -2.55767 0.10062
0.11808 -0.13755 1.57778 -0.38656 -0.1604 1.67045 0.13683 0.05750 0.04797 0.07986 -2.86316 0.07077
0.10093 -0.05137 1.86772 -0.44933 -0.18174 1.96619 0.15665 0.07296 0.11449 0.08491 -2.47475 -0.02674
0.06546 0.04262 1.72022 -0.40407 -0.15854 1.79171 0.11289 0.06570 0.09577 0.08316 3.05512 0.15194
0.03674 0.20528 1.73745 -0.40087 -0.15359 1.80027 0.11021 0.07068 0.07821 0.07623 -3.00928 -0.22191
0.01688 0.25789 1.84831 -0.41218 -0.15286 1.86673 0.12855 0.07185 0.09404 0.08638 2.43162 0.00215
-0.00235 0.34044 1.93579 -0.41886 -0.15621 1.90505 0.13609 0.07669 0.07848 0.09469 -2.86499 -0.10804
-0.01193 0.35331 1.83224 -0.38481 -0.1391 1.75483 0.13283 0.06656 0.06850 0.08296 3.12928 0.09213
-0.01021 0.34428 1.83351 -0.37181 -0.13692 1.69873 0.14076 0.06519 0.08305 0.07881 -0.06841 0.06429
-0.00973 0.351 1.91777 -0.38184 -0.13749 1.7496 0.14423 0.06607 0.08087 0.08698 -0.10584 0.05915
-0.00881 0.36021 1.90387 -0.38068 -0.13549 1.73626 0.13628 0.06769 0.08670 0.08386 -0.05451 0.02506
-0.02179 0.38538 1.87417 -0.37423 -0.13232 1.69276 0.06703 0.06752 0.09981 0.08459 0.71386 0.01031
0.02023 0.34155 1.8916 -0.39098 -0.13296 1.74825 0.10373 0.06898 0.10099 0.09534 0.13160 0.09287
0.01704 0.35008 1.85761 -0.38378 -0.12778 1.69087 0.06816 0.06806 0.07539 0.08981 -0.07224 0.02181
0.08762 0.32972 1.95397 -0.42374 -0.13384 1.83899 0.11017 0.07609 0.13525 0.10004 -0.45765 0.03484
0.14408 0.30377 1.99041 -0.44499 -0.13926 1.89476 0.08316 0.08124 0.05672 0.08866 0.16673 0.17994
0.20443 0.22249 1.93805 -0.44467 -0.13232 1.86106 0.10529 0.07822 0.06656 0.09786 0.15643 0.16679
0.31243 0.09399 1.93351 -0.45989 -0.13657 1.87833 0.09520 0.07955 0.06831 0.10064 0.05479 0.07214
0.34798 0.01892 1.8917 -0.45568 -0.13638 1.84219 0.08650 0.07642 0.06332 0.10777 0.20291 0.09651
0.37878 -0.05615 1.89012 -0.459 -0.13843 1.84238 0.07826 0.07447 0.06544 0.09775 0.72100 0.20656
0.40306 -0.12046 1.92202 -0.46663 -0.1428 1.86446 0.06482 0.07474 0.11336 0.09384 -0.20974 0.12367
0.40608 -0.17114 1.90123 -0.45903 -0.13822 1.83006 0.06401 0.07777 0.11121 0.09281 -0.00360 0.17169
0.41083 -0.1984 1.9116 -0.45857 -0.13998 1.82478 0.05866 0.07911 0.11456 0.09799 -0.22859 0.01431
0.40326 -0.20928 1.87427 -0.44868 -0.13768 1.7807 0.06134 0.07621 0.10670 0.08996 -0.21197 0.16218
0.41123 -0.21573 1.90452 -0.45548 -0.13715 1.80356 0.06442 0.08202 0.10111 0.08842 0.03698 0.20394
0.41081 -0.21096 1.88471 -0.45172 -0.13529 1.78258 0.06519 0.07648 0.09818 0.09308 0.07031 0.24374
0.42856 -0.21138 1.94209 -0.46772 -0.1432 1.83581 0.06231 0.07103 0.09699 0.10106 0.01238 0.19466
0.40927 -0.1944 1.83257 -0.44459 -0.1362 1.72988 0.06106 0.06520 0.09563 0.08403 -0.06846 0.21435
0.40747 -0.18608 1.8083 -0.44163 -0.13533 1.70468 0.06098 0.07402 0.09236 0.08087 -0.03901 0.04907
0.40255 -0.18074 1.77928 -0.43628 -0.13384 1.67783 0.06075 0.08244 0.08316 0.06994 -0.03049 0.21271
0.40123 -0.17837 1.78022 -0.43746 -0.13475 1.67999 0.05894 0.09598 0.08471 0.07294 0.00705 0.23993
0.39754 -0.17877 1.77424 -0.43622 -0.13594 1.677 0.06062 0.08530 0.08544 0.08477 0.00794 0.21158
0.39521 -0.17976 1.77873 -0.43748 -0.13666 1.68209 0.05935 0.08644 0.08560 0.07565 0.02516 0.24230
0.39498 -0.18284 1.79428 -0.44131 -0.14267 1.70122 0.06005 0.05860 0.08932 0.09359 0.01484 0.02123
0.38168 -0.18036 1.75344 -0.43165 -0.13656 1.66249 0.05872 0.08603 0.09213 0.07217 0.00995 0.28507
0.36389 -0.17322 1.69297 -0.41725 -0.13467 1.60622 0.05673 0.07156 0.08981 0.08259 0.02759 0.10185
0.39219 -0.19004 1.84497 -0.45553 -0.14429 1.75281 0.06701 0.08555 0.08646 0.08187 0.67454 0.10508
0.39749 -0.19188 1.89755 -0.4685 -0.14815 1.80207 0.06305 0.10280 0.10126 0.08405 -0.02010 0.14727
0.40154 -0.19849 1.94822 -0.48089 -0.15761 1.85048 0.06696 0.06149 0.09378 0.09475 0.25775 -0.09026
0.35451 -0.17606 1.77102 -0.43717 -0.14229 1.68221 0.05992 0.05908 0.08720 0.08651 0.31377 -0.03551
0.32792 -0.16914 1.73543 -0.4275 -0.13958 1.64684 0.06020 0.05533 0.08213 0.07847 0.87261 -0.00801
0.30964 -0.17318 1.80588 -0.44264 -0.14212 1.70688 0.06320 0.07815 0.06917 0.08040 0.88411 0.15754
0.26109 -0.16623 1.74744 -0.42505 -0.14013 1.64336 0.06095 0.05699 0.07322 0.09018 0.98603 -0.05226
0.22336 -0.16659 1.80898 -0.43662 -0.14262 1.69208 0.06054 0.07176 0.10464 0.08270 0.64685 0.08523
0.1815 -0.17512 1.842 -0.44028 -0.14568 1.7128 0.06595 0.07616 0.07467 0.07186 0.27982 0.15059
0.14079 -0.17623 1.83581 -0.43467 -0.14534 1.69992 0.07106 0.08768 0.07957 0.07440 0.45355 0.13608
0.0699 -0.17955 1.89066 -0.44201 -0.15146 1.74546 0.12934 0.10791 0.08467 0.07589 0.06335 -0.14506
0.06398 -0.18262 1.91887 -0.45282 -0.16222 1.79635 0.10930 0.05894 0.10427 0.08947 0.49679 -0.17123
0.04209 -0.14777 1.67748 -0.41339 -0.14773 1.66098 0.07141 0.10299 0.09591 0.07218 0.23155 0.09218
0.02325 -0.14098 1.58447 -0.40578 -0.14566 1.64892 0.06871 0.08627 0.04677 0.08673 0.49221 0.05245
0.01655 -0.14815 1.59957 -0.41501 -0.14957 1.69402 0.07000 0.07654 0.04917 0.08430 0.54729 0.06615
0.00834 -0.14796 1.58855 -0.41576 -0.14927 1.699 0.07442 0.07342 0.08586 0.08066 0.10791 0.06419
-0.00466 -0.14773 1.58139 -0.41351 -0.14948 1.6892 0.07125 0.08224 0.04728 0.08046 0.80424 0.11617
-0.02557 -0.16048 1.66203 -0.43138 -0.15372 1.7543 0.08100 0.10616 0.04031 0.08022 0.86417 -0.03953
-0.06264 -0.16407 1.75084 -0.44971 -0.16712 1.81941 0.08954 0.05914 0.05539 0.08609 1.00958 -0.14374
-0.09327 -0.15024 1.67353 -0.42641 -0.15161 1.70595 0.08773 0.10590 0.07383 0.07414 -3.10042 0.10485
-0.11985 -0.1514 1.70427 -0.43427 -0.15366 1.71159 0.08988 0.10710 0.07530 0.04862 -2.22764 0.11833
-0.15403 -0.13847 1.76629 -0.45352 -0.16373 1.76072 0.09939 0.06182 0.06544 0.08871 -2.66842 0.20140
-0.16351 -0.13765 1.75691 -0.45857 -0.15701 1.75463 0.09284 0.08819 0.06833 0.08239 -2.71013 0.26824
-0.19296 -0.11586 1.73158 -0.46461 -0.15918 1.76118 0.10168 0.06342 0.07455 0.08602 -2.81503 0.03988
-0.21395 -0.12827 1.64413 -0.43151 -0.12515 1.67013 0.10566 0.05209 0.07877 0.05822 -2.78039 -0.84545
-0.32613 -0.06432 1.70587 -0.38393 -0.07595 1.71593 0.09707 0.10365 0.07440 0.10548 1.30102 -1.98441
-0.24985 -0.05851 1.66928 -0.29567 -0.02828 1.66456 0.09963 0.05249 0.08199 0.07022 -0.38032 -1.88023
-0.21581 -0.00318 1.69253 -0.44753 -0.03878 1.74366 0.08215 0.09883 0.03164 0.06315 -0.13526 -2.82565
-0.14989 -0.05451 1.86845 -0.49841 -0.12593 1.93139 0.13133 0.08167 0.10872 0.06576 1.33045 2.85510
-0.13588 0.00971 1.75117 -0.47763 -0.11612 1.82203 0.08873 0.10862 0.04179 0.07409 -0.31733 -2.96162
-0.10912 0.00155 1.7393 -0.47814 -0.114 1.81133 0.09473 0.10937 0.03104 0.07226 -0.38643 -2.83376
-0.09863 -0.00286 1.73945 -0.47513 -0.11444 1.80844 0.08676 0.11012 0.04893 0.07112 -3.09329 -2.88811
-0.09611 -0.01199 1.74289 -0.47314 -0.11266 1.80263 0.08375 0.11157 0.06523 0.07076 2.91496 -2.93730
-0.09479 -0.01774 1.74778 -0.47151 -0.113 1.79894 0.08600 0.11299 0.06335 0.07139 2.87080 -2.96432
-0.09469 -0.02977 1.76397 -0.46905 -0.11575 1.8039 0.08681 0.11295 0.06333 0.06864 2.99153 3.07422
-0.09473 -0.03511 1.76835 -0.46702 -0.11321 1.80071 0.08992 0.11322 0.07724 0.06739 1.10436 -3.10224
-0.09374 -0.03739 1.76748 -0.46396 -0.11201 1.79769 0.09099 0.11421 0.06623 0.06550 3.06244 3.11610
-0.09183 -0.04157 1.77927 -0.46456 -0.11461 1.80727 0.08706 0.11269 0.06367 0.07063 -3.12959 -3.06727
-0.09015 -0.04681 1.77128 -0.46007 -0.11051 1.79362 0.08591 0.11584 0.07466 0.06802 0.92573 3.01475
-0.0921 -0.04843 1.77363 -0.45663 -0.11274 1.78946 0.09737 0.11294 0.06316 0.07010 -2.94185 3.06103
-0.09361 -0.06274 1.76014 -0.44661 -0.1152 1.76742 0.12805 0.11897 0.06793 0.06455 -2.55068 -2.84952
-0.09005 -0.10089 1.79428 -0.44583 -0.13387 1.79711 0.10367 0.11385 0.03788 0.06968 0.59898 -3.10323
-0.07784 -0.14699 1.78654 -0.42883 -0.15467 1.78155 0.07312 0.12763 0.06310 0.06771 -2.02996 2.88428
-0.05583 -0.20073 1.71725 -0.39265 -0.18307 1.70578 0.07916 0.10963 0.06448 0.06381 -1.22560 2.95107
-0.04687 -0.24657 1.64569 -0.3538 -0.21653 1.6418 0.07460 0.04099 0.06253 0.04282 -1.00262 2.97745
0.02028 -0.41809 1.72046 -0.28842 -0.34354 1.70278 0.12916 0.06843 0.05791 0.04456 -1.26507 2.10766
0.05646 -0.48813 1.7106 -0.24637 -0.4107 1.6887 0.09999 0.07335 0.04549 0.04926 -0.59151 1.99687
0.10019 -0.59358 1.82839 -0.21669 -0.56047 1.83697 0.10232 0.12696 0.06680 0.08461 0.63825 0.56634
0.11921 -0.60992 1.78008 -0.19294 -0.58054 1.76788 0.14230 0.12167 0.05937 0.07301 1.25763 1.85581
0.12606 -0.63552 1.83327 -0.20119 -0.6103 1.87766 0.14563 0.12213 0.06979 0.08100 1.39165 1.90259
0.14923 -0.61879 1.85385 -0.28491 -0.66237 1.95667 0.11565 0.08576 0.06655 0.06465 1.04861 2.56362
0.15345 -0.61176 1.84952 -0.27462 -0.64715 1.92669 0.11711 0.08136 0.05978 0.06365 0.92466 2.56840
0.15737 -0.61102 1.84383 -0.26953 -0.64029 1.92598 0.11650 0.14120 0.05455 0.07064 0.93907 2.57919
0.19163 -0.61552 1.80796 -0.21144 -0.60586 1.85106 0.11475 0.13178 0.06447 0.07675 1.37982 2.20951
0.23193 -0.63288 1.83398 -0.21248 -0.61238 1.87478 0.10891 0.13101 0.07046 0.07874 1.66959 2.19521
0.30452 -0.62779 1.82426 -0.21223 -0.60613 1.8619 0.10433 0.13188 0.04876 0.07753 1.33046 2.02584
0.4486 -0.63433 1.81723 -0.20492 -0.58722 1.80723 0.11291 0.12778 0.09897 0.07305 0.83032 2.19712
0.55214 -0.69263 1.77516 -0.20005 -0.57349 1.77261 0.10255 0.13015 0.08219 0.07410 1.02297 2.21444
0.56303 -0.6999 1.77972 -0.19979 -0.57288 1.77216 0.10409 0.12622 0.10789 0.07270 -1.95040 2.23046
0.56871 -0.70678 1.78763 -0.20077 -0.57272 1.78026 0.10183 0.13049 0.13875 0.07304 -1.96960 2.25758
0.57003 -0.71405 1.79347 -0.19979 -0.57535 1.78702 0.10326 0.12713 0.11387 0.06968 -1.78553 2.29138
0.57092 -0.71713 1.79586 -0.19961 -0.57726 1.78988 0.10271 0.12508 0.12685 0.07184 -1.85541 2.28341
0.57054 -0.71988 1.80331 -0.19665 -0.57694 1.79677 0.10444 0.12937 0.07690 0.06976 -1.27330 2.24706
0.56809 -0.71739 1.79437 -0.17713 -0.57781 1.76166 0.10109 0.12205 0.07452 0.07701 -1.31825 1.90548
0.57021 -0.72295 1.81027 -0.17868 -0.58519 1.77368 0.10341 0.11852 0.14196 0.07670 -1.97585 1.94975
0.56818 -0.72209 1.80585 -0.16884 -0.58908 1.75318 0.10158 0.11511 0.13078 0.07604 -1.96390 1.85186
0.56833 -0.72127 1.80642 -0.16466 -0.59044 1.74633 0.10172 0.11363 0.13799 0.07897 -1.96219 1.82091
0.57173 -0.7228 1.80969 -0.15479 -0.59417 1.74167 0.10014 0.10896 0.13690 0.07138 -1.95414 1.55809
0.57005 -0.72329 1.8114 -0.15491 -0.59462 1.74075 0.10261 0.11110 0.09837 0.07168 -1.78817 1.53909
0.57268 -0.72498 1.81409 -0.15357 -0.59654 1.7404 0.10067 0.10914 0.12524 0.07306 -1.92938 1.52814
0.57426 -0.72591 1.81979 -0.15541 -0.59541 1.74874 0.10213 0.10978 0.13425 0.07309 -1.94657 1.52549
0.57382 -0.72723 1.82363 -0.15503 -0.59689 1.75082 0.10377 0.10878 0.12430 0.07326 -1.92650 1.52043
]
