classifier_Man_weaves_and_bumps_into_man_18365 [ 0.45341 -0.70049 1.77763 -0.04018 -0.59265 1.80374 0.11840 0.10838 0.09111 0.05791 2.66169 -1.36665
0.45521 -0.70449 1.78915 -0.04021 -0.59494 1.81201 0.12248 0.10790 0.08792 0.05507 2.64564 -1.17450
0.45063 -0.69516 1.76529 -0.03854 -0.58793 1.78791 0.10937 0.10679 0.08387 0.05411 2.65502 -1.17917
0.45013 -0.69427 1.76484 -0.03952 -0.58833 1.78629 0.11091 0.11037 0.08840 0.05810 2.70656 -1.42913
0.4477 -0.6739 1.88841 -0.04032 -0.60267 1.83038 0.11564 0.11261 0.04246 0.06137 0.95888 -1.44465
0.45553 -0.70761 1.76873 -0.04011 -0.5924 1.80423 0.07415 0.10953 0.08435 0.05785 0.73547 -1.36637
0.45739 -0.71123 1.81436 -0.04086 -0.59678 1.82354 0.08725 0.10824 0.10433 0.06015 0.66089 -1.38414
0.44127 -0.6909 1.77489 -0.03336 -0.56106 1.77832 0.09504 0.09491 0.09902 0.05574 0.76699 -1.96157
0.44399 -0.70553 1.79816 -0.03336 -0.55392 1.80971 0.08626 0.10251 0.09055 0.05459 0.70246 -0.78214
0.43187 -0.69161 1.71012 -0.02279 -0.49176 1.7643 0.10055 0.09179 0.07877 0.05145 0.75586 -1.11691
0.40515 -0.69439 1.72282 0.00292 -0.32489 1.77154 0.10980 0.04737 0.08988 0.08749 0.72543 -1.91801
0.37677 -0.68973 1.71077 0.00651 -0.21499 1.77221 0.11193 0.04897 0.09049 0.11006 0.87733 -1.08089
0.37395 -0.67301 2.02439 -0.01632 -0.13523 1.90881 0.16696 0.06175 0.05852 0.05628 0.85817 -1.21338
0.33177 -0.69243 1.99411 -0.03165 0.06768 1.99225 0.17073 0.11756 0.07092 0.05728 1.09889 -0.45296
0.32414 -0.66228 1.9619 -0.02234 0.11334 1.96343 0.07664 0.08263 0.06272 0.06741 1.25696 -0.33007
0.33108 -0.67925 2.00517 -0.02426 0.10506 2.02812 0.09040 0.08385 0.05443 0.07893 1.91800 -0.34068
0.32926 -0.68497 2.0118 -0.0189 0.10323 2.05351 0.08919 0.09167 0.05710 0.07277 1.99213 -0.31625
0.32671 -0.68828 2.00872 -0.01164 0.09299 2.06479 0.10406 0.09828 0.05519 0.07350 1.77309 -0.33207
0.32635 -0.69004 2.00534 -0.00332 0.07832 2.07289 0.09616 0.09490 0.05275 0.06942 1.67892 -0.37175
0.32716 -0.68936 2.0011 0.00547 0.0561 2.07095 0.09956 0.09438 0.06379 0.07496 1.46529 -0.48143
0.3264 -0.69552 2.01558 0.01544 -0.01208 2.07434 0.09111 0.06921 0.05725 0.08719 1.70941 -0.29321
0.32379 -0.69587 2.01078 0.01618 -0.05803 2.06002 0.08834 0.06814 0.05722 0.08604 1.62635 -0.48854
0.3261 -0.69874 2.03105 0.01212 -0.11172 2.0604 0.09500 0.07382 0.05275 0.08910 1.79914 -0.87337
0.32415 -0.6985 2.01784 0.00576 -0.16798 2.05353 0.09265 0.08425 0.05799 0.07950 1.74279 -0.57559
0.32508 -0.69781 2.01377 0.00046 -0.18561 2.04336 0.08706 0.07557 0.06265 0.07934 1.48909 -0.74593
0.3254 -0.69799 2.01257 -0.0169 -0.19853 2.03169 0.07950 0.08095 0.06268 0.08523 1.53249 -0.87334
0.32554 -0.70063 2.00946 -0.14226 -0.15094 1.93183 0.09756 0.06858 0.05476 0.10236 1.77048 -0.29765
0.33024 -0.7034 2.02062 -0.18419 -0.12757 1.93411 0.11945 0.07433 0.06655 0.12330 1.46303 0.60530
0.32657 -0.70654 2.01613 -0.24597 -0.07217 1.91951 0.17676 0.07682 0.08292 0.10751 1.72137 -0.25830
0.32611 -0.70802 2.02223 -0.26857 -0.06316 1.91679 0.09710 0.08274 0.08473 0.10948 1.48899 0.04892
0.32338 -0.70436 2.01016 -0.28522 -0.05668 1.90436 0.14292 0.08295 0.05975 0.11352 2.11493 0.11338
0.32354 -0.70468 2.00892 -0.2871 -0.06707 1.90211 0.16613 0.07624 0.06930 0.11923 0.98396 0.06184
0.3232 -0.70243 2.00512 -0.28766 -0.08858 1.89656 0.17531 0.07162 0.07353 0.10937 1.10716 -0.05010
0.32224 -0.70381 2.00992 -0.29096 -0.12076 1.90025 0.16589 0.06645 0.10421 0.11811 -0.31330 -0.12776
0.32163 -0.70459 2.00708 -0.29478 -0.16402 1.89699 0.17911 0.06709 0.07527 0.10753 1.20242 -0.17451
0.32441 -0.70282 2.00249 -0.2972 -0.20037 1.89536 0.18136 0.06853 0.06606 0.11270 1.56724 -0.17059
0.32447 -0.68682 1.96012 -0.29554 -0.23993 1.86888 0.17082 0.06696 0.07677 0.10799 0.84221 -0.24679
0.36184 -0.66931 2.03437 -0.30766 -0.24947 1.92377 0.07265 0.06767 0.06262 0.11535 0.50772 -0.16945
0.36594 -0.65692 2.0409 -0.31497 -0.2469 1.93976 0.07489 0.06937 0.04942 0.11411 1.40332 -0.14995
0.36584 -0.62883 2.041 -0.3215 -0.24137 1.94867 0.07511 0.07244 0.03873 0.11486 1.29759 -0.11282
0.32876 -0.60217 1.8367 -0.32662 -0.23547 1.94977 0.06821 0.07163 0.05892 0.11608 1.11554 -0.12743
0.2926 -0.5164 1.78959 -0.32614 -0.22873 1.92722 0.08155 0.07244 0.08792 0.10953 1.03033 -0.15947
0.25247 -0.41641 1.78439 -0.32548 -0.22417 1.91228 0.10376 0.07172 0.06534 0.11240 1.02102 -0.17006
0.2157 -0.31638 1.84138 -0.33173 -0.2286 1.94649 0.09349 0.07532 0.08097 0.11406 0.69033 -0.17059
0.17709 -0.20665 1.86126 -0.32887 -0.22935 1.93793 0.09377 0.07157 0.09001 0.11782 0.64246 -0.17131
0.14827 -0.10668 1.89112 -0.32618 -0.23106 1.93376 0.11486 0.07261 0.07251 0.11402 0.39387 -0.19701
0.13241 -0.03508 1.92879 -0.32421 -0.23468 1.93718 0.07520 0.07332 0.09080 0.11938 0.33970 -0.21158
0.11494 0.02688 1.90294 -0.31175 -0.23001 1.87691 0.07649 0.06931 0.07391 0.11226 0.39775 -0.21177
0.10731 0.07473 1.97285 -0.31703 -0.23954 1.92269 0.08729 0.07071 0.10634 0.11876 0.38500 -0.23392
0.07506 0.16896 1.93153 -0.30173 -0.23201 1.84365 0.12867 0.06822 0.05070 0.10725 1.10103 -0.23652
0.08926 0.13464 2.03165 -0.31798 -0.24765 1.94523 0.09849 0.07267 0.07627 0.11266 0.39546 -0.23198
0.07599 0.15213 2.04626 -0.31785 -0.24809 1.9434 0.07219 0.07209 0.07446 0.11806 0.28087 -0.20555
0.07787 0.12136 2.0485 -0.31957 -0.24901 1.94117 0.10334 0.07205 0.07584 0.12180 0.34389 -0.17952
0.05493 0.08262 2.08055 -0.32248 -0.25098 1.94329 0.07908 0.07118 0.08557 0.11097 0.53899 -0.16179
0.05765 0.03055 2.08515 -0.32561 -0.25388 1.94994 0.08648 0.07246 0.07656 0.11495 0.62658 -0.15994
0.03769 -0.06023 1.99702 -0.31256 -0.24258 1.84727 0.10942 0.07015 0.05728 0.10474 -0.40844 -0.14332
0.05643 -0.14439 2.09972 -0.33156 -0.25576 1.94441 0.12037 0.07042 0.09136 0.11641 0.81219 -0.14691
0.06323 -0.15606 2.08921 -0.33125 -0.25355 1.9361 0.09281 0.07129 0.13289 0.11159 1.45174 -0.14796
0.06952 -0.16638 2.13098 -0.33234 -0.25273 1.93094 0.09082 0.07221 0.07666 0.11339 1.25672 -0.14420
0.10521 -0.1475 2.22931 -0.33756 -0.25571 1.95152 0.07791 0.07102 0.10916 0.11643 1.40945 -0.14586
0.14676 -0.25817 1.97305 -0.33498 -0.2523 1.93592 0.06509 0.07279 0.05192 0.11504 0.51794 -0.16968
0.18074 -0.24186 1.9661 -0.33585 -0.25044 1.93743 0.06765 0.07238 0.09638 0.11232 0.41401 -0.14409
0.21673 -0.22595 1.91494 -0.33082 -0.24663 1.90911 0.06585 0.06927 0.09332 0.11032 0.49565 -0.15322
0.28476 -0.19011 1.88341 -0.32665 -0.24288 1.88827 0.07564 0.06907 0.08527 0.10971 0.58139 -0.16784
0.3128 -0.17463 1.90637 -0.32799 -0.24509 1.90054 0.07550 0.06931 0.08607 0.11196 1.13556 -0.19343
0.34634 -0.17757 1.91904 -0.32449 -0.24586 1.89317 0.07623 0.07307 0.10634 0.11226 0.37944 -0.20535
0.36508 -0.20522 1.98628 -0.33284 -0.2547 1.95238 0.07567 0.07430 0.10376 0.11571 0.26226 -0.21305
0.35367 -0.23175 1.93979 -0.3228 -0.24924 1.89686 0.07057 0.07117 0.10027 0.11350 0.43370 -0.22953
0.34758 -0.26959 1.95803 -0.32422 -0.25162 1.90809 0.07172 0.07030 0.10586 0.11213 0.43320 -0.21756
0.33753 -0.30259 1.97396 -0.32395 -0.25285 1.92028 0.07168 0.07040 0.09633 0.11055 0.27133 -0.23293
0.3258 -0.32023 1.97251 -0.32185 -0.25079 1.91145 0.07423 0.07315 0.08731 0.11218 0.47537 -0.22015
0.31791 -0.32342 1.98498 -0.32292 -0.25096 1.92052 0.07107 0.07108 0.08996 0.11297 0.61957 -0.22960
0.31199 -0.31888 1.97735 -0.32192 -0.2484 1.91567 0.07162 0.07250 0.08594 0.11076 0.58797 -0.27789
0.30715 -0.31104 1.96672 -0.32059 -0.2439 1.90951 0.07349 0.06999 0.08315 0.10841 0.53353 -0.24362
0.30319 -0.30247 1.95452 -0.32067 -0.24124 1.90568 0.07220 0.07404 0.08358 0.11202 0.46950 -0.25536
0.29404 -0.28625 1.92706 -0.31725 -0.23679 1.88335 0.07274 0.06960 0.09651 0.10500 0.53255 -0.23619
0.2977 -0.29069 1.98949 -0.32887 -0.24569 1.95515 0.07399 0.07395 0.09659 0.11602 0.40830 -0.26943
0.28924 -0.28315 1.97559 -0.32843 -0.24544 1.95599 0.07322 0.07289 0.09818 0.11469 0.69173 -0.24149
0.27927 -0.27701 1.9496 -0.32513 -0.24418 1.94557 0.07174 0.07283 0.11208 0.11032 0.79732 -0.25923
0.26911 -0.27098 1.9238 -0.32219 -0.24522 1.94091 0.07140 0.07264 0.10852 0.10893 0.73622 -0.24791
0.26011 -0.26802 1.90517 -0.32177 -0.24625 1.94615 0.06982 0.07068 0.11875 0.11081 0.61343 -0.25346
0.25934 -0.27263 1.96459 -0.33443 -0.25612 2.0311 0.06825 0.07424 0.10246 0.11413 0.59983 -0.25475
0.24337 -0.26582 1.92717 -0.33087 -0.25603 2.01787 0.06456 0.07429 0.11540 0.11449 0.63172 -0.25784
0.20123 -0.25991 1.77783 -0.31292 -0.24082 1.89791 0.06254 0.07093 0.09790 0.10680 0.51408 -0.23933
0.18812 -0.26865 1.82662 -0.32249 -0.24733 1.95159 0.06130 0.07261 0.10500 0.11268 0.63744 -0.22111
0.16562 -0.26647 1.80179 -0.31761 -0.24273 1.91863 0.06094 0.07260 0.10411 0.11148 0.72861 -0.25121
0.1472 -0.26941 1.82834 -0.32074 -0.24364 1.93133 0.06104 0.07283 0.10250 0.10934 0.61773 -0.21559
0.13356 -0.27565 1.85391 -0.32292 -0.24565 1.9427 0.05959 0.07168 0.09459 0.11004 0.50330 -0.22128
0.11019 -0.26584 1.88064 -0.31885 -0.24295 1.91889 0.05397 0.07114 0.09936 0.10919 0.62302 -0.21415
0.10908 -0.26543 1.90017 -0.31817 -0.24328 1.91731 0.05431 0.07227 0.09845 0.10941 0.68904 -0.22582
0.11115 -0.26318 1.93648 -0.32097 -0.24692 1.93529 0.05661 0.07258 0.09603 0.11171 0.67067 -0.21786
0.11854 -0.2669 1.95319 -0.32183 -0.24768 1.9398 0.05667 0.07089 0.09136 0.11422 0.48787 -0.23690
0.12467 -0.26393 1.95796 -0.32127 -0.24915 1.93703 0.05478 0.07038 0.09158 0.11562 0.40190 -0.22590
0.13851 -0.2643 1.95188 -0.32097 -0.25052 1.93917 0.05532 0.07158 0.09252 0.11624 0.30735 -0.22471
0.14287 -0.274 1.94583 -0.32142 -0.25075 1.94528 0.05939 0.07122 0.09570 0.11322 0.29069 -0.23320
0.14143 -0.2819 1.92671 -0.32036 -0.24941 1.94227 0.05831 0.07211 0.09546 0.11242 0.28947 -0.23271
0.13278 -0.2911 1.90342 -0.31707 -0.24761 1.93374 0.06198 0.07041 0.10117 0.11033 0.45499 -0.24061
0.11547 -0.29569 1.88782 -0.31593 -0.2476 1.93472 0.06205 0.06968 0.09811 0.10843 0.47393 -0.25224
0.09157 -0.2926 1.84253 -0.30782 -0.24193 1.89695 0.06452 0.06949 0.10485 0.10949 0.67487 -0.23495
0.06627 -0.29927 1.8608 -0.31028 -0.24437 1.92665 0.06600 0.06980 0.09288 0.10755 0.64133 -0.25800
-0.04719 -0.2783 1.86597 -0.30061 -0.2453 1.94542 0.06669 0.06972 0.08514 0.11011 0.30705 -0.30096
-0.06576 -0.29725 1.87039 -0.28651 -0.23351 1.927 0.09882 0.06484 0.08235 0.10895 0.54501 -0.05002
-0.0696 -0.32727 1.90398 -0.21219 -0.24333 1.89767 0.13155 0.07739 0.05723 0.10975 1.13872 -1.35348
-0.21078 -0.24365 1.81468 -0.20398 -0.17039 1.62867 0.08056 0.07355 0.07779 0.10449 -1.78484 -1.82570
-0.20685 -0.22556 1.77966 -0.19489 -0.21561 1.7779 0.09265 0.03790 0.06655 0.07653 0.29464 2.97388
-0.20334 -0.2216 1.77027 -0.19779 -0.22481 1.77395 0.09308 0.05155 0.06324 0.08302 0.04495 -2.74555
-0.20149 -0.2205 1.77082 -0.19923 -0.22247 1.77593 0.09507 0.05802 0.06352 0.08638 -0.95761 -2.47511
-0.10391 -0.29395 1.86954 -0.21451 -0.22732 1.86967 0.11276 0.06558 0.11028 0.09489 -1.64085 -2.10762
-0.10274 -0.2928 1.87549 -0.21334 -0.22554 1.88265 0.11005 0.07875 0.05185 0.10279 1.03013 -2.01129
-0.09815 -0.29633 1.89468 -0.21884 -0.22863 1.90758 0.11099 0.07344 0.07060 0.11000 0.94444 -1.53914
-0.08775 -0.29858 1.89401 -0.18083 -0.23299 1.894 0.10993 0.07046 0.05486 0.10355 0.97634 2.81217
-0.06329 -0.30789 1.91249 -0.27194 -0.24563 1.95124 0.11221 0.13334 0.08723 0.15240 0.31197 -2.41735
-0.0638 -0.29838 1.89888 -0.27656 -0.24619 1.95217 0.08903 0.14194 0.07532 0.15485 0.24990 -2.02252
-0.05708 -0.29713 1.89085 -0.28605 -0.24685 1.94417 0.08370 0.07200 0.07404 0.05889 0.38450 -0.27858
-0.01226 -0.34098 1.91204 -0.29438 -0.22677 1.94774 0.11969 0.12987 0.06583 0.18970 0.69739 -2.46258
-0.01013 -0.34423 1.91087 -0.29408 -0.22789 1.94739 0.11504 0.07116 0.04248 0.18960 0.79777 -2.76801
0.0004 -0.35666 1.92316 -0.2921 -0.2356 1.94625 0.12707 0.09686 0.06606 0.18164 0.65128 -2.38252
-0.04732 -0.30952 1.87846 -0.27874 -0.25397 1.92276 0.08438 0.07008 0.07648 0.05953 0.41305 -0.50009
0.01753 -0.37963 1.94054 -0.28327 -0.238 1.93001 0.15888 0.06737 0.08421 0.06566 -2.51761 0.58252
0.02842 -0.38587 1.94875 -0.27774 -0.2416 1.93094 0.16224 0.06588 0.06775 0.06899 -2.31781 0.51637
0.0208 -0.38019 1.9297 -0.27192 -0.24566 1.91869 0.15188 0.15532 0.09215 0.08651 -2.32092 0.73820
0.0246 -0.38691 1.92419 -0.26391 -0.25237 1.90831 0.14910 0.15957 0.07537 0.09539 -2.22552 0.30169
0.01474 -0.37989 1.89004 -0.26311 -0.26058 1.88941 0.12768 0.06204 0.09499 0.09993 -2.56882 -0.39817
-0.00622 -0.35644 1.8096 -0.24845 -0.28596 1.86568 0.04850 0.06371 0.07649 0.06786 -2.95919 -0.79635
0.0195 -0.37561 1.78256 -0.251 -0.28291 1.85178 0.05036 0.06124 0.05531 0.09092 -2.33774 -0.47843
0.10123 -0.43474 1.7142 -0.22944 -0.32405 1.82058 0.04771 0.06102 0.05037 0.08348 -1.91209 -0.25315
0.16058 -0.51562 1.7917 -0.22433 -0.372 1.90441 0.10883 0.08013 0.13504 0.07872 2.96773 -0.46040
0.20151 -0.54409 1.74276 -0.20026 -0.39597 1.83918 0.11894 0.08553 0.11684 0.06599 2.60801 -0.86634
0.23766 -0.51987 1.62462 -0.16867 -0.4083 1.72662 0.10106 0.08559 0.11151 0.06301 2.49877 -1.00939
0.36317 -0.5833 1.72378 -0.11673 -0.53805 1.88817 0.09998 0.10518 0.06186 0.07448 1.81585 0.47210
0.4086 -0.60605 1.71518 -0.1015 -0.53673 1.88746 0.08544 0.10113 0.07033 0.05619 1.83952 -0.38691
0.43735 -0.62768 1.7205 -0.081 -0.55939 1.89438 0.09757 0.10000 0.07186 0.05963 1.86155 -0.98734
0.45542 -0.66423 1.68521 -0.05899 -0.55606 1.83518 0.11820 0.09772 0.08853 0.06294 0.56383 -0.94583
0.47226 -0.68047 1.69308 -0.02252 -0.5844 1.85446 0.12163 0.10773 0.09314 0.06174 -0.52137 -1.28981
0.46603 -0.68163 1.67373 -0.01951 -0.58036 1.8275 0.12121 0.10650 0.09078 0.06259 -0.65518 -1.28959
0.47085 -0.66963 1.7624 -0.0216 -0.5871 1.84397 0.11414 0.11152 0.11646 0.06288 -0.24679 -1.20845
0.47422 -0.67311 1.76855 -0.02763 -0.58824 1.84665 0.11416 0.12573 0.12115 0.06638 -0.24604 -1.23353
0.47517 -0.67544 1.77169 -0.03005 -0.58589 1.8495 0.11114 0.10506 0.10706 0.06139 2.83189 -1.20670
0.47233 -0.66329 1.7869 -0.02956 -0.59038 1.85338 0.11753 0.11052 0.04524 0.07301 -2.03759 -1.13583
0.44959 -0.6371 1.71097 -0.02623 -0.56011 1.77376 0.11272 0.10109 0.09358 0.05877 2.98215 -1.27294
0.44828 -0.63762 1.71963 -0.02642 -0.55835 1.77512 0.11596 0.10004 0.09601 0.05920 3.01121 -1.25949
0.45207 -0.63606 1.80031 -0.0282 -0.57037 1.81416 0.14891 0.10416 0.10168 0.05978 3.14131 -1.29183
0.44399 -0.67349 1.61931 -0.02545 -0.54951 1.74328 0.09593 0.09749 0.10001 0.05854 2.38459 -1.24005
0.45682 -0.63585 1.9534 -0.02459 -0.60181 1.90564 0.13094 0.10390 0.04134 0.06177 1.18028 -1.26426
0.45747 -0.63663 1.95435 -0.02622 -0.6028 1.90852 0.12698 0.10610 0.04553 0.06615 1.10925 -1.23960
0.46063 -0.69838 1.67568 -0.02892 -0.57482 1.80756 0.09831 0.10229 0.10234 0.06837 2.37085 -1.23066
0.46003 -0.64039 1.97819 -0.0258 -0.61149 1.92596 0.13329 0.11309 0.04156 0.06501 1.11941 -1.18934
0.46242 -0.70353 1.68403 -0.02828 -0.57817 1.81534 0.09882 0.10138 0.10537 0.06533 2.36761 -1.27210
]
