classifier_Monkey_weaves_and_bumps_into_house_18387 [ 0.54331 -0.67439 1.64742 -0.0632 -0.56969 1.72312 0.10546 0.10003 0.07611 0.07120 -1.49537 1.84837
0.54334 -0.67394 1.649 -0.06332 -0.56847 1.72613 0.10043 0.09585 0.08087 0.06805 -1.61547 1.88467
0.54523 -0.67565 1.64864 -0.06452 -0.56899 1.72656 0.10634 0.09602 0.08328 0.06570 -1.48634 1.91704
0.54591 -0.67585 1.65025 -0.06259 -0.56893 1.72582 0.10809 0.10430 0.07781 0.06598 -1.48917 1.83260
0.54636 -0.67433 1.65211 -0.06432 -0.56858 1.72796 0.10872 0.10207 0.09073 0.07242 -1.54198 1.88357
0.54571 -0.67407 1.65331 -0.0626 -0.56786 1.72661 0.11067 0.09496 0.11289 0.07369 -1.73538 1.79089
0.54437 -0.66989 1.65586 -0.06246 -0.5647 1.72326 0.11665 0.10289 0.09746 0.07222 -1.48863 1.77567
0.5421 -0.66357 1.65597 -0.06341 -0.56329 1.72447 0.12048 0.09364 0.09584 0.07134 -1.42272 1.82430
0.45635 -0.55959 1.65052 -0.06539 -0.52273 1.727 0.12306 0.09650 0.10359 0.06787 -1.35492 2.30938
0.43807 -0.53811 1.74424 -0.06464 -0.51318 1.81686 0.12972 0.09448 0.10314 0.07692 -1.77684 2.22952
0.38959 -0.46083 1.6485 -0.05756 -0.44337 1.73492 0.10435 0.09961 0.07500 0.11289 -1.72636 -2.43168
0.34971 -0.41346 1.7351 -0.06149 -0.38532 1.8062 0.11508 0.09631 0.07360 0.07776 -1.82593 -1.46982
0.23397 -0.25969 1.72853 -0.05574 -0.23638 1.75999 0.12731 0.09458 0.05904 0.07850 -2.18563 -0.77865
0.11055 -0.06962 1.66382 -0.05319 -0.08309 1.68313 0.11882 0.14068 0.06323 0.04850 -1.94964 -1.34319
0.06146 -0.00072 1.62977 -0.04016 -0.00176 1.63253 0.11645 0.11376 0.08520 0.05145 -2.16749 -1.40469
0.05732 0.01035 1.59108 -0.04848 0.01613 1.59335 0.11732 0.11084 0.06739 0.05374 -1.41883 -1.38089
0.08616 0.01094 1.61787 -0.09891 0.02307 1.62584 0.09736 0.10373 0.08040 0.06105 -2.55221 -2.04042
0.10974 0.00208 1.61868 -0.13006 0.01406 1.63135 0.09739 0.09736 0.06828 0.06210 -2.33475 -1.86115
0.14491 -0.02395 1.6665 -0.16908 -0.0111 1.67889 0.12045 0.11102 0.06193 0.06296 -2.82500 0.24903
0.20967 -0.07716 1.93127 -0.23114 -0.05406 1.93525 0.15050 0.12198 0.07940 0.07376 -2.16241 -1.21662
0.21926 -0.11121 1.7675 -0.24215 -0.10317 1.7755 0.12811 0.12917 0.07747 0.06830 3.06711 -1.13780
0.26651 -0.18167 1.92781 -0.28129 -0.16599 1.91663 0.13202 0.14818 0.11784 0.06845 -2.52974 -0.23544
0.27508 -0.21594 1.90246 -0.29218 -0.22969 1.91171 0.13055 0.13477 0.09511 0.07094 -2.65846 -0.39254
0.26205 -0.24755 1.78001 -0.27758 -0.26865 1.80078 0.13216 0.12496 0.09001 0.06938 -2.50365 -0.70082
0.25761 -0.2795 1.7814 -0.27224 -0.30253 1.7902 0.10755 0.11036 0.08699 0.06816 -2.12525 -0.69882
0.25511 -0.34515 1.77499 -0.27366 -0.33288 1.82373 0.05279 0.09847 0.05197 0.06593 -2.75678 -0.58430
0.25305 -0.33668 1.82315 -0.2798 -0.31993 1.84014 0.08065 0.10435 0.06402 0.06346 -2.59296 -0.53772
0.25212 -0.34765 1.84712 -0.29324 -0.29858 1.88902 0.07465 0.12228 0.06272 0.05690 -2.55206 -0.38981
0.24279 -0.34936 1.82853 -0.28819 -0.24876 1.86674 0.07553 0.12129 0.06111 0.04947 -2.79648 -0.38691
0.24162 -0.36026 1.85188 -0.30923 -0.2303 1.92544 0.04936 0.16677 0.06425 0.07498 2.63233 -0.15277
0.25901 -0.40256 2.02154 -0.34984 -0.22241 2.11638 0.04981 0.18245 0.06056 0.12574 2.45267 -0.97414
0.25478 -0.41424 2.01734 -0.34865 -0.16078 2.06885 0.05167 0.17712 0.06115 0.09611 -2.60403 -1.27060
0.25929 -0.43507 2.05643 -0.34525 -0.10912 2.06747 0.06247 0.16587 0.06570 0.09639 -1.78511 -1.48888
0.24707 -0.43165 1.97724 -0.32231 -0.06468 1.95971 0.05728 0.15553 0.06211 0.09011 -1.28038 -0.40256
0.24763 -0.44832 2.00124 -0.32139 -0.05122 1.96856 0.05736 0.16066 0.07068 0.09296 -1.04987 -0.50709
0.23966 -0.46302 2.0316 -0.32462 -0.05487 1.97128 0.06350 0.14962 0.07679 0.09854 -1.12757 -0.80262
0.25044 -0.50077 2.16602 -0.34266 -0.0789 2.07772 0.06533 0.14061 0.07413 0.10093 -1.11069 -1.65759
0.24052 -0.48054 2.06237 -0.33589 -0.10234 1.9229 0.06258 0.12936 0.06940 0.10061 -1.05919 -1.52987
0.23571 -0.47715 1.98277 -0.36934 -0.21449 1.78319 0.05536 0.10620 0.07128 0.10295 -0.78744 3.07175
0.23757 -0.48059 1.99036 -0.36721 -0.2274 1.79272 0.05403 0.10684 0.07413 0.07728 -0.85575 -1.32563
0.24086 -0.48284 1.99161 -0.37269 -0.21078 1.79657 0.05579 0.10548 0.07824 0.10001 -0.95131 -2.81849
0.26302 -0.49546 2.03967 -0.38444 -0.2093 1.84325 0.06346 0.10702 0.07379 0.07259 -1.61067 -0.61014
0.26322 -0.48934 2.01942 -0.38178 -0.20037 1.8208 0.06637 0.10498 0.07269 0.10347 -1.56913 -2.97693
0.30891 -0.49486 2.05925 -0.39179 -0.20075 1.87497 0.08458 0.10646 0.05688 0.10259 2.67573 3.07663
0.30157 -0.49091 1.99405 -0.37539 -0.18754 1.81427 0.07593 0.11015 0.13023 0.05216 1.51523 -1.37089
0.34148 -0.49436 1.99565 -0.37924 -0.18422 1.80549 0.07839 0.10323 0.07658 0.10039 0.51691 -1.07891
0.37895 -0.5236 2.08451 -0.39189 -0.18582 1.86558 0.09789 0.10250 0.05987 0.10298 -0.22031 -0.93627
0.40421 -0.5245 2.11504 -0.39251 -0.18239 1.86934 0.10542 0.10409 0.07994 0.10133 0.14810 -0.91530
0.41553 -0.5199 2.14632 -0.39311 -0.18007 1.87435 0.08236 0.10611 0.06678 0.10100 -0.24837 -0.80183
0.41378 -0.49674 2.18073 -0.39431 -0.17882 1.88264 0.07368 0.10648 0.06475 0.10105 -0.79795 -0.77550
0.42768 -0.45494 2.18993 -0.38791 -0.17713 1.88648 0.03577 0.11080 0.04715 0.09968 -1.20270 -2.08374
0.40923 -0.44186 2.2245 -0.39305 -0.18035 1.8875 0.07513 0.10446 0.05601 0.10352 -1.56476 -0.90107
0.40767 -0.429 2.22109 -0.3917 -0.17982 1.87974 0.05179 0.10227 0.06765 0.10615 -1.61238 -0.93147
0.42375 -0.46549 2.23301 -0.39099 -0.18013 1.88126 0.06634 0.10499 0.05615 0.10281 -1.24448 -0.93927
0.44059 -0.49972 2.22576 -0.39013 -0.18018 1.87957 0.07805 0.10186 0.05524 0.10344 -1.23670 -1.01731
0.44912 -0.52009 2.22831 -0.39012 -0.17875 1.87991 0.09294 0.10228 0.05798 0.10258 -1.05576 -0.94763
0.45175 -0.50598 2.22916 -0.3911 -0.17769 1.88031 0.08791 0.10236 0.05557 0.07451 -1.14153 -0.77103
0.43585 -0.46634 2.22301 -0.39194 -0.17669 1.88179 0.05840 0.09958 0.04705 0.10653 1.85479 -0.79794
0.39545 -0.46138 2.21956 -0.39242 -0.17527 1.88324 0.07170 0.10088 0.10400 0.10330 1.81186 -0.76842
0.4045 -0.44339 2.18989 -0.39361 -0.17423 1.88263 0.05612 0.09907 0.10580 0.10738 1.82675 -0.71989
0.39893 -0.4048 2.05234 -0.38443 -0.16773 1.83011 0.05952 0.09512 0.11581 0.09948 2.24778 -0.71727
0.38189 -0.3838 1.96803 -0.37702 -0.16374 1.80052 0.07919 0.09163 0.09215 0.08643 1.75625 -0.65393
0.37214 -0.3574 1.93083 -0.37974 -0.16321 1.81261 0.08080 0.09081 0.09203 0.09757 1.90767 -0.66126
0.35685 -0.31414 1.89488 -0.38352 -0.16397 1.83453 0.07817 0.09007 0.08028 0.07812 1.51337 -0.64406
0.34382 -0.26039 1.8888 -0.37737 -0.16163 1.84806 0.06799 0.10032 0.07184 0.10129 1.40096 -2.05950
0.32724 -0.20745 1.85324 -0.36898 -0.15556 1.80514 0.07854 0.09570 0.07207 0.10152 1.19728 -2.20383
0.3212 -0.1743 1.86758 -0.36994 -0.15426 1.81336 0.09173 0.09726 0.06008 0.09672 0.92732 -2.10798
0.30781 -0.14396 1.85619 -0.36866 -0.15092 1.80396 0.09103 0.09447 0.05979 0.09738 0.68155 -2.23591
0.29854 -0.12693 1.8583 -0.36758 -0.14855 1.80779 0.09592 0.09385 0.05135 0.09574 0.67654 -2.27819
0.28869 -0.11958 1.85851 -0.36741 -0.147 1.80585 0.09871 0.09276 0.06623 0.09730 0.71497 -2.38054
0.27393 -0.12057 1.82738 -0.359 -0.14349 1.77289 0.09274 0.09285 0.07977 0.09642 0.83819 -2.44748
0.26362 -0.13613 1.83874 -0.35862 -0.1439 1.77866 0.09323 0.09471 0.05035 0.09747 0.70800 -2.38049
0.26562 -0.17429 1.96787 -0.38094 -0.15319 1.89519 0.09900 0.10371 0.09164 0.10247 0.56649 -2.44846
0.25071 -0.21303 1.98753 -0.38332 -0.15528 1.90679 0.10060 0.10140 0.07671 0.10262 0.57677 -2.12306
0.23184 -0.23735 1.96078 -0.37615 -0.15333 1.87827 0.09269 0.10042 0.07682 0.09925 0.76975 -2.03774
0.21243 -0.24728 1.85473 -0.35532 -0.14542 1.77309 0.09169 0.09431 0.07054 0.09395 0.46546 -1.98299
0.20633 -0.25191 1.85803 -0.35461 -0.14563 1.76908 0.09205 0.09172 0.06685 0.09402 0.63119 -1.96132
0.18998 -0.24071 1.88955 -0.35309 -0.1457 1.76874 0.10086 0.09411 0.07852 0.07610 -0.45077 -1.44796
0.19246 -0.23544 1.87324 -0.35233 -0.14473 1.76687 0.09546 0.09189 0.11262 0.09462 0.30873 -1.99512
0.1882 -0.22875 1.87344 -0.35251 -0.1441 1.76703 0.09678 0.09167 0.09740 0.07291 0.32665 -1.38529
0.18172 -0.22315 1.86691 -0.35266 -0.14263 1.76633 0.09789 0.09255 0.10658 0.10156 0.40234 1.85396
0.17497 -0.2182 1.85663 -0.35237 -0.14227 1.76497 0.09828 0.09274 0.10788 0.09567 0.50317 -2.25092
0.16855 -0.21517 1.83995 -0.35233 -0.14258 1.76588 0.09603 0.09244 0.12069 0.06473 0.52526 -1.29571
0.16366 -0.21344 1.82088 -0.35191 -0.14313 1.7694 0.09476 0.09184 0.07270 0.09604 0.85450 -2.08098
0.15884 -0.2115 1.79563 -0.35116 -0.14358 1.77052 0.09249 0.09185 0.06797 0.09697 1.08980 -2.17143
0.15642 -0.21135 1.76743 -0.35134 -0.14384 1.77235 0.09130 0.09007 0.06634 0.09643 0.89114 -2.22493
0.15367 -0.21259 1.73996 -0.35176 -0.14524 1.77312 0.09090 0.08755 0.05331 0.09439 0.65615 -2.13691
0.14005 -0.21334 1.7084 -0.35107 -0.14446 1.77058 0.09058 0.08567 0.05833 0.09508 1.18492 -2.26668
0.12957 -0.21613 1.71388 -0.35146 -0.14342 1.77341 0.09598 0.08672 0.05936 0.09517 1.16450 -2.28235
0.06336 -0.21587 1.7842 -0.35127 -0.14237 1.77332 0.09539 0.08953 0.06754 0.09312 1.21760 -1.93737
0.05321 -0.21975 1.82082 -0.35087 -0.14502 1.77321 0.09847 0.09123 0.07092 0.09287 1.01630 -2.04552
0.05399 -0.21731 1.83508 -0.35087 -0.14673 1.77335 0.09775 0.08637 0.07774 0.07113 0.91651 -1.54914
0.06066 -0.21527 1.84423 -0.34932 -0.14583 1.77887 0.09594 0.09252 0.07997 0.09594 0.79842 -1.63067
0.07101 -0.21353 1.84702 -0.35315 -0.14814 1.77852 0.09470 0.08806 0.07409 0.09827 0.67147 -2.11244
0.0835 -0.21423 1.84445 -0.35443 -0.14887 1.78064 0.09297 0.09072 0.07051 0.09971 0.61180 -2.12059
0.09703 -0.21939 1.83823 -0.35587 -0.14971 1.78491 0.09447 0.08974 0.06870 0.09510 0.61568 -2.11982
0.1067 -0.22134 1.8253 -0.35542 -0.14955 1.78414 0.09151 0.08699 0.06261 0.09724 0.78402 -2.15300
0.11211 -0.22414 1.81384 -0.35556 -0.15051 1.78335 0.09266 0.08510 0.06854 0.09837 0.85784 -2.19027
0.11055 -0.22403 1.7979 -0.3526 -0.15054 1.77932 0.09038 0.08483 0.06618 0.05683 1.01822 -1.38649
0.1043 -0.22547 1.78944 -0.34905 -0.14899 1.78461 0.09256 0.09300 0.06491 0.04792 1.10674 -1.17761
0.04963 -0.22076 1.74859 -0.34219 -0.15031 1.75629 0.10176 0.08612 0.06880 0.05360 1.02852 -1.33645
0.02065 -0.21869 1.75842 -0.34188 -0.15161 1.76717 0.10483 0.08475 0.06340 0.05577 1.16860 -1.15978
-0.00241 -0.22827 1.75374 -0.33308 -0.15076 1.76217 0.12244 0.08758 0.05637 0.05157 1.24254 -1.26625
-0.05977 -0.21015 1.7544 -0.32904 -0.15389 1.76113 0.10143 0.08673 0.05918 0.09655 1.40472 -2.17205
-0.08983 -0.21569 1.75848 -0.32044 -0.1595 1.7525 0.11183 0.07760 0.05304 0.10368 1.32886 2.58546
-0.12918 -0.22953 1.83 -0.31116 -0.16402 1.8156 0.12394 0.07853 0.07542 0.11924 1.31825 -2.46951
-0.11679 -0.24798 1.84483 -0.28809 -0.16943 1.81328 0.09888 0.07895 0.06718 0.10343 1.50074 -1.77994
-0.11347 -0.232 1.7359 -0.23347 -0.16446 1.71794 0.09690 0.09374 0.05321 0.11448 1.47588 -2.31245
-0.09617 -0.24181 1.8324 -0.32782 -0.14533 1.81342 0.10783 0.07813 0.04611 0.09970 0.85982 -1.01503
-0.0971 -0.22858 1.8249 -0.34329 -0.14519 1.81589 0.08349 0.07805 0.09940 0.09640 1.37452 -2.59889
-0.09287 -0.19933 1.73384 -0.33385 -0.14132 1.736 0.09613 0.07665 0.08768 0.09184 1.31545 -2.16981
-0.07472 -0.19791 1.73613 -0.33573 -0.1416 1.74939 0.08580 0.08419 0.07623 0.04950 1.31500 -0.90207
-0.03141 -0.20479 1.73426 -0.3412 -0.14635 1.75699 0.07892 0.08251 0.06723 0.09098 1.28439 -1.29960
-0.01682 -0.20866 1.73514 -0.34183 -0.14917 1.76023 0.07726 0.08459 0.08577 0.04834 0.74502 -0.97082
0.21235 -0.24103 2.02011 -0.33486 -0.14751 1.72865 0.11681 0.08195 0.10266 0.08873 0.51276 -2.98536
0.02646 -0.2359 1.71566 -0.33361 -0.15307 1.72341 0.10945 0.08187 0.07256 0.04824 1.55271 -0.94646
0.02603 -0.23804 1.71678 -0.33119 -0.15444 1.72241 0.11156 0.07960 0.08338 0.09405 1.45441 2.12874
0.02168 -0.23924 1.71708 -0.32904 -0.15788 1.71823 0.11070 0.07971 0.07743 0.09404 1.49891 2.23390
0.00713 -0.23407 1.74622 -0.33448 -0.1622 1.75422 0.09018 0.08231 0.07590 0.09571 1.34274 2.19547
0.00638 -0.23513 1.74147 -0.33364 -0.16289 1.75088 0.08915 0.08029 0.07234 0.05369 1.37026 0.78703
0.01769 -0.24121 1.71491 -0.32822 -0.16259 1.71832 0.09857 0.07892 0.07040 0.05817 1.52192 0.72236
0.20959 -0.2498 2.02275 -0.32871 -0.1645 1.71974 0.11447 0.08091 0.07526 0.09263 -2.82113 -2.42969
0.21386 -0.25422 2.02616 -0.33019 -0.16818 1.71989 0.11997 0.08076 0.07164 0.09157 -2.76234 -2.36914
0.22393 -0.26595 2.02186 -0.32957 -0.17329 1.71738 0.15350 0.07836 0.15572 0.05218 -2.49966 -1.51983
0.22871 -0.29981 2.00305 -0.33105 -0.18119 1.71596 0.17043 0.07585 0.15653 0.08665 -2.23482 -2.21793
0.08516 -0.30651 1.67707 -0.33215 -0.18976 1.71 0.08162 0.07668 0.05171 0.08567 -1.43928 -2.27481
0.11712 -0.33295 1.68675 -0.33917 -0.20517 1.7416 0.06887 0.07556 0.07175 0.05535 1.53904 -0.93267
0.15983 -0.35813 1.66439 -0.33974 -0.21909 1.73828 0.07636 0.07621 0.07765 0.08244 1.64215 -2.05318
0.26139 -0.42057 1.64274 -0.33107 -0.26307 1.73539 0.05833 0.07243 0.06198 0.07964 1.90021 -1.96929
0.31807 -0.46034 1.66781 -0.32116 -0.29299 1.75687 0.10552 0.07051 0.06322 0.05421 1.71998 -1.23943
0.37503 -0.50537 1.70565 -0.3016 -0.32811 1.79126 0.12497 0.07266 0.06422 0.05836 1.74015 -1.44054
0.41134 -0.5294 1.67694 -0.26394 -0.35544 1.75385 0.10037 0.07363 0.06855 0.04714 1.79066 -1.46021
0.43486 -0.54633 1.64734 -0.21896 -0.38183 1.71647 0.09085 0.07313 0.06823 0.07033 1.93017 -1.75705
0.46453 -0.58155 1.68388 -0.18416 -0.42744 1.74309 0.09828 0.09237 0.06872 0.07689 2.01078 -1.75090
0.4784 -0.59826 1.69207 -0.14709 -0.46844 1.73392 0.10926 0.09700 0.07006 0.08138 1.86372 -2.02188
0.49224 -0.61616 1.70112 -0.12527 -0.49814 1.73584 0.11233 0.08934 0.11309 0.05699 -2.99657 -1.57198
0.51991 -0.65283 1.70656 -0.08617 -0.56166 1.7383 0.11476 0.10427 0.12103 0.06568 -2.65013 -1.69927
0.53853 -0.66785 1.69441 -0.08108 -0.57722 1.74567 0.13502 0.09706 0.08835 0.05960 -1.45810 -1.09986
0.54488 -0.68133 1.69755 -0.07669 -0.5817 1.74528 0.13036 0.10160 0.08753 0.05888 -1.60075 -0.99329
0.54742 -0.68398 1.69912 -0.07426 -0.57976 1.74654 0.12909 0.10405 0.08771 0.05500 -1.59795 -1.05860
0.551 -0.68291 1.69707 -0.07454 -0.58267 1.74523 0.12688 0.09389 0.08092 0.05569 -1.56759 -1.06958
0.54683 -0.67911 1.6884 -0.07419 -0.5785 1.73277 0.13442 0.09444 0.09041 0.06184 -2.09347 -1.87751
0.55201 -0.68298 1.69329 -0.07658 -0.5816 1.73438 0.12718 0.09789 0.10784 0.06381 -2.09848 -1.76075
0.55725 -0.6841 1.69946 -0.07471 -0.57957 1.73819 0.13702 0.09612 0.10607 0.06273 -2.03317 -1.80598
0.56016 -0.6882 1.70485 -0.07863 -0.585 1.73727 0.13946 0.10841 0.10852 0.06485 -2.09788 -1.62441
0.56038 -0.68983 1.70465 -0.07297 -0.58119 1.73826 0.13960 0.09322 0.09168 0.06309 -1.98600 -1.89634
0.55952 -0.69086 1.70453 -0.07323 -0.58237 1.73979 0.13227 0.10297 0.07461 0.06346 -1.93784 -1.87278
0.56064 -0.69164 1.70389 -0.07432 -0.58414 1.73899 0.13343 0.09352 0.06623 0.06211 -2.15488 -1.79068
0.5622 -0.69212 1.70358 -0.07441 -0.58361 1.74125 0.13401 0.09397 0.07426 0.05690 -1.52144 -1.13136
0.56252 -0.69258 1.70561 -0.07715 -0.5856 1.739 0.13688 0.10059 0.06615 0.06408 -2.29472 -1.54847
0.56442 -0.69342 1.70434 -0.07544 -0.58537 1.73913 0.13092 0.10509 0.07956 0.05734 -1.57594 -1.00999
0.56413 -0.69315 1.70337 -0.07285 -0.58353 1.74164 0.12464 0.09383 0.07793 0.06103 -1.51620 -1.82320
0.56397 -0.69307 1.70353 -0.07358 -0.58345 1.7419 0.13360 0.10579 0.07573 0.05653 -1.57334 -1.16017
0.56424 -0.6947 1.70212 -0.07333 -0.58268 1.74211 0.13262 0.09286 0.08005 0.06475 -1.56042 -1.89350
0.56401 -0.69407 1.70224 -0.07401 -0.58542 1.73942 0.12683 0.10947 0.07321 0.06099 -1.54954 -1.68337
0.56415 -0.69414 1.70379 -0.07509 -0.58528 1.74058 0.12932 0.10547 0.07346 0.06235 -1.59035 -1.80973
0.56346 -0.69385 1.70286 -0.07734 -0.5862 1.7399 0.13307 0.10070 0.07649 0.06427 -1.99771 -1.58200
0.56419 -0.69452 1.70322 -0.07706 -0.58678 1.74238 0.12507 0.10705 0.07155 0.06418 -1.69189 -1.70729
0.56413 -0.69394 1.70038 -0.07576 -0.58571 1.73956 0.13199 0.10119 0.08524 0.06335 -2.09385 -1.64861
0.56639 -0.69496 1.7022 -0.07372 -0.5824 1.74371 0.12786 0.10172 0.07268 0.06122 -1.80121 -1.80005
0.5652 -0.6949 1.70289 -0.07256 -0.58182 1.74345 0.13134 0.09310 0.07267 0.06056 -1.63540 -1.83706
0.56478 -0.69465 1.70249 -0.07246 -0.58314 1.741 0.12901 0.09237 0.07803 0.05428 -1.63651 -1.17826
0.56518 -0.69503 1.70193 -0.07627 -0.58686 1.74042 0.13073 0.10171 0.08287 0.06679 -2.27529 -1.80362
0.56504 -0.69474 1.70284 -0.07509 -0.58465 1.74064 0.12966 0.10368 0.06889 0.05740 -1.70561 -1.15042
0.56459 -0.69474 1.70277 -0.07626 -0.58676 1.7413 0.12658 0.10070 0.07934 0.05890 -2.24451 -0.97315
0.56573 -0.69512 1.70219 -0.07824 -0.58808 1.74052 0.13171 0.10489 0.08604 0.06449 -1.61808 -1.57933
0.56491 -0.69543 1.70171 -0.07657 -0.58623 1.74023 0.13109 0.10797 0.08715 0.05842 -1.60712 -0.83793
0.56503 -0.69496 1.70201 -0.07267 -0.58204 1.74121 0.12943 0.09393 0.07481 0.06451 -1.73385 -1.92435
0.56571 -0.694 1.70206 -0.07759 -0.58712 1.74077 0.12578 0.09941 0.07970 0.06369 -1.62005 -1.53303
0.5646 -0.69439 1.70171 -0.07332 -0.58324 1.74003 0.12718 0.10823 0.07531 0.06439 -1.49104 -1.90954
0.56532 -0.69481 1.70153 -0.07283 -0.58376 1.74024 0.12558 0.09803 0.07701 0.06498 -2.03910 -1.91798
0.56564 -0.69486 1.70235 -0.07812 -0.58783 1.74012 0.12522 0.09712 0.08218 0.06434 -1.56967 -1.40757
0.56632 -0.6939 1.70189 -0.07876 -0.5872 1.73973 0.12167 0.10785 0.07611 0.06008 -1.66435 -1.02142
]
