classifier_Monkey_goes_to_man_19247 [ 0.73643 -0.78616 1.90451 -0.08361 -0.61016 1.81759 0.08620 0.06321 0.07109 0.09993 1.32723 -2.00713
0.73417 -0.78624 1.90412 -0.08339 -0.60997 1.81711 0.06334 0.06366 0.06615 0.09853 1.30492 -1.99854
0.73676 -0.78656 1.90179 -0.08299 -0.60998 1.8141 0.08133 0.06372 0.11982 0.09953 1.41975 -2.00242
0.73548 -0.78779 1.90101 -0.08236 -0.60746 1.81176 0.08805 0.06361 0.09900 0.10031 1.52318 -1.96357
0.73696 -0.78746 1.9096 -0.08142 -0.60091 1.82517 0.08349 0.06373 0.08425 0.10080 1.63186 -1.96346
0.72905 -0.79137 1.91429 -0.12611 -0.63388 1.76234 0.07320 0.10886 0.11019 0.07117 -1.71708 -1.18813
0.73732 -0.79549 1.94141 -0.12888 -0.63105 1.76002 0.06485 0.11158 0.08976 0.07193 -2.16498 -1.30605
0.7336 -0.80711 1.94686 -0.1288 -0.63073 1.7586 0.10248 0.11139 0.07485 0.07138 -2.32589 -1.10843
0.63942 -0.69608 1.83333 -0.12699 -0.63156 1.76291 0.21597 0.11554 0.06394 0.07626 -2.05615 -1.17167
0.57112 -0.67635 1.81742 -0.12595 -0.63266 1.76643 0.03327 0.11490 0.03169 0.08290 -1.89675 -1.14661
0.50582 -0.64146 1.83515 -0.12405 -0.62659 1.77793 0.05528 0.11654 0.05796 0.07628 -2.28372 -1.15368
0.45096 -0.62639 1.83959 -0.12747 -0.62726 1.79374 0.04647 0.11527 0.05111 0.07760 -2.14723 -1.07494
0.38879 -0.62715 1.85146 -0.13143 -0.62529 1.79908 0.12009 0.11555 0.06091 0.07762 -0.79213 -1.06484
0.28521 -0.70117 1.72874 -0.12817 -0.58701 1.73803 0.12050 0.12049 0.07768 0.05436 0.25299 -1.95482
0.28169 -0.69932 1.71675 -0.13276 -0.58749 1.73229 0.13412 0.12131 0.07621 0.05777 0.29412 -1.99205
0.28853 -0.60962 1.86349 -0.15095 -0.62301 1.8118 0.12242 0.11636 0.09351 0.06208 -0.04017 -1.26231
0.24648 -0.59864 1.84668 -0.15885 -0.62473 1.8195 0.13455 0.11991 0.07901 0.06578 0.05812 -0.97427
0.23638 -0.59891 1.848 -0.1636 -0.62504 1.82725 0.13336 0.11925 0.07399 0.06330 0.33213 -1.04330
0.18063 -0.65476 1.69716 -0.16084 -0.60249 1.76598 0.12893 0.11182 0.06263 0.06265 1.59589 -0.94809
0.21668 -0.60464 1.83849 -0.16889 -0.62614 1.82658 0.12618 0.11935 0.06253 0.06301 1.26987 -1.75730
0.21061 -0.59398 1.8009 -0.17949 -0.65717 1.75124 0.12161 0.13369 0.05992 0.07761 1.35797 -0.93721
0.21319 -0.60716 1.82565 -0.19465 -0.65499 1.79946 0.12115 0.12499 0.06021 0.07255 1.45091 -0.71908
0.21315 -0.61021 1.83237 -0.19603 -0.65317 1.80962 0.12190 0.12156 0.05967 0.07407 1.41652 -0.69109
0.20863 -0.59733 1.79306 -0.17947 -0.65547 1.74541 0.11865 0.13249 0.05810 0.07835 1.44085 -0.95218
0.20803 -0.59735 1.79244 -0.18046 -0.65554 1.74555 0.11975 0.13087 0.05800 0.06801 1.43023 -0.80211
0.20692 -0.59531 1.78629 -0.17941 -0.65303 1.73937 0.11681 0.13239 0.05836 0.06837 1.38356 -0.81238
0.20699 -0.59528 1.78508 -0.17971 -0.65256 1.73818 0.11741 0.13047 0.06030 0.07827 1.46349 -0.94355
0.20661 -0.59481 1.78469 -0.17842 -0.65435 1.7355 0.11770 0.13246 0.05816 0.06933 1.42217 -0.84337
0.21034 -0.60611 1.81631 -0.19272 -0.65186 1.7889 0.11896 0.12483 0.05939 0.07438 1.39575 -0.75856
0.20696 -0.59532 1.78551 -0.17705 -0.65203 1.73747 0.11794 0.13304 0.05934 0.07499 1.40230 -0.94385
0.2092 -0.60104 1.80376 -0.18548 -0.6516 1.76692 0.11859 0.12897 0.05932 0.10044 1.44146 -0.38882
0.21048 -0.60388 1.81219 -0.16582 -0.66128 1.77386 0.11834 0.12093 0.06009 0.13167 1.47504 0.10743
0.21263 -0.61072 1.83299 -0.21404 -0.40208 1.77414 0.12077 0.12968 0.05980 0.09163 1.44246 -0.44741
0.21232 -0.61132 1.83502 -0.20856 -0.3066 1.72541 0.12023 0.11513 0.06297 0.08385 1.42465 -0.56970
0.21188 -0.65008 1.90747 -0.2265 -0.20588 1.78547 0.12659 0.10319 0.06048 0.10745 1.60532 -0.61115
0.20314 -0.61009 1.80881 -0.21955 -0.07813 1.6619 0.11076 0.15447 0.06227 0.09749 0.92402 0.01033
0.20937 -0.61556 1.84039 -0.22349 0.0194 1.68381 0.11666 0.11164 0.05914 0.05753 1.52146 0.31479
0.20951 -0.61335 1.83558 -0.21593 0.11529 1.68313 0.11565 0.10992 0.05990 0.06287 1.47954 -0.51003
0.21395 -0.61297 1.84929 -0.20746 0.20344 1.70046 0.12162 0.12731 0.06052 0.06248 1.39461 -0.42272
0.21362 -0.61257 1.84779 -0.19386 0.27443 1.71411 0.12094 0.12146 0.06013 0.07611 1.40445 -0.39916
0.21407 -0.61413 1.85164 -0.17981 0.32536 1.73424 0.12245 0.11698 0.06143 0.08124 1.40336 -0.41890
0.21419 -0.61422 1.85325 -0.16555 0.36216 1.75193 0.12326 0.11367 0.05910 0.09300 1.37819 0.12039
0.21465 -0.6155 1.8566 -0.12573 0.39499 1.79564 0.12269 0.11644 0.06026 0.08466 1.38616 -0.25464
0.2145 -0.61565 1.85768 -0.11678 0.39342 1.80566 0.12245 0.11881 0.05933 0.09137 1.45447 -0.33054
0.21459 -0.61646 1.85884 -0.1101 0.39096 1.8155 0.12211 0.11796 0.05954 0.08459 1.45016 -0.28663
0.21414 -0.61896 1.85763 -0.10397 0.38813 1.82479 0.12158 0.11908 0.06146 0.08034 1.42547 -0.26270
0.21456 -0.61924 1.85884 -0.0997 0.38241 1.83351 0.12206 0.12254 0.06166 0.08243 1.37515 -0.20861
0.21467 -0.6194 1.86035 -0.10092 0.37221 1.84 0.12272 0.12978 0.06233 0.08740 1.43530 -0.16782
0.21498 -0.62057 1.86175 -0.11015 0.35133 1.84903 0.12213 0.12288 0.06157 0.08951 1.44146 -0.08834
0.21539 -0.62102 1.86283 -0.12434 0.3339 1.85237 0.12051 0.12530 0.06424 0.09086 1.50139 0.13489
0.21555 -0.6206 1.86257 -0.14703 0.30038 1.85173 0.12188 0.11617 0.06397 0.09771 1.45722 -1.11517
0.18509 -0.65347 1.73955 -0.15858 0.27151 1.79659 0.13172 0.10815 0.06583 0.08668 1.59670 -1.44469
0.21186 -0.62026 1.85068 -0.18425 0.25403 1.85618 0.11723 0.12212 0.06186 0.08990 1.42083 1.28347
0.21555 -0.61891 1.85715 -0.20956 0.21862 1.8591 0.12315 0.12735 0.06266 0.07765 1.47123 0.77251
0.21517 -0.61837 1.85386 -0.25355 0.13481 1.8601 0.12228 0.12852 0.06119 0.08317 1.46842 0.35731
0.21453 -0.61553 1.84603 -0.26806 0.10301 1.85248 0.12061 0.13066 0.06096 0.09200 1.55637 -0.28799
0.21285 -0.61263 1.83597 -0.2827 0.06139 1.84167 0.12011 0.12484 0.06074 0.09119 1.43235 -0.29968
0.21066 -0.60735 1.81847 -0.29411 0.02026 1.82576 0.11973 0.12406 0.06026 0.10470 1.43662 -0.33386
0.20973 -0.60497 1.80997 -0.30004 -0.00344 1.81807 0.11842 0.12054 0.05990 0.10661 1.43907 -0.34527
0.20379 -0.58863 1.76068 -0.29823 -0.03319 1.77366 0.11488 0.11703 0.05843 0.09567 1.45792 -0.35928
0.20384 -0.5899 1.76401 -0.30188 -0.04362 1.7779 0.11383 0.11434 0.05836 0.09749 1.40246 -0.35124
0.20294 -0.58844 1.75948 -0.3022 -0.04955 1.7756 0.11396 0.11867 0.05806 0.09312 1.39772 -0.35612
0.19006 -0.58295 1.70102 -0.29578 -0.05493 1.73204 0.11542 0.10315 0.06275 0.09568 0.86087 -0.35488
0.17259 -0.63018 1.62957 -0.29402 -0.05703 1.72337 0.12019 0.10472 0.06000 0.10621 1.54958 -0.34460
0.17213 -0.62959 1.62758 -0.29334 -0.05993 1.72163 0.12101 0.10558 0.06005 0.10890 1.55910 -0.34817
0.17389 -0.62684 1.63174 -0.29232 -0.06156 1.72056 0.12188 0.10604 0.05989 0.10833 1.56297 -0.37131
0.1978 -0.58652 1.73813 -0.29755 -0.06519 1.7584 0.10909 0.10105 0.05723 0.11267 1.04137 -0.39340
0.19314 -0.57124 1.70369 -0.29083 -0.06607 1.72185 0.10966 0.10019 0.05068 0.10792 1.60682 -0.41752
0.21678 -0.63337 1.9072 -0.32175 -0.06968 1.92353 0.12608 0.12850 0.05559 0.12058 1.60539 -0.40117
0.21989 -0.65878 1.94124 -0.32906 -0.07185 1.96962 0.12273 0.12922 0.06496 0.12486 1.01724 -0.40251
0.22311 -0.65625 1.94902 -0.33025 -0.07284 1.9734 0.12408 0.12925 0.06561 0.12495 0.95347 -0.40033
0.22974 -0.64812 1.95839 -0.33174 -0.07324 1.97653 0.13076 0.13155 0.06167 0.13246 1.48316 -0.37413
0.24467 -0.63875 1.98284 -0.33518 -0.0726 1.99018 0.14756 0.13305 0.07430 0.12498 1.13107 -0.37874
0.28089 -0.60222 2.00855 -0.34061 -0.07632 2.00527 0.16430 0.13156 0.07900 0.11292 0.95646 -0.40891
0.29752 -0.6072 2.042 -0.3439 -0.0766 2.01488 0.15565 0.13172 0.10187 0.12184 -0.44497 -0.37740
0.27923 -0.66717 2.00128 -0.34005 -0.07507 1.98584 0.15171 0.12467 0.09643 0.12703 2.90891 -0.35020
0.29249 -0.65325 1.94964 -0.33691 -0.07345 1.95751 0.11386 0.12531 0.04541 0.11883 2.71177 -0.37609
0.39572 -0.50786 2.08638 -0.34846 -0.07571 2.01811 0.10146 0.13152 0.07851 0.11281 2.97149 -0.39951
0.434 -0.45591 2.13083 -0.34968 -0.07627 2.01967 0.11058 0.13164 0.06996 0.11733 2.82564 -0.37354
0.43399 -0.44207 2.13203 -0.34623 -0.0766 2.00223 0.09887 0.13138 0.06728 0.11452 2.60115 -0.39273
0.43181 -0.4303 2.15895 -0.34643 -0.07576 2.00748 0.10803 0.13118 0.06650 0.12026 2.34079 -0.36397
0.42033 -0.40764 2.16892 -0.34507 -0.07703 2.00297 0.11444 0.13274 0.05462 0.13267 2.17968 -0.34468
0.40668 -0.36107 2.16152 -0.3433 -0.0772 2.00077 0.07732 0.13185 0.08045 0.13321 1.70333 -0.37328
0.39301 -0.32087 2.13951 -0.34215 -0.07658 2.00318 0.06755 0.13210 0.08522 0.12537 1.82708 -0.38904
0.46354 -0.2433 2.24281 -0.36303 -0.08167 2.13463 0.12927 0.14096 0.12715 0.13740 2.45095 -0.38109
0.43674 -0.18706 2.05569 -0.33663 -0.0762 1.9877 0.11239 0.12786 0.11078 0.12227 2.26409 -0.40010
0.44616 -0.17028 2.03704 -0.3368 -0.07601 1.98936 0.10117 0.13059 0.11902 0.12292 2.05739 -0.38748
0.45526 -0.17984 2.0276 -0.33705 -0.0763 1.98736 0.09592 0.12976 0.08481 0.12325 2.69233 -0.42527
0.46628 -0.2151 2.03825 -0.33755 -0.07614 1.99086 0.10297 0.12803 0.08409 0.11736 -3.13689 -0.41328
0.44299 -0.3592 2.09565 -0.33472 -0.07709 1.96443 0.11322 0.12811 0.09024 0.12913 2.76647 -0.38454
0.4213 -0.39656 2.15962 -0.34155 -0.07871 2.00441 0.08867 0.13329 0.06769 0.13114 2.21524 -0.38069
0.46411 -0.26835 2.24992 -0.3631 -0.08427 2.13708 0.12558 0.14318 0.11356 0.12653 2.67696 -0.41310
0.43103 -0.22377 2.07026 -0.33814 -0.07816 1.98596 0.10084 0.12633 0.08229 0.12410 2.55233 -0.41779
0.44175 -0.15079 1.9897 -0.32932 -0.07724 1.94001 0.09614 0.12619 0.10076 0.12499 2.26075 -0.40863
0.49688 -0.12828 2.19802 -0.36605 -0.08618 2.16228 0.10580 0.13739 0.13195 0.14093 2.16874 -0.41345
0.50214 -0.07578 2.18965 -0.36696 -0.08611 2.1779 0.10105 0.13850 0.11653 0.16244 2.01680 -0.38652
0.49339 -0.01644 2.13965 -0.36065 -0.08617 2.14775 0.10038 0.13463 0.10062 0.14838 1.78175 -0.39732
0.44833 0.08838 1.9784 -0.33445 -0.07991 2.00219 0.09064 0.12365 0.08610 0.13121 0.89187 -0.45100
0.44202 0.1286 1.97247 -0.33163 -0.07924 1.98823 0.10228 0.12684 0.09069 0.12892 0.69094 -0.44619
0.43642 0.16354 1.97815 -0.33183 -0.07903 1.98557 0.10824 0.12451 0.08692 0.13025 0.74534 -0.44621
0.41883 0.21448 1.98666 -0.33153 -0.07811 1.98203 0.11330 0.11987 0.08792 0.13301 0.72569 -0.42502
0.41529 0.22749 1.99739 -0.33232 -0.07813 1.98815 0.11880 0.11966 0.08783 0.13230 0.69450 -0.41723
0.40781 0.23712 1.99688 -0.33229 -0.07733 1.98365 0.11966 0.12026 0.09248 0.13131 0.70754 -0.42827
0.40008 0.24485 2.00241 -0.33291 -0.07736 1.98661 0.12081 0.12096 0.08925 0.13455 0.75399 -0.41238
0.39189 0.24667 1.99924 -0.33222 -0.07711 1.98231 0.12071 0.11911 0.08517 0.13293 0.80269 -0.42553
0.38301 0.24721 2.00136 -0.33304 -0.07713 1.9849 0.12406 0.12099 0.08439 0.13313 0.84075 -0.42972
0.36666 0.23834 1.99101 -0.33295 -0.0772 1.98609 0.12706 0.11988 0.07428 0.13280 0.58241 -0.42691
0.35912 0.22848 1.98294 -0.3326 -0.0772 1.98685 0.12505 0.12188 0.07905 0.13452 0.59006 -0.41378
0.34623 0.2159 1.95053 -0.32767 -0.07723 1.95994 0.12346 0.11847 0.07786 0.13321 0.66151 -0.41824
0.34134 0.20505 1.94402 -0.32681 -0.07704 1.95628 0.12507 0.11906 0.08644 0.13158 1.47720 -0.43316
0.32456 0.19116 1.91836 -0.32245 -0.07647 1.93325 0.11876 0.11854 0.12244 0.12905 1.51735 -0.41015
0.29445 0.18034 1.9352 -0.325 -0.07721 1.95398 0.11319 0.11770 0.10320 0.12779 1.61299 -0.43961
0.29932 0.16127 1.95707 -0.32801 -0.0775 1.97608 0.12269 0.12205 0.09469 0.13094 2.19001 -0.41561
0.28857 0.13268 1.87841 -0.31405 -0.07413 1.89821 0.12080 0.11630 0.09422 0.11900 1.26873 -0.44689
0.22942 0.0605 1.95785 -0.3252 -0.07703 1.97435 0.07855 0.12180 0.11503 0.14013 2.01743 -0.39109
0.25296 0.04106 1.93449 -0.32013 -0.07711 1.94946 0.10008 0.11871 0.09592 0.13284 1.78644 -0.43714
0.22021 -0.00012 1.90695 -0.31454 -0.07604 1.91975 0.07104 0.11751 0.09243 0.12993 2.13142 -0.40036
0.21564 -0.01319 1.91249 -0.31463 -0.07614 1.92305 0.06885 0.12089 0.08894 0.12969 2.37414 -0.39689
0.21186 -0.02267 1.91509 -0.3141 -0.07684 1.92452 0.07812 0.11990 0.08910 0.13052 2.41706 -0.40159
0.21003 -0.01733 1.91718 -0.31375 -0.07645 1.92804 0.07828 0.11903 0.12618 0.12980 2.29596 -0.43201
0.20775 -0.01052 1.91823 -0.31354 -0.07689 1.92932 0.08307 0.12203 0.09736 0.13414 2.12324 -0.40834
0.18541 -0.01992 1.91676 -0.31283 -0.07631 1.92863 0.04823 0.12534 0.07261 0.13822 -0.56373 -0.35172
0.18516 -0.01932 1.9178 -0.31361 -0.07694 1.92885 0.04676 0.12513 0.07773 0.12787 1.35430 -0.39378
0.18549 -0.01903 1.92599 -0.31501 -0.07994 1.93501 0.04966 0.11812 0.07470 0.14156 -0.39242 -0.35814
0.18525 -0.01921 1.9262 -0.31508 -0.0803 1.93416 0.04952 0.11694 0.07457 0.13230 -0.44617 -0.39253
0.18465 -0.01914 1.92684 -0.31468 -0.08043 1.93324 0.04874 0.12005 0.07458 0.12860 -0.51565 -0.39720
0.1845 -0.01972 1.92546 -0.31422 -0.08019 1.93296 0.04803 0.11906 0.07560 0.12338 1.02038 -0.42012
0.18429 -0.01904 1.92533 -0.31346 -0.08044 1.93289 0.04781 0.11749 0.07345 0.10936 -0.68945 -0.46539
0.18453 -0.01581 1.9224 -0.31199 -0.08204 1.93459 0.04977 0.12321 0.07768 0.13133 -0.58632 -0.43491
0.184 -0.01304 1.92042 -0.31169 -0.08109 1.93514 0.05318 0.11592 0.07671 0.12870 -0.90683 -0.40992
0.18216 -0.00675 1.91445 -0.31133 -0.08203 1.93448 0.05145 0.12250 0.08291 0.13027 -1.22585 -0.43161
0.17908 0.00122 1.90749 -0.31183 -0.08143 1.93524 0.05688 0.12252 0.08262 0.13589 -1.44769 -0.39316
0.19421 0.03272 1.90397 -0.31337 -0.08157 1.94432 0.07377 0.12061 0.05983 0.14482 -1.26575 -0.37527
0.19078 0.04233 1.9056 -0.31431 -0.08159 1.95053 0.08249 0.12049 0.06610 0.13713 -1.40548 -0.36964
0.22145 0.07585 1.91769 -0.31622 -0.08217 1.96375 0.12596 0.11987 0.06623 0.13547 -0.94037 -0.42140
0.20678 0.08221 1.92538 -0.31802 -0.08153 1.97764 0.12639 0.11822 0.06624 0.13705 -1.27119 -0.41447
0.2007 0.0899 1.9197 -0.31705 -0.08123 1.97758 0.13662 0.11879 0.09091 0.13437 -1.04816 -0.43306
0.18406 0.09554 1.9153 -0.31649 -0.08154 1.97833 0.13704 0.11882 0.09671 0.13123 2.05217 -0.43202
0.1707 0.10153 1.90958 -0.31506 -0.08142 1.97891 0.13184 0.11545 0.09854 0.11687 2.15900 -0.46187
0.16606 0.11234 1.90431 -0.31426 -0.08198 1.97971 0.12785 0.11975 0.11201 0.13365 2.32830 -0.40497
0.1135 0.10761 1.9058 -0.31422 -0.08188 1.98299 0.11573 0.11786 0.08855 0.13574 1.96097 -0.38250
0.09133 0.11135 1.90313 -0.31334 -0.08117 1.9829 0.10784 0.11865 0.08819 0.13603 2.16420 -0.40692
0.04019 0.11164 1.8989 -0.31277 -0.08129 1.98073 0.10163 0.11517 0.10881 0.13685 2.02500 -0.39040
0.02496 0.1143 1.90385 -0.31363 -0.08221 1.98761 0.10741 0.11586 0.05128 0.13818 1.95935 -0.38589
0.01271 0.11994 1.90299 -0.3138 -0.08236 1.99013 0.10668 0.11921 0.10155 0.14072 2.09493 -0.29779
-0.00399 0.12018 1.90585 -0.31315 -0.08315 1.99388 0.10189 0.11944 0.09771 0.13282 2.10882 -0.36095
-0.03581 0.11166 1.90642 -0.31189 -0.083 1.99357 0.08895 0.11979 0.05526 0.07415 2.23370 -0.63124
-0.04842 0.1101 1.90823 -0.31142 -0.08606 1.99527 0.08703 0.11684 0.04469 0.10093 2.26856 -0.49635
-0.08473 0.11151 1.93831 -0.3089 -0.08453 2.00766 0.06511 0.12400 0.02747 0.07548 2.37631 -0.62103
-0.1155 0.06925 1.94308 -0.30079 -0.0746 2.00906 0.09902 0.14480 0.05279 0.10462 2.38013 -0.56981
-0.09586 0.0716 1.76281 -0.11456 0.04767 1.78581 0.05025 0.11502 0.04054 0.06496 2.46424 -1.19807
-0.11666 0.06278 1.79512 -0.23306 -0.01666 1.83975 0.07655 0.15848 0.04556 0.07660 2.45560 -0.79158
-0.10405 0.06874 1.76717 -0.12665 0.04077 1.79271 0.04612 0.12162 0.04487 0.05958 2.57453 -1.18514
-0.12143 0.06443 1.79227 -0.2353 -0.01671 1.83737 0.07187 0.15553 0.03967 0.13692 2.48467 -0.30387
-0.11725 0.061 1.78624 -0.24856 -0.02799 1.83612 0.05897 0.15839 0.05279 0.14902 2.35815 -0.81361
-0.11814 0.07576 1.78936 -0.23516 -0.01478 1.83409 0.06867 0.15589 0.03819 0.08233 2.44313 -1.00498
-0.11914 0.06078 1.78259 -0.248 -0.02618 1.83224 0.05593 0.15660 0.04785 0.15063 2.41026 -0.68726
-0.11905 0.0751 1.78664 -0.23486 -0.01468 1.83278 0.06302 0.15645 0.03810 0.12297 2.46949 -0.41603
-0.11875 0.06122 1.78025 -0.25024 -0.02845 1.83361 0.05315 0.15814 0.04619 0.15486 2.41931 -1.77289
-0.13148 0.05302 1.794 -0.23594 -0.01615 1.8349 0.07896 0.15822 0.04357 0.09573 2.50518 2.69646
-0.13015 0.05348 1.79586 -0.23863 -0.01794 1.83526 0.07269 0.16053 0.04933 0.09503 2.51301 2.77032
-0.11413 0.06383 1.78211 -0.25202 -0.03147 1.83391 0.04756 0.16334 0.04100 0.05875 2.49450 1.20085
-0.12283 0.05703 1.79994 -0.24494 -0.0233 1.83565 0.06578 0.16830 0.05210 0.08316 2.46063 -2.41774
0.05807 0.10336 2.09991 -0.34282 -0.09425 2.20297 0.13973 0.14560 0.11333 0.09121 1.32019 2.70730
0.06564 0.09832 2.07327 -0.33853 -0.09421 2.1703 0.13780 0.13152 0.09975 0.10050 -2.23191 2.84843
0.07147 0.08248 1.90955 -0.31177 -0.09082 1.98986 0.12213 0.13079 0.09556 0.08227 1.23451 2.69525
0.094 0.06963 1.90846 -0.31292 -0.0941 1.98001 0.12063 0.13264 0.10221 0.08110 1.28701 2.79149
0.14439 0.04774 1.90976 -0.31437 -0.10355 1.97919 0.12160 0.13319 0.10354 0.07956 1.80551 2.78149
0.19651 -0.05289 1.78072 -0.29556 -0.14658 1.81657 0.01270 0.09096 0.09627 0.06403 2.68853 2.95506
0.35005 -0.14322 1.97382 -0.32455 -0.25199 2.08055 0.04982 0.12465 0.05746 0.08842 1.51215 2.96605
0.48218 -0.2203 2.0533 -0.3178 -0.32313 2.11844 0.13276 0.09222 0.10484 0.08154 2.05966 2.89424
0.53071 -0.29887 2.04242 -0.30116 -0.37848 2.10203 0.12896 0.08972 0.09133 0.09736 1.79510 2.71185
0.56132 -0.35843 1.96678 -0.26949 -0.41357 1.99703 0.12981 0.09637 0.08096 0.08023 1.62272 2.75335
0.59984 -0.46878 1.85372 -0.22688 -0.45141 1.80876 0.10578 0.06048 0.06172 0.04895 0.51362 2.43203
0.60965 -0.50496 1.86534 -0.19029 -0.53479 1.74922 0.11849 0.12974 0.07542 0.11380 1.37981 2.57146
0.62949 -0.54956 1.93452 -0.17399 -0.57548 1.83137 0.14376 0.06573 0.07476 0.08650 2.24971 -2.95523
0.63943 -0.57759 1.95637 -0.16615 -0.57914 1.82345 0.13556 0.07437 0.09453 0.08580 -1.80364 -3.04771
0.64392 -0.59703 1.96609 -0.15786 -0.58168 1.81478 0.12845 0.06998 0.07224 0.09016 -1.97366 -3.13708
0.65301 -0.61352 1.93733 -0.13962 -0.5835 1.75905 0.11969 0.11808 0.06512 0.04844 -2.00837 2.26064
0.7258 -0.66012 1.90241 -0.13432 -0.59256 1.76375 0.16389 0.10831 0.04842 0.05154 -3.04696 2.06348
0.72126 -0.73156 1.87607 -0.10905 -0.6254 1.64459 0.07770 0.11605 0.10269 0.07331 -2.71759 1.46360
0.73386 -0.75313 1.91385 -0.12601 -0.59205 1.73072 0.08193 0.10845 0.10201 0.05354 -2.74082 1.92311
0.74844 -0.76318 1.93717 -0.12672 -0.60262 1.75256 0.10735 0.10636 0.11555 0.05657 -2.60420 1.95341
0.73388 -0.7509 1.89499 -0.13283 -0.58942 1.74021 0.11447 0.09188 0.11270 0.09394 -2.61942 2.82780
0.75113 -0.76743 1.92737 -0.12594 -0.61012 1.74908 0.11031 0.10757 0.10028 0.06246 -2.58076 1.91228
0.75419 -0.76952 1.92102 -0.12565 -0.61274 1.74627 0.08659 0.10958 0.10781 0.06132 -1.42546 1.91851
0.74293 -0.75682 1.87983 -0.1088 -0.61802 1.6935 0.09277 0.12356 0.10384 0.09626 -1.54485 1.07902
0.74084 -0.76052 1.87943 -0.11366 -0.61672 1.70277 0.09895 0.11816 0.10647 0.08699 -2.22894 1.22269
0.74189 -0.76126 1.88026 -0.11417 -0.61796 1.70588 0.09499 0.11675 0.13394 0.06365 -1.91285 1.74086
0.74149 -0.76297 1.88285 -0.11526 -0.61994 1.71428 0.10103 0.11605 0.07816 0.08601 -1.44427 1.27418
0.74711 -0.77291 1.90351 -0.12172 -0.6213 1.74259 0.10053 0.11656 0.08491 0.06461 -1.41679 1.87101
0.7474 -0.77355 1.90418 -0.12266 -0.62335 1.74235 0.10023 0.11514 0.09349 0.06213 -1.47943 1.85833
0.75102 -0.77787 1.91047 -0.12264 -0.62453 1.74864 0.10033 0.11658 0.09463 0.06258 -1.11502 1.83141
0.75072 -0.77786 1.9072 -0.12237 -0.62435 1.74496 0.10029 0.11446 0.07355 0.06267 -2.37432 1.87756
0.74946 -0.7765 1.90281 -0.143 -0.65744 1.7085 0.09943 0.12933 0.05506 0.06911 2.08356 1.85655
0.74943 -0.7758 1.90169 -0.14302 -0.65947 1.704 0.09831 0.13071 0.10768 0.06590 -1.69889 1.84807
0.74818 -0.77578 1.89695 -0.14243 -0.65797 1.69965 0.09683 0.12931 0.10233 0.06350 -1.12733 1.84555
0.74903 -0.77658 1.89873 -0.14105 -0.64599 1.71833 0.09677 0.12176 0.10584 0.07033 -0.97960 2.09458
0.75261 -0.7785 1.90358 -0.14148 -0.64945 1.71853 0.09526 0.12314 0.12392 0.07119 -2.02148 1.82222
0.76172 -0.7728 1.89543 -0.14203 -0.64837 1.71509 0.08968 0.12497 0.09023 0.07051 -1.68006 1.85171
]
