classifier_Man_bumps_into_man_18346 [ 0.50591 -0.6911 1.65848 -0.12913 -0.53868 1.7577 0.12053 0.10314 0.13983 0.05771 -2.00904 -1.78046
0.50979 -0.69559 1.6614 -0.13342 -0.55059 1.74304 0.11820 0.09450 0.13765 0.06403 -2.10609 -1.62885
0.54321 -0.74399 1.77855 -0.14433 -0.55673 2.00179 0.12966 0.15668 0.14932 0.09035 -2.05026 -1.48920
0.54571 -0.74568 1.79073 -0.1442 -0.55531 1.99698 0.14200 0.15730 0.13415 0.13071 -2.05290 -1.73237
0.53812 -0.73615 1.80364 -0.14449 -0.54688 1.96952 0.14650 0.14344 0.15289 0.09514 -2.12009 -1.52574
0.47814 -0.6613 1.6433 -0.12584 -0.48889 1.70193 0.14410 0.08576 0.15012 0.06750 -2.24662 -1.39240
0.45806 -0.65119 1.6409 -0.10986 -0.48038 1.66334 0.14762 0.08651 0.08385 0.04925 -1.91713 -0.74235
0.44393 -0.65533 1.64374 -0.089 -0.4356 1.67528 0.14766 0.09191 0.11989 0.06300 -2.30818 0.05318
0.44741 -0.68173 1.72594 -0.07102 -0.35506 1.74432 0.12084 0.06517 0.06428 0.04804 2.62833 1.01099
0.43695 -0.69819 1.79041 -0.04951 -0.25539 1.81648 0.15067 0.06168 0.05714 0.06397 2.87124 1.89830
0.4039 -0.71379 1.79545 -0.03945 -0.06056 1.85545 0.16766 0.09429 0.16663 0.07157 -1.96375 2.89660
0.3459 -0.69667 1.78443 -0.03696 0.00395 1.8938 0.12245 0.11249 0.08569 0.06480 -2.77487 2.66244
0.34463 -0.69881 1.77797 -0.03304 0.04828 1.91498 0.11715 0.11497 0.08240 0.07226 2.97917 2.78518
0.34225 -0.70546 1.77544 -0.02726 0.0772 1.93599 0.09313 0.10783 0.08182 0.07268 3.00820 2.90642
0.33958 -0.70982 1.77705 -0.02406 0.08217 1.94872 0.10856 0.09201 0.06598 0.07024 1.47678 2.94359
0.33866 -0.71064 1.78723 -0.00929 0.09538 1.96929 0.10605 0.08184 0.07643 0.07007 2.92766 2.76870
0.34032 -0.71423 1.78994 -0.00185 0.08379 1.9775 0.11110 0.08036 0.07464 0.06924 3.10116 2.68797
0.33913 -0.71447 1.79412 0.00727 0.06744 1.9845 0.11062 0.07339 0.07088 0.06934 -1.90316 2.57815
0.34006 -0.71285 1.80133 0.01163 0.03411 1.98791 0.11710 0.07230 0.08107 0.07251 3.13544 2.40856
0.3428 -0.71765 1.80379 0.00172 -0.029 1.98732 0.12753 0.08591 0.07125 0.07387 -1.99962 2.72423
0.34333 -0.71543 1.81471 0.00103 -0.17972 1.99127 0.10526 0.08665 0.06995 0.11183 -1.94848 2.26949
0.34277 -0.71315 1.81223 -0.00068 -0.19014 1.97527 0.11174 0.07620 0.06835 0.10618 -2.02238 2.23817
0.38207 -0.76692 2.05852 -0.06785 -0.23782 2.12841 0.14906 0.10201 0.09414 0.12692 -1.74378 1.93362
0.35316 -0.71016 1.89864 -0.08696 -0.16782 1.95012 0.13777 0.12676 0.08875 0.10507 -1.72493 3.03859
0.37427 -0.75338 2.01464 -0.15071 -0.18391 2.0283 0.15593 0.07903 0.09358 0.08474 -1.63990 2.56567
0.36823 -0.74474 2.00326 -0.20008 -0.15469 1.97509 0.15600 0.06788 0.10113 0.06725 -0.45854 2.82437
0.36869 -0.70539 2.08476 -0.24354 -0.13162 1.96335 0.14658 0.07323 0.04495 0.07220 -2.02487 2.85984
0.34919 -0.67252 1.98037 -0.26487 -0.11057 1.85705 0.14218 0.07371 0.05029 0.11147 -2.21186 0.01669
0.34477 -0.72261 1.82997 -0.30698 -0.10596 1.84862 0.11680 0.07318 0.06906 0.11247 -2.77538 0.37518
0.34431 -0.72486 1.8323 -0.31082 -0.14799 1.84039 0.12524 0.07096 0.06442 0.11394 -1.92035 -0.05576
0.34764 -0.73042 1.84551 -0.29671 -0.24343 1.85731 0.11852 0.07005 0.07064 0.10170 -1.99707 -0.09312
0.35531 -0.6717 1.99504 -0.29674 -0.25608 1.85944 0.14070 0.06839 0.05413 0.10953 -2.87470 -0.10069
0.36165 -0.66406 1.97963 -0.3021 -0.24464 1.86088 0.11993 0.06789 0.03999 0.10292 0.18687 0.05219
0.36538 -0.65665 1.9615 -0.30417 -0.23823 1.86073 0.11688 0.07102 0.02779 0.10874 -0.05944 0.05808
0.35538 -0.59923 1.96099 -0.30745 -0.23597 1.86324 0.06138 0.07335 0.04256 0.10392 -2.87148 0.07020
0.35312 -0.62198 1.79077 -0.30749 -0.2373 1.8672 0.05220 0.07148 0.02349 0.11166 -1.77381 0.03337
0.34318 -0.57576 1.81053 -0.30642 -0.24191 1.8669 0.04500 0.07009 0.02766 0.10968 -0.83815 -0.00476
0.27017 -0.46743 1.79921 -0.30661 -0.24811 1.88317 0.07040 0.07037 0.05730 0.11074 -0.58424 -0.06084
0.22582 -0.34096 1.73644 -0.29161 -0.24121 1.80608 0.08056 0.06617 0.03985 0.10826 -2.04443 -0.13282
0.20065 -0.25554 1.88641 -0.31023 -0.26077 1.933 0.08086 0.07004 0.05041 0.11569 -2.35088 -0.18675
0.16156 -0.14722 1.81547 -0.29041 -0.24832 1.8226 0.07982 0.06831 0.06378 0.11026 -2.69568 -0.25327
0.11731 0.02109 1.85223 -0.27905 -0.24251 1.78228 0.10096 0.06528 0.05488 0.10514 -2.87833 -0.29936
0.12405 0.02695 1.89493 -0.27968 -0.24556 1.79824 0.08084 0.06774 0.06592 0.10766 -2.90275 -0.30824
0.12045 0.05399 1.92604 -0.28072 -0.24813 1.81242 0.09954 0.06673 0.06942 0.10876 -2.97094 -0.31120
0.10055 0.09959 1.94606 -0.27971 -0.24713 1.81431 0.08391 0.06811 0.06574 0.10723 -2.92402 -0.28241
0.09176 0.10965 1.94635 -0.27853 -0.24712 1.81012 0.08096 0.06858 0.06438 0.10783 -2.91375 -0.24857
0.08454 0.09911 1.94073 -0.27825 -0.24619 1.80798 0.06233 0.06771 0.06531 0.10644 -2.97408 -0.22906
0.05983 0.10542 1.95182 -0.27909 -0.24725 1.80667 0.05954 0.06722 0.06599 0.10757 -2.77148 -0.19813
0.05375 0.06791 1.959 -0.28001 -0.24682 1.81196 0.10331 0.06717 0.07107 0.10686 -2.91143 -0.13430
0.06088 -0.07699 1.93392 -0.28171 -0.24769 1.81145 0.08918 0.06514 0.06790 0.10943 -2.66549 -0.04102
0.05513 -0.1769 1.94574 -0.28396 -0.24868 1.8108 0.09185 0.06569 0.09939 0.10872 -2.43249 0.03284
0.05572 -0.19023 1.94873 -0.28314 -0.24663 1.81507 0.07897 0.06696 0.09508 0.10684 -2.24252 -0.02255
0.06072 -0.18958 1.95449 -0.2824 -0.24567 1.81505 0.08057 0.06778 0.10094 0.11254 -2.40000 -0.04242
0.07147 -0.18011 1.95264 -0.2818 -0.24394 1.81391 0.08201 0.06897 0.10453 0.10702 -2.50904 -0.07922
0.09865 -0.15036 1.91223 -0.2809 -0.2424 1.81362 0.07452 0.06851 0.06825 0.10560 -2.25447 -0.09123
0.11241 -0.13801 1.91156 -0.2796 -0.24 1.81202 0.07949 0.06901 0.07854 0.10615 -2.46047 -0.09191
0.26396 -0.10648 1.81217 -0.27338 -0.23886 1.81545 0.07520 0.06926 0.06373 0.10991 -2.70664 -0.24433
0.28422 -0.23115 1.90574 -0.28927 -0.25784 1.93029 0.06326 0.07254 0.08428 0.11440 -2.77659 -0.27724
0.27477 -0.25939 1.80334 -0.27345 -0.24066 1.81906 0.06913 0.06783 0.07107 0.10712 -2.40042 -0.21196
0.27548 -0.25707 1.80464 -0.27399 -0.2378 1.82149 0.06844 0.06889 0.06942 0.11004 -2.52846 -0.16493
0.27192 -0.25388 1.80183 -0.2773 -0.2365 1.82144 0.06642 0.06790 0.06598 0.10661 -2.50842 -0.07448
0.26772 -0.25482 1.79948 -0.27851 -0.23628 1.82334 0.06991 0.06598 0.06790 0.10545 -2.48174 -0.04764
0.28042 -0.27153 1.92371 -0.29837 -0.25327 1.95469 0.07287 0.07215 0.07327 0.11257 -2.46241 -0.05862
0.25315 -0.26704 1.89054 -0.29233 -0.2524 1.93842 0.06904 0.07293 0.07031 0.11342 -2.47226 -0.13359
0.21549 -0.2497 1.7663 -0.27166 -0.23806 1.81826 0.06682 0.06609 0.06373 0.10751 -2.32541 -0.20368
0.09521 -0.2397 1.84752 -0.26298 -0.24376 1.91471 0.06064 0.06833 0.10820 0.11528 1.52585 -0.30999
-0.0142 -0.22696 1.72225 -0.20928 -0.21585 1.7732 0.06431 0.07076 0.09193 0.09295 1.64428 -0.25500
-0.07548 -0.2159 1.72941 -0.09861 -0.21191 1.72995 0.10194 0.05446 0.06878 0.04749 0.59942 1.83004
-0.04861 -0.27255 1.74365 -0.11652 -0.21617 1.73088 0.10405 0.04425 0.03371 0.06545 0.79117 1.24960
-0.13109 -0.19807 1.69222 -0.12575 -0.19763 1.69221 0.08721 0.05546 0.06407 0.06788 -0.64825 1.58736
0.03836 -0.20308 1.72378 -0.23053 -0.16317 1.74407 0.05954 0.01889 0.10163 0.07061 0.37573 0.90995
0.22959 -0.2399 1.87551 -0.2752 -0.21705 1.92981 0.12507 0.11759 0.10608 0.11361 0.25088 -0.11385
0.26101 -0.26684 1.99459 -0.29473 -0.23402 2.04415 0.06594 0.07140 0.11627 0.12219 0.56648 -0.19847
0.27077 -0.27062 2.00153 -0.29669 -0.23781 2.04736 0.07057 0.07144 0.11148 0.12087 0.56428 -0.21504
0.27482 -0.27299 2.00601 -0.29846 -0.24192 2.04963 0.06906 0.07247 0.11975 0.12436 0.57586 -0.22189
0.25603 -0.26468 1.8842 -0.28251 -0.22904 1.92934 0.06723 0.07030 0.10291 0.11050 0.44767 -0.19153
0.24395 -0.25561 1.80286 -0.27048 -0.21954 1.84553 0.06236 0.06603 0.10871 0.11173 0.49906 -0.21737
0.24262 -0.2626 1.77712 -0.26668 -0.2184 1.82061 0.06448 0.06417 0.10082 0.10836 0.42784 -0.23097
0.23333 -0.25634 1.68453 -0.25341 -0.21523 1.72625 0.06285 0.06080 0.09398 0.09818 0.40601 -0.08890
0.24825 -0.27672 1.7597 -0.2648 -0.2249 1.80624 0.06378 0.06392 0.09705 0.10536 0.42251 -0.10205
0.30205 -0.34895 1.84049 -0.28212 -0.23588 1.93058 0.05658 0.06661 0.09231 0.11452 0.58931 -0.22854
0.32003 -0.36751 1.7221 -0.26974 -0.23472 1.84863 0.04097 0.06518 0.07512 0.11511 0.92218 -0.13924
0.33656 -0.39788 1.68142 -0.26323 -0.22996 1.80857 0.06279 0.06528 0.05206 0.11469 1.75262 -0.13486
0.36981 -0.43672 1.63932 -0.25968 -0.228 1.78887 0.06679 0.06204 0.04362 0.10356 0.61289 -0.15360
0.41084 -0.52051 1.66421 -0.26147 -0.2316 1.81133 0.11256 0.06570 0.07537 0.10936 1.17728 -0.14671
0.45037 -0.59015 1.60438 -0.25287 -0.22466 1.75334 0.11875 0.06336 0.07845 0.10637 0.21168 -0.14415
0.46621 -0.62136 1.60924 -0.25285 -0.22446 1.75344 0.10428 0.06233 0.06573 0.10275 0.31674 -0.12498
0.47774 -0.6365 1.60353 -0.2528 -0.22385 1.75314 0.10794 0.06329 0.06037 0.10522 1.60862 -0.10946
0.4911 -0.66555 1.60863 -0.25455 -0.22824 1.769 0.10532 0.06251 0.04967 0.10724 1.10568 -0.12914
0.49099 -0.66876 1.60175 -0.25216 -0.23187 1.76204 0.10846 0.06588 0.05295 0.10659 1.01021 -0.21039
0.49185 -0.6694 1.60367 -0.25069 -0.23375 1.76144 0.10853 0.07550 0.05261 0.10843 1.00802 -0.25489
0.48934 -0.67064 1.59641 -0.24223 -0.24429 1.75006 0.11146 0.10646 0.05189 0.09524 1.18738 -0.52671
0.47814 -0.65416 1.55685 -0.23078 -0.25323 1.69957 0.10496 0.08247 0.04971 0.08232 1.21162 -0.18490
0.49553 -0.67729 1.6141 -0.22267 -0.31165 1.73242 0.11167 0.07308 0.06172 0.06915 1.34198 -0.58271
0.50294 -0.68782 1.63444 -0.21732 -0.34884 1.73829 0.11432 0.08043 0.05194 0.06264 1.38431 -1.22615
0.48017 -0.65674 1.56397 -0.20359 -0.37526 1.64645 0.11089 0.07851 0.05305 0.04084 1.57315 -0.08460
0.47458 -0.64908 1.54574 -0.19602 -0.41292 1.61861 0.11012 0.06834 0.05131 0.04955 1.34075 -0.71896
0.49277 -0.67517 1.60662 -0.1728 -0.50432 1.69634 0.11335 0.09319 0.05076 0.06634 1.41318 -1.65411
0.49318 -0.67313 1.59989 -0.16289 -0.5067 1.73112 0.11007 0.10724 0.05194 0.05788 1.25409 -1.79722
0.49306 -0.67214 1.59649 -0.14319 -0.51565 1.77724 0.11409 0.11528 0.11850 0.08966 -1.85929 -1.88378
0.49225 -0.67125 1.59516 -0.12452 -0.54596 1.71348 0.11232 0.12420 0.12775 0.05744 -2.10302 -2.09397
]
