classifier_Man_weaves_and_bumps_into_monkey_25172 [ 0.58623 -0.73686 2.04517 -0.18196 -0.60622 1.82586 0.08612 0.11271 0.09744 0.07823 -1.54021 1.92456
0.57828 -0.7316 2.04344 -0.17906 -0.60305 1.82204 0.12627 0.11500 0.12854 0.08064 -1.47666 1.90059
0.58433 -0.73226 2.02995 -0.1774 -0.59962 1.81418 0.10414 0.11442 0.11473 0.08059 -1.64371 1.88153
0.58053 -0.72891 2.02759 -0.17546 -0.59821 1.80878 0.11286 0.11543 0.11197 0.08230 -1.66747 1.88890
0.58381 -0.72505 2.02984 -0.17381 -0.5964 1.80359 0.14520 0.11281 0.11110 0.08287 -1.59828 1.89223
0.58209 -0.72105 2.02703 -0.17047 -0.59374 1.79889 0.14290 0.11493 0.07111 0.08548 1.00640 1.87901
0.58311 -0.72714 2.04264 -0.17255 -0.5948 1.81182 0.14391 0.11650 0.12507 0.08972 -2.10660 1.93506
0.58148 -0.72649 2.04524 -0.17917 -0.59795 1.79405 0.13135 0.11749 0.13517 0.08112 -2.14380 1.95708
0.57701 -0.72478 2.05803 -0.18187 -0.593 1.79633 0.16101 0.12098 0.14587 0.08049 -2.16359 2.04785
0.57868 -0.71408 2.05725 -0.19178 -0.58728 1.82197 0.08361 0.12430 0.12717 0.08069 -2.18283 2.20903
0.56676 -0.69288 2.03749 -0.20361 -0.57502 1.82543 0.11184 0.12861 0.15385 0.07030 -2.57677 2.71638
0.51907 -0.63405 2.02222 -0.22818 -0.54407 1.86341 0.14202 0.10743 0.13734 0.10651 -2.99329 3.07651
0.46884 -0.55134 1.86012 -0.24018 -0.50412 1.77612 0.12216 0.11071 0.05394 0.10738 -1.97962 -2.63594
0.41895 -0.49848 1.76439 -0.29684 -0.44233 1.71753 0.10326 0.08428 0.04322 0.06433 -1.95262 -1.65729
0.42131 -0.51022 1.85069 -0.3229 -0.50049 1.80229 0.10407 0.15580 0.04667 0.08228 -2.17505 -2.33536
0.40476 -0.50326 1.89667 -0.37813 -0.46749 1.87405 0.10895 0.09862 0.05080 0.09901 -2.26377 -2.58749
0.39686 -0.5091 1.96092 -0.4068 -0.48753 1.93155 0.11092 0.09416 0.05743 0.10551 -2.46987 -2.63716
0.38226 -0.5026 1.97386 -0.42044 -0.492 1.93632 0.11065 0.08959 0.05262 0.11060 -1.34359 -2.64958
0.3835 -0.50507 2.03796 -0.4414 -0.5053 1.99915 0.11337 0.09392 0.05218 0.10196 -2.98189 -2.63128
0.3098 -0.59662 1.94317 -0.42049 -0.48128 1.9236 0.15665 0.08939 0.04554 0.10838 2.53088 -2.60571
0.28513 -0.60502 2.04202 -0.39755 -0.45635 2.01037 0.12872 0.09399 0.06856 0.12939 2.21635 -2.54923
0.19519 -0.34178 2.26635 -0.30591 -0.34151 2.25184 0.15685 0.12484 0.17241 0.07332 -1.05991 -1.40002
0.15835 -0.22587 2.09913 -0.24347 -0.28321 2.10887 0.12640 0.13530 0.11934 0.11884 -0.64296 -1.98852
0.17062 -0.19228 2.08188 -0.25062 -0.19466 2.07626 0.13514 0.13249 0.10987 0.10521 -0.61903 -1.98592
0.31401 -0.27199 2.11047 -0.35483 -0.28297 2.14076 0.15017 0.09809 0.09205 0.07566 -0.17797 -1.31395
0.12947 -0.36271 2.10699 -0.282 -0.28265 2.14128 0.12448 0.12938 0.14866 0.10613 -0.91291 -1.43227
0.13649 -0.30048 2.07514 -0.23136 -0.23511 2.07725 0.10428 0.13262 0.13063 0.12052 -1.02750 -2.23881
0.15197 -0.29317 2.06174 -0.27476 -0.18116 2.04423 0.10313 0.11994 0.13687 0.09550 -1.04187 -1.45898
0.1615 -0.20906 2.06264 -0.36489 -0.06275 1.92191 0.08498 0.09428 0.11710 0.07416 -1.52556 -1.90915
0.2883 -0.19458 2.10586 -0.38517 -0.00258 1.92179 0.08252 0.10505 0.11264 0.06975 1.75235 -0.99095
0.26099 -0.1976 2.07472 -0.37533 0.0903 1.85804 0.07812 0.05885 0.10173 0.04618 1.81139 -0.65224
0.24605 -0.23367 2.04085 -0.41819 0.12715 1.8883 0.07297 0.10348 0.11537 0.06023 1.75711 -0.58072
0.2478 -0.2449 2.0122 -0.42312 0.12219 1.86114 0.05392 0.10614 0.11056 0.06386 1.98600 -0.58152
0.25015 -0.27223 1.98638 -0.42711 0.09735 1.82395 0.05488 0.10217 0.10745 0.06060 1.71698 -0.67771
0.25423 -0.29515 1.99174 -0.43129 0.06168 1.79927 0.06196 0.09812 0.11154 0.06380 1.72055 -0.63663
0.24331 -0.32472 1.95343 -0.42485 0.00884 1.74433 0.05091 0.09705 0.11027 0.06217 1.70178 -0.65849
0.25156 -0.36471 2.00033 -0.42255 -0.01026 1.73977 0.04660 0.09782 0.11756 0.06420 2.56235 -0.68997
0.25778 -0.37711 2.00625 -0.42727 -0.00822 1.7417 0.13019 0.10082 0.12909 0.06386 -1.97254 -0.65455
0.27722 -0.37363 2.03588 -0.44139 -4E-05 1.76798 0.05837 0.10636 0.12872 0.06545 1.52394 -0.42507
0.27634 -0.37434 2.03449 -0.44505 0.00085 1.77323 0.06006 0.10625 0.12754 0.06231 1.44993 -0.41590
0.26866 -0.38194 2.00221 -0.44197 0.00294 1.75799 0.05370 0.10515 0.12875 0.05301 1.65571 -0.46082
0.26217 -0.37455 1.99182 -0.44307 0.00412 1.76106 0.05792 0.10492 0.12549 0.05743 1.43053 -0.29283
0.25596 -0.36448 1.99067 -0.44568 0.0053 1.77092 0.06093 0.10406 0.11897 0.06939 1.27665 -0.27777
0.24426 -0.35001 1.98091 -0.44796 0.00325 1.77448 0.06641 0.10186 0.11225 0.06208 1.23653 -0.27084
0.23 -0.33435 1.97884 -0.45344 0.00189 1.78541 0.07326 0.10421 0.10728 0.05412 1.20897 -0.30140
0.21092 -0.31847 1.95602 -0.45548 0.00037 1.77546 0.07370 0.10299 0.10332 0.06566 1.30417 -0.31520
0.12828 -0.28192 1.90457 -0.45919 -0.00558 1.75493 0.05482 0.10032 0.10015 0.05350 2.07776 -0.28591
0.12538 -0.27009 1.93341 -0.47045 -0.01099 1.79297 0.09362 0.10335 0.07576 0.05814 1.65373 -0.09240
0.1017 -0.22724 1.9696 -0.48388 -0.01658 1.84947 0.12717 0.10386 0.07779 0.05280 1.59737 -0.19065
0.05301 -0.15104 1.91606 -0.48623 -0.02051 1.8722 0.09386 0.10257 0.11456 0.06912 1.60931 -0.43466
-0.00165 -0.00705 1.798 -0.46618 -0.01989 1.8097 0.04594 0.09876 0.06008 0.05785 1.16081 -0.38657
-0.01846 0.22599 1.83083 -0.46628 -0.01169 1.84099 0.10645 0.10072 0.16367 0.06165 0.37655 -0.55203
-0.03051 0.31346 1.86929 -0.47085 -0.00774 1.86383 0.11395 0.10336 0.15776 0.05408 0.16550 -0.55739
-0.04771 0.39086 1.90512 -0.4713 -0.00555 1.86169 0.10605 0.10512 0.13621 0.06249 0.08072 -0.57532
-0.04917 0.4231 1.94582 -0.46884 -0.00275 1.8456 0.11982 0.10351 0.10466 0.06250 0.00874 -0.55684
-0.06492 0.44564 2.00402 -0.47613 0.0001 1.85463 0.12266 0.10213 0.08565 0.06302 -0.07716 -0.50390
-0.06365 0.4386 2.00964 -0.48126 0.00012 1.85147 0.10797 0.10985 0.09379 0.05987 -0.06183 -0.37429
-0.06191 0.43117 2.00807 -0.48177 0.00372 1.84541 0.10003 0.11017 0.09020 0.06959 -0.07277 -0.28404
-0.05756 0.41884 2.00916 -0.48392 0.00361 1.84452 0.09325 0.11020 0.09153 0.06075 -0.06922 -0.57462
-0.05371 0.39905 2.00801 -0.48549 0.00365 1.84273 0.10391 0.11217 0.11452 0.06417 0.70794 -0.40180
-0.03387 0.37411 2.00234 -0.48654 0.00504 1.84682 0.12042 0.11206 0.10588 0.06411 0.06481 -0.54560
0.1189 0.23999 1.90117 -0.48063 -0.00266 1.83815 0.08493 0.11470 0.08543 0.06582 0.34068 -0.66722
0.16661 0.1673 1.8857 -0.47659 -0.0059 1.83256 0.07849 0.11257 0.06472 0.05943 0.42075 -0.81998
0.20885 0.10547 1.87984 -0.47191 -0.00739 1.82895 0.13472 0.11077 0.06157 0.05897 0.51874 -0.74692
0.25123 -0.03871 1.78435 -0.4377 -0.01392 1.73341 0.08080 0.10042 0.11581 0.05979 0.00981 -0.61255
0.27027 -0.13146 1.82589 -0.44005 -0.01917 1.76156 0.07565 0.10218 0.12142 0.05558 0.33270 -0.85607
0.26623 -0.20394 1.80247 -0.42525 -0.02358 1.72099 0.06918 0.10180 0.08252 0.04580 -0.15854 -0.78754
0.26593 -0.22765 1.79947 -0.41715 -0.02659 1.70222 0.11985 0.10143 0.05028 0.04753 -0.44110 -0.80442
0.27634 -0.25869 1.89723 -0.43315 -0.02935 1.77788 0.11277 0.10226 0.07894 0.04785 -0.17289 -0.63649
0.27434 -0.27196 1.91073 -0.43057 -0.02997 1.78199 0.10929 0.10315 0.07591 0.04897 -0.15291 -0.69707
0.27606 -0.27749 1.94068 -0.43492 -0.03049 1.80469 0.10921 0.10506 0.08800 0.05120 -0.11132 -0.99779
0.27533 -0.27496 1.94836 -0.43252 -0.02915 1.80587 0.11750 0.10564 0.08478 0.04261 -0.09022 -0.55574
0.2935 -0.3162 2.09837 -0.45898 -0.02845 1.92834 0.07012 0.11105 0.12588 0.04809 -0.23383 -0.63087
0.29844 -0.30635 2.08316 -0.4546 -0.0261 1.91778 0.07030 0.11196 0.11200 0.06171 -0.18777 -0.48269
0.3005 -0.29534 2.06188 -0.44947 -0.02603 1.90503 0.07203 0.11271 0.09766 0.05703 -0.10564 -0.62382
0.29696 -0.28119 2.01804 -0.43867 -0.02385 1.86892 0.07119 0.10962 0.09283 0.05834 -0.07869 -0.65770
0.29666 -0.27276 2.00591 -0.43462 -0.02187 1.86036 0.07194 0.10899 0.09603 0.06611 -0.08216 -0.58494
0.29619 -0.26613 1.99554 -0.4328 -0.02139 1.85452 0.07287 0.10924 0.09492 0.05188 -0.06071 -0.59930
0.27054 -0.24459 1.81915 -0.39608 -0.01873 1.69644 0.07243 0.09864 0.04872 0.04667 -0.16977 -0.55900
0.29828 -0.25824 2.0001 -0.43594 -0.02213 1.86446 0.07555 0.11014 0.09164 0.05254 0.03969 -0.57015
0.2996 -0.25396 1.99454 -0.43588 -0.02162 1.85994 0.07503 0.10913 0.08978 0.05551 0.02787 -0.52777
0.28241 -0.23297 1.8471 -0.40505 -0.01855 1.72327 0.07150 0.10013 0.07739 0.05272 -0.07949 -0.52395
0.30125 -0.23489 1.93494 -0.42416 -0.01891 1.80281 0.07128 0.10454 0.09957 0.05022 -0.02809 -0.55287
0.3098 -0.23036 1.94762 -0.42828 -0.02003 1.81622 0.07171 0.10450 0.09623 0.05208 -0.04770 -0.50909
0.30176 -0.21455 1.86647 -0.41163 -0.01985 1.74128 0.06882 0.10143 0.09380 0.05108 0.15335 -0.47050
0.29887 -0.20379 1.82604 -0.40386 -0.02058 1.70383 0.06739 0.09884 0.10002 0.05062 0.20921 -0.48513
0.30686 -0.20247 1.85697 -0.4122 -0.01812 1.73251 0.07150 0.09719 0.10035 0.04925 0.23299 -0.63850
0.31016 -0.19768 1.8638 -0.416 -0.01917 1.74047 0.07031 0.09868 0.10547 0.05236 0.20500 -0.52210
0.32299 -0.19886 1.93293 -0.43397 -0.02236 1.81 0.07271 0.10588 0.10532 0.06874 0.00409 -0.34172
0.32109 -0.19095 1.92971 -0.43574 -0.02242 1.81162 0.07595 0.10417 0.07650 0.05323 -0.13253 -0.24910
0.28811 -0.1502 1.8627 -0.4264 -0.02928 1.76996 0.06917 0.10280 0.10577 0.05132 0.09197 -0.49109
0.27402 -0.142 1.95236 -0.44771 -0.03186 1.86196 0.07612 0.10570 0.10788 0.05882 -0.06292 -0.59204
0.21894 -0.11332 1.79819 -0.41406 -0.0342 1.7235 0.07262 0.09973 0.09585 0.04789 -1.39768 -0.62592
0.18468 -0.09471 1.81016 -0.41724 -0.0349 1.74724 0.07513 0.09878 0.09161 0.06215 0.10075 -0.66111
0.14822 -0.07526 1.77551 -0.41233 -0.03775 1.72877 0.07515 0.10020 0.05747 0.05702 -2.60559 -0.75576
0.11801 -0.05909 1.75559 -0.41112 -0.0367 1.73172 0.07787 0.10219 0.06274 0.05033 -2.29764 -0.74472
0.04913 -0.02919 1.66289 -0.4041 -0.03233 1.69768 0.06826 0.09940 0.06032 0.04312 -2.89731 -0.64117
0.01353 -0.02964 1.672 -0.41235 -0.03274 1.71953 0.07897 0.10262 0.06517 0.05193 -2.48503 -0.63861
-0.09717 -0.04719 1.73589 -0.42473 -0.03211 1.72566 0.08488 0.10412 0.06425 0.04852 -2.50168 -0.79969
-0.12036 -0.05836 1.74727 -0.42127 -0.03276 1.70224 0.08392 0.10386 0.06213 0.04992 -2.77581 -0.35875
-0.14078 -0.07829 1.8215 -0.4346 -0.03461 1.74427 0.09355 0.10590 0.07001 0.04944 -2.68353 -0.71379
-0.17403 -0.06572 1.83071 -0.43134 -0.03375 1.72748 0.07610 0.10242 0.08122 0.05071 1.28698 -1.44156
-0.20898 -0.06336 1.86369 -0.44162 -0.04003 1.76 0.09705 0.10783 0.07114 0.05584 -3.11126 -0.64583
-0.22275 -0.05922 1.84581 -0.44227 -0.03947 1.76509 0.09551 0.10781 0.07941 0.06062 0.59920 -0.66828
-0.24308 -0.03665 1.81565 -0.44669 -0.03794 1.77299 0.08684 0.10867 0.07783 0.07077 0.44464 -0.49097
-0.24647 -0.02955 1.7525 -0.4436 -0.03909 1.75799 0.08197 0.10891 0.08516 0.04855 0.40078 -0.57944
-0.25841 -0.02468 1.74944 -0.45275 -0.03859 1.79471 0.06479 0.11516 0.09164 0.05265 -1.55065 -0.46357
-0.24953 -0.03764 1.60745 -0.35755 -0.01359 1.63997 0.07227 0.12003 0.07865 0.04237 0.06253 -0.71227
-0.35629 -0.00446 1.65909 -0.34485 0.00574 1.65711 0.11290 0.08517 0.07691 0.07066 -2.31843 1.61038
-0.3359 0.01212 1.62056 -0.34008 0.01986 1.62211 0.11656 0.07092 0.07521 0.08056 -2.45339 1.71004
-0.30936 0.02209 1.65576 -0.33552 0.02621 1.65939 0.13725 0.07676 0.07091 0.07928 -2.49813 1.80170
-0.23788 0.02369 1.76251 -0.44538 -0.03061 1.80396 0.08635 0.09905 0.07106 0.05478 -2.70199 2.79944
-0.20448 0.05255 1.76691 -0.44845 -0.02878 1.8079 0.06971 0.09771 0.08262 0.05227 0.06122 2.67274
-0.15189 0.00209 1.77456 -0.4501 -0.02408 1.81749 0.11089 0.09559 0.10224 0.06015 2.57702 2.76579
-0.12576 0.01543 1.75279 -0.43795 -0.01773 1.80008 0.10411 0.09464 0.09013 0.05701 1.75560 2.73054
-0.12205 0.01975 1.74612 -0.4314 -0.0152 1.79371 0.10228 0.09786 0.07958 0.05454 2.45511 2.65662
-0.12066 0.02099 1.74223 -0.42129 -0.01379 1.78687 0.09713 0.09949 0.07399 0.05584 2.50010 2.62443
-0.11955 0.01621 1.73988 -0.41203 -0.01089 1.78076 0.09283 0.09668 0.05601 0.05604 0.25184 2.51576
-0.11802 0.01466 1.74005 -0.40917 -0.00994 1.77733 0.09546 0.10199 0.02617 0.05427 -0.18362 2.57304
-0.11657 0.01149 1.74131 -0.4064 -0.00911 1.77754 0.09290 0.10158 0.03760 0.05294 -0.17314 2.62621
-0.11207 0.00436 1.74392 -0.40561 -0.00723 1.77879 0.09200 0.10134 0.03585 0.05074 -0.30298 2.54121
-0.10881 -0.00138 1.74283 -0.40371 -0.00866 1.77744 0.08909 0.11098 0.04008 0.05279 -0.12864 2.53329
-0.10504 -0.00992 1.74711 -0.4021 -0.00905 1.7773 0.08116 0.11010 0.03735 0.05368 -0.01190 2.51489
-0.09851 -0.03158 1.75566 -0.39852 -0.01132 1.77678 0.07369 0.10790 0.03672 0.05321 0.39722 2.42482
-0.09114 -0.06858 1.75906 -0.39231 -0.02342 1.773 0.07168 0.10522 0.08071 0.05214 0.51084 2.27759
-0.08317 -0.11425 1.72388 -0.37535 -0.04487 1.72427 0.06961 0.09734 0.04332 0.05212 0.21878 2.24110
-0.06358 -0.24516 1.7995 -0.36151 -0.13651 1.76551 0.08443 0.09224 0.13390 0.04907 -0.55283 2.27513
-0.05506 -0.3055 1.75466 -0.3292 -0.19375 1.70676 0.07923 0.08384 0.10860 0.04443 1.12313 1.12264
-0.02128 -0.36443 1.6728 -0.2784 -0.24281 1.59015 0.09492 0.06102 0.12999 0.03779 1.66028 -3.10459
-0.01183 -0.46148 1.82746 -0.2671 -0.35439 1.75921 0.07595 0.05772 0.08197 0.04306 1.42739 2.01447
0.04562 -0.58548 1.89723 -0.23212 -0.43789 1.80529 0.12632 0.06846 0.09318 0.05425 0.15077 1.56080
0.11692 -0.60085 1.95565 -0.16318 -0.60418 1.88831 0.12829 0.10400 0.06753 0.08195 1.47431 1.56837
0.11515 -0.59993 1.94745 -0.15509 -0.61202 1.89764 0.11242 0.09726 0.07273 0.07454 1.54921 1.85536
0.11756 -0.5975 1.95126 -0.15571 -0.60751 1.90223 0.11214 0.10260 0.07266 0.07536 1.52666 1.90350
0.13205 -0.60848 1.82249 -0.15223 -0.58331 1.83164 0.13545 0.10098 0.06373 0.07091 1.25811 1.76462
0.13537 -0.6078 1.82106 -0.15192 -0.58085 1.81874 0.12300 0.09865 0.07195 0.06906 1.52432 1.70918
0.14429 -0.60295 1.81182 -0.15181 -0.57937 1.79776 0.14339 0.09641 0.07279 0.07461 1.53889 1.63856
0.16758 -0.60084 1.76511 -0.14858 -0.58057 1.76817 0.15091 0.10877 0.06641 0.07704 1.49695 1.57029
0.18217 -0.6052 1.75837 -0.14814 -0.58141 1.76033 0.15230 0.11060 0.06963 0.07610 1.80243 1.64880
0.29194 -0.63069 1.87365 -0.1503 -0.59411 1.79674 0.15384 0.11408 0.08349 0.07635 1.85482 1.62017
0.39288 -0.62287 1.92963 -0.15021 -0.59645 1.80136 0.10914 0.11422 0.08070 0.07806 1.56564 1.58808
0.45363 -0.63269 1.93692 -0.14861 -0.59611 1.79489 0.10139 0.11338 0.06458 0.07721 1.76930 1.55320
0.55993 -0.71975 2.04233 -0.14902 -0.6048 1.81594 0.09127 0.11771 0.10405 0.07903 1.39580 1.58315
0.5622 -0.72288 2.0414 -0.14589 -0.6068 1.81232 0.09667 0.11836 0.07467 0.08376 2.08456 1.48519
0.5606 -0.72868 2.04532 -0.16571 -0.58543 1.8441 0.10659 0.11937 0.08624 0.07756 1.13669 1.84045
0.55974 -0.73148 2.0407 -0.16663 -0.58536 1.84556 0.11310 0.12179 0.07696 0.07768 1.23295 1.85137
0.56804 -0.73287 2.03611 -0.16951 -0.58384 1.85036 0.07627 0.12533 0.08042 0.07724 1.21981 1.84340
0.56228 -0.73707 2.05412 -0.16965 -0.58873 1.85998 0.11352 0.12448 0.07617 0.07610 1.16898 1.83266
0.57497 -0.73826 2.05085 -0.17006 -0.58879 1.86407 0.08330 0.12584 0.07596 0.07762 1.35871 1.83657
0.57822 -0.73823 2.04651 -0.16893 -0.58876 1.86319 0.08178 0.12675 0.07338 0.07718 1.32514 1.80605
0.58342 -0.73467 2.03189 -0.16713 -0.58663 1.85117 0.08798 0.12441 0.07163 0.07764 1.41328 1.84062
0.58238 -0.73432 2.02814 -0.16776 -0.58587 1.85133 0.08803 0.12410 0.06893 0.07664 1.51847 1.81732
0.58257 -0.73425 2.02653 -0.1718 -0.58435 1.85948 0.08910 0.13143 0.06914 0.07589 1.65628 1.84037
0.58171 -0.7339 2.02633 -0.17263 -0.58228 1.85993 0.08899 0.13215 0.07211 0.07615 1.74521 1.85011
0.56974 -0.7318 2.0242 -0.17182 -0.58008 1.85613 0.10520 0.13266 0.06859 0.07750 1.81347 1.86125
0.57613 -0.73135 2.02144 -0.17219 -0.57882 1.85333 0.11034 0.13245 0.06892 0.07694 1.64100 1.86558
0.57419 -0.73011 2.02135 -0.16839 -0.58052 1.84662 0.08637 0.12911 0.06784 0.07809 1.73784 1.84925
0.5769 -0.72895 2.02223 -0.16191 -0.58631 1.82183 0.08230 0.11406 0.07265 0.07880 1.73519 1.84506
0.57919 -0.7281 2.01925 -0.16234 -0.5852 1.82166 0.11796 0.11415 0.07622 0.07645 1.81281 1.68450
0.5809 -0.72591 2.0214 -0.16184 -0.58577 1.81969 0.08232 0.11366 0.07948 0.08062 1.78091 1.83964
0.58101 -0.72773 2.02503 -0.16144 -0.58754 1.82094 0.08167 0.11204 0.07684 0.07642 1.67366 1.69587
0.5749 -0.72857 2.02267 -0.16202 -0.58799 1.82044 0.10392 0.11231 0.07217 0.08036 1.77704 1.82870
0.58416 -0.72693 2.02499 -0.16165 -0.58746 1.82006 0.09694 0.11259 0.07988 0.07676 1.71302 1.68770
0.57585 -0.7314 2.03131 -0.16155 -0.59041 1.8268 0.10578 0.11220 0.07269 0.07744 1.74702 1.79070
0.57441 -0.73118 2.03255 -0.16145 -0.59128 1.82762 0.11058 0.11352 0.07158 0.07720 1.73820 1.80258
0.58137 -0.73415 2.03728 -0.16133 -0.59302 1.82974 0.11749 0.11134 0.07388 0.07687 1.74460 1.74225
0.57633 -0.73265 2.0342 -0.16077 -0.59303 1.82636 0.11143 0.11150 0.07227 0.07721 1.75079 1.76510
0.58023 -0.7328 2.03294 -0.16127 -0.59265 1.82767 0.11293 0.11253 0.07306 0.07706 1.70496 1.74208
0.58026 -0.73258 2.03089 -0.16227 -0.59117 1.82855 0.11293 0.11329 0.07252 0.07638 1.69333 1.69529
0.57869 -0.73236 2.03142 -0.16402 -0.59006 1.8304 0.11515 0.11245 0.07254 0.08156 1.68128 1.84247
0.57927 -0.73201 2.02824 -0.16414 -0.58955 1.82965 0.11480 0.11280 0.07207 0.07691 1.74458 1.67828
0.57977 -0.7306 2.03196 -0.16523 -0.58952 1.83115 0.11299 0.11288 0.07354 0.07985 1.67475 1.84572
]
