classifier_Monkey_bumps_into_car_18562 [ 0.57788 -0.74862 1.92007 -0.07443 -0.66472 1.78457 0.12945 0.10522 0.08333 0.07858 -1.05042 1.56836
0.57699 -0.74872 1.92087 -0.07441 -0.6643 1.78453 0.13046 0.10568 0.07161 0.07840 -1.21512 1.57365
0.59629 -0.75467 1.90044 -0.07373 -0.66475 1.78582 0.11799 0.10386 0.07304 0.08355 -1.47364 1.55013
0.5965 -0.7536 1.89835 -0.07323 -0.6636 1.7827 0.12112 0.10334 0.08252 0.07898 -1.52333 1.60445
0.5967 -0.75307 1.89669 -0.07321 -0.66123 1.78122 0.12292 0.10410 0.07672 0.07680 -1.85665 1.67342
0.57743 -0.74504 1.91776 -0.07581 -0.65537 1.77638 0.07714 0.11328 0.08821 0.07568 -0.59789 1.64133
0.57625 -0.74596 1.92551 -0.07785 -0.64317 1.78007 0.07585 0.10309 0.08560 0.07603 -1.03662 1.58679
0.59377 -0.72712 1.92365 -0.07927 -0.57069 1.78589 0.12406 0.09587 0.09549 0.11816 -2.35405 2.48067
0.60152 -0.69385 1.77506 -0.08541 -0.38844 1.66355 0.12389 0.06795 0.10951 0.06059 -2.61614 1.66819
0.58651 -0.74923 1.88973 -0.09517 -0.31868 1.71566 0.08553 0.05220 0.08022 0.05741 -1.99384 1.94375
0.43796 -0.56613 1.88662 -0.08393 -0.3931 1.69954 0.06133 0.05197 0.06020 0.05670 2.83202 1.83582
0.3892 -0.51352 1.80474 -0.13347 -0.05749 1.65855 0.06226 0.05412 0.05886 0.05907 2.91192 2.40057
0.3518 -0.45965 1.75678 -0.15722 -0.0411 1.68584 0.04971 0.07709 0.04340 0.07415 -2.53018 2.63488
0.32371 -0.36606 1.72238 -0.16974 -0.03209 1.68322 0.05864 0.06956 0.04067 0.07806 -2.74512 2.80516
0.31566 -0.27097 1.76951 -0.18465 -0.05656 1.72404 0.05687 0.06099 0.04431 0.06173 -2.13762 2.61659
0.31309 -0.16243 1.81588 -0.18446 -0.12033 1.76058 0.06227 0.05208 0.04619 0.06041 -2.37138 2.52049
0.31184 -0.06643 1.82245 -0.17027 -0.20607 1.74032 0.05438 0.06445 0.04850 0.06171 -2.14959 2.47448
0.32752 -0.00739 1.89058 -0.16104 -0.32337 1.78334 0.06321 0.06924 0.06097 0.03936 -2.53265 -2.19778
0.30264 0.01103 1.67878 -0.10908 -0.37767 1.60873 0.05769 0.04665 0.05746 0.03104 -2.63094 -2.42479
0.32065 -0.02154 1.78871 -0.13956 -0.3876 1.77842 0.04912 0.07184 0.05960 0.06836 -2.51854 -2.15330
0.31063 -0.0909 1.74555 -0.14856 -0.33855 1.76567 0.04773 0.06847 0.05814 0.06136 -2.46777 -1.87806
0.29815 -0.18584 1.69831 -0.16032 -0.27348 1.74224 0.04973 0.06567 0.05009 0.08774 -2.20446 -1.71968
0.29685 -0.35714 1.71001 -0.19298 -0.14031 1.77227 0.05702 0.07673 0.05136 0.11990 2.98808 -0.65524
0.30565 -0.39387 1.82727 -0.21614 -0.09371 1.8837 0.06631 0.08471 0.06607 0.11787 2.98595 -1.22587
0.28193 -0.34716 1.76476 -0.21449 -0.06432 1.82278 0.06273 0.07380 0.05294 0.12247 2.48875 -1.56246
0.27642 -0.2894 1.787 -0.21318 -0.0699 1.84892 0.06277 0.07084 0.07520 0.13756 1.18748 -0.39233
0.24947 -0.18316 1.7056 -0.19295 -0.09686 1.77798 0.03633 0.06273 0.03575 0.12788 0.98495 -0.27209
0.27806 -0.13374 1.8131 -0.19286 -0.1637 1.8567 0.05067 0.07467 0.03992 0.09966 1.76242 -0.82736
0.29564 -0.07571 1.86387 -0.17977 -0.23505 1.89216 0.05124 0.07596 0.04809 0.14145 0.66729 -0.55874
0.2961 -0.04221 1.80329 -0.16746 -0.30374 1.80638 0.05240 0.06545 0.04011 0.14441 0.53485 -0.79837
0.29778 -0.03789 1.77472 -0.15865 -0.35333 1.78118 0.04968 0.06965 0.03980 0.06698 1.33874 -2.38320
0.30917 -0.06267 1.81924 -0.16008 -0.39126 1.8406 0.04685 0.07593 0.08133 0.06919 0.54316 -2.88768
0.30531 -0.10808 1.77757 -0.16198 -0.38748 1.8146 0.04259 0.07612 0.05754 0.08134 0.76038 -2.89616
0.32667 -0.1894 1.89034 -0.18553 -0.39437 1.94023 0.04650 0.07316 0.06371 0.07845 1.60551 -1.84248
0.30527 -0.24601 1.76519 -0.18977 -0.33472 1.80712 0.04338 0.06721 0.05576 0.06324 1.51393 -2.45737
0.29875 -0.29407 1.71276 -0.20098 -0.27732 1.73024 0.04596 0.06477 0.06117 0.06622 0.73147 -2.42054
0.30466 -0.35713 1.79236 -0.24146 -0.16268 1.77442 0.05870 0.06813 0.06194 0.06631 0.40479 -1.29489
0.31224 -0.38061 1.86732 -0.26796 -0.11052 1.84009 0.06186 0.08530 0.06521 0.06930 0.53743 -1.37242
0.30909 -0.38743 1.87519 -0.27927 -0.06422 1.84646 0.06490 0.08592 0.06580 0.08044 1.85004 -0.92016
0.30809 -0.39309 1.88645 -0.28739 -0.03372 1.85683 0.06257 0.09154 0.05983 0.08814 -1.03954 -0.81966
0.32227 -0.41113 1.97646 -0.29284 -0.01872 1.92796 0.06184 0.09373 0.06526 0.15308 1.10346 -0.46391
0.30678 -0.3874 1.87061 -0.2727 -0.0368 1.811 0.05977 0.08956 0.06652 0.15363 0.58825 -0.59400
0.33637 -0.41706 2.02617 -0.28853 -0.0732 1.94119 0.06356 0.09686 0.07140 0.13898 0.27179 -0.96594
0.35943 -0.43716 2.12549 -0.289 -0.12534 2.01394 0.06566 0.08966 0.07656 0.13604 0.32189 -1.17438
0.33235 -0.39619 1.93007 -0.25994 -0.16083 1.81137 0.05728 0.07525 0.07175 0.14010 -0.35445 -1.24409
0.33945 -0.393 1.92416 -0.25327 -0.19868 1.79788 0.05553 0.08247 0.07306 0.06091 -0.62173 -2.98603
0.33084 -0.37306 1.83275 -0.24928 -0.2169 1.71556 0.05340 0.10216 0.07008 0.05823 -0.61600 -2.90016
0.32823 -0.36118 1.77685 -0.24072 -0.2202 1.66686 0.05586 0.08745 0.06587 0.05823 -0.00494 2.76004
0.34253 -0.35793 1.77047 -0.24186 -0.22154 1.67031 0.05544 0.09271 0.06247 0.05293 -0.39610 2.14617
0.34897 -0.36087 1.77075 -0.24334 -0.21912 1.67439 0.05867 0.09187 0.06501 0.11824 0.55595 -0.60507
0.35863 -0.36305 1.77131 -0.24538 -0.21469 1.67191 0.06650 0.09899 0.06795 0.05642 0.07671 3.05799
0.38107 -0.37191 1.81567 -0.25333 -0.2168 1.7131 0.07339 0.12049 0.06208 0.05461 -1.21676 -2.89413
0.38412 -0.36144 1.77069 -0.24784 -0.20876 1.6698 0.08151 0.10901 0.06297 0.05272 -1.16429 -2.63511
0.39133 -0.36752 1.7643 -0.25312 -0.20621 1.67252 0.08198 0.10111 0.06606 0.05689 -1.00419 3.08572
0.42547 -0.38587 1.82075 -0.26111 -0.20916 1.72709 0.09482 0.10204 0.07931 0.05846 0.08088 3.01177
0.4343 -0.38705 1.80096 -0.25536 -0.20384 1.70144 0.10690 0.10525 0.07589 0.05470 1.17690 -3.00185
0.43291 -0.3739 1.80889 -0.24965 -0.19796 1.68209 0.09076 0.10337 0.08369 0.07177 1.56450 -2.47457
0.42146 -0.25894 1.84224 -0.24638 -0.19169 1.6654 0.06887 0.11104 0.12313 0.05508 1.86370 3.10124
0.46477 -0.25478 2.09221 -0.28069 -0.21537 1.88483 0.07554 0.11699 0.13340 0.05900 1.99848 -3.08880
0.40242 -0.205 1.80936 -0.24385 -0.1862 1.64064 0.07200 0.09980 0.10506 0.05387 1.20086 -3.07577
0.44718 -0.29461 1.82887 -0.25608 -0.20019 1.7191 0.09767 0.09548 0.07644 0.11658 0.95391 -2.59615
0.46445 -0.35447 1.83065 -0.25662 -0.20346 1.72837 0.10324 0.10128 0.06888 0.05745 0.98405 2.98958
0.47564 -0.38844 1.83508 -0.25661 -0.2036 1.71817 0.10220 0.09934 0.08444 0.05898 1.82582 3.05955
0.46752 -0.39073 1.87881 -0.2621 -0.20605 1.73678 0.10223 0.11126 0.06494 0.05746 -0.15816 -3.13734
0.44029 -0.38607 1.96029 -0.27189 -0.21081 1.78664 0.09232 0.09916 0.07046 0.05499 -1.44742 -2.96853
0.22345 -0.44716 1.97843 -0.25654 -0.19902 1.69314 0.07206 0.09378 0.10609 0.05471 -2.74390 -2.92801
0.37131 -0.32161 1.94299 -0.26578 -0.20537 1.75716 0.07412 0.10191 0.07780 0.05855 -1.72902 -2.98484
0.36378 -0.30564 1.95857 -0.26903 -0.20924 1.78466 0.07261 0.09852 0.07587 0.11786 -1.82806 -1.79844
0.36492 -0.26513 1.93878 -0.26919 -0.21042 1.78793 0.07316 0.09857 0.07211 0.05841 -1.77575 2.96345
0.37206 -0.24172 1.89629 -0.26743 -0.21062 1.7737 0.07756 0.09450 0.07629 0.05584 -1.51713 -3.07161
0.38558 -0.21625 1.84007 -0.25663 -0.20655 1.74296 0.08557 0.09149 0.06544 0.05470 -1.40198 -2.78539
0.40821 -0.18781 1.82191 -0.25216 -0.20422 1.71828 0.09681 0.09930 0.06664 0.06577 -1.68147 -2.20635
0.40299 -0.16204 1.79975 -0.25099 -0.20028 1.70576 0.09496 0.10231 0.05394 0.05523 -3.09297 2.90104
0.38158 -0.13295 1.74924 -0.24246 -0.19228 1.6576 0.08876 0.09445 0.05796 0.06004 -2.23461 2.74756
0.33882 -0.07931 1.84135 -0.25329 -0.19802 1.73311 0.08606 0.10274 0.08464 0.05815 -1.57325 2.83276
0.3407 -0.07933 1.82337 -0.25029 -0.19723 1.73052 0.09395 0.09327 0.06774 0.05814 -1.94211 2.76629
0.32979 -0.0955 1.79761 -0.24973 -0.19437 1.71932 0.09459 0.10050 0.06447 0.05990 -1.86460 2.84141
0.32846 -0.15007 1.81081 -0.25176 -0.19831 1.75839 0.10362 0.09658 0.13277 0.05664 1.83928 3.11115
0.32892 -0.17665 1.88024 -0.25796 -0.20588 1.84151 0.10180 0.09250 0.12228 0.10616 1.88765 -2.97762
0.31832 -0.17091 1.84727 -0.24261 -0.19984 1.81196 0.09761 0.09898 0.11946 0.08993 1.80161 -1.97341
0.32408 -0.17061 1.87218 -0.24727 -0.20339 1.8369 0.09649 0.09799 0.12958 0.12949 1.80071 -2.29979
0.32657 -0.16888 1.87773 -0.25154 -0.20179 1.84626 0.09563 0.10121 0.11429 0.06016 1.79041 -2.60287
0.32739 -0.16903 1.88046 -0.25382 -0.20167 1.84765 0.09390 0.10854 0.12323 0.05554 1.76405 -2.47111
0.33271 -0.16905 1.88738 -0.25168 -0.20095 1.84956 0.09551 0.11163 0.13655 0.05716 1.77886 -2.53820
0.33534 -0.16871 1.8892 -0.25186 -0.20031 1.84865 0.09413 0.11071 0.11649 0.06202 1.78142 -2.61454
0.33315 -0.16652 1.87064 -0.25402 -0.19839 1.82816 0.09345 0.11959 0.12443 0.05643 1.75917 2.89046
0.3375 -0.16749 1.88942 -0.25156 -0.19935 1.84401 0.09048 0.10603 0.12511 0.08552 1.75819 -1.89974
0.335 -0.16438 1.86918 -0.25463 -0.19749 1.82179 0.08863 0.10610 0.12269 0.06087 1.75165 2.81291
0.34 -0.15942 1.87557 -0.25477 -0.19737 1.82659 0.08795 0.11004 0.10428 0.06002 1.71663 2.87359
0.31933 -0.13856 1.76745 -0.24481 -0.18562 1.72418 0.07658 0.09862 0.08194 0.06250 2.19322 2.63449
0.3411 -0.12925 1.87667 -0.2617 -0.19793 1.83436 0.08449 0.10995 0.10654 0.05774 1.69305 -3.03552
0.31426 -0.09896 1.7642 -0.25007 -0.18769 1.73282 0.07877 0.09320 0.10165 0.06355 1.51054 -2.32081
0.30111 -0.07439 1.77976 -0.25167 -0.19056 1.75332 0.07674 0.10703 0.09870 0.05514 1.13662 -2.95400
0.28878 -0.04488 1.79483 -0.24858 -0.19594 1.77767 0.08309 0.11113 0.07117 0.06037 1.73809 3.13365
0.26427 -0.0207 1.77595 -0.24704 -0.19642 1.76825 0.08638 0.10370 0.05271 0.06260 1.71213 2.73397
0.23369 -0.00398 1.76841 -0.2443 -0.19711 1.76937 0.09112 0.10481 0.04308 0.06033 1.41817 2.73895
0.17065 -0.00503 1.75586 -0.2416 -0.1979 1.77056 0.07000 0.09580 0.09641 0.05399 1.42644 2.77903
0.15452 0.00392 1.75433 -0.23193 -0.19661 1.77567 0.08191 0.09527 0.11673 0.09870 2.23942 -0.92621
0.10983 -0.00188 1.68748 -0.22471 -0.18658 1.721 0.09423 0.09063 0.03857 0.07849 2.06584 2.39701
0.05348 -0.02531 1.69397 -0.22459 -0.18679 1.73854 0.08288 0.08707 0.03526 0.06254 1.48016 2.44073
0.01219 -0.05137 1.69332 -0.22169 -0.18486 1.74796 0.08959 0.09477 0.08957 0.07343 1.97406 0.18231
0.00336 -0.06431 1.67386 -0.11103 -0.12674 1.7026 0.09959 0.13434 0.02622 0.03807 1.92742 -1.18216
-0.0574 -0.09649 1.62277 -0.04451 -0.08916 1.62114 0.11602 0.08123 0.04926 0.07947 1.73190 -1.31490
-0.04872 -0.07024 1.64905 -0.05148 -0.07014 1.65116 0.08574 0.07921 0.04147 0.10013 1.75993 -1.52133
-0.01368 -0.04739 1.67305 -0.1375 -0.11661 1.70146 0.09584 0.13948 0.04075 0.05630 1.62416 2.17554
0.01332 -0.03389 1.70387 -0.23593 -0.1638 1.7416 0.08030 0.10096 0.04995 0.10675 1.81104 -0.22131
0.06184 -0.02269 1.7039 -0.25469 -0.1778 1.75003 0.08233 0.08945 0.07242 0.11410 1.58201 2.82694
0.12688 -0.02559 1.73293 -0.26806 -0.18394 1.77992 0.09649 0.10486 0.05633 0.05718 1.80996 2.69029
0.21273 -0.05171 1.72407 -0.27056 -0.17789 1.7637 0.08927 0.10487 0.05550 0.05807 1.28302 -3.06196
0.24668 -0.07732 1.77663 -0.26974 -0.18406 1.80119 0.08313 0.09336 0.11139 0.06403 1.68074 -2.76378
0.26447 -0.09838 1.78613 -0.2789 -0.18025 1.8028 0.07324 0.10131 0.07460 0.05784 1.52149 -2.94119
0.27889 -0.1232 1.79954 -0.26766 -0.18127 1.79942 0.07169 0.09593 0.06492 0.05905 1.40117 -2.77569
0.27169 -0.13394 1.7082 -0.25047 -0.17164 1.69632 0.07144 0.08592 0.09315 0.05240 1.63993 3.06636
0.28235 -0.15023 1.74615 -0.25173 -0.1756 1.73169 0.07142 0.10404 0.06545 0.05192 1.76530 3.00153
0.28649 -0.16207 1.76358 -0.24833 -0.17579 1.74208 0.07254 0.09123 0.07451 0.06594 2.03806 2.96212
0.26081 -0.15154 1.70583 -0.23522 -0.16603 1.69186 0.05066 0.09241 0.06017 0.06357 1.58352 -2.72185
0.27446 -0.16077 1.76239 -0.24858 -0.17286 1.75046 0.05435 0.10287 0.06609 0.05617 1.68581 2.84298
0.26843 -0.15682 1.72248 -0.23362 -0.1643 1.71268 0.05368 0.08947 0.05979 0.05443 1.57569 2.14496
0.31391 -0.18669 1.84336 -0.24085 -0.1698 1.83032 0.07450 0.09823 0.14366 0.06406 2.32057 -2.52768
0.30756 -0.18383 1.70806 -0.23521 -0.16311 1.70196 0.06710 0.09618 0.10365 0.05492 0.62698 1.67020
0.33178 -0.19999 1.69463 -0.23343 -0.16165 1.70975 0.06263 0.09756 0.06779 0.06836 1.06703 -0.71739
0.48315 -0.35029 1.72561 -0.23581 -0.17724 1.77058 0.07043 0.09815 0.05404 0.07802 1.85326 -0.54896
0.5513 -0.42706 1.75871 -0.23542 -0.18548 1.77668 0.09925 0.09848 0.05296 0.08111 0.86455 -0.62338
0.56901 -0.48621 1.85275 -0.22777 -0.1993 1.74686 0.12398 0.10801 0.10164 0.05565 0.95599 -2.98289
0.56117 -0.53437 1.90557 -0.22568 -0.21485 1.7117 0.16817 0.10851 0.14976 0.05747 1.23738 2.99813
0.54768 -0.55224 1.85548 -0.21384 -0.23389 1.63508 0.16224 0.08170 0.14672 0.06740 0.82930 -2.66630
0.56933 -0.57249 1.74751 -0.20398 -0.26124 1.57355 0.13651 0.07004 0.10230 0.04512 1.27562 -2.85501
0.61812 -0.61354 1.73343 -0.20603 -0.30261 1.60129 0.06035 0.08360 0.06436 0.05433 1.61891 3.02742
0.55262 -0.73857 2.0712 -0.16939 -0.45394 1.74226 0.08687 0.09227 0.09800 0.05263 0.28201 1.81092
0.52958 -0.71328 1.99138 -0.13797 -0.48975 1.68077 0.09640 0.08798 0.08115 0.04744 0.06461 1.57026
0.54083 -0.73767 2.04107 -0.13339 -0.58887 1.76618 0.09794 0.11053 0.07819 0.09237 0.06766 2.72810
0.53838 -0.73742 2.03281 -0.11016 -0.58922 1.77183 0.10460 0.10857 0.07343 0.10054 0.01372 2.34974
0.59369 -0.75867 1.94878 -0.1041 -0.6331 1.7882 0.13189 0.11443 0.07129 0.07765 1.39454 1.81685
0.59197 -0.75439 1.94662 -0.10098 -0.65369 1.79768 0.13194 0.10720 0.07700 0.07056 1.37126 1.69837
0.5853 -0.74629 1.93129 -0.09655 -0.65238 1.78851 0.13957 0.10541 0.07076 0.07833 1.63123 1.50980
0.5865 -0.74513 1.92363 -0.09505 -0.64913 1.78545 0.13263 0.10635 0.06984 0.07755 1.54882 1.60194
0.58773 -0.74513 1.9251 -0.09574 -0.64934 1.78218 0.13162 0.10564 0.08276 0.07509 0.99976 1.68231
0.56792 -0.73932 1.94612 -0.094 -0.65652 1.76978 0.08218 0.10615 0.11013 0.07235 0.85029 1.56099
0.56733 -0.74143 1.94611 -0.09592 -0.65708 1.76751 0.08513 0.10529 0.10760 0.07058 0.80513 1.47534
0.57081 -0.7429 1.92706 -0.09602 -0.65393 1.75672 0.07820 0.10466 0.09644 0.06906 0.92536 1.44523
0.57535 -0.74326 1.91794 -0.09561 -0.65342 1.7534 0.07630 0.10737 0.09232 0.06979 0.87194 1.48890
0.57692 -0.74363 1.9214 -0.09704 -0.65085 1.76258 0.13281 0.10505 0.08308 0.06921 1.31999 1.51860
0.57675 -0.7438 1.91472 -0.09614 -0.65016 1.75909 0.13563 0.10373 0.07278 0.07022 1.57304 1.45807
0.57725 -0.74507 1.92102 -0.09666 -0.65238 1.76336 0.12924 0.10219 0.06906 0.06992 1.77393 1.53079
0.57756 -0.74489 1.91836 -0.09654 -0.6515 1.76097 0.07390 0.10278 0.04899 0.06960 2.37113 1.54884
0.57721 -0.74526 1.91532 -0.09549 -0.65433 1.75336 0.12911 0.10702 0.05602 0.06890 2.04021 1.55871
0.58084 -0.74548 1.91231 -0.09751 -0.65869 1.74977 0.12326 0.11017 0.06573 0.07130 1.73974 1.55524
0.58028 -0.74644 1.90953 -0.09696 -0.6571 1.75038 0.12482 0.10871 0.05688 0.07071 1.93165 1.50509
0.57993 -0.74656 1.91621 -0.09731 -0.65875 1.7546 0.12704 0.10944 0.05952 0.07015 1.80255 1.51684
]
