classifier_Man_weaves_and_bumps_into_house_18559 [ 0.61186 -0.75334 1.82953 -0.12759 -0.64792 1.79723 0.12900 0.12420 0.10280 0.08528 -2.03261 1.05846
0.60146 -0.75092 1.84583 -0.1279 -0.64843 1.80019 0.13486 0.12455 0.09763 0.08532 -1.54888 1.07643
0.60175 -0.75107 1.84431 -0.12753 -0.64843 1.80023 0.13061 0.12352 0.09930 0.08519 -1.49893 1.05989
0.60213 -0.74878 1.84343 -0.12698 -0.64798 1.79748 0.12124 0.12437 0.08962 0.08503 -1.95940 1.05457
0.60286 -0.75092 1.84224 -0.1277 -0.64872 1.79906 0.12002 0.12399 0.09061 0.08484 -1.63983 1.05080
0.60189 -0.7513 1.84715 -0.12728 -0.64919 1.7996 0.12586 0.12372 0.10607 0.08488 -2.00158 1.04110
0.60171 -0.75172 1.84598 -0.12747 -0.64913 1.80022 0.12467 0.12533 0.09086 0.08480 -2.02173 1.05099
0.6007 -0.75125 1.84737 -0.1257 -0.64969 1.80421 0.11700 0.12258 0.08507 0.08873 -1.94223 1.01889
0.60144 -0.75136 1.84567 -0.12592 -0.64959 1.80352 0.12134 0.12408 0.09742 0.08759 -1.56191 1.03238
0.59965 -0.75214 1.84694 -0.1261 -0.6495 1.80476 0.12049 0.12385 0.10227 0.08759 -2.07066 1.03079
0.60075 -0.7508 1.84582 -0.12678 -0.64828 1.80432 0.12268 0.12813 0.10563 0.08745 -1.64990 1.04358
0.59663 -0.75034 1.84727 -0.12742 -0.64838 1.80332 0.12428 0.12396 0.10662 0.08663 -1.64102 1.05382
0.59487 -0.75073 1.84809 -0.12738 -0.64844 1.80337 0.11949 0.12822 0.12394 0.08600 -1.64060 1.08155
0.59483 -0.7493 1.85071 -0.1278 -0.64773 1.80373 0.12061 0.12564 0.08755 0.08600 -1.89088 1.06736
0.59488 -0.74792 1.84787 -0.12717 -0.64675 1.8012 0.12668 0.12537 0.10778 0.08615 -1.83361 1.05030
0.59147 -0.75037 1.85208 -0.14031 -0.62835 1.83213 0.12993 0.12073 0.08661 0.08489 -1.92571 1.26494
0.59334 -0.74866 1.85075 -0.13669 -0.63642 1.81108 0.12894 0.11971 0.08906 0.07956 -1.96311 1.19033
0.60071 -0.74713 1.86285 -0.25305 -0.67434 1.98552 0.12757 0.12046 0.12171 0.02727 -2.18927 2.13637
0.6093 -0.71491 1.84763 -0.17091 -0.59412 1.80481 0.12254 0.11351 0.08930 0.07220 -1.90224 -2.01016
0.5876 -0.59234 1.86426 -0.21074 -0.52725 1.78311 0.19871 0.11761 0.07783 0.07627 -0.95343 -1.69044
0.56002 -0.49556 1.86194 -0.23235 -0.45473 1.78136 0.12743 0.11432 0.12438 0.08445 -1.79832 -1.64681
0.53208 -0.39083 1.86129 -0.25376 -0.35488 1.78123 0.15890 0.10432 0.07212 0.07468 -2.09277 -0.66924
0.49567 -0.27976 1.87105 -0.25737 -0.24364 1.76489 0.15459 0.06624 0.06762 0.05631 -1.99071 -0.49236
0.42128 -0.14826 1.72217 -0.25366 -0.12469 1.68915 0.15292 0.13402 0.06067 0.06225 -2.31641 -0.47652
0.37707 -0.04546 1.72764 -0.2125 -0.00076 1.71713 0.15323 0.09731 0.06948 0.05728 -2.40799 -0.81387
0.32758 0.04356 1.72839 -0.21044 0.07107 1.72369 0.14484 0.15119 0.08540 0.06141 -2.46566 -0.74616
0.28455 0.11842 1.7781 -0.18007 0.15959 1.76585 0.13831 0.13610 0.10857 0.07497 -2.50080 -0.72029
0.2414 0.19158 1.85014 -0.15785 0.23192 1.8368 0.15019 0.13911 0.11830 0.07308 -2.45145 -0.66386
0.20399 0.22861 1.80627 -0.13476 0.26635 1.80602 0.14565 0.12665 0.12707 0.07696 -2.38077 -0.59230
0.17234 0.2525 1.7467 -0.10777 0.29078 1.75797 0.13904 0.12488 0.12492 0.09238 -2.40608 -0.56027
0.11957 0.33722 1.87174 -0.09347 0.32123 1.8937 0.14870 0.13169 0.11236 0.10339 -2.41476 -0.56694
0.11809 0.33499 1.88265 -0.08362 0.32568 1.90206 0.15482 0.14104 0.11200 0.11177 -2.37698 -0.63021
0.12674 0.31816 1.88523 -0.08738 0.32035 1.89545 0.15504 0.14037 0.11295 0.10223 -2.35509 -0.62171
0.14121 0.28973 1.87306 -0.10197 0.29989 1.87104 0.15237 0.13273 0.11815 0.10196 -2.30222 -0.54364
0.16133 0.25102 1.82806 -0.1266 0.2581 1.82368 0.14299 0.12859 0.11539 0.10500 -2.27664 -0.46868
0.19863 0.22201 1.89626 -0.16624 0.22554 1.88657 0.14576 0.12868 0.12646 0.08306 -2.33719 -0.51758
0.22398 0.18096 1.84724 -0.19774 0.17496 1.83881 0.14800 0.12449 0.13008 0.08657 -2.41554 -0.51169
0.2724 0.13153 1.85868 -0.2379 0.12965 1.85041 0.15878 0.12724 0.12964 0.08050 -2.46735 -0.56232
0.30376 0.09035 1.82075 -0.27181 0.07512 1.82487 0.15767 0.14042 0.12219 0.08561 -2.46640 -0.65031
0.33769 0.0545 1.82243 -0.30246 0.03706 1.83653 0.15832 0.13940 0.11089 0.09417 -2.41150 -0.69378
0.38967 0.00094 1.87133 -0.33551 -0.00101 1.87822 0.17452 0.14201 0.13294 0.09868 -2.40895 -0.85307
0.4137 -0.02237 1.91669 -0.36963 -0.03743 1.93541 0.17103 0.13310 0.12436 0.10947 -2.34267 -1.17836
0.43045 -0.05463 1.91109 -0.39059 -0.06684 1.93666 0.16433 0.16201 0.10295 0.10464 -2.14221 -1.34463
0.4302 -0.07561 1.89004 -0.39205 -0.07913 1.87609 0.12564 0.09999 0.10464 0.07553 -1.91301 -1.35378
0.41914 -0.10211 1.78005 -0.38208 -0.11052 1.77585 0.08378 0.07965 0.07241 0.08364 -2.09384 -2.47979
0.42337 -0.14441 1.72625 -0.37687 -0.13668 1.73275 0.06576 0.07113 0.06052 0.09432 -2.14025 -2.39000
0.42932 -0.18979 1.74994 -0.38051 -0.1774 1.73077 0.06882 0.06728 0.06570 0.09964 -2.11726 -2.71294
0.40898 -0.22639 1.65625 -0.35979 -0.22651 1.60287 0.06164 0.04332 0.05393 0.10542 -1.72311 -3.08136
0.42076 -0.28455 1.72402 -0.37392 -0.29467 1.63951 0.06590 0.04361 0.06313 0.10636 -1.88133 -3.12822
0.45047 -0.41646 1.90637 -0.41021 -0.40429 1.77622 0.08152 0.08867 0.06863 0.09215 -1.97253 -3.05878
0.43605 -0.45039 1.86557 -0.3906 -0.40095 1.73856 0.06896 0.09014 0.06324 0.08687 -1.90359 -2.98396
0.42907 -0.48874 1.87576 -0.36145 -0.40355 1.73422 0.06409 0.08055 0.06860 0.11557 -3.08692 3.08019
0.42964 -0.49489 1.88351 -0.35171 -0.39747 1.73712 0.06648 0.08723 0.05329 0.09014 -2.37559 -3.07239
0.43015 -0.49354 1.88361 -0.34512 -0.39414 1.73366 0.06229 0.08175 0.06981 0.10265 3.06647 -2.98215
0.43257 -0.48626 1.87743 -0.34157 -0.38635 1.73251 0.06381 0.08001 0.05057 0.10171 -2.27544 -3.06728
0.43787 -0.46855 1.85356 -0.33437 -0.37109 1.71921 0.07264 0.07346 0.07073 0.10000 -2.04854 3.09219
0.4373 -0.46214 1.84023 -0.33068 -0.35724 1.71056 0.07809 0.07723 0.06478 0.10524 -1.95182 -3.05624
0.43815 -0.45928 1.82314 -0.3282 -0.34755 1.70033 0.07924 0.07447 0.06104 0.09184 -1.89794 -3.04482
0.43468 -0.45035 1.79506 -0.32415 -0.3358 1.67663 0.08607 0.07072 0.05378 0.10054 -1.81922 -3.01929
0.43374 -0.41585 1.79224 -0.32776 -0.32618 1.68589 0.08017 0.06410 0.08126 0.09880 -2.91135 -2.93878
0.41581 -0.36356 1.74999 -0.32495 -0.31861 1.67255 0.07618 0.06468 0.04970 0.10607 -1.55496 -2.92023
0.38925 -0.28313 1.68208 -0.31739 -0.31191 1.63816 0.04071 0.07089 0.06566 0.10417 -2.14814 -2.93090
0.3835 -0.19908 1.71277 -0.318 -0.31108 1.6585 0.09501 0.06892 0.09428 0.09589 -2.23484 -3.07751
0.325 -0.08078 1.68239 -0.30694 -0.30086 1.61901 0.14282 0.07063 0.05994 0.08919 -2.32048 -2.71960
0.32618 0.01071 1.8082 -0.32436 -0.32349 1.73561 0.13435 0.07796 0.07886 0.10879 -2.42136 -2.90309
0.25425 0.15015 1.74488 -0.29728 -0.31094 1.65427 0.12790 0.07337 0.10071 0.11189 -2.75251 -2.80626
0.24681 0.18693 1.84994 -0.31012 -0.32942 1.75416 0.10158 0.07498 0.11989 0.09888 -2.56393 -2.63764
0.12021 0.30905 1.82595 -0.29186 -0.32998 1.75617 0.13533 0.07261 0.09420 0.10417 -2.80595 -2.93250
0.03897 0.2591 1.66294 -0.27057 -0.30187 1.63522 0.09578 0.07086 0.08215 0.09580 -2.92383 -2.73365
0.01434 0.20772 1.7263 -0.2816 -0.31154 1.69411 0.09519 0.06652 0.09726 0.09188 -2.83374 -2.74172
-0.00288 0.13592 1.80843 -0.30015 -0.32503 1.78297 0.09989 0.07458 0.09850 0.11266 -2.62915 -2.79160
-0.01398 0.06938 1.79239 -0.30099 -0.32254 1.76266 0.10505 0.06154 0.07673 0.10693 -2.37215 -2.81960
-0.00343 -0.00975 1.69368 -0.28966 -0.29618 1.66648 0.12252 0.06360 0.06405 0.10975 2.18598 -2.85265
0.02596 -0.09256 1.75914 -0.30085 -0.30664 1.72408 0.08379 0.06294 0.07809 0.10673 1.15236 -2.83178
0.05292 -0.14122 1.68985 -0.29515 -0.28288 1.6577 0.09420 0.06239 0.07370 0.10573 1.16240 -2.87457
0.08632 -0.17891 1.65284 -0.2901 -0.26847 1.61462 0.08051 0.06546 0.06394 0.10740 1.30961 -2.85608
0.16372 -0.19495 1.57461 -0.27962 -0.24193 1.52898 0.04099 0.06342 0.08188 0.10625 -0.21247 -2.82203
0.2326 -0.24172 1.67469 -0.29813 -0.24827 1.63007 0.04063 0.07572 0.10708 0.07964 0.20098 -2.64483
0.3139 -0.25469 1.66294 -0.30044 -0.23888 1.59558 0.11728 0.06947 0.04607 0.08117 -0.34652 2.39648
0.33678 -0.27419 1.68027 -0.30081 -0.23895 1.5896 0.06135 0.06737 0.09339 0.10857 -0.16396 -2.89682
0.36068 -0.28415 1.73045 -0.30689 -0.24304 1.63174 0.05834 0.07190 0.10279 0.11630 -0.33087 -2.70233
0.36624 -0.28892 1.73099 -0.30318 -0.24273 1.61977 0.06270 0.06845 0.09238 0.11419 -0.30796 -2.75384
0.36211 -0.28545 1.69951 -0.29469 -0.23785 1.58568 0.05889 0.06623 0.09198 0.10833 -0.07640 -2.90976
0.37945 -0.30077 1.77171 -0.30328 -0.24878 1.64975 0.06620 0.06664 0.09693 0.11305 -0.01670 -2.81948
0.36669 -0.29311 1.70648 -0.28962 -0.23923 1.5873 0.05980 0.07014 0.09128 0.10615 0.00245 -2.92674
0.36695 -0.29632 1.70682 -0.28788 -0.2378 1.58726 0.06499 0.06520 0.08827 0.08637 0.04502 -2.69966
0.36509 -0.29372 1.6897 -0.28433 -0.23433 1.57285 0.06138 0.06536 0.10357 0.10229 -0.01646 -2.95799
0.36508 -0.29436 1.68753 -0.28147 -0.23589 1.57145 0.06393 0.06675 0.10083 0.10268 0.02624 -2.97304
0.37696 -0.30091 1.74109 -0.28812 -0.24198 1.62563 0.06955 0.07327 0.08903 0.10386 0.05705 -2.74534
0.37574 -0.29755 1.74509 -0.2889 -0.24245 1.62798 0.06899 0.07511 0.08743 0.10511 0.08198 -2.68159
0.37538 -0.29145 1.75274 -0.29053 -0.24312 1.63578 0.07336 0.07380 0.08131 0.08423 0.14180 -2.61405
0.39094 -0.29795 1.8538 -0.30648 -0.25946 1.72654 0.07741 0.07619 0.08645 0.11715 0.18425 -2.78015
0.38465 -0.28821 1.87737 -0.3116 -0.26157 1.74746 0.08197 0.08060 0.08458 0.12905 0.27827 -2.66688
0.35127 -0.2566 1.80214 -0.30018 -0.25411 1.67539 0.07563 0.07656 0.09049 0.12065 0.31874 -2.74884
0.33079 -0.23767 1.84359 -0.30583 -0.26049 1.70585 0.08380 0.06833 0.08055 0.11997 0.53636 -2.61392
0.2688 -0.1637 1.69309 -0.28344 -0.24266 1.58737 0.09906 0.06562 0.05716 0.10536 0.54499 -2.70242
0.25747 -0.18587 1.78505 -0.29501 -0.25403 1.65711 0.08476 0.07149 0.10674 0.11010 0.53080 -2.73168
0.21582 -0.16353 1.65299 -0.27396 -0.23694 1.5467 0.08306 0.06762 0.10084 0.10329 0.68587 -2.86215
0.20431 -0.16771 1.68695 -0.28073 -0.24128 1.60519 0.11293 0.06557 0.13855 0.07787 0.83281 -2.64765
0.18781 -0.17396 1.65037 -0.27581 -0.23737 1.60405 0.09227 0.06197 0.09246 0.10771 0.96074 -2.73237
0.17551 -0.18743 1.65811 -0.279 -0.23872 1.64883 0.07753 0.07124 0.04785 0.10502 1.09420 -2.85525
0.15654 -0.19596 1.59306 -0.2675 -0.22833 1.61368 0.07958 0.06739 0.08946 0.10480 0.42642 -2.84234
0.14139 -0.20702 1.57542 -0.26451 -0.22501 1.6157 0.07754 0.06770 0.09212 0.10298 0.56849 -2.73320
0.10958 -0.21473 1.57413 -0.26515 -0.21839 1.6207 0.07754 0.06524 0.04141 0.10391 0.73011 -2.81540
0.09494 -0.2126 1.59161 -0.26774 -0.21635 1.6179 0.07828 0.06837 0.04452 0.10447 1.21401 -2.78249
0.08656 -0.21268 1.62083 -0.27178 -0.21587 1.61855 0.08434 0.07110 0.04262 0.08813 1.09261 -2.78249
0.05702 -0.19261 1.65001 -0.275 -0.21978 1.6154 0.08476 0.06975 0.04817 0.10768 1.24526 -2.71530
0.04739 -0.19407 1.67541 -0.27836 -0.22092 1.60864 0.07533 0.07384 0.05618 0.08934 0.95332 -2.67572
0.03991 -0.19957 1.74932 -0.29065 -0.23157 1.6502 0.08173 0.07920 0.11366 0.10859 0.69748 -2.79827
0.02747 -0.18592 1.62404 -0.27017 -0.22089 1.50573 0.07617 0.06768 0.07351 0.10259 0.84520 -2.87410
0.0172 -0.18469 1.60371 -0.26734 -0.2186 1.47369 0.07495 0.06683 0.09720 0.08002 0.77934 -2.70449
0.00847 -0.1923 1.60185 -0.26614 -0.22303 1.47215 0.07579 0.06621 0.08393 0.09328 0.83454 -2.85694
-0.00357 -0.19518 1.59136 -0.26417 -0.22242 1.47406 0.09482 0.06774 0.08047 0.08696 0.83667 -2.88022
-0.01777 -0.2102 1.55349 -0.25573 -0.21784 1.48671 0.08041 0.06507 0.08243 0.07603 0.63490 -2.98841
-0.02921 -0.23078 1.65108 -0.27299 -0.23237 1.61278 0.08334 0.05962 0.06486 0.11355 0.47914 -2.94564
-0.03564 -0.22081 1.5513 -0.25912 -0.21767 1.54263 0.11719 0.05901 0.05199 0.07468 -1.31958 2.98883
-0.04172 -0.22707 1.57113 -0.26503 -0.21865 1.5849 0.12167 0.06263 0.06729 0.09087 1.71891 -2.53576
-0.03855 -0.22755 1.54761 -0.26361 -0.21042 1.56965 0.08616 0.06380 0.05878 0.07343 2.27541 -2.06735
-0.04323 -0.21853 1.54349 -0.26947 -0.20159 1.55803 0.07845 0.06771 0.05094 0.05022 -2.57451 -0.49106
-0.04777 -0.22125 1.59216 -0.27897 -0.21014 1.59104 0.07954 0.06463 0.06025 0.07339 -2.43677 0.57956
-0.06567 -0.23825 1.76333 -0.31372 -0.2299 1.73592 0.08793 0.07070 0.05599 0.08453 -2.17045 0.05907
-0.0739 -0.23503 1.71462 -0.30933 -0.21881 1.68995 0.08831 0.07845 0.05628 0.06767 -2.15713 0.43182
-0.09117 -0.23572 1.69204 -0.30652 -0.21729 1.67015 0.08964 0.07459 0.05920 0.06078 -2.09704 0.48595
-0.1882 -0.22003 1.59433 -0.12204 -0.23541 1.60448 0.10988 0.03826 0.11829 0.06498 -2.06901 0.66802
-0.19321 -0.23325 1.6034 -0.12573 -0.25921 1.61141 0.10175 0.04749 0.10601 0.07911 -2.38814 1.08998
-0.15044 -0.26692 1.6247 -0.18042 -0.23964 1.63225 0.12068 0.04718 0.05119 0.07936 1.68153 1.33161
-0.10505 -0.20742 1.61373 -0.11445 -0.20308 1.60568 0.07407 0.03446 0.06136 0.05691 -2.32086 0.55023
-0.06336 -0.20409 1.63882 -0.34334 -0.21084 1.65189 0.06765 0.07713 0.06481 0.04981 -2.47712 0.12815
0.01621 -0.2179 1.58172 -0.33338 -0.20752 1.57704 0.09167 0.06994 0.07365 0.05322 -2.25149 0.42940
0.04857 -0.21342 1.61694 -0.34306 -0.21385 1.61232 0.07057 0.06669 0.06040 0.07097 -2.29457 0.27825
0.11188 -0.19898 1.57793 -0.33123 -0.21003 1.56676 0.09269 0.06360 0.06786 0.04785 -2.75292 0.42760
0.15189 -0.22894 1.72669 -0.35751 -0.23002 1.70176 0.10345 0.07022 0.06312 0.06578 -3.08303 0.34740
0.16782 -0.23788 1.68208 -0.34237 -0.22236 1.64697 0.07101 0.06732 0.05733 0.07075 -2.87714 0.42355
0.18829 -0.25632 1.70463 -0.33895 -0.2233 1.65487 0.09049 0.06740 0.05899 0.07155 -2.62651 0.24812
0.19483 -0.26346 1.70484 -0.33214 -0.22139 1.64533 0.08354 0.06748 0.05408 0.04688 -2.47146 0.06542
0.22935 -0.31773 1.77539 -0.32882 -0.22332 1.68149 0.06242 0.07258 0.06352 0.07804 -2.46510 -0.29075
0.22274 -0.33943 1.76687 -0.31506 -0.22294 1.68092 0.05512 0.07073 0.06746 0.06194 -1.94503 -0.69672
0.21974 -0.34138 1.75668 -0.31044 -0.2221 1.67765 0.05375 0.06745 0.08121 0.05332 -2.17401 -0.60599
0.23232 -0.36204 1.83482 -0.32201 -0.23035 1.759 0.05573 0.07084 0.08677 0.05166 -2.75901 -0.43449
0.2298 -0.35482 1.74921 -0.30681 -0.21736 1.68439 0.05826 0.07194 0.05398 0.05169 -2.88072 -0.33531
0.24429 -0.36368 1.72035 -0.30133 -0.21389 1.6638 0.05730 0.07026 0.06673 0.06910 -2.72122 -0.32748
0.2723 -0.38492 1.71238 -0.3007 -0.21194 1.65985 0.05119 0.06735 0.07315 0.05133 3.10381 -0.27941
0.37718 -0.46947 1.79826 -0.31649 -0.22177 1.74664 0.07376 0.06977 0.04429 0.05641 2.96754 -0.15430
0.41035 -0.46325 1.63759 -0.2933 -0.20375 1.61157 0.05031 0.06135 0.03551 0.06710 3.03555 0.29381
0.46476 -0.50051 1.64134 -0.29326 -0.20413 1.60114 0.04993 0.05956 0.03674 0.05857 -1.66165 0.31012
0.54437 -0.62757 1.87772 -0.30332 -0.23932 1.66598 0.09312 0.06115 0.08719 0.05059 -1.57346 0.87128
0.55303 -0.6253 1.78217 -0.28491 -0.25328 1.57893 0.15647 0.05010 0.15742 0.05250 -2.53002 1.20334
0.52564 -0.64746 1.88088 -0.28148 -0.28466 1.5919 0.12804 0.05852 0.11067 0.05317 -2.58399 1.47649
0.57851 -0.70021 1.92003 -0.28707 -0.33727 1.65767 0.09462 0.06459 0.11089 0.05571 -2.46355 1.53925
0.58247 -0.71597 1.93575 -0.27632 -0.38994 1.6668 0.08478 0.07845 0.14890 0.06362 -2.70020 1.44604
0.59659 -0.73592 1.92234 -0.26719 -0.44574 1.68775 0.12136 0.08708 0.14081 0.06740 -2.24524 1.78837
0.59255 -0.73438 1.90397 -0.2506 -0.49832 1.69933 0.14991 0.09777 0.13100 0.07602 -2.26664 1.94139
0.59197 -0.73683 1.89536 -0.22147 -0.56268 1.73553 0.14836 0.12726 0.13035 0.10792 -2.26280 -2.96640
0.58101 -0.72863 1.86198 -0.14693 -0.63529 1.73257 0.14102 0.13141 0.13749 0.06128 -2.27807 -2.18169
0.5825 -0.7391 1.86678 -0.13603 -0.65309 1.75122 0.14094 0.12293 0.12661 0.06230 -2.25483 -1.73028
0.58633 -0.74017 1.85982 -0.13438 -0.64834 1.75139 0.13494 0.12429 0.10816 0.06995 -2.22077 -1.69802
0.59031 -0.74313 1.86325 -0.14164 -0.64109 1.76915 0.13217 0.12268 0.09406 0.06908 -2.19143 -1.58917
0.59245 -0.7447 1.86035 -0.13821 -0.65037 1.75885 0.13438 0.12381 0.09406 0.06478 -2.08594 -1.68621
0.59061 -0.74395 1.85753 -0.14369 -0.64489 1.77102 0.13417 0.12260 0.09379 0.06661 -2.14214 -1.59150
0.59299 -0.74427 1.85688 -0.13836 -0.6498 1.76496 0.13603 0.12104 0.08826 0.06341 -1.61554 -1.68336
0.59198 -0.74363 1.85859 -0.13646 -0.65095 1.76208 0.12963 0.12314 0.08792 0.06521 -1.95891 -1.69924
0.59124 -0.74498 1.85641 -0.1353 -0.65217 1.75962 0.12841 0.12428 0.08896 0.06641 -2.03950 -1.69887
0.59062 -0.74477 1.85579 -0.13372 -0.65286 1.75882 0.13630 0.12381 0.09916 0.06729 -1.43036 -1.69049
0.59246 -0.74617 1.85961 -0.13297 -0.65395 1.76061 0.13129 0.12310 0.08260 0.06703 -1.73235 -1.71022
0.59286 -0.74637 1.85416 -0.13347 -0.65419 1.76054 0.13478 0.12307 0.08551 0.06599 -2.10851 -1.69421
0.60278 -0.74775 1.83842 -0.13261 -0.65471 1.76076 0.14000 0.12205 0.08434 0.06676 -1.65041 -1.70902
0.60084 -0.74798 1.84362 -0.13405 -0.65491 1.76077 0.14620 0.12375 0.08990 0.06506 -2.07718 -1.69526
0.60572 -0.75008 1.83823 -0.1341 -0.65461 1.76096 0.14312 0.12339 0.09989 0.06564 -2.07810 -1.68393
0.59849 -0.74693 1.84403 -0.1354 -0.65498 1.76135 0.12687 0.12333 0.11387 0.06651 -2.18332 -1.68522
0.61155 -0.75066 1.82745 -0.13596 -0.65419 1.76147 0.13674 0.12371 0.10290 0.06716 -2.12973 -1.69268
0.62016 -0.74998 1.81737 -0.1362 -0.65516 1.76156 0.13681 0.12403 0.11496 0.06688 -1.96935 -1.68984
0.61987 -0.74946 1.81334 -0.13617 -0.65475 1.76134 0.13195 0.12173 0.10398 0.06701 -1.95618 -1.69967
]
