classifier_Monkey_weaves_and_bumps_into_man_19583 [ 0.56108 -0.74553 1.9119 -0.11087 -0.65248 1.73074 0.07636 0.10140 0.05136 0.06429 2.42301 -1.69680
0.55878 -0.74646 1.91317 -0.11082 -0.65144 1.73167 0.07886 0.10233 0.07127 0.06263 2.51789 -1.69754
0.55958 -0.747 1.91409 -0.11091 -0.65166 1.73208 0.07954 0.10109 0.07379 0.06447 2.59989 -0.76875
0.55865 -0.74649 1.91312 -0.1106 -0.65143 1.7308 0.07917 0.10399 0.06323 0.06761 1.80766 -1.71459
0.55778 -0.74616 1.91223 -0.111 -0.6506 1.73046 0.08028 0.10511 0.04998 0.06574 2.28986 -1.93454
0.56031 -0.74767 1.91386 -0.11057 -0.65262 1.73157 0.07761 0.10142 0.07470 0.05591 2.51165 -1.54224
0.55962 -0.74716 1.91261 -0.11112 -0.65287 1.73103 0.07710 0.10430 0.07188 0.06710 2.62160 -1.65777
0.56386 -0.74364 1.91168 -0.11184 -0.65291 1.73051 0.12652 0.10225 0.06671 0.05801 1.81053 -1.52299
0.59283 -0.75576 1.87275 -0.11244 -0.65194 1.73415 0.11614 0.10532 0.05993 0.06263 1.12022 -1.72400
0.58586 -0.75521 1.88629 -0.11276 -0.65052 1.73831 0.12117 0.10942 0.07156 0.06232 1.14861 -1.66976
0.55978 -0.74389 1.91067 -0.11151 -0.63073 1.74223 0.07461 0.10571 0.07354 0.06308 2.70239 -1.74391
0.55615 -0.73853 1.89546 -0.10266 -0.59754 1.73968 0.07508 0.11044 0.05382 0.05853 2.29043 -1.90134
0.56897 -0.75027 1.93179 -0.09922 -0.53798 1.78437 0.07289 0.09300 0.06068 0.06284 2.00438 -2.10172
0.57384 -0.75616 1.94116 -0.05869 -0.36678 1.76512 0.06895 0.06930 0.06363 0.07235 1.92908 -1.83047
0.56786 -0.74109 1.89221 -0.01783 -0.24696 1.69234 0.09787 0.13832 0.06946 0.10401 1.58477 -1.76443
0.58565 -0.7603 1.94771 -0.07423 -0.14939 1.74934 0.10857 0.13047 0.08409 0.11618 1.09665 -1.31873
0.54689 -0.74453 1.96165 -0.13247 -0.11346 1.76331 0.10929 0.16440 0.07083 0.12960 2.10343 -0.72523
0.54032 -0.73775 1.94583 -0.05955 0.0298 1.70445 0.11255 0.13961 0.05797 0.10111 -2.81591 -0.69443
0.55426 -0.759 2.00591 -0.10995 0.00907 1.76619 0.11917 0.14175 0.07815 0.13570 2.19532 -0.47930
0.53952 -0.73564 1.93943 -0.0316 0.23939 1.69808 0.11101 0.12016 0.06842 0.09188 -2.65897 -0.14212
0.55799 -0.76189 2.01088 -0.04174 0.22427 1.74922 0.11891 0.11523 0.09993 0.06747 -2.29812 -0.12564
0.55186 -0.7666 2.0247 -0.0282 0.25654 1.7565 0.12511 0.11594 0.05920 0.08871 -1.72020 -0.22697
0.54666 -0.76814 2.02862 -0.01121 0.25771 1.75503 0.08591 0.12193 0.08680 0.06702 -0.63151 -0.18842
0.55311 -0.76784 2.02349 0.01009 0.25498 1.75382 0.11722 0.12538 0.06233 0.06649 -1.54075 -0.41004
0.55126 -0.76637 2.02996 0.03201 0.24571 1.76324 0.12402 0.12164 0.05760 0.09052 -1.68645 -0.20991
0.5148 -0.71378 1.89837 0.05444 0.14777 1.66082 0.11990 0.10461 0.04340 0.09269 -2.23207 -0.46265
0.51458 -0.71782 1.90715 0.03649 0.04829 1.68106 0.07824 0.11562 0.07684 0.09113 2.88085 -0.66177
0.55547 -0.70723 1.80087 0.02659 -0.03317 1.63436 0.10148 0.07225 0.06064 0.05791 1.48171 -0.81634
0.56882 -0.73582 1.87879 -0.07425 -0.1963 1.74725 0.06071 0.05573 0.06806 0.06286 2.00346 -0.78189
0.5857 -0.75935 1.93593 -0.14514 -0.25663 1.84577 0.06491 0.09717 0.07171 0.09962 1.93962 -0.59471
0.59834 -0.74799 1.88694 -0.18076 -0.2446 1.81326 0.12010 0.08665 0.08150 0.08108 1.08504 -0.46938
0.51694 -0.72981 1.99982 -0.24535 -0.23036 1.78796 0.13294 0.04204 0.12209 0.06407 1.37459 -0.20668
0.52537 -0.73422 1.93158 -0.28708 -0.21607 1.78625 0.07969 0.08019 0.07439 0.05579 2.41725 0.15482
0.53463 -0.74368 1.95991 -0.37216 -0.18801 1.82194 0.07636 0.08274 0.08133 0.07520 3.01988 0.03378
0.53687 -0.74319 1.96068 -0.41417 -0.16047 1.80475 0.07941 0.08547 0.06005 0.08391 2.46976 0.09856
0.55361 -0.74397 1.9506 -0.40631 -0.16019 1.79582 0.10172 0.09435 0.08566 0.08105 -2.61662 0.02758
0.58176 -0.74255 1.93039 -0.39052 -0.16241 1.78582 0.11711 0.11680 0.06273 0.06338 -2.08212 0.31787
0.56381 -0.72333 1.94201 -0.36694 -0.16441 1.75914 0.10719 0.11882 0.06849 0.05589 -2.67915 -0.18928
0.58648 -0.68786 1.89852 -0.34352 -0.16736 1.73866 0.13892 0.11484 0.11970 0.05684 2.32495 -0.23484
0.66508 -0.74407 1.8226 -0.32703 -0.17089 1.74082 0.17813 0.11109 0.10153 0.06000 2.00709 -0.30335
0.61386 -0.72912 2.02012 -0.31065 -0.17194 1.73314 0.12170 0.11271 0.10562 0.05648 -2.80317 -0.45150
0.62416 -0.61103 1.93064 -0.29752 -0.1726 1.72894 0.21277 0.11377 0.12813 0.06352 -2.72001 -0.60067
0.6617 -0.61916 1.90055 -0.28609 -0.17065 1.72072 0.19653 0.11053 0.19733 0.06665 -2.93463 -0.69468
0.72506 -0.60891 1.93036 -0.28325 -0.17755 1.75707 0.10155 0.10458 0.17310 0.05172 -2.46538 -0.14838
0.69865 -0.4903 1.92253 -0.2708 -0.16993 1.78132 0.12256 0.11995 0.08243 0.08577 -2.35016 -0.31381
0.49755 -0.25763 1.97534 -0.25284 -0.16755 1.80544 0.04673 0.12278 0.08216 0.04465 -1.80920 -0.40680
0.5747 -0.23854 2.12767 -0.26875 -0.18097 1.94914 0.07500 0.13846 0.07256 0.09105 -1.12898 -0.48636
0.57435 -0.23628 2.1104 -0.26362 -0.18221 1.94846 0.08556 0.13874 0.07342 0.06641 -1.06457 -0.34310
0.51373 -0.2269 1.87431 -0.235 -0.16602 1.75244 0.09159 0.12628 0.06367 0.06543 -0.45623 -0.32133
0.52587 -0.27289 1.91287 -0.24127 -0.17152 1.80984 0.10048 0.12763 0.05948 0.04563 0.12493 -0.13767
0.5095 -0.29803 1.83127 -0.22984 -0.16504 1.73719 0.10100 0.12230 0.05715 0.07040 0.52530 -2.43296
0.50656 -0.30701 1.83889 -0.22818 -0.16456 1.73314 0.09868 0.12666 0.05925 0.10822 -0.78302 -0.07367
0.48386 -0.29668 1.86016 -0.22852 -0.16428 1.73775 0.09698 0.12581 0.05809 0.10733 -1.27253 -0.05651
0.45312 -0.26329 1.86039 -0.22824 -0.16318 1.72442 0.09500 0.12539 0.05943 0.10508 -1.08807 -0.06320
0.50081 -0.26673 2.10458 -0.2595 -0.18365 1.93723 0.07621 0.13938 0.08609 0.11560 -0.77797 0.07045
0.50907 -0.25614 2.12712 -0.26549 -0.18812 1.95625 0.08780 0.13942 0.07938 0.10163 -0.88980 0.14518
0.53734 -0.26738 2.21312 -0.28205 -0.19678 2.0432 0.09482 0.16058 0.08013 0.09527 -0.89951 -0.43572
0.53592 -0.27557 2.18629 -0.28381 -0.20075 2.03703 0.10459 0.16089 0.07264 0.11961 -1.40707 -0.33344
0.4405 -0.24011 1.82717 -0.24313 -0.17246 1.73292 0.09686 0.13884 0.06077 0.05788 -1.17512 -0.21543
0.44465 -0.23318 1.82973 -0.24522 -0.17465 1.7551 0.09789 0.13979 0.06876 0.10175 -0.45192 -0.23216
0.47312 -0.21149 1.93978 -0.2585 -0.18461 1.86685 0.10809 0.14820 0.05813 0.08538 -1.49072 -0.30227
0.41691 -0.15975 1.78787 -0.2363 -0.16941 1.7239 0.09850 0.13232 0.05407 0.10595 -1.36847 -0.26636
0.39191 -0.12532 1.7465 -0.22949 -0.16499 1.69034 0.09761 0.13091 0.04932 0.08719 -1.89900 -0.31970
0.41935 -0.11465 1.96971 -0.25714 -0.18643 1.90852 0.10563 0.14012 0.05727 0.08869 -1.15998 -0.29615
0.38803 -0.09062 1.92963 -0.25143 -0.18091 1.87677 0.10688 0.13687 0.04946 0.07577 -0.82560 -1.94381
0.34897 -0.08421 1.89321 -0.24285 -0.17989 1.84568 0.10110 0.13754 0.07665 0.06691 -1.30468 -0.22943
0.31678 -0.08268 1.89686 -0.23573 -0.18156 1.87263 0.10703 0.13807 0.07586 0.07507 -1.28038 -0.41186
0.27817 -0.08149 1.74328 -0.21337 -0.16951 1.73768 0.09909 0.12527 0.06368 0.05176 -0.85027 -0.44849
0.28234 -0.09536 1.84441 -0.22142 -0.17797 1.84694 0.10275 0.13128 0.07968 0.04366 1.98415 -0.01644
0.26371 -0.09532 1.7499 -0.20723 -0.16981 1.7623 0.09904 0.12837 0.07518 0.08973 1.91738 -0.56104
0.25825 -0.10274 1.77895 -0.21007 -0.17393 1.80112 0.09686 0.12247 0.05005 0.07549 1.95985 -0.27567
0.25646 -0.1024 1.78028 -0.21199 -0.17203 1.80605 0.09707 0.12138 0.10495 0.07676 1.90009 -0.20019
0.25726 -0.099 1.7783 -0.21436 -0.17127 1.80865 0.09667 0.11725 0.05881 0.07742 1.66400 -0.13320
0.25251 -0.09716 1.77835 -0.21917 -0.17068 1.80701 0.09374 0.12101 0.05703 0.04528 1.88936 -0.08738
0.25025 -0.09311 1.74996 -0.2189 -0.1679 1.78183 0.09147 0.12170 0.06126 0.10935 1.85150 -0.07509
0.25251 -0.08793 1.74601 -0.22171 -0.16777 1.77825 0.09126 0.12272 0.09434 0.08844 1.62004 -0.10116
0.25453 -0.08261 1.74042 -0.22464 -0.17315 1.77222 0.09110 0.12604 0.06658 0.11600 1.99708 -0.01461
0.25261 -0.07794 1.73804 -0.22296 -0.17489 1.76939 0.09496 0.12692 0.07321 0.10202 2.23436 -0.13172
0.26051 -0.07536 1.79354 -0.22768 -0.17948 1.82967 0.09838 0.14309 0.06120 0.09178 1.52513 -0.29225
0.25671 -0.0717 1.79221 -0.22418 -0.17981 1.82901 0.10336 0.14646 0.06283 0.10515 1.78767 -0.36055
0.2354 -0.06476 1.69891 -0.20833 -0.17684 1.73421 0.09767 0.11443 0.06705 0.06849 1.77303 0.60945
0.24489 -0.06945 1.85098 -0.2248 -0.18954 1.88891 0.10536 0.13357 0.07175 0.08586 1.71949 -2.71475
0.22157 -0.06156 1.73996 -0.20962 -0.17704 1.77275 0.10255 0.12097 0.06688 0.08047 2.08271 -3.14035
0.21185 -0.05899 1.76461 -0.21179 -0.17867 1.78841 0.10854 0.12293 0.05873 0.07126 1.88049 2.95144
0.16908 -0.06273 1.70787 -0.20572 -0.17184 1.72397 0.09322 0.13304 0.04335 0.06357 1.68626 2.54560
0.18325 -0.04823 1.73201 -0.20652 -0.17454 1.74332 0.10373 0.12644 0.06338 0.06421 1.61304 2.56509
0.15901 -0.04193 1.71371 -0.20323 -0.18157 1.72659 0.10314 0.11275 0.06456 0.06087 1.78484 -2.82610
0.10955 -0.04764 1.7732 -0.20907 -0.18116 1.80116 0.09410 0.14572 0.05003 0.07379 2.06233 2.97391
0.10945 -0.03239 1.77895 -0.20819 -0.18439 1.83707 0.09565 0.14740 0.05851 0.07204 1.43144 2.93488
0.08408 -0.02553 1.74699 -0.20373 -0.18357 1.83952 0.10194 0.15048 0.05935 0.07297 1.64525 2.74054
0.06457 -0.01841 1.70929 -0.19879 -0.17994 1.83552 0.10923 0.14049 0.05143 0.07505 1.68227 2.58253
0.04647 -0.01678 1.6811 -0.19539 -0.17947 1.83567 0.10756 0.13199 0.05265 0.07420 1.84407 2.70877
0.02697 -0.01824 1.58872 -0.18724 -0.16926 1.75079 0.09561 0.12566 0.05130 0.06526 1.67809 2.85467
0.00961 -0.02389 1.56066 -0.18524 -0.13793 1.71058 0.08989 0.11834 0.04368 0.05697 1.81178 2.73020
0.01172 -0.02438 1.53894 -0.02282 -0.04359 1.54658 0.09703 0.05652 0.04440 0.04912 1.74220 -1.50268
0.013 -0.02482 1.56703 -0.02582 -0.03996 1.56861 0.10184 0.06791 0.05187 0.05634 1.72391 -1.54026
0.00985 -0.02277 1.59913 -0.01233 -0.03039 1.60382 0.11069 0.08258 0.05515 0.06735 1.60813 -1.45891
-0.00309 -0.0173 1.61904 -0.04008 -0.0334 1.62612 0.10351 0.07621 0.03633 0.10148 1.65403 -1.61534
-0.01752 -0.01204 1.64064 -0.03497 -0.02096 1.6424 0.10366 0.08667 0.03102 0.10014 1.66540 -1.48003
-0.03316 -0.00196 1.64288 -0.1022 -0.0194 1.6541 0.11548 0.07449 0.03024 0.10438 2.49394 -1.48784
-0.04065 0.00077 1.64448 -0.11086 -0.01274 1.66004 0.11718 0.07670 0.05969 0.10374 2.63036 -1.41791
-0.18856 -0.03518 1.74752 -0.10336 -0.00992 1.73467 0.08982 0.09356 0.04839 0.15012 1.82430 -1.45183
-0.09866 0.0063 1.78472 -0.1323 -0.00299 1.78184 0.12511 0.09385 0.05209 0.12174 2.24170 -1.48854
-0.10268 0.00626 1.64137 -0.11757 -0.0019 1.65438 0.07468 0.06746 0.03890 0.10626 1.14602 -2.02467
-0.04346 0.00524 1.62359 -0.08021 -0.00275 1.6468 0.07053 0.08028 0.04616 0.06391 -1.24192 -1.67524
0.06075 -0.03267 1.60934 -0.27583 -0.04399 1.72093 0.09295 0.04897 0.06363 0.03929 -1.47476 -2.70421
0.10259 -0.054 1.6455 -0.25296 -0.16617 1.75848 0.08784 0.12830 0.06575 0.06473 -2.06606 2.21449
0.15926 -0.08565 1.73603 -0.27037 -0.17348 1.84696 0.09200 0.13804 0.05763 0.07189 -1.83552 -3.13322
0.18438 -0.10772 1.67204 -0.26016 -0.16687 1.76221 0.07557 0.13046 0.07183 0.06303 -2.01485 -2.93022
0.20246 -0.12619 1.58127 -0.2453 -0.15993 1.65923 0.05837 0.11811 0.06758 0.06728 -1.92795 -2.92047
0.27622 -0.18073 1.85268 -0.28597 -0.18357 1.92757 0.06847 0.14351 0.07717 0.07645 -2.05829 3.04008
0.29603 -0.20315 1.76213 -0.26835 -0.17559 1.81901 0.06432 0.12896 0.06856 0.06896 -2.13861 -2.71116
0.3282 -0.23683 1.76234 -0.26474 -0.17413 1.80694 0.06582 0.12796 0.06618 0.08558 -2.15391 -2.65700
0.34966 -0.26502 1.72325 -0.25484 -0.16748 1.75505 0.06489 0.13139 0.05417 0.06562 -1.18841 3.03388
0.38095 -0.30232 1.73619 -0.25153 -0.1699 1.76274 0.06083 0.12623 0.04971 0.06659 -2.08591 3.03544
0.4168 -0.3432 1.76524 -0.25007 -0.1717 1.78502 0.05830 0.12596 0.05324 0.08230 -1.94819 -2.80057
0.43914 -0.37257 1.73379 -0.23947 -0.16684 1.74545 0.05212 0.12441 0.05424 0.06897 -2.01638 2.94123
0.47524 -0.41431 1.75809 -0.23498 -0.17544 1.75958 0.05738 0.07226 0.04940 0.06939 -2.21335 -2.83096
0.51586 -0.4571 1.76113 -0.23134 -0.17494 1.75345 0.06598 0.07555 0.04644 0.05736 3.12261 -2.84593
0.56072 -0.50832 1.80325 -0.23 -0.17375 1.77148 0.07992 0.07442 0.11005 0.06036 -1.86490 -2.76077
0.57778 -0.53763 1.68111 -0.2149 -0.16085 1.66776 0.03511 0.07017 0.01945 0.05440 -2.10305 -2.92783
0.58495 -0.60714 1.69682 -0.21434 -0.15128 1.66801 0.08808 0.11739 0.08080 0.05837 -1.38165 -2.72654
0.59373 -0.73054 1.95904 -0.2255 -0.15864 1.76009 0.11880 0.12089 0.13032 0.06547 -2.71923 2.87109
0.61629 -0.73664 1.9196 -0.22881 -0.16036 1.79457 0.11953 0.12348 0.13511 0.06589 -2.24114 2.78529
0.61271 -0.74941 1.91964 -0.22929 -0.1614 1.80402 0.14245 0.12684 0.12356 0.06951 -2.21371 2.87736
0.61666 -0.75799 1.91053 -0.22916 -0.16316 1.80859 0.12366 0.13150 0.10538 0.06514 -2.14279 2.63164
0.6006 -0.75706 1.92926 -0.22849 -0.17293 1.80886 0.06752 0.13766 0.07475 0.07116 -2.20810 2.78170
0.60131 -0.75947 1.93507 -0.22871 -0.17841 1.81166 0.06747 0.14799 0.09023 0.06595 -0.69312 2.69751
0.55228 -0.73596 1.98688 -0.22747 -0.18033 1.80985 0.11665 0.14529 0.11984 0.07039 0.10240 2.82931
0.58883 -0.74737 1.93989 -0.22696 -0.17963 1.81088 0.13086 0.14080 0.08432 0.06865 0.81368 2.82843
0.5899 -0.74937 1.94335 -0.22775 -0.17862 1.81808 0.12979 0.13508 0.07739 0.07058 1.90230 2.81361
0.62311 -0.76823 1.90129 -0.2284 -0.17666 1.82361 0.11084 0.13504 0.09532 0.07061 1.18225 2.83761
0.61069 -0.76667 1.93147 -0.2295 -0.17574 1.83081 0.10938 0.13184 0.10375 0.07101 1.16704 2.83174
0.60303 -0.76217 1.93382 -0.22898 -0.17661 1.82547 0.12484 0.13442 0.06152 0.07031 1.54795 2.76958
0.59035 -0.75905 1.95817 -0.22746 -0.19262 1.82501 0.07291 0.14460 0.08870 0.07370 0.99915 2.81047
0.61001 -0.76857 1.94193 -0.22681 -0.20436 1.82742 0.12735 0.14838 0.11153 0.06503 1.14418 2.65022
0.59626 -0.76111 1.96189 -0.22506 -0.2204 1.82447 0.12673 0.15197 0.07353 0.06632 2.07936 2.53288
0.56215 -0.71431 1.83246 -0.20733 -0.30735 1.64527 0.11784 0.06925 0.06698 0.07227 1.93306 2.79905
0.60834 -0.75513 1.88025 -0.20769 -0.40981 1.73713 0.12389 0.11543 0.09977 0.09899 1.17170 1.57078
0.57485 -0.72415 1.85175 -0.18807 -0.4534 1.64195 0.13150 0.07565 0.06838 0.05841 1.78968 1.63113
]
