classifier_Monkey_monkey_bumps_into_each_other_25190 [ 0.56714 -0.72658 1.94898 -0.1658 -0.59387 1.81815 0.11852 0.10706 0.08561 0.07554 -1.54953 1.85984
0.56639 -0.72675 1.9489 -0.16921 -0.59299 1.82261 0.11990 0.10647 0.10494 0.07583 -1.63396 1.94803
0.54571 -0.73456 2.00182 -0.21057 -0.57823 1.91325 0.09177 0.13443 0.08857 0.06619 -1.67502 2.58068
0.57075 -0.72629 1.95022 -0.20835 -0.56623 1.87866 0.11948 0.13282 0.11545 0.06396 -1.90699 2.55255
0.5552 -0.73459 1.99973 -0.23723 -0.58407 1.95721 0.08887 0.14997 0.09396 0.09239 -1.57758 2.78879
0.57087 -0.73175 1.98018 -0.23695 -0.57878 1.93976 0.12629 0.14727 0.10174 0.08404 -1.85819 2.85235
0.5757 -0.73027 1.9718 -0.23173 -0.57598 1.91938 0.12119 0.17096 0.11207 0.08534 -1.84331 2.71189
0.57266 -0.73043 1.97932 -0.22814 -0.57759 1.91096 0.12548 0.16236 0.11979 0.07635 -1.84185 2.56149
0.57331 -0.72768 1.97593 -0.20083 -0.57283 1.86771 0.12361 0.12241 0.11538 0.08165 -1.87015 2.26582
0.56948 -0.72525 1.97866 -0.20115 -0.56751 1.86042 0.12882 0.11207 0.13004 0.07935 -1.87833 1.52370
0.56402 -0.71988 1.9708 -0.20445 -0.58566 1.76828 0.13206 0.11391 0.13512 0.09046 -1.86414 0.52269
0.56454 -0.71913 1.97222 -0.21989 -0.58261 1.77096 0.13276 0.11927 0.12129 0.09658 -1.86277 0.59933
0.56238 -0.71533 1.96919 -0.23221 -0.58163 1.77158 0.13650 0.12170 0.10875 0.09544 -1.93695 0.59933
0.56474 -0.70898 1.97125 -0.24303 -0.56687 1.81371 0.13791 0.10493 0.13678 0.12447 -1.97280 0.69575
0.56606 -0.70636 1.96253 -0.24488 -0.57051 1.78797 0.13565 0.13328 0.13557 0.12618 -2.13155 0.77313
0.5828 -0.74478 2.05425 -0.26164 -0.54557 1.77575 0.16303 0.12799 0.11364 0.10834 -2.22880 0.20312
0.47697 -0.60504 1.97699 -0.30952 -0.5377 1.86902 0.08400 0.09580 0.07972 0.11259 -1.81939 0.60293
0.4657 -0.58281 1.99627 -0.35616 -0.51258 1.8941 0.06238 0.10033 0.08579 0.10488 -2.02927 0.52132
0.42057 -0.53764 1.95258 -0.41946 -0.49639 1.89785 0.09051 0.09915 0.06141 0.08997 -3.14134 -0.38894
0.40286 -0.5412 1.98675 -0.45688 -0.50494 1.94156 0.08466 0.09250 0.06805 0.08694 3.00687 -0.34056
0.38403 -0.53414 2.00472 -0.47801 -0.50851 1.9502 0.08938 0.09203 0.08120 0.09145 2.82598 -0.47766
0.37668 -0.51638 2.09191 -0.4869 -0.5227 2.01041 0.11332 0.08427 0.05548 0.09842 -3.07840 0.13779
0.37975 -0.47092 2.09154 -0.45611 -0.49809 2.01025 0.08159 0.08615 0.06125 0.11836 2.76938 -2.85523
0.3889 -0.42991 2.16462 -0.4182 -0.46848 2.09342 0.10588 0.08073 0.05489 0.06878 1.97641 -3.03086
0.34219 -0.40422 2.20896 -0.35455 -0.42093 2.2082 0.07898 0.08625 0.05497 0.08453 2.13578 -2.03889
0.28649 -0.32299 2.22711 -0.28243 -0.37454 2.20726 0.10067 0.08297 0.09602 0.05525 1.06812 -1.60063
0.23424 -0.26835 2.28972 -0.26495 -0.25599 2.21045 0.17001 0.12430 0.08764 0.13846 1.98148 -2.47652
0.24859 -0.08874 2.03083 -0.40293 -0.15594 1.9809 0.07187 0.07224 0.07037 0.04580 -1.08060 2.62979
0.2872 -0.0979 2.04215 -0.43345 -0.19629 1.97385 0.08056 0.06013 0.08866 0.07550 -1.34359 2.79265
0.32693 -0.17399 2.10766 -0.43238 -0.28193 2.07245 0.09183 0.06728 0.07462 0.03901 -0.76281 -3.00890
0.31895 -0.25039 2.17189 -0.35449 -0.29678 2.17403 0.08128 0.10438 0.14373 0.08300 -1.65412 -2.13923
0.31049 -0.26203 2.29279 -0.30178 -0.2961 2.27717 0.09713 0.09319 0.13259 0.05649 -1.61796 -1.43142
0.2677 -0.22236 2.23504 -0.23812 -0.26951 2.1525 0.07578 0.12930 0.07070 0.13519 -1.36456 -2.53719
0.24992 -0.19998 2.15891 -0.23847 -0.2403 2.07556 0.06913 0.11899 0.07220 0.12290 -1.58672 -2.45062
0.2469 -0.18611 2.10693 -0.23324 -0.21234 2.03588 0.15455 0.11143 0.08068 0.10965 -1.06415 -2.39842
0.33023 -0.14961 2.1015 -0.24933 -0.09899 2.04446 0.10691 0.08305 0.06282 0.06451 -1.19296 -2.13155
0.32827 -0.19788 2.18931 -0.38995 -0.00522 2.08453 0.08392 0.07509 0.03844 0.08285 -1.57680 -1.00292
0.31686 -0.34294 2.04743 -0.4398 0.07032 1.85628 0.07200 0.10045 0.07436 0.07613 -1.11499 -0.42137
0.35758 -0.44506 2.04684 -0.45972 0.01731 1.77777 0.07695 0.09936 0.07024 0.06612 -0.90112 -0.52606
0.38141 -0.47587 2.0456 -0.45492 0.00227 1.76299 0.07891 0.09681 0.07324 0.06081 -0.51605 -0.70544
0.41589 -0.50262 2.06829 -0.45736 -0.00939 1.77078 0.08744 0.09632 0.05970 0.06164 -0.47026 -0.70795
0.42603 -0.52559 2.02887 -0.44967 -0.01461 1.72773 0.07208 0.09333 0.06563 0.05681 -0.39493 -0.75611
0.46419 -0.54046 2.11029 -0.4697 -0.01842 1.78474 0.09494 0.09546 0.06790 0.06001 -0.40677 -0.74853
0.44184 -0.54815 2.05231 -0.45933 -0.02003 1.72871 0.07186 0.09375 0.09377 0.05743 2.63944 -0.67870
0.41347 -0.49223 2.13337 -0.47978 -0.02221 1.78413 0.10216 0.09665 0.10900 0.06150 2.53958 -0.66774
0.35951 -0.46312 2.1427 -0.4813 -0.02369 1.78155 0.08171 0.09694 0.08823 0.05719 2.18757 -0.55442
0.26265 -0.33432 2.19149 -0.49788 -0.0263 1.83105 0.06804 0.09832 0.08913 0.06606 1.95827 -0.40170
0.24732 -0.26897 2.15436 -0.49814 -0.02655 1.82792 0.12153 0.09697 0.11568 0.06862 2.07621 -0.01730
0.25516 -0.22034 2.0582 -0.47801 -0.02618 1.7524 0.12165 0.09490 0.13312 0.06257 2.55407 -0.11380
0.24737 -0.21868 2.05445 -0.48044 -0.02615 1.75679 0.12562 0.09600 0.13525 0.05805 2.76831 -0.59974
0.25107 -0.14852 1.96281 -0.46208 -0.02489 1.68728 0.12373 0.09071 0.13877 0.05699 1.61626 -0.50160
0.32672 -0.10919 1.93702 -0.46298 -0.02493 1.69073 0.09257 0.09050 0.10996 0.05468 1.93794 -0.14416
0.39749 -0.16393 2.07118 -0.50424 -0.02922 1.84191 0.07386 0.09838 0.07731 0.06411 2.49505 -0.14601
0.37371 -0.22016 1.9637 -0.47438 -0.02975 1.73694 0.07912 0.09115 0.08171 0.06925 2.85118 -0.13630
0.35243 -0.30309 2.11906 -0.5028 -0.03298 1.84389 0.06695 0.09703 0.06866 0.07202 2.37134 -0.48185
0.29804 -0.31214 2.18607 -0.50389 -0.0329 1.85183 0.07976 0.09829 0.07898 0.05380 -0.89940 -0.30594
0.26348 -0.28245 2.194 -0.50057 -0.03162 1.84775 0.06964 0.09849 0.11460 0.06145 1.86070 -0.64147
0.25552 -0.27986 2.15907 -0.49794 -0.02984 1.8421 0.09272 0.09723 0.13935 0.06962 1.94583 -0.21425
0.18749 -0.27297 2.06749 -0.49176 -0.02971 1.81989 0.11604 0.09684 0.11403 0.06055 1.93919 -0.24941
0.23652 -0.26863 2.01549 -0.48817 -0.03001 1.80624 0.12041 0.09535 0.08432 0.06012 -1.73845 -0.61076
0.26141 -0.249 1.81964 -0.4638 -0.0287 1.7175 0.08802 0.09165 0.10222 0.05876 -2.51303 -0.31092
0.27697 -0.21993 1.8221 -0.48453 -0.02936 1.80057 0.08299 0.09638 0.06858 0.06267 -1.91295 -0.73138
0.30122 -0.14667 1.80655 -0.48275 -0.02665 1.80846 0.09144 0.09936 0.05187 0.05516 -1.88022 -0.75755
0.32002 0.00127 1.79681 -0.47121 -0.01543 1.79289 0.10046 0.10156 0.05993 0.06229 -2.47778 -0.72874
0.34412 0.09372 1.83058 -0.46767 -0.01067 1.80168 0.10217 0.09888 0.06495 0.06852 -2.75796 -0.71081
0.35385 0.10579 1.84907 -0.46746 -0.00151 1.80537 0.10490 0.10841 0.06689 0.06890 -2.97629 -0.63282
0.35987 0.10451 1.86123 -0.46704 -0.00031 1.81024 0.10362 0.10521 0.06470 0.06425 -3.07972 -0.64683
0.36922 0.07523 1.86095 -0.46695 3E-05 1.80961 0.09431 0.10698 0.06246 0.05983 -3.02191 -0.60554
0.3838 0.0556 1.89732 -0.47712 -0.00283 1.84444 0.09644 0.10786 0.06372 0.06444 -2.83968 -0.62207
0.35878 0.03445 1.74716 -0.44058 -0.0051 1.69538 0.08934 0.09869 0.05911 0.05564 -2.90720 -0.66913
0.36611 0.02419 1.76084 -0.44489 -0.0064 1.7052 0.09026 0.09756 0.05722 0.05900 -2.87567 -0.66534
0.37045 0.01927 1.77101 -0.44594 -0.0095 1.70946 0.09108 0.09775 0.05979 0.05851 -2.86453 -0.62928
0.37013 0.02011 1.77387 -0.44563 -0.00937 1.71065 0.09160 0.09788 0.06731 0.07177 -3.00738 -0.55601
0.37038 0.02158 1.7781 -0.44493 -0.00904 1.71412 0.09251 0.09777 0.05800 0.06781 -2.82402 -0.35219
0.37046 0.02364 1.779 -0.44386 -0.00978 1.71573 0.09159 0.09852 0.05750 0.06318 -2.86661 -0.64286
0.36808 0.02388 1.77553 -0.44144 -0.01028 1.71225 0.09179 0.09616 0.06389 0.05968 -2.91257 -0.69447
0.36713 0.02245 1.77676 -0.44164 -0.01309 1.71231 0.09184 0.09789 0.06119 0.05691 -2.88128 -0.65807
0.36629 0.02041 1.77917 -0.44223 -0.01379 1.71293 0.09240 0.09670 0.07129 0.06096 -2.91183 -0.71052
0.36529 0.01772 1.77955 -0.44283 -0.01457 1.71095 0.09239 0.09683 0.06494 0.06474 -2.89453 -0.64658
0.36581 0.01577 1.78246 -0.44361 -0.01355 1.71237 0.09129 0.09658 0.06864 0.06473 -2.97494 -0.61965
0.367 0.01415 1.78558 -0.44436 -0.0141 1.7146 0.09118 0.09767 0.05659 0.06326 -2.76291 -0.41788
0.36829 0.0124 1.78706 -0.44514 -0.01231 1.71654 0.09099 0.09640 0.06930 0.06443 -2.91969 -0.36461
0.37073 0.01116 1.79064 -0.44658 -0.01127 1.71923 0.09005 0.09795 0.06060 0.07199 -2.87260 -0.50356
0.37305 0.01007 1.79186 -0.44766 -0.01098 1.72137 0.09162 0.09695 0.05308 0.05711 2.73556 -0.54351
0.37402 0.00861 1.79138 -0.44897 -0.01001 1.72274 0.09143 0.09630 0.06750 0.05926 -2.92325 -0.54490
0.37117 0.00671 1.78046 -0.4471 -0.01023 1.71517 0.09032 0.09747 0.06124 0.06042 -2.91394 -0.50038
0.36798 0.00541 1.77816 -0.44806 -0.01033 1.71724 0.09091 0.09787 0.06533 0.06159 -2.94459 -0.48168
0.36143 0.00391 1.7779 -0.44932 -0.01007 1.72212 0.09118 0.09820 0.05590 0.06865 -2.75273 -0.41827
0.34943 0.00289 1.77058 -0.44868 -0.00977 1.72156 0.09105 0.09833 0.05621 0.06135 -2.66008 -0.46756
0.33335 0.00244 1.76319 -0.44586 -0.00783 1.72268 0.09109 0.09710 0.05770 0.06234 -2.65879 -0.48880
0.30739 0.00147 1.73277 -0.43363 -0.00766 1.70124 0.09434 0.09906 0.05859 0.05964 -2.61125 -0.46715
0.29222 0.00217 1.81182 -0.44234 -0.00733 1.78879 0.10009 0.10694 0.06222 0.06665 -2.67245 -0.74837
0.25208 -0.00123 1.80701 -0.4206 -0.00283 1.79218 0.10736 0.10688 0.06562 0.06518 -2.39353 -0.73263
0.12957 0.01884 1.79245 -0.33803 -0.00154 1.81007 0.09692 0.11145 0.06141 0.06578 -2.70400 -0.38690
-0.00852 0.01431 1.75086 -0.18138 0.03291 1.76075 0.09963 0.08643 0.04189 0.14332 -0.14105 -2.62346
-0.06 0.03455 1.79113 -0.10028 0.05776 1.78889 0.10806 0.09786 0.09011 0.08398 -1.87801 -2.66605
-0.01845 0.05614 1.78819 -0.18508 0.03705 1.7903 0.10394 0.10757 0.09550 0.04082 -2.98145 -0.17713
0.0456 0.0745 1.78829 -0.2237 0.05286 1.79111 0.10131 0.10546 0.07942 0.04633 -2.87544 -0.06712
0.10315 0.0876 1.78448 -0.26778 0.06031 1.79127 0.09692 0.10560 0.07352 0.08425 -3.07365 -0.34509
0.15896 0.09093 1.79051 -0.3093 0.06126 1.80496 0.09818 0.10733 0.06861 0.06929 -2.92760 -0.05295
0.20494 0.09166 1.81994 -0.34505 0.06747 1.8444 0.09847 0.10888 0.06695 0.07568 -3.01877 -0.01804
0.22986 0.09081 1.8156 -0.35978 0.06579 1.84705 0.09278 0.10872 0.06449 0.07271 -2.85595 0.01600
0.23694 0.08025 1.82635 -0.3526 0.05822 1.8552 0.09110 0.10502 0.06372 0.06708 -2.88294 -0.19420
0.23111 0.07225 1.82887 -0.34246 0.05224 1.85457 0.09025 0.10556 0.06186 0.07196 -2.70840 -0.41642
0.21187 0.06031 1.80664 -0.32848 0.04451 1.82713 0.08830 0.10508 0.06114 0.07370 -2.48140 -0.59736
0.20765 0.05463 1.82908 -0.33014 0.04389 1.84492 0.09175 0.10784 0.05881 0.06777 -2.60374 -0.57192
0.20209 0.05221 1.8225 -0.32574 0.04139 1.83294 0.08935 0.10941 0.06775 0.07636 -2.53359 -0.59533
0.19959 0.05051 1.83004 -0.32552 0.04163 1.83704 0.09163 0.10955 0.06308 0.07238 -2.78660 -0.58076
0.19768 0.04726 1.83643 -0.32668 0.04235 1.83935 0.09421 0.11138 0.06263 0.08449 -2.74549 -0.53754
0.19373 0.04075 1.83261 -0.32833 0.04268 1.83039 0.09536 0.10988 0.06520 0.07114 -2.67442 -0.49704
0.19375 0.02558 1.8702 -0.33632 0.04192 1.86156 0.09962 0.11102 0.06575 0.07541 -2.43430 -0.45397
0.18927 0.00327 1.87167 -0.33619 0.03425 1.86265 0.10009 0.11050 0.06427 0.06276 -2.16747 -0.49770
0.18346 -0.02814 1.87263 -0.33012 0.01869 1.86091 0.09871 0.10736 0.06258 0.05604 -2.14634 -0.69830
0.17869 -0.08079 1.85368 -0.31397 -0.0135 1.83817 0.10491 0.10647 0.07031 0.06575 -2.50628 -0.92635
0.16825 -0.21971 1.98203 -0.28379 -0.13918 1.96896 0.09612 0.10750 0.05677 0.14395 -2.27099 -0.79736
0.14119 -0.27722 1.78976 -0.21059 -0.19846 1.77883 0.06582 0.06913 0.05250 0.03383 -2.05884 -0.89617
0.13177 -0.36202 1.73311 -0.18607 -0.29622 1.75874 0.05007 0.08316 0.05815 0.14346 -1.50896 -1.26005
0.14295 -0.52408 1.90174 -0.17621 -0.41764 1.89152 0.10543 0.09536 0.07192 0.11931 -0.27777 -2.01241
0.14626 -0.58345 1.89189 -0.16887 -0.53122 1.94068 0.07178 0.12559 0.08666 0.11690 0.43993 2.75311
0.15561 -0.60587 1.86354 -0.15196 -0.608 1.91888 0.11944 0.13030 0.05560 0.08349 1.71554 1.79152
0.17532 -0.61862 1.8744 -0.134 -0.6185 1.90946 0.13274 0.13384 0.06057 0.08606 0.66923 1.70033
0.19476 -0.60286 1.84734 -0.13514 -0.60563 1.86554 0.13062 0.12879 0.07416 0.08408 1.67776 1.69050
0.24004 -0.59712 1.87184 -0.14162 -0.6069 1.86718 0.07986 0.12620 0.06056 0.08236 2.16553 1.62860
0.3046 -0.57508 1.83488 -0.14155 -0.6 1.84442 0.06771 0.12415 0.05011 0.07796 1.97930 1.71739
0.34242 -0.5785 1.79487 -0.14105 -0.58646 1.80369 0.07099 0.12247 0.13085 0.07590 2.36682 1.73111
0.39576 -0.57215 1.82035 -0.14203 -0.5862 1.79789 0.08744 0.12159 0.06631 0.07603 1.56725 1.80055
0.43995 -0.58051 1.83727 -0.14354 -0.58794 1.80154 0.08762 0.12123 0.05457 0.07996 1.85073 1.84413
0.4743 -0.5909 1.85703 -0.14394 -0.58953 1.80556 0.08927 0.12171 0.06511 0.08452 1.85921 1.92554
0.51913 -0.60726 1.85547 -0.14391 -0.58701 1.80186 0.08246 0.12232 0.08267 0.07784 1.59778 1.81293
0.55183 -0.69492 1.953 -0.14576 -0.60422 1.84871 0.11388 0.12444 0.09944 0.08095 0.26868 1.87536
0.55102 -0.70829 1.96424 -0.16243 -0.60393 1.84131 0.11394 0.12296 0.09454 0.08330 0.98017 2.00152
0.55434 -0.71522 1.96814 -0.15086 -0.60316 1.84099 0.11062 0.12317 0.09617 0.08692 1.00756 2.02096
0.55905 -0.72077 1.96994 -0.15534 -0.60358 1.838 0.10664 0.12258 0.08660 0.08263 1.29904 1.91986
0.56014 -0.72419 1.96914 -0.15768 -0.60338 1.83583 0.10795 0.12482 0.08830 0.08169 1.32737 1.95330
0.56199 -0.72625 1.9706 -0.15102 -0.60239 1.83632 0.10574 0.12425 0.08814 0.08319 1.06721 1.88263
0.56094 -0.72701 1.97541 -0.14458 -0.60245 1.8396 0.10633 0.12104 0.13608 0.08661 -2.09513 1.80152
0.56382 -0.7299 1.9815 -0.14428 -0.60405 1.84593 0.10524 0.12590 0.13764 0.08719 -2.06195 1.84096
0.56456 -0.73139 1.98406 -0.14383 -0.6051 1.84875 0.10664 0.12552 0.12871 0.08655 -2.01465 1.84945
0.56185 -0.73083 1.98335 -0.14404 -0.60615 1.85248 0.11101 0.12446 0.08690 0.08636 -1.88489 1.79454
0.56071 -0.73126 1.9845 -0.14488 -0.6064 1.85522 0.11398 0.12149 0.08869 0.08740 -1.63494 1.84439
0.5621 -0.73168 1.98525 -0.14469 -0.60714 1.85782 0.11810 0.12554 0.07696 0.08695 -1.77455 1.79866
0.56332 -0.73185 1.98424 -0.14387 -0.60753 1.85742 0.12894 0.12615 0.08553 0.08678 -1.87532 1.76746
0.56371 -0.73193 1.9839 -0.14419 -0.60809 1.85757 0.12830 0.12665 0.08870 0.08819 -1.55848 1.83319
0.56494 -0.73238 1.98427 -0.14467 -0.60734 1.85837 0.12856 0.12592 0.07926 0.08789 -1.82288 1.83114
0.55612 -0.73239 1.99276 -0.14471 -0.60909 1.86297 0.09196 0.12694 0.08975 0.08325 -1.48597 1.70536
0.5573 -0.73241 1.99414 -0.14509 -0.60889 1.86377 0.09255 0.12378 0.09304 0.08204 -1.41299 1.61498
0.56137 -0.73184 1.99284 -0.14489 -0.60933 1.86418 0.08973 0.12331 0.09299 0.08404 -1.35104 1.73178
0.56668 -0.73105 1.99424 -0.14443 -0.61025 1.86339 0.10096 0.12492 0.08739 0.08356 -1.52452 1.79874
]
