classifier_Monkey_weaves_and_bumps_into_car_25191 [ 0.55587 -0.74628 1.8857 -0.17286 -0.59733 1.86586 0.12250 0.12984 0.08965 0.07910 -1.23994 1.52296
0.55883 -0.74684 1.88141 -0.17383 -0.59704 1.86659 0.11804 0.12818 0.08343 0.07952 -1.21080 1.52110
0.55812 -0.74561 1.8827 -0.17372 -0.59661 1.86684 0.12134 0.12971 0.08352 0.07988 -1.25254 1.51967
0.55492 -0.74516 1.87908 -0.16938 -0.605 1.8423 0.12235 0.12658 0.08342 0.08039 -1.29555 1.65104
0.55419 -0.74372 1.88407 -0.16944 -0.6036 1.84696 0.12532 0.12899 0.08651 0.07771 -1.24112 1.62843
0.55625 -0.74281 1.88024 -0.17052 -0.6021 1.8493 0.12004 0.13053 0.08660 0.07705 -1.30360 1.61172
0.56724 -0.74425 1.86445 -0.28148 -0.65014 1.92766 0.11001 0.07013 0.08076 0.03301 -1.25692 2.26268
0.56718 -0.73857 1.86143 -0.17122 -0.59199 1.84372 0.11146 0.12458 0.09943 0.07607 -1.90678 1.50416
0.58104 -0.73148 1.88238 -0.18636 -0.54677 1.77172 0.11628 0.08354 0.12935 0.08904 -1.92502 3.07853
0.5866 -0.73228 1.89334 -0.20348 -0.31471 1.7088 0.11673 0.04934 0.12381 0.03876 -2.92069 2.10971
0.54247 -0.62813 1.86226 -0.20412 -0.22048 1.67197 0.14959 0.05301 0.16438 0.04531 -3.09178 2.37676
0.4713 -0.5359 1.86692 -0.21846 -0.15581 1.66747 0.06453 0.07394 0.02890 0.05644 -1.97059 2.24950
0.48488 -0.53817 2.04677 -0.24647 -0.10422 1.83324 0.02164 0.07758 0.03200 0.06295 -2.21133 2.19177
0.41568 -0.38126 1.85511 -0.24185 -0.05481 1.74709 0.05953 0.08391 0.05884 0.06525 -1.09693 2.44385
0.29561 -0.18035 1.83135 -0.26839 -0.01595 1.78078 0.07027 0.07761 0.04368 0.06135 -2.40487 2.71217
0.25052 -0.11366 1.7536 -0.26506 -0.02836 1.72697 0.05983 0.06333 0.06419 0.05470 -2.65802 2.63302
0.22564 -0.05813 1.76459 -0.27543 -0.06367 1.7251 0.08952 0.05737 0.08324 0.05199 -2.74208 2.47412
0.20356 0.02051 1.7891 -0.29282 -0.11982 1.77373 0.07384 0.04921 0.05181 0.05082 -2.55956 2.37734
0.19839 0.07151 1.82053 -0.30402 -0.17767 1.79511 0.09141 0.05144 0.06319 0.04840 -2.29740 2.14941
0.19701 0.10814 1.83049 -0.30951 -0.2268 1.79657 0.09990 0.04879 0.07327 0.04891 -2.41429 2.56034
0.20023 0.12562 1.84276 -0.31211 -0.24632 1.79749 0.09857 0.05296 0.07571 0.05018 -2.56698 2.68804
0.20209 0.12232 1.84414 -0.30928 -0.22992 1.7904 0.09462 0.05035 0.07263 0.04216 -2.59724 2.53836
0.20166 0.09567 1.83228 -0.30381 -0.17989 1.77658 0.07638 0.06216 0.06513 0.04427 -2.56179 2.42977
0.19559 0.04379 1.78937 -0.28888 -0.1101 1.73216 0.05540 0.05848 0.06703 0.04793 -2.72131 2.01491
0.19791 -0.02951 1.81095 -0.29249 -0.05431 1.76 0.05122 0.08119 0.07003 0.06115 -2.89603 1.83881
0.19882 -0.09771 1.84385 -0.28568 0.00896 1.79585 0.04824 0.07645 0.05275 0.05488 -2.92200 2.39419
0.2014 -0.11624 1.84341 -0.28552 0.05998 1.82494 0.05476 0.08291 0.04374 0.06235 -3.13608 2.56634
0.214 -0.07316 1.8536 -0.28613 0.04558 1.82334 0.07041 0.07697 0.07760 0.06482 -2.98503 2.51171
0.21018 0.0018 1.7873 -0.27766 0.00521 1.76593 0.05736 0.06842 0.03842 0.05619 1.79019 2.43821
0.23236 0.08806 1.87565 -0.2881 -0.1038 1.8145 0.09106 0.05619 0.05714 0.05644 -0.00010 2.54731
0.23273 0.10649 1.88627 -0.28906 -0.12152 1.81095 0.09404 0.05911 0.10633 0.05325 0.44575 2.43180
0.2308 0.10885 1.89216 -0.3057 -0.10946 1.82892 0.09324 0.08799 0.08921 0.06527 0.48097 2.37518
0.22949 0.0991 1.89536 -0.34237 -0.07786 1.84399 0.08677 0.07563 0.08191 0.06032 0.43630 2.89366
0.22214 0.05685 1.82983 -0.38326 0.04045 1.80497 0.06566 0.11452 0.07964 0.05806 0.63404 -2.85007
0.23197 0.02702 1.83095 -0.40167 0.07872 1.80312 0.07338 0.12374 0.08299 0.08046 0.47055 -2.68461
0.23297 0.01053 1.81624 -0.417 0.09595 1.79568 0.06443 0.13850 0.07301 0.11666 0.75065 -2.74192
0.24156 -0.00185 1.86973 -0.44918 0.07774 1.8451 0.05562 0.14275 0.06943 0.06701 0.40010 -3.07914
0.2338 -0.01488 1.78053 -0.44449 0.01564 1.74164 0.05101 0.08149 0.06358 0.07096 0.32813 2.65477
0.23056 -0.02906 1.69084 -0.42337 -0.04134 1.62884 0.05542 0.08123 0.06639 0.07516 0.34275 -2.58289
0.24286 -0.03673 1.7645 -0.44462 -0.08799 1.6931 0.05389 0.08610 0.06664 0.12501 0.32041 -2.59919
0.24126 -0.04208 1.73437 -0.43331 -0.09276 1.67067 0.04892 0.09846 0.06184 0.12624 0.37308 -2.66889
0.24456 -0.04613 1.74612 -0.43853 -0.08121 1.68714 0.05080 0.11687 0.06319 0.12042 0.21226 -2.98259
0.24384 -0.04662 1.74093 -0.43975 -0.06411 1.68587 0.05173 0.11212 0.05944 0.05675 0.28248 2.20876
0.23665 -0.04368 1.70773 -0.42504 -0.04678 1.64898 0.05143 0.12241 0.06788 0.05707 0.29220 2.88904
0.23502 -0.04286 1.71056 -0.425 -0.04554 1.64723 0.05212 0.12374 0.04406 0.05792 1.01733 2.91133
0.23555 -0.04374 1.70728 -0.42643 -0.04499 1.63882 0.05330 0.12924 0.05782 0.05544 0.68151 2.86193
0.23668 -0.0473 1.70941 -0.43785 -0.04206 1.63252 0.04973 0.12729 0.06226 0.07083 0.25796 -2.70896
0.23803 -0.05293 1.71009 -0.44256 -0.0419 1.62904 0.04983 0.13615 0.05755 0.06253 0.30311 -3.09351
0.23794 -0.05858 1.70546 -0.44662 -0.04104 1.62127 0.05227 0.12681 0.04257 0.11543 0.28315 -2.37888
0.23874 -0.06645 1.70518 -0.45247 -0.03877 1.61867 0.05042 0.12230 0.05917 0.08779 0.33206 -2.77627
0.2398 -0.07396 1.70199 -0.45448 -0.039 1.6181 0.05040 0.13363 0.05315 0.05539 0.24946 3.09254
0.24307 -0.08008 1.69749 -0.45503 -0.03884 1.61531 0.05132 0.13177 0.05289 0.08772 0.27733 -2.62830
0.24954 -0.08238 1.69918 -0.45611 -0.0389 1.62111 0.05053 0.12212 0.05811 0.07876 0.27152 -2.57932
0.25441 -0.08172 1.69483 -0.45377 -0.04007 1.61866 0.05158 0.12292 0.04983 0.05623 0.21065 3.01309
0.25852 -0.08018 1.6926 -0.453 -0.03947 1.61798 0.05220 0.13107 0.05480 0.05878 0.14709 3.11953
0.25962 -0.08095 1.69916 -0.44634 -0.04181 1.61838 0.05229 0.11430 0.04961 0.09892 0.10747 -2.78584
0.25608 -0.08445 1.70013 -0.44591 -0.04429 1.62101 0.05168 0.12992 0.05506 0.06889 0.78441 -2.85767
0.25409 -0.09392 1.70653 -0.44459 -0.04349 1.62505 0.04955 0.12747 0.05461 0.05938 0.79691 3.11089
0.2521 -0.14782 1.75883 -0.45247 -0.04938 1.66617 0.04469 0.13600 0.05523 0.05858 0.42515 3.10177
0.22338 -0.18671 1.63811 -0.42177 -0.04791 1.55904 0.06211 0.11965 0.05595 0.08817 0.45209 -2.74809
0.26543 -0.25965 1.8014 -0.4519 -0.05723 1.67266 0.16272 0.13055 0.04409 0.10779 -0.51508 -2.70983
0.28433 -0.31708 1.84383 -0.4525 -0.06486 1.67768 0.11902 0.13391 0.05938 0.07604 1.00477 -2.69529
0.30644 -0.41569 1.91526 -0.44704 -0.07232 1.64324 0.07450 0.12988 0.06972 0.06218 -0.47276 -3.08967
0.27356 -0.31059 2.12191 -0.4637 -0.07518 1.68785 0.10953 0.13134 0.15506 0.05705 -1.73282 3.06513
0.23762 -0.22521 2.05767 -0.45566 -0.07366 1.65147 0.08483 0.12794 0.11456 0.06801 -0.87803 -2.81914
0.30494 -0.08152 1.92436 -0.44484 -0.07218 1.61316 0.08025 0.12098 0.06730 0.05542 -1.17077 3.13071
0.2427 -0.15147 1.8909 -0.43218 -0.0745 1.56289 0.10356 0.13147 0.08449 0.05209 -1.35270 -2.98526
0.37825 -0.30625 2.04524 -0.45915 -0.08447 1.66362 0.07961 0.12194 0.07679 0.10507 -0.80099 -2.74960
0.36651 -0.32703 2.11719 -0.46487 -0.08914 1.68031 0.09263 0.12291 0.06601 0.05837 -0.92849 -2.90033
0.28273 -0.30339 2.15579 -0.46489 -0.08934 1.68687 0.08340 0.13309 0.08160 0.10679 -1.55528 -2.61178
0.25538 -0.25254 2.12113 -0.46287 -0.08703 1.67984 0.12347 0.13151 0.12624 0.05301 -1.71513 -3.06822
0.25853 -0.21177 2.09529 -0.46181 -0.08357 1.68275 0.12463 0.13342 0.11558 0.05378 -1.70718 2.89572
0.3245 -0.06463 1.87235 -0.45774 -0.07978 1.68144 0.10114 0.13020 0.05727 0.05217 -1.60424 2.95562
0.33576 0.01953 1.86424 -0.45384 -0.07509 1.68235 0.08730 0.13475 0.05717 0.05695 -2.10291 2.96937
0.35487 0.1165 1.86405 -0.44273 -0.06359 1.66752 0.10988 0.13494 0.08336 0.05654 -2.49918 2.93357
0.34997 0.10611 1.83284 -0.43118 -0.05403 1.64585 0.10474 0.12839 0.07429 0.08069 -2.47196 -0.30271
0.34671 0.07669 1.81994 -0.43 -0.04751 1.65062 0.09913 0.14129 0.07098 0.08667 -2.48262 -0.20733
0.35228 0.0353 1.84152 -0.43785 -0.04162 1.69063 0.09584 0.13812 0.06887 0.10334 -2.54790 -0.21641
0.3496 -0.00468 1.82759 -0.43462 -0.04239 1.69233 0.09383 0.13659 0.07030 0.08632 -2.54018 -0.24987
0.35107 -0.03286 1.82122 -0.43316 -0.03789 1.69131 0.09447 0.13363 0.07037 0.09587 -2.59702 -0.16862
0.35347 -0.0421 1.82154 -0.43035 -0.03987 1.68657 0.09478 0.13767 0.07383 0.07241 -2.65327 -0.23477
0.35653 -0.03977 1.8266 -0.42737 -0.04425 1.68438 0.09690 0.13962 0.07610 0.07404 -2.71590 -0.20115
0.34193 -0.01637 1.74656 -0.40437 -0.03887 1.59838 0.09063 0.12931 0.06052 0.07913 -2.71652 -0.27096
0.33912 -0.01628 1.74407 -0.40332 -0.03578 1.59894 0.08860 0.12464 0.06198 0.07775 -2.69285 -0.23967
0.33232 -0.02125 1.73278 -0.40049 -0.03482 1.59276 0.08901 0.13262 0.06575 0.08659 -2.64616 -0.23939
0.32737 -0.02488 1.72241 -0.39734 -0.03258 1.58145 0.08847 0.12836 0.06968 0.07281 -2.72265 -0.05395
0.32498 -0.02929 1.72401 -0.39853 -0.03232 1.58486 0.08898 0.11912 0.05519 0.07221 -2.55802 -0.08365
0.32391 -0.03231 1.72559 -0.39952 -0.03128 1.58545 0.08985 0.12925 0.06616 0.06874 -2.66228 -0.05359
0.32208 -0.03411 1.73275 -0.40032 -0.03075 1.58981 0.08841 0.11850 0.07038 0.08033 -2.68455 -0.04016
0.31477 -0.03812 1.73794 -0.40189 -0.02993 1.5934 0.08636 0.12780 0.07010 0.07211 -2.67662 -0.10852
0.29726 -0.04494 1.74889 -0.40229 -0.03075 1.59699 0.08691 0.12155 0.07066 0.07121 -2.70610 -0.05897
0.26889 -0.05433 1.76606 -0.40324 -0.03241 1.6047 0.08437 0.13241 0.06382 0.07300 -2.37133 -0.04063
0.23236 -0.06466 1.77437 -0.402 -0.03362 1.60405 0.08449 0.12230 0.06060 0.07706 -2.32588 -0.25101
0.19069 -0.06832 1.7165 -0.3885 -0.03337 1.54884 0.07914 0.12192 0.05630 0.08077 -2.57181 -0.19387
0.16645 -0.08107 1.77207 -0.40314 -0.03588 1.61356 0.08828 0.12117 0.05143 0.08815 -2.31580 -0.21705
0.1607 -0.08332 1.73913 -0.40071 -0.0371 1.60329 0.09972 0.12195 0.05588 0.08951 -2.27853 -0.18683
0.15589 -0.08271 1.74111 -0.40744 -0.03988 1.64065 0.10298 0.12416 0.06450 0.08260 -2.39105 -0.07408
0.1438 -0.07893 1.68958 -0.40422 -0.03937 1.63623 0.10726 0.13087 0.05796 0.07051 -2.35862 -0.22080
0.13007 -0.07368 1.65072 -0.40366 -0.03855 1.64789 0.10214 0.12148 0.05626 0.08647 1.24315 -0.07234
0.08944 -0.05835 1.61108 -0.40484 -0.03989 1.6548 0.10096 0.12929 0.06529 0.07760 0.82517 -0.11133
0.07454 -0.05501 1.65124 -0.41006 -0.03947 1.66965 0.10444 0.13638 0.04467 0.08506 0.81973 -0.15065
0.05762 -0.05626 1.67506 -0.40636 -0.04088 1.65326 0.10351 0.12214 0.05617 0.09764 1.18602 -0.12913
0.03232 -0.06244 1.72136 -0.40674 -0.0433 1.65168 0.09995 0.12200 0.06225 0.08836 -2.66172 -0.13249
0.00932 -0.08446 1.8135 -0.41747 -0.04777 1.68701 0.11529 0.12816 0.07175 0.09367 -2.04750 -0.19381
-0.01951 -0.08709 1.85045 -0.41702 -0.05152 1.69082 0.10792 0.13608 0.05093 0.08214 -2.51067 -0.14895
-0.03763 -0.08989 1.86691 -0.4211 -0.05257 1.6964 0.10978 0.14554 0.05661 0.07577 -2.28269 -0.15983
-0.06108 -0.08283 1.82941 -0.42285 -0.05172 1.6973 0.11457 0.13592 0.10643 0.08668 -2.07107 -0.14057
-0.07445 -0.07373 1.73804 -0.41123 -0.04683 1.65017 0.11246 0.12230 0.04129 0.08304 0.30349 -0.12666
-0.13242 -0.08346 1.68347 -0.41113 -0.04045 1.66272 0.12605 0.12875 0.02931 0.08562 0.44133 -0.07654
-0.17499 -0.10183 1.72413 -0.42009 -0.03745 1.72089 0.12932 0.12506 0.05977 0.07286 0.74415 0.12657
-0.22756 -0.09113 1.70926 -0.40547 -0.03228 1.71084 0.10881 0.12704 0.10388 0.09356 -0.07841 0.22893
-0.21614 -0.08641 1.71241 -0.40303 -0.02897 1.70453 0.10742 0.11968 0.11250 0.05690 -1.52094 0.39025
-0.32766 -0.0084 1.71928 -0.43991 -0.02827 1.73565 0.10500 0.11032 0.09096 0.05426 -1.89848 0.22639
-0.1629 0.00339 1.74378 -0.44144 -0.01532 1.74108 0.10376 0.13524 0.10003 0.07480 -2.21304 -0.00493
-0.10285 0.036 1.735 -0.44479 -0.00888 1.73192 0.10359 0.13178 0.10012 0.07538 -2.29909 0.13614
-0.04732 0.0604 1.73859 -0.45173 -0.00451 1.73783 0.10089 0.13557 0.09191 0.09041 -1.81389 0.00359
-0.00497 0.06969 1.72644 -0.44841 -0.00543 1.72274 0.09669 0.13197 0.08815 0.06514 -1.90848 0.43381
0.02045 0.07573 1.75599 -0.45932 -0.00732 1.75388 0.09425 0.13378 0.08707 0.05531 -1.72456 0.64592
0.03595 0.07034 1.76244 -0.45913 -0.00605 1.75653 0.09427 0.12767 0.08269 0.05589 -1.45932 0.62560
0.03901 0.06506 1.76793 -0.45534 -0.00235 1.76025 0.09247 0.12646 0.05192 0.05600 -0.16949 0.62186
0.03675 0.05714 1.73557 -0.44477 -0.00021 1.72718 0.09018 0.13179 0.08771 0.07207 -2.31862 -0.27835
0.03498 0.05118 1.75566 -0.44626 0.00136 1.7444 0.09347 0.12173 0.04756 0.06275 -0.59750 0.08060
0.03173 0.04971 1.75361 -0.44086 0.00307 1.73711 0.09451 0.12646 0.08428 0.05871 -1.38488 0.15248
0.031 0.04843 1.76378 -0.43905 0.00804 1.74552 0.09730 0.12790 0.03976 0.07650 0.41678 -0.01878
0.03104 0.04683 1.76843 -0.43876 0.00665 1.74737 0.09643 0.13295 0.08013 0.07029 -1.51676 0.05732
0.03154 0.0448 1.7744 -0.43978 0.00691 1.75325 0.09404 0.11996 0.09090 0.08886 -2.27551 -0.04696
0.03221 0.03934 1.76147 -0.43306 0.00814 1.73521 0.09170 0.13003 0.08736 0.06730 -2.26323 0.17921
0.03275 0.0145 1.75871 -0.43261 0.00649 1.73059 0.09001 0.12958 0.05584 0.04187 -2.03823 1.90783
0.03789 -0.0609 1.83984 -0.44259 -0.00884 1.8009 0.10289 0.12374 0.06223 0.07853 -1.75449 -0.04955
0.03278 -0.10649 1.74918 -0.40755 -0.02941 1.70487 0.09657 0.11225 0.07174 0.08022 -2.27929 -0.03832
0.02782 -0.16337 1.77505 -0.39835 -0.06821 1.72861 0.09193 0.10321 0.06685 0.09101 -1.33984 -0.30412
0.02511 -0.23093 1.82732 -0.38584 -0.11837 1.78187 0.09363 0.08688 0.07135 0.08277 -2.33821 -1.36852
0.01741 -0.30254 1.8498 -0.36482 -0.18035 1.82596 0.08309 0.05663 0.07173 0.10235 -2.32553 -0.60510
0.01945 -0.39567 1.85878 -0.33 -0.2561 1.8541 0.06979 0.07150 0.06897 0.09627 -1.42058 -1.34030
0.06915 -0.52541 1.75507 -0.22982 -0.38491 1.73551 0.09646 0.08895 0.06271 0.09822 -2.38397 -1.78469
0.09175 -0.6218 1.92205 -0.21715 -0.50364 1.92841 0.12025 0.11817 0.08197 0.10959 -1.56165 -2.85387
0.15129 -0.64725 1.90348 -0.19364 -0.57402 1.91076 0.13051 0.11283 0.08745 0.06040 -2.09264 1.50613
0.11229 -0.60775 1.91433 -0.16336 -0.6271 1.88862 0.09978 0.11362 0.07335 0.08589 -1.96695 1.77703
0.11235 -0.60857 1.91679 -0.16312 -0.62563 1.887 0.10063 0.11072 0.07542 0.09029 -1.97745 1.85698
0.11262 -0.61233 1.92267 -0.16318 -0.62175 1.886 0.10514 0.10856 0.07563 0.08858 -1.92790 1.84069
0.11289 -0.61344 1.92322 -0.16533 -0.61843 1.88052 0.10473 0.10261 0.07449 0.08661 -1.90418 1.85024
0.11231 -0.61284 1.92253 -0.16558 -0.61919 1.87742 0.10288 0.09760 0.07288 0.08773 -1.89865 1.81995
0.11352 -0.61304 1.92391 -0.16849 -0.62189 1.88153 0.10233 0.09866 0.07187 0.08739 -1.90175 1.81754
0.11464 -0.61413 1.92608 -0.16949 -0.62351 1.88456 0.09925 0.10082 0.07280 0.09121 -1.89370 1.84370
0.11652 -0.61431 1.92509 -0.1727 -0.62281 1.89068 0.10010 0.10325 0.07144 0.08876 -1.89994 1.86951
0.1209 -0.61349 1.92518 -0.1721 -0.62526 1.89458 0.09811 0.10264 0.06884 0.08911 -1.91336 1.85218
0.19641 -0.63688 1.87122 -0.17058 -0.62978 1.8831 0.12457 0.10491 0.07134 0.09663 -2.67210 1.87788
0.22998 -0.64696 1.88407 -0.16982 -0.6247 1.88304 0.13345 0.10179 0.09869 0.08754 -1.26207 1.82742
0.27256 -0.63066 1.79192 -0.16117 -0.59482 1.79059 0.11318 0.09602 0.07471 0.08775 -0.50350 1.88559
0.37599 -0.64347 1.9167 -0.16927 -0.62298 1.8819 0.12655 0.09997 0.10167 0.08814 -1.56383 1.81315
0.41108 -0.65013 1.93601 -0.16873 -0.62087 1.87387 0.15001 0.09998 0.10350 0.08963 -1.35088 1.87220
0.45044 -0.66067 1.92871 -0.16764 -0.61618 1.8623 0.15478 0.09708 0.08476 0.09017 -1.42552 1.91079
0.54695 -0.70304 1.79945 -0.15941 -0.59107 1.7846 0.10652 0.09600 0.17905 0.08318 -2.51657 1.82586
0.5573 -0.71809 1.8184 -0.15528 -0.58777 1.77588 0.10628 0.09552 0.12570 0.07473 -2.00231 1.57067
0.5704 -0.73568 1.84492 -0.19243 -0.57877 1.87492 0.10266 0.13171 0.07821 0.08775 -1.47950 2.05589
0.57167 -0.73852 1.85355 -0.19755 -0.57853 1.88866 0.10460 0.13187 0.08469 0.09167 -1.51704 2.09583
0.57586 -0.73956 1.85467 -0.19731 -0.58026 1.89096 0.10536 0.12969 0.08154 0.08761 -1.28723 2.08819
0.57587 -0.74121 1.8607 -0.19924 -0.58175 1.89744 0.10589 0.13326 0.07794 0.08872 -1.29171 2.08756
0.57335 -0.74246 1.86159 -0.19831 -0.58234 1.89592 0.10704 0.13605 0.08133 0.08918 -1.28009 2.10726
0.57057 -0.74002 1.85721 -0.19685 -0.58283 1.88449 0.10679 0.13044 0.07986 0.08560 -1.27685 2.07457
0.57134 -0.74222 1.85567 -0.19594 -0.58472 1.88143 0.10434 0.12916 0.07925 0.08417 -1.22255 2.07538
0.57281 -0.74054 1.85856 -0.19524 -0.58527 1.88028 0.10534 0.12634 0.08586 0.08487 -1.40956 2.06875
0.57363 -0.73961 1.85637 -0.19527 -0.58687 1.87842 0.10356 0.12785 0.08010 0.08616 -1.32835 2.09076
0.57447 -0.73937 1.85634 -0.19506 -0.58541 1.8769 0.10520 0.12560 0.07801 0.08548 -1.26457 2.08473
0.57516 -0.73908 1.85783 -0.19596 -0.58567 1.87999 0.10385 0.12240 0.08004 0.08632 -1.36811 2.09191
0.57401 -0.73984 1.85998 -0.19327 -0.58697 1.87604 0.10744 0.12446 0.08137 0.08482 -1.32728 2.05139
0.57442 -0.73869 1.85955 -0.19422 -0.58716 1.87546 0.10633 0.12659 0.07882 0.08510 -1.36282 2.06980
]
