classifier_Monkey_bumps_into_man_20370 [ 0.49191 -0.70967 1.83516 -0.03946 -0.58465 1.8531 0.13566 0.12382 0.09586 0.06892 2.23070 -1.32122
0.49123 -0.70883 1.83155 -0.03859 -0.58302 1.84881 0.14132 0.12677 0.09940 0.07039 1.99580 -1.22449
0.49286 -0.71196 1.84591 -0.03898 -0.58518 1.86085 0.13581 0.07361 0.09606 0.07211 2.34885 -0.90291
0.49399 -0.71138 1.8551 -0.03869 -0.58752 1.86433 0.14025 0.11356 0.09824 0.07739 2.29036 -1.23664
0.49609 -0.71398 1.85684 -0.04001 -0.58806 1.86742 0.13385 0.07523 0.09944 0.07186 1.97593 -1.11922
0.4963 -0.71422 1.85779 -0.03824 -0.58844 1.86998 0.14266 0.12577 0.10014 0.07043 2.30633 -1.11076
0.4917 -0.71162 1.84383 -0.04021 -0.58445 1.85979 0.13407 0.07809 0.09804 0.07221 2.08057 -1.09145
0.49342 -0.70903 1.83342 -0.04182 -0.58402 1.85067 0.11784 0.12161 0.11326 0.07338 0.64307 -1.29327
0.48166 -0.70568 1.78236 -0.03918 -0.57489 1.82517 0.09423 0.07270 0.09274 0.06876 0.68303 -1.12657
0.45613 -0.70592 1.86968 -0.04045 -0.58216 1.84589 0.06339 0.13035 0.08707 0.07239 -0.06007 -1.15615
0.44035 -0.6995 1.86262 -0.04215 -0.57927 1.84252 0.11533 0.07257 0.09734 0.07325 -0.76231 -1.02165
0.39532 -0.68014 1.94238 -0.0436 -0.57823 1.86787 0.14446 0.15174 0.06973 0.07909 0.19026 -0.56178
0.38599 -0.66413 2.08152 -0.04273 -0.58022 1.92503 0.08966 0.06203 0.04318 0.07870 1.47135 -0.78206
0.36638 -0.67173 2.00615 -0.03732 -0.52737 1.88924 0.17757 0.05393 0.09773 0.06523 0.82578 -0.35282
0.34913 -0.6728 2.10457 -0.01015 -0.49346 1.963 0.08955 0.08411 0.06342 0.09123 2.02253 -1.31184
0.31147 -0.70465 1.99421 -0.00992 -0.33518 1.90036 0.15991 0.05815 0.07886 0.09590 0.80071 -0.87878
0.31844 -0.70171 1.98442 -0.01509 -0.26456 1.89759 0.15173 0.06115 0.07585 0.10333 0.82759 -0.58291
0.33173 -0.68514 2.06157 -0.02467 -0.2085 1.93013 0.09349 0.07966 0.04123 0.13078 0.73890 -0.79468
0.32741 -0.68291 2.00864 -0.03299 -0.15452 1.91281 0.16663 0.09419 0.06223 0.12762 0.19343 -0.52616
0.32446 -0.68046 1.98325 -0.03222 -0.04181 1.91677 0.17148 0.10066 0.07248 0.07864 0.92851 -0.49905
0.31678 -0.68252 1.92804 -0.03092 0.0428 1.90625 0.14629 0.11873 0.08762 0.07507 2.04948 -0.41522
0.3156 -0.68181 1.93889 -0.03226 0.06716 1.92515 0.15221 0.10377 0.05252 0.07065 1.82525 -0.24068
0.31224 -0.68303 1.94118 -0.02822 0.10011 1.93528 0.15706 0.11552 0.05261 0.07258 2.51124 -0.16928
0.33945 -0.71086 1.80062 -0.02851 0.10297 1.89397 0.10547 0.08899 0.07744 0.08242 1.38761 -0.01413
0.32737 -0.66988 2.0527 -0.02866 0.11199 1.99854 0.07963 0.09843 0.04459 0.07302 2.43428 -0.04282
0.32516 -0.67012 2.04532 -0.02864 0.10109 1.99266 0.07937 0.09629 0.07216 0.07143 -2.88222 -0.07853
0.32691 -0.67353 2.05944 -0.02541 0.08557 2.00515 0.07927 0.09602 0.07374 0.07304 -2.91025 -0.25272
0.30656 -0.6893 1.9723 -0.00954 0.08062 1.97219 0.16481 0.07725 0.05897 0.08180 -2.25684 -0.36601
0.31861 -0.67252 2.03376 -0.00743 0.04508 1.99914 0.07563 0.13245 0.06534 0.08653 -2.32185 -0.54185
0.31081 -0.68395 2.00478 -0.01137 -0.00981 1.9962 0.09323 0.13463 0.07462 0.09666 -2.19630 -0.28250
0.31154 -0.68585 1.98888 -0.00423 -0.04117 1.99091 0.15654 0.13702 0.06165 0.09999 -2.44265 -0.68070
0.31182 -0.68883 1.98115 -0.01373 -0.16237 1.99908 0.16436 0.09350 0.05700 0.08846 -2.22534 -0.64968
0.31027 -0.6919 1.97083 -0.02789 -0.16886 1.97259 0.16063 0.13051 0.05966 0.10238 -2.32289 -0.37003
0.31251 -0.68936 1.98614 -0.08866 -0.15092 1.9561 0.17112 0.11802 0.05928 0.06668 -2.42131 0.03253
0.31108 -0.6928 1.98275 -0.17231 -0.11536 1.93125 0.16376 0.06709 0.05807 0.08758 -2.26337 -0.34315
0.31201 -0.69621 1.97957 -0.21348 -0.10372 1.93651 0.15992 0.07092 0.06062 0.10169 -2.76103 -0.01772
0.30932 -0.69271 1.97979 -0.2528 -0.1023 1.94133 0.16673 0.07191 0.03229 0.11000 2.42752 -0.08346
0.31554 -0.68947 2.00986 -0.28679 -0.1075 1.9595 0.17235 0.07529 0.07065 0.11585 1.17757 0.24875
0.31818 -0.69504 2.02572 -0.31393 -0.12133 1.98336 0.17810 0.07429 0.07712 0.11910 1.03969 0.23061
0.31609 -0.69581 2.01666 -0.33243 -0.14332 1.9807 0.15786 0.06912 0.09984 0.11804 0.34959 0.11274
0.31913 -0.69715 2.03829 -0.36558 -0.22335 1.98849 0.08956 0.07396 0.06262 0.10957 1.69413 -0.25255
0.31686 -0.69866 2.01601 -0.3723 -0.24501 1.97377 0.16706 0.07383 0.08664 0.11182 0.68746 -0.27140
0.31314 -0.69452 1.98936 -0.37404 -0.26126 1.95965 0.16802 0.07455 0.06191 0.11393 1.64393 -0.23969
0.32658 -0.68587 2.02303 -0.38072 -0.26763 1.98411 0.08553 0.07056 0.05979 0.10686 2.06199 -0.10000
0.34387 -0.67628 2.03449 -0.38591 -0.2659 2.00322 0.07277 0.07115 0.07051 0.11761 2.32770 -0.13363
0.36007 -0.65318 2.01147 -0.39388 -0.25241 2.00531 0.16229 0.07407 0.09174 0.10830 2.08857 -0.10470
0.40937 -0.60672 2.08833 -0.4099 -0.2478 2.0459 0.14466 0.07979 0.05300 0.10957 1.04770 -0.14775
0.42504 -0.60306 2.11879 -0.4206 -0.24786 2.0819 0.14382 0.07956 0.04664 0.11644 1.42199 -0.23485
0.3963 -0.6172 2.00781 -0.41127 -0.23845 2.02806 0.08497 0.07804 0.06559 0.11461 0.83992 -0.20248
0.40355 -0.60012 1.979 -0.40249 -0.23211 1.97987 0.07780 0.07308 0.06658 0.11084 0.68724 -0.16394
0.42023 -0.59885 2.01948 -0.40571 -0.23844 1.99679 0.06866 0.07686 0.07327 0.11410 0.87764 -0.29512
0.41744 -0.57353 2.07336 -0.40776 -0.24215 2.00864 0.05484 0.07701 0.06699 0.11418 0.69712 -0.28574
0.44571 -0.47534 2.29584 -0.43195 -0.2606 2.13313 0.06928 0.08176 0.06524 0.12429 -0.99768 -0.29957
0.45119 -0.43568 2.33916 -0.42926 -0.26352 2.13693 0.05705 0.07986 0.05133 0.12472 -1.64060 -0.33293
0.4342 -0.46556 2.32494 -0.4239 -0.26112 2.11712 0.07360 0.07946 0.06379 0.12366 -1.20281 -0.34362
0.48533 -0.57042 2.34976 -0.42667 -0.26188 2.12873 0.08384 0.08240 0.06446 0.12447 -0.20330 -0.38115
0.47337 -0.55994 2.36451 -0.42651 -0.25987 2.12897 0.06844 0.08160 0.06370 0.12360 -0.38709 -0.34489
0.43867 -0.53948 2.38971 -0.42591 -0.25684 2.12805 0.07045 0.08270 0.06450 0.11930 -1.32942 -0.36166
0.42137 -0.50644 2.38628 -0.42563 -0.25523 2.12798 0.04614 0.08102 0.05499 0.12277 -1.52676 -0.36334
0.42556 -0.46124 2.3672 -0.42417 -0.25256 2.11612 0.05705 0.08248 0.05236 0.11876 -1.30155 -0.36156
0.42254 -0.44693 2.33419 -0.42409 -0.25106 2.11374 0.05608 0.08206 0.05435 0.11836 -1.44876 -0.35676
0.4111 -0.42802 2.2589 -0.42002 -0.24892 2.09268 0.06920 0.08188 0.04466 0.11871 -2.10940 -0.37145
0.42735 -0.40523 2.21273 -0.42053 -0.24844 2.0933 0.09269 0.08050 0.04772 0.11879 -1.50592 -0.34110
0.40531 -0.35414 2.07182 -0.40716 -0.24208 2.02872 0.06580 0.07957 0.08006 0.11243 1.95189 -0.39659
0.4052 -0.26963 2.02148 -0.40069 -0.23878 2.00807 0.07050 0.07522 0.08225 0.11568 1.76132 -0.38223
0.39962 -0.19329 2.04788 -0.40276 -0.2395 2.02773 0.07252 0.07546 0.07183 0.11308 1.34308 -0.42574
0.40981 -0.13624 2.10019 -0.40606 -0.24342 2.06413 0.09512 0.08074 0.06393 0.12168 1.50081 -0.38189
0.41488 -0.0976 2.11698 -0.4062 -0.24196 2.07296 0.10484 0.08031 0.06520 0.11752 2.15388 -0.39271
0.39683 -0.09433 2.08866 -0.3968 -0.23644 2.04868 0.10820 0.07886 0.07093 0.12276 0.84417 -0.38144
0.37666 -0.11853 2.083 -0.39748 -0.23707 2.05347 0.09622 0.07753 0.05885 0.11899 0.47317 -0.38729
0.35781 -0.16309 2.08328 -0.39975 -0.23904 2.06444 0.09409 0.07808 0.06221 0.11802 1.22560 -0.33514
0.33809 -0.20296 2.06688 -0.39874 -0.238 2.05384 0.09352 0.07738 0.05665 0.11802 0.69435 -0.31798
0.32801 -0.22879 2.05305 -0.39698 -0.23587 2.04041 0.09405 0.07670 0.05635 0.12131 1.28501 -0.28650
0.32019 -0.23009 2.0034 -0.38643 -0.2288 1.9858 0.08992 0.07353 0.06926 0.11656 0.59217 -0.32585
0.3336 -0.22805 2.05339 -0.39322 -0.23174 2.03065 0.09345 0.07792 0.06161 0.11444 1.12346 -0.34977
0.34074 -0.2151 2.05755 -0.39063 -0.22926 2.02857 0.09488 0.07746 0.06279 0.12166 0.96666 -0.34308
0.34553 -0.20231 2.0657 -0.3904 -0.22645 2.03488 0.09783 0.07688 0.06275 0.11572 0.80877 -0.35276
0.33816 -0.18551 2.02859 -0.38271 -0.21966 2.00086 0.09599 0.07533 0.06602 0.11609 0.55145 -0.33202
0.33195 -0.17891 2.02799 -0.38271 -0.21927 2.00465 0.09438 0.07570 0.06488 0.11498 0.94157 -0.31313
0.2979 -0.16916 1.99674 -0.37697 -0.21537 1.9868 0.09187 0.07503 0.05518 0.11142 0.33888 -0.38984
0.28162 -0.16957 2.01812 -0.38016 -0.21669 2.01735 0.09550 0.07543 0.06879 0.11880 0.56647 -0.31495
0.2486 -0.16058 1.96498 -0.36739 -0.21062 1.97127 0.09430 0.07405 0.08726 0.11247 0.36015 -0.33561
0.0978 -0.16232 1.91766 -0.33164 -0.20461 1.96349 0.10234 0.07246 0.07725 0.11125 0.42039 -0.42903
0.05984 -0.17352 1.9509 -0.32181 -0.20497 1.99686 0.11284 0.07094 0.09289 0.11172 0.81540 -0.43410
0.00232 -0.21702 1.97331 -0.28303 -0.19981 2.00558 0.11176 0.06860 0.09258 0.11046 1.05738 -0.51827
-0.07213 -0.20129 1.93194 -0.25437 -0.19366 1.96155 0.12483 0.06356 0.07126 0.09486 1.17190 -0.43035
-0.08824 -0.21419 1.91396 -0.19214 -0.16557 1.91722 0.09208 0.12610 0.05605 0.08548 1.19459 1.20196
-0.09058 -0.2139 1.93892 -0.21504 -0.16364 1.93901 0.09774 0.12539 0.05914 0.08836 1.13701 2.76494
-0.11422 -0.18435 1.9329 -0.22637 -0.15579 1.9402 0.10965 0.11931 0.05635 0.08036 0.99672 0.87575
-0.06402 -0.1729 1.94477 -0.29227 -0.18985 1.98403 0.11886 0.06559 0.05230 0.10598 0.92252 -0.30647
-0.04463 -0.15983 1.94255 -0.30532 -0.18782 1.99654 0.11019 0.06586 0.04180 0.10826 0.83890 -0.12502
-0.01947 -0.1482 1.93915 -0.31799 -0.18709 2.00245 0.10383 0.06716 0.05584 0.09799 0.96458 -0.26356
0.00859 -0.14187 1.94262 -0.3291 -0.18766 2.01803 0.09791 0.06783 0.07992 0.10911 0.84364 -0.30058
0.03915 -0.13946 1.93361 -0.33694 -0.18553 2.01471 0.09472 0.06860 0.07997 0.10905 0.84287 -0.20265
0.06982 -0.14278 1.94578 -0.34652 -0.18937 2.0317 0.09176 0.07240 0.07545 0.11563 0.83714 -0.17519
0.0988 -0.14654 1.93104 -0.34912 -0.18917 2.01873 0.08950 0.07163 0.06654 0.10709 0.79942 -0.11269
0.15307 -0.16537 1.95286 -0.35828 -0.19718 2.03643 0.08725 0.07333 0.06803 0.11290 0.92940 -0.08394
0.17236 -0.17015 1.9547 -0.35994 -0.20095 2.03859 0.08168 0.07225 0.05809 0.11476 1.10424 -0.11471
0.20498 -0.19306 1.96274 -0.35575 -0.20718 2.0339 0.08768 0.10508 0.05633 0.11482 0.79864 -0.20390
0.20512 -0.19367 1.96621 -0.35375 -0.21008 2.03374 0.08860 0.11554 0.06222 0.11546 0.75051 -0.27178
0.20433 -0.19297 1.96478 -0.35083 -0.20922 2.03179 0.08812 0.09661 0.05948 0.12348 0.79389 -0.29618
0.20316 -0.1927 1.96033 -0.34905 -0.20885 2.02457 0.09071 0.11554 0.06602 0.12188 0.58460 -0.30258
0.20474 -0.20285 1.91212 -0.33858 -0.20787 1.97857 0.08298 0.11656 0.07702 0.11484 0.42237 -0.36212
0.21577 -0.21553 1.94983 -0.34305 -0.21639 2.0184 0.08178 0.12093 0.10973 0.12615 0.54758 -0.35220
0.22727 -0.22944 1.94373 -0.34082 -0.22064 2.01731 0.07820 0.12046 0.06399 0.10824 0.57852 -0.41825
0.24233 -0.24711 1.90667 -0.33282 -0.22359 1.98586 0.07734 0.11972 0.05519 0.11789 1.05116 -0.40585
0.25899 -0.26783 1.82558 -0.3168 -0.22469 1.90754 0.07823 0.12007 0.05807 0.09493 1.54849 -0.43307
0.2862 -0.29999 1.80004 -0.30709 -0.24056 1.88957 0.06900 0.11371 0.06169 0.09394 1.20084 -0.38458
0.18232 -0.20902 1.75559 -0.25179 -0.31105 1.82148 0.06834 0.08267 0.06013 0.04606 1.53694 0.10501
0.4124 -0.46194 1.66271 -0.21634 -0.33349 1.72208 0.08073 0.06025 0.07038 0.04153 1.95976 -0.62458
0.47527 -0.53521 1.77133 -0.19442 -0.39773 1.83694 0.07523 0.06648 0.08061 0.06123 1.92810 -0.98228
0.52341 -0.61207 1.7279 -0.08735 -0.5216 1.84029 0.09624 0.06946 0.05061 0.06225 0.51362 -0.41126
0.51585 -0.64491 1.6935 -0.07085 -0.51538 1.78636 0.10907 0.06643 0.08269 0.05410 0.38433 -0.50606
0.52741 -0.67122 1.69016 -0.05773 -0.53445 1.80044 0.09337 0.07175 0.08459 0.06289 0.66371 -0.50167
0.54141 -0.6945 1.71938 -0.04262 -0.57107 1.84078 0.09519 0.07997 0.08762 0.06031 1.11468 -1.24573
0.51977 -0.69829 1.85497 -0.03502 -0.59666 1.89529 0.12557 0.09076 0.10845 0.07083 0.55090 -1.15910
0.53137 -0.71164 1.81422 -0.03717 -0.59402 1.88764 0.13079 0.09204 0.10304 0.06169 -0.86643 -1.22430
0.50713 -0.7223 1.84611 -0.03897 -0.58857 1.87191 0.12796 0.08674 0.12268 0.06919 -2.51318 -1.15258
0.50063 -0.71678 1.8306 -0.04043 -0.58147 1.8534 0.12456 0.08505 0.11856 0.06096 -2.54896 -1.27121
0.50263 -0.72117 1.84384 -0.03891 -0.58863 1.86561 0.12817 0.07970 0.10236 0.06906 2.49153 -1.00572
0.50204 -0.72166 1.84977 -0.0383 -0.59065 1.8714 0.12929 0.08226 0.10152 0.06508 2.39522 -1.15692
0.50124 -0.72336 1.85831 -0.03912 -0.59328 1.87405 0.13149 0.08051 0.09966 0.06481 2.40873 -1.21443
0.49774 -0.71904 1.8464 -0.03867 -0.58908 1.85618 0.13378 0.11741 0.09910 0.06667 2.45906 -1.26970
0.49524 -0.71887 1.85006 -0.03756 -0.5882 1.85575 0.13658 0.11839 0.10091 0.06731 2.33650 -1.24566
0.49502 -0.71781 1.85187 -0.03607 -0.58891 1.85495 0.13669 0.07877 0.10271 0.06596 2.24561 -1.07216
0.4943 -0.71791 1.85391 -0.03608 -0.58867 1.855 0.13749 0.08055 0.10211 0.06510 2.20542 -1.24423
0.4923 -0.71633 1.8557 -0.03703 -0.58978 1.85352 0.12668 0.08062 0.10402 0.06634 2.28815 -1.21494
0.49132 -0.71589 1.85824 -0.03595 -0.58874 1.85485 0.12158 0.07918 0.09835 0.06393 2.28581 -1.24147
0.48988 -0.71264 1.84524 -0.03655 -0.58694 1.84337 0.12787 0.11704 0.09968 0.06872 2.25952 -1.23860
0.49037 -0.71302 1.84623 -0.03678 -0.5867 1.84521 0.12583 0.12301 0.09973 0.06559 2.08994 -1.27929
0.48859 -0.71324 1.84594 -0.03572 -0.58819 1.84513 0.12153 0.08091 0.09977 0.06564 2.30567 -1.29305
0.48715 -0.71097 1.84036 -0.03688 -0.58589 1.84145 0.12510 0.09175 0.09836 0.07139 2.29503 -1.18464
0.48833 -0.71083 1.84557 -0.0368 -0.58717 1.84252 0.12680 0.08015 0.10169 0.06711 2.28532 -1.19697
0.48894 -0.71208 1.84448 -0.03867 -0.58336 1.84614 0.12868 0.08179 0.10073 0.06619 2.29744 -1.06798
0.48919 -0.71353 1.84508 -0.0393 -0.58681 1.84621 0.12522 0.08014 0.09992 0.06624 2.16942 -1.21540
]
