classifier_Car_goes_to_monkey_19590 [ 0.62555 -0.75201 1.74467 -0.33337 -0.8444 1.80541
0.62588 -0.75181 1.74409 -0.34001 -0.87825 1.80208
0.62637 -0.75122 1.74402 -0.34178 -0.88065 1.80403
0.6264 -0.75097 1.74234 -0.34123 -0.88036 1.80268
0.63051 -0.75199 1.73872 -0.33986 -0.87794 1.80282
0.62992 -0.7542 1.74397 -0.34211 -0.88253 1.80414
0.62464 -0.75206 1.74785 -0.34031 -0.87863 1.8027
0.62794 -0.75244 1.74236 -0.34116 -0.88079 1.80422
0.62764 -0.75209 1.74333 -0.34051 -0.87969 1.80391
0.63128 -0.74985 1.74398 -0.34246 -0.88196 1.80381
0.63749 -0.74606 1.75076 -0.34105 -0.87904 1.80385
0.65107 -0.73824 1.75752 -0.33357 -0.84822 1.80984
0.71707 -0.77706 1.75174 -0.33914 -0.8565 1.82363
0.73993 -0.76141 1.74207 -0.18951 -0.66729 1.65662
0.70094 -0.5482 1.72197 -0.27433 -0.5399 1.6977
0.67258 -0.48332 1.75959 -0.31494 -0.48681 1.6894
0.65779 -0.43426 1.75958 -0.35754 -0.41714 1.70216
0.60103 -0.37206 1.72415 -0.39925 -0.34534 1.67636
0.58648 -0.36054 1.72973 -0.40652 -0.35434 1.67235
0.58942 -0.42867 1.88428 -0.48902 -0.41886 1.85813
0.43935 -0.36713 1.81865 -0.42184 -0.61106 1.63344
0.46999 -0.30118 2.03118 -0.44439 -0.32421 2.06059
0.45082 -0.2702 1.85348 -0.40702 -0.2682 1.87689
0.62313 -0.40385 2.06271 -0.56398 -0.44059 2.10867
0.36734 -0.16588 1.60543 -0.33124 -0.79552 1.86633
0.34633 -0.12221 1.62167 -0.33244 -0.79853 1.87063
0.35068 -0.11636 1.63076 -0.33458 -0.79865 1.87742
0.36329 -0.11593 1.6215 -0.3354 -0.80091 1.88141
0.54432 -0.33332 1.88077 -0.35027 -0.83868 2.02322
0.53236 -0.38203 1.85199 -0.3387 -0.82591 1.98352
0.52823 -0.38678 1.93986 -0.34262 -0.84096 2.01927
0.51521 -0.34391 2.02933 -0.28954 -0.7995 2.10172
0.35649 -0.24234 1.56373 -0.27073 -0.76022 1.88263
0.35442 -0.21824 1.56821 -0.3339 -0.7797 1.89201
0.35368 -0.22013 1.57082 -0.33495 -0.78241 1.88852
0.38175 -0.23892 1.57681 -0.26261 -0.76543 1.84877
0.38111 -0.2401 1.57501 -0.25897 -0.76201 1.85174
0.38391 -0.24473 1.57606 -0.25856 -0.75967 1.85029
0.38592 -0.23665 1.57153 -0.35806 -0.8044 1.87962
0.37934 -0.23953 1.56942 -0.2802 -0.76674 1.85176
0.37431 -0.23844 1.56746 -0.34788 -0.80914 1.8671
0.37498 -0.23809 1.56369 -0.3507 -0.80969 1.8697
0.36581 -0.23522 1.52082 -0.35099 -0.88918 1.81214
0.37357 -0.24279 1.56112 -0.35763 -0.80992 1.87723
0.3407 -0.25027 1.52203 -0.35459 -0.88103 1.81984
0.33675 -0.25607 1.53186 -0.35403 -0.86434 1.82952
0.32648 -0.29696 1.65933 -0.35456 -0.86665 1.83286
0.32423 -0.21919 1.6358 -0.35561 -0.86709 1.83407
0.3384 -0.16826 1.64757 -0.3539 -0.84328 1.84742
0.3957 -0.14364 1.78129 -0.37933 -0.91605 1.96976
0.37995 -0.0848 1.67388 -0.35578 -0.84745 1.85682
0.36429 -0.0315 1.59965 -0.27833 -0.74039 1.76295
0.3797 0.00511 1.59102 -0.34243 -0.84792 1.76261
0.39516 0.02746 1.58864 -0.33838 -0.8169 1.76732
0.43267 0.03099 1.64854 -0.35123 -0.84835 1.84313
0.44314 -0.28647 1.57139 -0.33622 -0.80648 1.85919
0.3976 -0.31602 1.6226 -0.35287 -0.82774 1.85951
0.40342 -0.05579 1.6268 -0.34857 -0.82271 1.85477
0.4439 -0.04374 1.62868 -0.34721 -0.82303 1.85139
0.41045 -0.25203 1.56936 -0.3479 -0.82342 1.85227
0.41499 -0.12861 1.62372 -0.3447 -0.81704 1.85315
0.44475 -0.08183 1.64366 -0.34539 -0.82141 1.85269
0.44887 -0.11041 1.63938 -0.31058 -0.79553 1.84278
0.49448 -0.19421 1.75257 -0.33216 -0.85278 1.97932
0.50717 -0.23635 1.75068 -0.37966 -0.8889 1.98238
0.50862 -0.2362 1.75408 -0.31309 -0.83472 1.96951
0.50935 -0.23272 1.74832 -0.3741 -0.88577 1.98296
0.44373 -0.17885 1.59376 -0.3438 -0.81863 1.83587
0.44469 -0.17193 1.59386 -0.33544 -0.80782 1.8327
0.49595 -0.19914 1.71998 -0.35741 -0.86162 1.95808
0.48673 -0.18269 1.71642 -0.35596 -0.86115 1.96288
0.44738 -0.15891 1.60229 -0.33411 -0.80451 1.83973
0.46779 -0.16099 1.72302 -0.36228 -0.87251 1.99043
0.4498 -0.14814 1.71907 -0.36455 -0.87742 2.00145
0.3695 -0.11678 1.68685 -0.36365 -0.8761 1.9988
0.35535 -0.11532 1.69388 -0.36806 -0.88398 2.0193
0.25567 -0.09282 1.42986 -0.31154 -0.75401 1.72223
0.23916 -0.09524 1.42213 -0.31255 -0.75585 1.72191
0.2137 -0.10005 1.41797 -0.31407 -0.75583 1.72503
0.11069 -0.12112 1.46372 -0.32355 -0.78322 1.78696
0.07595 -0.13406 1.50044 -0.33422 -0.80192 1.83371
0.02961 -0.17244 1.49781 -0.33481 -0.80221 1.83564
0.02765 -0.18677 1.50043 -0.33696 -0.80852 1.84049
0.0318 -0.1797 1.50592 -0.33879 -0.80912 1.842
0.03795 -0.16628 1.50456 -0.27116 -0.76234 1.81939
0.04196 -0.15971 1.5017 -0.26943 -0.76609 1.81775
0.04874 -0.15416 1.50098 -0.27063 -0.76148 1.81888
0.09187 -0.15196 1.49916 -0.32894 -0.79956 1.84037
0.14122 -0.13387 1.49475 -0.26578 -0.76015 1.82021
0.16743 -0.12151 1.49539 -0.26582 -0.76028 1.81844
0.26802 -0.11898 1.63613 -0.28842 -0.82314 1.96936
0.32699 -0.14622 1.70865 -0.30833 -0.85477 2.01644
0.34334 -0.16108 1.73375 -0.30936 -0.8582 2.02674
0.35721 -0.17231 1.74446 -0.34473 -0.88063 2.03617
0.36455 -0.17952 1.7573 -0.33057 -0.87196 2.03806
0.37157 -0.18377 1.75252 -0.29564 -0.85606 2.01529
0.37708 -0.18964 1.75521 -0.29666 -0.8565 2.01547
0.38542 -0.20351 1.76651 -0.29729 -0.85934 2.02215
0.388 -0.20811 1.77057 -0.29465 -0.85898 2.02502
0.39331 -0.21717 1.77745 -0.31667 -0.86669 2.03854
0.39547 -0.22495 1.78509 -0.28905 -0.8599 2.03061
0.40045 -0.22739 1.78497 -0.09768 -0.86862 2.13795
0.40261 -0.23026 1.77413 -0.30585 -0.8584 2.0242
0.4067 -0.23269 1.78183 -0.2909 -0.85602 2.02423
0.41102 -0.23376 1.77238 -0.29077 -0.85217 2.01737
0.4138 -0.23067 1.73479 -0.28877 -0.84211 1.99051
0.41983 -0.23192 1.69931 -0.09073 -0.84177 2.07584
0.43281 -0.23799 1.65193 -0.28794 -0.82179 1.94398
0.43143 -0.24012 1.53726 -0.25926 -0.76691 1.81415
0.57659 -0.33975 1.5725 -0.2562 -0.76912 1.82484
0.65226 -0.43104 1.60734 -0.25417 -0.76849 1.82427
0.69706 -0.58774 1.65189 -0.09988 -0.78188 1.89722
0.67885 -0.61636 1.70437 -0.10122 -0.77811 1.88595
0.69821 -0.65369 1.66729 -0.06267 -0.61424 1.81163
0.69492 -0.70317 1.69601 -0.06581 -0.61528 1.81022
0.69711 -0.71557 1.68538 -0.06318 -0.60922 1.79823
0.6748 -0.73287 1.70104 -0.06493 -0.61005 1.79772
0.66827 -0.73257 1.69812 -0.06874 -0.60909 1.79976
0.66051 -0.73357 1.67697 -0.06314 -0.62378 1.73471
0.65989 -0.72931 1.66776 -0.15246 -0.34192 1.50489
0.66082 -0.73496 1.67852 -0.09055 -0.52375 1.54655
0.66731 -0.73554 1.68151 -0.07287 -0.66506 1.63729
]
