classifier_Car_bumps_into_man_22264 [ 0.57347 -0.64485 1.93858 -0.14613 -0.63759 1.8306
0.5581 -0.64198 2.03389 -0.14928 -0.6653 1.90599
0.47407 -0.6138 1.99058 -0.15139 -0.66513 1.90234
0.43118 -0.59517 1.98688 -0.15374 -0.66363 1.90647
0.28004 -0.66552 1.88352 -0.13337 -0.62339 1.88215
0.23757 -0.6292 1.83645 -0.15138 -0.63274 1.84248
0.24737 -0.57173 1.9479 -0.13741 -0.62412 1.87689
0.24865 -0.58364 2.02465 -0.15805 -0.65921 1.92998
0.23436 -0.58946 2.02264 -0.16074 -0.66403 1.92579
0.23279 -0.60095 2.05169 -0.15611 -0.65507 1.96754
0.22399 -0.59997 2.02755 -0.16479 -0.66228 1.92987
0.22343 -0.6063 2.0434 -0.14801 -0.6513 1.95385
0.22339 -0.60933 2.055 -0.1585 -0.64892 1.97607
0.22442 -0.6097 2.05953 -0.15995 -0.64661 1.98337
0.21861 -0.59758 2.01768 -0.16736 -0.66002 1.9187
0.21821 -0.59723 2.01997 -0.16091 -0.65316 1.91609
0.21929 -0.60065 2.03107 -0.15575 -0.65796 1.92443
0.21978 -0.59961 2.03064 -0.15236 -0.67731 1.8974
0.23585 -0.64085 2.16737 -0.21044 -0.45801 2.02844
0.2237 -0.61398 2.08361 -0.15387 -0.10427 1.82377
0.20886 -0.61023 2.02916 -0.16478 -0.02287 1.79956
0.22025 -0.61929 2.09194 -0.09713 0.34247 1.92026
0.2119 -0.59161 1.99976 -0.03786 0.43968 1.90795
0.22527 -0.62131 2.0988 -0.0464 0.43077 2.01494
0.22639 -0.62179 2.10502 -0.04068 0.42738 2.03101
0.22108 -0.59976 2.01572 -0.02346 0.4256 1.97419
0.21538 -0.60665 2.03592 -0.01883 0.42037 1.98107
0.22795 -0.63153 2.12047 -0.02804 0.40418 2.06289
0.23009 -0.63499 2.13577 -0.04047 0.36541 2.07271
0.23138 -0.63799 2.14825 -0.04706 0.34496 2.08132
0.23256 -0.64047 2.15401 -0.05718 0.3244 2.08724
0.23696 -0.65425 2.19608 -0.10001 0.24158 2.13624
0.23667 -0.65346 2.19151 -0.1146 0.21356 2.13401
0.22637 -0.6414 2.13797 -0.1323 0.17715 2.08739
0.22493 -0.63901 2.12719 -0.17838 0.11072 2.08262
0.23774 -0.65179 2.18198 -0.21167 0.10318 2.13141
0.22346 -0.60886 2.03054 -0.27845 0.08142 1.99986
0.22222 -0.622 2.05504 -0.3788 -0.00872 2.06248
0.2341 -0.63851 2.1368 -0.42076 -0.0204 2.12486
0.23524 -0.64265 2.14162 -0.45246 -0.05172 2.14275
0.23084 -0.63218 2.10599 -0.46782 -0.07732 2.11393
0.22831 -0.62392 2.07922 -0.47723 -0.10228 2.09061
0.23008 -0.62909 2.09605 -0.49221 -0.12845 2.1101
0.23353 -0.63783 2.12448 -0.50601 -0.16268 2.14472
0.23163 -0.63201 2.10628 -0.49989 -0.20341 2.13351
0.22247 -0.60619 2.02464 -0.47699 -0.2065 2.05023
0.22275 -0.60563 2.02472 -0.47422 -0.21576 2.04926
0.22295 -0.60785 2.02861 -0.46511 -0.22874 2.04991
0.22283 -0.60833 2.02759 -0.46242 -0.23124 2.04867
0.22276 -0.60762 2.02762 -0.45932 -0.23184 2.04709
0.22226 -0.60665 2.02248 -0.45612 -0.23513 2.0419
0.22392 -0.6066 2.01827 -0.45435 -0.23453 2.03763
0.22327 -0.60347 2.00936 -0.45151 -0.23299 2.02797
0.22316 -0.60279 2.00684 -0.4511 -0.23544 2.02481
0.22293 -0.60446 2.01227 -0.4514 -0.23637 2.0298
0.21904 -0.59192 1.96977 -0.44121 -0.22794 1.98469
0.21887 -0.59164 1.96853 -0.43921 -0.22872 1.98395
0.21906 -0.59135 1.96856 -0.43812 -0.2288 1.98369
0.21912 -0.59138 1.96939 -0.43703 -0.22759 1.98374
0.2194 -0.59155 1.96976 -0.43669 -0.22837 1.9832
0.22685 -0.61228 2.03892 -0.45102 -0.23386 2.05093
0.21948 -0.59185 1.97033 -0.43512 -0.22869 1.98182
0.2275 -0.61292 2.04125 -0.44861 -0.2361 2.04991
0.22702 -0.61105 2.03933 -0.44617 -0.23701 2.04899
0.22714 -0.60763 2.03723 -0.44596 -0.23682 2.04777
0.21786 -0.57629 1.96485 -0.42972 -0.2288 1.97744
0.22712 -0.55148 1.99241 -0.43591 -0.23692 2.00398
0.23106 -0.45887 1.94577 -0.43459 -0.23557 1.99786
0.26051 -0.38692 1.97136 -0.44783 -0.24167 2.05723
0.27085 -0.2879 1.92458 -0.44475 -0.23843 2.04422
0.28114 -0.18536 1.90906 -0.44631 -0.237 2.05523
0.31562 -0.08604 2.00571 -0.4715 -0.24468 2.1741
0.2965 0.01781 1.85441 -0.43692 -0.22385 2.02023
0.2884 0.10603 1.8265 -0.42929 -0.21684 1.99188
0.28092 0.1713 1.81144 -0.42268 -0.21165 1.9691
0.27442 0.21035 1.80043 -0.41817 -0.20675 1.94906
0.2688 0.22577 1.81566 -0.41865 -0.20547 1.96173
0.2584 0.21187 1.81926 -0.41815 -0.20454 1.96377
0.23985 0.17549 1.84016 -0.42173 -0.20527 1.98906
0.22921 0.09776 1.81675 -0.41494 -0.19978 1.9601
0.20327 0.00961 1.7755 -0.40335 -0.19442 1.91072
0.16912 -0.19306 1.92049 -0.42878 -0.20734 2.03938
0.17957 -0.25695 1.94794 -0.43158 -0.2068 2.04964
0.1786 -0.25759 1.95249 -0.43117 -0.20518 2.05029
0.16 -0.01171 1.82282 -0.41249 -0.19637 1.98551
0.2083 0.07359 1.84146 -0.41783 -0.19799 2.01903
0.21384 0.15203 1.84265 -0.41557 -0.19698 2.02117
0.22484 0.20655 1.85429 -0.41531 -0.19743 2.0275
0.21464 0.17958 1.84969 -0.41032 -0.19646 2.00717
0.20977 0.10346 1.86141 -0.41248 -0.19697 2.01359
0.20153 0.01163 1.89742 -0.4185 -0.19366 2.04281
0.19823 -0.09274 1.87929 -0.41337 -0.19494 2.006
0.17547 -0.19445 1.92255 -0.4194 -0.196 2.02432
0.19899 -0.26277 1.96535 -0.4239 -0.19674 2.03922
0.20333 -0.28474 1.98033 -0.4256 -0.19571 2.04137
0.23095 -0.17966 1.9162 -0.41945 -0.18356 2.01419
0.22965 -0.09961 1.90239 -0.42504 -0.1904 2.03236
0.24284 -0.00811 1.92124 -0.43375 -0.19188 2.07409
0.25363 0.17388 1.8654 -0.42485 -0.18251 2.02794
0.27052 0.24702 1.88024 -0.42628 -0.18046 2.03278
0.29278 0.32514 1.85621 -0.41644 -0.16908 1.98392
0.30554 0.34077 1.89752 -0.42588 -0.17117 2.02055
0.30099 0.32903 1.87325 -0.41961 -0.16564 1.98866
0.3008 0.30579 1.90121 -0.42675 -0.16694 2.01473
0.28091 0.22586 1.87781 -0.42322 -0.16497 1.9932
0.24499 0.08088 1.82492 -0.41051 -0.16043 1.93348
0.31079 0.01482 1.92263 -0.42875 -0.16481 2.02566
0.31395 -0.02784 1.93718 -0.42979 -0.16196 2.03135
0.30775 -0.09097 1.96317 -0.43102 -0.16302 2.04304
0.30838 -0.09961 1.91392 -0.4192 -0.1581 1.98713
0.31847 -0.10814 1.98711 -0.43433 -0.16349 2.06198
0.31261 -0.10332 1.91946 -0.41954 -0.15766 1.98992
0.3191 -0.10363 1.99263 -0.43556 -0.16374 2.06679
0.31908 -0.09941 1.99184 -0.43564 -0.16324 2.06719
0.32178 -0.09427 1.9904 -0.43506 -0.16314 2.06693
0.32169 -0.09042 1.9884 -0.43429 -0.16393 2.06721
0.33015 -0.08978 2.036 -0.44656 -0.17682 2.12063
0.32625 -0.083 2.00796 -0.43953 -0.16597 2.09372
0.3276 -0.08051 2.01987 -0.44228 -0.16728 2.10725
0.3329 -0.07937 2.02513 -0.44494 -0.16782 2.11312
0.33306 -0.07796 2.02716 -0.44571 -0.16734 2.11574
0.33446 -0.07765 2.03022 -0.44799 -0.16762 2.12086
0.33408 -0.07675 2.03076 -0.44871 -0.16847 2.12249
0.33399 -0.07644 2.03083 -0.4493 -0.16842 2.12329
0.33401 -0.07457 2.03162 -0.45153 -0.16763 2.12638
0.33385 -0.07448 2.0328 -0.45239 -0.16848 2.12858
0.31469 -0.07332 2.05912 -0.45996 -0.17884 2.16201
0.30042 -0.07179 1.99833 -0.44599 -0.16616 2.09804
0.29557 -0.07199 1.99291 -0.4458 -0.16592 2.09473
0.29773 -0.07434 2.03885 -0.46096 -0.17621 2.14885
0.29625 -0.07302 2.03481 -0.46108 -0.17709 2.14771
0.3061 -0.07103 2.0394 -0.46364 -0.17771 2.15333
0.29284 -0.06677 1.9392 -0.44188 -0.16869 2.04774
0.29491 -0.06657 1.97282 -0.44894 -0.16505 2.0826
0.3059 -0.06753 2.02527 -0.46297 -0.17642 2.1389
0.2979 -0.06258 1.91987 -0.43933 -0.16811 2.0285
0.28953 -0.06051 1.9147 -0.43885 -0.16913 2.02548
0.28744 -0.06059 1.91228 -0.43918 -0.1687 2.0245
0.2888 -0.06505 1.96801 -0.45589 -0.17138 2.08473
0.29562 -0.0679 2.02092 -0.47048 -0.17901 2.14321
0.28525 -0.06651 2.00987 -0.46973 -0.17823 2.13369
0.28393 -0.06665 2.0043 -0.47054 -0.17991 2.13054
0.27311 -0.06547 1.96044 -0.46305 -0.17166 2.08459
0.27002 -0.06474 1.9453 -0.46046 -0.17119 2.07108
0.27372 -0.06434 1.97415 -0.47013 -0.17861 2.1042
0.26473 -0.06193 1.9412 -0.46296 -0.17135 2.07001
0.24983 -0.05407 1.85153 -0.44532 -0.16787 1.97907
0.24428 -0.04901 1.84185 -0.44399 -0.16772 1.97304
0.24565 -0.04532 1.88473 -0.45398 -0.16721 2.02133
0.23219 -0.03563 1.87257 -0.45123 -0.17272 2.01758
0.19628 -0.0277 1.85033 -0.44273 -0.17093 2.00383
0.17927 -0.02931 1.92281 -0.45778 -0.17786 2.08809
0.14418 -0.03259 1.84329 -0.43387 -0.16598 2.00303
-0.04642 -0.05769 1.83562 -0.39822 -0.15425 1.96713
-0.17707 -0.06749 1.81881 -0.36919 -0.14644 1.90495
-0.28222 -0.0465 1.84285 -0.35829 -0.14653 1.87994
-0.28176 -0.02975 1.83997 -0.36087 -0.13545 1.88377
-0.20888 0.05802 1.87707 -0.4212 -0.11563 2.00132
-0.16199 0.10058 1.84893 -0.43886 -0.10439 2.00569
-0.12403 0.14695 1.83406 -0.45269 -0.0952 2.01104
-0.04489 0.20562 1.88056 -0.48392 -0.086 2.08427
-0.0935 0.28096 1.86971 -0.47541 -0.07937 2.02495
0.02659 0.23359 1.9056 -0.49356 -0.07865 2.09651
0.04606 0.23623 1.91334 -0.49288 -0.0785 2.09849
0.09514 0.2262 1.94953 -0.49626 -0.08116 2.13199
0.11937 0.21564 1.9534 -0.49566 -0.08415 2.13366
0.13735 0.20529 1.96142 -0.49446 -0.08594 2.137
0.15581 0.19316 1.97024 -0.49269 -0.08522 2.13975
0.16908 0.18135 1.96794 -0.48913 -0.0868 2.13189
0.18232 0.16255 1.93456 -0.47688 -0.0891 2.09078
0.20313 0.13877 1.9079 -0.46649 -0.09082 2.05724
0.22133 0.11832 1.90129 -0.46054 -0.09547 2.0428
0.23874 0.09699 1.89735 -0.45456 -0.10065 2.03336
0.27117 0.06324 1.88029 -0.44639 -0.10691 2.01023
0.29873 0.03392 1.89061 -0.44262 -0.1193 2.01787
0.38012 -0.05556 1.89507 -0.43083 -0.14967 2.00039
0.47589 -0.1925 1.84681 -0.391 -0.20731 1.90939
0.49396 -0.23339 1.81808 -0.37445 -0.22415 1.88184
0.54879 -0.29954 1.92946 -0.38398 -0.26779 1.99681
0.5517 -0.34809 1.88198 -0.3529 -0.28619 1.92059
0.59202 -0.41489 1.82357 -0.33821 -0.31834 1.91036
0.61106 -0.45802 1.91811 -0.32054 -0.34817 1.90216
0.66503 -0.55341 1.98631 -0.28131 -0.41502 1.92443
0.68413 -0.59224 2.05257 -0.2602 -0.45112 1.96676
0.68879 -0.61877 2.05462 -0.23733 -0.47219 1.96194
0.6913 -0.71153 1.99949 -0.13453 -0.57079 1.93766
0.68001 -0.70982 1.94983 -0.10149 -0.64749 1.78453
0.66541 -0.7151 1.95597 -0.10303 -0.64177 1.80844
0.66404 -0.72103 1.95825 -0.10261 -0.64085 1.81064
0.66382 -0.723 1.96087 -0.10254 -0.64081 1.81462
0.66584 -0.72604 1.96365 -0.11602 -0.63635 1.83889
0.68543 -0.74851 2.01465 -0.11056 -0.59658 1.94788
0.67368 -0.73829 1.97926 -0.1023 -0.59965 1.90346
0.66632 -0.73309 1.96836 -0.09666 -0.59973 1.8877
0.66617 -0.73346 1.96711 -0.097 -0.60221 1.88504
0.6662 -0.73419 1.96467 -0.0945 -0.60229 1.88084
0.66569 -0.73413 1.96376 -0.09439 -0.60186 1.88004
0.66756 -0.73605 1.96591 -0.09519 -0.60149 1.87924
0.67036 -0.73639 1.95939 -0.09389 -0.60166 1.87399
0.66916 -0.73431 1.95652 -0.09237 -0.60069 1.87114
0.67101 -0.73664 1.95423 -0.0932 -0.6011 1.86978
0.67071 -0.73586 1.95057 -0.09255 -0.60062 1.86839
0.66956 -0.73553 1.95152 -0.09347 -0.60111 1.86989
0.68798 -0.75626 2.00892 -0.10452 -0.61084 1.93375
0.67135 -0.73736 1.95434 -0.09466 -0.6034 1.87355
0.67182 -0.73727 1.96238 -0.09424 -0.60432 1.87855
0.67286 -0.73805 1.96432 -0.09523 -0.60471 1.88027
]
