classifier_Man_weaves_and_bumps_into_car_21233 [ 0.78955 -0.78018 1.98647 -0.10079 -0.60066 1.84406
0.78999 -0.77834 1.9837 -0.10061 -0.60034 1.84418
0.77515 -0.7655 1.94975 -0.09081 -0.58163 1.82495
0.77384 -0.76238 1.94059 -0.09052 -0.57801 1.82435
0.7789 -0.76686 1.95332 -0.0935 -0.5837 1.83722
0.78038 -0.76932 1.96496 -0.09932 -0.59977 1.84662
0.76834 -0.75719 1.943 -0.09957 -0.60036 1.84749
0.7577 -0.75624 1.92738 -0.1006 -0.60075 1.849
0.68829 -0.72015 1.91895 -0.10253 -0.60157 1.85017
0.66632 -0.68315 1.8844 -0.10354 -0.60423 1.85583
0.58058 -0.63672 1.92917 -0.10768 -0.60266 1.86487
0.53835 -0.62737 1.94003 -0.11154 -0.60267 1.869
0.46732 -0.64138 1.92034 -0.12521 -0.60183 1.88251
0.43346 -0.63396 1.92389 -0.13731 -0.59945 1.88241
0.31763 -0.66383 1.84903 -0.14448 -0.57826 1.82974
0.31464 -0.65419 1.84583 -0.15234 -0.58026 1.82754
0.3061 -0.65185 1.84415 -0.15791 -0.58462 1.82774
0.30057 -0.65093 1.83766 -0.16303 -0.58012 1.82805
0.29075 -0.6323 1.7792 -0.15458 -0.5768 1.75718
0.29782 -0.64453 1.81602 -0.16783 -0.57206 1.81135
0.32716 -0.62785 1.88833 -0.17688 -0.57859 1.8767
0.32906 -0.61561 1.8773 -0.19619 -0.54066 1.86012
0.36285 -0.5758 1.91952 -0.23476 -0.44242 1.83806
0.36888 -0.53163 1.8659 -0.24357 -0.3643 1.7817
0.39754 -0.53999 1.98478 -0.27864 -0.29869 1.89029
0.37791 -0.45465 1.84864 -0.27626 -0.19195 1.75804
0.36513 -0.29806 1.75321 -0.29868 0.08989 1.73693
0.32407 0.03345 1.68372 -0.29402 0.07115 1.74151
0.32994 0.10544 1.72247 -0.28477 0.00025 1.7285
0.31908 0.17818 1.72734 -0.26679 -0.07236 1.70032
0.32032 0.2369 1.77991 -0.24984 -0.13038 1.72913
0.31563 0.27726 1.8059 -0.22683 -0.17395 1.75104
0.32649 0.29258 1.90333 -0.21356 -0.17641 1.84818
0.32928 0.26746 1.93012 -0.22056 -0.13186 1.88465
0.31081 0.18135 1.78212 -0.21444 -0.06049 1.7554
0.31546 0.102 1.76597 -0.21844 0.01937 1.75626
0.32971 -0.05326 1.84623 -0.24831 0.17059 1.89173
0.32307 -0.10099 1.86203 -0.25657 0.21822 1.91363
0.32197 -0.09342 1.87273 -0.26157 0.2212 1.91918
0.32652 -0.04511 1.86001 -0.25361 0.18563 1.90178
0.3127 0.01732 1.74719 -0.23425 0.10755 1.77919
0.31205 0.08708 1.74627 -0.22352 0.03611 1.76639
0.30873 0.1566 1.74968 -0.21221 -0.03755 1.76252
0.30994 0.20842 1.74996 -0.19284 -0.09185 1.74782
0.33526 0.26891 1.89645 -0.19318 -0.14377 1.89369
0.33896 0.2909 1.91007 -0.186 -0.16444 1.90654
0.34164 0.29154 1.92006 -0.18656 -0.15928 1.91596
0.34092 0.27614 1.92587 -0.19513 -0.12672 1.92399
0.33633 0.231 1.91128 -0.20807 -0.07187 1.91233
0.30727 0.07456 1.75455 -0.18421 0.1014 1.74034
0.31294 -0.00192 1.795 -0.22733 0.15262 1.80641
0.30529 -0.07241 1.80275 -0.23844 0.22013 1.82186
0.25422 -0.12961 1.78298 -0.24586 0.27147 1.8286
0.25209 -0.19688 1.79057 -0.24804 0.30328 1.82057
0.2952 -0.28013 1.89486 -0.24157 0.32713 1.84931
0.29536 -0.31379 1.91882 -0.23185 0.30849 1.84489
0.29096 -0.34502 1.93743 -0.22794 0.26352 1.83001
0.29295 -0.36962 1.96194 -0.23106 0.19934 1.81525
0.26568 -0.48457 2.15117 -0.23081 0.09943 1.91246
0.25041 -0.49229 2.15744 -0.22815 0.05864 1.90127
0.24166 -0.50246 2.17808 -0.22171 0.037 1.90264
0.23874 -0.51307 2.18826 -0.22484 0.02705 1.89947
0.23942 -0.51189 2.18474 -0.22643 0.03484 1.89437
0.24157 -0.51093 2.18212 -0.22655 0.0443 1.89202
0.24416 -0.51177 2.18143 -0.22963 0.05182 1.8946
0.25094 -0.5148 2.18229 -0.23188 0.05798 1.89914
0.25151 -0.51501 2.17735 -0.23368 0.06397 1.89769
0.25694 -0.51488 2.16965 -0.23411 0.07063 1.89616
0.26118 -0.51454 2.16376 -0.23508 0.07173 1.89471
0.24587 -0.47519 1.9981 -0.22285 0.06644 1.75291
0.25337 -0.47279 1.99146 -0.22747 0.06322 1.75237
0.27216 -0.45896 1.99716 -0.22796 0.06491 1.75817
0.29209 -0.44043 1.97928 -0.22816 0.06456 1.76081
0.3075 -0.37274 1.89549 -0.22928 0.06513 1.76083
0.32682 -0.3037 1.86327 -0.23207 0.06294 1.75699
0.32513 -0.23257 1.81625 -0.23244 0.0618 1.75607
0.29875 -0.03103 1.78763 -0.23305 0.06374 1.7651
0.27167 0.21544 1.8216 -0.23334 0.06868 1.77337
0.2674 0.25555 1.84 -0.23454 0.06977 1.77856
0.25362 0.29788 1.85309 -0.23469 0.07077 1.77838
0.2282 0.33434 1.89514 -0.2356 0.07171 1.78595
0.2238 0.33627 1.90954 -0.23546 0.07228 1.79158
0.18892 0.38859 1.94457 -0.236 0.07183 1.79123
0.19494 0.38332 1.94766 -0.2365 0.07252 1.79249
0.23669 0.31498 1.9193 -0.23829 0.07359 1.79145
0.2486 0.30467 1.91688 -0.2388 0.0762 1.79455
0.26222 0.29033 1.90963 -0.24262 0.07854 1.79553
0.28253 0.25103 1.89319 -0.24376 0.08024 1.79467
0.29347 0.22409 1.88317 -0.24852 0.08147 1.79471
0.31052 0.17122 1.87354 -0.24963 0.08176 1.79429
0.32189 0.11679 1.86778 -0.25319 0.08009 1.79244
0.32305 0.07781 1.87126 -0.25378 0.08025 1.79232
0.3253 0.02542 1.85017 -0.25384 0.0763 1.76727
0.31812 -0.00664 1.81535 -0.25113 0.07135 1.73011
0.31845 -0.0366 1.81603 -0.25209 0.06754 1.72599
0.31992 -0.05544 1.80633 -0.25304 0.06476 1.71863
0.32924 -0.07513 1.79929 -0.25343 0.06152 1.7124
0.36058 -0.09739 1.88385 -0.26821 0.06046 1.79216
0.36755 -0.10647 1.80751 -0.25801 0.05601 1.72286
0.38858 -0.11776 1.79661 -0.25889 0.05167 1.71883
0.40565 -0.12036 1.76321 -0.25725 0.04585 1.69929
0.42596 -0.12507 1.75041 -0.25835 0.04291 1.69709
0.44798 -0.12957 1.75283 -0.26061 0.03925 1.70898
0.46774 -0.13368 1.75931 -0.2652 0.03512 1.72214
0.48568 -0.13706 1.7731 -0.26885 0.03181 1.74121
0.51516 -0.14321 1.81043 -0.27844 0.0277 1.78149
0.51063 -0.14077 1.79068 -0.27848 0.02522 1.76442
0.50878 -0.14009 1.78612 -0.28174 0.02335 1.76207
0.51357 -0.14286 1.80405 -0.28583 0.02318 1.78176
0.51227 -0.14269 1.80142 -0.2861 0.02237 1.7816
0.51051 -0.14194 1.79732 -0.2864 0.02241 1.78238
0.50429 -0.13716 1.77545 -0.28431 0.02199 1.76681
0.50172 -0.13471 1.76596 -0.28374 0.02139 1.76392
0.49871 -0.12856 1.75191 -0.28294 0.02229 1.76223
0.48121 -0.10566 1.67888 -0.27814 0.02097 1.7303
0.47595 -0.09955 1.66476 -0.2779 0.0206 1.73782
0.46295 -0.09223 1.6487 -0.27714 0.02146 1.74034
0.44557 -0.08515 1.64374 -0.2741 0.02294 1.74511
0.39377 -0.06688 1.67832 -0.27496 0.02488 1.75709
0.33806 -0.05826 1.73444 -0.27514 0.02576 1.75325
0.31499 -0.05557 1.77464 -0.27728 0.0258 1.76117
0.28953 -0.04959 1.81745 -0.2794 0.02626 1.76694
0.27006 -0.05484 1.84616 -0.28087 0.02596 1.76926
0.25649 -0.05731 1.86474 -0.2817 0.02589 1.77115
0.23831 -0.05095 1.81832 -0.27358 0.02485 1.72221
0.23318 -0.04656 1.81213 -0.27379 0.02493 1.72559
0.217 -0.01713 1.73744 -0.27245 0.02415 1.73885
0.19914 0.01282 1.5981 -0.26827 0.02723 1.74868
0.19727 0.00454 1.58272 -0.26885 0.02764 1.74714
0.17567 0.00036 1.59503 -0.2693 0.02975 1.73965
0.17717 -0.01449 1.72289 -0.28655 0.03318 1.84635
0.16201 -0.03364 1.81472 -0.29313 0.03466 1.86759
0.14492 -0.03854 1.71268 -0.27413 0.03172 1.73996
0.13882 -0.03966 1.72899 -0.27667 0.03046 1.74207
0.1343 -0.03946 1.73747 -0.2771 0.03016 1.74274
0.1285 -0.03503 1.73827 -0.27676 0.02931 1.74415
0.12674 -0.03343 1.73674 -0.27645 0.02867 1.74625
0.12589 -0.03288 1.73293 -0.27685 0.02873 1.74624
0.12452 -0.03236 1.72675 -0.27731 0.029 1.74545
0.1228 -0.03277 1.72414 -0.27771 0.02955 1.74693
0.11906 -0.03334 1.72136 -0.27779 0.03025 1.74822
0.11467 -0.03887 1.72098 -0.27805 0.02945 1.75111
0.10569 -0.04398 1.71508 -0.27836 0.02792 1.75068
0.04289 -0.06377 1.87337 -0.29135 0.0221 1.92335
-0.06059 -0.00385 1.72828 -0.19255 0.06328 1.77157
-0.05323 -0.00368 1.86622 -0.29261 0.0409 1.93765
-0.05097 0.04114 1.83759 -0.30258 0.0586 1.92754
-0.01536 0.05292 1.663 -0.28348 0.0639 1.74539
0.01765 0.0875 1.67499 -0.2898 0.08003 1.75829
0.0413 0.13047 1.69375 -0.29545 0.09845 1.77789
0.06024 0.175 1.71204 -0.30087 0.11067 1.79035
0.10073 0.23316 1.73803 -0.30619 0.12426 1.79832
0.12348 0.24252 1.74797 -0.30699 0.12783 1.80224
0.14692 0.2473 1.76052 -0.30725 0.12839 1.80781
0.17317 0.23976 1.77037 -0.3068 0.1268 1.81171
0.19836 0.2366 1.78529 -0.30905 0.12405 1.82095
0.24739 0.21882 1.78852 -0.30489 0.11744 1.81283
0.27245 0.21362 1.808 -0.30584 0.11485 1.82615
0.35507 0.15913 1.82442 -0.30792 0.09696 1.82595
0.38156 0.14816 1.82615 -0.31289 0.08597 1.82369
0.47407 0.03003 1.8306 -0.32212 0.05192 1.81391
0.50002 -0.01032 1.81903 -0.31848 0.04014 1.79682
0.52911 -0.0565 1.81536 -0.32118 0.02247 1.78888
0.60258 -0.18457 1.83197 -0.32495 -0.02 1.79188
0.63029 -0.24779 1.81485 -0.31723 -0.04019 1.76679
0.66677 -0.31563 1.84337 -0.31702 -0.06635 1.77947
0.69297 -0.37173 1.8471 -0.31465 -0.09408 1.77405
0.72055 -0.42612 1.86019 -0.31016 -0.12187 1.77917
0.70789 -0.45166 1.83512 -0.30356 -0.15583 1.74639
0.72135 -0.48939 1.92461 -0.30816 -0.19909 1.80875
0.83235 -0.62386 2.05814 -0.29681 -0.28756 1.95246
0.78781 -0.62994 1.94927 -0.19287 -0.3317 1.78688
0.79155 -0.65369 1.9784 -0.19236 -0.37854 1.83422
0.81638 -0.68753 1.97576 -0.17348 -0.41458 1.83356
0.79319 -0.69918 1.96661 -0.15497 -0.4479 1.83285
0.78091 -0.73042 1.96815 -0.13812 -0.47826 1.83753
0.78366 -0.74714 1.96852 -0.12879 -0.50515 1.84294
0.77402 -0.75733 1.97788 -0.11852 -0.54584 1.84413
0.7802 -0.75898 1.97875 -0.11423 -0.58028 1.8443
0.77841 -0.76418 1.98068 -0.11054 -0.59057 1.84615
0.79139 -0.77188 1.99096 -0.10319 -0.60376 1.84723
0.79078 -0.77486 1.98959 -0.09858 -0.60945 1.83994
0.79358 -0.77833 1.99557 -0.09665 -0.61162 1.84487
0.79529 -0.77968 1.99438 -0.09465 -0.61227 1.84439
0.7961 -0.78181 1.99685 -0.09361 -0.61401 1.84343
0.79484 -0.78145 1.99763 -0.09299 -0.61475 1.84516
0.79598 -0.78267 2.00045 -0.09169 -0.616 1.84412
0.79453 -0.78041 2.00243 -0.09116 -0.61746 1.84407
0.79521 -0.78009 2.00078 -0.09136 -0.61763 1.8454
0.7963 -0.77984 2.00209 -0.09098 -0.61761 1.84556
0.79902 -0.78223 1.99865 -0.09023 -0.61785 1.84123
0.79453 -0.78095 1.99444 -0.08924 -0.61745 1.84009
0.80423 -0.7816 1.99372 -0.08901 -0.61734 1.84041
0.80358 -0.78418 2.00251 -0.08879 -0.61976 1.84672
0.80518 -0.78336 1.99864 -0.08884 -0.61883 1.84346
0.803 -0.78419 2.00595 -0.08859 -0.62042 1.8475
0.80451 -0.7844 2.00683 -0.08885 -0.62113 1.84944
0.80569 -0.7839 2.00905 -0.08901 -0.62106 1.85254
0.80522 -0.78439 2.01068 -0.08916 -0.62227 1.85261
]
