classifier_Monkey_bumps_into_house_19240 [ 0.80552 -0.77982 1.95838 -0.09223 -0.58846 1.83734
0.80668 -0.78362 1.96295 -0.09255 -0.58771 1.84
0.80624 -0.78189 1.95899 -0.09315 -0.58767 1.83894
0.80684 -0.7797 1.96437 -0.09402 -0.58924 1.8421
0.79913 -0.78124 1.97726 -0.09731 -0.59076 1.85025
0.76147 -0.76271 1.94677 -0.09966 -0.5951 1.8516
0.74616 -0.75366 1.92651 -0.10154 -0.59499 1.84794
0.63459 -0.64143 1.92725 -0.10328 -0.597 1.85693
0.62148 -0.66131 1.86373 -0.10634 -0.59994 1.86509
0.53559 -0.61469 1.91353 -0.10985 -0.60191 1.86892
0.48516 -0.60273 1.92423 -0.11607 -0.60275 1.88418
0.36255 -0.62861 1.93268 -0.125 -0.60488 1.88499
0.32969 -0.63065 1.93293 -0.13196 -0.60265 1.89138
0.30954 -0.6082 1.93057 -0.13726 -0.60101 1.8998
0.25076 -0.6634 1.77306 -0.13591 -0.57778 1.82959
0.25903 -0.64735 1.8738 -0.14447 -0.59253 1.89123
0.24784 -0.63238 1.88864 -0.14576 -0.59262 1.89409
0.24933 -0.63054 1.89346 -0.14623 -0.59052 1.89815
0.25205 -0.62673 1.89255 -0.14827 -0.58475 1.89598
0.25255 -0.59697 1.84242 -0.11977 -0.63004 1.77849
0.26672 -0.5597 1.87856 -0.13052 -0.63836 1.78318
0.26889 -0.29874 1.75523 -0.17184 -0.26877 1.73405
0.27774 -0.19455 1.75288 -0.18931 -0.1629 1.74075
0.27847 -0.10873 1.7475 -0.19142 -0.06966 1.74256
0.26722 -0.02329 1.78472 -0.18547 0.01167 1.76739
0.24354 0.06104 1.76886 -0.16771 0.09017 1.77317
0.23393 0.12698 1.78798 -0.14789 0.16272 1.79552
0.2105 0.18183 1.7443 -0.13707 0.19519 1.76549
0.21088 0.23018 1.82045 -0.13039 0.24342 1.84718
0.19735 0.26187 1.82789 -0.12643 0.25771 1.85369
0.17709 0.29157 1.83524 -0.11706 0.26707 1.86308
0.15799 0.31065 1.83857 -0.10774 0.27074 1.86898
0.14513 0.31725 1.8436 -0.103 0.26983 1.87245
0.14814 0.31837 1.84132 -0.10691 0.27226 1.86974
0.16157 0.31762 1.84687 -0.11565 0.27923 1.87496
0.18192 0.3136 1.85985 -0.12622 0.29285 1.87917
0.19509 0.31791 1.85743 -0.14482 0.30123 1.86755
0.22379 0.30169 1.86187 -0.16994 0.30534 1.86294
0.24646 0.28677 1.86518 -0.21642 0.2572 1.87154
0.2819 0.23943 1.86478 -0.24107 0.23106 1.87057
0.3038 0.20751 1.86305 -0.26744 0.18097 1.87051
0.3362 0.13883 1.85348 -0.28644 0.13035 1.85396
0.35147 0.09778 1.85468 -0.30207 0.07182 1.85091
0.36752 0.04244 1.86236 -0.30684 0.01937 1.85289
0.37629 -0.01461 1.86991 -0.3097 -0.04702 1.86062
0.3766 -0.06834 1.8916 -0.30093 -0.08884 1.86835
0.36409 -0.12049 1.88437 -0.28613 -0.13675 1.85151
0.3553 -0.16376 1.90821 -0.27111 -0.20189 1.88485
0.35955 -0.31599 2.00539 -0.25584 -0.33931 1.99053
0.35953 -0.33306 2.01066 -0.25112 -0.34932 1.99456
0.3454 -0.32676 1.93133 -0.23914 -0.33684 1.91077
0.34519 -0.32711 1.92246 -0.23784 -0.33395 1.89907
0.34509 -0.32116 1.91496 -0.23725 -0.32494 1.89359
0.3502 -0.32001 1.93208 -0.24011 -0.3177 1.91326
0.35051 -0.31351 1.92838 -0.23921 -0.30339 1.9051
0.35246 -0.31261 1.93906 -0.23968 -0.28356 1.91485
0.35354 -0.31303 1.9464 -0.24314 -0.25004 1.91703
0.35275 -0.31539 1.94558 -0.24681 -0.21185 1.91897
0.34778 -0.31752 1.91977 -0.26043 -0.17981 1.90244
0.37091 -0.3468 2.06154 -0.29266 -0.14402 1.99993
0.33604 -0.33883 1.88077 -0.28072 -0.00458 1.77493
0.3304 -0.35749 1.87451 -0.28332 0.10968 1.74978
0.34037 -0.37453 1.93413 -0.29308 0.15047 1.80351
0.33706 -0.3851 1.94722 -0.28456 0.18383 1.80315
0.33243 -0.40124 1.96143 -0.27273 0.20324 1.81091
0.30469 -0.4575 1.95191 -0.26063 0.20733 1.81209
0.30066 -0.47062 1.96809 -0.24881 0.1953 1.80804
0.29435 -0.48514 1.97322 -0.23411 0.17347 1.788
0.28842 -0.49921 1.98184 -0.22946 0.14231 1.77523
0.29453 -0.48426 2.02693 -0.22923 0.1124 1.7723
0.28696 -0.55595 2.14422 -0.24689 0.09335 1.88525
0.26802 -0.52273 2.00648 -0.23484 0.07264 1.76536
0.28529 -0.55339 2.12583 -0.25068 0.07098 1.86742
0.29136 -0.54681 2.12577 -0.24975 0.06885 1.87039
0.2932 -0.55067 2.13061 -0.25015 0.07241 1.87829
0.3008 -0.53972 2.11749 -0.24806 0.0762 1.87172
0.32797 -0.52098 2.10834 -0.24785 0.08128 1.89163
0.32799 -0.46832 1.96583 -0.23398 0.07453 1.78142
0.41632 -0.43722 2.06291 -0.2481 0.07771 1.89146
0.44758 -0.42705 2.04085 -0.24862 0.07587 1.89424
0.48185 -0.41198 2.02371 -0.24889 0.07501 1.89491
0.50442 -0.41586 1.99871 -0.24739 0.07264 1.88659
0.52637 -0.42021 2.00047 -0.2455 0.06953 1.88818
0.53783 -0.43244 2.01142 -0.24524 0.06799 1.88655
0.53488 -0.47313 2.02525 -0.24419 0.0651 1.88238
0.53255 -0.49246 2.06262 -0.24262 0.06296 1.88316
0.52215 -0.51163 2.09987 -0.24093 0.05866 1.88131
0.47335 -0.5038 2.15117 -0.23945 0.05462 1.88069
0.4565 -0.29506 2.06598 -0.23629 0.05261 1.86182
0.51421 -0.22425 2.17934 -0.25541 0.05986 2.00998
0.46643 -0.19352 1.94773 -0.22846 0.0541 1.80691
0.47917 -0.20927 1.93873 -0.22831 0.05533 1.8042
0.51885 -0.25581 2.01623 -0.23637 0.05763 1.8737
0.54559 -0.30586 2.03623 -0.23645 0.05749 1.8767
0.51508 -0.35181 1.90669 -0.22045 0.05353 1.75248
0.53141 -0.46943 2.03916 -0.23607 0.05643 1.86632
0.53514 -0.50153 2.10066 -0.23777 0.05861 1.86862
0.49136 -0.53474 2.18997 -0.2428 0.05935 1.87403
0.43115 -0.51402 2.21628 -0.24543 0.06043 1.87291
0.39737 -0.47589 2.1901 -0.24675 0.06373 1.86804
0.38285 -0.39827 2.13045 -0.24771 0.06587 1.86875
0.40401 -0.28603 2.05647 -0.24758 0.06867 1.86697
0.37873 -0.0771 1.94893 -0.24672 0.07364 1.8753
0.4032 0.02234 1.94238 -0.24696 0.07585 1.87182
0.40571 0.11524 1.93961 -0.2455 0.07766 1.8571
0.42035 0.17607 1.95198 -0.24571 0.07894 1.86358
0.42489 0.22889 1.9516 -0.24501 0.07996 1.86068
0.43377 0.24578 1.95803 -0.24482 0.07906 1.86541
0.43594 0.25036 1.96135 -0.2445 0.07825 1.86857
0.43541 0.24802 1.96304 -0.24481 0.07724 1.87108
0.40473 0.21049 1.83469 -0.23142 0.07013 1.7522
0.40029 0.09905 1.8276 -0.23234 0.06388 1.75368
0.41081 0.09121 1.92616 -0.24714 0.06421 1.85404
0.40207 0.06599 1.91763 -0.24841 0.06078 1.85101
0.38838 -0.02889 1.84253 -0.23954 0.0572 1.76249
0.38896 -0.03763 1.8433 -0.24175 0.05923 1.7644
0.4026 -0.03758 1.84936 -0.24221 0.06226 1.76531
0.43672 -0.04028 1.96865 -0.25764 0.06737 1.87505
0.42107 -0.03452 1.86218 -0.24448 0.06673 1.7739
0.45301 -0.03038 1.9752 -0.25876 0.06982 1.88021
0.43075 -0.02101 1.86345 -0.24513 0.06792 1.77641
0.45817 -0.01678 1.97388 -0.25913 0.06834 1.87931
0.4315 -0.01138 1.85795 -0.24553 0.06645 1.77175
0.43018 -0.00832 1.85655 -0.24678 0.06647 1.77134
0.4542 -0.00833 1.96936 -0.26245 0.068 1.8774
0.45157 -0.00507 1.97193 -0.26415 0.06852 1.88236
0.44721 -0.00539 1.97119 -0.26628 0.06848 1.88566
0.4127 -0.00509 1.84613 -0.25138 0.06565 1.77113
0.40117 -0.00193 1.84262 -0.25272 0.06514 1.77489
0.38312 -0.00244 1.83446 -0.25226 0.0644 1.77574
0.33549 -0.00467 1.90758 -0.25964 0.06191 1.86678
0.28896 -0.0095 1.90386 -0.25347 0.05895 1.87255
0.21382 -0.01369 1.78235 -0.22973 0.05208 1.76564
0.15033 -0.02805 1.78106 -0.21464 0.04833 1.77733
-0.02316 0.01098 1.84337 -0.19575 0.04425 1.89034
-0.10381 0.07874 1.7273 -0.09163 0.13634 1.74274
0.09591 0.2648 1.86049 -0.24087 0.13357 1.90054
0.24476 0.25073 2.05735 -0.28006 0.14955 2.03754
0.28669 0.23106 1.9286 -0.26729 0.13326 1.89257
0.31742 0.22841 1.94942 -0.27175 0.12935 1.90878
0.35035 0.21318 1.9699 -0.2768 0.12444 1.92482
0.35566 0.1833 1.85254 -0.26277 0.11119 1.80815
0.38504 0.15379 1.86002 -0.263 0.102 1.81023
0.41385 0.12722 1.86193 -0.26385 0.09186 1.81173
0.44574 0.06605 1.86388 -0.26421 0.08074 1.81014
0.47742 0.01026 1.85434 -0.2627 0.06693 1.79887
0.51034 -0.04556 1.84926 -0.2622 0.05182 1.79263
0.55111 -0.10879 1.86624 -0.26247 0.03373 1.80276
0.62731 -0.19281 2.00506 -0.28007 0.01596 1.92477
0.7043 -0.32057 2.00283 -0.27495 -0.03116 1.91274
0.73527 -0.38134 1.99735 -0.26951 -0.05605 1.89905
0.77196 -0.44412 2.00417 -0.2663 -0.08489 1.90018
0.8108 -0.49254 1.97417 -0.25903 -0.11542 1.88901
0.79284 -0.54057 2.06981 -0.25476 -0.14971 1.90859
0.87272 -0.63441 2.03643 -0.24831 -0.18778 1.92023
0.80658 -0.61763 2.09583 -0.23782 -0.22409 1.90322
0.80636 -0.65361 2.08633 -0.21006 -0.31249 1.88329
0.82775 -0.70152 2.09888 -0.18558 -0.40034 1.90751
0.81027 -0.69687 1.9761 -0.16549 -0.41571 1.81593
0.80596 -0.7149 1.97763 -0.13438 -0.46789 1.79934
0.79701 -0.75537 1.93111 -0.12915 -0.47973 1.77921
0.80166 -0.76597 1.95211 -0.11117 -0.54336 1.80534
0.79689 -0.76879 1.9568 -0.10488 -0.57108 1.81565
0.79907 -0.77347 1.95832 -0.10164 -0.55699 1.81595
0.78036 -0.75931 1.92589 -0.08393 -0.56616 1.78469
0.80163 -0.78018 1.97853 -0.10084 -0.59919 1.8171
0.78492 -0.75906 1.93468 -0.08291 -0.57382 1.78703
0.80273 -0.77742 1.98087 -0.09668 -0.60386 1.81368
0.8001 -0.77944 1.98167 -0.09704 -0.60579 1.81311
0.80175 -0.77596 1.97525 -0.09557 -0.61017 1.80943
0.7985 -0.77415 1.97606 -0.09491 -0.61302 1.80844
0.79545 -0.77321 1.9736 -0.09476 -0.6141 1.80832
0.78371 -0.76015 1.93954 -0.07598 -0.60501 1.78743
0.78375 -0.76074 1.94045 -0.07653 -0.60483 1.78838
0.79788 -0.77343 1.96976 -0.09342 -0.61553 1.80956
0.80347 -0.77876 1.98292 -0.09324 -0.62083 1.81802
0.80406 -0.77927 1.98846 -0.094 -0.62251 1.82073
0.80568 -0.7798 1.9913 -0.09415 -0.62323 1.82305
0.80806 -0.77957 1.9903 -0.09401 -0.62383 1.82235
0.80453 -0.77943 1.99085 -0.09426 -0.62392 1.82271
0.80601 -0.78109 1.99368 -0.09434 -0.62549 1.82497
0.80845 -0.77982 1.99319 -0.09333 -0.62579 1.82387
0.81777 -0.77817 1.97876 -0.09376 -0.62595 1.82395
0.81734 -0.7764 1.97834 -0.09377 -0.62658 1.82486
0.81994 -0.77418 1.97962 -0.09428 -0.62679 1.82606
0.82178 -0.77319 1.97941 -0.09403 -0.6273 1.82585
0.84129 -0.79136 1.94078 -0.09287 -0.62174 1.80996
0.87986 -0.79171 1.90984 -0.09251 -0.62137 1.80856
0.87085 -0.7888 1.92015 -0.09201 -0.62109 1.80849
0.82011 -0.77654 1.96172 -0.09301 -0.62013 1.81042
0.84065 -0.76034 1.96041 -0.09318 -0.62175 1.81586
0.84371 -0.76148 1.96227 -0.09304 -0.62329 1.81953
0.84489 -0.76189 1.96304 -0.09323 -0.62314 1.82009
0.83831 -0.76942 1.96689 -0.0934 -0.62398 1.82297
0.84131 -0.76615 1.96628 -0.09302 -0.62458 1.8253
0.8442 -0.76362 1.96579 -0.09319 -0.62444 1.82543
0.83169 -0.77286 1.97478 -0.09289 -0.62508 1.82604
0.83425 -0.7672 1.97508 -0.09284 -0.6254 1.8262
0.83805 -0.76751 1.97332 -0.09278 -0.62632 1.82682
0.84029 -0.7671 1.97144 -0.09314 -0.6255 1.82726
0.83923 -0.76711 1.97282 -0.09306 -0.62631 1.82963
0.82096 -0.77406 1.98157 -0.0932 -0.6266 1.83062
0.8195 -0.77179 1.98055 -0.09256 -0.62786 1.82967
0.82213 -0.77406 1.98155 -0.09265 -0.62843 1.82936
0.8245 -0.76704 1.97842 -0.09291 -0.6287 1.83089
0.82662 -0.76587 1.97345 -0.09282 -0.62875 1.83014
0.82157 -0.76965 1.98355 -0.09287 -0.62969 1.83415
0.82538 -0.77129 1.97877 -0.09326 -0.62931 1.8342
0.82032 -0.77727 1.98446 -0.09266 -0.63009 1.83395
0.84347 -0.76824 1.97268 -0.09296 -0.62963 1.83351
0.85015 -0.76027 1.96917 -0.09323 -0.62963 1.8338
0.85909 -0.7586 1.97086 -0.09303 -0.62954 1.83347
0.86073 -0.75255 1.97401 -0.09253 -0.62802 1.83113
0.85607 -0.74685 1.98142 -0.093 -0.62612 1.82838
0.86823 -0.75435 1.98116 -0.09234 -0.6271 1.82487
0.86362 -0.77551 1.96958 -0.09229 -0.62444 1.81902
0.84633 -0.76897 1.99225 -0.0923 -0.62518 1.81983
0.83534 -0.77801 1.99796 -0.0929 -0.62476 1.82007
0.83174 -0.7786 1.99546 -0.09234 -0.62427 1.81748
0.83591 -0.77765 1.99034 -0.09224 -0.62314 1.8171
0.83678 -0.77815 1.98939 -0.09229 -0.62426 1.81788
0.83657 -0.77849 1.99216 -0.09258 -0.62396 1.81797
0.83727 -0.77523 1.99175 -0.09231 -0.62504 1.81896
0.83877 -0.77927 1.99399 -0.09235 -0.62475 1.81881
0.83748 -0.77978 1.99413 -0.09267 -0.62509 1.81915
0.83705 -0.77932 1.99286 -0.09255 -0.62486 1.81908
0.83493 -0.78081 1.99596 -0.09266 -0.62517 1.8188
0.83285 -0.77955 1.99502 -0.09297 -0.62388 1.81915
0.83292 -0.77938 1.99558 -0.09311 -0.62337 1.81931
0.83433 -0.77967 1.99328 -0.09322 -0.62262 1.81888
0.83604 -0.78039 1.9954 -0.09269 -0.62373 1.82029
0.83492 -0.77897 1.99729 -0.09286 -0.62357 1.81974
0.83547 -0.77924 1.99688 -0.09278 -0.62278 1.82065
0.83663 -0.77947 1.99612 -0.09264 -0.62321 1.82111
0.81412 -0.777 1.9773 -0.08234 -0.61432 1.80502
0.85496 -0.79621 1.97523 -0.09073 -0.6203 1.81357
0.84237 -0.77653 1.98349 -0.09096 -0.62041 1.81389
0.84234 -0.77534 1.98678 -0.09099 -0.62083 1.81551
0.84385 -0.77716 1.98947 -0.09145 -0.62208 1.81794
0.8396 -0.77679 1.99371 -0.09127 -0.62267 1.81919
]
