classifier_Car_monkey_bumps_into_each_other_313 [ 0.56908 -0.67465 1.76323 -0.04061 -0.51647 1.73824
0.572 -0.67503 1.75831 -0.04086 -0.51396 1.74519
0.59699 -0.70281 1.83412 -0.08551 -0.52781 1.80327
0.5981 -0.70031 1.83561 -0.09225 -0.51675 1.80857
0.59965 -0.70018 1.84983 -0.12792 -0.47663 1.83712
0.57903 -0.66498 1.79824 -0.19739 -0.45752 1.80314
0.53022 -0.60343 1.67869 -0.2131 -0.43503 1.7131
0.51987 -0.54421 1.82487 -0.2748 -0.43569 1.79812
0.51545 -0.52438 1.8103 -0.35111 -0.4093 1.85688
0.52085 -0.4968 1.84657 -0.38436 -0.40834 1.89136
0.49939 -0.46337 1.81025 -0.40109 -0.39819 1.86191
0.54406 -0.45257 1.95584 -0.48915 -0.4008 2.01632
0.5497 -0.4467 1.98141 -0.49503 -0.4009 2.03377
0.56635 -0.43166 2.03584 -0.49158 -0.40173 2.06492
0.56393 -0.42223 2.01661 -0.46295 -0.41271 2.04907
0.55382 -0.42286 2.01301 -0.4537 -0.40893 2.04942
0.54531 -0.42227 2.01186 -0.45663 -0.40996 2.04391
0.53893 -0.41797 2.00346 -0.45654 -0.41189 2.03654
0.52223 -0.42742 2.01669 -0.46732 -0.41626 2.06141
0.53071 -0.42644 2.01485 -0.47736 -0.41457 2.0673
0.50236 -0.43225 1.96728 -0.45719 -0.40962 2.01653
0.47825 -0.41372 1.86999 -0.34648 -0.46548 1.91461
0.52277 -0.43092 2.00308 -0.46395 -0.4143 2.05578
0.53061 -0.42371 2.00615 -0.43827 -0.4164 2.05716
0.49941 -0.40932 1.93827 -0.42624 -0.40211 1.97461
0.51363 -0.42009 2.00759 -0.43701 -0.41065 2.02016
0.47375 -0.42429 1.9979 -0.43747 -0.37846 1.96202
0.47245 -0.42795 2.0089 -0.43568 -0.35906 1.93709
0.44687 -0.40991 1.91202 -0.37734 -0.31974 1.79505
0.43853 -0.4071 1.88821 -0.3523 -0.27359 1.72931
0.43176 -0.41134 1.88502 -0.33279 -0.22418 1.68722
0.43227 -0.40888 1.86769 -0.3098 -0.16188 1.64982
0.43984 -0.42946 1.94398 -0.27943 -0.04821 1.68969
0.42116 -0.41352 1.8676 -0.25262 -0.00827 1.61851
0.42382 -0.41812 1.88854 -0.24101 0.01962 1.6272
0.44826 -0.44397 2.00252 -0.25196 0.03098 1.70563
0.46046 -0.44096 2.02029 -0.24534 0.03679 1.67957
0.39929 -0.46955 1.94625 -0.23584 0.0348 1.63426
0.43291 -0.45533 1.97978 -0.23948 0.03545 1.65598
0.43117 -0.46055 1.97076 -0.24295 0.03474 1.6519
0.46405 -0.43799 1.99629 -0.24637 0.03213 1.66415
0.43254 -0.46645 1.96345 -0.24844 0.0323 1.65223
0.42746 -0.46665 1.94513 -0.24939 0.03175 1.64877
0.45745 -0.44455 1.97121 -0.25781 0.03437 1.68682
0.45929 -0.42698 1.93963 -0.25803 0.03534 1.67542
0.42921 -0.384 1.85604 -0.2536 0.03607 1.63868
0.40643 -0.24276 1.79074 -0.25477 0.03792 1.67432
0.39312 -0.04464 1.7823 -0.25608 0.03746 1.72537
0.35523 0.05182 1.74075 -0.24928 0.03621 1.69655
0.33302 0.10849 1.69511 -0.24074 0.03406 1.6453
0.3333 0.14113 1.76716 -0.24988 0.03503 1.71127
0.30742 0.12526 1.66863 -0.23852 0.03219 1.61455
0.29936 0.08467 1.65616 -0.24227 0.03325 1.61221
0.29757 0.01194 1.65236 -0.24635 0.03498 1.61259
0.31214 -0.07979 1.73926 -0.2658 0.03734 1.70247
0.31043 -0.16185 1.76676 -0.27328 0.03682 1.71652
0.30649 -0.19514 1.78526 -0.27697 0.03606 1.72032
0.30834 -0.17278 1.78489 -0.27473 0.03212 1.72123
0.30415 -0.09955 1.76453 -0.26943 0.02908 1.70857
0.29941 -0.0099 1.71931 -0.25965 0.02677 1.67781
0.30347 0.07608 1.72474 -0.25594 0.02444 1.69196
0.30807 0.14491 1.73606 -0.25549 0.02483 1.7063
0.29428 0.1801 1.65037 -0.24158 0.02283 1.62461
0.29663 0.19161 1.64543 -0.24078 0.0213 1.61965
0.2941 0.17797 1.64251 -0.24121 0.0202 1.62034
0.29068 0.13848 1.63488 -0.24368 0.01962 1.61459
0.29286 0.07518 1.627 -0.24562 0.01826 1.60748
0.29199 0.01801 1.61217 -0.24625 0.01942 1.59086
0.32503 -0.03061 1.7483 -0.26904 0.01926 1.72012
0.2872 -0.04408 1.51574 -0.23341 0.01985 1.48949
0.31403 -0.04487 1.59801 -0.24564 0.01753 1.56193
0.31948 -0.03003 1.55531 -0.23763 0.02081 1.51315
0.35173 -0.00475 1.63843 -0.24773 0.01937 1.58024
0.36966 0.01864 1.64618 -0.24737 0.02073 1.5795
0.37861 0.04032 1.63713 -0.24529 0.02081 1.56927
0.38678 0.05629 1.62907 -0.24501 0.01963 1.56275
0.4021 0.06335 1.62059 -0.24458 0.01665 1.56021
0.40471 0.05747 1.61643 -0.24455 0.01558 1.55741
0.40335 0.05365 1.60319 -0.24324 0.01597 1.54443
0.40602 0.04848 1.60606 -0.24358 0.01539 1.54707
0.40664 0.0442 1.60852 -0.24556 0.01536 1.5492
0.40799 0.04377 1.61074 -0.24635 0.01515 1.55237
0.40777 0.04271 1.61074 -0.24767 0.01703 1.55257
0.40938 0.04193 1.61115 -0.24822 0.01839 1.55576
0.40736 0.04216 1.61472 -0.25043 0.01932 1.55683
0.40919 0.04134 1.61293 -0.25007 0.02121 1.55875
0.4214 0.03956 1.6489 -0.25686 0.02234 1.59634
0.42187 0.03949 1.65179 -0.25665 0.02296 1.59942
0.41114 0.03767 1.62095 -0.25096 0.02226 1.56904
0.41065 0.03659 1.61901 -0.25046 0.02207 1.5689
0.41233 0.03518 1.61695 -0.24943 0.02158 1.56787
0.40398 0.02935 1.61882 -0.2398 0.02576 1.56905
0.39462 0.0251 1.61462 -0.23159 0.02597 1.56657
0.36887 0.02199 1.6013 -0.20477 0.02869 1.557
0.34671 0.0187 1.58396 -0.18181 0.03216 1.53816
0.31848 0.02137 1.57962 -0.15678 0.03303 1.53282
0.29228 0.01396 1.55784 -0.12674 0.03155 1.51202
0.2569 0.01223 1.53005 -0.09235 0.02663 1.48348
0.21672 0.00137 1.61007 -0.02666 0.00718 1.56814
0.05534 0.0401 1.56134 0.02015 0.03188 1.54342
0.06225 0.03659 1.53785 0.03614 0.02901 1.5276
0.05121 0.04747 1.54959 -0.01536 0.01321 1.52736
0.01224 0.05199 1.52261 -0.04008 0.01101 1.50909
0.22034 0.01944 1.6326 -0.07853 0.02188 1.58357
0.25812 0.01743 1.65326 -0.12413 0.02559 1.60498
0.28914 0.02766 1.69498 -0.17584 0.02815 1.64822
0.29384 0.03248 1.59044 -0.21334 0.02492 1.55201
0.33539 0.03431 1.62712 -0.26379 0.02256 1.59586
0.36009 0.03505 1.62335 -0.30791 0.02004 1.60069
0.39031 0.03733 1.65121 -0.34916 0.01851 1.63738
0.40262 0.03815 1.62268 -0.37385 0.01803 1.61602
0.41429 0.0375 1.61302 -0.39644 0.01382 1.61542
0.43793 0.03762 1.65772 -0.42482 0.01468 1.66845
0.44452 0.03538 1.66243 -0.43659 0.01192 1.67874
0.44904 0.03062 1.66515 -0.4428 0.00969 1.6875
0.44637 0.02867 1.66353 -0.44396 0.00971 1.68748
0.44494 0.02537 1.65982 -0.44167 0.01044 1.68491
0.44303 0.02252 1.65812 -0.43811 0.0115 1.6835
0.44204 0.02051 1.65369 -0.43596 0.01245 1.68088
0.44152 0.01869 1.64963 -0.43124 0.014 1.67721
0.44196 0.01784 1.64773 -0.42936 0.01558 1.67324
0.44023 0.01664 1.64391 -0.42816 0.01633 1.66899
0.44082 0.01808 1.64243 -0.42513 0.01513 1.6617
0.43563 0.01541 1.61714 -0.41913 0.01517 1.63478
0.4358 0.0163 1.62496 -0.42 0.01556 1.6416
0.43761 0.01471 1.63126 -0.41964 0.01555 1.64722
0.43731 0.01552 1.6293 -0.41766 0.0156 1.64376
0.43793 0.01432 1.63305 -0.41763 0.0136 1.64823
0.433 0.01447 1.61414 -0.41212 0.00973 1.62822
0.44477 0.01095 1.66007 -0.4212 0.00602 1.67156
0.44677 0.00978 1.66326 -0.42032 0.00029 1.67523
0.45078 0.00011 1.66543 -0.41572 -0.01063 1.67589
0.4575 -0.01337 1.67524 -0.41277 -0.02852 1.68219
0.47696 -0.11393 1.63558 -0.35872 -0.12926 1.63583
0.48763 -0.16908 1.61335 -0.325 -0.1729 1.61403
0.50821 -0.23259 1.61545 -0.2911 -0.2309 1.62405
0.55962 -0.41901 1.66728 -0.17707 -0.37734 1.68462
0.56706 -0.48316 1.77078 -0.1544 -0.44381 1.74664
0.55712 -0.52203 1.76774 -0.12366 -0.4503 1.75222
0.5375 -0.5397 1.72258 -0.10035 -0.45132 1.70711
0.56878 -0.64154 1.74355 -0.07484 -0.43595 1.74643
0.56894 -0.6496 1.74176 -0.05802 -0.43475 1.76
0.57143 -0.65338 1.72749 -0.04977 -0.43712 1.76225
0.57343 -0.65915 1.72687 -0.04517 -0.44033 1.76824
0.56381 -0.65154 1.69965 -0.04182 -0.43511 1.74563
0.57491 -0.66377 1.7391 -0.04527 -0.45171 1.77759
0.57752 -0.6673 1.74243 -0.0642 -0.44786 1.7921
0.58996 -0.68313 1.78276 -0.0918 -0.45782 1.84035
0.58956 -0.68385 1.78595 -0.09218 -0.45976 1.83596
0.59278 -0.68833 1.79577 -0.09291 -0.46249 1.84195
0.60373 -0.69699 1.81166 -0.08842 -0.47959 1.84493
0.60435 -0.69786 1.81156 -0.08821 -0.48099 1.84533
0.60412 -0.69793 1.81028 -0.08861 -0.4835 1.84299
0.59766 -0.69739 1.82271 -0.08906 -0.48379 1.84266
0.59678 -0.69533 1.81865 -0.08905 -0.48358 1.8377
0.59739 -0.69647 1.82248 -0.09199 -0.48682 1.83825
0.59771 -0.69779 1.826 -0.08915 -0.48833 1.84107
0.56963 -0.66411 1.72806 -0.08243 -0.47103 1.73746
0.5975 -0.69876 1.83005 -0.09396 -0.49239 1.83992
0.58769 -0.68807 1.80335 -0.08506 -0.48954 1.80203
0.59733 -0.69918 1.83385 -0.09456 -0.4934 1.84045
0.58727 -0.68735 1.80008 -0.08381 -0.48895 1.79772
0.5867 -0.68705 1.80215 -0.0809 -0.4884 1.79948
0.57824 -0.67682 1.77463 -0.07946 -0.48042 1.77195
0.57663 -0.67563 1.77064 -0.07948 -0.47957 1.76876
0.57613 -0.67462 1.7685 -0.07967 -0.47908 1.76632
0.57616 -0.67454 1.76414 -0.07957 -0.47895 1.76436
0.57662 -0.67392 1.76498 -0.07942 -0.47892 1.76368
0.58511 -0.68488 1.79229 -0.09217 -0.48273 1.80022
0.57455 -0.67185 1.75911 -0.0855 -0.48066 1.75692
0.57669 -0.67392 1.76503 -0.07968 -0.47949 1.76455
]
