classifier_Car_bumps_into_house_22392 [ 0.60029 -0.66616 1.77223 -0.47754 -0.71201 1.86565
0.60084 -0.66549 1.77548 -0.47828 -0.71226 1.86486
0.59746 -0.66029 1.77141 -0.48223 -0.70645 1.85163
0.59587 -0.65049 1.75347 -0.48496 -0.68954 1.8078
0.58874 -0.63478 1.74628 -0.48755 -0.66728 1.76693
0.54824 -0.53387 1.72982 -0.50678 -0.62138 1.71926
0.52763 -0.48357 1.66835 -0.49919 -0.56628 1.6533
0.53477 -0.44998 1.70912 -0.51528 -0.538 1.67549
0.47464 -0.3662 1.59424 -0.47413 -0.44779 1.54697
0.43862 -0.30353 1.57107 -0.45003 -0.37644 1.48735
0.35883 -0.16415 1.58446 -0.38901 -0.21023 1.48111
0.28006 -0.07885 1.44497 -0.31359 -0.11426 1.3547
0.17653 0.05409 1.47388 -0.25236 0.0058 1.46332
0.11078 0.10661 1.37901 -0.19467 0.0647 1.37794
0.04293 0.17286 1.42348 -0.15857 0.13017 1.41704
-0.0375 0.21444 1.36446 -0.09018 0.19566 1.36603
-0.0526 0.23179 1.36882 -0.07765 0.22497 1.37052
-0.05126 0.26474 1.40395 -0.09193 0.27596 1.38495
-0.0516 0.30957 1.40582 -0.09975 0.30798 1.39627
-0.04344 0.33722 1.37516 -0.11589 0.33377 1.36343
0.0611 0.3331 1.42864 -0.16569 0.34088 1.41794
0.09594 0.35124 1.44634 -0.20218 0.35077 1.43779
0.13384 0.36038 1.45158 -0.24 0.35203 1.44881
0.17053 0.35369 1.42853 -0.27215 0.33948 1.42782
0.23493 0.32005 1.40976 -0.33402 0.29121 1.40485
0.26134 0.28819 1.40963 -0.35979 0.25057 1.40308
0.29069 0.24257 1.42393 -0.38588 0.19878 1.4133
0.33628 0.11984 1.47225 -0.41775 0.06215 1.4431
0.34272 0.04006 1.47349 -0.41268 -0.01863 1.4303
0.34794 -0.04268 1.47248 -0.40744 -0.09811 1.41155
0.34845 -0.18066 1.41879 -0.38374 -0.20627 1.38165
0.35169 -0.20732 1.45035 -0.38379 -0.22914 1.41261
0.35489 -0.2377 1.44525 -0.37737 -0.22876 1.41673
0.36121 -0.25585 1.48069 -0.38057 -0.22633 1.45552
0.35914 -0.261 1.48193 -0.37369 -0.20706 1.45677
0.36026 -0.26713 1.49686 -0.37262 -0.1734 1.44789
0.36367 -0.27673 1.51265 -0.36741 -0.13717 1.44343
0.36049 -0.2832 1.50183 -0.37336 -0.1015 1.41671
0.36477 -0.29659 1.52329 -0.37787 -0.06112 1.42941
0.36175 -0.30568 1.52811 -0.37725 -0.02046 1.42899
0.36128 -0.3211 1.53742 -0.37019 0.01734 1.43089
0.35963 -0.33428 1.54585 -0.37081 0.05016 1.42516
0.33586 -0.34151 1.50149 -0.35556 0.08242 1.35456
0.32448 -0.35317 1.49374 -0.3578 0.08227 1.33359
0.32896 -0.38829 1.5555 -0.36346 0.06912 1.37
0.29986 -0.38325 1.46878 -0.34515 0.05593 1.28476
0.27931 -0.37694 1.41438 -0.33475 0.04061 1.22706
0.28435 -0.40457 1.48766 -0.35379 0.02721 1.28099
0.27362 -0.39795 1.47046 -0.34571 0.01552 1.25725
0.28164 -0.42088 1.54042 -0.36112 0.01051 1.31431
0.26332 -0.3942 1.46087 -0.33378 -0.02526 1.22127
0.26821 -0.3952 1.49158 -0.34074 -0.02782 1.2492
0.27637 -0.39014 1.51207 -0.34689 -0.02901 1.27068
0.2596 -0.34381 1.40856 -0.32523 -0.02897 1.1933
0.26656 -0.3175 1.40099 -0.32576 -0.02945 1.19319
0.27691 -0.28367 1.40099 -0.32851 -0.02868 1.20126
0.29015 -0.24587 1.40566 -0.33306 -0.02765 1.21298
0.30228 -0.19776 1.4014 -0.34131 -0.00686 1.23925
0.31704 -0.1478 1.43403 -0.35441 -0.00551 1.27713
0.32886 -0.09116 1.46884 -0.37426 -0.0032 1.31892
0.33329 -0.03184 1.53907 -0.39472 -0.00461 1.38282
0.28593 0.07977 1.47943 -0.37514 -0.01218 1.30775
0.2778 0.11873 1.49348 -0.3757 -0.01553 1.29819
0.2941 0.1612 1.58587 -0.39571 -0.02017 1.3432
0.31022 0.1575 1.5887 -0.39781 -0.01853 1.34501
0.33654 0.12821 1.57756 -0.39745 -0.01544 1.34319
0.36768 0.07659 1.55011 -0.39728 -0.0105 1.34063
0.37463 0.01248 1.45645 -0.37559 -0.00726 1.27504
0.39414 -0.04878 1.45805 -0.3786 -0.00403 1.28254
0.40351 -0.08823 1.44557 -0.37727 -0.00061 1.27676
0.41056 -0.09809 1.44422 -0.3775 0.0031 1.2751
0.41074 -0.08108 1.43925 -0.37716 0.00487 1.26951
0.41072 -0.04688 1.43916 -0.37583 0.00619 1.26637
0.40618 0.00287 1.44825 -0.37576 0.00684 1.2696
0.40253 0.05619 1.47372 -0.37805 0.00853 1.2862
0.38467 0.10282 1.48432 -0.37543 0.01073 1.28573
0.35531 0.14914 1.44562 -0.37143 0.01398 1.25406
0.36164 0.18561 1.53466 -0.38358 0.01821 1.30724
0.3651 0.18235 1.5401 -0.38455 0.01907 1.31155
0.3584 0.15768 1.47676 -0.35934 0.01323 1.26522
0.41059 0.07374 1.53054 -0.38209 0.01608 1.33989
0.41819 0.00747 1.50498 -0.38178 0.01908 1.33236
0.39994 -0.05383 1.41423 -0.36193 0.01693 1.26012
0.4006 -0.09872 1.41977 -0.36589 0.01678 1.26961
0.39714 -0.12263 1.44234 -0.37349 0.01749 1.28941
0.38704 -0.12528 1.44677 -0.37627 0.01819 1.29012
0.39862 -0.07828 1.48491 -0.38458 0.01894 1.30873
0.38194 -0.03494 1.4425 -0.37247 0.01893 1.2658
0.38469 0.00275 1.46787 -0.3772 0.01729 1.28405
0.37071 0.04376 1.44249 -0.36864 0.01637 1.25917
0.36448 0.07541 1.44223 -0.36705 0.01611 1.2579
0.35539 0.09802 1.43593 -0.36496 0.01509 1.25378
0.34975 0.10774 1.43614 -0.36345 0.01252 1.25749
0.34514 0.09995 1.42519 -0.36243 0.00734 1.26184
0.3398 0.07844 1.40516 -0.36241 0.00626 1.26529
0.33442 0.05012 1.38397 -0.36302 0.00377 1.26684
0.33068 0.02944 1.36798 -0.36194 0.00161 1.26491
0.32638 0.01953 1.35964 -0.36328 0.00155 1.26353
0.32515 0.01639 1.35827 -0.36464 0.00206 1.26486
0.33596 0.01479 1.40342 -0.38124 0.00454 1.30579
0.31034 0.01513 1.34556 -0.37245 0.00657 1.26086
0.30237 0.01578 1.33962 -0.372 0.0069 1.25944
0.2912 0.01836 1.33311 -0.36957 0.00766 1.25799
0.22143 0.03575 1.30114 -0.35678 0.00858 1.24692
0.19747 0.04251 1.335 -0.3695 0.012 1.2803
0.15755 0.05296 1.33192 -0.3675 0.01284 1.27919
0.11347 0.06348 1.33521 -0.36106 0.01182 1.28459
-0.05395 0.05659 1.26633 -0.25664 -0.00764 1.18136
-0.19387 0.05302 1.22201 -0.17229 0.03255 1.21104
-0.21168 0.06092 1.22531 -0.12698 0.04795 1.25244
-0.21001 0.07343 1.23566 -0.25629 0.08066 1.22356
-0.19205 0.09784 1.23035 -0.24055 0.0973 1.21934
-0.14468 0.13806 1.21635 -0.29813 0.04921 1.17519
-0.09343 0.1894 1.27052 -0.33093 0.06853 1.24124
-0.00154 0.25942 1.27709 -0.35211 0.08062 1.26179
0.13668 0.28549 1.26133 -0.36572 0.07269 1.25357
0.17488 0.28555 1.27796 -0.36276 0.07357 1.27661
0.21643 0.26894 1.28391 -0.36578 0.06907 1.28453
0.24834 0.25136 1.29223 -0.36668 0.05866 1.29151
0.27342 0.22213 1.27691 -0.36306 0.04996 1.27528
0.29468 0.1955 1.27722 -0.36409 0.04178 1.27187
0.31526 0.17316 1.2956 -0.35963 0.0404 1.28826
0.36115 0.11798 1.34882 -0.36609 0.03229 1.32624
0.36149 0.09673 1.3315 -0.3628 0.02751 1.3046
0.35543 0.07431 1.29501 -0.35058 0.02529 1.26577
0.37161 0.02294 1.29786 -0.34804 0.02184 1.25223
0.37534 0.00299 1.29708 -0.34825 0.01986 1.24121
0.39686 -0.05768 1.33352 -0.35398 0.01133 1.24806
0.42187 -0.09918 1.42311 -0.37535 0.0023 1.31069
0.44021 -0.19119 1.48114 -0.38761 -0.02123 1.32477
0.44938 -0.23704 1.49998 -0.39528 -0.03804 1.31993
0.45575 -0.27819 1.51076 -0.40077 -0.0615 1.31064
0.46042 -0.31571 1.51242 -0.40465 -0.08875 1.29443
0.50049 -0.37457 1.60022 -0.4352 -0.12961 1.35498
0.52636 -0.41396 1.62534 -0.45149 -0.16866 1.36902
0.57665 -0.46938 1.73974 -0.49697 -0.21754 1.45962
0.56391 -0.47454 1.68496 -0.48233 -0.2589 1.38946
0.57972 -0.50615 1.77276 -0.50049 -0.31193 1.40863
0.59194 -0.53053 1.79512 -0.51498 -0.35968 1.42843
0.57477 -0.52774 1.7125 -0.50331 -0.38345 1.38398
0.58426 -0.55082 1.73542 -0.51867 -0.43624 1.41652
0.5914 -0.58093 1.84387 -0.54286 -0.48986 1.49417
0.6327 -0.66354 1.84222 -0.55838 -0.58826 1.59043
0.62175 -0.66274 1.81745 -0.54577 -0.60529 1.609
0.60176 -0.65078 1.75844 -0.52294 -0.61313 1.58657
0.60445 -0.65872 1.76649 -0.51943 -0.62866 1.63618
0.62165 -0.68683 1.84204 -0.53497 -0.67296 1.74331
0.60969 -0.67219 1.78219 -0.5091 -0.66145 1.71625
0.60913 -0.6695 1.7952 -0.50209 -0.66773 1.74531
0.61138 -0.67083 1.79345 -0.49478 -0.67335 1.76763
0.60757 -0.66598 1.807 -0.48931 -0.68122 1.78844
0.60737 -0.66623 1.80033 -0.48406 -0.68944 1.79682
0.60976 -0.6725 1.7911 -0.47908 -0.69334 1.82156
0.61119 -0.67441 1.79288 -0.47707 -0.69244 1.83307
0.61117 -0.67451 1.78568 -0.47388 -0.68975 1.83537
0.61176 -0.67598 1.78832 -0.47279 -0.69241 1.84337
0.61314 -0.67772 1.78885 -0.47124 -0.68986 1.85164
0.61353 -0.67896 1.79104 -0.47095 -0.68819 1.85778
]
