classifier_Car_weaves_and_bumps_into_car_25144 [ 0.56685 -0.73216 1.82807 -0.21483 -0.59011 1.89503
0.56742 -0.72952 1.82217 -0.21654 -0.58871 1.88596
0.56595 -0.72848 1.82053 -0.22065 -0.58962 1.87576
0.56987 -0.73073 1.82965 -0.21258 -0.58566 1.89085
0.57175 -0.73213 1.84013 -0.21069 -0.58366 1.89367
0.57742 -0.72994 1.84587 -0.19245 -0.57535 1.89455
0.58117 -0.7209 1.85614 -0.1765 -0.57689 1.84903
0.59555 -0.73831 1.83777 -0.18847 -0.48494 1.76867
0.5669 -0.59033 1.87617 -0.20265 -0.41583 1.75383
0.53045 -0.50366 1.79992 -0.20504 -0.32477 1.67258
0.4443 -0.31728 1.74844 -0.22482 -0.08927 1.64802
0.39075 -0.17532 1.76144 -0.27751 -0.00157 1.71069
0.35925 -0.11701 1.74104 -0.28534 -0.00684 1.69526
0.32634 -0.05568 1.72027 -0.29237 -0.03809 1.67525
0.30185 0.01738 1.74156 -0.30601 -0.09505 1.70972
0.27203 0.07335 1.70197 -0.30003 -0.14879 1.66078
0.26493 0.12355 1.78614 -0.30914 -0.18672 1.72193
0.25935 0.14757 1.81155 -0.30668 -0.17793 1.72347
0.26009 0.14456 1.84389 -0.30918 -0.13603 1.74154
0.26236 0.12061 1.86694 -0.30723 -0.06401 1.75164
0.25417 0.07871 1.80805 -0.29251 0.00831 1.70398
0.23602 -0.00109 1.74635 -0.26966 0.099 1.71417
0.23487 -0.03266 1.80491 -0.26907 0.10592 1.79003
0.22469 0.00767 1.763 -0.24032 0.04015 1.74084
0.23358 0.05022 1.77062 -0.24535 -0.01445 1.7458
0.24466 0.07627 1.77373 -0.25085 -0.04554 1.73554
0.27063 0.09855 1.88055 -0.28857 -0.06087 1.83348
0.26596 0.09947 1.77582 -0.30453 -0.04448 1.73806
0.27581 0.09627 1.77344 -0.34632 -0.01515 1.74129
0.28294 0.08777 1.75689 -0.37464 0.02946 1.7316
0.28987 0.07709 1.74115 -0.39758 0.06593 1.7243
0.30572 0.03629 1.75117 -0.44715 0.05009 1.72575
0.31059 0.02561 1.76573 -0.45935 -5E-05 1.73122
0.31187 0.01602 1.76635 -0.45681 -0.05102 1.72073
0.32225 0.00987 1.82636 -0.46996 -0.08435 1.77757
0.31284 0.00416 1.76962 -0.457 -0.08308 1.72662
0.32279 0.00188 1.82549 -0.47254 -0.07731 1.78245
0.31044 0.0017 1.75799 -0.45689 -0.06344 1.71747
0.30949 0.00288 1.75693 -0.45668 -0.05689 1.71534
0.30937 -0.00063 1.75444 -0.45856 -0.05591 1.71115
0.30999 -0.00634 1.74937 -0.45966 -0.05428 1.70769
0.31437 -0.01783 1.74765 -0.46396 -0.0591 1.7087
0.31111 -0.03286 1.66655 -0.45898 -0.07511 1.64958
0.31443 -0.01747 1.7299 -0.48261 -0.08745 1.71357
0.2926 0.02972 1.71487 -0.48252 -0.09624 1.71193
0.25491 0.07036 1.67976 -0.47327 -0.10214 1.67691
0.22361 0.08561 1.69801 -0.47521 -0.10545 1.68669
0.16451 0.17014 1.70467 -0.48119 -0.11159 1.7214
0.12721 0.18788 1.71779 -0.48236 -0.11036 1.72694
0.16076 0.12625 1.64704 -0.46096 -0.10253 1.63202
0.2072 0.09552 1.69035 -0.48043 -0.10206 1.67772
0.24203 0.05233 1.68649 -0.4801 -0.10838 1.6801
0.25483 0.023 1.6832 -0.48339 -0.11459 1.68592
0.2569 -0.02776 1.74224 -0.50333 -0.12542 1.74678
0.22522 -0.03103 1.75416 -0.50385 -0.12855 1.75208
0.18115 -0.02372 1.74158 -0.49463 -0.1286 1.73006
0.08941 0.07017 1.72709 -0.48351 -0.12506 1.72169
0.09153 0.09872 1.79271 -0.49273 -0.12578 1.76667
0.12682 0.16062 1.80922 -0.47774 -0.12285 1.75816
0.18586 0.1937 1.73884 -0.45638 -0.11565 1.68564
0.21698 0.19396 1.735 -0.45411 -0.11029 1.67297
0.24994 0.17936 1.72098 -0.44855 -0.11158 1.65542
0.32469 0.10904 1.79771 -0.4744 -0.11502 1.73505
0.3776 0.02273 1.80541 -0.47531 -0.10974 1.73226
0.37855 -0.03752 1.69956 -0.44361 -0.10337 1.62964
0.39367 -0.09537 1.71417 -0.45002 -0.10434 1.64901
0.39668 -0.13399 1.73527 -0.4527 -0.10571 1.67007
0.37956 -0.13885 1.72469 -0.44361 -0.10655 1.64462
0.38333 -0.10194 1.72424 -0.44071 -0.09614 1.63686
0.38307 -0.09656 1.70817 -0.43958 -0.09163 1.62894
0.37527 -0.10134 1.71488 -0.44099 -0.09094 1.62663
0.36497 -0.10699 1.72226 -0.44139 -0.09227 1.62694
0.35929 -0.10334 1.73812 -0.44401 -0.09222 1.63077
0.34923 -0.1048 1.74922 -0.44375 -0.09227 1.62937
0.33915 -0.10451 1.75737 -0.44163 -0.08977 1.62512
0.33133 -0.1023 1.76476 -0.44145 -0.08988 1.62751
0.3288 -0.10136 1.76904 -0.44378 -0.08744 1.62901
0.33205 -0.09594 1.76114 -0.4415 -0.08571 1.62623
0.33563 -0.09453 1.75637 -0.43906 -0.08456 1.62602
0.33884 -0.09317 1.75347 -0.43991 -0.08499 1.62714
0.34142 -0.09105 1.74606 -0.43927 -0.08414 1.62479
0.34451 -0.08845 1.74052 -0.43929 -0.08223 1.62295
0.34242 -0.08595 1.73176 -0.43751 -0.08394 1.62516
0.32256 -0.08765 1.73425 -0.4394 -0.08921 1.62386
0.22509 -0.13444 1.75222 -0.4386 -0.10487 1.62066
0.16335 -0.10656 1.74973 -0.44467 -0.10953 1.66205
0.14871 -0.10998 1.72779 -0.44007 -0.11057 1.65677
0.13111 -0.09715 1.67566 -0.43629 -0.11155 1.65057
0.1145 -0.08781 1.6209 -0.43172 -0.10787 1.6448
0.08866 -0.07677 1.5056 -0.41462 -0.10323 1.60582
0.08532 -0.07754 1.4904 -0.41245 -0.10339 1.60809
0.07815 -0.07459 1.49468 -0.4124 -0.10436 1.61651
0.06242 -0.07112 1.54354 -0.41125 -0.10558 1.62448
0.05635 -0.07643 1.65073 -0.42929 -0.11171 1.69544
0.04558 -0.08445 1.67131 -0.42351 -0.11204 1.67671
0.02733 -0.09107 1.70893 -0.42269 -0.11535 1.67253
0.01243 -0.10022 1.72505 -0.4172 -0.11643 1.65683
-0.00217 -0.10425 1.75184 -0.4168 -0.12131 1.65766
-0.01308 -0.1053 1.76873 -0.41542 -0.12696 1.65768
-0.0227 -0.103 1.77265 -0.41315 -0.12699 1.65225
-0.05879 -0.08296 1.77077 -0.41215 -0.1278 1.65719
-0.06778 -0.0733 1.75403 -0.41083 -0.12561 1.65624
-0.0722 -0.06563 1.72559 -0.41032 -0.12309 1.65651
-0.08897 -0.05552 1.68277 -0.41466 -0.11621 1.65428
-0.10159 -0.05682 1.6068 -0.42668 -0.10963 1.66553
-0.10986 -0.06479 1.58127 -0.43099 -0.10389 1.66565
-0.13064 -0.07258 1.58909 -0.43062 -0.10308 1.67472
-0.1844 -0.06193 1.56101 -0.40616 -0.10083 1.62843
-0.22346 -0.04814 1.64976 -0.4268 -0.09881 1.70175
-0.23667 0.01278 1.59855 -0.42919 -0.07172 1.67327
-0.13574 0.03678 1.6293 -0.44801 -0.06099 1.72798
-0.09822 0.06499 1.59734 -0.4522 -0.04934 1.71998
0.01034 0.08628 1.74292 -0.50981 -0.03684 1.90117
0.04084 0.07807 1.64205 -0.48198 -0.03104 1.79295
0.06473 0.06772 1.64697 -0.48104 -0.03333 1.79085
0.07356 0.05561 1.6614 -0.48062 -0.03172 1.7964
0.07631 0.04571 1.67125 -0.47672 -0.03688 1.79304
0.07326 0.04009 1.6805 -0.47475 -0.03548 1.79362
0.07521 0.03613 1.70142 -0.47355 -0.03765 1.80471
0.07514 0.03262 1.71092 -0.46681 -0.03718 1.80783
0.07569 0.03071 1.71705 -0.4651 -0.04053 1.8072
0.07788 0.02579 1.72341 -0.461 -0.04024 1.80999
0.07988 0.019 1.7177 -0.45501 -0.04061 1.80156
0.10713 -0.08072 1.66048 -0.42924 -0.06065 1.73327
0.11656 -0.13734 1.73889 -0.44832 -0.08149 1.81658
0.10689 -0.1995 1.67239 -0.42055 -0.10474 1.74818
0.11895 -0.26461 1.59672 -0.38303 -0.13817 1.65288
0.1274 -0.48191 1.65934 -0.2952 -0.29317 1.61989
0.13802 -0.63658 1.91891 -0.25835 -0.51168 1.8424
0.13605 -0.63449 1.90976 -0.21366 -0.60553 1.84072
0.13713 -0.62783 1.90491 -0.17957 -0.6476 1.85426
0.1725 -0.62711 1.82861 -0.20735 -0.631 1.87417
0.25244 -0.64206 1.83585 -0.18897 -0.5975 1.94066
0.29855 -0.62325 1.78941 -0.1916 -0.58141 1.8928
0.38731 -0.61755 1.79085 -0.19871 -0.58703 1.8989
0.44695 -0.62263 1.79192 -0.17492 -0.58908 1.85364
0.49175 -0.6191 1.7854 -0.1728 -0.57856 1.82774
0.57657 -0.69155 1.76839 -0.17422 -0.5674 1.79465
0.58328 -0.70141 1.90143 -0.18378 -0.59781 1.89299
0.5843 -0.71423 1.90398 -0.18272 -0.59637 1.89082
0.58818 -0.70728 1.77975 -0.1714 -0.56577 1.79642
0.58642 -0.71005 1.78477 -0.16991 -0.56489 1.79805
0.5867 -0.71037 1.78565 -0.17005 -0.56427 1.79719
0.58663 -0.71013 1.78709 -0.17617 -0.56947 1.78875
0.57625 -0.70833 1.78462 -0.18288 -0.57174 1.79359
0.5758 -0.71405 1.79663 -0.1697 -0.57296 1.80587
0.57201 -0.71117 1.78974 -0.1725 -0.57651 1.78766
0.57089 -0.71321 1.7979 -0.17696 -0.57862 1.79214
0.56921 -0.71293 1.79915 -0.17831 -0.57749 1.79689
0.57051 -0.71682 1.808 -0.17207 -0.5728 1.81521
0.57236 -0.71937 1.80819 -0.17224 -0.57341 1.8184
0.56745 -0.71279 1.79479 -0.17957 -0.5769 1.78979
0.5657 -0.71352 1.7923 -0.17995 -0.57619 1.79258
0.55965 -0.70771 1.78051 -0.15199 -0.58339 1.75612
]
