classifier_Car_bumps_into_monkey_20200 [ 0.78037 -0.77231 1.98387 -0.08143 -0.59081 1.80827
0.7795 -0.77036 1.98184 -0.08149 -0.59038 1.80629
0.77984 -0.77142 1.99047 -0.0824 -0.59829 1.80677
0.78013 -0.77019 1.98787 -0.08254 -0.5999 1.80384
0.77734 -0.77264 1.98235 -0.08297 -0.60237 1.80273
0.77467 -0.76898 1.98107 -0.08331 -0.60179 1.80372
0.77945 -0.76867 1.97807 -0.08492 -0.59848 1.80705
0.77455 -0.76406 1.97354 -0.08787 -0.59548 1.80944
0.7656 -0.75927 1.95738 -0.09284 -0.59232 1.81233
0.75432 -0.77343 1.96453 -0.10172 -0.58591 1.8171
0.68007 -0.69017 1.94825 -0.11348 -0.59265 1.8204
0.68146 -0.69138 1.90439 -0.1284 -0.59626 1.82896
0.61946 -0.6693 1.85289 -0.1464 -0.58866 1.79131
0.56714 -0.6345 1.94211 -0.17492 -0.58694 1.86546
0.5359 -0.62703 1.94621 -0.19107 -0.60549 1.86596
0.50539 -0.6207 1.94221 -0.205 -0.61025 1.8694
0.42794 -0.62668 1.92361 -0.24089 -0.62894 1.89094
0.41426 -0.62313 1.92295 -0.24407 -0.63292 1.89075
0.40892 -0.61579 1.92556 -0.25373 -0.63438 1.8968
0.40515 -0.60663 1.91864 -0.26638 -0.63057 1.89871
0.4089 -0.61201 1.95158 -0.3352 -0.57883 1.95316
0.41352 -0.6102 1.95535 -0.34583 -0.56964 1.95359
0.42201 -0.59472 1.95679 -0.35592 -0.55497 1.9529
0.42613 -0.58544 1.95544 -0.35822 -0.54045 1.95316
0.42975 -0.57371 1.96203 -0.3583 -0.53223 1.95997
0.42878 -0.55908 1.95845 -0.3536 -0.52232 1.95809
0.42419 -0.55028 1.96663 -0.34331 -0.5179 1.96252
0.41888 -0.53606 1.98046 -0.33046 -0.51637 1.97624
0.37814 -0.52243 2.01092 -0.29338 -0.47481 2.00807
0.35433 -0.48348 2.02655 -0.28001 -0.42886 2.01309
0.34701 -0.41067 2.00321 -0.26745 -0.37154 2.00292
0.35896 -0.38893 2.12482 -0.35179 -0.30638 2.12601
0.42975 -0.29515 2.13106 -0.37214 -0.23909 2.14227
0.43619 -0.288 2.09594 -0.37645 -0.2347 2.11345
0.42787 -0.29478 1.99124 -0.37041 -0.24553 2.00761
0.45284 -0.34363 2.04016 -0.39089 -0.29484 2.0627
0.46424 -0.39272 2.05022 -0.38652 -0.35253 2.06921
0.43609 -0.43124 1.95155 -0.35034 -0.39273 1.97109
0.42887 -0.48756 1.97114 -0.3198 -0.45064 1.98771
0.31004 -0.561 2.05816 -0.27126 -0.46494 2.03852
0.3808 -0.45175 2.03607 -0.24681 -0.43218 2.05366
0.38751 -0.44108 2.15686 -0.3087 -0.35024 2.16127
0.38514 -0.40978 2.15081 -0.28714 -0.28268 2.134
0.35523 -0.3685 1.9715 -0.24504 -0.18106 1.93444
0.35432 -0.37258 1.97022 -0.24608 -0.08706 1.89339
0.35648 -0.40218 1.9809 -0.26444 0.05982 1.8932
0.35645 -0.41816 1.99084 -0.25693 0.13481 1.89665
0.35606 -0.4295 2.00001 -0.26336 0.16552 1.89098
0.35395 -0.43917 2.00839 -0.25617 0.20411 1.88997
0.3492 -0.45494 2.03498 -0.23098 0.29754 1.9282
0.34027 -0.46828 2.0478 -0.22181 0.30141 1.92505
0.34274 -0.47716 2.06058 -0.21245 0.22202 1.89154
0.32837 -0.50892 2.09927 -0.17585 0.08883 1.87798
0.35086 -0.55712 2.28022 -0.20209 0.00163 2.03391
0.34471 -0.56311 2.27491 -0.19939 -0.01072 2.02553
0.34152 -0.56638 2.27247 -0.20258 -0.01801 2.02163
0.34531 -0.56135 2.27637 -0.2165 -0.01465 2.02836
0.34821 -0.5617 2.27836 -0.22365 -0.01566 2.03298
0.35206 -0.55918 2.27651 -0.2285 -0.01109 2.03366
0.35258 -0.55834 2.27577 -0.23253 -0.01044 2.03495
0.35254 -0.55947 2.27613 -0.23344 -0.01087 2.03605
0.35357 -0.56168 2.28049 -0.23498 -0.00985 2.03908
0.35366 -0.56139 2.282 -0.23612 -0.00973 2.03869
0.35432 -0.56398 2.28771 -0.23789 -0.00954 2.04366
0.3552 -0.56617 2.29226 -0.23965 -0.00898 2.04563
0.35662 -0.57128 2.29528 -0.24076 -0.01458 2.0465
0.35775 -0.57077 2.29595 -0.24086 -0.01472 2.04564
0.35792 -0.57363 2.29928 -0.24082 -0.01515 2.04695
0.35776 -0.57288 2.30186 -0.24094 -0.015 2.04879
0.35721 -0.57489 2.29933 -0.24182 -0.01446 2.04717
0.35742 -0.57628 2.30126 -0.24276 -0.01521 2.04974
0.35641 -0.57315 2.30065 -0.24442 -0.01565 2.04879
0.3571 -0.57309 2.29617 -0.24593 -0.02012 2.0509
0.36717 -0.54485 2.26077 -0.24698 -0.02087 2.04888
0.39191 -0.42192 2.15491 -0.24591 -0.02031 2.0426
0.41069 -0.33623 2.11855 -0.24383 -0.01961 2.0387
0.39193 -0.25233 2.03465 -0.23743 -0.01977 1.99818
0.39491 -0.16894 2.04351 -0.23932 -0.01577 2.04026
0.38635 -0.07343 2.00472 -0.23577 -0.01535 2.02758
0.35146 0.11162 1.98561 -0.23199 -0.01052 2.03018
0.35295 0.16656 1.99826 -0.23117 -0.00966 2.0354
0.34206 0.20588 1.99818 -0.22997 -0.0097 2.03387
0.32742 0.18661 1.99811 -0.23154 -0.00982 2.03672
0.31664 0.13326 1.98975 -0.23314 -0.00971 2.03437
0.31096 0.04878 1.97506 -0.23236 -0.00489 2.02116
0.29079 -0.13571 2.00207 -0.23706 -0.00453 2.03099
0.33427 -0.1952 2.15658 -0.25495 -0.00425 2.16725
0.3095 -0.17613 2.00047 -0.23713 -0.00422 2.00454
0.28809 -0.04815 1.88262 -0.22576 -0.00421 1.91161
0.31125 0.10962 1.96423 -0.23367 -0.005 2.00973
0.31664 0.16086 1.97039 -0.23236 -0.00443 2.01033
0.31595 0.17481 1.97304 -0.23018 -0.00429 2.00457
0.31337 0.07285 1.98038 -0.23337 -0.00456 2.01083
0.32034 -0.09969 1.9965 -0.23629 -0.00355 2.01043
0.33111 -0.1721 2.01198 -0.23748 -0.00374 2.00333
0.3398 -0.21398 2.03419 -0.2394 -0.00406 2.00712
0.34067 -0.21382 2.02788 -0.23899 -0.00459 1.99389
0.33989 -0.11195 2.00462 -0.24043 -0.0043 2.00355
0.34457 -0.03108 1.99924 -0.24214 -0.00369 2.02049
0.34158 0.05425 1.96933 -0.23826 0.00157 2.00597
0.34175 0.13685 1.96697 -0.23831 0.00206 2.00525
0.3449 0.2014 1.95735 -0.23562 0.00642 1.9866
0.34437 0.2526 1.95511 -0.23397 0.007 1.97273
0.3492 0.29454 1.99657 -0.23756 0.01195 2.00198
0.34999 0.31791 2.01484 -0.23992 0.01187 2.01027
0.34262 0.32807 2.02537 -0.24187 0.01148 2.01318
0.3403 0.31802 2.03225 -0.24322 0.01222 2.01296
0.35971 0.22322 2.00721 -0.24279 0.01181 1.98479
0.36187 0.17418 1.99559 -0.24225 0.01152 1.97419
0.34775 0.02722 1.99831 -0.2409 0.01168 1.96484
0.32701 -0.00289 1.96212 -0.23493 0.01057 1.92253
0.35246 -0.02581 2.14787 -0.2565 0.00639 2.10148
0.30943 -0.03949 1.95117 -0.2308 0.00365 1.90459
0.32351 -0.04015 2.04372 -0.24152 0.00071 1.99503
0.33386 -0.03359 2.0621 -0.24366 -0.00188 2.01424
0.22432 -0.0422 2.02707 -0.23914 -0.00217 1.97829
0.22624 -0.03436 2.02938 -0.23906 -0.00229 1.9786
0.22595 -0.02967 2.02646 -0.23987 -0.00634 1.97808
0.22552 -0.0273 2.02405 -0.23978 -0.00679 1.97779
0.22707 -0.01785 2.02095 -0.23993 -0.00701 1.97821
0.23443 -0.01217 2.02965 -0.24168 -0.00647 1.98887
0.23052 -0.01096 2.02268 -0.24173 -0.00652 1.98421
0.37107 -0.00209 2.16114 -0.25968 -0.00683 2.12481
0.36265 -0.00094 2.15295 -0.26111 -0.00644 2.12477
0.32494 -0.00073 2.02277 -0.2464 -0.00576 2.00172
0.28075 0.00254 2.00306 -0.24227 -0.00689 1.99782
0.26572 -0.00101 2.00525 -0.24011 -0.01037 2.00665
0.24788 -0.00717 1.97046 -0.23051 -0.01224 1.98382
0.21761 -0.01029 1.94783 -0.2179 -0.0177 1.97229
0.17595 -0.00697 1.94818 -0.19889 -0.01815 1.98111
0.0006 0.0374 1.93151 -0.18484 -0.03861 1.94543
-0.06122 0.08078 1.89778 -0.18557 -0.04186 1.9077
0.02495 0.17025 1.77868 -0.20591 0.05113 1.79348
0.09855 0.18699 1.94929 -0.24118 0.06367 1.98052
0.12195 0.22043 1.85341 -0.2403 0.07266 1.88049
0.15176 0.25039 1.86909 -0.25173 0.08275 1.89202
0.21188 0.29549 1.9028 -0.27047 0.08896 1.90968
0.23266 0.30632 1.90528 -0.27403 0.09027 1.90086
0.25592 0.31561 1.92041 -0.27938 0.08945 1.90391
0.28096 0.30819 1.92569 -0.2831 0.08938 1.90609
0.30796 0.29182 1.92752 -0.28456 0.08763 1.90745
0.33186 0.28201 1.93315 -0.28573 0.08395 1.90865
0.34822 0.26612 1.90674 -0.28239 0.08308 1.88239
0.41651 0.18962 1.89509 -0.28316 0.06802 1.87065
0.42426 0.16843 1.86554 -0.28103 0.05129 1.84434
0.48794 0.07739 1.90361 -0.29056 0.02916 1.87853
0.50887 0.02865 1.891 -0.29063 0.01914 1.86385
0.5254 -0.01659 1.87715 -0.28964 0.0045 1.84799
0.56147 -0.08197 1.91039 -0.29534 -0.01515 1.87602
0.60521 -0.19969 1.88001 -0.29222 -0.05553 1.86249
0.63302 -0.2697 1.90977 -0.29168 -0.08225 1.86756
0.67343 -0.34275 1.94814 -0.29069 -0.07487 1.85179
0.75933 -0.44565 2.07253 -0.29883 -0.17037 1.99829
0.76547 -0.49062 2.06288 -0.28415 -0.20406 1.95979
0.77265 -0.53448 2.10095 -0.26594 -0.2669 1.97468
0.76572 -0.56355 2.08338 -0.23884 -0.31614 1.93679
0.77918 -0.6511 1.99587 -0.17291 -0.4292 1.83654
0.80628 -0.6872 2.00571 -0.15649 -0.45042 1.82531
0.77861 -0.73109 2.00469 -0.14236 -0.47705 1.82218
0.76328 -0.73117 1.94917 -0.11409 -0.62401 1.77248
0.7803 -0.75849 1.99575 -0.11822 -0.55808 1.87085
0.78172 -0.7653 1.99267 -0.11162 -0.57295 1.8621
0.75174 -0.74164 1.92215 -0.0767 -0.63423 1.67372
0.77057 -0.76392 1.97668 -0.09561 -0.60736 1.7868
0.77762 -0.77005 1.97852 -0.09458 -0.60867 1.79434
0.7426 -0.7647 2.00072 -0.0949 -0.60892 1.7998
0.77599 -0.77279 1.99213 -0.09512 -0.61108 1.8015
0.78326 -0.77759 2.00203 -0.09642 -0.61341 1.80989
0.77384 -0.7664 1.97179 -0.08568 -0.6274 1.74892
0.77651 -0.769 1.97585 -0.08429 -0.62979 1.74803
0.79406 -0.78474 2.01535 -0.09506 -0.62163 1.80939
0.78308 -0.77219 1.98005 -0.08802 -0.63122 1.75223
0.79705 -0.78561 2.01327 -0.09608 -0.62389 1.80616
0.79751 -0.78619 2.01342 -0.09659 -0.62291 1.80633
0.79508 -0.78658 2.01294 -0.09696 -0.62347 1.80487
0.78299 -0.77356 1.97924 -0.08822 -0.63292 1.74661
0.79536 -0.7874 2.01049 -0.09543 -0.62406 1.80332
0.79619 -0.78717 2.01083 -0.09642 -0.62325 1.80339
0.79533 -0.78746 2.00917 -0.09631 -0.62331 1.8034
]
