classifier_Monkey_jumps_on_monkey_17382 [ 0.46357 -0.67473 1.74517 -0.03799 -0.56016 1.76766
0.46412 -0.67702 1.74852 -0.03679 -0.56107 1.7709
0.45916 -0.67085 1.72376 -0.03923 -0.55593 1.74947
0.47588 -0.69521 1.7876 -0.03905 -0.57706 1.814
0.47055 -0.68666 1.7676 -0.03814 -0.56761 1.79151
0.47599 -0.69119 1.77584 -0.03994 -0.57413 1.80427
0.4889 -0.7001 1.79848 -0.04802 -0.58442 1.82187
0.48992 -0.69415 1.79583 -0.04795 -0.56819 1.81601
0.46215 -0.6177 1.92581 -0.06532 -0.55386 1.85308
0.47733 -0.58794 2.0998 -0.11674 -0.55577 1.99642
0.47635 -0.56848 2.14035 -0.16429 -0.54398 2.02975
0.43365 -0.58518 2.04207 -0.21405 -0.50336 1.98331
0.41226 -0.55027 2.02716 -0.26348 -0.48131 1.9504
0.4079 -0.56015 2.09569 -0.31665 -0.49756 2.00785
0.41401 -0.58465 2.13256 -0.38691 -0.52121 2.06992
0.4554 -0.5633 2.26876 -0.42449 -0.54522 2.21043
0.43863 -0.57385 2.20928 -0.42127 -0.52974 2.18467
0.479 -0.56878 2.37116 -0.45623 -0.52925 2.35
0.46601 -0.5612 2.37934 -0.49318 -0.49552 2.3666
0.48439 -0.53783 2.37783 -0.48918 -0.49269 2.37209
0.45142 -0.54631 2.38956 -0.48459 -0.49047 2.37004
0.43183 -0.54732 2.28027 -0.43889 -0.48544 2.25096
0.48494 -0.54945 2.31864 -0.43338 -0.53605 2.29202
0.49275 -0.5801 2.38631 -0.51033 -0.50259 2.38132
0.48417 -0.56948 2.38399 -0.48364 -0.51414 2.38157
0.44566 -0.51324 2.36712 -0.4739 -0.49419 2.37237
0.47909 -0.50672 2.36304 -0.47699 -0.49767 2.37297
0.47451 -0.5039 2.32597 -0.44388 -0.49877 2.33363
0.45375 -0.48619 2.23207 -0.43695 -0.46464 2.21361
0.39352 -0.48774 2.14161 -0.41562 -0.43217 2.09563
0.3935 -0.49205 2.16519 -0.41308 -0.40105 2.07604
0.34777 -0.46147 1.99628 -0.344 -0.23016 1.84686
0.39256 -0.48054 2.14103 -0.36656 -0.17228 1.99549
0.40497 -0.51259 2.23183 -0.37965 -0.13572 2.11656
0.40266 -0.51495 2.23523 -0.36951 -0.10152 2.13162
0.29238 -0.51224 2.12882 -0.34717 -0.07444 2.02391
0.26888 -0.53118 2.15104 -0.34392 -0.07451 2.02883
0.30941 -0.55672 2.19379 -0.34639 -0.08265 2.06602
0.31057 -0.5643 2.18818 -0.33813 -0.09637 2.05319
0.24416 -0.55087 2.06949 -0.31414 -0.10982 1.94987
0.25121 -0.54688 2.04724 -0.29324 -0.17855 1.92653
0.24991 -0.54944 2.05077 -0.29022 -0.18674 1.92198
0.24778 -0.55276 2.04132 -0.28949 -0.18987 1.91231
0.24604 -0.55003 2.03 -0.2891 -0.18577 1.89902
0.24923 -0.55662 2.04172 -0.29437 -0.18227 1.91361
0.25181 -0.55615 2.03311 -0.29743 -0.17713 1.91226
0.36605 -0.55957 2.15687 -0.31555 -0.18196 2.00823
0.35777 -0.54736 2.15964 -0.31722 -0.17958 2.01005
0.42692 -0.53921 2.20822 -0.32487 -0.18794 2.0457
0.35617 -0.54271 2.09199 -0.31041 -0.18165 1.96229
0.40888 -0.55296 2.22437 -0.32462 -0.19101 2.06343
0.43471 -0.5517 2.26382 -0.32624 -0.19166 2.0867
0.42627 -0.54284 2.25733 -0.31985 -0.18836 2.06064
0.42187 -0.52085 2.27599 -0.31817 -0.1879 2.06356
0.40219 -0.50084 2.29435 -0.31534 -0.18706 2.05348
0.42414 -0.46438 2.26446 -0.30842 -0.18398 2.02386
0.40651 -0.48446 2.29704 -0.31065 -0.18635 2.04517
0.41593 -0.50867 2.28907 -0.30873 -0.18489 2.04044
0.42993 -0.53438 2.29024 -0.30825 -0.18563 2.04277
0.43875 -0.52136 2.33775 -0.31207 -0.18708 2.07282
0.41889 -0.50226 2.32044 -0.30995 -0.18506 2.063
0.38362 -0.48218 2.22416 -0.30278 -0.18028 2.01605
0.40345 -0.43429 2.15228 -0.29796 -0.17617 1.99321
0.40729 -0.41018 2.1111 -0.298 -0.17534 2.00055
0.39259 -0.36113 2.01831 -0.29135 -0.17077 1.96724
0.38055 -0.29258 1.94757 -0.28487 -0.16694 1.93605
0.36441 -0.22639 1.92099 -0.28293 -0.16518 1.92492
0.3612 -0.1719 1.97011 -0.28911 -0.16762 1.97421
0.33748 -0.0974 2.01622 -0.2922 -0.16599 2.00967
0.32457 -0.07696 2.0194 -0.29183 -0.16453 2.01098
0.31415 -0.06693 2.00903 -0.28951 -0.16324 2.00295
0.30315 -0.06945 1.99333 -0.28692 -0.16425 1.9914
0.28677 -0.08788 1.97401 -0.28155 -0.16497 1.97844
0.26098 -0.12034 1.93337 -0.27214 -0.16582 1.94032
0.23291 -0.15789 1.9133 -0.26606 -0.17171 1.92348
0.22431 -0.20224 2.00784 -0.2766 -0.18475 2.02394
0.20966 -0.21983 1.95658 -0.26925 -0.18662 1.9786
0.20534 -0.2255 1.98176 -0.27161 -0.1876 2.00124
0.20091 -0.21689 1.9575 -0.26723 -0.18276 1.97517
0.19801 -0.21056 1.95164 -0.26606 -0.18098 1.96826
0.19798 -0.21008 1.97685 -0.26822 -0.18082 1.99695
0.18682 -0.20418 1.92589 -0.26058 -0.17621 1.9509
0.18238 -0.20417 1.94143 -0.26074 -0.17741 1.97061
0.179 -0.20018 1.96898 -0.26105 -0.18025 2.00104
0.17373 -0.18612 1.96662 -0.25778 -0.17987 2.0013
0.15761 -0.15024 1.86478 -0.24211 -0.1715 1.90436
0.15473 -0.12189 1.89728 -0.24343 -0.17325 1.94224
0.14822 -0.08522 1.91245 -0.24324 -0.17571 1.9607
0.13293 -0.03806 1.90619 -0.23947 -0.17425 1.95588
0.11566 0.00206 1.90522 -0.23616 -0.17513 1.95378
0.09969 0.02554 1.86701 -0.22732 -0.17119 1.90951
0.06828 0.0692 1.90291 -0.22915 -0.17573 1.94315
0.05363 0.07267 1.90345 -0.22515 -0.17758 1.93356
0.01049 0.10551 1.90196 -0.22116 -0.17746 1.92174
-0.09436 0.11866 1.93952 -0.21384 -0.18467 1.9213
-0.11704 0.09606 1.90842 -0.2078 -0.18448 1.87953
-0.1476 0.06826 1.9243 -0.20618 -0.18863 1.88471
-0.1762 0.02924 1.92342 -0.20287 -0.19333 1.86904
-0.19955 -0.03715 1.98307 -0.20757 -0.211 1.92289
-0.21439 -0.09765 1.95995 -0.1995 -0.1956 1.87972
-0.22625 -0.1404 2.02483 -0.19939 -0.22726 1.94038
-0.1964 -0.21007 1.9311 -0.19646 -0.24016 1.91659
-0.18745 -0.23308 1.90913 -0.19723 -0.24681 1.91869
-0.18547 -0.2408 1.90519 -0.19626 -0.2438 1.91589
-0.18435 -0.24117 1.90404 -0.18664 -0.24057 1.88484
-0.18564 -0.24175 1.90826 -0.18617 -0.24144 1.88524
-0.18961 -0.23476 1.91957 -0.18467 -0.2431 1.88728
-0.18028 -0.212 1.84657 0.01168 -0.23821 1.8989
-0.22089 -0.20888 1.88096 0.0115 -0.2455 1.94562
-0.22076 -0.20835 1.87043 0.01096 -0.24561 1.93428
-0.21846 -0.20537 1.86322 0.02174 -0.24946 1.92709
-0.20434 -0.21525 1.93053 0.01907 -0.25994 1.99851
-0.1524 -0.24815 1.89014 -0.12828 -0.20045 1.93831
-0.12829 -0.23676 1.87936 -0.20167 -0.17358 1.88185
-0.11207 -0.2347 1.8624 -0.14172 -0.2833 1.82549
-0.09803 -0.24554 1.80356 -0.12533 -0.30865 1.78877
-0.06342 -0.23154 1.72945 -0.08561 -0.25904 1.73136
-0.01662 -0.26231 1.66811 -0.02696 -0.26086 1.66614
0.1676 -0.41359 1.59029 -0.07271 -0.51259 1.75968
0.30812 -0.526 1.68536 -0.0616 -0.57684 1.8676
0.3283 -0.52808 1.60128 -0.05155 -0.54824 1.7588
0.37893 -0.56067 1.60371 -0.04395 -0.54609 1.76069
0.4082 -0.61899 1.8385 -0.04492 -0.58089 1.86841
0.40774 -0.61241 1.69876 -0.03936 -0.54797 1.75833
0.45272 -0.64697 1.72215 -0.04136 -0.55987 1.78854
0.46039 -0.70722 1.75218 -0.04299 -0.58158 1.83494
0.46465 -0.71077 1.75278 -0.0439 -0.58181 1.83426
0.46866 -0.71326 1.75892 -0.04313 -0.58208 1.83294
0.46284 -0.65983 1.84745 -0.04326 -0.57822 1.81511
0.44568 -0.6318 1.81234 -0.04103 -0.55915 1.75935
0.46205 -0.65547 1.79585 -0.04092 -0.56576 1.77368
0.45882 -0.65773 1.80547 -0.04051 -0.56698 1.77969
0.46367 -0.67475 1.85033 -0.04199 -0.58219 1.82381
0.45853 -0.67222 1.84129 -0.04307 -0.58121 1.8151
0.44664 -0.65622 1.79452 -0.04159 -0.56575 1.77112
0.4455 -0.65446 1.79262 -0.04061 -0.56572 1.76712
0.44887 -0.6401 1.93835 -0.04253 -0.59014 1.847
0.44995 -0.66841 1.80183 -0.0407 -0.57018 1.78359
0.44516 -0.6577 1.78504 -0.04126 -0.56276 1.76355
0.44533 -0.65853 1.7874 -0.04211 -0.56358 1.76564
0.44467 -0.66163 1.78415 -0.04254 -0.56425 1.76646
0.46325 -0.68844 1.85672 -0.04318 -0.58907 1.83949
0.44258 -0.66393 1.7688 -0.04893 -0.56944 1.75503
0.43921 -0.65849 1.75238 -0.04458 -0.55793 1.74253
]
