classifier_Man_bumps_into_fence_20215 [ 0.75332 -0.79033 1.9153 -0.22129 -0.68993 1.79445
0.74827 -0.79229 1.92033 -0.22086 -0.68994 1.79416
0.74597 -0.79024 1.91668 -0.14022 -0.64497 1.76863
0.7571 -0.79045 1.91358 -0.21655 -0.68554 1.79082
0.74676 -0.79077 1.91868 -0.2167 -0.68632 1.79315
0.74129 -0.78944 1.91701 -0.217 -0.68506 1.79021
0.74203 -0.79172 1.92732 -0.21667 -0.68567 1.78977
0.7474 -0.80494 1.95599 -0.21745 -0.68512 1.78679
0.75159 -0.82652 2.02781 -0.21448 -0.67984 1.78665
0.75351 -0.84251 2.05821 -0.21729 -0.68055 1.78575
0.7525 -0.84427 2.01374 -0.21854 -0.67888 1.7859
0.61561 -0.64569 1.84229 -0.1597 -0.66292 1.70324
0.56573 -0.6438 1.84896 -0.13432 -0.62997 1.76402
0.50407 -0.63211 1.83755 -0.13356 -0.62948 1.76616
0.43885 -0.60615 1.85452 -0.13343 -0.63058 1.77205
0.36873 -0.62355 1.88073 -0.13425 -0.6332 1.78174
0.27727 -0.65954 1.81125 -0.13311 -0.62845 1.77208
0.26897 -0.67015 1.80501 -0.13302 -0.62368 1.77872
0.26589 -0.5866 1.91945 -0.13728 -0.62997 1.80824
0.24717 -0.59105 1.92434 -0.15323 -0.61424 1.84784
0.22618 -0.58623 1.89034 -0.14107 -0.62498 1.81092
0.21728 -0.59113 1.87689 -0.14009 -0.62251 1.80549
0.21754 -0.59688 1.88821 -0.15039 -0.61549 1.84103
0.21783 -0.59501 1.89047 -0.15945 -0.60563 1.85474
0.21791 -0.58345 1.90138 -0.1619 -0.60095 1.86264
0.20332 -0.54968 1.92249 -0.17162 -0.54126 1.87758
0.22322 -0.47588 1.89826 -0.17495 -0.48946 1.8395
0.18471 -0.4386 1.8687 -0.19287 -0.43229 1.81962
0.2016 -0.37633 1.84821 -0.1849 -0.3768 1.78627
0.17015 -0.33903 1.93946 -0.17995 -0.33671 1.86901
0.02436 -0.1343 1.74208 -0.04001 -0.12907 1.718
0.01155 -0.09048 1.74528 -0.04214 -0.08691 1.7321
0.01422 -0.05791 1.75114 -0.04421 -0.04593 1.74422
0.0192 -0.02788 1.7723 -0.05146 -0.01957 1.76897
-0.02122 0.02324 1.72502 -0.02694 -2E-05 1.71992
-0.01907 0.03032 1.77689 -0.00771 0.01094 1.77274
-0.03355 0.03495 1.7343 0.09448 0.01117 1.73733
-0.01103 0.03212 1.79115 -0.0104 0.02609 1.78884
-0.01765 0.0348 1.78712 -0.01021 0.02727 1.78565
-0.03031 0.04239 1.70721 0.11924 0.02174 1.72442
0.0363 0.03768 1.76233 -0.07238 0.0738 1.74723
0.11045 0.03612 1.89515 -0.16409 0.04056 1.8796
0.20085 0.0209 1.73423 -0.19219 0.03419 1.71419
0.24448 0.01301 1.73799 -0.26682 0.01121 1.73466
0.29124 -0.00153 1.69591 -0.29506 0.00216 1.69039
0.32811 -0.01667 1.71094 -0.34168 -0.02534 1.71928
0.35603 -0.03539 1.70219 -0.36511 -0.04512 1.7132
0.38657 -0.055 1.74615 -0.39455 -0.06731 1.7621
0.40561 -0.07682 1.75491 -0.41353 -0.09238 1.77689
0.4154 -0.09702 1.76285 -0.42456 -0.11173 1.78691
0.42229 -0.11382 1.73947 -0.42122 -0.12147 1.75696
0.45323 -0.13312 1.85003 -0.44861 -0.1369 1.86561
0.44246 -0.13413 1.76182 -0.42538 -0.13436 1.76979
0.40687 -0.12558 1.65389 -0.40044 -0.12702 1.66911
0.43343 -0.13652 1.72802 -0.41353 -0.13229 1.73595
0.42665 -0.13481 1.7082 -0.40647 -0.13037 1.7162
0.4483 -0.14253 1.77379 -0.41803 -0.13595 1.77636
0.40952 -0.1325 1.62436 -0.37906 -0.12542 1.62566
0.4512 -0.15232 1.80767 -0.40566 -0.13478 1.81022
0.439 -0.15181 1.7889 -0.38268 -0.13119 1.8146
0.43322 -0.15431 1.77524 -0.33188 -0.07781 1.74934
0.43358 -0.15594 1.78544 -0.32198 -0.07858 1.74067
0.42586 -0.15651 1.7674 -0.30984 -0.08357 1.70188
0.42932 -0.15767 1.78708 -0.30732 -0.09408 1.7018
0.42016 -0.15611 1.75314 -0.29925 -0.10634 1.62927
0.41043 -0.15639 1.70928 -0.28964 -0.11228 1.58434
0.47309 -0.18216 1.94401 -0.32961 -0.13271 1.7935
0.42015 -0.16364 1.7378 -0.29607 -0.11988 1.60455
0.4534 -0.17979 1.86512 -0.31794 -0.13024 1.72201
0.45652 -0.18377 1.89875 -0.32469 -0.13546 1.7578
0.44079 -0.18067 1.83724 -0.31454 -0.13332 1.70197
0.42468 -0.17559 1.79198 -0.30741 -0.1322 1.66844
0.43065 -0.17645 1.82535 -0.31423 -0.13615 1.70251
0.41681 -0.16541 1.79517 -0.31092 -0.13707 1.69117
0.41727 -0.15204 1.81285 -0.31617 -0.14036 1.72074
0.40584 -0.11979 1.79529 -0.31603 -0.14113 1.71982
0.38245 -0.05626 1.78692 -0.31487 -0.14113 1.71803
0.35802 0.01206 1.7713 -0.31096 -0.13769 1.70295
0.33102 0.09131 1.77528 -0.30937 -0.13679 1.70576
0.30878 0.15958 1.78116 -0.30746 -0.13609 1.71331
0.27906 0.2324 1.79848 -0.30752 -0.13437 1.72316
0.18398 0.39763 1.81086 -0.29768 -0.13065 1.69327
0.19893 0.38261 1.87756 -0.31074 -0.13409 1.75325
0.18921 0.38471 1.88394 -0.31022 -0.13393 1.75108
0.15272 0.43697 1.92304 -0.31184 -0.13372 1.75065
0.16435 0.40482 1.92394 -0.31534 -0.13561 1.75156
0.15459 0.41088 1.94631 -0.31714 -0.13646 1.75147
0.21176 0.27292 1.91668 -0.32257 -0.13882 1.7612
0.23104 0.16421 1.91271 -0.32661 -0.13917 1.76292
0.23411 0.09615 1.85872 -0.31862 -0.13662 1.71472
0.23329 0.06235 1.85567 -0.31968 -0.13611 1.7096
0.25817 -0.06134 1.92003 -0.33213 -0.13872 1.75123
0.27873 -0.11454 2.04191 -0.35152 -0.14792 1.84931
0.24516 -0.1182 1.78724 -0.30602 -0.13014 1.61325
0.24304 -0.12501 1.79324 -0.30412 -0.13042 1.60939
0.24346 -0.12968 1.80155 -0.30249 -0.13119 1.61066
0.24577 -0.13224 1.80583 -0.30045 -0.1322 1.61108
0.24918 -0.12975 1.79718 -0.29747 -0.13142 1.60503
0.25463 -0.12931 1.79683 -0.29619 -0.13042 1.60601
0.28672 -0.08058 1.92513 -0.32253 -0.1404 1.76151
0.33628 -0.1377 2.0735 -0.34711 -0.15071 1.88575
0.36797 -0.13547 2.05625 -0.34807 -0.15098 1.89197
0.38293 -0.13562 2.04576 -0.34856 -0.15096 1.89401
0.39522 -0.13279 2.03039 -0.34889 -0.15029 1.88751
0.40407 -0.13129 2.0165 -0.34823 -0.14933 1.88283
0.40963 -0.13031 2.00686 -0.34794 -0.14918 1.87901
0.41294 -0.12969 2.00263 -0.34894 -0.14797 1.87808
0.41087 -0.12992 1.99874 -0.34779 -0.1519 1.87929
0.40833 -0.12984 1.99713 -0.34894 -0.15333 1.87853
0.406 -0.12955 1.99475 -0.34786 -0.1532 1.87828
0.40541 -0.12962 1.99402 -0.34701 -0.15399 1.87812
0.40611 -0.13313 1.99469 -0.34693 -0.15475 1.87856
0.4067 -0.13393 1.99441 -0.34657 -0.15441 1.87936
0.4093 -0.13262 1.99266 -0.34763 -0.15416 1.87866
0.40776 -0.13447 1.98846 -0.34617 -0.15553 1.88052
0.36692 -0.15161 1.99279 -0.34201 -0.15824 1.90719
0.32114 -0.16523 1.98094 -0.33012 -0.1582 1.9062
0.25824 -0.1851 1.96739 -0.30872 -0.15502 1.90909
0.20268 -0.22628 2.06501 -0.28995 -0.17214 2.02849
-0.09015 -0.13659 1.73742 -0.15915 -0.12813 1.69515
-0.10473 -0.11335 1.74029 -0.08633 -0.07757 1.73412
-0.10899 -0.08671 1.75198 -0.08216 -0.02943 1.72613
-0.01692 -0.05609 1.8559 -0.2745 0.00988 1.75585
0.03814 -0.00482 2.04215 -0.31818 -0.00796 2.10535
0.08139 0.06848 1.80356 -0.32686 0.02519 1.88036
0.13613 0.08954 1.80006 -0.36096 0.04511 1.88395
0.21704 0.11186 1.73026 -0.38478 0.05257 1.8031
0.30935 0.11343 1.77392 -0.41823 0.02907 1.82869
0.33103 0.10673 1.78413 -0.4236 0.01739 1.8285
0.3503 0.09384 1.78857 -0.42654 0.00494 1.82687
0.38825 0.0973 1.80214 -0.42244 -0.04673 1.83727
0.39686 0.02338 1.80513 -0.42351 -0.05286 1.83325
0.40407 0.01911 1.80712 -0.42381 -0.05803 1.83213
0.40746 0.01827 1.80208 -0.42172 -0.06305 1.82199
0.41526 0.003 1.81376 -0.42308 -0.06904 1.83019
0.41805 -0.01848 1.80772 -0.41847 -0.07607 1.81768
0.42378 -0.02824 1.80751 -0.41519 -0.08261 1.81262
0.41906 -0.04098 1.75809 -0.42728 -0.07545 1.70832
0.44359 -0.06182 1.81726 -0.40379 -0.10831 1.81313
0.46174 -0.08884 1.82337 -0.3968 -0.12451 1.8161
0.48288 -0.14363 1.83473 -0.38458 -0.14884 1.81937
0.50818 -0.18432 1.83073 -0.36738 -0.18262 1.81691
0.52176 -0.23199 1.77844 -0.33925 -0.21013 1.75961
0.56145 -0.29227 1.81196 -0.32652 -0.25179 1.78629
0.65676 -0.43262 1.9586 -0.30166 -0.35362 1.90706
0.67272 -0.558 1.92764 -0.23479 -0.4615 1.80073
0.71916 -0.60162 1.83634 -0.16032 -0.64344 1.7069
0.7197 -0.63694 1.86293 -0.16174 -0.63222 1.73469
0.73119 -0.66566 1.90009 -0.14249 -0.61367 1.79345
0.74236 -0.68838 1.92582 -0.13753 -0.61755 1.82028
0.73894 -0.74227 1.95546 -0.12509 -0.6287 1.78997
0.75168 -0.76001 1.9702 -0.12692 -0.6242 1.81668
0.75388 -0.76322 1.94453 -0.12499 -0.62267 1.79778
0.74981 -0.76425 1.94283 -0.12475 -0.62326 1.79558
0.74972 -0.76188 1.92704 -0.12341 -0.62094 1.78736
0.75361 -0.76667 1.93761 -0.12392 -0.62553 1.79973
0.75778 -0.76748 1.93069 -0.12347 -0.6257 1.79791
0.75114 -0.76001 1.9098 -0.22595 -0.67975 1.78101
0.75315 -0.76119 1.90946 -0.22524 -0.6802 1.78253
0.7547 -0.76476 1.91278 -0.22705 -0.68303 1.7882
0.76312 -0.77245 1.92688 -0.12342 -0.6296 1.79696
0.76786 -0.77167 1.9216 -0.12448 -0.62881 1.79574
0.76534 -0.76966 1.91742 -0.22845 -0.68294 1.80071
0.77022 -0.77352 1.92485 -0.12782 -0.63081 1.79778
0.76788 -0.77207 1.91901 -0.22929 -0.68431 1.8053
0.7701 -0.77439 1.92566 -0.12863 -0.63067 1.79957
0.77312 -0.77486 1.92578 -0.12847 -0.6304 1.80112
0.77274 -0.77413 1.92389 -0.12803 -0.62979 1.80011
0.77443 -0.7758 1.92593 -0.12846 -0.63063 1.80199
0.77308 -0.77555 1.92574 -0.12919 -0.63038 1.80283
0.76631 -0.76958 1.9067 -0.23525 -0.6998 1.7834
0.7665 -0.77054 1.9065 -0.23262 -0.69489 1.78547
0.76793 -0.77854 1.92382 -0.13033 -0.63037 1.80025
0.76562 -0.77662 1.91855 -0.22706 -0.68372 1.80208
0.76391 -0.7778 1.91477 -0.22758 -0.68284 1.80136
0.76359 -0.77756 1.91687 -0.22789 -0.68394 1.80286
0.73387 -0.78878 1.92333 -0.2269 -0.68329 1.80197
0.74167 -0.78321 1.92413 -0.22695 -0.68343 1.80297
0.75539 -0.78127 1.9258 -0.13109 -0.63078 1.80433
0.75429 -0.77815 1.91758 -0.22761 -0.683 1.80407
]
