classifier_Monkey_goes_to_man_17597 [ 0.65668 -0.74878 1.82829 -0.06034 -0.69294 1.89736
0.65849 -0.74974 1.82836 -0.05586 -0.72917 1.87218
0.65753 -0.74966 1.82704 -0.05273 -0.7283 1.87205
0.65678 -0.74785 1.83033 -0.06938 -0.67767 1.91354
0.657 -0.74898 1.82536 -0.04373 -0.72462 1.87237
0.64471 -0.73581 1.83508 -0.04545 -0.72363 1.87018
0.64705 -0.73154 1.85095 -0.04622 -0.72171 1.86905
0.65144 -0.72963 1.86664 -0.04627 -0.71896 1.86469
0.67591 -0.68652 1.74676 -0.05955 -0.6728 1.81878
0.57412 -0.61455 1.82992 -0.01791 -0.62564 1.8177
0.55607 -0.60059 1.83572 -0.03934 -0.53478 1.80391
0.52146 -0.58067 1.81634 -0.04063 -0.43098 1.74514
0.51717 -0.57127 1.82778 -0.04673 -0.32301 1.7437
0.49983 -0.56638 1.81302 -0.04938 -0.1973 1.70485
0.47308 -0.55377 1.74133 -0.06449 -0.08217 1.64492
0.45953 -0.56534 1.7617 -0.11171 -0.03994 1.71607
0.38373 -0.63897 1.74756 -0.08598 0.07523 1.64094
0.41132 -0.57203 1.70659 -0.07583 0.16667 1.63874
0.39765 -0.56121 1.67516 -0.07885 0.1893 1.60396
0.38778 -0.55941 1.66001 -0.12963 -0.03953 1.6753
0.33452 -0.62349 1.6429 -0.1056 -0.07845 1.7998
0.32675 -0.617 1.64498 -0.04376 0.24408 1.57225
0.34118 -0.62117 1.68819 -0.03191 0.23937 1.58911
0.35648 -0.64168 1.74089 -0.02843 0.15164 1.67129
0.34624 -0.64503 1.72385 -0.0583 0.07143 1.69941
0.35994 -0.60446 1.75825 -0.12599 0.06966 1.67888
0.37101 -0.6172 1.78695 -0.27268 -0.06877 1.76009
0.38658 -0.64197 1.82772 -0.32056 -0.12734 1.86165
0.36229 -0.60277 1.69822 -0.3354 -0.11362 1.75453
0.35892 -0.60183 1.68612 -0.36787 -0.09653 1.76507
0.3756 -0.64095 1.80324 -0.43267 -0.06421 1.9035
0.37551 -0.64233 1.8212 -0.41227 -0.10435 1.86333
0.37225 -0.63737 1.81262 -0.38674 -0.14245 1.83177
0.32042 -0.64604 1.65471 -0.32401 -0.17731 1.76998
0.38861 -0.59983 1.82216 -0.3271 -0.17755 1.80492
0.40184 -0.60683 1.76197 -0.33237 -0.16148 1.80293
0.44323 -0.47833 1.84889 -0.3383 -0.1549 1.81638
0.43784 -0.39427 1.73325 -0.32762 -0.15005 1.76159
0.44292 -0.2969 1.82146 -0.34363 -0.15448 1.84879
0.41278 -0.14714 1.74699 -0.32775 -0.1482 1.77575
0.40993 -0.04026 1.85498 -0.34042 -0.15329 1.8633
0.41398 -0.05988 1.86434 -0.34381 -0.15424 1.87132
0.38009 -0.1123 1.7652 -0.32671 -0.14668 1.77185
0.40925 -0.13228 1.88227 -0.34349 -0.15569 1.86535
0.39003 -0.15235 1.93104 -0.34503 -0.15724 1.87644
0.41773 -0.18818 1.94329 -0.34231 -0.15767 1.87489
0.41323 -0.21735 1.92631 -0.33965 -0.15715 1.86095
0.41531 -0.2375 1.96019 -0.34194 -0.15839 1.87021
0.40578 -0.20074 1.92988 -0.33465 -0.15225 1.83143
0.41269 -0.15646 1.94856 -0.34033 -0.15493 1.86158
0.42055 -0.17572 1.91223 -0.34294 -0.15565 1.86302
0.43559 -0.2009 1.89753 -0.34026 -0.15568 1.83688
0.43016 -0.19008 1.90186 -0.33993 -0.1577 1.83566
0.41321 -0.16599 1.83969 -0.32968 -0.14948 1.77927
0.41432 -0.15571 1.82926 -0.32871 -0.14833 1.77652
0.38622 -0.13242 1.68073 -0.30338 -0.13485 1.63979
0.39477 -0.1236 1.71508 -0.30856 -0.13534 1.6761
0.39206 -0.1137 1.70396 -0.30513 -0.13131 1.66935
0.39823 -0.10678 1.7139 -0.30484 -0.1286 1.68436
0.41314 -0.1023 1.77135 -0.31217 -0.12673 1.74685
0.40319 -0.09944 1.72019 -0.30283 -0.1204 1.70101
0.39848 -0.09944 1.70803 -0.3026 -0.11941 1.69832
0.40128 -0.09459 1.72629 -0.30648 -0.12049 1.72137
0.39984 -0.08915 1.73441 -0.30878 -0.12138 1.73418
0.38149 -0.07579 1.77395 -0.31564 -0.12517 1.78584
0.39388 -0.06325 1.76989 -0.31419 -0.12519 1.78864
0.37332 -0.05185 1.78182 -0.31512 -0.12595 1.8116
0.26669 -0.01651 1.67161 -0.29038 -0.11486 1.7262
0.25273 -0.00824 1.65958 -0.28713 -0.11186 1.72107
0.24264 -0.00294 1.66444 -0.28781 -0.11148 1.73575
0.20299 -0.00078 1.62457 -0.28071 -0.10747 1.70217
0.19442 0.00132 1.65189 -0.28453 -0.10997 1.74025
0.18916 0.00275 1.72859 -0.29759 -0.11501 1.83214
0.16816 0.00255 1.71919 -0.29571 -0.11359 1.82904
0.15286 0.00224 1.71121 -0.29392 -0.11381 1.82762
0.13137 0.00027 1.70187 -0.29179 -0.11331 1.82172
0.05501 0.00106 1.6862 -0.2842 -0.11197 1.80415
0.0375 0.0063 1.69313 -0.28303 -0.1126 1.81156
-0.05686 0.0082 1.7208 -0.27953 -0.11432 1.81561
0.00817 0.02249 1.71876 -0.28163 -0.11778 1.82092
0.01082 0.02116 1.72612 -0.28278 -0.1221 1.82632
-0.06143 0.01498 1.64013 -0.15137 -0.02887 1.66885
-0.06942 0.00869 1.64562 -0.14423 -0.03629 1.67439
-0.07968 0.00385 1.6479 -0.15349 -0.04071 1.67634
-0.09319 -0.00279 1.64537 -0.15401 -0.03962 1.67717
-0.11272 -0.01671 1.65587 -0.15217 -0.03887 1.67946
-0.1217 -0.02238 1.64468 -0.14904 -0.03662 1.66577
-0.0994 -0.00717 1.64721 -0.14742 -0.03567 1.68018
-0.0922 -0.00638 1.64747 -0.13753 -0.03284 1.67589
-0.09895 -0.02336 1.76224 -0.29925 -0.13172 1.86543
-0.08371 -0.0205 1.75664 -0.3017 -0.12888 1.8661
-0.0154 -0.0142 1.73094 -0.30393 -0.12049 1.85711
0.05108 -0.01829 1.71691 -0.30598 -0.11804 1.85797
0.09075 -0.02558 1.71264 -0.30577 -0.11703 1.85546
0.18584 -0.08246 1.68999 -0.30095 -0.11432 1.83218
0.22451 -0.13276 1.60457 -0.28516 -0.11207 1.74025
0.32045 -0.19109 1.6391 -0.29393 -0.11777 1.78762
0.36041 -0.23101 1.63304 -0.29333 -0.12075 1.78258
0.45267 -0.32441 1.61495 -0.29251 -0.12943 1.77208
0.5549 -0.42324 1.63803 -0.28994 -0.14659 1.75985
0.59973 -0.47131 1.66735 -0.28893 -0.16348 1.76358
0.61387 -0.52022 1.7108 -0.28586 -0.17534 1.76316
0.62349 -0.61454 1.73967 -0.27483 -0.19082 1.74123
0.27861 -0.22709 1.52167 -0.27189 -0.18276 1.70883
0.27908 -0.23658 1.50945 -0.27379 -0.17832 1.70281
0.27857 -0.24383 1.50243 -0.27573 -0.17553 1.69928
0.27873 -0.25297 1.50595 -0.28269 -0.17326 1.71053
0.27399 -0.2577 1.48436 -0.28233 -0.16951 1.69541
0.27516 -0.26452 1.4969 -0.28769 -0.169 1.71631
0.2714 -0.26371 1.47957 -0.28554 -0.16503 1.69947
0.27067 -0.26452 1.47543 -0.2856 -0.16466 1.69672
0.27048 -0.26549 1.47207 -0.28543 -0.16652 1.69306
0.2737 -0.26851 1.48667 -0.2882 -0.17384 1.70682
0.27589 -0.26954 1.4916 -0.28389 -0.2137 1.6889
0.27648 -0.26887 1.48659 -0.27595 -0.24997 1.6671
0.27523 -0.2668 1.47619 -0.26965 -0.30035 1.63624
0.27339 -0.26419 1.46349 -0.25211 -0.35149 1.6001
0.27873 -0.26864 1.48842 -0.22984 -0.42514 1.61744
0.28395 -0.27315 1.51345 -0.20937 -0.50364 1.64764
0.28481 -0.2733 1.51479 -0.1973 -0.54568 1.68342
0.28327 -0.27138 1.50372 -0.1736 -0.60918 1.71789
0.28323 -0.27101 1.4998 -0.17351 -0.61143 1.72901
0.28306 -0.27081 1.49763 -0.1722 -0.60442 1.73036
0.28294 -0.27109 1.49612 -0.17488 -0.59855 1.72875
0.28256 -0.27118 1.49348 -0.17638 -0.59732 1.7285
0.28183 -0.27124 1.49197 -0.17424 -0.62155 1.67373
0.28113 -0.27151 1.49023 -0.1744 -0.61354 1.69234
0.28097 -0.2721 1.48988 -0.17572 -0.62486 1.66634
0.2811 -0.27281 1.48933 -0.17164 -0.61531 1.69188
0.28103 -0.2731 1.48856 -0.17188 -0.61255 1.69604
0.28098 -0.27329 1.4879 -0.17245 -0.61669 1.68469
]
