classifier_Car_goes_to_monkey_23400 [ 0.60218 -0.68193 1.73371 -0.45508 -0.72545 1.86181
0.60339 -0.68053 1.72892 -0.45536 -0.72639 1.86057
0.60135 -0.68106 1.72863 -0.45536 -0.72823 1.85744
0.60078 -0.68015 1.72743 -0.45466 -0.726 1.85403
0.59925 -0.67872 1.72388 -0.45518 -0.72554 1.84949
0.59443 -0.66906 1.71008 -0.45448 -0.69531 1.8256
0.60198 -0.67766 1.73431 -0.4636 -0.68956 1.8469
0.5926 -0.66216 1.69956 -0.45834 -0.66643 1.80031
0.59961 -0.66026 1.76749 -0.47863 -0.64684 1.85247
0.60242 -0.66989 1.75166 -0.4797 -0.61585 1.82226
0.51681 -0.51039 1.67971 -0.47856 -0.56299 1.72967
0.51454 -0.50913 1.68602 -0.49661 -0.54298 1.76071
0.49321 -0.49478 1.70935 -0.50857 -0.50866 1.77505
0.46739 -0.47452 1.7152 -0.5104 -0.48246 1.76484
0.44639 -0.43495 1.71055 -0.50534 -0.45192 1.73228
0.42816 -0.41655 1.68617 -0.49894 -0.42939 1.70427
0.42645 -0.40285 1.691 -0.50055 -0.42106 1.7066
0.43848 -0.40253 1.72682 -0.51445 -0.4274 1.74879
0.46788 -0.37254 1.77515 -0.52932 -0.43924 1.7802
0.45807 -0.39243 1.70584 -0.52338 -0.43592 1.75551
0.45937 -0.39318 1.70462 -0.52266 -0.4398 1.757
0.44796 -0.38905 1.72471 -0.51861 -0.42916 1.77452
0.42228 -0.36733 1.76613 -0.50488 -0.3948 1.80329
0.38416 -0.29257 1.91041 -0.49165 -0.34621 1.91678
0.36233 -0.27698 1.94674 -0.47697 -0.32107 1.95077
0.38192 -0.28931 2.00693 -0.53591 -0.32322 2.00579
0.36852 -0.30413 1.88723 -0.48021 -0.36736 1.88657
0.39037 -0.33312 1.84167 -0.50049 -0.4058 1.85273
0.40678 -0.33763 1.8098 -0.51345 -0.39743 1.82152
0.39165 -0.28787 1.8441 -0.49023 -0.37721 1.85904
0.38161 -0.25931 1.93864 -0.51337 -0.33104 1.97098
0.34146 -0.21731 1.8312 -0.45689 -0.29915 1.86403
0.33719 -0.22427 1.78103 -0.41542 -0.31123 1.82861
0.34728 -0.27523 1.71321 -0.40838 -0.33275 1.74743
0.35596 -0.31919 1.69051 -0.40013 -0.32487 1.6908
0.34217 -0.32705 1.64287 -0.37929 -0.30512 1.61051
0.33154 -0.34327 1.6452 -0.3677 -0.27911 1.5819
0.31115 -0.35338 1.62334 -0.35886 -0.23656 1.56666
0.29752 -0.36023 1.62322 -0.35101 -0.19019 1.56021
0.31098 -0.35406 1.66823 -0.34745 -0.1518 1.56436
0.29471 -0.36184 1.69356 -0.33469 -0.0607 1.55504
0.2233 -0.38445 1.5963 -0.31855 -0.02531 1.52216
0.2079 -0.39626 1.61939 -0.31448 0.00807 1.54422
0.19485 -0.39916 1.62337 -0.30612 0.03364 1.54425
0.18601 -0.40349 1.6341 -0.30221 0.05085 1.54021
0.17937 -0.40751 1.63537 -0.29946 0.04879 1.5061
0.16852 -0.4078 1.61288 -0.30042 0.03024 1.43499
0.16599 -0.41733 1.60532 -0.30374 0.01694 1.38858
0.16417 -0.41817 1.59949 -0.30408 0.00833 1.3689
0.17553 -0.42994 1.60823 -0.30249 0.00843 1.37247
0.18275 -0.43548 1.60747 -0.30329 0.00962 1.37198
0.18687 -0.44228 1.6105 -0.30617 0.00807 1.37133
0.19284 -0.44873 1.61285 -0.30897 0.00792 1.37188
0.19577 -0.45225 1.61168 -0.31174 0.00839 1.37351
0.19917 -0.45736 1.61208 -0.31439 0.00696 1.37402
0.2023 -0.45127 1.60834 -0.31834 0.00724 1.37571
0.20642 -0.40303 1.53945 -0.31259 0.00564 1.35143
0.17898 -0.46554 1.54103 -0.30493 0.0052 1.31528
0.18044 -0.461 1.53439 -0.30575 0.0052 1.31648
0.18715 -0.46103 1.52187 -0.30803 0.00548 1.31766
0.19129 -0.457 1.50927 -0.30979 0.00527 1.31791
0.22097 -0.38148 1.57114 -0.33159 0.00457 1.4079
0.2076 -0.3431 1.46094 -0.31328 0.00653 1.32023
0.21314 -0.33268 1.45455 -0.31391 0.00655 1.32283
0.22907 -0.32885 1.48127 -0.32442 0.00929 1.35867
0.23141 -0.30618 1.40868 -0.31727 0.00977 1.32549
0.26877 -0.27029 1.45918 -0.32824 0.01095 1.36847
0.29264 -0.21964 1.4413 -0.32818 0.01291 1.37463
0.31601 -0.15967 1.44038 -0.33292 0.01366 1.39553
0.30831 -0.085 1.35254 -0.31532 0.01363 1.32782
0.3228 -0.01915 1.42049 -0.33048 0.01515 1.40297
0.30335 0.04846 1.44249 -0.33301 0.01729 1.42813
0.2755 0.10349 1.43882 -0.32472 0.0176 1.41526
0.25791 0.15105 1.47812 -0.32565 0.0189 1.4349
0.23428 0.17267 1.43331 -0.30884 0.01898 1.37342
0.23901 0.18977 1.45472 -0.30938 0.02189 1.38392
0.25684 0.18993 1.46442 -0.31032 0.02359 1.39106
0.38945 0.05363 1.49134 -0.33374 0.02844 1.46348
0.46403 -0.18457 1.44933 -0.34148 0.02914 1.46499
0.47512 -0.18372 1.45217 -0.34301 0.02943 1.46817
0.47489 -0.1381 1.4471 -0.34272 0.02493 1.4676
0.4661 -0.0613 1.44235 -0.34092 0.02396 1.46761
0.40472 0.09376 1.44279 -0.33108 0.01801 1.44946
0.35737 0.14682 1.41883 -0.31843 0.01776 1.40631
0.32453 0.18458 1.44171 -0.31681 0.01484 1.41258
0.29887 0.20679 1.4618 -0.31698 0.01369 1.42371
0.2809 0.19435 1.46651 -0.31425 0.01575 1.4239
0.28934 0.16466 1.45435 -0.31466 0.01506 1.42319
0.30381 0.11711 1.42242 -0.31357 0.01628 1.40453
0.33166 0.06117 1.41036 -0.31926 0.01547 1.41751
0.37571 -0.10945 1.39482 -0.3261 0.01641 1.41724
0.3694 -0.12749 1.4089 -0.32726 0.01737 1.41629
0.36036 -0.12384 1.42406 -0.32817 0.01876 1.41614
0.3606 -0.11234 1.43098 -0.32786 0.01871 1.40791
0.36789 -0.09449 1.46513 -0.33213 0.01995 1.42396
0.37095 -0.03353 1.45458 -0.32328 0.02041 1.3878
0.37927 -0.01081 1.43567 -0.31822 0.02221 1.38381
0.38273 -0.0089 1.42455 -0.31609 0.02476 1.38269
0.38421 -0.0077 1.41505 -0.31534 0.02327 1.38462
0.38788 -0.00786 1.40345 -0.31439 0.02333 1.38673
0.38859 -0.00553 1.40248 -0.31466 0.02135 1.38694
0.38898 -0.00287 1.40197 -0.31556 0.02085 1.38554
0.3875 -0.00174 1.40143 -0.31575 0.02056 1.38398
0.38775 -0.0004 1.40016 -0.31587 0.01994 1.3832
0.38634 0.00093 1.39634 -0.31496 0.02004 1.38222
0.38521 0.00237 1.39279 -0.31391 0.02029 1.38144
0.37911 0.00144 1.38839 -0.3117 0.02014 1.38183
0.3726 0.00481 1.38655 -0.30939 0.02123 1.38108
0.36013 0.00715 1.38275 -0.30804 0.02261 1.38236
0.34306 0.01148 1.37838 -0.3044 0.02367 1.38323
0.32358 0.01522 1.37287 -0.30176 0.02653 1.38531
0.29781 0.02061 1.3643 -0.29902 0.02667 1.38488
0.26734 0.02718 1.35192 -0.29419 0.0286 1.38183
0.23801 0.03091 1.34809 -0.29164 0.03044 1.38492
0.16193 0.04217 1.34041 -0.28576 0.03367 1.38857
0.13375 0.04168 1.34383 -0.28407 0.03508 1.39409
0.09985 0.04426 1.34288 -0.28214 0.03771 1.39558
0.0705 0.0449 1.34127 -0.28112 0.03966 1.39485
0.04269 0.04499 1.32945 -0.27662 0.04272 1.38376
0.02031 0.04385 1.3666 -0.284 0.04607 1.42172
-0.023 0.04141 1.35653 -0.27733 0.05169 1.41163
-0.04063 0.03918 1.33515 -0.27153 0.05416 1.38624
-0.12345 0.05537 1.33524 -0.27176 0.07595 1.36931
-0.12761 0.0525 1.34539 -0.27672 0.07421 1.37731
-0.16378 0.0529 1.35153 -0.28332 0.07064 1.38114
-0.17189 0.04748 1.35173 -0.28293 0.07069 1.3786
-0.1799 0.0537 1.40614 -0.30677 0.05641 1.438
-0.17998 0.05343 1.40971 -0.30767 0.05458 1.44132
-0.15463 0.03806 1.35885 -0.29193 0.0703 1.38537
-0.15477 0.03792 1.35964 -0.29149 0.06849 1.38705
-0.15481 0.0384 1.36442 -0.2911 0.06651 1.39259
-0.15632 0.03946 1.3672 -0.29119 0.06592 1.39513
-0.23581 0.06357 1.38457 -0.29208 0.06559 1.40089
-0.28735 0.05093 1.51517 -0.31827 0.05182 1.51784
-0.28345 0.0488 1.48784 -0.30416 0.06922 1.48028
-0.28733 0.04481 1.48418 -0.30552 0.06576 1.47785
-0.13153 0.04711 1.36779 -0.2803 0.06704 1.39418
-0.28343 0.06887 1.49814 -0.31779 0.03927 1.51449
-0.0716 0.02828 1.43677 -0.31077 0.0463 1.48084
-0.05041 0.02669 1.44597 -0.32742 0.03412 1.49985
-0.00974 0.01068 1.44062 -0.33751 0.02131 1.49927
0.03897 -0.00697 1.39099 -0.33857 -7E-05 1.45133
0.09393 -0.02343 1.37936 -0.34693 -0.02365 1.43721
0.21184 -0.0779 1.35111 -0.36409 -0.0834 1.38941
0.29984 -0.12705 1.4623 -0.40483 -0.12535 1.48155
0.35463 -0.17268 1.459 -0.41008 -0.1675 1.44682
0.41498 -0.22376 1.49106 -0.42619 -0.22197 1.44915
0.4562 -0.26708 1.47693 -0.42711 -0.27263 1.41052
0.537 -0.3565 1.4899 -0.44003 -0.39958 1.41459
0.59119 -0.40851 1.60355 -0.47568 -0.49147 1.53028
0.60507 -0.47898 1.74377 -0.49685 -0.5659 1.61956
0.62454 -0.519 1.78385 -0.5008 -0.61697 1.67486
0.63996 -0.57765 1.71895 -0.48908 -0.68188 1.78724
0.61694 -0.62319 1.7688 -0.48018 -0.68532 1.80614
0.60216 -0.62403 1.72176 -0.46399 -0.68622 1.78511
0.61737 -0.65126 1.77492 -0.47482 -0.69132 1.87518
0.59076 -0.63259 1.69822 -0.45453 -0.69251 1.8142
0.61045 -0.6697 1.77319 -0.45639 -0.67685 1.9382
0.61063 -0.67377 1.77443 -0.45106 -0.6703 1.94522
0.61377 -0.67999 1.79084 -0.44232 -0.6389 1.96686
0.61221 -0.6826 1.78948 -0.43645 -0.62992 1.96679
0.61284 -0.68232 1.79207 -0.44107 -0.65127 1.96019
0.61208 -0.68115 1.78164 -0.42786 -0.61646 1.95188
0.61184 -0.68128 1.77627 -0.42397 -0.60644 1.94774
0.61214 -0.68143 1.77532 -0.42283 -0.60522 1.94188
0.59181 -0.65871 1.71769 -0.42562 -0.65201 1.85948
0.59153 -0.65934 1.71705 -0.43243 -0.66544 1.85848
0.59216 -0.65967 1.7201 -0.4339 -0.67157 1.85706
0.61261 -0.68262 1.77958 -0.43362 -0.64183 1.91993
0.61326 -0.68477 1.77996 -0.43372 -0.64018 1.91794
0.61277 -0.68367 1.78169 -0.43427 -0.639 1.9159
]
