classifier_Man_jumps_on_fence_21291 [ 0.66475 -0.73161 1.89159 -0.10667 -0.63877 1.81321
0.66305 -0.7325 1.89121 -0.10444 -0.63838 1.81474
0.66743 -0.73017 1.88938 -0.10416 -0.63657 1.81203
0.66126 -0.72775 1.89348 -0.10402 -0.63859 1.8149
0.6648 -0.72608 1.95381 -0.13687 -0.63039 1.92415
0.52128 -0.64875 1.9876 -0.11142 -0.66533 1.88591
0.47368 -0.62853 1.96076 -0.11045 -0.66267 1.88233
0.42635 -0.60924 1.95963 -0.10897 -0.66199 1.87961
0.3119 -0.67412 1.87063 -0.121 -0.61894 1.89131
0.26787 -0.63141 1.89116 -0.10939 -0.64404 1.84054
0.25172 -0.62615 1.90406 -0.11514 -0.64607 1.85246
0.23715 -0.6185 1.92464 -0.12287 -0.64685 1.86704
0.23705 -0.6067 2.03627 -0.12245 -0.65815 1.9014
0.24063 -0.61743 2.07101 -0.13205 -0.64508 1.96153
0.24011 -0.62589 2.09319 -0.16151 -0.63935 2.02117
0.23952 -0.59897 1.99274 -0.17935 -0.66562 1.89787
0.23358 -0.61563 1.9975 -0.14142 -0.63509 1.93285
0.23904 -0.60357 2.03413 -0.14334 -0.63878 1.95158
0.24144 -0.57978 2.02048 -0.16572 -0.57109 1.99211
0.25936 -0.50037 2.03759 -0.15372 -0.67794 1.95443
0.27175 -0.4792 2.09442 -0.22896 -0.49153 2.05116
0.27307 -0.42567 2.06359 -0.23642 -0.43739 2.01649
0.26019 -0.3802 2.07163 -0.23607 -0.38185 2.01455
0.24061 -0.31256 1.99592 -0.2178 -0.30754 1.93189
0.22601 -0.25693 1.96932 -0.19823 -0.24091 1.89906
0.23104 -0.22855 2.14099 -0.18941 -0.19905 2.05981
0.0879 -0.09547 1.79331 -0.06035 -0.05548 1.71475
-0.03433 -0.02093 1.74187 -0.00015 -0.02159 1.73472
-0.07266 -0.00557 1.73133 0.10492 -0.02482 1.77164
-0.07021 0.00873 1.74115 0.11146 -0.01441 1.77166
-0.22307 -0.01502 1.75568 0.12547 -0.00937 1.77803
-0.10216 -0.00227 1.751 0.12523 -0.00458 1.77578
-0.10634 -0.00316 1.75711 0.12632 -9E-05 1.77624
-0.10821 -0.02451 1.767 0.12912 0.00107 1.7769
-0.10907 -0.02608 1.76961 0.12917 0.00119 1.77747
-0.12772 -0.00683 1.76401 0.1301 0.0007 1.77924
-0.16111 -0.02092 1.76913 0.11457 0.00284 1.78125
-0.12906 -0.00871 1.76443 0.13042 -0.00209 1.78334
-0.17617 -0.02211 1.77077 0.1313 -0.00291 1.78377
-0.13064 -0.00443 1.76272 0.1321 -0.00186 1.78588
-0.08823 0.00871 1.7911 0.12927 -0.00145 1.81628
-0.03514 0.01262 1.81162 0.12743 4E-05 1.83814
-0.04232 0.0176 1.88317 -0.12275 -0.00366 1.8756
0.04978 0.00649 1.84751 -0.15871 0.00049 1.83179
0.24761 -0.02088 1.94362 -0.18976 0.00082 1.92339
0.26963 -0.02915 1.9396 -0.21713 -0.00537 1.9236
0.29619 -0.03977 1.91261 -0.24752 -0.01472 1.90302
0.33843 -0.05148 1.94892 -0.29993 -0.02911 1.94802
0.37863 -0.06482 2.01839 -0.32895 -0.04161 2.01618
0.41335 -0.07268 2.06066 -0.36378 -0.05149 2.05899
0.42267 -0.07719 2.02908 -0.38229 -0.05798 2.02901
0.43928 -0.08401 1.91119 -0.42821 -0.0897 1.94555
0.43733 -0.09055 1.88626 -0.42862 -0.10743 1.93909
0.45104 -0.10435 1.89351 -0.41829 -0.11795 1.96971
0.45582 -0.11532 1.90093 -0.40775 -0.12414 1.97122
0.46277 -0.13533 1.87287 -0.38885 -0.12917 1.91273
0.46382 -0.15421 1.89234 -0.38579 -0.14218 1.91683
0.46457 -0.17157 1.86058 -0.37145 -0.14735 1.85822
0.47345 -0.18945 1.89154 -0.37292 -0.1595 1.87653
0.50032 -0.21175 1.9861 -0.38691 -0.17175 1.95296
0.50026 -0.21841 1.98712 -0.38124 -0.17729 1.94602
0.49291 -0.21927 1.95429 -0.3713 -0.17478 1.90973
0.48849 -0.21858 1.95395 -0.36581 -0.17624 1.90861
0.48453 -0.21915 1.94682 -0.36245 -0.17465 1.9003
0.47753 -0.2351 1.93032 -0.3545 -0.17362 1.88234
0.50422 -0.26492 2.0445 -0.37338 -0.18384 1.98667
0.48497 -0.28298 2.02812 -0.36878 -0.18345 1.98165
0.47047 -0.28621 2.0112 -0.36607 -0.18093 1.97609
0.45999 -0.27945 2.00342 -0.3645 -0.17977 1.97978
0.40748 -0.2312 1.88825 -0.34553 -0.16942 1.88928
0.4006 -0.20568 1.92119 -0.35285 -0.17188 1.93563
0.36931 -0.16028 1.84415 -0.33765 -0.1648 1.87109
0.36538 -0.12322 1.88168 -0.34274 -0.16946 1.90877
0.35072 -0.07638 1.86092 -0.3371 -0.16662 1.88911
0.33518 -0.02532 1.8414 -0.3306 -0.16554 1.86914
0.32683 0.02406 1.85208 -0.32893 -0.167 1.88108
0.31029 0.1812 1.97625 -0.33913 -0.17934 1.99892
0.29304 0.22416 1.96205 -0.33181 -0.17994 1.97795
0.2785 0.25336 1.93637 -0.32301 -0.17534 1.94112
0.26228 0.27409 1.88324 -0.31028 -0.17241 1.88284
0.26527 0.31415 1.97999 -0.32277 -0.18189 1.96685
0.26631 0.33478 2.03519 -0.3294 -0.18415 2.01269
0.24457 0.37538 2.06518 -0.32877 -0.18439 2.02041
0.24221 0.37879 2.12206 -0.334 -0.19061 2.06693
0.23693 0.3715 2.09441 -0.32964 -0.18437 2.03627
0.23524 0.36431 2.09238 -0.32804 -0.18384 2.03392
0.23492 0.35793 2.097 -0.32788 -0.18342 2.03446
0.2449 0.33376 2.11389 -0.33039 -0.18682 2.05714
0.25406 0.29004 2.12972 -0.33141 -0.19025 2.07375
0.25241 0.27269 2.12689 -0.3289 -0.18918 2.0664
0.24933 0.25064 2.11323 -0.32589 -0.18788 2.05005
0.27043 0.14625 2.14448 -0.33037 -0.18967 2.08321
0.26915 0.10963 2.14802 -0.32807 -0.19029 2.08035
0.25194 0.0707 2.04582 -0.31066 -0.17506 1.97216
0.24771 0.01829 1.98951 -0.29971 -0.16933 1.90857
0.25205 -0.03364 2.0204 -0.3027 -0.17054 1.92641
0.25132 -0.10868 2.03773 -0.30256 -0.17132 1.92436
0.2491 -0.11865 2.0745 -0.30779 -0.174 1.95706
0.24709 -0.13743 2.07848 -0.30945 -0.1698 1.97274
0.23465 -0.13338 1.91064 -0.28643 -0.161 1.82389
0.23389 -0.13676 1.89788 -0.28683 -0.16146 1.82131
0.23052 -0.14302 1.88379 -0.28663 -0.16427 1.81631
0.24302 -0.15033 1.87341 -0.28626 -0.16486 1.81518
0.24899 -0.15209 1.87331 -0.28564 -0.1727 1.82034
0.25474 -0.15154 1.86678 -0.28457 -0.17636 1.81811
0.25719 -0.15269 1.86566 -0.28355 -0.17992 1.82101
0.25718 -0.153 1.8595 -0.28238 -0.18091 1.81772
0.25859 -0.15314 1.8593 -0.28142 -0.18358 1.81826
0.25877 -0.15412 1.86714 -0.28174 -0.18804 1.82886
0.25718 -0.15332 1.85632 -0.27944 -0.1875 1.82021
0.27496 -0.16618 1.98707 -0.29824 -0.20428 1.94984
0.25511 -0.15382 1.83721 -0.27568 -0.18885 1.80406
0.25582 -0.15441 1.84003 -0.27563 -0.1816 1.80473
0.25424 -0.15353 1.82673 -0.27348 -0.18062 1.79221
0.25561 -0.15501 1.84463 -0.27576 -0.1907 1.81402
0.26926 -0.16496 1.96741 -0.29374 -0.19846 1.93623
0.26868 -0.16411 1.97673 -0.29641 -0.20467 1.94752
0.25567 -0.1449 1.95258 -0.29496 -0.20381 1.94396
0.21501 -0.1562 1.89159 -0.28676 -0.1955 1.89394
0.22744 -0.12371 1.88164 -0.28638 -0.19804 1.8965
0.22174 -0.09631 1.85297 -0.28352 -0.19114 1.88254
0.21639 -0.06986 1.84654 -0.28534 -0.19566 1.8942
0.21557 -0.03192 1.85388 -0.28828 -0.19869 1.92159
0.20889 0.01223 1.81001 -0.28252 -0.1931 1.8924
0.19015 0.09176 1.78918 -0.28297 -0.19218 1.90108
0.19471 0.12758 1.78957 -0.283 -0.19289 1.90919
0.17696 0.16191 1.78313 -0.28136 -0.19324 1.91
0.16731 0.19303 1.79693 -0.28249 -0.19686 1.93214
0.10645 0.2492 1.81551 -0.28263 -0.20736 1.957
0.09099 0.26021 1.82365 -0.28141 -0.20756 1.96671
0.05743 0.27162 1.83882 -0.28175 -0.21175 1.98314
0.03645 0.26653 1.8239 -0.27519 -0.20834 1.96559
-0.07857 0.25477 1.83545 -0.2692 -0.21274 1.97201
-0.06449 0.2362 1.88526 -0.27402 -0.2184 2.02656
-0.10359 0.21206 1.89184 -0.26962 -0.21359 2.02823
-0.1685 0.1867 1.93265 -0.2728 -0.22255 2.06146
-0.2101 0.15839 2.10282 -0.29307 -0.23564 2.23748
-0.21156 0.10975 1.9722 -0.27328 -0.20781 2.08839
-0.21284 0.0711 1.93974 -0.26985 -0.22063 2.05002
-0.2369 0.03502 2.05351 -0.28516 -0.22869 2.15012
-0.22543 0.00486 1.93801 -0.27744 -0.18284 1.96312
-0.21377 -0.00326 1.95193 -0.16208 -0.00206 1.93555
-0.28851 -0.06829 1.91668 -0.12072 -0.00309 1.9013
-0.28985 -0.07706 1.91255 -0.12053 -0.00725 1.8985
-0.28643 -0.08103 1.89905 -0.11418 -0.00936 1.88368
-0.28772 -0.08039 1.89285 -0.11555 -0.0073 1.87668
-0.28763 -0.07833 1.88826 -0.1147 -0.00838 1.87197
-0.25825 -0.05807 1.91906 -0.11611 -0.00543 1.89978
-0.17144 -0.01149 1.91341 -0.15159 -0.01279 1.89366
-0.17223 -0.00968 1.91476 -0.15282 -0.01367 1.89237
-0.17299 -0.00866 1.91649 -0.15064 -0.01603 1.89668
-0.17857 -0.00924 1.91712 -0.15206 -0.01559 1.89585
-0.17989 -0.00566 1.91165 -0.14526 -0.0136 1.88985
-0.18253 -0.00057 1.90173 -0.14122 -0.01132 1.87997
-0.20262 -0.0003 1.92104 -0.25827 -0.19021 1.94456
-0.19924 0.0171 1.91287 -0.2522 -0.19447 1.93877
-0.25463 0.00866 1.81353 -0.24696 -0.19222 1.72384
-0.1459 0.07993 2.04218 -0.28908 -0.26765 2.2025
-0.11529 0.08474 1.94085 -0.27696 -0.25365 2.09102
0.12916 0.07214 1.82163 -0.27395 -0.2555 2.00943
0.30557 -0.02073 1.72512 -0.27031 -0.28495 1.83519
0.53096 -0.24831 1.80919 -0.24876 -0.36464 1.90028
0.60475 -0.33181 1.89376 -0.2432 -0.40164 1.96372
0.67031 -0.42123 2.00556 -0.23806 -0.44048 2.04615
0.66452 -0.50606 1.93563 -0.19298 -0.45429 1.91859
0.71001 -0.58103 2.09036 -0.19031 -0.5025 2.05008
0.663 -0.59237 1.95424 -0.11081 -0.65001 1.81281
0.68445 -0.6326 2.01744 -0.12927 -0.55245 1.97019
0.6599 -0.66962 1.98867 -0.11486 -0.6414 1.86811
0.67783 -0.70795 1.93435 -0.11638 -0.62876 1.8348
0.67355 -0.71439 1.93331 -0.12021 -0.62895 1.83452
0.67118 -0.7168 1.93697 -0.12108 -0.62941 1.8356
0.68232 -0.73722 1.98424 -0.11354 -0.58917 1.92753
0.66513 -0.71946 1.93556 -0.09415 -0.58573 1.86394
0.66634 -0.72254 1.93348 -0.09311 -0.58752 1.86105
0.66671 -0.72362 1.93099 -0.09376 -0.59041 1.85917
0.66517 -0.72223 1.92805 -0.09376 -0.59104 1.86146
0.66567 -0.72255 1.92614 -0.09379 -0.59259 1.86183
0.65824 -0.71886 1.9177 -0.09236 -0.59203 1.86275
0.65928 -0.72013 1.91876 -0.09424 -0.59469 1.86407
0.65917 -0.72035 1.91685 -0.09446 -0.59462 1.86348
0.66567 -0.72237 1.90561 -0.09396 -0.59274 1.85646
0.66383 -0.72221 1.9075 -0.09304 -0.59441 1.85611
0.66326 -0.71912 1.90913 -0.09357 -0.59522 1.85817
0.66317 -0.72209 1.90624 -0.09241 -0.59405 1.85479
0.66401 -0.72053 1.90695 -0.09365 -0.59566 1.85581
0.66458 -0.72345 1.91063 -0.09548 -0.59871 1.85728
0.66713 -0.72669 1.91194 -0.09519 -0.60022 1.85715
0.66548 -0.72136 1.90503 -0.09467 -0.59897 1.85391
0.66526 -0.72375 1.90154 -0.09421 -0.59658 1.85263
0.66571 -0.72171 1.90407 -0.09456 -0.59736 1.85502
0.66602 -0.72517 1.90698 -0.0945 -0.59962 1.85548
0.66808 -0.72473 1.91198 -0.09617 -0.60189 1.85965
0.66835 -0.72531 1.9125 -0.10065 -0.60248 1.86399
0.67127 -0.72729 1.91015 -0.10379 -0.60168 1.86503
0.66834 -0.72755 1.90559 -0.10038 -0.6011 1.85811
0.67231 -0.72674 1.90086 -0.09985 -0.59989 1.85776
0.66996 -0.72944 1.90752 -0.10135 -0.60092 1.86085
0.66934 -0.72868 1.90876 -0.09942 -0.60245 1.85944
]
