classifier_Monkey_goes_to_monkey_15377 [ 0.51583 -0.68238 1.66916 -0.08698 -0.57107 1.74329
0.51579 -0.68198 1.66867 -0.08522 -0.56818 1.74531
0.50254 -0.66899 1.63934 -0.08411 -0.55416 1.71367
0.50556 -0.6663 1.63223 -0.08371 -0.55099 1.71175
0.49852 -0.66434 1.63708 -0.08823 -0.53871 1.70674
0.49555 -0.65965 1.63831 -0.10168 -0.53446 1.70265
0.49155 -0.65103 1.65252 -0.12721 -0.51416 1.71341
0.49965 -0.64629 1.69711 -0.16828 -0.49906 1.76413
0.47464 -0.58935 1.92392 -0.33983 -0.52094 1.97906
0.45561 -0.55775 1.96273 -0.37977 -0.53126 1.99406
0.42615 -0.54152 2.07095 -0.45675 -0.55403 2.10307
0.45152 -0.56958 2.15878 -0.46461 -0.56287 2.19136
0.45047 -0.56217 2.15824 -0.44954 -0.56057 2.17788
0.45135 -0.55662 2.166 -0.43476 -0.54592 2.17747
0.44985 -0.55083 2.19204 -0.44338 -0.5235 2.2009
0.48606 -0.53781 2.26546 -0.42472 -0.52556 2.26617
0.48369 -0.53646 2.26925 -0.43357 -0.52672 2.27202
0.46496 -0.54982 2.26585 -0.45009 -0.5202 2.26586
0.47098 -0.56803 2.26412 -0.46385 -0.5208 2.26997
0.49458 -0.56868 2.26408 -0.44822 -0.50701 2.27762
0.49187 -0.54054 2.2761 -0.46991 -0.50101 2.28303
0.44728 -0.50286 2.23642 -0.46419 -0.49818 2.25446
0.44455 -0.50154 2.23128 -0.45124 -0.50353 2.2658
0.43965 -0.5105 2.21561 -0.45203 -0.51406 2.25768
0.35954 -0.49518 2.11052 -0.37437 -0.42761 2.02097
0.27144 -0.45643 2.01474 -0.27856 -0.24444 1.83432
0.27785 -0.47375 2.10707 -0.32868 -0.17693 1.96748
0.29397 -0.49378 2.14031 -0.34259 -0.12895 2.05014
0.27403 -0.51865 2.10933 -0.34037 -0.12604 2.02961
0.27126 -0.52332 2.10713 -0.33164 -0.16313 1.99172
0.27163 -0.52688 2.10958 -0.32285 -0.21668 1.96383
0.26957 -0.52496 2.09625 -0.30786 -0.25114 1.93245
0.27676 -0.52677 2.09599 -0.29849 -0.27061 1.93035
0.27595 -0.52553 2.09462 -0.29341 -0.26993 1.93615
0.29072 -0.52179 2.09559 -0.29268 -0.25929 1.93824
0.31515 -0.52472 2.08248 -0.29651 -0.2457 1.93838
0.31275 -0.51844 2.07356 -0.2992 -0.23354 1.93001
0.27523 -0.52229 2.04331 -0.29672 -0.2205 1.88929
0.34526 -0.53605 2.03353 -0.30178 -0.21306 1.90094
0.45075 -0.55298 2.1261 -0.3067 -0.21089 1.92792
0.45695 -0.54495 2.15378 -0.30807 -0.20986 1.93489
0.45443 -0.51478 2.17718 -0.30775 -0.20852 1.93489
0.41836 -0.46782 2.25624 -0.31275 -0.21333 1.96704
0.42187 -0.45579 2.25627 -0.31263 -0.21355 1.96749
0.42856 -0.46302 2.25478 -0.31279 -0.21435 1.9669
0.44335 -0.49453 2.24994 -0.31401 -0.21566 1.97099
0.45197 -0.52748 2.20187 -0.30964 -0.21231 1.94136
0.46545 -0.56149 2.2368 -0.31624 -0.21561 1.97645
0.51146 -0.50743 2.24634 -0.31769 -0.21477 1.97755
0.46547 -0.50209 2.25597 -0.31829 -0.21401 1.97544
0.48242 -0.49151 2.2407 -0.31939 -0.21299 1.97655
0.51666 -0.51771 2.20316 -0.323 -0.21661 1.97549
0.45847 -0.55043 2.11224 -0.31534 -0.213 1.92229
0.45227 -0.5296 2.1022 -0.31848 -0.21674 1.93436
0.4396 -0.47318 2.04202 -0.31487 -0.21522 1.9237
0.40633 -0.41917 1.96689 -0.30944 -0.21106 1.90249
0.37658 -0.36268 1.92647 -0.30839 -0.21181 1.91433
0.35203 -0.29622 1.91547 -0.31299 -0.21372 1.95964
0.31947 -0.20442 1.83365 -0.29705 -0.20321 1.88135
0.3052 -0.14733 1.89246 -0.30084 -0.20426 1.91639
0.27919 -0.08494 1.87576 -0.28864 -0.19508 1.86293
0.26981 -0.08578 1.86327 -0.28253 -0.19003 1.83835
0.26496 -0.09917 1.87282 -0.28237 -0.19123 1.83924
0.27549 -0.12763 2.00256 -0.30027 -0.20615 1.96323
0.2714 -0.17366 2.00882 -0.30105 -0.21017 1.9755
0.26106 -0.21415 1.98931 -0.29971 -0.21272 1.96599
0.24395 -0.20057 1.83024 -0.27874 -0.20112 1.83769
0.25723 -0.27387 2.00055 -0.29942 -0.21959 1.98255
0.25911 -0.25639 2.02278 -0.2977 -0.21677 1.9931
0.26007 -0.2471 2.01703 -0.29704 -0.21518 1.98993
0.25905 -0.24154 2.00925 -0.29664 -0.21393 1.98761
0.25535 -0.23896 1.99875 -0.29528 -0.21319 1.98048
0.24826 -0.23672 1.98576 -0.29326 -0.21183 1.96957
0.24051 -0.23565 1.9791 -0.29229 -0.21192 1.96578
0.23166 -0.23572 1.9737 -0.29175 -0.21109 1.96121
0.21932 -0.234 1.96815 -0.29071 -0.21099 1.95861
0.19529 -0.22021 1.84836 -0.27334 -0.19834 1.84435
0.18009 -0.21734 1.83513 -0.27313 -0.19721 1.84161
0.16249 -0.21452 1.8247 -0.27273 -0.19548 1.83968
0.13892 -0.20902 1.81269 -0.27164 -0.19414 1.83932
0.07613 -0.19358 1.79404 -0.26818 -0.19385 1.84049
0.04868 -0.1958 1.79061 -0.26486 -0.19264 1.83824
0.02311 -0.19835 1.78545 -0.26051 -0.19154 1.83417
-0.02552 -0.17851 1.77672 -0.25818 -0.19282 1.83245
-0.0638 -0.17858 1.77719 -0.25425 -0.19235 1.82763
-0.07547 -0.17896 1.7774 -0.25516 -0.19234 1.8275
-0.09155 -0.17272 1.77458 -0.25697 -0.19333 1.82491
-0.08836 -0.17943 1.77619 -0.25825 -0.19281 1.82475
-0.09032 -0.18231 1.7772 -0.25826 -0.19164 1.8238
-0.09132 -0.18402 1.77696 -0.25914 -0.19108 1.82381
-0.09275 -0.18472 1.77905 -0.25899 -0.19041 1.82341
-0.09218 -0.19762 1.77518 -0.25862 -0.1901 1.82456
-0.09624 -0.18545 1.77996 -0.25729 -0.18927 1.82302
-0.09685 -0.18612 1.77938 -0.25633 -0.1895 1.82079
-0.03935 -0.22864 1.78998 -0.21428 -0.16662 1.79981
-0.0386 -0.22951 1.78705 -0.24557 -0.18407 1.81181
-0.0385 -0.22985 1.78695 -0.23756 -0.18052 1.80625
-0.09159 -0.20353 1.76941 -0.2482 -0.18594 1.81031
-0.08237 -0.20407 1.81839 -0.25728 -0.19384 1.85749
-0.08182 -0.19512 1.79249 -0.26042 -0.19548 1.83893
-0.07673 -0.19273 1.77752 -0.26226 -0.19682 1.83029
-0.06454 -0.19817 1.77029 -0.26371 -0.19781 1.826
-0.04271 -0.21329 1.76187 -0.26529 -0.19895 1.8245
0.01734 -0.26943 1.75615 -0.268 -0.21089 1.83821
0.04035 -0.29259 1.72707 -0.26521 -0.21966 1.83372
0.07994 -0.33135 1.71049 -0.26353 -0.23369 1.83675
0.17576 -0.404 1.60851 -0.24426 -0.26691 1.75575
0.23693 -0.4634 1.66633 -0.24285 -0.30379 1.80446
0.27558 -0.47064 1.55876 -0.20882 -0.3189 1.67373
0.33133 -0.51197 1.58634 -0.19166 -0.37383 1.69896
0.4271 -0.59996 1.69993 -0.17298 -0.49217 1.8033
0.44903 -0.62964 1.72871 -0.16196 -0.51185 1.81364
0.46257 -0.63779 1.68383 -0.14192 -0.50431 1.7465
0.47795 -0.64997 1.68493 -0.11919 -0.55014 1.72591
0.49013 -0.65382 1.67075 -0.16753 -0.59504 1.72801
0.49859 -0.65677 1.66192 -0.14926 -0.5695 1.72613
0.50682 -0.66093 1.64741 -0.17218 -0.58405 1.72634
0.51189 -0.66172 1.64138 -0.16611 -0.59138 1.72198
0.51101 -0.66536 1.64069 -0.16083 -0.59767 1.72115
0.51288 -0.66857 1.6416 -0.19146 -0.59299 1.73021
0.51584 -0.67051 1.63524 -0.19567 -0.60057 1.7384
0.51868 -0.67319 1.64383 -0.16911 -0.60464 1.71955
0.5192 -0.67347 1.64162 -0.18654 -0.59961 1.73343
0.5254 -0.6842 1.67099 -0.13203 -0.55877 1.7804
0.52117 -0.68013 1.65813 -0.13135 -0.55713 1.76394
0.52942 -0.6869 1.67389 -0.1282 -0.55642 1.7879
0.52146 -0.67948 1.66182 -0.10778 -0.5416 1.76574
]
