classifier_Monkey_goes_to_fence_15374 [ 0.48256 -0.67962 1.6346 -0.03073 -0.54611 1.74566
0.48264 -0.67985 1.63497 -0.02792 -0.54473 1.74343
0.48887 -0.68622 1.83908 -0.03021 -0.57421 1.83895
0.50995 -0.72218 1.89345 -0.03525 -0.59819 1.90626
0.51176 -0.7235 1.88144 -0.03342 -0.59708 1.9027
0.48102 -0.74023 1.80134 -0.03607 -0.57204 1.85216
0.40572 -0.58014 1.80965 -0.04703 -0.56578 1.93337
0.29951 -0.50461 1.81944 -0.03894 -0.50942 1.95891
0.19807 -0.41812 1.86272 -0.04577 -0.41055 1.95617
0.16559 -0.36741 1.86129 -0.06363 -0.36349 1.91977
0.14219 -0.33603 1.90842 -0.08208 -0.33194 1.9425
0.14065 -0.3115 1.927 -0.10877 -0.29303 1.9451
0.15436 -0.28042 1.85642 0.01124 -0.24637 1.84601
0.13693 -0.26465 1.90897 -0.12152 -0.24231 1.91337
0.15321 -0.25074 1.87938 -0.14031 -0.22253 1.88111
0.15985 -0.24458 1.93485 -0.06762 -0.21196 1.94125
0.17717 -0.24306 1.94258 -0.07099 -0.2043 1.95714
0.26908 -0.24461 1.94769 -0.13667 -0.23931 2.04309
0.31038 -0.25204 1.97775 -0.29748 -0.22623 2.00034
0.3268 -0.25295 1.94267 -0.30622 -0.21815 1.96868
0.35444 -0.26686 1.99671 -0.35064 -0.22508 2.03092
0.3765 -0.28077 2.04971 -0.37451 -0.23217 2.08586
0.38673 -0.29155 2.06951 -0.40722 -0.21913 2.11835
0.35618 -0.28886 1.95738 -0.40688 -0.18048 2.01554
0.36919 -0.30797 2.0348 -0.42617 -0.16577 2.09262
0.35946 -0.31754 2.0348 -0.42833 -0.15148 2.09464
0.33192 -0.3124 1.94361 -0.40788 -0.13143 2.00662
0.32266 -0.32501 1.95785 -0.4061 -0.1233 2.05195
0.32876 -0.36025 2.0974 -0.41966 -0.09974 2.18388
0.30409 -0.3621 2.037 -0.39729 -0.07268 2.09604
0.28565 -0.37275 2.01462 -0.38761 -0.06558 2.05231
0.24005 -0.38464 1.93541 -0.35442 -0.07987 1.8924
0.22822 -0.39997 1.95311 -0.34932 -0.11242 1.87009
0.22084 -0.42145 2.01057 -0.35411 -0.16895 1.88319
0.20244 -0.43421 2.00008 -0.34933 -0.27682 1.8115
0.19386 -0.4392 2.00851 -0.3482 -0.30918 1.80432
0.195 -0.44475 2.02933 -0.34871 -0.32502 1.82
0.19412 -0.44063 2.01393 -0.3435 -0.31818 1.80462
0.18972 -0.43431 1.97567 -0.33704 -0.30301 1.77072
0.20114 -0.45814 2.07747 -0.35711 -0.30689 1.86154
0.19778 -0.44764 2.03052 -0.35257 -0.2891 1.81795
0.19841 -0.44963 2.04947 -0.36231 -0.28161 1.83593
0.18809 -0.42814 1.98193 -0.35285 -0.27321 1.77599
0.20542 -0.42074 2.06184 -0.36982 -0.2872 1.85384
0.23826 -0.35428 1.89661 -0.35468 -0.27892 1.76897
0.26893 -0.33277 1.93073 -0.36287 -0.28965 1.80531
0.28575 -0.29103 1.88445 -0.35468 -0.28806 1.76973
0.30088 -0.26008 1.88233 -0.35302 -0.29223 1.77063
0.33713 -0.23466 2.00795 -0.36835 -0.31425 1.88465
0.33116 -0.21728 1.97611 -0.36086 -0.31125 1.86201
0.32856 -0.21149 1.97229 -0.35883 -0.31069 1.8649
0.32881 -0.21479 1.99914 -0.36314 -0.31489 1.89298
0.32185 -0.21984 1.99781 -0.36343 -0.31426 1.89416
0.30082 -0.21697 1.9065 -0.34816 -0.29903 1.80806
0.31181 -0.23484 1.99739 -0.36626 -0.31308 1.89268
0.30719 -0.24304 1.98657 -0.36451 -0.31089 1.87782
0.2985 -0.25615 1.93469 -0.35484 -0.30127 1.82257
0.30525 -0.28347 1.96042 -0.35815 -0.3017 1.83418
0.33656 -0.32192 2.05335 -0.37243 -0.31027 1.89741
0.35136 -0.43958 2.14485 -0.38017 -0.31326 1.92358
0.32032 -0.47848 2.16652 -0.37943 -0.31241 1.91941
0.30264 -0.46988 2.205 -0.37988 -0.31215 1.92133
0.35019 -0.45988 2.23066 -0.38652 -0.31817 1.95786
0.35161 -0.45329 2.23454 -0.38527 -0.31844 1.95704
0.33153 -0.45994 2.22428 -0.38078 -0.31625 1.93561
0.40251 -0.478 2.25652 -0.38425 -0.32212 1.96689
0.3983 -0.50732 2.23806 -0.37899 -0.31845 1.94643
0.39306 -0.51035 2.24225 -0.37659 -0.31661 1.94052
0.38228 -0.49009 2.25088 -0.37622 -0.31495 1.94048
0.36219 -0.47197 2.24761 -0.37668 -0.31361 1.9381
0.37092 -0.44411 2.25369 -0.38145 -0.31695 1.95819
0.33407 -0.41905 2.15761 -0.37167 -0.30776 1.90416
0.35466 -0.3905 2.14381 -0.37574 -0.31073 1.92505
0.32767 -0.32385 1.96383 -0.35355 -0.29235 1.81433
0.35229 -0.2794 2.04238 -0.36986 -0.30711 1.91019
0.33759 -0.22247 1.99044 -0.35766 -0.29882 1.86031
0.33549 -0.18273 1.99456 -0.35583 -0.2978 1.86606
0.33494 -0.1553 2.02844 -0.36081 -0.30199 1.90574
0.3186 -0.12952 1.97257 -0.35106 -0.29389 1.86105
0.32322 -0.12943 2.02818 -0.36168 -0.30151 1.92179
0.31553 -0.13696 2.01754 -0.3613 -0.30097 1.92196
0.29069 -0.19355 1.97765 -0.35888 -0.29458 1.89936
0.2779 -0.23308 1.97102 -0.36004 -0.2951 1.90166
0.26993 -0.27165 1.97125 -0.36172 -0.29585 1.90368
0.26195 -0.2917 1.96562 -0.36055 -0.29501 1.8977
0.25615 -0.299 1.96695 -0.36053 -0.29453 1.89632
0.2587 -0.30664 2.03126 -0.37264 -0.30218 1.95816
0.24168 -0.2877 1.95692 -0.36259 -0.28826 1.896
0.23376 -0.28253 1.94697 -0.36343 -0.2847 1.89088
0.1955 -0.27524 1.9271 -0.367 -0.28198 1.89162
0.17818 -0.27669 1.92386 -0.36618 -0.28185 1.89438
0.15742 -0.27802 1.9204 -0.36498 -0.28143 1.89554
0.13614 -0.28156 1.91372 -0.36282 -0.2793 1.89219
0.03419 -0.28127 1.8884 -0.35538 -0.27769 1.89101
0.00227 -0.27703 1.84342 -0.34377 -0.27139 1.84858
-0.01265 -0.30146 1.8845 -0.34672 -0.27759 1.88965
-0.03321 -0.3159 1.90267 -0.33449 -0.27745 1.93846
-0.08158 -0.3077 1.85633 -0.30844 -0.27057 1.89484
-0.08518 -0.32183 1.86765 -0.27777 -0.27111 1.89088
-0.05961 -0.34625 1.88634 -0.27358 -0.27433 1.89685
-0.06282 -0.3541 1.89145 -0.26565 -0.28388 1.88926
-0.14521 -0.33077 1.85146 -0.30196 -0.27454 1.82361
-0.1478 -0.32919 1.82933 -0.29322 -0.27389 1.80287
-0.24849 -0.28347 1.76024 -0.29451 -0.27175 1.73567
-0.25814 -0.29053 1.79002 -0.30274 -0.28162 1.7637
-0.25657 -0.29158 1.78258 -0.29046 -0.28209 1.76251
-0.25579 -0.29106 1.76955 -0.29502 -0.28119 1.74907
-0.14346 -0.34295 1.85253 -0.30737 -0.28697 1.82837
-0.14352 -0.34283 1.85229 -0.30682 -0.28711 1.82939
-0.12152 -0.34969 1.85738 -0.30806 -0.28638 1.83164
-0.12152 -0.35342 1.88156 -0.31259 -0.28802 1.85447
-0.1203 -0.34646 1.86571 -0.3109 -0.27895 1.83817
-0.12041 -0.34456 1.86227 -0.3102 -0.27596 1.83672
-0.13027 -0.3414 1.87307 -0.28943 -0.28208 1.86359
-0.10751 -0.33132 1.80267 -0.20306 -0.3095 1.82499
-0.08765 -0.34062 1.77432 -0.18947 -0.31895 1.81345
-0.04163 -0.36573 1.74504 -0.27059 -0.2902 1.82186
0.03063 -0.39224 1.6726 -0.26224 -0.30283 1.73697
0.08629 -0.44529 1.69287 -0.25407 -0.34175 1.80745
0.16058 -0.53065 1.71303 -0.23102 -0.37643 1.81537
0.22972 -0.55013 1.71569 -0.19953 -0.40881 1.81039
0.29077 -0.5344 1.60548 -0.15514 -0.42545 1.70376
0.37329 -0.61258 1.76915 -0.13022 -0.4901 1.87356
0.39811 -0.63496 1.79327 -0.09445 -0.51337 1.87012
0.48068 -0.65623 1.69826 -0.03149 -0.53541 1.77151
0.50298 -0.68195 1.85386 -0.02111 -0.58258 1.86472
0.51375 -0.69467 1.83521 -0.02156 -0.57914 1.84582
0.50139 -0.6997 1.87914 -0.02699 -0.57719 1.84316
0.5044 -0.68539 1.90903 -0.03516 -0.58075 1.84998
0.50278 -0.68526 1.9077 -0.04283 -0.59108 1.84394
0.49828 -0.70507 1.88895 -0.04457 -0.59804 1.84531
0.48028 -0.68063 1.82474 -0.038 -0.57538 1.78653
0.4761 -0.67612 1.81588 -0.0373 -0.57409 1.77639
0.49471 -0.70465 1.89292 -0.04216 -0.60183 1.84856
0.4765 -0.68331 1.82753 -0.03608 -0.57775 1.78324
0.49251 -0.70653 1.88834 -0.04218 -0.60177 1.84208
0.47559 -0.679 1.82309 -0.03795 -0.57842 1.77464
0.49529 -0.70562 1.90437 -0.04288 -0.60517 1.84995
0.49584 -0.70438 1.90488 -0.04305 -0.60489 1.84996
0.4965 -0.70544 1.90407 -0.04249 -0.60453 1.84946
0.47641 -0.67918 1.82872 -0.04042 -0.58123 1.77835
0.4951 -0.70471 1.90228 -0.0447 -0.60784 1.8458
0.49496 -0.6914 1.9769 -0.04453 -0.61859 1.88468
0.49646 -0.69331 1.95736 -0.04324 -0.61527 1.87264
]
