classifier_Monkey_bumps_into_car_25173 [ 0.57025 -0.73723 2.00778 -0.16174 -0.60781 1.85374
0.57052 -0.73752 2.00909 -0.16203 -0.60743 1.85429
0.57266 -0.7385 2.01278 -0.16075 -0.60948 1.85336
0.58579 -0.73788 2.01818 -0.1656 -0.60531 1.85336
0.59246 -0.73956 2.02679 -0.15057 -0.58434 1.84314
0.59194 -0.74876 2.07318 -0.16087 -0.56746 1.88484
0.60825 -0.76327 2.11865 -0.17034 -0.42384 1.81566
0.67728 -0.78481 2.16715 -0.17692 -0.3436 1.73767
0.55057 -0.48517 2.0091 -0.21988 -0.16551 1.81658
0.54246 -0.43697 2.04637 -0.24943 -0.14547 1.89879
0.4817 -0.35427 1.91764 -0.24802 -0.1054 1.81131
0.42179 -0.28372 1.79518 -0.24445 -0.07872 1.71022
0.38526 -0.13615 1.80842 -0.28052 -0.0366 1.75976
0.36422 -0.08878 1.80529 -0.28823 -0.0379 1.74573
0.33965 -0.03266 1.79685 -0.29396 -0.05812 1.73872
0.28304 0.08445 1.80428 -0.30179 -0.15826 1.74077
0.26373 0.11845 1.82824 -0.29558 -0.21086 1.74581
0.25195 0.14297 1.86833 -0.29269 -0.23817 1.77305
0.22988 0.08655 1.85898 -0.28185 -0.11049 1.74692
0.23713 0.02747 1.87304 -0.28804 -0.04593 1.77276
0.25302 -0.08133 1.77632 -0.22209 0.1108 1.68202
0.28777 -0.09444 1.89567 -0.27049 0.11798 1.83554
0.28285 -0.06808 1.80436 -0.25847 0.12224 1.7492
0.28428 -0.02227 1.82935 -0.26107 0.11498 1.76516
0.31483 0.01267 2.00763 -0.28047 0.09573 1.89657
0.2552 0.12911 1.87162 -0.27406 -0.04101 1.76316
0.25138 0.16417 1.98019 -0.29063 -0.1143 1.84699
0.20992 0.18051 1.884 -0.27565 -0.16017 1.74779
0.18357 0.16792 1.89961 -0.26526 -0.17967 1.75642
0.188 0.15405 1.95696 -0.27559 -0.1629 1.81482
0.19274 0.13465 1.95083 -0.28186 -0.12802 1.81476
0.20912 0.10498 1.93616 -0.28928 -0.08241 1.80322
0.21485 0.08806 1.88133 -0.30223 -0.04458 1.76209
0.23821 0.06873 1.9294 -0.33086 -0.0091 1.80057
0.24476 0.06089 1.9174 -0.35022 0.03178 1.78797
0.24068 0.05002 1.82941 -0.35722 0.05887 1.70422
0.24608 0.04173 1.82924 -0.37722 0.08262 1.70273
0.25502 0.02822 1.84119 -0.39728 0.08989 1.71293
0.25887 0.01695 1.83874 -0.41146 0.07555 1.71803
0.26624 -0.00157 1.83031 -0.41908 0.03208 1.70904
0.2688 -0.02011 1.81414 -0.42604 -0.08002 1.69394
0.27929 -0.0305 1.84241 -0.42501 -0.09204 1.71456
0.27654 -0.02949 1.82939 -0.42746 -0.09133 1.71571
0.27564 -0.02954 1.82293 -0.42348 -0.07713 1.71231
0.2763 -0.0295 1.82238 -0.42064 -0.06353 1.71319
0.26406 -0.02706 1.74691 -0.39579 -0.05175 1.64008
0.26285 -0.02865 1.74995 -0.39636 -0.0449 1.63901
0.26171 -0.0307 1.74786 -0.39523 -0.04484 1.63448
0.25972 -0.03357 1.74313 -0.39547 -0.04352 1.63101
0.25888 -0.03948 1.74 -0.39942 -0.04585 1.63092
0.25991 -0.04755 1.73631 -0.39985 -0.04555 1.62869
0.26082 -0.05763 1.73556 -0.40145 -0.04666 1.63016
0.26071 -0.0749 1.73828 -0.40469 -0.04695 1.63532
0.25919 -0.09903 1.74405 -0.40813 -0.04766 1.64607
0.26776 -0.13571 1.7927 -0.42041 -0.05194 1.68552
0.27523 -0.17379 1.76176 -0.40682 -0.05274 1.62668
0.27531 -0.20432 1.70723 -0.38993 -0.054 1.56018
0.31284 -0.3066 1.9574 -0.44288 -0.06313 1.76687
0.30664 -0.34231 1.88964 -0.41642 -0.06243 1.66444
0.30506 -0.40894 1.94858 -0.4204 -0.06395 1.67006
0.3136 -0.40148 2.0176 -0.42483 -0.07005 1.68254
0.26753 -0.42027 2.10336 -0.42999 -0.0728 1.70276
0.20662 -0.39401 2.13322 -0.43345 -0.07756 1.71341
0.1961 -0.27706 2.09896 -0.43083 -0.07707 1.71266
0.19445 -0.25556 2.09013 -0.43128 -0.07854 1.72433
0.19948 -0.1782 2.05654 -0.43306 -0.07676 1.7313
0.23617 -0.12018 2.05605 -0.43707 -0.0769 1.74408
0.26013 -0.11447 2.03651 -0.43793 -0.07652 1.74865
0.32938 -0.12447 1.98179 -0.43952 -0.07639 1.74885
0.39042 -0.17647 2.14606 -0.4721 -0.0838 1.87026
0.27582 -0.30526 2.15612 -0.44221 -0.08294 1.74068
0.23314 -0.30428 2.18121 -0.44659 -0.08481 1.75241
0.21296 -0.29785 2.17218 -0.44459 -0.08534 1.74845
0.20747 -0.29569 2.14783 -0.44093 -0.08729 1.74351
0.28456 -0.09713 1.84846 -0.4269 -0.08196 1.68017
0.31761 -0.03434 1.87381 -0.43863 -0.08065 1.72287
0.33862 0.08103 1.87658 -0.4372 -0.07623 1.71252
0.35428 0.0952 1.87737 -0.43678 -0.07062 1.70689
0.36625 0.09314 1.84496 -0.43025 -0.04779 1.6818
0.36681 0.0674 1.83086 -0.42633 -0.03673 1.68078
0.37232 0.03045 1.84029 -0.43019 -0.0335 1.70268
0.34722 -0.00304 1.71165 -0.40263 -0.03097 1.59582
0.34789 -0.02707 1.72002 -0.40211 -0.03159 1.6069
0.34679 -0.03619 1.72512 -0.40235 -0.02988 1.61364
0.34338 -0.03748 1.72491 -0.40174 -0.03323 1.61086
0.34169 -0.03491 1.72746 -0.40035 -0.03258 1.60959
0.33846 -0.02279 1.731 -0.40054 -0.03068 1.60945
0.33687 -0.01735 1.73539 -0.40053 -0.02768 1.61286
0.33512 -0.01456 1.73675 -0.40234 -0.02899 1.61165
0.33241 -0.013 1.73789 -0.39929 -0.02714 1.61152
0.32876 -0.01608 1.74028 -0.40314 -0.02866 1.61764
0.32738 -0.01868 1.74298 -0.40451 -0.02914 1.61885
0.32407 -0.02163 1.74056 -0.40245 -0.02593 1.61936
0.31922 -0.02497 1.72764 -0.39826 -0.02656 1.6058
0.31538 -0.02736 1.72276 -0.39642 -0.02594 1.60301
0.31316 -0.02942 1.72422 -0.39745 -0.02531 1.60475
0.31112 -0.03049 1.72449 -0.399 -0.024 1.60601
0.30754 -0.03076 1.71744 -0.40086 -0.02591 1.60631
0.30382 -0.03039 1.71079 -0.40187 -0.02741 1.60268
0.29702 -0.03182 1.7013 -0.40388 -0.03018 1.59963
0.28401 -0.03292 1.69348 -0.40243 -0.02878 1.60239
0.26516 -0.0366 1.69776 -0.40361 -0.02717 1.62075
0.22877 -0.03863 1.66436 -0.39891 -0.02997 1.60482
0.19901 -0.04868 1.75986 -0.4185 -0.03132 1.71292
0.13752 -0.05073 1.73564 -0.40897 -0.03194 1.70642
0.06593 -0.04815 1.72496 -0.40091 -0.03221 1.71597
-0.00203 -0.06201 1.71275 -0.3875 -0.03326 1.71828
-0.08446 -0.05866 1.70496 -0.38038 -0.03521 1.72886
-0.18721 -0.02924 1.64754 -0.36469 -0.03168 1.68087
-0.25258 0.00274 1.65828 -0.39082 -0.016 1.6943
-0.17072 0.00102 1.64274 -0.39894 0.00537 1.69336
-0.09433 0.04529 1.64163 -0.41656 0.01457 1.70641
-0.05036 0.0606 1.63774 -0.42402 0.01181 1.70626
0.01817 0.06868 1.66275 -0.43289 0.00856 1.72265
0.03708 0.0649 1.68878 -0.42816 0.00299 1.72703
0.03165 0.05954 1.69672 -0.42288 0.0009 1.72756
0.02596 0.05561 1.70076 -0.41811 0.00022 1.72632
0.02177 0.05378 1.70448 -0.41612 -0.00081 1.72828
0.01956 0.04824 1.71275 -0.40651 0.003 1.72814
0.02112 0.04833 1.6621 -0.39717 0.00449 1.67029
0.024 0.04684 1.71736 -0.4066 0.00608 1.72023
0.02676 0.04177 1.72071 -0.40352 0.0067 1.71778
0.02829 0.03294 1.72484 -0.39827 0.00293 1.71528
0.03076 0.01666 1.71462 -0.39045 -0.00208 1.70087
0.03891 -0.01187 1.71569 -0.37883 -0.0131 1.69515
0.04701 -0.0507 1.72097 -0.36413 -0.03622 1.69469
0.05644 -0.10097 1.7256 -0.3513 -0.07148 1.70683
0.0775 -0.24711 1.82458 -0.32011 -0.20509 1.8347
0.07746 -0.32255 1.77111 -0.25848 -0.27704 1.7808
0.08769 -0.41138 1.74272 -0.22308 -0.36453 1.76235
0.10491 -0.52402 1.77843 -0.20329 -0.44203 1.79242
0.12115 -0.60846 1.83907 -0.18731 -0.52862 1.86971
0.12748 -0.62855 1.84477 -0.17339 -0.60739 1.87243
0.13279 -0.62789 1.83076 -0.21256 -0.59836 1.98512
0.13749 -0.60683 1.80881 -0.21679 -0.61521 1.86659
0.14495 -0.60421 1.80507 -0.13867 -0.6137 1.82258
0.15541 -0.58703 1.74304 -0.13673 -0.56891 1.81923
0.17223 -0.61741 1.83349 -0.14093 -0.60062 1.90887
0.1926 -0.61091 1.81797 -0.13945 -0.59253 1.87747
0.23981 -0.59922 1.81218 -0.13828 -0.58491 1.85332
0.30425 -0.57674 1.72934 -0.13601 -0.56642 1.79604
0.3609 -0.58231 1.7738 -0.13901 -0.57214 1.81591
0.41242 -0.58916 1.83108 -0.14287 -0.57925 1.83407
0.46528 -0.60194 1.87262 -0.16136 -0.598 1.81687
0.46937 -0.63521 1.96294 -0.16588 -0.60209 1.85811
0.49054 -0.64997 1.97382 -0.16234 -0.60436 1.85848
0.51033 -0.66899 1.9967 -0.16334 -0.60716 1.86499
0.55635 -0.69381 1.98045 -0.16078 -0.59999 1.84874
0.55578 -0.71685 2.03035 -0.1612 -0.60454 1.86525
0.56242 -0.72105 2.03148 -0.1622 -0.60472 1.86153
0.57198 -0.72687 2.03175 -0.16226 -0.60608 1.86415
0.59326 -0.72895 2.01389 -0.15998 -0.60635 1.862
0.57141 -0.73081 2.01801 -0.15858 -0.60611 1.86256
0.56146 -0.73191 2.0092 -0.15923 -0.60767 1.8635
0.5599 -0.73219 2.00773 -0.15996 -0.60837 1.86434
0.55777 -0.7324 2.0064 -0.15744 -0.61083 1.86087
0.55501 -0.72989 1.99721 -0.16226 -0.60389 1.86047
0.55573 -0.73146 1.99877 -0.15942 -0.6084 1.8561
0.55679 -0.73164 1.99824 -0.15804 -0.60983 1.85722
0.55712 -0.73248 2.00028 -0.15787 -0.61141 1.85724
0.55577 -0.72965 1.99273 -0.16177 -0.60559 1.85481
0.53488 -0.73499 2.00809 -0.1591 -0.61 1.85622
0.53392 -0.73516 2.00815 -0.15616 -0.61109 1.85454
0.53381 -0.73317 2.00278 -0.15953 -0.60628 1.85491
0.5317 -0.73223 1.99979 -0.16034 -0.60465 1.85455
]
