classifier_Man_bumps_into_fence_2485 [ 0.55576 -0.74752 1.9305 -0.25498 -0.6194 1.96661
0.55659 -0.74706 1.93158 -0.25502 -0.62016 1.96481
0.55957 -0.74785 1.93081 -0.25496 -0.62 1.96426
0.56382 -0.74877 1.9313 -0.25523 -0.61868 1.96668
0.56334 -0.74712 1.93569 -0.25567 -0.61735 1.96699
0.56942 -0.74689 1.93765 -0.25562 -0.61332 1.96425
0.57665 -0.7444 1.94142 -0.25707 -0.60289 1.9538
0.58333 -0.73962 1.95605 -0.25762 -0.59341 1.94427
0.58818 -0.71741 1.89617 -0.25084 -0.567 1.88114
0.58202 -0.68316 1.93322 -0.25095 -0.58242 1.86401
0.56395 -0.64862 1.90985 -0.23719 -0.56472 1.84616
0.4353 -0.49786 1.76153 -0.17385 -0.4997 1.6934
0.39798 -0.45049 1.83925 -0.16935 -0.49383 1.75992
0.33913 -0.37044 1.85234 -0.21948 -0.41464 1.80307
0.27412 -0.32025 1.81413 -0.20758 -0.361 1.75797
0.21766 -0.26413 1.76405 -0.18964 -0.30344 1.69387
0.13649 -0.19028 1.89894 -0.17107 -0.22922 1.81356
-0.08771 -0.14796 1.59877 0.07535 -0.13335 1.6519
-0.1453 -0.1173 1.44473 0.07891 -0.09 1.49793
-0.15267 -0.09988 1.43107 0.06327 -0.0654 1.47028
-0.13895 -0.07678 1.42625 0.11082 -0.05475 1.47202
-0.14131 -0.06338 1.41337 0.11036 -0.03948 1.45326
-0.13896 -0.05492 1.41354 0.12184 -0.03055 1.45263
0.16401 -0.02507 1.62395 -0.12001 -0.0092 1.58741
0.2729 -0.05128 1.71232 -0.23296 -0.06391 1.65544
0.30435 -0.06535 1.67982 -0.30222 -0.08059 1.62367
0.41661 -0.09383 1.72221 -0.36473 -0.09358 1.637
0.44674 -0.11141 1.70623 -0.41341 -0.1001 1.62581
0.48903 -0.12385 1.74349 -0.4514 -0.10117 1.65199
0.50965 -0.12043 1.75829 -0.47747 -0.09114 1.66535
0.50312 -0.11054 1.73373 -0.47886 -0.06566 1.6385
0.48756 -0.09594 1.70615 -0.47356 -0.02848 1.61396
0.50524 -0.09317 1.81238 -0.52273 -0.04283 1.81014
0.47675 -0.08875 1.76834 -0.4714 0.05151 1.74522
0.43729 -0.0654 1.85486 -0.46109 0.02421 1.81417
0.38792 -0.0655 1.71827 -0.42472 -0.07531 1.65559
0.36807 -0.08127 1.78194 -0.4463 -0.24888 1.66435
0.35802 -0.08763 1.78567 -0.4418 -0.19729 1.68669
0.3492 -0.08729 1.7488 -0.43045 -0.19109 1.64942
0.34678 -0.08917 1.74015 -0.42561 -0.19097 1.63941
0.34873 -0.09059 1.75115 -0.42599 -0.19076 1.6455
0.3475 -0.0999 1.75234 -0.42495 -0.19069 1.64701
0.34752 -0.10401 1.75376 -0.42732 -0.19437 1.64669
0.34686 -0.10554 1.74946 -0.42783 -0.19333 1.64038
0.34742 -0.10638 1.74683 -0.42888 -0.1965 1.6394
0.34752 -0.10699 1.74319 -0.43162 -0.20205 1.6382
0.34758 -0.1072 1.73631 -0.43437 -0.2075 1.63523
0.34608 -0.10519 1.72732 -0.43696 -0.21355 1.63251
0.32378 -0.07264 1.72227 -0.43196 -0.22827 1.63323
0.28256 -0.05074 1.68061 -0.41014 -0.22508 1.56617
0.25404 0.00979 1.75935 -0.42974 -0.24442 1.66762
0.18472 0.08981 1.61123 -0.39274 -0.2268 1.56045
0.13537 0.17958 1.63002 -0.39578 -0.22658 1.59972
0.09807 0.21518 1.57073 -0.37753 -0.2102 1.54619
0.05418 0.31604 1.61373 -0.3834 -0.20434 1.58671
0.0345 0.35745 1.65912 -0.38723 -0.19854 1.59484
0.01331 0.3949 1.70392 -0.38642 -0.19157 1.59493
-0.0032 0.44229 1.78803 -0.39268 -0.19136 1.62732
-0.00756 0.46263 1.83448 -0.39098 -0.18629 1.62
-0.00263 0.43679 1.88283 -0.39543 -0.18584 1.63354
-0.00837 0.42922 1.8962 -0.39926 -0.18438 1.64141
-0.01399 0.39367 1.8548 -0.41598 -0.18204 1.65178
0.01883 0.32087 1.85169 -0.42462 -0.18743 1.67153
0.03894 0.30298 1.87078 -0.43392 -0.19021 1.68824
0.08449 0.25326 1.83749 -0.43378 -0.18522 1.66786
0.181 0.14093 1.8616 -0.45273 -0.19212 1.72441
0.23692 0.07896 1.84276 -0.45267 -0.19171 1.71295
0.2868 0.01387 1.81046 -0.44795 -0.18839 1.68919
0.33216 -0.05082 1.80388 -0.44825 -0.18764 1.68649
0.34805 -0.11084 1.69359 -0.41966 -0.17677 1.5906
0.37207 -0.16959 1.70511 -0.41557 -0.17619 1.60588
0.38112 -0.21194 1.71533 -0.40743 -0.1754 1.61166
0.37551 -0.2324 1.72614 -0.38405 -0.16821 1.62051
0.37613 -0.22322 1.72416 -0.38004 -0.16425 1.62047
0.37901 -0.21396 1.72537 -0.37939 -0.16327 1.62401
0.38151 -0.20879 1.72878 -0.37823 -0.16087 1.63294
0.38193 -0.20162 1.73028 -0.37895 -0.16173 1.63716
0.37708 -0.19344 1.71957 -0.37479 -0.16099 1.63072
0.37347 -0.19075 1.71454 -0.37309 -0.16158 1.62552
0.37292 -0.19056 1.71759 -0.37196 -0.15945 1.63086
0.37209 -0.19107 1.71775 -0.37246 -0.16178 1.62811
0.36846 -0.19049 1.70328 -0.36828 -0.15639 1.61234
0.36851 -0.1921 1.70224 -0.36747 -0.15601 1.61383
0.36976 -0.19247 1.70408 -0.36907 -0.15383 1.61395
0.36831 -0.19105 1.69026 -0.36698 -0.152 1.60025
0.3707 -0.19207 1.69447 -0.36839 -0.15245 1.60565
0.37393 -0.19249 1.70358 -0.37138 -0.15261 1.6148
0.37769 -0.19559 1.71708 -0.37457 -0.15364 1.62801
0.3731 -0.19396 1.69781 -0.3706 -0.15134 1.61066
0.37 -0.19631 1.69362 -0.37095 -0.15187 1.61217
0.35896 -0.19535 1.67292 -0.36739 -0.15319 1.60184
0.33886 -0.19157 1.64907 -0.36382 -0.15351 1.5954
0.30713 -0.18253 1.62411 -0.36108 -0.15393 1.58783
0.26525 -0.1737 1.60578 -0.35765 -0.15344 1.59103
0.14963 -0.16025 1.61966 -0.35866 -0.15313 1.64036
0.07507 -0.15695 1.64881 -0.35852 -0.15524 1.68423
-0.01447 -0.14629 1.64563 -0.34442 -0.14895 1.68915
-0.09684 -0.14967 1.63429 -0.31864 -0.13566 1.66736
-0.24162 -0.11779 1.61115 -0.23543 -0.10568 1.63333
-0.25428 -0.12006 1.64793 -0.22692 -0.14566 1.64568
-0.28202 -0.1079 1.72403 -0.22956 -0.14235 1.72084
-0.30059 -0.09019 1.6699 -0.19802 -0.08209 1.64248
-0.36156 -0.08367 1.6998 -0.35499 -0.09576 1.72116
-0.03327 -0.07368 1.74335 -0.40046 -0.08872 1.78425
0.01255 -0.06653 1.73431 -0.409 -0.08924 1.7773
0.04473 -0.0541 1.71153 -0.4077 -0.09204 1.7587
0.06115 -0.05116 1.69481 -0.40343 -0.09468 1.7358
0.06595 -0.04972 1.68416 -0.39524 -0.09495 1.72155
0.06302 -0.05187 1.69016 -0.39007 -0.0982 1.72156
0.05653 -0.05592 1.71825 -0.38897 -0.09705 1.73948
0.04783 -0.05909 1.72799 -0.38438 -0.09804 1.74369
0.03628 -0.0652 1.73419 -0.37716 -0.10022 1.74739
0.026 -0.06935 1.73694 -0.37273 -0.09836 1.74468
0.0181 -0.07355 1.74091 -0.36986 -0.0998 1.74635
0.0106 -0.07474 1.74 -0.36745 -0.09914 1.74463
0.00973 -0.07364 1.74129 -0.36681 -0.0982 1.74345
0.00949 -0.07323 1.74218 -0.36651 -0.0971 1.7427
0.01854 -0.07653 1.74578 -0.36712 -0.09536 1.74555
0.03172 -0.08347 1.74434 -0.3648 -0.09669 1.74412
0.04055 -0.09137 1.74206 -0.36214 -0.10314 1.74243
0.04543 -0.09887 1.65953 -0.34029 -0.10384 1.66148
0.05885 -0.12758 1.65748 -0.33043 -0.11961 1.67393
0.07306 -0.15592 1.60155 -0.30073 -0.13911 1.62475
0.10082 -0.20853 1.66959 -0.28788 -0.18096 1.6991
0.13783 -0.27176 1.70824 -0.25861 -0.22724 1.72323
0.16984 -0.32083 1.62705 -0.21108 -0.27703 1.64399
0.2265 -0.40089 1.70113 -0.18568 -0.36135 1.7545
0.33401 -0.50444 1.71358 -0.12821 -0.48884 1.74734
0.40432 -0.56532 1.77725 -0.12649 -0.56806 1.8038
0.4129 -0.61463 1.84332 -0.11359 -0.5958 1.78444
0.49018 -0.62426 1.78242 -0.14025 -0.59112 1.83775
0.52736 -0.67285 1.81602 -0.15261 -0.59487 1.85475
0.56175 -0.71844 1.8848 -0.15637 -0.59618 1.88358
0.57061 -0.71834 1.85497 -0.15616 -0.59201 1.86135
0.57346 -0.72644 1.8679 -0.15623 -0.59524 1.87047
0.5716 -0.73003 1.86707 -0.14919 -0.59782 1.86412
0.56695 -0.73551 1.88512 -0.14859 -0.60195 1.87692
0.56584 -0.73691 1.8908 -0.14489 -0.60528 1.87634
0.56468 -0.73773 1.8966 -0.14616 -0.6056 1.88245
0.56787 -0.74187 1.90549 -0.15192 -0.60773 1.89622
0.5692 -0.74525 1.91651 -0.1558 -0.60974 1.90824
0.57133 -0.74834 1.92354 -0.15751 -0.61118 1.91656
0.55315 -0.7292 1.87546 -0.14718 -0.60166 1.85018
0.56379 -0.75032 1.92938 -0.15958 -0.59968 1.93443
0.56433 -0.7531 1.94118 -0.15542 -0.5983 1.94901
0.56806 -0.75169 1.9313 -0.15475 -0.59625 1.94492
0.56869 -0.75252 1.92812 -0.15541 -0.59541 1.94543
0.56716 -0.75303 1.93885 -0.15631 -0.59745 1.94954
0.56796 -0.75169 1.92781 -0.15646 -0.59487 1.94286
]
