classifier_Monkey_goes_to_car_24114 [ 0.58522 -0.76373 1.97848 -0.18425 -0.65203 1.77783
0.58847 -0.76242 1.97882 -0.2508 -0.61285 1.933
0.59139 -0.76209 1.9803 -0.25218 -0.61685 1.92957
0.59536 -0.7633 1.98651 -0.2542 -0.62007 1.92233
0.58 -0.73303 1.92566 -0.18783 -0.5956 1.72761
0.60888 -0.75597 2.00565 -0.20472 -0.61671 1.79398
0.61114 -0.73875 2.00474 -0.21345 -0.57876 1.78041
0.59891 -0.70934 1.94014 -0.20602 -0.4296 1.6417
0.56904 -0.58331 1.92511 -0.21631 -0.37227 1.63962
0.55379 -0.51231 1.84867 -0.22145 -0.30772 1.59281
0.56044 -0.47769 1.99063 -0.25918 -0.2876 1.74657
0.52434 -0.39295 1.86846 -0.25812 -0.23397 1.68414
0.45129 -0.22003 1.87178 -0.28677 -0.17832 1.77035
0.34034 -0.04295 1.79427 -0.30468 -0.12806 1.76394
0.32481 -0.01256 1.79808 -0.31252 -0.12722 1.77832
0.25401 0.06913 1.69747 -0.31685 -0.15728 1.69724
0.22655 0.07708 1.63202 -0.31623 -0.17458 1.63435
0.2294 0.07222 1.69803 -0.33119 -0.17137 1.69623
0.2195 0.02433 1.69458 -0.32408 -0.09888 1.68914
0.22099 -0.01854 1.71289 -0.31865 -0.04981 1.70361
0.2236 -0.06724 1.7229 -0.30491 0.00909 1.70209
0.22297 -0.10984 1.73193 -0.29298 0.05882 1.71467
0.22174 -0.13225 1.73376 -0.28609 0.09235 1.72125
0.22665 -0.09481 1.73178 -0.27869 0.10864 1.72067
0.23457 -0.0406 1.7406 -0.27906 0.08837 1.72005
0.23768 0.02325 1.7337 -0.27798 0.04565 1.70161
0.24371 0.07682 1.7426 -0.28174 -0.01876 1.68336
0.21302 0.19764 1.7545 -0.27751 -0.12969 1.68082
0.20331 0.19413 1.72994 -0.274 -0.19355 1.63896
0.20206 0.18439 1.76184 -0.27369 -0.17775 1.66684
0.2024 0.15604 1.74968 -0.27622 -0.14004 1.65278
0.22789 0.12879 1.87387 -0.30371 -0.09178 1.76459
0.21505 0.09586 1.72761 -0.2929 -0.02477 1.63195
0.23435 0.07747 1.81467 -0.33614 0.01873 1.72442
0.24445 0.0594 1.81862 -0.35242 0.06826 1.73179
0.25467 0.04278 1.82593 -0.37089 0.09159 1.74362
0.26849 0.02328 1.82559 -0.38998 0.08472 1.73908
0.26529 0.00095 1.7255 -0.40488 -0.00836 1.63327
0.28585 -0.01095 1.80993 -0.43838 -0.0713 1.70076
0.29333 -0.02114 1.81808 -0.44547 -0.10985 1.70411
0.29439 -0.02794 1.79438 -0.43341 -0.12549 1.6841
0.29639 -0.0308 1.79113 -0.43484 -0.11949 1.68932
0.29619 -0.02836 1.79346 -0.4389 -0.09825 1.69598
0.29449 -0.02449 1.79057 -0.43991 -0.09203 1.69325
0.29206 -0.02248 1.7901 -0.4404 -0.08503 1.69154
0.28947 -0.0244 1.79339 -0.44151 -0.08031 1.68803
0.28753 -0.02796 1.79442 -0.44519 -0.08107 1.69037
0.27664 -0.03136 1.72675 -0.42791 -0.07838 1.6248
0.27724 -0.03553 1.72549 -0.43107 -0.07915 1.62562
0.27662 -0.0373 1.7205 -0.42988 -0.08125 1.62408
0.27692 -0.03963 1.71715 -0.43045 -0.08166 1.62312
0.277 -0.03935 1.71378 -0.4302 -0.08168 1.6204
0.27647 -0.03861 1.71425 -0.43136 -0.08214 1.62137
0.27612 -0.03778 1.71256 -0.43376 -0.08071 1.62068
0.27532 -0.03875 1.71206 -0.43116 -0.07954 1.61628
0.2687 -0.03847 1.68692 -0.42427 -0.07916 1.59279
0.27007 -0.04114 1.70851 -0.43148 -0.07887 1.61706
0.26538 -0.05032 1.71145 -0.42839 -0.07938 1.61901
0.25931 -0.07258 1.71368 -0.42929 -0.08219 1.61988
0.27082 -0.1176 1.78931 -0.44625 -0.08922 1.68769
0.27287 -0.17341 1.78662 -0.44215 -0.09178 1.67452
0.28731 -0.23988 1.82892 -0.45019 -0.09857 1.69893
0.30942 -0.39782 1.88802 -0.44463 -0.11041 1.68778
0.32195 -0.45891 1.97341 -0.44751 -0.11849 1.70097
0.31484 -0.47017 2.06423 -0.45324 -0.12209 1.71543
0.23069 -0.49299 2.11563 -0.44865 -0.12386 1.70448
0.20766 -0.39903 2.17779 -0.45694 -0.1254 1.73742
0.1909 -0.30704 2.15267 -0.45606 -0.12776 1.74097
0.21878 -0.18178 2.11684 -0.45714 -0.12387 1.74003
0.15069 -0.17013 1.96856 -0.42898 -0.11423 1.63402
0.11564 -0.19937 1.99936 -0.44358 -0.10852 1.67545
0.33475 -0.19084 2.08678 -0.46494 -0.11143 1.75366
0.3358 -0.29884 2.05164 -0.44824 -0.11286 1.68572
0.32409 -0.32467 2.21585 -0.4708 -0.11405 1.7499
0.24179 -0.31018 2.22486 -0.4728 -0.11506 1.76061
0.20806 -0.29107 2.18192 -0.47148 -0.11316 1.76041
0.22502 -0.1795 2.14661 -0.47314 -0.11012 1.76102
0.29471 -0.13496 2.06533 -0.46959 -0.10588 1.75076
0.30666 -0.07032 1.98728 -0.46243 -0.10049 1.72398
0.32131 -0.01052 1.95255 -0.46028 -0.09519 1.72101
0.335 0.04272 1.92672 -0.4498 -0.091 1.68852
0.33013 0.0797 1.87009 -0.43293 -0.08579 1.63447
0.33801 0.09995 1.86142 -0.42799 -0.07946 1.62528
0.3772 0.10939 1.95167 -0.4463 -0.07894 1.71353
0.37075 0.06177 1.90467 -0.44147 -0.06889 1.70561
0.33029 0.01855 1.73748 -0.40773 -0.06415 1.57502
0.30117 -0.05648 1.73078 -0.40256 -0.06734 1.59268
0.29298 -0.07727 1.72893 -0.39943 -0.06975 1.59828
0.29235 -0.08625 1.7262 -0.39508 -0.06956 1.59798
0.29541 -0.08575 1.72771 -0.39606 -0.07042 1.59827
0.30037 -0.07875 1.73098 -0.39787 -0.06781 1.59952
0.30518 -0.06883 1.73355 -0.39752 -0.06605 1.59837
0.30914 -0.05976 1.74226 -0.39819 -0.06569 1.60309
0.31141 -0.05246 1.74688 -0.39716 -0.06626 1.60484
0.31123 -0.04868 1.74774 -0.39584 -0.06463 1.60651
0.30948 -0.04821 1.74875 -0.39551 -0.06478 1.60594
0.30821 -0.04847 1.74831 -0.39657 -0.06621 1.60643
0.30809 -0.05096 1.74849 -0.39729 -0.06725 1.60667
0.30947 -0.05555 1.74526 -0.39864 -0.06463 1.60455
0.31052 -0.05665 1.74393 -0.39767 -0.06221 1.60442
0.30603 -0.05998 1.73929 -0.40246 -0.0589 1.60439
0.29871 -0.06331 1.73138 -0.40139 -0.05943 1.60101
0.28762 -0.06596 1.72612 -0.40049 -0.05865 1.60132
0.27132 -0.06853 1.71458 -0.39808 -0.06084 1.59788
0.25112 -0.07296 1.71174 -0.39907 -0.06124 1.60476
0.22233 -0.07319 1.68261 -0.38961 -0.06208 1.58659
0.18883 -0.07496 1.66753 -0.38471 -0.0621 1.58119
0.16125 -0.08014 1.78177 -0.40986 -0.06735 1.70232
0.11104 -0.07629 1.65359 -0.37927 -0.06276 1.59189
0.07232 -0.08027 1.77982 -0.40633 -0.07007 1.72725
0.01888 -0.07605 1.75564 -0.39908 -0.07101 1.71927
-0.02246 -0.08913 1.84255 -0.42043 -0.0761 1.80776
-0.0779 -0.08012 1.81697 -0.41442 -0.07599 1.79232
-0.10879 -0.08601 1.77166 -0.39587 -0.08112 1.74659
-0.12966 -0.09343 1.72185 -0.39062 -0.07399 1.70035
-0.08376 -0.14912 1.73697 -0.38901 -0.07368 1.68925
-0.08336 -0.16141 1.74003 -0.38854 -0.07214 1.68553
-0.08621 -0.16483 1.74052 -0.38988 -0.06821 1.68191
-0.08617 -0.16468 1.73917 -0.39496 -0.06976 1.68177
-0.19702 -0.08579 1.68463 -0.39519 -0.07221 1.68303
-0.20337 -0.08659 1.71386 -0.40442 -0.07546 1.71466
-0.20503 -0.08197 1.6952 -0.39937 -0.07359 1.69604
-0.08666 -0.15986 1.74079 -0.39706 -0.07185 1.69121
-0.08607 -0.15671 1.73866 -0.3976 -0.07141 1.68817
-0.08639 -0.15283 1.73507 -0.39615 -0.06944 1.68624
-0.20828 -0.05988 1.62854 -0.38342 -0.06689 1.63581
-0.20712 -0.05977 1.62644 -0.38028 -0.06637 1.6333
-0.20219 -0.05601 1.62712 -0.38082 -0.06351 1.63148
-0.1987 -0.0555 1.62564 -0.38192 -0.06529 1.62806
-0.16141 -0.08274 1.74657 -0.39828 -0.06339 1.72605
-0.14774 -0.08486 1.73391 -0.39869 -0.06698 1.71252
-0.13635 -0.09051 1.74666 -0.40177 -0.0689 1.7227
-0.12075 -0.10004 1.74365 -0.4031 -0.0709 1.7173
-0.08176 -0.15049 1.84668 -0.42929 -0.08629 1.81594
-0.05717 -0.17218 1.72876 -0.39672 -0.09378 1.70219
-0.00076 -0.2325 1.75662 -0.39453 -0.12013 1.70947
0.0081 -0.26862 1.72473 -0.37768 -0.15642 1.69059
0.03255 -0.3205 1.70443 -0.34739 -0.20955 1.67688
0.05281 -0.39349 1.74961 -0.31903 -0.28631 1.72462
0.10633 -0.49877 1.69735 -0.22459 -0.43343 1.68343
0.1451 -0.57137 1.94234 -0.19698 -0.56219 1.80918
0.17164 -0.62271 2.07402 -0.21757 -0.6063 1.9423
0.22053 -0.6251 2.05276 -0.19166 -0.63952 1.88637
0.27755 -0.6656 1.9622 -0.18599 -0.6509 1.89318
0.33289 -0.61193 1.86062 -0.16819 -0.61182 1.76541
0.39094 -0.61919 1.89542 -0.16896 -0.61519 1.78011
0.42415 -0.65969 2.05917 -0.17792 -0.64586 1.86693
0.43818 -0.65689 2.08609 -0.18087 -0.64068 1.87301
0.48443 -0.66658 2.03776 -0.17822 -0.63636 1.84779
0.50756 -0.6743 2.05196 -0.18126 -0.63749 1.85561
0.54291 -0.68981 2.06626 -0.18244 -0.63907 1.86336
0.60514 -0.72034 1.96952 -0.17712 -0.62134 1.8118
0.60228 -0.7211 1.96329 -0.17687 -0.61871 1.80808
0.60086 -0.73573 1.98008 -0.17669 -0.61964 1.80926
0.59912 -0.74568 1.97477 -0.17764 -0.61994 1.8077
0.58962 -0.74056 1.94847 -0.1756 -0.61258 1.79675
0.58944 -0.74593 1.94557 -0.17753 -0.61407 1.80095
0.58817 -0.74164 1.91774 -0.17798 -0.60985 1.79011
0.58531 -0.74171 1.91352 -0.17761 -0.60881 1.78812
0.58514 -0.73882 1.90323 -0.17843 -0.60693 1.78447
0.58614 -0.73897 1.90419 -0.17831 -0.60658 1.7862
0.58634 -0.74011 1.90677 -0.18475 -0.60979 1.79408
0.58644 -0.73935 1.90519 -0.18226 -0.60873 1.7913
0.58796 -0.74062 1.90821 -0.18135 -0.60836 1.79279
0.58829 -0.74062 1.90841 -0.18163 -0.60819 1.79375
0.58911 -0.74099 1.9091 -0.18035 -0.60873 1.79421
0.58848 -0.74095 1.90997 -0.18122 -0.60891 1.79565
0.58911 -0.74215 1.91111 -0.18114 -0.61043 1.79414
0.58881 -0.74215 1.91063 -0.18159 -0.61052 1.79482
0.5896 -0.74227 1.91029 -0.18121 -0.61053 1.79468
0.58994 -0.74215 1.91045 -0.1801 -0.61128 1.79272
0.58828 -0.74042 1.90677 -0.17885 -0.61086 1.78772
0.58823 -0.73997 1.90599 -0.17961 -0.61079 1.7883
0.58836 -0.74035 1.90697 -0.17938 -0.61091 1.78752
0.58867 -0.74081 1.90794 -0.17993 -0.61115 1.78947
0.58975 -0.74162 1.9096 -0.17935 -0.61178 1.79012
]
