classifier_Man_car_bumps_into_each_other_23413 [ 0.52694 -0.64785 1.70607 -0.47627 -0.70612 1.82288
0.53514 -0.64752 1.69484 -0.47262 -0.6983 1.80793
0.55422 -0.6469 1.65405 -0.46966 -0.68641 1.79398
0.54407 -0.63909 1.66482 -0.46743 -0.67997 1.77747
0.53637 -0.63228 1.67621 -0.47115 -0.66306 1.7459
0.51951 -0.62004 1.79136 -0.49539 -0.62926 1.87662
0.50696 -0.59407 1.76355 -0.49883 -0.64451 1.78258
0.48121 -0.53912 1.65578 -0.47146 -0.58144 1.69408
0.45482 -0.51852 1.66594 -0.46392 -0.54527 1.6962
0.40915 -0.47886 1.62306 -0.44471 -0.48464 1.65099
0.35529 -0.41207 1.50675 -0.40824 -0.39397 1.54235
0.30264 -0.35767 1.4124 -0.37074 -0.31167 1.45185
0.28419 -0.34186 1.45714 -0.36198 -0.26176 1.5104
0.2584 -0.30451 1.43462 -0.33605 -0.20224 1.49431
0.2115 -0.24372 1.34194 -0.27408 -0.09972 1.40901
0.21503 -0.23031 1.42592 -0.27648 -0.07508 1.51165
0.1812 -0.12533 1.38594 -0.24255 -0.06049 1.47481
0.1514 -0.05438 1.3079 -0.21666 -0.06882 1.38409
0.15729 -0.04975 1.31673 -0.18373 -0.12671 1.36691
0.12508 0.16193 1.40521 -0.18668 -0.11671 1.39813
0.11137 0.18279 1.38244 -0.19056 -0.08374 1.38462
0.12163 0.16294 1.37686 -0.20002 -0.03465 1.38843
0.13233 0.11253 1.32191 -0.21119 0.0226 1.35555
0.14552 0.04996 1.28211 -0.22289 0.07614 1.34218
0.15002 -0.00505 1.26255 -0.23233 0.11477 1.34113
0.14845 -0.03086 1.25804 -0.24138 0.13131 1.34062
0.1426 -0.02216 1.26273 -0.24437 0.13082 1.34227
0.13603 0.01693 1.27902 -0.24296 0.11014 1.34875
0.1252 0.07457 1.31304 -0.23886 0.07286 1.36579
0.11921 0.12692 1.31003 -0.22317 0.02741 1.34723
0.11059 0.21746 1.39495 -0.20269 -0.04861 1.39063
0.11114 0.24025 1.40879 -0.19413 -0.06561 1.3942
0.11549 0.2443 1.41106 -0.19136 -0.06544 1.39158
0.12395 0.23063 1.40358 -0.19364 -0.04974 1.38956
0.13535 0.19879 1.38435 -0.19701 -0.01863 1.38447
0.14771 0.14843 1.35686 -0.20207 0.01673 1.37374
0.1554 0.08846 1.32055 -0.20631 0.05123 1.35425
0.16064 0.025 1.29952 -0.20777 0.08691 1.3449
0.16339 -0.03305 1.29255 -0.21479 0.11461 1.33848
0.16848 -0.12788 1.34017 -0.22956 0.16277 1.37826
0.17166 -0.16022 1.3737 -0.23791 0.17901 1.40562
0.19442 -0.21639 1.46992 -0.27368 0.21151 1.50151
0.20453 -0.23344 1.48963 -0.3 0.21048 1.52029
0.21509 -0.247 1.50779 -0.32234 0.20348 1.53009
0.22633 -0.26086 1.52234 -0.34876 0.18545 1.53193
0.23745 -0.2761 1.54078 -0.37641 0.15462 1.52685
0.24806 -0.29634 1.55115 -0.40607 0.11032 1.50744
0.23525 -0.29247 1.44449 -0.39115 0.06656 1.38015
0.23839 -0.30892 1.43862 -0.39504 0.04009 1.36342
0.2427 -0.33464 1.43879 -0.39324 0.02544 1.36316
0.2409 -0.34693 1.45773 -0.39683 0.02134 1.38094
0.2351 -0.35629 1.46473 -0.39615 0.0187 1.38649
0.23893 -0.37031 1.54094 -0.4144 0.02141 1.45181
0.22829 -0.36949 1.52123 -0.4077 0.02317 1.4274
0.22074 -0.37187 1.52366 -0.40982 0.02757 1.42456
0.19529 -0.34824 1.51591 -0.41652 0.0376 1.42964
0.17234 -0.30539 1.43991 -0.3997 0.03701 1.37054
0.17771 -0.09413 1.58711 -0.43709 0.04286 1.51216
0.14408 0.00854 1.53173 -0.41837 0.04421 1.46219
0.11833 0.09708 1.48803 -0.40437 0.04569 1.41134
0.10774 0.1701 1.52744 -0.40499 0.05076 1.43133
0.10571 0.29654 1.64782 -0.41688 0.06309 1.50273
0.10421 0.33448 1.65861 -0.41374 0.06737 1.50517
0.09521 0.36551 1.65354 -0.40712 0.07069 1.49745
0.08907 0.38132 1.65408 -0.40498 0.07284 1.49606
0.08228 0.38426 1.65676 -0.40427 0.07374 1.49748
0.07173 0.37586 1.65455 -0.40364 0.07417 1.49651
0.06167 0.35805 1.68165 -0.40968 0.07507 1.51662
0.04226 0.31357 1.62964 -0.39659 0.07256 1.46295
0.04322 0.21804 1.64192 -0.3979 0.07243 1.46496
0.03907 0.13743 1.73637 -0.41774 0.07596 1.52824
0.03403 0.04406 1.76218 -0.41908 0.07728 1.52907
0.0141 -0.02091 1.74973 -0.41036 0.07646 1.4861
0.03431 -0.16164 1.76484 -0.41383 0.08205 1.47917
0.04455 -0.18104 1.7279 -0.4136 0.08525 1.46534
0.07043 -0.17279 1.69562 -0.41526 0.08586 1.45792
0.10628 -0.14877 1.67969 -0.4169 0.08834 1.46657
0.14697 -0.10923 1.68034 -0.42035 0.09048 1.48046
0.18966 -0.05712 1.72403 -0.4328 0.09535 1.53725
0.26759 0.05591 1.56259 -0.39602 0.08439 1.43464
0.29714 0.06868 1.57707 -0.40359 0.08482 1.47377
0.31835 0.0647 1.55012 -0.40438 0.08218 1.48143
0.33223 0.04336 1.49981 -0.40032 0.07847 1.47019
0.34274 0.02432 1.46152 -0.39703 0.07532 1.46072
0.34312 0.01024 1.43318 -0.39411 0.07319 1.44618
0.33891 0.00506 1.42626 -0.39368 0.07248 1.44181
0.33175 0.00721 1.42575 -0.39363 0.07327 1.43935
0.32539 0.01098 1.42807 -0.39522 0.07537 1.44028
0.31692 0.01814 1.42921 -0.39585 0.07706 1.43919
0.30692 0.02312 1.43586 -0.3941 0.08099 1.4464
0.2897 0.03329 1.43985 -0.38361 0.08367 1.44794
0.26523 0.0439 1.43356 -0.36642 0.08856 1.4455
0.13902 0.08788 1.41105 -0.24036 0.10081 1.43913
0.07762 0.08842 1.3729 -0.19112 0.09663 1.39915
0.02576 0.09075 1.41403 -0.10378 0.10301 1.42767
0.02693 0.11789 1.3757 0.00266 0.14114 1.37238
0.04198 0.13838 1.40199 -0.19732 0.12319 1.44069
0.12693 0.15502 1.38125 -0.27344 0.14155 1.41963
0.22892 0.15587 1.37977 -0.36802 0.15204 1.41157
0.28013 0.15536 1.38991 -0.40695 0.15919 1.41887
0.37056 0.12119 1.40719 -0.49056 0.15356 1.44478
0.40726 0.10293 1.42638 -0.52161 0.15066 1.46411
0.42733 0.07314 1.42321 -0.53884 0.14159 1.4614
0.44072 0.05194 1.42673 -0.55432 0.13007 1.4644
0.45103 0.03013 1.44558 -0.56647 0.1193 1.48022
0.44552 0.01212 1.42685 -0.5642 0.10307 1.46236
0.42944 -0.03347 1.41892 -0.54772 0.06847 1.44188
0.42589 -0.04273 1.41933 -0.54179 0.0562 1.43785
0.42477 -0.06297 1.43044 -0.53769 0.04183 1.44221
0.41451 -0.1563 1.44239 -0.51133 -0.05057 1.41902
0.41554 -0.19912 1.44557 -0.50177 -0.09433 1.41329
0.4269 -0.30024 1.46653 -0.49678 -0.20876 1.40346
0.44281 -0.3518 1.48834 -0.50755 -0.27681 1.42019
0.48688 -0.42152 1.58329 -0.54797 -0.36319 1.52107
0.50921 -0.4677 1.61432 -0.56519 -0.41512 1.57092
0.53918 -0.51714 1.67305 -0.57072 -0.50071 1.61124
0.55462 -0.55058 1.68943 -0.56887 -0.55846 1.63848
0.5454 -0.57477 1.73789 -0.56252 -0.594 1.67255
0.54104 -0.58974 1.71218 -0.54559 -0.61314 1.68636
0.55969 -0.63381 1.67385 -0.53082 -0.62934 1.70401
0.56259 -0.64424 1.69131 -0.52913 -0.66322 1.75554
0.56397 -0.6508 1.69571 -0.52583 -0.68252 1.80529
0.56115 -0.65316 1.69965 -0.5129 -0.721 1.89472
0.56373 -0.65631 1.70037 -0.51111 -0.72649 1.91808
0.5631 -0.65677 1.70422 -0.5076 -0.72939 1.92986
0.56215 -0.65644 1.70285 -0.50299 -0.7295 1.9308
0.55407 -0.64594 1.67177 -0.49112 -0.71631 1.90132
0.56165 -0.64874 1.6453 -0.48031 -0.7097 1.87501
0.57363 -0.65862 1.74026 -0.49905 -0.73949 1.94384
0.54409 -0.64507 1.69126 -0.47925 -0.71263 1.85951
0.54321 -0.64553 1.70004 -0.47966 -0.71636 1.85317
0.54455 -0.64323 1.6885 -0.47692 -0.71133 1.83606
0.5631 -0.65 1.64603 -0.47667 -0.71187 1.82689
]
