classifier_Monkey_goes_to_man_16376 [ 0.52491 -0.67422 1.5991 -0.08659 -0.55474 1.67816
0.52577 -0.67477 1.59401 -0.0869 -0.55372 1.67956
0.52573 -0.67549 1.59651 -0.08747 -0.55424 1.67989
0.52521 -0.67485 1.59692 -0.09793 -0.56907 1.66782
0.52616 -0.67577 1.59577 -0.09732 -0.56818 1.66535
0.52623 -0.67586 1.5931 -0.09045 -0.55905 1.67437
0.52757 -0.67481 1.59493 -0.0905 -0.55832 1.67674
0.52472 -0.67161 1.59845 -0.09519 -0.56179 1.67173
0.51816 -0.65983 1.57733 -0.08985 -0.5483 1.65232
0.51541 -0.66029 1.59564 -0.0845 -0.53261 1.6747
0.50579 -0.65757 1.6125 -0.08343 -0.51322 1.68795
0.49258 -0.6532 1.63539 -0.07228 -0.46678 1.70959
0.43392 -0.64399 1.75635 -0.03312 -0.21953 1.82129
0.40762 -0.64384 1.76167 -0.03572 -0.1367 1.83984
0.39121 -0.65298 1.76748 -0.03015 -0.05368 1.86267
0.3514 -0.64528 1.87399 -0.02769 0.01166 1.88306
0.34496 -0.63895 1.81026 -0.01775 0.10003 1.88733
0.34137 -0.63039 1.88007 -0.02588 0.09038 1.9258
0.33766 -0.63299 1.88689 -0.02495 0.09032 1.92897
0.33161 -0.64292 1.90378 -0.02713 0.07675 1.93313
0.3299 -0.64641 1.90674 -0.00459 0.0984 1.95181
0.33046 -0.65377 1.90753 -0.0011 0.0783 1.95772
0.32894 -0.65917 1.91968 -0.012 0.0162 1.9516
0.33357 -0.66492 1.91423 -0.01139 -0.03009 1.95106
0.33403 -0.66941 1.90563 0.00189 -0.08382 1.94006
0.35388 -0.71544 2.02478 -0.00374 -0.19185 2.06122
0.33858 -0.68788 1.85459 -0.01269 -0.20356 1.93929
0.34061 -0.69004 1.86832 -0.02552 -0.21242 1.94111
0.35051 -0.72746 1.98984 -0.04121 -0.22731 2.07654
0.34967 -0.72495 1.98297 -0.06783 -0.21475 2.06754
0.34749 -0.72169 1.97235 -0.10186 -0.19029 2.04224
0.32908 -0.67528 1.88893 -0.16034 -0.11388 1.84371
0.33232 -0.66766 1.88139 -0.18335 -0.0993 1.82258
0.34842 -0.71057 1.9984 -0.21754 -0.1033 1.92526
0.32098 -0.67239 1.83355 -0.22383 -0.10938 1.80288
0.32246 -0.67859 1.84646 -0.24661 -0.1749 1.78289
0.33011 -0.68586 1.85671 -0.25007 -0.2177 1.7699
0.31942 -0.67101 1.83874 -0.24436 -0.28313 1.74514
0.32043 -0.6712 1.8403 -0.24154 -0.29156 1.74936
0.33331 -0.66921 1.88923 -0.23984 -0.28861 1.75413
0.33023 -0.67893 1.84796 -0.23937 -0.28157 1.75905
0.32663 -0.6775 1.84974 -0.23983 -0.27386 1.76046
0.32636 -0.6795 1.85992 -0.24344 -0.25901 1.76166
0.35558 -0.69682 1.82842 -0.24362 -0.25839 1.76261
0.3265 -0.67988 1.85436 -0.24311 -0.26058 1.76173
0.31639 -0.65105 1.80213 -0.23467 -0.26377 1.72145
0.34969 -0.63991 1.87139 -0.24029 -0.26688 1.76047
0.35766 -0.61547 1.86472 -0.23833 -0.26192 1.74088
0.38145 -0.61851 1.91409 -0.24487 -0.26512 1.77838
0.39585 -0.61344 1.93803 -0.24787 -0.26471 1.78884
0.41015 -0.56589 2.02768 -0.25579 -0.26882 1.82949
0.40446 -0.55449 2.05583 -0.2581 -0.26779 1.83919
0.40249 -0.50717 2.09391 -0.25816 -0.26756 1.83495
0.42673 -0.50465 2.15507 -0.26411 -0.27277 1.86501
0.42075 -0.47968 2.16014 -0.26408 -0.27279 1.8648
0.40893 -0.46105 2.16791 -0.26539 -0.27372 1.87052
0.41941 -0.47388 2.16578 -0.26458 -0.2747 1.86803
0.43627 -0.50108 2.16556 -0.26379 -0.27425 1.86668
0.4692 -0.55257 2.16634 -0.26191 -0.27231 1.86546
0.46359 -0.54271 2.17642 -0.26266 -0.27313 1.87225
0.456 -0.51549 2.18002 -0.26265 -0.27173 1.87122
0.4719 -0.50229 2.20513 -0.26329 -0.27016 1.87153
0.45641 -0.45668 2.19422 -0.26434 -0.26986 1.87234
0.39238 -0.43277 2.10584 -0.26261 -0.26647 1.85386
0.4037 -0.40922 2.0487 -0.26162 -0.26423 1.85073
0.38811 -0.38977 1.98668 -0.25877 -0.2629 1.84221
0.37425 -0.35425 1.94493 -0.2602 -0.26497 1.86149
0.30802 -0.2105 1.73887 -0.23445 -0.24214 1.71092
0.26852 -0.1129 1.79976 -0.23194 -0.24502 1.74728
0.27971 -0.12821 1.90684 -0.24411 -0.25951 1.85012
0.26481 -0.12579 1.89781 -0.24154 -0.25795 1.84849
0.25243 -0.13101 1.8858 -0.24009 -0.25727 1.84376
0.24296 -0.14686 1.88182 -0.23995 -0.25697 1.8435
0.23059 -0.22691 1.90152 -0.24266 -0.26229 1.86372
0.2174 -0.25815 1.88485 -0.23975 -0.26042 1.8492
0.19326 -0.2884 1.75842 -0.22001 -0.24217 1.7219
0.19307 -0.2893 1.76045 -0.21837 -0.24055 1.7216
0.19493 -0.28431 1.76545 -0.2172 -0.24007 1.72252
0.19711 -0.2764 1.75504 -0.21548 -0.23695 1.7108
0.20105 -0.26999 1.75385 -0.21522 -0.23687 1.70978
0.21584 -0.28176 1.86047 -0.22849 -0.25204 1.8145
0.21891 -0.27795 1.86059 -0.22845 -0.25419 1.82142
0.21519 -0.27383 1.85909 -0.22673 -0.25323 1.82307
0.20951 -0.27056 1.85412 -0.22523 -0.25365 1.82303
0.20011 -0.26737 1.84616 -0.22364 -0.25263 1.81773
0.15865 -0.25643 1.73402 -0.20861 -0.2364 1.71699
0.13781 -0.25516 1.72656 -0.20758 -0.23571 1.71551
0.11153 -0.24738 1.72005 -0.20658 -0.23505 1.71514
0.08483 -0.24249 1.7046 -0.20447 -0.23174 1.70364
0.05875 -0.24338 1.71557 -0.2052 -0.2318 1.71532
0.03064 -0.23925 1.70455 -0.20392 -0.23022 1.70797
0.00272 -0.23168 1.70197 -0.20281 -0.22881 1.70672
-0.01059 -0.24554 1.70487 -0.20418 -0.23362 1.6969
-0.02371 -0.24894 1.71152 -0.20125 -0.23523 1.70034
-0.00438 -0.28599 1.72105 -0.12212 -0.20574 1.69673
-0.00534 -0.28971 1.72314 -0.11558 -0.20043 1.70395
-0.00758 -0.29289 1.72645 -0.12704 -0.20834 1.70397
-0.10268 -0.24658 1.7604 -0.12497 -0.22454 1.7686
-0.16547 -0.23077 1.76516 -0.13554 -0.22693 1.77858
-0.15946 -0.22181 1.72691 -0.1368 -0.21493 1.73983
-0.1614 -0.22161 1.72693 -0.13666 -0.21636 1.73896
-0.16313 -0.22338 1.73358 -0.14376 -0.22206 1.74369
-0.15914 -0.24401 1.7635 -0.14817 -0.22636 1.7751
-0.17657 -0.24467 1.79096 -0.15572 -0.23203 1.80577
-0.17057 -0.22815 1.69645 -0.09729 -0.0515 1.72087
-0.17723 -0.24483 1.79062 -0.15858 -0.23361 1.80437
-0.08872 -0.29192 1.8127 -0.1617 -0.2341 1.8012
-0.17952 -0.2447 1.78938 -0.16226 -0.23342 1.80227
-0.12846 -0.27506 1.78225 -0.16139 -0.23243 1.78237
-0.17656 -0.24568 1.77902 -0.1559 -0.23183 1.79267
-0.08568 -0.27643 1.79044 -0.12569 -0.23939 1.79845
-0.05186 -0.28709 1.8042 -0.21518 -0.26633 1.8028
-0.0102 -0.26785 1.66054 -0.18563 -0.24901 1.67967
0.02372 -0.28918 1.64428 -0.18977 -0.2615 1.68523
0.06516 -0.3383 1.72313 -0.19237 -0.29333 1.79065
0.11215 -0.35432 1.57369 -0.16743 -0.29595 1.64733
0.16424 -0.4012 1.58281 -0.15882 -0.33856 1.67638
0.23053 -0.46518 1.6412 -0.15224 -0.4001 1.74644
0.2611 -0.46644 1.4989 -0.1182 -0.4011 1.58826
0.41 -0.60785 1.69562 -0.07487 -0.51153 1.76961
0.43161 -0.61912 1.67437 -0.0695 -0.52428 1.77122
0.49769 -0.65593 1.61302 -0.05857 -0.53696 1.74029
0.50468 -0.66226 1.6057 -0.06018 -0.54101 1.73573
0.51397 -0.66424 1.59379 -0.05774 -0.54071 1.72683
0.51422 -0.66667 1.59121 -0.0572 -0.54334 1.73011
0.51653 -0.66786 1.59071 -0.05565 -0.54554 1.73074
0.51807 -0.67032 1.59423 -0.05465 -0.54653 1.73212
0.52218 -0.67193 1.58693 -0.0543 -0.54532 1.73069
0.52235 -0.67241 1.58303 -0.05577 -0.54486 1.72796
0.52347 -0.67239 1.5831 -0.0549 -0.54543 1.72978
0.52327 -0.67395 1.58155 -0.05647 -0.5469 1.72965
0.52337 -0.67407 1.58605 -0.05624 -0.54865 1.73253
0.52155 -0.67352 1.58762 -0.05523 -0.54734 1.73191
0.52198 -0.67333 1.5881 -0.05539 -0.54642 1.73275
0.52396 -0.67424 1.58861 -0.05544 -0.54781 1.7332
0.5237 -0.67506 1.58704 -0.05644 -0.5473 1.73254
0.52704 -0.67669 1.58471 -0.05521 -0.54836 1.73431
]
