classifier_Monkey_goes_to_man_21441 [ 0.56482 -0.6535 1.67413 -0.50348 -0.72448 1.83667
0.56651 -0.65577 1.67755 -0.49804 -0.67151 1.8138
0.56417 -0.65711 1.68848 -0.49244 -0.64287 1.79512
0.56029 -0.65844 1.70223 -0.49437 -0.62039 1.74594
0.56272 -0.65977 1.7101 -0.50358 -0.61268 1.63945
0.56309 -0.66304 1.73686 -0.49811 -0.55227 1.57086
0.56701 -0.66808 1.75838 -0.47759 -0.47623 1.5262
0.53545 -0.62876 1.66867 -0.41109 -0.341 1.40269
0.53546 -0.62787 1.74723 -0.3269 -0.0869 1.43027
0.51699 -0.60461 1.729 -0.28291 0.02866 1.43043
0.52672 -0.58235 1.73723 -0.25199 0.1333 1.4872
0.50575 -0.57153 1.74555 -0.22001 0.2226 1.5002
0.51614 -0.5746 1.78681 -0.19604 0.31054 1.56614
0.50999 -0.54756 1.76483 -0.16451 0.39872 1.61297
0.5064 -0.53498 1.75267 -0.15837 0.40958 1.62297
0.50133 -0.52469 1.74391 -0.14374 0.39191 1.63962
0.49785 -0.53367 1.75117 -0.13076 0.30968 1.65633
0.47927 -0.51328 1.69744 -0.11576 0.24418 1.60173
0.50376 -0.56173 1.78639 -0.13261 -0.0081 1.73892
0.50322 -0.56055 1.77977 -0.13788 -0.02393 1.73747
0.47682 -0.52604 1.72153 -0.14787 -0.02666 1.6684
0.46334 -0.50869 1.66792 -0.17167 -0.02446 1.60464
0.48369 -0.54279 1.71952 -0.21952 -0.01693 1.64198
0.47642 -0.53041 1.68425 -0.26108 -0.00895 1.58754
0.47195 -0.52116 1.65657 -0.30521 -0.00349 1.54379
0.48596 -0.53188 1.69568 -0.36525 -0.00777 1.55589
0.49026 -0.53239 1.70205 -0.41726 -0.01827 1.5402
0.48896 -0.52848 1.69058 -0.46308 -0.03335 1.50937
0.48924 -0.52824 1.69316 -0.50569 -0.05276 1.4935
0.48768 -0.52766 1.69247 -0.53758 -0.07131 1.479
0.48454 -0.52522 1.68526 -0.55793 -0.08845 1.46789
0.48253 -0.52497 1.6862 -0.57286 -0.09881 1.46862
0.47951 -0.52178 1.67664 -0.5787 -0.1058 1.46691
0.46351 -0.50975 1.68304 -0.57363 -0.10909 1.4488
0.49007 -0.53954 1.73338 -0.60508 -0.11517 1.52841
0.48263 -0.53741 1.71224 -0.6008 -0.11892 1.52981
0.45285 -0.5143 1.62723 -0.57334 -0.11557 1.47041
0.44745 -0.51184 1.61856 -0.57272 -0.11902 1.47107
0.46435 -0.53349 1.68934 -0.59963 -0.12631 1.5445
0.45154 -0.51798 1.66071 -0.59762 -0.12636 1.54263
0.44534 -0.50076 1.63655 -0.59575 -0.12422 1.53958
0.43816 -0.47995 1.61905 -0.59292 -0.12193 1.53452
0.43131 -0.44239 1.64192 -0.6109 -0.12117 1.58549
0.42675 -0.42375 1.65997 -0.61233 -0.11857 1.59417
0.41071 -0.3915 1.61693 -0.58976 -0.11194 1.53841
0.42916 -0.37939 1.64504 -0.59291 -0.10925 1.55442
0.44224 -0.36052 1.64362 -0.58522 -0.10507 1.53836
0.45645 -0.36321 1.67094 -0.58272 -0.10402 1.53792
0.44428 -0.33843 1.70216 -0.57099 -0.10192 1.51226
0.40481 -0.30499 1.70675 -0.54984 -0.09527 1.46234
0.39401 -0.26135 1.84116 -0.5726 -0.09874 1.53069
0.36453 -0.22041 1.87568 -0.5712 -0.09829 1.53431
0.25775 -0.23685 1.88216 -0.55759 -0.09528 1.50536
0.37229 -0.25624 1.83152 -0.5612 -0.09704 1.52905
0.40868 -0.26451 1.79611 -0.55893 -0.09865 1.52641
0.42238 -0.2813 1.76348 -0.55602 -0.09943 1.51805
0.39187 -0.26445 1.80443 -0.55816 -0.10243 1.52431
0.37995 -0.18779 1.8498 -0.56086 -0.1034 1.53026
0.3414 -0.17036 1.86618 -0.5614 -0.10422 1.53051
0.35848 -0.16073 1.88235 -0.56817 -0.10489 1.55093
0.34094 -0.20074 1.73248 -0.5404 -0.09771 1.4797
0.34608 -0.2191 1.71261 -0.54248 -0.09807 1.48855
0.35081 -0.22165 1.70445 -0.5531 -0.10155 1.5257
0.34286 -0.20404 1.68326 -0.55093 -0.10366 1.52452
0.32892 -0.16832 1.66246 -0.54681 -0.10488 1.52506
0.30242 -0.12824 1.5761 -0.51822 -0.10192 1.4599
0.28977 -0.09196 1.54088 -0.51022 -0.1013 1.45144
0.28804 -0.05866 1.58103 -0.52294 -0.1045 1.50624
0.27567 -0.02866 1.56293 -0.5153 -0.10223 1.49876
0.26405 -0.0186 1.53098 -0.5014 -0.09889 1.47657
0.248 0.01515 1.5052 -0.49229 -0.08986 1.47905
0.24461 0.02126 1.50301 -0.49117 -0.08777 1.48852
0.23874 0.02975 1.48437 -0.48455 -0.08216 1.48054
0.23444 0.03202 1.47604 -0.48201 -0.07932 1.47413
0.2341 0.0353 1.47041 -0.48027 -0.07881 1.47162
0.23436 0.03642 1.46934 -0.47877 -0.07719 1.46954
0.23537 0.03653 1.47152 -0.47816 -0.07696 1.47124
0.23592 0.03569 1.46911 -0.47688 -0.07709 1.46719
0.2362 0.03325 1.4669 -0.4756 -0.07845 1.46711
0.2352 0.02976 1.45801 -0.47299 -0.07952 1.46298
0.2327 0.02782 1.44917 -0.47055 -0.07921 1.46265
0.22922 0.02241 1.44085 -0.46877 -0.08027 1.4604
0.22407 0.023 1.43308 -0.46768 -0.07881 1.45937
0.21937 0.01966 1.4316 -0.46776 -0.07886 1.46234
0.21286 0.02016 1.43114 -0.46823 -0.07676 1.46554
0.20668 0.01865 1.4324 -0.47016 -0.07588 1.46908
0.19391 0.01703 1.42985 -0.47189 -0.07759 1.46997
0.18637 0.01504 1.42906 -0.47318 -0.07799 1.47085
0.17923 0.01486 1.43859 -0.47752 -0.07885 1.48445
0.16746 0.01301 1.43643 -0.47841 -0.07851 1.48659
0.13184 0.01681 1.42011 -0.47501 -0.07748 1.48255
0.10919 0.01884 1.41707 -0.47446 -0.07727 1.48377
0.0826 0.02174 1.42848 -0.47728 -0.07911 1.50014
0.05235 0.02744 1.40872 -0.47054 -0.07696 1.48665
-0.01846 0.02051 1.40239 -0.46404 -0.07863 1.48887
-0.05705 0.01038 1.43647 -0.472 -0.07995 1.526
-0.14435 -0.00088 1.45013 -0.46761 -0.07708 1.54059
-0.23703 -0.00809 1.46908 -0.46497 -0.08003 1.55419
-0.28055 -0.01253 1.48227 -0.46473 -0.07885 1.56029
-0.30291 -0.03928 1.46192 -0.37165 -0.01912 1.46121
-0.33122 -0.05346 1.47525 -0.40301 -0.02234 1.46902
-0.32706 -0.05776 1.45476 -0.39601 -0.01538 1.44871
-0.33032 -0.06051 1.45689 -0.39976 -0.01391 1.45159
-0.33508 -0.0607 1.45788 -0.40347 -0.01499 1.45445
-0.33509 -0.06221 1.45768 -0.40451 -0.0153 1.45541
-0.33422 -0.06351 1.45662 -0.40493 -0.0172 1.45499
-0.33673 -0.06322 1.45424 -0.40594 -0.01633 1.4539
-0.3354 -0.06368 1.45119 -0.40727 -0.01826 1.45361
-0.35444 -0.04535 1.41007 -0.40136 -0.01989 1.42093
-0.33172 -0.05682 1.43683 -0.41684 -0.02425 1.45333
-0.31688 -0.05265 1.41602 -0.40922 -0.03154 1.43379
-0.24485 -0.08952 1.45592 -0.30903 -0.02638 1.4368
-0.17721 -0.08454 1.54996 -0.50613 -0.09479 1.61767
-0.14111 -0.07183 1.53193 -0.51078 -0.09994 1.61232
0.08572 -0.14501 1.51239 -0.525 -0.11244 1.59724
0.1674 -0.18711 1.47528 -0.51593 -0.11242 1.55141
0.24094 -0.23433 1.46225 -0.51049 -0.11619 1.52221
0.31982 -0.28465 1.48635 -0.51661 -0.12328 1.5284
0.38047 -0.32751 1.48466 -0.50969 -0.12615 1.4969
0.45349 -0.39071 1.58866 -0.53364 -0.13693 1.56066
0.49893 -0.42484 1.59522 -0.52962 -0.1409 1.54392
0.52711 -0.47323 1.65222 -0.5301 -0.14687 1.54037
0.54248 -0.50993 1.71805 -0.5295 -0.15296 1.53665
0.55244 -0.53919 1.75255 -0.52838 -0.15831 1.53557
0.56341 -0.58681 1.76273 -0.52299 -0.17532 1.52437
0.55286 -0.64274 1.70289 -0.49996 -0.21288 1.47773
0.54967 -0.64386 1.69662 -0.49767 -0.23471 1.46699
0.54079 -0.6405 1.68341 -0.49306 -0.25565 1.44421
0.53955 -0.6436 1.68404 -0.49461 -0.29987 1.44998
0.55572 -0.66129 1.7241 -0.50812 -0.36065 1.50411
0.55811 -0.66221 1.72393 -0.51013 -0.47298 1.5668
0.54387 -0.6462 1.68307 -0.49964 -0.51449 1.56732
0.54134 -0.63803 1.65619 -0.49565 -0.55191 1.58774
0.54243 -0.63773 1.65272 -0.49668 -0.589 1.62572
0.54665 -0.64293 1.66594 -0.501 -0.61696 1.67805
0.55062 -0.64692 1.67512 -0.5057 -0.63865 1.72542
0.55006 -0.64576 1.67251 -0.50741 -0.6557 1.75859
0.55355 -0.64893 1.68144 -0.50932 -0.70207 1.87477
0.55263 -0.64821 1.68223 -0.50888 -0.70259 1.88572
]
