classifier_Monkey_jumps_on_car_26119 [ 0.52159 -0.71222 1.83697 -0.13936 -0.6112 1.75476
0.51985 -0.7104 1.83684 -0.1387 -0.61071 1.75352
0.52129 -0.71038 1.83714 -0.13752 -0.61028 1.75618
0.52785 -0.71096 1.83435 -0.13421 -0.60633 1.75998
0.52971 -0.71003 1.83326 -0.13482 -0.60476 1.75945
0.54967 -0.73185 1.89503 -0.14182 -0.61487 1.81827
0.56313 -0.71722 1.821 -0.13988 -0.59309 1.76875
0.57189 -0.721 1.83475 -0.14735 -0.58554 1.77594
0.5668 -0.73244 1.8959 -0.16038 -0.58543 1.82242
0.57635 -0.73746 1.91754 -0.17735 -0.55688 1.84291
0.5672 -0.71274 1.86396 -0.1819 -0.54379 1.79706
0.55481 -0.68439 1.82449 -0.18543 -0.45815 1.71937
0.56813 -0.68736 1.87637 -0.20189 -0.43663 1.74824
0.53368 -0.64365 1.79884 -0.20677 -0.38744 1.67855
0.53653 -0.63264 1.88102 -0.22721 -0.36906 1.75342
0.47425 -0.50967 1.93972 -0.26265 -0.31251 1.77726
0.45123 -0.31935 1.72666 -0.28932 -0.28598 1.74802
0.42558 -0.22727 1.74772 -0.30857 -0.2965 1.79349
0.38277 -0.13465 1.71981 -0.30994 -0.29346 1.75201
0.35882 -0.05883 1.74483 -0.31596 -0.2856 1.75046
0.34657 0.02004 1.87084 -0.32699 -0.21928 1.79802
0.3324 0.01806 1.85802 -0.31229 -0.14551 1.75598
0.3075 -0.00809 1.76888 -0.28771 -0.06998 1.66133
0.31178 -0.05785 1.8512 -0.28635 -0.00145 1.73639
0.29854 -0.11851 1.85124 -0.27179 0.05828 1.74738
0.28061 -0.1699 1.82653 -0.26405 0.09441 1.75915
0.2603 -0.19375 1.79906 -0.2563 0.11775 1.75337
0.25079 -0.17312 1.79045 -0.26395 0.11154 1.75213
0.25686 -0.1138 1.80372 -0.28266 0.07777 1.76939
0.26914 -0.03701 1.81228 -0.31332 0.00798 1.78331
0.27562 0.09855 1.82472 -0.33629 -0.12908 1.76482
0.27269 0.14191 1.83686 -0.33837 -0.18756 1.77732
0.24822 0.16694 1.78899 -0.31887 -0.20602 1.73353
0.23507 0.17003 1.81294 -0.30697 -0.20663 1.75975
0.16258 0.07359 1.82007 -0.2494 -0.08287 1.7762
0.1754 0.00211 1.89045 -0.24147 -0.01853 1.82298
0.1558 -0.03691 1.75613 -0.21115 0.04898 1.69688
0.16576 -0.07042 1.81299 -0.21708 0.11278 1.75468
0.16825 -0.08634 1.79489 -0.22359 0.16707 1.7443
0.20045 -0.09612 1.80124 -0.29362 0.23563 1.75323
0.20105 -0.0916 1.73218 -0.30546 0.22026 1.67536
0.23194 -0.0959 1.86446 -0.41951 0.13722 1.78629
0.23649 -0.08883 1.78976 -0.43159 0.00252 1.68274
0.23984 -0.0868 1.79464 -0.43386 -0.0308 1.67938
0.2412 -0.08194 1.79877 -0.4287 -0.03864 1.68323
0.24409 -0.07515 1.80487 -0.42526 -0.03459 1.69389
0.24269 -0.0666 1.80793 -0.41982 -0.0235 1.69779
0.24213 -0.05879 1.80773 -0.41289 -0.00959 1.69721
0.22664 -0.04997 1.72513 -0.39106 0.00752 1.61511
0.22484 -0.05419 1.72806 -0.39275 0.00528 1.61912
0.22093 -0.06085 1.70739 -0.38407 0.00051 1.59852
0.22824 -0.07256 1.77989 -0.40039 -0.00448 1.66598
0.22718 -0.08024 1.78147 -0.40301 -0.00589 1.667
0.22864 -0.08577 1.78691 -0.4053 -0.00813 1.66971
0.23011 -0.08698 1.78813 -0.40693 -0.00899 1.66474
0.23167 -0.08647 1.79177 -0.40988 -0.00669 1.66446
0.23329 -0.08859 1.78982 -0.41158 -0.00667 1.6596
0.23299 -0.09396 1.79276 -0.41512 -0.00777 1.66135
0.23182 -0.10282 1.79166 -0.41705 -0.01002 1.66361
0.23082 -0.14054 1.83421 -0.42985 -0.01611 1.70686
0.22963 -0.15298 1.84573 -0.43534 -0.01909 1.7185
0.22666 -0.16059 1.83874 -0.43371 -0.02301 1.71294
0.21908 -0.16437 1.82765 -0.43471 -0.02601 1.71184
0.21907 -0.16133 1.82557 -0.4365 -0.03043 1.71502
0.21734 -0.15535 1.81783 -0.43631 -0.03364 1.70975
0.20802 -0.14603 1.7638 -0.42743 -0.03436 1.65896
0.2009 -0.16499 1.7712 -0.42874 -0.03606 1.66578
0.20411 -0.19804 1.82671 -0.44218 -0.03884 1.71466
0.19516 -0.22694 1.74025 -0.41914 -0.03996 1.62605
0.21152 -0.27341 1.76654 -0.42117 -0.04483 1.63093
0.24234 -0.32963 1.8704 -0.4379 -0.04771 1.70093
0.2628 -0.37171 1.93323 -0.43964 -0.0523 1.71735
0.2037 -0.40965 2.07693 -0.44183 -0.06059 1.72037
0.20921 -0.20617 2.1015 -0.44156 -0.06783 1.73347
0.26904 -0.1423 2.02708 -0.4368 -0.06838 1.72432
0.34948 -0.14839 2.01055 -0.43835 -0.07031 1.74138
0.39023 -0.21167 2.01031 -0.44026 -0.07326 1.74881
0.42527 -0.2662 2.00955 -0.44027 -0.07482 1.74327
0.39121 -0.32845 2.08726 -0.44285 -0.08343 1.75408
0.33273 -0.29386 2.10565 -0.44042 -0.08468 1.74677
0.23631 -0.23121 2.1226 -0.43684 -0.08492 1.73864
0.226 -0.07741 1.97935 -0.41567 -0.07473 1.66902
0.28973 -0.01118 2.00777 -0.43184 -0.07856 1.73654
0.29516 0.0232 1.9679 -0.42697 -0.07772 1.71825
0.29251 0.04222 1.88281 -0.41315 -0.07499 1.65587
0.27424 0.07311 1.76419 -0.38999 -0.07013 1.55953
0.28171 0.07978 1.77903 -0.39007 -0.07138 1.57371
0.28924 0.07653 1.76622 -0.39083 -0.07061 1.56266
0.30321 0.07795 1.80871 -0.40042 -0.06665 1.60413
0.31017 0.07978 1.80579 -0.40307 -0.06569 1.60961
0.31487 0.07735 1.78611 -0.39918 -0.06243 1.59909
0.34348 0.08518 1.92577 -0.43319 -0.06615 1.72886
0.3126 0.06401 1.80035 -0.40565 -0.06073 1.63279
0.312 0.04106 1.85259 -0.42142 -0.06476 1.70562
0.29568 -0.0008 1.81925 -0.42185 -0.06997 1.70379
0.28152 -0.03976 1.78581 -0.41578 -0.07295 1.69584
0.26927 -0.06729 1.76062 -0.41258 -0.07642 1.68439
0.26192 -0.07945 1.75507 -0.40924 -0.07834 1.67924
0.25678 -0.07724 1.74506 -0.40314 -0.07934 1.66874
0.24924 -0.06848 1.6911 -0.3873 -0.07555 1.61621
0.25619 -0.06505 1.74553 -0.40101 -0.07483 1.66571
0.25875 -0.06192 1.74883 -0.40191 -0.0712 1.67007
0.26339 -0.05602 1.75496 -0.40217 -0.06471 1.676
0.26713 -0.05582 1.76199 -0.40395 -0.06223 1.68274
0.26833 -0.05732 1.76603 -0.40505 -0.06408 1.68655
0.26959 -0.06171 1.76944 -0.40703 -0.06739 1.68952
0.26835 -0.06662 1.771 -0.40632 -0.06784 1.68902
0.26391 -0.07171 1.76444 -0.40277 -0.07205 1.6817
0.24982 -0.08096 1.72529 -0.39168 -0.07519 1.64437
0.25488 -0.0945 1.81366 -0.41001 -0.08476 1.72808
0.23637 -0.10336 1.7491 -0.39146 -0.0857 1.66664
0.22929 -0.11745 1.79772 -0.40023 -0.09429 1.72024
0.21916 -0.12384 1.84271 -0.40746 -0.10847 1.77432
0.1473 -0.00321 1.67824 -0.35926 -0.12211 1.66663
0.11581 0.04831 1.67644 -0.34786 -0.12683 1.67047
0.05283 0.19295 1.68855 -0.34164 -0.12993 1.70592
0.00172 0.23669 1.70909 -0.32939 -0.12997 1.70615
-0.06465 0.2821 1.65569 -0.30458 -0.12261 1.63444
-0.12918 0.30506 1.68062 -0.29269 -0.1166 1.63404
-0.19277 0.30266 1.70716 -0.28514 -0.11267 1.63137
-0.27197 0.30317 1.84136 -0.29741 -0.11557 1.73196
-0.30017 0.22387 1.84215 -0.29073 -0.11315 1.70836
-0.34134 0.17689 1.80625 -0.28254 -0.11349 1.65607
-0.34242 -0.08517 1.78576 -0.2938 -0.13576 1.67508
-0.30726 -0.14013 1.6078 -0.28751 -0.13725 1.59312
-0.32311 -0.12318 1.68245 -0.29674 -0.13509 1.63727
-0.32822 -0.11935 1.66997 -0.29707 -0.1288 1.6267
-0.32879 -0.09203 1.7813 -0.30652 -0.13046 1.67237
-0.34056 -0.08617 1.77902 -0.30468 -0.12961 1.66205
-0.30603 -0.11045 1.65908 -0.30186 -0.12693 1.62808
-0.30537 -0.11738 1.61254 -0.29834 -0.12452 1.60506
-0.30897 -0.08929 1.82349 -0.31566 -0.13061 1.68492
-0.31303 -0.1005 1.64576 -0.30367 -0.12378 1.61633
-0.38663 -0.00799 1.83566 -0.30689 -0.1222 1.69208
-0.36419 -0.02598 1.79673 -0.28493 -0.10926 1.64982
-0.36413 0.01395 1.8257 -0.27564 -0.09902 1.64089
-0.33459 0.0136 1.76505 -0.27336 -0.09401 1.58676
-0.33227 0.02724 1.85235 -0.27854 -0.09024 1.61933
-0.16059 -0.11645 1.98804 -0.29261 -0.07976 1.70712
-0.1563 -0.13974 2.03801 -0.31864 -0.11433 1.76985
-0.13493 -0.18652 2.12326 -0.31423 -0.14632 1.83501
-0.0605 -0.29687 1.84647 -0.2131 -0.28988 1.68531
0.01254 -0.41919 1.93235 -0.22508 -0.398 1.86123
0.08527 -0.47158 1.80711 -0.19062 -0.45392 1.78017
0.15657 -0.53466 1.71346 -0.16253 -0.53974 1.72049
0.2316 -0.60861 1.83949 -0.16293 -0.59683 1.81208
0.40574 -0.61071 1.83684 -0.14976 -0.6211 1.81524
0.44871 -0.66011 1.96068 -0.15484 -0.64107 1.87959
0.48875 -0.67528 1.98428 -0.15561 -0.63708 1.8743
0.55244 -0.71032 1.91264 -0.15015 -0.61609 1.81238
0.53891 -0.69582 1.87505 -0.14367 -0.59773 1.75836
0.5533 -0.71687 1.88294 -0.14358 -0.60541 1.77678
0.57284 -0.74688 1.94497 -0.1554 -0.6299 1.8462
0.57193 -0.74563 1.93002 -0.15382 -0.62926 1.84479
0.5647 -0.75086 1.93483 -0.15484 -0.63512 1.85902
0.56724 -0.73931 1.87507 -0.15094 -0.62066 1.81666
0.56985 -0.73952 1.87392 -0.15178 -0.62125 1.82119
0.56449 -0.74152 1.87653 -0.15231 -0.62094 1.82042
0.56635 -0.7408 1.87394 -0.15253 -0.62082 1.82004
0.565 -0.74215 1.87655 -0.15309 -0.62148 1.82235
0.56608 -0.74216 1.8766 -0.15495 -0.62129 1.82539
0.56991 -0.74374 1.88162 -0.1567 -0.62229 1.83012
0.57023 -0.74433 1.8822 -0.1588 -0.62205 1.83332
0.57473 -0.74424 1.88407 -0.15987 -0.6226 1.83631
0.57346 -0.74209 1.89078 -0.16032 -0.62293 1.83901
0.57758 -0.74222 1.88959 -0.16034 -0.62384 1.83939
0.57751 -0.74227 1.88743 -0.16093 -0.623 1.83982
0.5768 -0.74245 1.88888 -0.16119 -0.62274 1.84149
0.57624 -0.74293 1.8891 -0.16143 -0.62204 1.84254
0.5734 -0.74271 1.89083 -0.16208 -0.62278 1.84217
0.57546 -0.74592 1.88949 -0.1621 -0.62339 1.84389
0.57273 -0.74708 1.8925 -0.16238 -0.6241 1.84388
0.56577 -0.7514 1.91421 -0.16456 -0.62776 1.85722
0.56806 -0.75254 1.91519 -0.16457 -0.62827 1.86078
0.56932 -0.7523 1.913 -0.165 -0.62793 1.8594
0.56748 -0.75509 1.92389 -0.16513 -0.63012 1.86564
0.56316 -0.75746 1.93194 -0.16657 -0.63198 1.87299
0.56338 -0.75831 1.93227 -0.16667 -0.63267 1.87437
0.56605 -0.75371 1.91485 -0.1667 -0.62952 1.86292
0.56662 -0.75221 1.9103 -0.16546 -0.62819 1.85902
0.56279 -0.75503 1.92534 -0.16505 -0.6316 1.8659
0.56251 -0.75657 1.93004 -0.16591 -0.63337 1.87021
0.55991 -0.7576 1.93111 -0.16644 -0.6331 1.87186
]
