classifier_Man_goes_to_car_23414 [ 0.56832 -0.64536 1.65222 -0.46347 -0.68976 1.75424
0.56755 -0.64042 1.64864 -0.4678 -0.67813 1.71232
0.50143 -0.54283 1.67789 -0.46734 -0.5526 1.63331
0.51721 -0.5144 1.67785 -0.46722 -0.51748 1.68394
0.49216 -0.47261 1.67026 -0.45633 -0.45676 1.68322
0.44576 -0.40427 1.61334 -0.42851 -0.38536 1.63226
0.40514 -0.32933 1.53878 -0.39198 -0.32047 1.56461
0.38556 -0.27232 1.54644 -0.3764 -0.27878 1.56863
0.36429 -0.20634 1.54991 -0.3569 -0.24606 1.57102
0.31816 -0.12193 1.46841 -0.31681 -0.20832 1.48223
0.26952 -0.04732 1.37963 -0.27575 -0.17133 1.37704
0.2372 0.01292 1.35703 -0.25322 -0.13529 1.34162
0.22057 0.06133 1.36595 -0.23683 -0.0922 1.33973
0.21395 0.09454 1.39712 -0.23367 -0.03778 1.3741
0.20875 0.09967 1.39502 -0.22464 0.03048 1.38828
0.20498 0.07953 1.37822 -0.21552 0.09646 1.4103
0.19149 -0.02384 1.30381 -0.2071 0.18552 1.41697
0.18826 -0.07461 1.29094 -0.21139 0.20963 1.42021
0.20094 -0.09058 1.34462 -0.23533 0.21267 1.46101
0.19869 -0.04516 1.32582 -0.23835 0.17789 1.42161
0.18631 0.0178 1.30071 -0.23893 0.12614 1.37016
0.15938 0.14698 1.3495 -0.23643 0.0136 1.37036
0.14699 0.1991 1.38523 -0.22596 -0.03588 1.3794
0.1363 0.23695 1.42121 -0.21485 -0.06971 1.40032
0.13861 0.25238 1.43693 -0.20064 -0.06566 1.41028
0.15153 0.23 1.42956 -0.20459 -0.03374 1.41344
0.19097 0.12237 1.3787 -0.21255 0.06556 1.40478
0.20958 0.05166 1.37962 -0.22006 0.11473 1.42785
0.21415 -0.01858 1.35273 -0.2175 0.15231 1.41246
0.20301 -0.07154 1.28534 -0.20776 0.16984 1.3432
0.20279 -0.10851 1.29806 -0.20765 0.18692 1.35311
0.21287 -0.13911 1.40831 -0.22375 0.20835 1.46076
0.08677 -0.08455 1.14157 -0.21202 0.19637 1.39329
0.092 -0.08648 1.15148 -0.23249 0.18721 1.41724
0.21104 -0.13184 1.36411 -0.24297 0.18077 1.4187
0.23004 -0.13011 1.43483 -0.27783 0.17803 1.49381
0.22712 -0.11863 1.38101 -0.28747 0.15893 1.43518
0.24374 -0.12387 1.39973 -0.34436 0.11297 1.42242
0.25243 -0.14166 1.41075 -0.36691 0.08391 1.40083
0.25884 -0.16806 1.41571 -0.39007 0.05062 1.38179
0.26451 -0.20769 1.44881 -0.40707 0.02727 1.40045
0.26533 -0.24367 1.45341 -0.40988 0.01562 1.3963
0.25589 -0.27225 1.4325 -0.40115 0.01184 1.37234
0.26133 -0.31285 1.5045 -0.41698 0.01382 1.43464
0.25181 -0.33926 1.5196 -0.4173 0.01932 1.44009
0.24468 -0.36276 1.54424 -0.42489 0.02463 1.45648
0.21912 -0.34986 1.46259 -0.40152 0.02827 1.37115
0.21015 -0.35474 1.47806 -0.40475 0.03357 1.38239
0.20994 -0.35705 1.53074 -0.42195 0.03966 1.43617
0.18347 -0.14828 1.53995 -0.42995 0.04921 1.49662
0.17385 -0.07054 1.5494 -0.42951 0.05281 1.50408
0.16595 0.05465 1.5349 -0.40323 0.05777 1.44487
0.11847 0.15421 1.48587 -0.38934 0.05974 1.40679
0.1002 0.3169 1.61929 -0.39388 0.07668 1.47231
0.10149 0.33889 1.64746 -0.39705 0.08046 1.49293
0.09565 0.35122 1.65868 -0.39606 0.08301 1.50014
0.08827 0.34819 1.65996 -0.39561 0.08555 1.50306
0.07444 0.33236 1.66461 -0.39607 0.08717 1.50518
0.06636 0.28177 1.68431 -0.3973 0.08856 1.51326
0.04129 0.22009 1.67403 -0.39295 0.08821 1.48872
0.03076 0.13318 1.73367 -0.40031 0.08988 1.51531
0.02911 0.02954 1.75043 -0.40091 0.08918 1.50487
0.01496 -0.04937 1.71609 -0.38531 0.08559 1.43757
0.01508 -0.10834 1.77586 -0.39213 0.08644 1.44996
0.13069 -0.19659 1.71385 -0.41266 0.0903 1.48162
0.14378 -0.14164 1.67298 -0.41119 0.08956 1.47252
0.18585 -0.09858 1.6156 -0.40088 0.08795 1.43917
0.22717 -0.05656 1.60164 -0.39849 0.08821 1.43973
0.26931 -0.01546 1.58471 -0.39751 0.08908 1.4466
0.30595 0.01496 1.56311 -0.39586 0.08852 1.45041
0.33202 0.03451 1.49175 -0.38228 0.08637 1.41215
0.36727 0.03694 1.46909 -0.38379 0.08737 1.42696
0.39952 0.02859 1.44382 -0.38675 0.08708 1.44023
0.42677 0.0083 1.40615 -0.38501 0.08668 1.44408
0.4361 -0.04312 1.33045 -0.37646 0.0815 1.41329
0.43371 -0.05527 1.34406 -0.38035 0.08174 1.42699
0.42282 -0.05603 1.34728 -0.381 0.0818 1.42651
0.40718 -0.0526 1.33699 -0.37744 0.08029 1.40924
0.39404 -0.04951 1.33208 -0.37703 0.07998 1.39876
0.38327 -0.04334 1.33162 -0.37587 0.07919 1.39497
0.36626 -0.03148 1.36456 -0.38538 0.08274 1.42707
0.34921 -0.02204 1.37121 -0.38575 0.08373 1.43596
0.32335 -0.00825 1.36446 -0.38391 0.08435 1.42966
0.26393 0.01873 1.37152 -0.38171 0.0865 1.43753
0.23034 0.03033 1.37607 -0.38072 0.08735 1.43991
0.19165 0.0453 1.37804 -0.37945 0.08756 1.43962
0.14928 0.05252 1.35254 -0.37073 0.08609 1.41062
0.10928 0.06427 1.35805 -0.37146 0.08607 1.41333
0.06894 0.06981 1.3725 -0.37229 0.08708 1.42029
0.02818 0.07672 1.38744 -0.37332 0.08772 1.42687
-0.05086 0.08425 1.39524 -0.36837 0.08753 1.41159
-0.08223 0.07515 1.40491 -0.36382 0.09112 1.40502
-0.11482 0.06692 1.39075 -0.35916 0.08861 1.37901
-0.12055 0.04062 1.4261 -0.37019 0.08891 1.40085
-0.22175 0.09323 1.38367 -0.37357 0.08931 1.39024
-0.3095 0.08987 1.44285 -0.35849 0.09153 1.45085
-0.32127 0.09186 1.49596 -0.4111 0.08424 1.51303
-0.33007 0.09326 1.52349 -0.4609 0.08079 1.55503
-0.3211 0.09153 1.47036 -0.43729 0.08622 1.49605
-0.33378 0.09015 1.53455 -0.4741 0.07389 1.57723
-0.33127 0.09082 1.50799 -0.46373 0.07844 1.54057
-0.33737 0.08803 1.53857 -0.47228 0.07909 1.57188
-0.33822 0.08355 1.50795 -0.46373 0.07296 1.54288
-0.34863 0.08372 1.53773 -0.47039 0.07477 1.57198
-0.35391 0.08511 1.53729 -0.46692 0.07111 1.5742
-0.35679 0.08676 1.502 -0.45317 0.07099 1.53445
-0.1381 0.0109 1.47281 -0.40688 0.07857 1.4634
-0.11032 0.00685 1.4148 -0.3851 0.07602 1.40012
-0.08253 0.00543 1.43451 -0.38819 0.07765 1.41295
-0.03733 -0.02095 1.45096 -0.39134 0.07775 1.41875
-0.00357 -0.02164 1.4397 -0.38977 0.0759 1.4062
0.09464 -0.07305 1.4662 -0.40384 0.06706 1.42024
0.15272 -0.10926 1.48015 -0.41183 0.05697 1.42812
0.2127 -0.1574 1.47591 -0.41651 0.03663 1.41487
0.38514 -0.30686 1.51171 -0.43237 -0.07417 1.38668
0.42975 -0.34538 1.52301 -0.44221 -0.13142 1.36995
0.49752 -0.40171 1.61167 -0.4826 -0.20093 1.4308
0.56427 -0.51506 1.7638 -0.53697 -0.42376 1.51359
0.56194 -0.56205 1.70542 -0.5229 -0.59938 1.57457
0.55791 -0.59464 1.68725 -0.50965 -0.64831 1.66971
0.57004 -0.63427 1.6773 -0.50167 -0.66662 1.71303
0.57255 -0.64228 1.68325 -0.49536 -0.6792 1.76323
0.57124 -0.64263 1.67565 -0.48825 -0.69188 1.80136
0.55302 -0.63396 1.63765 -0.46491 -0.69578 1.83248
0.57789 -0.66103 1.69705 -0.47096 -0.68588 1.92008
0.5816 -0.66559 1.69798 -0.45083 -0.64495 1.94296
0.58272 -0.66658 1.6984 -0.45055 -0.65213 1.94394
0.58454 -0.66809 1.69966 -0.44705 -0.64036 1.94646
0.58373 -0.66846 1.6981 -0.44743 -0.64914 1.93791
0.58498 -0.67031 1.7039 -0.44861 -0.65156 1.93651
0.58537 -0.67101 1.70438 -0.44547 -0.6329 1.9359
0.58505 -0.6702 1.69637 -0.44984 -0.65679 1.90818
0.57544 -0.66397 1.71223 -0.45062 -0.65832 1.89935
0.57391 -0.6663 1.72806 -0.45317 -0.6608 1.90233
0.56726 -0.6445 1.61442 -0.44099 -0.67369 1.79765
0.62753 -0.67228 1.63899 -0.4602 -0.7058 1.86887
0.57318 -0.65452 1.71519 -0.45874 -0.70222 1.86383
]
