classifier_Monkey_goes_to_man_23117 [ 0.54817 -0.75828 1.9562 -0.15528 -0.64681 1.85654
0.5489 -0.75899 1.95706 -0.15462 -0.64694 1.856
0.55164 -0.76007 1.95789 -0.15522 -0.64708 1.85702
0.55071 -0.76027 1.9588 -0.15591 -0.64694 1.85883
0.53217 -0.75707 1.97437 -0.15458 -0.64707 1.85765
0.53197 -0.75704 1.97346 -0.15547 -0.64693 1.85745
0.53017 -0.75707 1.97549 -0.1558 -0.64702 1.85878
0.52903 -0.75719 1.9761 -0.15582 -0.64653 1.85869
0.53039 -0.75808 1.97796 -0.15582 -0.64691 1.85645
0.55742 -0.76057 1.95686 -0.15543 -0.64647 1.85665
0.55989 -0.76115 1.95639 -0.15536 -0.64651 1.85574
0.56308 -0.76187 1.9594 -0.15658 -0.64574 1.85689
0.56609 -0.76025 1.96531 -0.1561 -0.64533 1.8565
0.56787 -0.76013 1.96363 -0.15546 -0.64589 1.85465
0.56616 -0.75842 1.96649 -0.15577 -0.64484 1.8546
0.56696 -0.75847 1.96696 -0.15553 -0.64414 1.85276
0.56402 -0.75582 1.9674 -0.15544 -0.64375 1.85088
0.56382 -0.7534 1.96373 -0.15439 -0.64256 1.84465
0.56493 -0.75091 1.9636 -0.15511 -0.64178 1.84521
0.56493 -0.75154 1.96361 -0.1546 -0.64129 1.84494
0.56322 -0.75194 1.96414 -0.15403 -0.64229 1.84349
0.56362 -0.75254 1.96526 -0.15488 -0.64169 1.84584
0.56142 -0.75055 1.96142 -0.15488 -0.64147 1.84495
0.5611 -0.74937 1.96328 -0.15431 -0.64167 1.8439
0.55936 -0.74765 1.96087 -0.15379 -0.64095 1.84114
0.55181 -0.73931 1.9612 -0.15452 -0.63986 1.84163
0.52357 -0.74599 1.97811 -0.15445 -0.63932 1.84305
0.50305 -0.74131 1.98581 -0.15516 -0.63598 1.84578
0.47662 -0.74424 2.01477 -0.1556 -0.62855 1.8606
0.45844 -0.74293 2.00945 -0.14998 -0.55132 1.83954
0.46352 -0.76156 2.05066 -0.1211 -0.48445 1.83474
0.42635 -0.74806 2.02897 -0.1084 -0.36081 1.76032
0.42398 -0.7508 2.03779 -0.14043 -0.24951 1.76175
0.42791 -0.7495 2.01927 -0.06418 0.18776 1.72205
0.41616 -0.73873 1.99828 -0.07764 0.24096 1.74609
0.4248 -0.75824 2.06775 -0.07213 0.33916 1.84628
0.42364 -0.75512 2.06456 -0.073 0.34906 1.92338
0.42384 -0.75468 2.06429 -0.06292 0.34334 1.96268
0.42289 -0.75659 2.07651 -0.05683 0.33717 1.96876
0.42317 -0.76043 2.09047 -0.04917 0.30802 1.97364
0.42726 -0.76297 2.08667 -0.04435 0.26758 1.9665
0.43026 -0.76521 2.08265 -0.05145 0.19388 1.94323
0.42822 -0.76358 2.09373 -0.06416 0.13199 1.93652
0.42296 -0.74491 2.01623 -0.10498 0.04697 1.85663
0.42599 -0.74666 2.01089 -0.16094 -0.01604 1.841
0.41982 -0.73619 1.98185 -0.21836 -0.05697 1.80088
0.42009 -0.73567 1.97782 -0.28815 -0.1056 1.78914
0.40251 -0.72166 1.96713 -0.48558 -0.28888 1.75119
0.40404 -0.72285 1.95842 -0.48853 -0.28668 1.77687
0.39943 -0.711 1.91558 -0.47741 -0.27463 1.74489
0.39977 -0.70942 1.91024 -0.4738 -0.26788 1.7377
0.40157 -0.70985 1.90927 -0.47525 -0.26477 1.73665
0.41908 -0.69775 1.8277 -0.46642 -0.25431 1.69316
0.41961 -0.69673 1.82587 -0.46745 -0.2505 1.68942
0.41863 -0.66944 1.73979 -0.45202 -0.23851 1.62883
0.39883 -0.7011 1.88752 -0.47727 -0.24747 1.71469
0.39966 -0.7016 1.88835 -0.4792 -0.24605 1.71537
0.41679 -0.7391 1.99346 -0.508 -0.25858 1.8081
0.37568 -0.68418 1.85589 -0.46933 -0.23949 1.66416
0.38153 -0.694 1.87647 -0.47915 -0.2434 1.68452
0.37579 -0.70051 1.90363 -0.48193 -0.24476 1.68998
0.3713 -0.69634 1.89657 -0.48312 -0.24557 1.68979
0.37839 -0.70016 1.90344 -0.48538 -0.24736 1.69299
0.36833 -0.68939 1.88029 -0.4797 -0.24417 1.66653
0.37522 -0.68239 1.84781 -0.48075 -0.24573 1.66496
0.37327 -0.68324 1.85371 -0.48185 -0.24651 1.66499
0.39026 -0.69574 1.88864 -0.49513 -0.2534 1.70728
0.37963 -0.67455 1.86607 -0.48733 -0.24619 1.67408
0.38009 -0.65109 1.89212 -0.49302 -0.24561 1.68899
0.4154 -0.64398 1.7711 -0.48185 -0.2347 1.64689
0.40821 -0.60722 1.80579 -0.49072 -0.23198 1.6699
0.40685 -0.48421 1.86459 -0.50602 -0.22719 1.71388
0.31443 -0.35769 1.95968 -0.50286 -0.21545 1.72953
0.28725 -0.31257 2.0201 -0.50689 -0.21616 1.74756
0.21615 -0.25016 2.04145 -0.50452 -0.21238 1.74492
0.19138 -0.18841 2.05286 -0.51045 -0.21006 1.7743
0.1975 -0.11409 2.04568 -0.51152 -0.20291 1.78099
0.20343 -0.10111 2.00996 -0.50742 -0.19478 1.76853
0.34918 -0.09824 1.96663 -0.52187 -0.18859 1.80533
0.36391 -0.15402 1.93522 -0.517 -0.18432 1.78078
0.36928 -0.25054 1.99359 -0.53013 -0.19066 1.81587
0.20177 -0.25942 2.05304 -0.52253 -0.19423 1.77736
0.16188 -0.25518 2.00866 -0.51719 -0.19311 1.76042
0.20798 -0.17718 2.06272 -0.5363 -0.20082 1.82525
0.1451 -0.16458 1.94769 -0.50958 -0.19094 1.73587
0.21215 -0.09799 2.01166 -0.53251 -0.19941 1.81231
0.27003 0.04435 1.93656 -0.52773 -0.19656 1.80251
0.29268 0.07913 2.04172 -0.55045 -0.2087 1.89167
0.27753 0.08953 1.88412 -0.50457 -0.18893 1.74586
0.28312 0.09456 1.881 -0.4989 -0.18467 1.74477
0.27756 0.06485 1.85424 -0.48256 -0.17258 1.7442
0.27011 0.03001 1.82503 -0.47075 -0.16722 1.73297
0.27642 -0.00798 1.85768 -0.47651 -0.16706 1.7781
0.27604 -0.03555 1.84391 -0.47074 -0.16355 1.77464
0.27784 -0.05074 1.83521 -0.46319 -0.15899 1.7675
0.28829 -0.05166 1.82574 -0.45329 -0.15546 1.75547
0.29632 -0.04842 1.84609 -0.45514 -0.15354 1.77014
0.30098 -0.04534 1.85258 -0.45632 -0.15262 1.77462
0.3042 -0.04495 1.85694 -0.45687 -0.15197 1.7754
0.30824 -0.04512 1.86197 -0.45536 -0.15148 1.7805
0.3108 -0.04927 1.8588 -0.45448 -0.15041 1.77817
0.30507 -0.05175 1.80913 -0.4401 -0.14545 1.73269
0.31756 -0.06375 1.87688 -0.45312 -0.1538 1.80187
0.31397 -0.06873 1.8701 -0.45136 -0.15496 1.79702
0.30835 -0.07309 1.86505 -0.44951 -0.15447 1.7934
0.30232 -0.07734 1.86308 -0.44658 -0.15293 1.79286
0.2944 -0.08004 1.8592 -0.44616 -0.15345 1.79384
0.266 -0.07804 1.73546 -0.41468 -0.14284 1.67907
0.24471 -0.07786 1.68392 -0.40103 -0.14208 1.63464
0.2301 -0.07982 1.70743 -0.40385 -0.14542 1.6611
0.20654 -0.08085 1.69875 -0.39916 -0.14517 1.65844
0.17758 -0.0815 1.69249 -0.39361 -0.14651 1.65723
0.14427 -0.08132 1.67642 -0.38531 -0.14598 1.64656
0.11632 -0.0854 1.76787 -0.40226 -0.15847 1.74172
0.07536 -0.08022 1.73189 -0.39048 -0.15648 1.71808
0.00012 -0.08729 1.75012 -0.3884 -0.16054 1.75688
-0.03567 -0.08796 1.65233 -0.36224 -0.1514 1.6637
-0.08683 -0.09634 1.75456 -0.38051 -0.15552 1.77488
-0.1262 -0.11159 1.78506 -0.37884 -0.1455 1.79987
-0.14954 -0.16298 1.78303 -0.27703 -0.10665 1.75753
-0.14595 -0.18086 1.76885 -0.28046 -0.10728 1.73419
-0.2587 -0.1218 1.71009 -0.27756 -0.10452 1.70509
-0.28864 -0.10679 1.73083 -0.28152 -0.11238 1.73167
-0.27602 -0.09993 1.66139 -0.26572 -0.10436 1.66117
-0.28907 -0.10304 1.74003 -0.2798 -0.10831 1.74032
-0.28617 -0.10109 1.72614 -0.27505 -0.10174 1.7252
-0.27276 -0.09499 1.61581 -0.26081 -0.09756 1.61428
-0.28848 -0.1004 1.73078 -0.2852 -0.10605 1.73143
-0.28115 -0.09664 1.68734 -0.27136 -0.09708 1.68615
-0.26996 -0.09225 1.61863 -0.26574 -0.09524 1.61758
-0.26879 -0.09171 1.62003 -0.2634 -0.09643 1.61943
-0.27346 -0.093 1.65633 -0.26927 -0.09306 1.65487
-0.27779 -0.09308 1.68779 -0.27151 -0.09389 1.68552
-0.27596 -0.09207 1.68902 -0.26862 -0.09354 1.6878
-0.28141 -0.09179 1.68158 -0.26472 -0.09082 1.67846
-0.28458 -0.08895 1.64728 -0.25584 -0.08609 1.64217
-0.13072 -0.14478 1.79974 -0.26933 -0.09266 1.7783
-0.12771 -0.13829 1.82244 -0.16916 -0.10394 1.81074
-0.09815 -0.14084 1.81161 -0.35941 -0.15319 1.82178
-0.06971 -0.159 1.72263 -0.3348 -0.17105 1.73865
-0.01567 -0.22514 1.79574 -0.33421 -0.2067 1.79973
0.00329 -0.25955 1.72246 -0.30644 -0.23435 1.73964
0.03839 -0.33571 1.82096 -0.30267 -0.29263 1.84015
0.07201 -0.38222 1.72831 -0.25305 -0.32388 1.74565
0.12021 -0.44725 1.74535 -0.22405 -0.38852 1.76679
0.17789 -0.51009 1.79391 -0.20828 -0.46284 1.81875
0.20745 -0.5754 1.76948 -0.1771 -0.50818 1.75794
0.25898 -0.59223 1.77382 -0.12577 -0.61366 1.71772
0.3517 -0.57591 1.77646 -0.15342 -0.61311 1.78474
0.39781 -0.62521 1.95105 -0.15846 -0.64719 1.8788
0.42741 -0.62178 1.85692 -0.15178 -0.61646 1.79804
0.45764 -0.65737 1.99036 -0.1591 -0.64137 1.87306
0.4768 -0.66809 2.00909 -0.16158 -0.64421 1.87745
0.52633 -0.71092 1.89136 -0.15634 -0.62622 1.81918
0.54227 -0.7076 1.85707 -0.15594 -0.62145 1.79934
0.54743 -0.71091 1.83078 -0.15557 -0.61648 1.78548
0.54922 -0.71198 1.83047 -0.15674 -0.61488 1.78171
0.54965 -0.71171 1.82703 -0.15644 -0.61509 1.77843
0.55064 -0.71397 1.82658 -0.15687 -0.61526 1.78039
0.55158 -0.71365 1.8261 -0.1564 -0.61492 1.77794
0.55629 -0.70754 1.79529 -0.15291 -0.60706 1.75318
0.57081 -0.72952 1.85651 -0.15949 -0.62672 1.80853
0.5723 -0.72945 1.85211 -0.15958 -0.62549 1.80574
0.57803 -0.73003 1.85523 -0.1605 -0.62663 1.80789
0.57859 -0.72924 1.85247 -0.15983 -0.62547 1.80483
0.57918 -0.72859 1.85062 -0.16184 -0.62523 1.8035
0.57784 -0.72805 1.84885 -0.16201 -0.62427 1.80098
0.57754 -0.72821 1.84819 -0.16179 -0.62432 1.80105
0.57838 -0.72938 1.85077 -0.1601 -0.62516 1.80223
0.57532 -0.73276 1.86469 -0.16131 -0.62897 1.81277
0.57503 -0.73371 1.86654 -0.16242 -0.62949 1.81434
]
