classifier_Man_jumps_on_man_17553 [ 0.55903 -0.7506 2.01858 -0.12781 -0.65582 1.8447
0.55579 -0.74912 2.02265 -0.12766 -0.65582 1.84524
0.55864 -0.74943 2.02177 -0.12775 -0.65555 1.84615
0.55502 -0.75089 2.02301 -0.1301 -0.65028 1.84245
0.55393 -0.74989 2.02874 -0.12624 -0.65078 1.82153
0.54346 -0.73934 2.00278 -0.12045 -0.63683 1.76996
0.54254 -0.73339 1.98778 -0.0987 -0.64036 1.75162
0.54135 -0.73232 1.98353 -0.0915 -0.60277 1.7711
0.54166 -0.73281 1.98791 -0.06799 -0.46416 1.758
0.5413 -0.73697 2.00721 -0.05236 -0.32172 1.73404
0.55868 -0.75676 2.05351 -0.03539 -0.20993 1.7524
0.54616 -0.74268 2.01512 -0.02231 -0.10738 1.70637
0.56022 -0.75512 2.03691 0.02859 -0.00328 1.70324
0.56009 -0.76018 2.06077 0.03096 0.07849 1.72283
0.58002 -0.74308 1.9093 0.01983 0.12706 1.64958
0.57916 -0.72891 1.86637 0.00884 0.15976 1.61175
0.60129 -0.77328 1.99209 0.02691 0.26608 1.71307
0.60986 -0.76915 1.97212 0.02223 0.27044 1.70494
0.5642 -0.76874 2.08684 0.02632 0.27848 1.75368
0.56268 -0.76574 2.08345 0.03634 0.27244 1.75413
0.5631 -0.76685 2.08778 0.04906 0.23483 1.7661
0.55144 -0.75112 2.0445 0.06302 0.20837 1.73769
0.53124 -0.72298 1.96792 0.05546 0.10572 1.68538
0.52584 -0.71525 1.94562 0.05707 0.05876 1.67102
0.52719 -0.71709 1.95065 0.02879 -0.02847 1.6958
0.62243 -0.75084 1.8911 -0.04448 -0.12493 1.74753
0.5349 -0.7238 1.96312 -0.09374 -0.12301 1.71601
0.60395 -0.73391 1.85471 -0.15319 -0.14748 1.69288
0.61631 -0.77127 1.94954 -0.21185 -0.18213 1.80014
0.60975 -0.76709 1.94509 -0.25865 -0.1982 1.83144
0.60582 -0.76461 1.9329 -0.28629 -0.18502 1.84184
0.55518 -0.74962 2.00345 -0.30268 -0.16843 1.86816
0.55623 -0.74852 2.00018 -0.30391 -0.14766 1.87356
0.55765 -0.75175 1.99813 -0.29895 -0.13004 1.8706
0.5714 -0.76802 2.04775 -0.28802 -0.10776 1.91787
0.56313 -0.75839 2.02905 -0.26908 -0.1001 1.87461
0.55444 -0.74691 2.00027 -0.24394 -0.10906 1.8138
0.55777 -0.74143 1.99269 -0.17267 -0.16605 1.74153
0.56204 -0.73986 1.99667 -0.16899 -0.16988 1.73946
0.5427 -0.6981 1.91798 -0.16337 -0.14739 1.66499
0.60003 -0.71872 1.87231 -0.16259 -0.14417 1.66809
0.62298 -0.65617 1.84618 -0.163 -0.13929 1.66694
0.63806 -0.57348 1.72919 -0.16152 -0.14223 1.66907
0.56217 -0.32952 1.85505 -0.17187 -0.19353 1.7654
0.52256 -0.21823 1.8189 -0.16968 -0.19822 1.76066
0.48151 -0.08575 1.7606 -0.16449 -0.19813 1.729
0.45658 0.01453 1.81329 -0.16733 -0.20667 1.79476
0.39488 0.0955 1.74893 -0.158 -0.20156 1.74113
0.34983 0.15702 1.7444 -0.15362 -0.2007 1.74375
0.31805 0.23183 1.82616 -0.15739 -0.20949 1.84033
0.26643 0.23463 1.75202 -0.14983 -0.20256 1.77814
0.21662 0.26759 1.73971 -0.14941 -0.20038 1.77859
0.17085 0.27506 1.69862 -0.14673 -0.19649 1.74706
0.11819 0.32247 1.70398 -0.1484 -0.19654 1.7603
0.0804 0.31829 1.70456 -0.14899 -0.19763 1.75913
0.04494 0.31901 1.7341 -0.15125 -0.19969 1.77994
0.01815 0.30572 1.75331 -0.15332 -0.19985 1.78663
0.00465 0.2751 1.78127 -0.15629 -0.20084 1.80131
0.00119 0.22145 1.77231 -0.15823 -0.19875 1.78318
-0.00125 0.18604 1.8889 -0.17253 -0.21204 1.89312
0.02027 0.11139 1.95616 -0.18485 -0.22099 1.96095
0.04291 0.03838 1.80828 -0.1768 -0.20667 1.80941
0.0596 -0.00054 1.76969 -0.1795 -0.20316 1.76894
0.10365 -0.06336 1.80689 -0.18817 -0.20728 1.79821
0.18594 -0.13473 1.76166 -0.19089 -0.19178 1.7408
0.29764 -0.19008 1.75084 -0.20379 -0.17545 1.71978
0.37047 -0.22513 1.90485 -0.21513 -0.20251 1.86941
0.38811 -0.21663 1.84893 -0.20715 -0.1939 1.79855
0.40546 -0.20864 1.86685 -0.20506 -0.19488 1.80107
0.39234 -0.19558 1.7957 -0.19095 -0.18408 1.71169
0.39387 -0.1927 1.80108 -0.18375 -0.18555 1.71217
0.3949 -0.19759 1.80942 -0.17455 -0.18671 1.72006
0.39171 -0.20318 1.80308 -0.1637 -0.18592 1.71863
0.38682 -0.20962 1.78732 -0.153 -0.18392 1.71232
0.36795 -0.20981 1.71032 -0.13866 -0.17505 1.64741
0.38515 -0.22456 1.7969 -0.13976 -0.18155 1.7393
0.3958 -0.22795 1.85265 -0.14095 -0.18614 1.80218
0.39222 -0.21966 1.84755 -0.13946 -0.18488 1.80736
0.38114 -0.20705 1.83382 -0.13966 -0.18541 1.80242
0.37843 -0.19895 1.85471 -0.14313 -0.18733 1.83256
0.37244 -0.18561 1.84936 -0.14427 -0.1874 1.83142
0.34664 -0.15351 1.73349 -0.13621 -0.17646 1.72196
0.33931 -0.11995 1.72234 -0.13634 -0.17901 1.71715
0.35005 -0.07419 1.80173 -0.13727 -0.19088 1.81102
0.32415 0.05115 1.74446 -0.1181 -0.19308 1.77653
0.33728 0.07891 1.68797 -0.1047 -0.19218 1.70121
0.198 0.14094 1.59181 -0.0919 -0.18411 1.64315
0.20558 0.1715 1.71092 -0.09175 -0.19771 1.76873
0.18297 0.17583 1.66775 -0.08369 -0.18951 1.73172
0.18359 0.17816 1.68586 -0.08022 -0.1908 1.75074
0.11796 0.17879 1.70393 -0.07811 -0.19853 1.77527
0.07113 0.21167 1.67334 -0.07092 -0.19082 1.75786
0.05814 0.24547 1.70316 -0.06956 -0.19512 1.78897
0.023 0.2751 1.70515 -0.06666 -0.19585 1.78976
-0.03245 0.29742 1.69592 -0.06224 -0.19354 1.76551
-0.05073 0.3212 1.69922 -0.05837 -0.19286 1.77227
-0.16023 0.29658 1.68488 -0.0491 -0.19284 1.74588
-0.17532 0.25753 1.71017 -0.04531 -0.19769 1.77847
-0.23498 0.18427 1.80036 -0.04296 -0.21087 1.87536
-0.25322 0.08365 1.73175 -0.04136 -0.21441 1.80896
-0.21363 0.0192 1.57374 -0.05658 -0.24042 1.69372
-0.20482 -0.0188 1.58906 0.09091 0.04277 1.5196
-0.22788 -0.06427 1.61239 -0.02598 -0.15881 1.71657
-0.22447 -0.07131 1.62127 -0.02877 -0.16207 1.73629
-0.23331 -0.07226 1.65424 -0.03264 -0.16202 1.77721
-0.24547 -0.07308 1.70772 -0.03872 -0.16595 1.84179
-0.248 -0.0667 1.67061 -0.03949 -0.15807 1.7954
-0.24616 -0.05937 1.66389 -0.02689 -0.15511 1.8024
-0.21393 -0.03563 1.69981 -0.02883 -0.15991 1.85137
-0.25742 -0.06081 1.64631 0.14754 -0.0766 1.56347
-0.18051 -0.03076 1.69214 0.17752 -0.11301 1.65681
-0.13874 -0.04994 1.66857 0.11724 -0.15934 1.65797
-0.11273 -0.06438 1.66275 0.10037 -0.16731 1.67434
-0.06517 -0.08376 1.64038 -0.04514 -0.11385 1.67945
-0.01307 -0.11061 1.62924 -0.04591 -0.09995 1.63866
0.01995 -0.12939 1.60272 -0.01071 -0.12077 1.61578
0.16992 -0.24066 1.7316 -0.14272 -0.15969 1.9971
0.2448 -0.29136 1.64722 -0.14435 -0.1609 1.88235
0.32564 -0.35462 1.64797 -0.15503 -0.17004 1.85456
0.4093 -0.42277 1.73009 -0.17299 -0.19193 1.87611
0.46548 -0.46648 1.74329 -0.17931 -0.20684 1.80235
0.55246 -0.53321 1.85948 -0.18067 -0.25039 1.92127
0.59085 -0.55877 1.901 -0.18488 -0.26613 1.88939
0.58102 -0.58136 1.98075 -0.19033 -0.28228 1.87184
0.62966 -0.56762 1.79431 -0.18099 -0.27789 1.73657
0.56667 -0.59145 1.90568 -0.18355 -0.29757 1.7365
0.59924 -0.65787 1.90542 -0.17782 -0.34388 1.73361
0.59748 -0.71318 1.92708 -0.17473 -0.38131 1.72414
0.59169 -0.70907 1.87092 -0.1481 -0.65639 1.57507
0.59458 -0.74102 1.96827 -0.16825 -0.49997 1.76372
0.57356 -0.72669 1.92142 -0.07974 -0.68921 1.76871
0.58927 -0.75674 1.99261 -0.15358 -0.58948 1.84116
0.58609 -0.75605 1.98867 -0.15781 -0.61852 1.8764
0.57174 -0.74906 2.00909 -0.15689 -0.63616 1.88515
0.56675 -0.74837 2.00993 -0.15658 -0.63487 1.88764
0.5986 -0.74301 1.90079 -0.15069 -0.60951 1.82901
0.55178 -0.74884 2.02909 -0.15621 -0.62919 1.8852
0.5527 -0.74855 2.02905 -0.15796 -0.63232 1.88685
0.55714 -0.74794 2.02572 -0.15718 -0.63401 1.88476
0.55816 -0.74777 2.02486 -0.1566 -0.63568 1.88271
0.55919 -0.74773 2.02367 -0.15652 -0.63549 1.88296
0.55706 -0.74727 2.02615 -0.15626 -0.63659 1.88294
0.59851 -0.74614 1.90911 -0.15131 -0.61779 1.82726
0.59624 -0.74554 1.90451 -0.15026 -0.61703 1.8233
0.56379 -0.74782 2.00536 -0.15557 -0.63337 1.87421
]
