classifier_Monkey_man_bumps_into_each_other_15383 [ 0.51337 -0.68353 1.66804 -0.13214 -0.55672 1.72941
0.51217 -0.68294 1.66487 -0.13136 -0.55697 1.72378
0.51155 -0.68176 1.64993 -0.134 -0.55781 1.71196
0.5187 -0.6881 1.67163 -0.13118 -0.56076 1.7388
0.51474 -0.68367 1.66236 -0.13019 -0.55508 1.7306
0.5103 -0.68077 1.66257 -0.1295 -0.55119 1.72923
0.50583 -0.67656 1.6736 -0.14058 -0.54811 1.72265
0.50041 -0.67588 1.6982 -0.15034 -0.54774 1.7226
0.49291 -0.6674 1.7213 -0.16504 -0.54484 1.74358
0.49619 -0.64969 1.83047 -0.19855 -0.55917 1.83951
0.47662 -0.63111 1.89837 -0.22877 -0.56923 1.89965
0.47922 -0.62893 1.92539 -0.27048 -0.55098 1.97355
0.47552 -0.63478 1.98174 -0.30279 -0.54372 2.02291
0.44019 -0.57419 2.11073 -0.35459 -0.54206 2.12063
0.43625 -0.5742 2.16338 -0.36737 -0.54512 2.17243
0.43124 -0.56894 2.18782 -0.37136 -0.53974 2.19648
0.44194 -0.54199 2.25108 -0.37272 -0.55799 2.25733
0.43129 -0.55179 2.258 -0.37124 -0.5212 2.26431
0.42646 -0.52858 2.2715 -0.38359 -0.50325 2.27545
0.42678 -0.51972 2.2776 -0.37312 -0.50251 2.27597
0.44511 -0.51093 2.28701 -0.38151 -0.5027 2.28176
0.47518 -0.54794 2.27042 -0.41467 -0.51463 2.28167
0.47208 -0.57471 2.2424 -0.40922 -0.52108 2.25525
0.47963 -0.57228 2.27095 -0.40853 -0.51158 2.28683
0.47142 -0.53572 2.27002 -0.42194 -0.47426 2.28879
0.4637 -0.51944 2.2744 -0.41907 -0.46337 2.2929
0.41531 -0.4907 2.28031 -0.41354 -0.4624 2.29529
0.41441 -0.4845 2.26522 -0.41754 -0.46748 2.28858
0.44063 -0.5205 2.41376 -0.48399 -0.4827 2.45345
0.39984 -0.49362 2.22248 -0.41431 -0.48036 2.23786
0.3878 -0.50308 2.20046 -0.40849 -0.45764 2.19295
0.35906 -0.49196 2.1187 -0.37508 -0.40627 2.07851
0.35763 -0.48766 2.12956 -0.35114 -0.34985 2.0391
0.32268 -0.45692 2.01671 -0.28446 -0.24736 1.88356
0.2828 -0.45538 2.04035 -0.31613 -0.18439 1.94173
0.25669 -0.46147 2.07674 -0.32306 -0.13885 1.99554
0.25471 -0.4746 2.09796 -0.32507 -0.10198 2.04235
0.24955 -0.48042 2.09888 -0.3213 -0.10759 2.0411
0.26277 -0.52041 2.23776 -0.33548 -0.13538 2.15844
0.25604 -0.52279 2.21843 -0.3299 -0.1946 2.10983
0.22797 -0.47707 2.00439 -0.29465 -0.23056 1.87865
0.22848 -0.47744 2.00697 -0.28877 -0.27274 1.87017
0.22734 -0.47649 2.00187 -0.27917 -0.29037 1.86892
0.1821 -0.47783 1.98812 -0.27171 -0.28868 1.87323
0.22161 -0.46813 1.98366 -0.26776 -0.27575 1.87429
0.22217 -0.47753 2.04399 -0.27754 -0.27049 1.93945
0.21339 -0.45424 2.03206 -0.27948 -0.25558 1.93935
0.19658 -0.42999 2.02342 -0.28117 -0.24409 1.93618
0.16324 -0.39032 2.00255 -0.27934 -0.23329 1.91941
0.1408 -0.32724 1.96539 -0.27294 -0.22406 1.88054
0.12263 -0.2366 1.94732 -0.26885 -0.22104 1.86601
0.09976 -0.15821 1.93796 -0.26186 -0.21744 1.84198
0.10197 -0.06828 1.89493 -0.2526 -0.21416 1.81382
0.0702 0.09743 2.07925 -0.25141 -0.22797 1.90843
0.06538 0.13308 2.06479 -0.24711 -0.22733 1.89411
0.06975 0.12434 2.05295 -0.24546 -0.22836 1.89318
0.0479 0.14012 2.04912 -0.2439 -0.22879 1.87993
0.0367 0.11719 1.93773 -0.23081 -0.21758 1.77534
0.03106 0.01138 1.91488 -0.2327 -0.2211 1.77423
0.03165 -0.05969 1.89565 -0.23496 -0.22123 1.77512
0.03353 -0.14433 1.89564 -0.23777 -0.22239 1.78086
0.05649 -0.24314 1.9129 -0.24123 -0.22126 1.79292
0.06329 -0.32173 1.91137 -0.24551 -0.22067 1.80638
0.07505 -0.32707 1.92335 -0.24784 -0.21868 1.81695
0.13223 -0.56212 1.94533 -0.25344 -0.2195 1.85149
0.10908 -0.51177 1.96879 -0.25366 -0.21762 1.85412
0.16694 -0.31476 1.91004 -0.2553 -0.21891 1.86915
0.17883 -0.26586 1.89318 -0.25439 -0.21731 1.86848
0.19742 -0.22344 1.82606 -0.24672 -0.21119 1.82049
0.23726 -0.20415 1.91331 -0.25817 -0.22222 1.91959
0.2658 -0.17954 1.90251 -0.25634 -0.22215 1.91839
0.29065 -0.16267 1.9045 -0.25536 -0.22443 1.92572
0.30874 -0.15656 1.8906 -0.2513 -0.22504 1.9154
0.32407 -0.18103 1.88699 -0.24644 -0.22961 1.91183
0.34101 -0.22523 1.99752 -0.25938 -0.24669 2.02084
0.29781 -0.24803 1.77619 -0.23143 -0.22344 1.79561
0.29118 -0.29295 1.77446 -0.2337 -0.22764 1.79714
0.31608 -0.3471 1.82874 -0.24662 -0.24064 1.88541
0.33674 -0.3834 1.93585 -0.26226 -0.2542 1.99355
0.33638 -0.37377 1.92328 -0.26146 -0.25063 1.9806
0.32091 -0.34124 1.82639 -0.25017 -0.23528 1.88086
0.31371 -0.32768 1.86773 -0.25324 -0.23342 1.88837
0.29614 -0.2955 1.73526 -0.23862 -0.21486 1.75693
0.29994 -0.2913 1.73277 -0.24188 -0.21417 1.75799
0.32985 -0.31347 1.89272 -0.26567 -0.23421 1.92034
0.30521 -0.28941 1.76662 -0.24884 -0.22191 1.7919
0.29869 -0.28512 1.76049 -0.24749 -0.22189 1.78471
0.28795 -0.2872 1.83165 -0.2503 -0.22942 1.85899
0.2673 -0.27615 1.83099 -0.24205 -0.22681 1.8613
0.22977 -0.25653 1.74078 -0.21862 -0.21146 1.77298
0.19879 -0.24802 1.71545 -0.19905 -0.20316 1.75116
0.16631 -0.24399 1.72511 -0.17736 -0.20168 1.76282
0.12839 -0.245 1.73633 -0.14504 -0.2011 1.76591
0.08849 -0.24878 1.74565 -0.07995 -0.19936 1.76823
0.04591 -0.25536 1.76653 -0.04562 -0.2121 1.78385
-0.00296 -0.22933 1.74999 -0.03595 -0.21008 1.75711
-0.02191 -0.20409 1.7577 -0.04271 -0.2026 1.75883
-0.03358 -0.19417 1.76708 -0.03272 -0.20552 1.76254
0.07486 -0.23917 1.73163 -0.04081 -0.19968 1.74133
0.10075 -0.24145 1.84166 -0.14316 -0.19773 1.84787
0.13679 -0.24912 1.8697 -0.17953 -0.20145 1.87419
0.1685 -0.25182 1.86326 -0.21097 -0.20206 1.86954
0.19497 -0.24506 1.8516 -0.23676 -0.20441 1.85324
0.2138 -0.22827 1.74461 -0.24793 -0.20177 1.76839
0.2436 -0.26685 1.88936 -0.28458 -0.22236 1.89127
0.27158 -0.28577 1.95289 -0.31734 -0.24641 1.95503
0.26473 -0.28394 1.8913 -0.30999 -0.24513 1.89453
0.26191 -0.28694 1.88899 -0.30784 -0.25106 1.89179
0.24766 -0.27946 1.80714 -0.28965 -0.24439 1.81033
0.24698 -0.28593 1.81818 -0.28591 -0.24874 1.82129
0.24429 -0.28632 1.81667 -0.27845 -0.2489 1.81833
0.24016 -0.28297 1.78963 -0.26806 -0.24413 1.79011
0.24002 -0.28267 1.77813 -0.2614 -0.24269 1.77931
0.2421 -0.28352 1.77238 -0.25629 -0.24122 1.77326
0.24438 -0.2841 1.74827 -0.2496 -0.23902 1.75136
0.2519 -0.29098 1.75097 -0.24751 -0.2434 1.75666
0.31444 -0.36486 1.7893 -0.23998 -0.28979 1.82537
0.34533 -0.40118 1.77853 -0.23121 -0.31609 1.82735
0.36597 -0.42816 1.69249 -0.21156 -0.33145 1.7408
0.38292 -0.44689 1.5912 -0.18834 -0.34463 1.63032
0.43945 -0.5321 1.74528 -0.19004 -0.4226 1.77245
0.44186 -0.57782 1.76605 -0.17424 -0.47122 1.76241
0.46379 -0.60529 1.77045 -0.16235 -0.53263 1.78645
0.47888 -0.62105 1.67414 -0.13542 -0.51667 1.71457
0.51293 -0.6755 1.77143 -0.14154 -0.53235 1.92228
0.50549 -0.65896 1.66397 -0.13086 -0.53666 1.73022
0.50837 -0.66556 1.66082 -0.14736 -0.58806 1.74156
0.50765 -0.66962 1.66081 -0.11316 -0.54267 1.74789
0.50905 -0.67212 1.6652 -0.11524 -0.54326 1.74494
0.51157 -0.67491 1.66302 -0.1154 -0.54296 1.74676
0.51127 -0.67764 1.66379 -0.11637 -0.54756 1.74617
0.51304 -0.67761 1.66221 -0.12065 -0.55004 1.74825
0.51449 -0.6794 1.66072 -0.12045 -0.52057 1.82021
0.51395 -0.67897 1.66055 -0.11984 -0.52119 1.81973
0.51496 -0.67962 1.66064 -0.12031 -0.52143 1.81932
0.51476 -0.68002 1.66153 -0.12291 -0.52158 1.82042
0.51493 -0.6803 1.66066 -0.12337 -0.52265 1.81904
0.51455 -0.67873 1.66384 -0.16746 -0.59612 1.73756
0.51224 -0.67922 1.6647 -0.14477 -0.57925 1.7302
0.51452 -0.67909 1.66613 -0.1383 -0.57909 1.72437
0.51447 -0.67885 1.66494 -0.13956 -0.57604 1.7306
0.51396 -0.67883 1.66422 -0.14421 -0.57294 1.73241
0.5192 -0.68916 1.68393 -0.12594 -0.52677 1.85356
0.51725 -0.68507 1.67993 -0.12504 -0.52483 1.84379
]
