classifier_Car_bumps_into_car_19196 [ 0.78842 -0.77809 1.98314 -0.09144 -0.59458 1.85274
0.78902 -0.77764 1.98323 -0.09165 -0.59402 1.85245
0.79119 -0.77556 1.97627 -0.09133 -0.59451 1.84776
0.78727 -0.77299 1.97007 -0.09197 -0.59237 1.84545
0.78737 -0.76946 1.97433 -0.09443 -0.59021 1.84995
0.7801 -0.76708 1.97001 -0.09839 -0.58724 1.85569
0.72253 -0.71402 1.93234 -0.11489 -0.58781 1.85923
0.69387 -0.69063 1.93024 -0.12513 -0.59192 1.86797
0.63471 -0.67328 1.91407 -0.14319 -0.58888 1.87856
0.5166 -0.61164 1.97434 -0.171 -0.59992 1.8974
0.47875 -0.60341 1.98528 -0.18319 -0.60159 1.90462
0.43799 -0.62526 1.96417 -0.19515 -0.60066 1.91783
0.40526 -0.62664 1.96651 -0.19903 -0.60867 1.91322
0.34877 -0.65389 1.9568 -0.20379 -0.61747 1.90801
0.31438 -0.67256 1.8535 -0.1999 -0.60793 1.85414
0.31226 -0.6677 1.85365 -0.1988 -0.60938 1.8534
0.30365 -0.65643 1.83675 -0.19996 -0.60211 1.84357
0.33578 -0.64879 1.90828 -0.20762 -0.60661 1.8787
0.34773 -0.61614 1.92973 -0.24435 -0.48576 1.86008
0.35754 -0.59632 1.93587 -0.26009 -0.40744 1.86133
0.40723 -0.56272 2.03508 -0.28814 -0.34633 1.95698
0.37796 -0.48911 1.8819 -0.28328 -0.23763 1.81258
0.37807 -0.43534 1.86878 -0.2929 -0.14491 1.79802
0.36956 -0.39016 1.84269 -0.29757 -0.05306 1.7946
0.36031 -0.3381 1.81945 -0.29903 0.02798 1.7979
0.34261 -0.20965 1.78242 -0.2942 0.13113 1.80346
0.33015 -0.04218 1.72948 -0.27842 0.09786 1.76379
0.33166 0.04303 1.74748 -0.27498 0.03872 1.77132
0.32882 0.12831 1.78056 -0.27353 -0.03997 1.7848
0.33022 0.19535 1.8117 -0.26075 -0.10612 1.78285
0.33059 0.24455 1.83803 -0.24551 -0.15771 1.79552
0.33104 0.26936 1.85173 -0.2301 -0.18816 1.80967
0.33226 0.26835 1.85998 -0.22466 -0.19054 1.82135
0.32906 0.2514 1.85908 -0.22526 -0.16531 1.82226
0.33093 0.19964 1.85349 -0.23864 -0.1207 1.83041
0.33305 0.12854 1.84042 -0.2433 -0.05021 1.83096
0.33134 0.052 1.81999 -0.24917 0.02541 1.83561
0.32712 -0.01782 1.80742 -0.25521 0.09791 1.84966
0.31273 -0.06421 1.79765 -0.25909 0.15089 1.85862
0.30471 -0.07125 1.81038 -0.26111 0.18243 1.87584
0.3073 -0.03709 1.7987 -0.25315 0.15939 1.85858
0.31273 0.01475 1.78808 -0.24752 0.10424 1.84091
0.31312 0.07464 1.77551 -0.24148 0.03188 1.8158
0.32158 0.13438 1.80827 -0.23346 -0.03986 1.83012
0.32744 0.18236 1.83204 -0.22017 -0.10149 1.84079
0.3309 0.21415 1.8466 -0.2033 -0.13985 1.84829
0.35521 0.23986 1.97369 -0.20881 -0.16162 1.97001
0.35838 0.23464 1.99553 -0.21507 -0.14349 1.98808
0.3549 0.20852 1.99069 -0.22657 -0.09488 1.97976
0.33105 0.14667 1.85989 -0.22227 -0.02279 1.84311
0.32834 0.09319 1.86272 -0.23337 0.04788 1.84499
0.32169 0.09415 1.81785 -0.23397 0.24097 1.85425
0.33563 -0.15998 2.00953 -0.25504 0.28259 1.99815
0.31683 -0.20061 1.91065 -0.24145 0.26802 1.87765
0.31353 -0.24499 1.92936 -0.23834 0.25651 1.86953
0.31175 -0.28468 1.9467 -0.24052 0.22329 1.85483
0.31222 -0.31571 1.96118 -0.24329 0.17732 1.83703
0.312 -0.34328 1.98232 -0.24244 0.13349 1.82903
0.3076 -0.36243 1.98017 -0.23141 0.09918 1.80622
0.27656 -0.38938 1.96814 -0.228 0.05262 1.77969
0.26974 -0.39674 1.96223 -0.22589 0.04543 1.76933
0.27055 -0.39706 1.96703 -0.22952 0.04821 1.77278
0.27328 -0.39777 1.96418 -0.22913 0.05388 1.77355
0.27631 -0.39747 1.9651 -0.23139 0.05835 1.77702
0.2827 -0.39677 1.95784 -0.23177 0.06259 1.78034
0.28481 -0.39484 1.95259 -0.232 0.06164 1.77991
0.28729 -0.38617 1.94157 -0.23252 0.06192 1.78009
0.29358 -0.36603 1.91931 -0.23672 0.0599 1.77992
0.31616 -0.31624 1.89812 -0.23724 0.06007 1.77596
0.31875 -0.2571 1.84706 -0.23617 0.05972 1.76343
0.32238 -0.18362 1.81161 -0.2361 0.06025 1.76675
0.32458 -0.09799 1.77224 -0.23563 0.05952 1.76077
0.3236 -0.00852 1.74933 -0.23451 0.06052 1.75678
0.31948 0.08455 1.76191 -0.23689 0.0614 1.77567
0.31346 0.16589 1.77499 -0.23752 0.06214 1.77859
0.30715 0.22816 1.7904 -0.24151 0.06147 1.7801
0.30493 0.26002 1.80205 -0.24224 0.06117 1.77865
0.29796 0.24197 1.80872 -0.24642 0.06243 1.78082
0.29568 0.18818 1.80507 -0.24781 0.06381 1.78559
0.29951 0.10574 1.79307 -0.24843 0.06447 1.78149
0.29824 -0.07311 1.80268 -0.25273 0.06515 1.78397
0.29933 -0.13318 1.81742 -0.25393 0.06492 1.78348
0.29788 -0.1476 1.81064 -0.25096 0.06426 1.76709
0.29573 -0.11695 1.80181 -0.25325 0.06261 1.76633
0.31423 -0.05624 1.90729 -0.27109 0.06535 1.88823
0.29574 0.03001 1.74543 -0.25033 0.06041 1.74505
0.30726 0.11405 1.76017 -0.25314 0.06176 1.76874
0.31353 0.19015 1.7708 -0.25423 0.06217 1.77365
0.31262 0.24873 1.75947 -0.25149 0.06348 1.75386
0.32345 0.28236 1.78885 -0.25659 0.0651 1.77437
0.32856 0.29123 1.80115 -0.25875 0.06641 1.78133
0.32554 0.2767 1.80351 -0.26004 0.06748 1.78525
0.32356 0.2286 1.80344 -0.26068 0.06826 1.78839
0.32706 0.14908 1.80056 -0.26083 0.06807 1.78782
0.32171 0.05685 1.76723 -0.25621 0.06626 1.75482
0.31881 -0.03493 1.7749 -0.257 0.06567 1.75643
0.32616 -0.11858 1.81144 -0.26011 0.06533 1.776
0.339 -0.1791 1.8312 -0.25966 0.06466 1.77119
0.33995 -0.14217 1.79853 -0.2586 0.06454 1.74952
0.34825 -0.07508 1.78747 -0.26071 0.06623 1.76051
0.37896 0.0106 1.90078 -0.28025 0.0744 1.89554
0.35868 0.10073 1.75825 -0.26018 0.07172 1.75991
0.37818 0.32752 1.82139 -0.26551 0.08196 1.78281
0.38966 0.35468 1.83985 -0.27003 0.08371 1.78434
0.39746 0.36283 1.85248 -0.27135 0.08513 1.78592
0.3971 0.35961 1.8593 -0.27556 0.0857 1.78771
0.39029 0.33998 1.85447 -0.27658 0.08516 1.78366
0.39251 0.29186 1.84889 -0.28018 0.08291 1.78478
0.4097 0.21596 1.8504 -0.2856 0.07914 1.79704
0.41077 0.14007 1.82194 -0.28285 0.07335 1.77885
0.40687 0.06921 1.78566 -0.27735 0.06678 1.74853
0.40567 0.01823 1.78017 -0.27687 0.06166 1.74324
0.44261 -0.00823 1.975 -0.30852 0.0637 1.93179
0.44354 -0.02004 1.99057 -0.31083 0.0613 1.94602
0.44375 -0.01876 1.98675 -0.30898 0.05944 1.93987
0.44049 -0.00881 1.97577 -0.30839 0.05793 1.93024
0.43889 0.00368 1.97112 -0.30531 0.05865 1.92676
0.43515 0.03123 1.95851 -0.30648 0.0582 1.91949
0.43584 0.03725 1.95127 -0.30569 0.05772 1.91359
0.43476 0.04241 1.94708 -0.30398 0.05846 1.91146
0.43393 0.0457 1.94161 -0.30382 0.05808 1.90809
0.43229 0.04848 1.93893 -0.30631 0.05708 1.90729
0.42954 0.0504 1.93191 -0.30538 0.05737 1.90398
0.4234 0.05236 1.92412 -0.3054 0.05708 1.90109
0.41331 0.0537 1.90385 -0.30397 0.05619 1.88731
0.35736 0.05501 1.77567 -0.28548 0.05147 1.7753
0.34396 0.05456 1.76094 -0.28482 0.0505 1.77011
0.31481 0.05555 1.75103 -0.28487 0.04866 1.76883
0.24628 0.05603 1.72532 -0.28192 0.04513 1.76096
0.21579 0.05036 1.69813 -0.27789 0.04293 1.74331
0.17549 0.05004 1.67028 -0.2722 0.04013 1.7236
0.03145 0.07211 1.67336 -0.26358 0.0388 1.71282
0.06832 0.08983 1.88931 -0.11687 0.11986 1.93456
0.01545 0.18289 2.10047 -0.29609 0.08092 2.14472
-0.0245 0.28322 1.98252 -0.2717 0.08889 1.98992
0.0127 0.27793 1.79456 -0.24422 0.0924 1.80702
0.03371 0.3366 1.81291 -0.24287 0.10258 1.81102
0.06161 0.3624 1.82393 -0.24379 0.11102 1.81582
0.09168 0.3764 1.826 -0.24086 0.11919 1.81406
0.11621 0.3867 1.83246 -0.24192 0.12396 1.81567
0.12985 0.41386 1.85364 -0.24735 0.12534 1.82202
0.1768 0.37672 1.85833 -0.25287 0.12649 1.83712
0.20503 0.36793 1.88163 -0.26127 0.1265 1.85728
0.22723 0.35532 1.88228 -0.27043 0.12154 1.85654
0.25851 0.32852 1.88031 -0.27655 0.11732 1.85599
0.29246 0.28964 1.87378 -0.28585 0.11 1.85406
0.31728 0.25854 1.85096 -0.29234 0.10095 1.8328
0.35906 0.21 1.84849 -0.30147 0.09144 1.83356
0.43526 0.1142 1.83878 -0.3162 0.06755 1.81895
0.52113 0.00189 1.86297 -0.32778 0.04248 1.82728
0.51112 -0.0441 1.72539 -0.31113 0.02365 1.68844
0.5611 -0.10719 1.78159 -0.32219 0.01224 1.73193
0.59937 -0.16579 1.81065 -0.32792 -0.00039 1.75294
0.62762 -0.22059 1.82401 -0.33144 -0.01151 1.76179
0.6509 -0.28178 1.85545 -0.33106 -0.02359 1.7619
0.73861 -0.45268 1.87369 -0.31744 -0.06773 1.73827
0.72327 -0.54655 1.93715 -0.29066 -0.15692 1.73701
0.80267 -0.628 2.10098 -0.30049 -0.21869 1.89734
0.80621 -0.65657 2.14506 -0.2845 -0.27565 1.93191
0.86916 -0.71037 2.08706 -0.25712 -0.32473 1.9165
0.79093 -0.67759 1.95602 -0.21563 -0.35253 1.80244
0.77111 -0.70144 1.99023 -0.19533 -0.40184 1.84054
0.76481 -0.744 1.97702 -0.14225 -0.45226 1.81093
0.76094 -0.7497 1.9815 -0.13137 -0.48888 1.84242
0.75046 -0.75397 1.97201 -0.11457 -0.54993 1.86067
0.75047 -0.75598 1.97454 -0.11104 -0.54582 1.86063
0.75215 -0.7572 1.97451 -0.10615 -0.57139 1.85907
0.76393 -0.7644 2.00407 -0.10045 -0.58427 1.87178
0.76117 -0.77256 1.99989 -0.10022 -0.59042 1.86637
0.76756 -0.77149 2.00296 -0.10054 -0.59092 1.85748
0.77331 -0.77632 2.00607 -0.10013 -0.59348 1.85952
0.77633 -0.77777 2.00813 -0.10101 -0.59841 1.85601
0.77882 -0.78037 2.00937 -0.10087 -0.59877 1.85526
0.78251 -0.78139 2.00712 -0.09983 -0.60143 1.85132
0.78363 -0.78372 2.00888 -0.09981 -0.60339 1.85015
0.78371 -0.78289 2.00805 -0.09936 -0.60493 1.84791
0.78462 -0.7821 2.0041 -0.09907 -0.60604 1.84852
0.78476 -0.78342 2.00609 -0.09869 -0.60671 1.8489
0.78563 -0.78222 2.0041 -0.09924 -0.60604 1.8495
0.78582 -0.78256 2.00476 -0.09848 -0.60646 1.84883
0.787 -0.78273 2.00397 -0.09914 -0.60727 1.84889
0.78409 -0.78256 2.00488 -0.09887 -0.60711 1.84914
0.78956 -0.784 2.0056 -0.09905 -0.60824 1.84864
0.78811 -0.78373 2.00551 -0.09811 -0.61006 1.84681
]
