classifier_Monkey_goes_to_fence_21504 [ 0.53515 -0.61283 1.60925 -0.38605 -0.59025 1.84174
0.53645 -0.61379 1.61129 -0.38799 -0.59474 1.83843
0.53844 -0.61776 1.62066 -0.43672 -0.72116 1.84052
0.54057 -0.61638 1.62253 -0.43393 -0.72085 1.77369
0.5406 -0.61244 1.6219 -0.43197 -0.70163 1.72836
0.53834 -0.61298 1.63284 -0.43439 -0.67337 1.69569
0.51646 -0.58359 1.65118 -0.44787 -0.63777 1.66591
0.45794 -0.41832 1.47309 -0.41864 -0.51549 1.46463
0.44459 -0.39596 1.54362 -0.42475 -0.45254 1.56322
0.39888 -0.33118 1.51408 -0.40013 -0.36822 1.56272
0.29294 -0.23239 1.47295 -0.33033 -0.21762 1.52765
0.23408 -0.17456 1.38636 -0.27577 -0.14912 1.42867
0.20899 -0.14503 1.43332 -0.24511 -0.11145 1.46992
0.09221 -0.06491 1.50344 -0.16623 -0.04556 1.51658
-0.06072 -0.03433 1.35063 0.05804 -0.04425 1.35529
-0.10531 -0.02753 1.33469 0.04538 -0.03829 1.33478
-0.11374 -0.02068 1.32286 0.02384 -0.0245 1.31938
-0.07409 -0.01573 1.36234 -0.14691 -0.01996 1.36511
0.01702 -0.01428 1.41426 -0.13435 -0.00906 1.42092
0.01338 -0.01246 1.37584 -0.1365 0.00552 1.3839
0.11549 -0.00789 1.39837 -0.21215 -0.00214 1.41543
0.16649 -0.00474 1.39841 -0.24631 0.00079 1.41787
0.20885 -0.00566 1.36884 -0.28631 -0.00018 1.39453
0.25451 -0.00961 1.38183 -0.32102 -0.00431 1.41362
0.28669 -0.01295 1.39869 -0.34707 -0.01269 1.43567
0.30145 -0.01545 1.39498 -0.35721 -0.01691 1.43211
0.29411 -0.02482 1.35162 -0.34587 -0.02097 1.37741
0.29049 -0.03178 1.36085 -0.34644 -0.021 1.38268
0.28231 -0.04467 1.35975 -0.3371 -0.0003 1.39322
0.28344 -0.0566 1.39533 -0.34157 0.0115 1.44353
0.28365 -0.07302 1.42514 -0.34122 0.0228 1.46076
0.27061 -0.09254 1.38423 -0.32484 0.03197 1.39395
0.27304 -0.12404 1.40333 -0.32265 0.03199 1.39163
0.26492 -0.15439 1.36717 -0.30846 0.02481 1.33912
0.26795 -0.19853 1.40682 -0.31095 0.00823 1.35351
0.26216 -0.2429 1.39688 -0.30515 -0.0231 1.3174
0.25742 -0.28837 1.40295 -0.30464 -0.05449 1.28571
0.24085 -0.32984 1.38837 -0.2992 -0.07727 1.23052
0.23706 -0.37395 1.44373 -0.30659 -0.08735 1.2513
0.24611 -0.40577 1.51511 -0.31809 -0.09687 1.29676
0.23991 -0.39058 1.45288 -0.30123 -0.0902 1.23726
0.19111 -0.40743 1.39842 -0.29458 -0.08514 1.21377
0.16309 -0.43318 1.42869 -0.30008 -0.08557 1.23965
0.16582 -0.44234 1.45786 -0.30418 -0.08103 1.27136
0.16064 -0.43192 1.42177 -0.29773 -0.07869 1.23605
0.19525 -0.40455 1.44009 -0.2975 -0.07799 1.23977
0.19126 -0.42243 1.47797 -0.30501 -0.07661 1.27343
0.19355 -0.38396 1.40558 -0.2894 -0.07165 1.21903
0.19956 -0.37637 1.40523 -0.28841 -0.0708 1.22298
0.20617 -0.37446 1.43195 -0.29514 -0.07263 1.24505
0.23445 -0.34131 1.42179 -0.29443 -0.07398 1.24649
0.27993 -0.28194 1.37297 -0.29393 -0.07212 1.24738
0.28702 -0.25733 1.3663 -0.2949 -0.07074 1.25321
0.2957 -0.17378 1.33716 -0.2935 -0.06555 1.25452
0.28869 -0.12643 1.31476 -0.29016 -0.06344 1.24423
0.28388 -0.11287 1.32606 -0.29336 -0.06352 1.25835
0.28927 -0.10806 1.38674 -0.30641 -0.06945 1.31314
0.2576 -0.1032 1.29313 -0.28406 -0.06383 1.20661
0.28319 -0.14357 1.45725 -0.3053 -0.06724 1.29757
0.2882 -0.14588 1.56317 -0.31134 -0.06917 1.32171
0.32313 -0.14056 1.75384 -0.33401 -0.07437 1.41902
0.33707 -0.13818 1.82319 -0.33414 -0.07552 1.42134
0.33189 -0.15488 1.64114 -0.30347 -0.06805 1.30425
0.38085 -0.21442 1.64024 -0.30738 -0.07235 1.32075
0.38304 -0.216 1.6586 -0.30632 -0.07323 1.31648
0.38931 -0.17048 1.86508 -0.325 -0.08577 1.42389
0.38512 -0.17455 1.85978 -0.3233 -0.08244 1.42217
0.351 -0.20778 1.66945 -0.28994 -0.07305 1.29388
0.3466 -0.19289 1.67901 -0.28773 -0.071 1.29163
0.33715 -0.18754 1.70884 -0.29181 -0.0762 1.30359
0.3309 -0.18471 1.7087 -0.29289 -0.07673 1.31021
0.29555 -0.17534 1.59556 -0.29152 -0.07031 1.30129
0.30159 -0.15641 1.55868 -0.293 -0.07097 1.30741
0.29026 -0.12594 1.52558 -0.2936 -0.0695 1.30938
0.27615 -0.07914 1.43805 -0.2829 -0.06686 1.2639
0.2881 -0.03407 1.48619 -0.29423 -0.06743 1.31886
0.30596 0.00718 1.5615 -0.31111 -0.06889 1.39796
0.31092 0.04123 1.5529 -0.31035 -0.06241 1.39954
0.30502 0.06411 1.5184 -0.30272 -0.05537 1.37181
0.29246 0.07712 1.44103 -0.28786 -0.05175 1.30667
0.30491 0.09024 1.49867 -0.29947 -0.05286 1.3732
0.30655 0.08826 1.50297 -0.30159 -0.05099 1.38614
0.29217 0.07235 1.43339 -0.29039 -0.0497 1.32344
0.28912 0.00264 1.43075 -0.29576 -0.05141 1.36426
0.27523 -0.03513 1.37174 -0.28713 -0.05355 1.3295
0.27319 -0.06529 1.37294 -0.28967 -0.05316 1.33561
0.2745 -0.07876 1.38567 -0.29443 -0.05151 1.35078
0.27652 -0.07523 1.39274 -0.29686 -0.05346 1.35448
0.27292 -0.06704 1.35902 -0.29144 -0.04919 1.32095
0.27558 -0.06287 1.36693 -0.29314 -0.04904 1.33548
0.2756 -0.05475 1.36275 -0.29364 -0.04759 1.32803
0.27515 -0.05222 1.36214 -0.29264 -0.0467 1.33005
0.27402 -0.05302 1.35832 -0.29058 -0.04584 1.33214
0.27126 -0.05435 1.35209 -0.28984 -0.05249 1.33283
0.27557 -0.05741 1.38023 -0.29487 -0.04917 1.35984
0.27004 -0.06108 1.37767 -0.29489 -0.0545 1.36753
0.27624 -0.06262 1.43364 -0.30757 -0.05808 1.42764
0.26446 -0.05624 1.40142 -0.30242 -0.05764 1.3997
0.22107 -0.03444 1.31788 -0.28908 -0.04927 1.33722
0.20926 -0.02808 1.31733 -0.29146 -0.04953 1.33941
0.18931 -0.01511 1.29031 -0.28597 -0.04933 1.32074
0.17608 -0.01057 1.31084 -0.29157 -0.05035 1.34413
0.13559 0.01027 1.29921 -0.28926 -0.046 1.34859
0.11392 0.01547 1.27504 -0.28264 -0.04249 1.33072
0.09365 0.02355 1.30738 -0.28841 -0.03989 1.3644
0.01725 0.03817 1.2812 -0.27977 -0.03929 1.34764
-0.03197 0.03817 1.30505 -0.28255 -0.03596 1.36385
-0.08012 0.02702 1.32578 -0.28332 -0.02133 1.37285
-0.10278 0.02064 1.32414 -0.28054 -0.0213 1.36663
-0.12345 0.01251 1.29731 -0.25969 -0.01106 1.32564
-0.16111 -0.00218 1.31739 -0.24371 -0.00022 1.29944
-0.2195 -0.02275 1.28487 -0.23267 -0.01093 1.24248
-0.22587 -0.02571 1.2922 -0.24485 -0.0147 1.24573
-0.23204 -0.02839 1.29765 -0.24773 -0.01675 1.25454
-0.23004 -0.03289 1.3053 -0.26524 -0.03214 1.27925
-0.23137 -0.03456 1.30672 -0.26655 -0.03504 1.28233
-0.23267 -0.03842 1.31416 -0.26813 -0.03742 1.29137
-0.2327 -0.03962 1.31416 -0.2677 -0.03943 1.28901
-0.23195 -0.03939 1.31343 -0.26739 -0.03921 1.28624
-0.23223 -0.03873 1.31666 -0.26827 -0.03787 1.28915
-0.23167 -0.03838 1.32558 -0.26809 -0.0397 1.29973
-0.23538 -0.0389 1.3481 -0.27148 -0.04163 1.32442
-0.23035 -0.03982 1.32009 -0.26569 -0.04029 1.29763
-0.23023 -0.04002 1.31971 -0.26524 -0.04067 1.29585
-0.2272 -0.04084 1.30641 -0.23871 -0.05352 1.29294
-0.22784 -0.04377 1.32641 -0.26307 -0.04303 1.30389
-0.22942 -0.04797 1.3635 -0.26929 -0.05544 1.34113
-0.22613 -0.05456 1.37693 -0.23553 -0.05283 1.3796
-0.21437 -0.0617 1.38161 -0.2152 -0.0574 1.38964
-0.19697 -0.07425 1.36338 -0.19513 -0.09026 1.36133
-0.1543 -0.09138 1.33317 -0.14992 -0.08445 1.33903
-0.09292 -0.12127 1.37528 -0.28729 -0.17813 1.33405
-0.06118 -0.13791 1.39438 -0.33164 -0.22155 1.39636
-0.00661 -0.16083 1.34564 -0.34033 -0.27525 1.36026
0.04769 -0.1911 1.36034 -0.37041 -0.34796 1.39797
0.1073 -0.22939 1.3708 -0.39369 -0.42269 1.44543
0.17195 -0.27273 1.36582 -0.41209 -0.48515 1.50046
0.24279 -0.31692 1.37247 -0.41952 -0.54192 1.53524
0.31211 -0.3522 1.40094 -0.42479 -0.59189 1.615
0.37037 -0.38166 1.42725 -0.42614 -0.6292 1.66341
0.402 -0.38525 1.37762 -0.41 -0.63602 1.61033
0.49688 -0.45463 1.55635 -0.44303 -0.69859 1.8146
0.50797 -0.47569 1.59943 -0.44014 -0.69332 1.84312
0.52469 -0.53753 1.67302 -0.43621 -0.67075 1.88883
0.54492 -0.58186 1.66963 -0.43061 -0.66466 1.89573
0.5462 -0.60323 1.67511 -0.42803 -0.67476 1.89933
0.54479 -0.60633 1.67535 -0.40919 -0.6258 1.90191
0.54021 -0.60817 1.66775 -0.41136 -0.63968 1.88382
0.53647 -0.60656 1.65973 -0.40641 -0.63307 1.87244
0.51658 -0.59351 1.61552 -0.39579 -0.6183 1.82171
0.53186 -0.60892 1.64681 -0.3911 -0.59917 1.86422
0.52951 -0.61079 1.6427 -0.38935 -0.59643 1.85351
0.52847 -0.61203 1.64205 -0.38835 -0.59332 1.84335
0.52909 -0.61189 1.63892 -0.40586 -0.64369 1.83138
0.52915 -0.61284 1.64049 -0.40698 -0.64789 1.82331
0.53031 -0.61461 1.64364 -0.41193 -0.65477 1.8245
0.52996 -0.61634 1.63644 -0.41301 -0.65728 1.82644
0.53364 -0.61501 1.63985 -0.41407 -0.6578 1.83354
0.53372 -0.61509 1.64006 -0.41489 -0.65748 1.8447
0.53161 -0.61567 1.64059 -0.4151 -0.65819 1.84923
0.53164 -0.61647 1.63957 -0.42703 -0.68565 1.86791
0.53032 -0.61584 1.64025 -0.43209 -0.6956 1.88694
]
