classifier_Monkey_goes_to_house_2051 [ 0.59481 -0.69231 1.81854 -0.07511 -0.49119 1.80692
0.61531 -0.71876 1.8893 -0.07761 -0.50885 1.87205
0.61134 -0.71944 1.89181 -0.07787 -0.50793 1.86946
0.60589 -0.70602 1.87715 -0.08488 -0.49664 1.82658
0.61298 -0.6913 1.86823 -0.09575 -0.52569 1.77272
0.5957 -0.66219 1.79907 -0.10825 -0.47958 1.69412
0.58333 -0.56475 1.86087 -0.13275 -0.44409 1.75672
0.58295 -0.50665 1.84376 -0.14371 -0.36585 1.75581
0.53333 -0.40985 1.74813 -0.15459 -0.27894 1.67075
0.49288 -0.32565 1.73459 -0.16857 -0.20208 1.64119
0.44934 -0.23386 1.70315 -0.16927 -0.12349 1.60588
0.36031 -0.03288 1.76564 -0.18067 0.04946 1.69723
0.32651 0.02333 1.79117 -0.19055 0.08432 1.75153
0.28598 0.07809 1.7671 -0.16831 0.13494 1.76192
0.26001 0.10118 1.75676 -0.16077 0.14517 1.75874
0.2398 0.10101 1.68307 -0.14625 0.144 1.68606
0.22471 0.10471 1.678 -0.13724 0.14412 1.68319
0.19856 0.11442 1.66155 -0.12437 0.14251 1.67587
0.19114 0.11586 1.68005 -0.11627 0.14245 1.69388
0.14107 0.1554 1.63976 -0.11146 0.13654 1.66734
0.14978 0.1503 1.62294 -0.10892 0.13335 1.6535
0.18782 0.1348 1.7157 -0.11642 0.14029 1.72975
0.23395 0.09852 1.72753 -0.14335 0.13478 1.71511
0.2538 0.07673 1.73088 -0.17221 0.10863 1.71626
0.26992 0.06877 1.75175 -0.19841 0.08544 1.74085
0.28385 0.05578 1.75105 -0.22078 0.0548 1.7392
0.2973 0.02102 1.7509 -0.23935 0.02178 1.74379
0.29232 -0.01106 1.6714 -0.2424 -0.02267 1.6681
0.29899 -0.03433 1.66884 -0.2518 -0.05349 1.67275
0.29737 -0.05943 1.66104 -0.2571 -0.07922 1.66279
0.30325 -0.08098 1.67225 -0.26344 -0.10738 1.68149
0.31017 -0.10035 1.70565 -0.27015 -0.12488 1.71833
0.31088 -0.10321 1.70359 -0.26977 -0.11802 1.71304
0.30751 -0.09666 1.66293 -0.2628 -0.08557 1.66228
0.31218 -0.09351 1.66972 -0.26083 -0.04587 1.65254
0.30217 -0.08925 1.60803 -0.24506 -0.00669 1.57741
0.30559 -0.08889 1.61847 -0.22995 0.03312 1.57197
0.3084 -0.09148 1.61147 -0.21688 0.06242 1.55276
0.30572 -0.09494 1.60871 -0.19283 0.08624 1.54183
0.30656 -0.09747 1.61101 -0.17052 0.09921 1.54276
0.31218 -0.10371 1.62749 -0.15652 0.10584 1.56367
0.31398 -0.10705 1.63317 -0.14178 0.10687 1.56431
0.32507 -0.11183 1.69041 -0.14722 0.11279 1.60851
0.31127 -0.10537 1.62333 -0.13338 0.10352 1.53483
0.32276 -0.11033 1.67577 -0.13278 0.10324 1.57861
0.3105 -0.11017 1.61525 -0.1254 0.09331 1.51187
0.31002 -0.10908 1.60859 -0.12318 0.08477 1.5022
0.31316 -0.10896 1.61924 -0.12287 0.07986 1.51077
0.30593 -0.10359 1.57102 -0.11887 0.07552 1.46689
0.31065 -0.10265 1.59329 -0.1221 0.07309 1.48631
0.31362 -0.10077 1.59813 -0.12247 0.072 1.49319
0.319 -0.10097 1.62465 -0.12445 0.07275 1.51685
0.32094 -0.09832 1.62303 -0.12727 0.07378 1.52135
0.32108 -0.09217 1.62531 -0.12799 0.07543 1.52234
0.32017 -0.09233 1.63167 -0.1323 0.0761 1.52762
0.31155 -0.09578 1.62351 -0.13502 0.07595 1.52213
0.31624 -0.11578 1.66836 -0.14531 0.0794 1.60058
0.31637 -0.15109 1.65814 -0.14247 0.07413 1.57434
0.33196 -0.18978 1.70554 -0.1485 0.07481 1.59611
0.38248 -0.28436 1.78342 -0.15253 0.07043 1.5948
0.39057 -0.30873 1.78342 -0.15112 0.06825 1.56639
0.41372 -0.34984 1.83528 -0.14935 0.06559 1.55916
0.40071 -0.36471 1.84476 -0.15313 0.06565 1.54704
0.44004 -0.3852 1.98717 -0.16003 0.06551 1.64249
0.4334 -0.38303 1.98781 -0.16279 0.06431 1.63307
0.42817 -0.38194 1.98805 -0.16288 0.06276 1.62935
0.43416 -0.37825 1.97868 -0.16152 0.06166 1.62455
0.434 -0.37753 1.97382 -0.16513 0.06195 1.62349
0.42888 -0.37796 1.96249 -0.16275 0.06009 1.61699
0.43274 -0.37773 1.9589 -0.16111 0.05941 1.62082
0.42384 -0.36827 1.93333 -0.15814 0.05834 1.60658
0.41883 -0.35453 1.92711 -0.15832 0.05884 1.60435
0.41781 -0.33301 1.89961 -0.15797 0.05992 1.59602
0.40571 -0.30999 1.8632 -0.15535 0.05932 1.58513
0.39398 -0.28183 1.82432 -0.15456 0.06093 1.58009
0.38608 -0.25042 1.7895 -0.15723 0.0631 1.58066
0.35694 -0.20698 1.69374 -0.14986 0.06088 1.52781
0.34389 -0.16485 1.63795 -0.14573 0.06116 1.50525
0.34677 -0.13206 1.67036 -0.15 0.06401 1.55127
0.33553 -0.093 1.64491 -0.14812 0.06482 1.54175
0.33133 -0.05338 1.64867 -0.15084 0.0669 1.55651
0.32192 -0.01671 1.63234 -0.14977 0.06733 1.55721
0.31519 0.00889 1.61578 -0.14839 0.06701 1.54866
0.31114 0.02813 1.6037 -0.14861 0.06858 1.54177
0.31163 0.04635 1.62205 -0.15271 0.07079 1.572
0.30306 0.0463 1.58201 -0.15039 0.0692 1.5406
0.30599 0.04621 1.6071 -0.1545 0.07034 1.57273
0.30495 0.04232 1.59559 -0.15227 0.06868 1.56493
0.30382 0.03949 1.59449 -0.15297 0.06803 1.56302
0.3016 0.03926 1.59095 -0.15566 0.06708 1.56193
0.30223 0.03754 1.58786 -0.15499 0.06648 1.5577
0.30162 0.03771 1.58529 -0.15555 0.06519 1.55596
0.3014 0.03758 1.58373 -0.15474 0.06506 1.55442
0.30161 0.03707 1.5824 -0.15485 0.06514 1.55262
0.30099 0.03746 1.58009 -0.15619 0.06605 1.55109
0.30106 0.03773 1.58038 -0.15485 0.06601 1.55227
0.30073 0.03844 1.58347 -0.15538 0.06642 1.55463
0.30093 0.03777 1.58028 -0.15439 0.06676 1.55122
0.30054 0.03799 1.58067 -0.15321 0.06609 1.55187
0.29856 0.03795 1.57914 -0.1539 0.06573 1.55126
0.29669 0.03636 1.57311 -0.15234 0.06548 1.54409
0.29391 0.03603 1.57367 -0.15344 0.06624 1.54444
0.29858 0.03616 1.60845 -0.15521 0.06656 1.58055
0.29051 0.0347 1.58205 -0.15401 0.06661 1.55192
0.28861 0.03423 1.57788 -0.15336 0.06658 1.54907
0.28232 0.03449 1.57824 -0.15358 0.0647 1.54903
0.27614 0.03579 1.57503 -0.15366 0.06269 1.54923
0.26784 0.03512 1.57337 -0.15425 0.06128 1.54506
0.25829 0.03621 1.57577 -0.15613 0.06206 1.54763
0.23441 0.03692 1.60214 -0.15621 0.06204 1.56939
0.21565 0.03465 1.5773 -0.15306 0.06062 1.54322
0.20202 0.03321 1.57896 -0.15445 0.06171 1.5412
0.18169 0.03236 1.56567 -0.15093 0.05939 1.52785
0.16644 0.03266 1.57394 -0.15168 0.0599 1.53424
0.15089 0.03137 1.56993 -0.15262 0.06028 1.52708
0.13622 0.03168 1.61156 -0.15689 0.06301 1.56025
0.11945 0.03213 1.62403 -0.15722 0.06342 1.56894
0.10172 0.03529 1.70843 -0.16964 0.06801 1.64472
-0.01092 0.05628 1.66064 -0.16554 0.06527 1.59697
-0.01648 0.05216 1.67561 -0.16241 0.06538 1.61235
-0.01965 0.04847 1.6888 -0.1624 0.06496 1.62468
-0.02167 0.04518 1.69072 -0.15895 0.06537 1.62846
-0.13703 0.06039 1.55389 -0.17871 0.06839 1.54311
-0.13667 0.0601 1.55302 -0.17747 0.06843 1.54348
-0.1385 0.06088 1.56242 -0.17683 0.0691 1.55409
-0.13933 0.06106 1.56391 -0.17753 0.06886 1.55448
-0.13936 0.06049 1.56306 -0.17826 0.06982 1.55465
-0.1404 0.0611 1.56465 -0.17859 0.06964 1.55552
-0.14053 0.0615 1.56598 -0.17797 0.07059 1.55493
-0.14088 0.06111 1.56788 -0.17923 0.06941 1.55672
-0.14097 0.06068 1.56951 -0.18046 0.06841 1.55871
-0.14152 0.06046 1.56901 -0.1783 0.06926 1.55918
-0.14083 0.06 1.56973 -0.1811 0.06788 1.56151
-0.1413 0.06034 1.5714 -0.18141 0.06808 1.5614
-0.14361 0.06041 1.56761 -0.18227 0.06989 1.561
-0.14384 0.06066 1.56776 -0.18106 0.07007 1.55993
-0.14302 0.06073 1.56788 -0.18473 0.07053 1.5608
-0.14243 0.06079 1.56655 -0.18271 0.07062 1.55928
-0.1445 0.06087 1.56738 -0.18237 0.07065 1.55931
-0.14268 0.05897 1.56733 -0.18367 0.06788 1.55954
-0.14421 0.05885 1.56993 -0.18613 0.06884 1.56165
-0.14358 0.05812 1.57042 -0.18397 0.06811 1.56138
-0.14317 0.05789 1.57109 -0.18562 0.06814 1.56169
-0.14309 0.05775 1.56918 -0.20745 0.07393 1.56733
-0.14265 0.05853 1.57002 -0.20147 0.07263 1.56547
-0.14284 0.05898 1.5697 -0.1987 0.07256 1.56328
-0.14253 0.05838 1.57048 -0.19694 0.0708 1.5637
-0.14434 0.05945 1.56975 -0.19534 0.0714 1.56298
-0.14288 0.05787 1.57003 -0.19283 0.071 1.56404
-0.14342 0.05712 1.56858 -0.19091 0.06928 1.56184
-0.14336 0.05413 1.56787 -0.19339 0.06721 1.5618
-0.14285 0.04969 1.57288 -0.19066 0.06066 1.56197
-0.14085 0.04382 1.57837 -0.19662 0.05445 1.56787
-0.12995 0.03626 1.59825 -0.19499 0.0422 1.58112
-0.03631 0.0093 1.69526 -0.1991 0.0224 1.61577
0.03673 -0.04084 1.82052 -0.1767 -0.01442 1.69757
0.05679 -0.06615 1.82836 -0.18035 -0.05388 1.69866
0.07653 -0.09601 1.81738 -0.17754 -0.1046 1.6954
0.11806 -0.15505 1.85757 -0.17695 -0.1725 1.75645
0.15074 -0.19947 1.7206 -0.15972 -0.22432 1.65998
0.21334 -0.27421 1.76168 -0.14913 -0.29881 1.74206
0.26383 -0.32028 1.66389 -0.12259 -0.34631 1.69102
0.33287 -0.38868 1.66823 -0.11132 -0.41403 1.73875
0.36034 -0.45395 1.63471 -0.11642 -0.44312 1.70901
0.43064 -0.45487 1.58571 -0.09811 -0.44153 1.64486
0.53044 -0.54125 1.7887 -0.11466 -0.51579 1.80396
0.56021 -0.59234 1.91404 -0.08695 -0.48895 1.85839
0.57498 -0.62146 1.91558 -0.08709 -0.49186 1.85334
0.59917 -0.6847 1.83602 -0.08452 -0.48514 1.81992
0.6038 -0.69123 1.84626 -0.0869 -0.48847 1.83047
0.60561 -0.69366 1.84723 -0.08941 -0.49111 1.83276
0.60652 -0.70554 1.85743 -0.0906 -0.49767 1.85116
0.60926 -0.70998 1.86059 -0.09048 -0.50191 1.85526
0.61336 -0.71433 1.86405 -0.09045 -0.50453 1.86758
0.61733 -0.71891 1.87292 -0.09138 -0.50783 1.87681
0.61633 -0.71782 1.87598 -0.09098 -0.50759 1.87833
0.61861 -0.71859 1.87648 -0.09198 -0.50848 1.8799
0.62125 -0.72019 1.87418 -0.09122 -0.50854 1.88137
0.61799 -0.7195 1.87414 -0.09133 -0.50753 1.87858
0.61826 -0.71955 1.8749 -0.09149 -0.5076 1.87933
0.61483 -0.71855 1.88282 -0.09143 -0.5081 1.87815
0.6147 -0.71828 1.88265 -0.09181 -0.50861 1.87796
0.61641 -0.71947 1.88152 -0.09186 -0.50891 1.87914
0.61738 -0.71953 1.87251 -0.09141 -0.508 1.87603
0.61901 -0.71817 1.87351 -0.09171 -0.5083 1.87615
0.61958 -0.71822 1.87178 -0.09158 -0.50795 1.87535
]
