classifier_Car_goes_to_car_24396 [ 0.60299 -0.67479 1.81847 -0.4843 -0.72377 1.86838
0.58001 -0.6519 1.76834 -0.46802 -0.69847 1.80557
0.58227 -0.65384 1.76566 -0.46833 -0.69996 1.80653
0.58274 -0.654 1.76671 -0.46795 -0.69951 1.80613
0.58369 -0.65095 1.76735 -0.46714 -0.69237 1.79676
0.57993 -0.64575 1.76561 -0.46272 -0.68181 1.78396
0.57128 -0.6366 1.74577 -0.46454 -0.67807 1.75172
0.59858 -0.65665 1.82901 -0.48891 -0.67259 1.86376
0.52866 -0.57481 1.84492 -0.48007 -0.63482 1.83105
0.50627 -0.51934 1.72102 -0.47499 -0.60582 1.70676
0.45631 -0.44278 1.58564 -0.43595 -0.53634 1.59132
0.43781 -0.40606 1.60836 -0.42231 -0.50619 1.62807
0.41368 -0.34635 1.58519 -0.40328 -0.45665 1.60683
0.39745 -0.29243 1.57971 -0.39854 -0.39673 1.58775
0.35378 -0.21847 1.45707 -0.35002 -0.33455 1.46231
0.32718 -0.1597 1.41609 -0.31866 -0.2924 1.42473
0.29599 -0.03959 1.50215 -0.28286 -0.23803 1.4985
0.27418 0.0283 1.57072 -0.26995 -0.20547 1.55492
0.22109 0.08457 1.42929 -0.22568 -0.13682 1.39667
0.20927 0.13079 1.45609 -0.21693 -0.07929 1.40846
0.20044 0.15745 1.44323 -0.20898 -0.00802 1.39973
0.20438 0.16456 1.45307 -0.20668 0.069 1.42637
0.2022 0.13972 1.39766 -0.20087 0.13534 1.4068
0.2099 0.09268 1.37731 -0.2084 0.19099 1.42858
0.20453 -0.03493 1.32983 -0.22072 0.24929 1.42858
0.19971 -0.06982 1.32438 -0.23041 0.24524 1.42736
0.19768 -0.06607 1.32273 -0.23984 0.2208 1.41952
0.18707 0.13004 1.37197 -0.23806 0.00129 1.36175
0.15696 0.21996 1.45501 -0.23792 -0.0401 1.43329
0.16482 0.24577 1.4599 -0.22057 -0.01504 1.4448
0.19432 0.15495 1.38027 -0.22356 0.08125 1.43128
0.20038 0.08972 1.31869 -0.22303 0.12133 1.39329
0.20756 0.02586 1.30512 -0.22487 0.15605 1.39176
0.21179 -0.02412 1.34205 -0.2369 0.18733 1.43215
0.20563 -0.06593 1.31184 -0.23621 0.20159 1.39526
0.21046 -0.10315 1.36028 -0.25048 0.21842 1.43698
0.21113 -0.13187 1.36623 -0.25557 0.22224 1.42857
0.21476 -0.1567 1.38178 -0.26786 0.22553 1.43638
0.23391 -0.19178 1.47632 -0.31053 0.23411 1.52727
0.24268 -0.21847 1.49759 -0.33869 0.23016 1.54252
0.25898 -0.26783 1.53732 -0.40663 0.19614 1.54571
0.24448 -0.27175 1.43878 -0.39975 0.15971 1.41726
0.27139 -0.34468 1.56804 -0.46582 0.08753 1.46177
0.25201 -0.34838 1.47029 -0.47965 0.03283 1.36438
0.26661 -0.38897 1.55934 -0.50852 0.00909 1.43682
0.27193 -0.41705 1.60585 -0.52631 -0.0083 1.48152
0.26984 -0.41893 1.60315 -0.51973 -0.01191 1.47706
0.26714 -0.41261 1.59551 -0.51718 -0.00927 1.47512
0.22887 -0.46476 1.54028 -0.48686 -0.00248 1.40502
0.25842 -0.37195 1.52824 -0.49487 0.0013 1.42332
0.25187 -0.33927 1.46139 -0.47664 0.00407 1.37118
0.27842 -0.33968 1.55415 -0.51134 0.00885 1.47051
0.26766 -0.3 1.46484 -0.48671 0.01008 1.39901
0.27716 -0.27491 1.45588 -0.48648 0.01315 1.40202
0.2893 -0.24797 1.45359 -0.48885 0.01373 1.41092
0.30849 -0.21222 1.47011 -0.4954 0.0179 1.43658
0.32252 -0.1673 1.47718 -0.50149 0.01651 1.45037
0.32708 -0.11442 1.45502 -0.49536 0.01598 1.43456
0.33294 0.00253 1.51377 -0.51643 0.01746 1.49816
0.31795 0.05785 1.47872 -0.50187 0.01955 1.46061
0.3053 0.10869 1.48695 -0.50087 0.02189 1.46035
0.30318 0.14537 1.51411 -0.50436 0.02729 1.47381
0.31008 0.17015 1.55637 -0.51464 0.03296 1.50477
0.31457 0.17107 1.55792 -0.51337 0.03958 1.50601
0.31344 0.14125 1.47819 -0.4908 0.0452 1.43958
0.3359 0.08933 1.47643 -0.49635 0.0518 1.45367
0.34436 0.01449 1.44003 -0.49128 0.05533 1.43617
0.36973 -0.06687 1.50253 -0.51695 0.06275 1.51417
0.37266 -0.12727 1.49848 -0.51511 0.06595 1.51821
0.36895 -0.14495 1.50095 -0.51758 0.0673 1.52407
0.35926 -0.12088 1.49876 -0.51573 0.06784 1.52348
0.32169 -0.00168 1.44087 -0.49062 0.0635 1.45485
0.30462 0.05937 1.4528 -0.491 0.06298 1.45542
0.29233 0.10557 1.46992 -0.48975 0.06314 1.45534
0.28164 0.13637 1.48771 -0.48832 0.06042 1.45639
0.27916 0.1461 1.49205 -0.48634 0.062 1.45779
0.28569 0.13941 1.51882 -0.49237 0.06338 1.48577
0.29427 0.10941 1.5094 -0.48924 0.06263 1.48707
0.31191 0.05926 1.52227 -0.49927 0.0654 1.51627
0.32082 -0.11614 1.44278 -0.47895 0.05958 1.45679
0.34244 -0.14769 1.53329 -0.50529 0.06397 1.53737
0.34635 -0.14945 1.55713 -0.51101 0.06677 1.55306
0.34786 -0.13194 1.56644 -0.51334 0.0688 1.55132
0.34533 -0.09832 1.53873 -0.50224 0.06966 1.51468
0.37621 -0.06042 1.59934 -0.52027 0.07507 1.56491
0.37246 -0.01869 1.52927 -0.49505 0.07292 1.48774
0.38039 0.0242 1.54403 -0.50052 0.07043 1.49452
0.36799 0.06018 1.47933 -0.477 0.06972 1.42978
0.37148 0.08998 1.47663 -0.47637 0.06821 1.43071
0.37456 0.10744 1.47378 -0.47583 0.06421 1.43043
0.3861 0.11227 1.49761 -0.48588 0.06182 1.46281
0.38394 0.10372 1.47872 -0.48355 0.05929 1.45987
0.37838 0.07963 1.43301 -0.47349 0.054 1.43203
0.37625 0.05708 1.41127 -0.47333 0.05201 1.43126
0.3682 0.01708 1.36983 -0.47077 0.05161 1.42148
0.36894 0.01602 1.37823 -0.4728 0.05341 1.42949
0.36398 0.02123 1.38497 -0.47616 0.05876 1.43362
0.36179 0.02496 1.38689 -0.4773 0.06135 1.43695
0.35222 0.02973 1.3856 -0.47701 0.06307 1.43625
0.36735 0.03278 1.44922 -0.49776 0.06735 1.50367
0.36243 0.03547 1.454 -0.50085 0.06966 1.51101
0.3543 0.03788 1.44897 -0.49795 0.06685 1.5103
0.32316 0.04136 1.37667 -0.47241 0.0646 1.4384
0.32504 0.04414 1.41188 -0.48209 0.06605 1.4757
0.30963 0.05027 1.40728 -0.48077 0.06606 1.47519
0.2854 0.05463 1.36588 -0.46537 0.06328 1.43723
0.26518 0.06051 1.36154 -0.46314 0.06369 1.436
0.244 0.064 1.35385 -0.45979 0.0614 1.43072
0.21951 0.06952 1.34712 -0.45845 0.06139 1.42746
0.19432 0.07483 1.35175 -0.45915 0.06175 1.43649
0.15701 0.07978 1.30879 -0.44514 0.06079 1.39419
0.13073 0.08527 1.30801 -0.4441 0.06021 1.3942
0.0312 0.10582 1.33349 -0.45208 0.0627 1.41717
0.0073 0.10196 1.30125 -0.4365 0.06289 1.37659
-0.02176 0.10123 1.30594 -0.43521 0.06419 1.37527
-0.05136 0.09969 1.30897 -0.43965 0.06286 1.37402
-0.07765 0.09543 1.33039 -0.44506 0.06375 1.3908
-0.10856 0.09495 1.36228 -0.45744 0.06467 1.41955
-0.1338 0.08824 1.39065 -0.46772 0.06476 1.4467
-0.15598 0.08238 1.44393 -0.48938 0.06639 1.50402
-0.16533 0.07061 1.42944 -0.48437 0.06667 1.4896
-0.18861 0.065 1.40116 -0.47465 0.06637 1.45959
-0.20185 0.05956 1.41148 -0.48304 0.05631 1.46778
-0.20442 0.05214 1.3979 -0.49278 0.04804 1.45617
-0.20755 0.05086 1.40078 -0.4979 0.04805 1.46023
-0.20679 0.04823 1.39284 -0.49419 0.04577 1.45285
-0.21334 0.04858 1.43024 -0.51608 0.04319 1.49641
-0.20986 0.0511 1.42299 -0.50948 0.0412 1.48782
-0.20613 0.05302 1.42226 -0.49747 0.0437 1.48163
-0.19729 0.05438 1.42176 -0.49396 0.0482 1.47819
-0.15573 0.06376 1.37648 -0.47377 0.04326 1.41827
-0.13907 0.06552 1.38852 -0.47176 0.04027 1.4217
-0.1112 0.06422 1.41713 -0.48385 0.03145 1.44165
-0.0801 0.05899 1.42623 -0.49291 0.01378 1.44177
-0.04334 0.04779 1.41508 -0.48856 -0.00164 1.42488
-0.00218 0.03304 1.4546 -0.51301 -0.03119 1.46005
0.08969 -0.01088 1.49801 -0.54465 -0.10336 1.4989
0.13431 -0.03585 1.46701 -0.53436 -0.1478 1.47215
0.19367 -0.07419 1.47274 -0.55023 -0.20531 1.48686
0.31017 -0.19602 1.58467 -0.57511 -0.38028 1.50373
0.45509 -0.30126 1.50467 -0.58478 -0.454 1.55453
0.51405 -0.36417 1.55698 -0.58791 -0.52674 1.60936
0.54879 -0.40575 1.5933 -0.57983 -0.5806 1.64443
0.57113 -0.45912 1.67117 -0.56935 -0.63497 1.68565
0.55974 -0.4991 1.81161 -0.56172 -0.67565 1.74655
0.61281 -0.53807 1.72811 -0.54844 -0.6981 1.79436
0.62547 -0.57952 1.74587 -0.52191 -0.71971 1.86242
0.61917 -0.59957 1.77178 -0.5113 -0.72107 1.87851
0.59853 -0.61653 1.78598 -0.49837 -0.73748 1.871
0.59985 -0.6275 1.78695 -0.49037 -0.73366 1.88009
0.60055 -0.63596 1.78805 -0.48319 -0.73255 1.88919
0.60362 -0.64966 1.79759 -0.47266 -0.71855 1.90642
0.6035 -0.65431 1.79561 -0.46947 -0.71553 1.90969
0.60326 -0.65769 1.79526 -0.46616 -0.7132 1.90927
0.60381 -0.65959 1.7965 -0.46612 -0.71174 1.90904
0.6048 -0.66146 1.79841 -0.46632 -0.71049 1.90726
0.63265 -0.69479 1.87681 -0.48079 -0.70564 1.99604
0.63373 -0.69682 1.88066 -0.48201 -0.70666 1.99062
0.5912 -0.65685 1.72497 -0.45296 -0.68891 1.82594
0.6049 -0.6742 1.76938 -0.46461 -0.69728 1.86994
0.59083 -0.65766 1.72776 -0.45569 -0.69025 1.81608
0.59029 -0.65796 1.72888 -0.45717 -0.6911 1.81131
0.59027 -0.6575 1.72954 -0.46048 -0.69166 1.80549
0.5906 -0.65704 1.73002 -0.4622 -0.69309 1.80418
0.59012 -0.65705 1.73075 -0.46233 -0.69412 1.80251
0.59068 -0.6566 1.73205 -0.46292 -0.69477 1.80321
0.5898 -0.65561 1.73308 -0.46224 -0.69441 1.80343
0.59008 -0.65564 1.73007 -0.46139 -0.69463 1.80278
0.58998 -0.65642 1.72972 -0.46091 -0.69485 1.81077
0.59211 -0.65779 1.73836 -0.4609 -0.69212 1.82169
0.5902 -0.65674 1.72923 -0.45915 -0.69275 1.81943
]
