classifier_Man_goes_to_car_22284 [ 0.72513 -0.75993 2.04657 -0.11434 -0.60072 1.96721
-0.00195 0.00246 -0.00251 0.00022 -0.00037 0.00091
-0.00216 0.00383 -0.00356 0.00016 -0.00100 0.00103
-0.01564 0.01917 -0.04955 0.00383 0.00936 -0.04596
0.00569 -0.00568 0.02487 -0.00182 -0.00671 0.02785
-0.02001 0.01423 0.00342 -0.00269 -0.00593 0.02384
-0.05914 0.02047 0.05431 -0.00285 -0.01372 0.04813
-0.03052 0.01643 -0.02322 0.00488 0.00787 -0.03788
-0.15821 0.04829 -0.01527 -0.00063 0.00817 0.00168
-0.04182 0.02369 -0.06628 -0.00131 -0.04164 -0.12126
-0.07757 -0.07241 -0.11083 0.00359 0.00987 -0.03621
-0.00980 -0.00017 -0.01062 0.00126 0.00154 -0.00748
-0.00325 -0.00224 0.00484 0.00764 0.05208 0.05943
-0.00119 0.00301 -0.01123 0.00628 -0.00688 -0.00051
-0.00123 0.00100 -0.00779 -0.01048 0.01144 0.00267
0.00301 -0.00493 0.02342 0.00242 -0.01047 -0.00432
0.00070 -0.00281 -0.00078 -0.00457 0.00581 0.00305
0.00344 -0.00937 0.02822 -0.02232 0.01347 0.03753
-0.01049 0.02341 -0.05043 0.01638 -0.06084 -0.11463
0.00133 -0.01282 0.02583 -0.04449 0.16795 0.04201
0.03318 0.05754 0.16115 -0.04381 0.05861 0.06583
0.02346 0.08586 -0.07905 -0.02203 0.20030 -0.10112
-0.03037 -0.03788 -0.07515 -0.02352 0.09741 -0.03101
0.05571 0.09504 0.15172 -0.03373 0.09550 0.14449
-0.02900 0.26342 -0.18589 -0.00064 0.14889 -0.06721
-0.00425 0.10303 -0.02914 0.01038 -0.02577 -0.03865
-0.00058 0.11267 0.05053 0.00037 -0.05778 0.03131
-0.02181 0.10477 -0.04985 0.01755 -0.08266 -0.07802
0.00053 0.08926 0.06620 0.00373 -0.08930 0.03473
-0.00801 0.11647 0.07644 0.03363 -0.11194 0.03809
-0.00239 0.00552 0.01371 0.00530 -0.00830 0.01070
-0.00490 -0.00374 0.01080 -0.00464 0.02468 0.00786
-0.00294 -0.04272 -0.01292 -0.01173 0.05577 0.00292
0.00917 -0.08102 0.01372 -0.01334 0.08605 0.03352
-0.00807 -0.08809 -0.07174 -0.00857 0.09968 -0.02458
-0.00660 -0.08804 -0.04788 -0.01195 0.08558 -0.00208
-0.00934 -0.09881 0.06336 -0.02583 0.14262 0.12637
0.00921 0.02942 0.01492 0.00014 -0.01632 0.00407
0.00704 0.12078 -0.01786 0.02707 -0.10806 -0.07754
0.00737 0.13724 0.03049 0.02082 -0.18211 -0.00597
0.00971 0.04192 0.02434 0.00167 -0.08160 0.02273
0.00638 0.03841 0.03595 0.01153 -0.03773 0.02664
-0.00051 0.00874 0.00153 0.00526 -0.00359 -0.00557
-0.01540 -0.03786 -0.01197 -0.02501 0.07808 -0.00245
-0.00222 -0.07527 0.00633 -0.01241 0.08040 0.00508
-0.04736 -0.24306 -0.04923 -0.04277 0.23002 0.00482
-0.00561 -0.09599 0.02489 -0.00770 0.06445 0.01502
-0.01284 -0.07592 -0.00450 -0.00369 0.02499 -0.02546
0.00694 -0.08122 0.06504 -0.00325 0.02899 0.02392
0.01068 -0.05428 0.05570 0.00596 0.00721 -0.00094
-0.01253 -0.04891 0.00199 0.01531 -0.00812 -0.02614
0.00400 -0.03805 0.03744 0.00761 -0.03242 0.00075
-0.01901 -0.05919 0.00428 0.03681 -0.06939 -0.06086
0.00741 -0.01842 0.06978 -0.03111 -0.14702 0.00924
-0.00161 -0.00936 0.00137 -0.00950 -0.04869 -0.00275
-0.00234 0.00235 -0.00142 -0.00116 -0.00599 -0.00168
-0.00013 0.00062 -0.00212 -0.00448 -0.00105 0.00020
0.01033 -0.02234 0.06847 -0.00753 0.00317 0.06387
-0.01067 0.01974 -0.07439 -0.00084 0.00266 -0.06215
0.00748 -0.01821 0.06957 -0.00436 0.00478 0.06252
-0.00878 0.01872 -0.07224 -0.00017 0.00136 -0.05910
0.00228 0.00357 -0.00262 0.00033 -0.00118 0.00217
0.03718 0.02168 0.04920 -0.00910 -0.00100 0.04009
0.00631 0.01331 -0.01988 -0.00050 -0.00066 0.00171
0.02919 0.04589 -0.05838 -0.00080 0.00045 0.00430
0.02019 0.05656 -0.02766 -0.00289 0.00010 0.01369
0.01255 0.07069 -0.04183 -0.00205 -0.00019 0.01448
-0.00376 0.09648 -0.07220 0.00304 -0.00241 -0.02251
-0.00528 0.11441 -0.02746 -0.00041 -0.00232 -0.00025
-0.01679 0.10961 -0.07554 0.01288 -0.00165 -0.07016
-0.01411 0.09612 -0.03090 0.00622 -0.00155 -0.03089
0.00246 0.09551 0.11870 -0.01792 0.00109 0.10862
-0.01354 0.06936 0.00585 0.00166 -0.00005 -0.00413
-0.04991 0.10598 -0.05872 0.01216 -0.00077 -0.07988
-0.01217 0.01844 -0.00466 0.00229 -0.00003 -0.01559
0.00306 0.02925 0.10527 -0.01587 0.00205 0.09144
-0.01517 -0.00240 0.02135 0.00207 0.00421 0.00116
-0.00430 -0.00549 0.02138 -0.00654 0.00085 0.01222
0.02331 -0.04562 0.08454 -0.00378 0.00756 0.07751
-0.00584 -0.03156 -0.07661 0.00565 0.00191 -0.07475
0.01398 -0.04520 0.01479 0.00333 0.00308 0.01049
0.02993 -0.10764 0.04319 -0.01793 0.00105 0.03269
-0.02005 -0.05246 -0.17149 0.03471 -0.00300 -0.16848
0.00804 -0.06372 -0.00828 0.00207 -0.00170 -0.01537
0.01353 -0.14172 0.10443 -0.01435 -0.00059 0.06853
-0.00300 -0.01580 0.00907 -0.00013 -0.00086 -0.00202
0.00930 -0.02953 0.00689 0.00014 -0.00058 -0.00111
0.03963 -0.01708 -0.02353 -0.00004 -0.00125 0.00021
0.05851 -0.01660 0.10732 -0.02247 0.00069 0.10338
0.01506 0.02900 -0.15457 0.02638 -0.00259 -0.12660
0.05094 0.01749 0.02312 -0.00613 -0.00073 0.03704
0.01686 0.03264 -0.11090 0.00932 -0.00272 -0.08762
0.03823 0.02339 -0.00690 -0.00078 -0.00062 0.00156
0.09414 0.03162 -0.00088 -0.00513 -0.00574 0.00039
0.02585 -0.00447 0.02213 -0.00823 -0.00462 0.01656
0.01470 -0.00887 0.00853 -0.00400 -0.00412 0.00310
0.00966 -0.00766 0.01069 -0.00243 -0.00176 0.00536
0.00120 -0.01185 0.00505 -0.00035 -0.00565 -0.00356
-0.00186 -0.00194 -0.00046 -0.00199 -0.00142 -0.00084
-0.00339 -0.00046 -0.00443 -0.00029 -0.00118 -0.00232
-0.00233 0.00143 -0.00244 0.00080 -0.00049 0.00005
-0.00366 0.00123 -0.00378 -0.00036 -0.00005 0.00018
-0.00382 0.00077 -0.00209 -0.00041 -0.00024 0.00160
-0.01927 0.00322 -0.02494 0.00066 0.00078 -0.00703
-0.01026 0.00085 -0.01183 0.00084 -0.00026 -0.00439
-0.01364 0.00264 -0.01519 0.00028 -0.00033 -0.00546
-0.01318 0.00197 -0.00329 -0.00041 0.00043 0.00662
-0.01994 0.00192 -0.01673 0.00079 -0.00020 -0.00429
-0.01771 0.00086 0.00099 -0.00250 -0.00050 0.01348
-0.02631 0.00212 -0.02169 0.00269 -0.00072 -0.00747
-0.02573 -0.00062 -0.01257 -0.00023 0.00013 0.00054
-0.02665 0.00058 -0.00989 0.00050 -0.00068 0.00312
-0.03265 0.00238 0.09111 -0.01948 0.00007 0.11668
-0.05298 0.00125 -0.12533 0.02339 -0.00074 -0.11494
-0.01331 0.00654 0.08060 -0.01466 -0.00038 0.08975
-0.05050 -0.01145 0.00952 -0.00388 -0.00161 0.03033
-0.02810 0.00224 -0.00588 0.00279 -0.00194 0.00000
-0.02598 0.00354 0.01399 -0.00208 -0.00193 0.01867
-0.01912 0.00975 0.06455 -0.01011 -0.00149 0.06762
-0.03338 -0.00741 -0.10004 0.02020 0.00041 -0.09759
-0.05982 0.00882 0.06865 -0.01097 -0.00257 0.07315
-0.02146 -0.00933 -0.08859 0.01639 -0.00033 -0.09274
-0.01439 -0.00198 0.00653 0.00160 0.00082 0.00507
-0.01321 -0.00297 0.02589 -0.00386 -0.00046 0.02495
-0.01228 -0.00383 0.00610 -0.00127 -0.00143 0.00479
-0.01005 -0.00426 0.07184 -0.01234 -0.00085 0.07235
-0.01271 -0.00004 0.00233 0.00001 -0.00122 -0.00053
-0.01167 -0.00204 0.00337 -0.00039 -0.00226 0.00210
-0.01137 -0.00049 0.00229 -0.00229 -0.00217 -0.00040
-0.00815 -0.00435 0.00696 -0.00153 -0.00295 0.00418
-0.00779 -0.00150 0.00179 -0.00227 -0.00320 0.00058
-0.00685 -0.00385 0.00329 -0.00432 -0.00285 0.00113
-0.01123 0.00136 -0.00653 -0.00219 -0.00313 -0.00884
-0.00658 -0.00157 -0.06057 0.00945 -0.00068 -0.06426
-0.00590 0.00036 0.06321 -0.01770 -0.00531 0.06378
-0.00505 -0.00279 -0.06037 0.02196 0.00064 -0.06440
-0.00459 -0.00045 -0.02048 0.00645 -0.00137 -0.02177
-0.00774 -0.00444 0.02415 -0.02523 -0.00612 0.02131
-0.00300 -0.00034 0.00075 -0.00086 -0.00078 0.00085
0.00707 -0.01325 0.00330 -0.00197 -0.00158 -0.00086
-0.00127 -0.00027 0.00085 -0.00112 -0.00041 0.00053
-0.00075 -0.00065 0.00127 -0.00141 -0.00009 0.00207
0.00386 -0.00368 -0.00048 -0.00005 -0.00046 -0.00034
0.00126 -0.00132 0.00050 -0.00103 -0.00108 0.00091
0.00092 -0.00060 0.00054 -0.00007 -0.00055 0.00049
0.00148 -0.00126 0.00036 0.00104 -0.00035 -0.00052
-0.00323 0.00792 -0.00698 0.00453 0.00415 -0.00301
0.00263 -0.00038 0.07865 -0.01507 -0.00109 0.08307
0.00846 0.00270 0.00186 0.00009 -0.00134 0.00288
0.01124 0.00595 -0.00597 0.00385 0.00314 -0.00294
0.02009 0.00300 0.00420 0.00339 0.00303 0.00614
0.05376 0.01011 -0.08541 0.02129 0.00758 -0.08572
0.04078 -0.00395 0.09831 -0.00998 0.00458 0.10177
0.03705 0.00293 -0.09689 0.01671 0.00270 -0.09611
0.05118 -0.00424 0.00710 -0.00002 0.00150 0.00299
0.11358 -0.04440 -0.03310 0.01101 -0.00506 -0.04607
0.06702 -0.03095 0.06134 -0.00882 -0.01605 0.05192
0.05893 -0.03959 0.00063 0.00421 -0.02459 -0.01204
0.02520 -0.03403 -0.12284 0.01989 -0.03443 -0.13467
0.11825 -0.12663 0.11347 -0.00254 -0.10174 0.07999
0.04334 -0.05951 0.04550 0.01066 -0.05540 0.02027
0.00671 -0.04240 -0.01844 0.02590 -0.04450 -0.04976
0.04234 -0.05469 0.06760 0.01558 -0.05850 0.05211
0.01766 -0.07934 0.08299 0.04227 -0.09898 0.03643
0.01203 -0.03090 0.02241 0.02135 -0.04114 0.02701
-0.02678 -0.01454 -0.08135 0.08662 -0.17157 -0.10529
-0.00110 -0.01396 -0.01505 0.00095 0.00916 -0.01829
0.00044 -0.01862 -0.01720 0.00238 0.00737 -0.01822
0.02486 -0.04519 0.05240 0.00052 0.06870 0.12385
-0.00572 -0.00027 -0.00990 0.00687 -0.00394 -0.01345
-0.02173 0.01096 -0.05907 0.02622 -0.06491 -0.13084
-0.00013 -0.00790 -0.01720 0.00427 0.00254 -0.01319
-0.00437 -0.00345 -0.01256 -0.00223 -0.00066 -0.01419
0.00082 -0.00243 0.00674 -0.00012 -0.00416 0.00353
0.02061 -0.02092 0.04366 -0.01944 0.01884 0.07819
0.00636 -0.00590 0.01288 -0.00826 0.00156 0.02299
-0.01355 0.01592 -0.05083 0.01135 -0.01644 -0.07884
0.00217 0.00016 0.00218 -0.00040 0.00037 0.00129
0.01071 -0.01049 0.02753 -0.00373 0.01013 0.04200
-0.00504 0.00683 -0.01703 0.00170 -0.00710 -0.02712
0.00621 -0.00650 0.01437 -0.00288 0.00640 0.02517
-0.00840 0.00869 -0.02077 0.01136 -0.00752 -0.03672
-0.00614 0.00610 -0.01574 0.01499 -0.01028 -0.03333
0.00306 -0.00288 0.00474 -0.01149 0.00215 0.01550
-0.00189 0.00210 -0.00461 0.00017 0.00070 -0.00244
-0.00108 0.00156 -0.00131 -0.00013 0.00024 -0.00270
0.00135 -0.00115 0.00002 -0.00845 0.00349 0.00923
]
