classifier_Man_bumps_into_house_2021 [ 0.55038 -0.64484 1.69065 -0.12651 -0.49463 1.57072
0.03349 -0.04258 0.12045 -0.00431 -0.02783 0.10372
-0.04922 0.05846 -0.17087 0.08704 0.07005 -0.18549
0.05055 -0.05160 0.14128 -0.10674 -0.05666 0.18113
-0.00849 0.04057 -0.02159 -0.00980 0.05526 -0.01884
-0.11666 0.27429 -0.12012 0.00454 0.21372 -0.07279
0.01637 0.04569 0.13464 -0.01559 0.04602 0.14784
-0.07159 0.11222 -0.09503 0.00475 0.07298 -0.08210
-0.06741 0.18547 0.06785 -0.00707 0.16573 0.06801
-0.02482 0.04334 -0.00361 0.00322 0.04012 0.01322
-0.02194 0.03567 -0.00506 0.01118 0.03425 0.00976
-0.03878 0.03425 -0.05793 0.01850 0.02277 -0.04902
-0.01951 0.03097 0.04443 -0.00169 0.02006 0.04284
-0.01500 0.01687 0.02460 -0.00335 0.00789 0.02691
-0.01208 0.00349 0.00219 0.00878 0.00545 -0.00011
-0.04594 0.02948 -0.02103 0.00774 0.00010 -0.01539
-0.00086 0.00168 -0.00137 0.00216 0.00136 -0.00106
0.00741 -0.00269 0.00085 0.00144 -0.00036 0.00500
0.00981 -0.00016 -0.00146 0.00040 0.00326 -0.00300
0.00746 0.00182 -0.01240 -0.00732 -0.00152 -0.01691
0.02512 -0.01051 0.02115 -0.01804 0.00068 0.01339
0.02975 -0.02237 0.01492 -0.02917 -0.01019 0.01268
0.01919 -0.01982 -0.01429 -0.02636 -0.02138 -0.00667
0.01839 -0.01728 0.00728 -0.02500 -0.01647 0.00979
0.01921 -0.02262 0.01532 -0.02524 -0.03062 0.01536
0.00558 -0.05088 -0.06528 -0.00775 -0.03671 -0.05988
-0.00108 -0.02275 -0.04826 -0.00673 -0.04864 -0.04505
0.00123 -0.02437 -0.03065 -0.00448 -0.02471 -0.02867
-0.00646 -0.02675 -0.09661 0.00742 -0.05363 -0.09747
0.01975 -0.01892 0.07243 -0.01318 -0.03132 0.08229
-0.00468 -0.05605 0.08545 -0.00808 0.00128 0.07236
-0.01182 0.01197 -0.08165 0.01657 0.01650 -0.08190
0.00150 -0.00003 0.01003 -0.00101 0.01877 0.00268
-0.00471 0.00539 -0.03614 0.00701 0.04083 -0.04906
0.02286 -0.02763 0.18532 -0.01689 0.08435 0.17412
-0.04613 0.00380 -0.21475 0.04662 0.02380 -0.21532
-0.01844 -0.01236 -0.04873 0.01890 0.01944 -0.06174
-0.00696 -0.01515 0.01385 0.02082 0.01385 0.00229
0.00245 -0.02556 0.06045 -0.00414 0.01216 0.05104
-0.00589 -0.01786 0.00394 -0.00032 0.00370 -0.00461
0.00862 -0.01981 0.07689 0.02564 0.00140 0.04780
-0.00244 -0.01032 -0.00596 0.00508 -0.00553 -0.01530
-0.00292 -0.00323 0.00238 0.00593 -0.00415 -0.00916
0.00258 -0.00045 0.00303 0.00121 -0.00289 -0.00428
0.00165 -0.00113 -0.00717 0.00084 0.00112 -0.00701
0.00380 0.00640 0.01145 0.00125 0.00043 0.00619
0.00248 -0.00325 -0.01062 0.00126 -0.00030 -0.00748
0.00399 0.00519 -0.00143 0.00285 -0.00181 0.00042
0.00180 0.00322 -0.00135 -0.00086 0.00008 0.00050
0.00222 0.00199 -0.00065 0.00007 -0.00239 0.00237
0.00032 0.00583 -0.00537 -0.00114 -0.00039 -0.00374
0.00091 -0.00087 0.00150 -0.00181 -0.00157 0.00529
0.00206 -0.00315 0.00854 0.00064 -0.00255 0.00887
-0.00290 0.00528 0.01405 -0.00524 0.00167 0.01470
-0.01492 0.01089 -0.09100 0.01387 -0.00699 -0.08710
0.01148 -0.01634 0.09351 -0.01257 0.00539 0.09403
-0.00893 0.00943 -0.02766 0.00585 -0.00360 -0.02904
-0.00843 0.00176 -0.06289 0.00627 -0.00465 -0.05502
-0.00085 0.00124 -0.00362 0.00018 -0.00130 -0.00155
-0.00051 0.00086 0.00046 -0.00161 -0.00044 0.00229
0.00973 -0.00832 0.06015 -0.01291 0.00538 0.05731
-0.00820 0.00738 -0.05992 0.00921 -0.00524 -0.05637
-0.00053 0.00326 -0.00414 0.00196 -0.00093 -0.00563
0.00647 0.00161 0.05981 -0.00650 0.00395 0.05618
-0.00836 0.01301 -0.00643 0.00016 -0.00044 -0.00382
-0.00825 0.01807 0.00488 -0.00614 0.00219 0.00293
-0.00952 0.03420 0.05062 -0.00161 0.00197 0.04650
-0.02780 0.04801 -0.06208 0.00708 -0.00238 -0.06143
-0.01780 0.09256 0.15621 -0.00991 0.01273 0.13057
-0.02567 0.04666 -0.09024 0.01677 -0.00654 -0.09752
-0.02896 0.10005 0.06365 -0.00289 0.00714 0.03424
-0.01115 0.02216 -0.04014 0.00361 -0.00292 -0.04674
0.00013 0.01559 0.02193 -0.00058 0.00178 0.01594
-0.01054 0.03717 0.03120 -0.00180 0.00313 0.01592
-0.00044 0.00217 0.01193 -0.00047 -0.00020 0.00592
0.00018 -0.00117 0.00625 0.00065 0.00033 0.00139
0.00030 -0.02881 -0.01733 -0.00394 -0.00060 -0.00286
0.01202 -0.07430 -0.00297 -0.00208 0.00055 0.00806
0.00736 -0.05774 0.03543 -0.00483 0.00372 0.03830
-0.01776 -0.20210 0.08050 -0.00939 -0.00017 -0.02994
-0.02855 0.01605 -0.03013 0.00278 -0.00374 -0.02324
0.01788 0.01678 0.03927 -0.00307 0.00140 0.03622
0.02379 0.00392 0.00647 -0.00218 0.00299 0.01986
0.02570 0.01113 0.00134 -0.00111 0.00254 0.02823
0.04259 0.04220 -0.04020 -0.00358 0.00574 0.02688
0.02224 0.01682 -0.03873 0.00048 0.00068 -0.00508
0.01562 0.01825 -0.04438 0.00158 0.00067 -0.00966
0.01309 0.01368 -0.03064 0.00053 0.00142 -0.00638
0.01157 0.01124 -0.00629 -0.00149 0.00274 0.01518
0.00737 0.00402 -0.01319 -0.00105 0.00164 0.00863
0.00723 -0.00138 -0.02039 0.00122 -0.00061 -0.00039
0.00469 -0.00301 -0.01890 -0.01626 0.00275 0.00612
0.00426 -0.00574 -0.01725 0.01143 -0.00411 -0.00381
0.00005 -0.00623 -0.02145 0.00201 -0.00171 -0.00570
0.00133 -0.00633 -0.01397 0.00290 -0.00269 -0.00794
-0.00104 -0.00523 -0.01143 0.00035 -0.00086 -0.00909
0.00143 -0.00282 -0.00420 0.00011 -0.00109 -0.00244
-0.00032 -0.00591 -0.00538 0.00267 -0.00162 -0.00252
-0.00055 -0.00154 -0.00234 -0.00057 -0.00016 -0.00235
-0.00236 -0.00201 -0.00458 -0.00065 0.00088 -0.00525
-0.00100 0.00127 -0.00470 0.00222 -0.00054 -0.00377
-0.00297 -0.00242 -0.00003 -0.00028 -0.00058 -0.00144
-0.00392 0.00112 -0.00018 -0.00064 -0.00245 -0.00228
-0.00434 -0.00075 -0.00583 0.00141 -0.00116 -0.00412
-0.00091 -0.00066 0.00203 -0.00108 -0.00009 0.00145
-0.00264 -0.00002 0.00648 -0.00082 0.00068 0.00707
-0.00214 -0.00020 -0.00091 -0.00197 0.00071 0.00132
-0.00254 0.00012 -0.00206 0.00013 -0.00004 -0.00249
-0.00401 -0.00108 -0.00016 0.00116 -0.00109 0.00093
-0.00445 0.00114 -0.00136 -0.00169 0.00043 -0.00018
-0.00591 -0.00047 0.00223 -0.01895 0.00640 0.00635
-0.00701 0.00093 0.00479 0.00814 -0.00252 0.00228
-0.00878 -0.00154 0.00962 -0.01036 0.00414 0.01495
-0.03835 0.00537 -0.09102 0.01294 -0.00933 -0.09274
-0.00905 -0.00043 0.08046 -0.01928 0.00927 0.08614
-0.02145 0.00019 0.00590 0.01078 -0.00281 -0.00092
-0.03229 0.00360 -0.09140 0.00957 -0.00831 -0.09441
-0.02652 0.00301 -0.00659 -0.00960 0.00069 -0.00808
-0.06013 -0.00122 0.05748 -0.00185 0.00130 0.04467
-0.03660 0.00706 0.01315 -0.00267 0.00029 0.00665
-0.08233 0.08448 -0.00797 -0.03344 0.00375 -0.01138
-0.00353 -0.00495 -0.06786 0.01901 -0.00561 -0.06971
0.00891 0.01274 0.07341 -0.01942 0.01318 0.07582
0.08326 -0.09398 0.09851 -0.00535 0.00959 0.11412
0.03123 0.00038 -0.00936 0.00299 0.00169 -0.00361
0.06052 0.00368 -0.17715 0.02815 -0.01827 -0.16754
0.03333 0.00096 -0.01392 0.00058 0.00052 -0.00928
0.07675 -0.00338 0.07953 -0.01321 0.00925 0.08322
0.03006 0.00087 -0.00296 -0.00046 0.00044 -0.00131
0.08386 -0.00641 0.03502 -0.00287 0.00152 0.02816
-0.00841 0.00160 -0.06313 0.00853 -0.00554 -0.06852
0.00104 0.00153 0.00631 -0.00068 0.00039 0.00753
-0.00249 -0.00018 0.00191 0.00018 0.00019 0.00310
-0.00715 -0.00012 -0.00072 -0.00228 0.00042 -0.00009
-0.00230 0.00049 -0.00361 0.00094 -0.00049 -0.00157
-0.00282 -0.00294 -0.00577 0.00208 -0.00056 -0.00540
0.00195 -0.00327 0.00275 -0.00107 -0.00131 0.00114
0.00331 -0.00402 0.00472 -0.00057 -0.00072 0.00106
-0.00641 -0.00621 -0.05525 0.01143 -0.00596 -0.06087
0.01555 -0.01137 0.04087 -0.00365 0.00171 0.03199
0.03357 -0.02057 0.11261 -0.02021 0.00752 0.10297
0.01019 -0.02585 -0.02073 0.00304 -0.00404 -0.03325
0.01814 -0.03263 -0.00574 0.01003 -0.00785 -0.01773
0.01592 -0.03322 -0.03077 0.00370 -0.00781 -0.03762
0.02175 -0.04280 -0.01683 0.00041 -0.00816 -0.02509
0.07313 -0.10572 0.05063 -0.00545 -0.02177 0.03831
0.03904 -0.05775 0.01603 -0.00335 -0.01689 0.00401
0.03153 -0.05232 0.01920 0.00023 -0.02400 -0.00574
0.00316 -0.08588 0.07310 0.00898 -0.06491 -0.02401
0.02123 -0.05610 0.10455 -0.00679 -0.04421 0.07062
0.06201 -0.08435 0.18799 -0.00545 -0.05926 0.15696
-0.03179 0.02441 -0.19498 0.02508 -0.04373 -0.15583
-0.01935 -0.04225 -0.06691 0.01292 -0.04553 -0.04917
0.01536 -0.02497 0.06054 0.01032 -0.06184 0.05978
0.00846 -0.01451 0.03348 0.00377 -0.05238 0.04416
-0.00655 -0.00044 -0.02125 0.01366 -0.04247 -0.00399
-0.01772 0.01555 -0.03822 0.01125 -0.02113 -0.03132
0.01354 -0.01664 0.04291 -0.00611 -0.05773 0.05976
0.00495 -0.00835 0.01529 0.00575 -0.03618 0.02713
0.00378 -0.00571 0.02348 0.00412 -0.01144 0.02652
-0.00684 0.00480 -0.01822 0.00675 -0.00031 -0.01152
-0.00091 0.00056 -0.00143 0.00478 -0.00177 0.00430
0.00245 -0.00244 0.00911 0.00340 -0.00021 0.01266
-0.00823 0.00855 -0.03122 0.00129 0.00581 -0.02466
-0.00176 0.00080 -0.00146 0.00383 -0.00144 0.00118
0.00567 -0.00678 0.02453 0.00113 -0.00508 0.02222
0.00443 -0.00491 0.01444 0.00041 -0.00443 0.01516
0.00012 -0.00061 0.00325 0.00077 0.00122 0.00282
-0.00077 0.00048 -0.00062 -0.00063 0.00022 -0.00245
-0.01670 0.02554 -0.10308 0.00592 0.02201 -0.07536
0.00081 -0.00135 0.00882 0.00070 -0.00560 0.00201
-0.00143 0.00139 -0.00199 -0.00040 0.00325 -0.00345
0.00982 -0.00004 -0.02369 -0.00078 -0.00230 -0.00154
0.01309 -0.03116 0.12418 -0.00724 -0.02338 0.08356
]
