classifier_Monkey_goes_to_fence_16569 [ 0.59916 -0.75034 1.85045 -0.31794 -0.7417 2.07259
-0.00609 0.00153 0.00942 0.00145 -0.00048 -0.00562
-0.00170 0.00085 -0.00051 -0.00066 0.00011 0.00160
0.00093 -0.00052 0.00015 0.00058 -0.00245 -0.00565
-0.00023 0.00134 -0.00009 0.00985 0.00483 -0.03024
0.00145 -0.00020 0.00275 -0.00130 -0.00360 0.00064
0.01326 0.00459 -0.00376 -0.00057 0.00015 0.00193
0.01509 0.00726 0.01090 -0.00012 0.00006 0.00385
-0.01631 0.20423 -0.01692 0.10986 0.26716 -0.30586
-0.02659 0.05645 -0.04832 -0.03005 0.05160 -0.01301
-0.04559 0.05611 0.01118 -0.05039 0.05557 0.07255
-0.02580 0.06038 0.06518 -0.01624 0.04716 0.03689
-0.05785 0.04938 0.03146 -0.01161 0.04967 0.03770
-0.08373 0.06580 -0.14038 0.03559 0.06327 -0.14419
-0.01987 0.00458 0.23776 0.01001 0.00874 0.22520
-0.13184 0.07262 -0.25082 0.09342 0.05933 -0.24050
-0.02270 -0.00153 0.15510 -0.02182 -0.00348 0.14300
-0.07630 0.00698 -0.00528 0.01031 0.00618 -0.01891
0.00652 0.00912 -0.01566 0.00350 0.00399 -0.00575
0.00737 0.00214 0.01438 -0.00252 -0.00125 0.02246
0.02484 -0.00873 0.00231 -0.01614 -0.01143 0.02559
-0.00616 0.00049 -0.02463 0.00010 0.00529 -0.02044
0.02169 -0.00023 -0.00221 -0.00145 -0.01413 0.00544
0.05367 -0.00521 0.10078 -0.15595 -0.01289 0.14413
0.04870 0.03253 -0.27337 0.03504 0.02351 -0.26366
0.17686 -0.02051 0.23832 -0.10408 -0.00527 0.22731
-0.02794 0.02286 -0.22149 0.01998 0.02907 -0.22025
0.06734 -0.00663 0.19436 -0.06508 0.00693 0.19724
0.05259 -0.07628 0.15252 -0.01958 0.05239 0.07190
0.02313 0.00984 0.13943 -0.02096 0.04204 0.10604
-0.01704 0.01354 -0.03076 0.01056 0.00954 -0.03110
-0.04695 0.04762 -0.20376 0.04836 -0.00476 -0.17682
-0.00475 -0.01277 -0.00974 0.01217 -0.01852 -0.02707
0.01403 0.00276 0.00814 0.00087 -0.03759 0.01308
-0.00026 -0.02330 -0.02201 0.01205 -0.04582 -0.03947
0.00461 -0.03816 -0.02673 0.01098 -0.05982 -0.02417
0.02749 -0.16373 0.25888 -0.02661 -0.14024 0.14430
-0.00662 0.00128 -0.07995 0.01250 -0.01476 -0.05905
-0.00481 0.00423 -0.04800 0.01126 0.00033 -0.04123
0.00342 -0.00019 -0.01729 0.00324 0.00677 -0.00440
0.00363 -0.00072 -0.00354 0.00062 0.00583 0.00288
-0.04450 0.03839 -0.17581 0.03575 0.03507 -0.16449
0.00329 0.00271 0.00031 -0.00033 0.00587 0.00421
0.02903 -0.01655 0.10429 -0.02192 -0.01115 0.09500
-0.02225 0.01195 -0.09429 0.01798 0.01733 -0.08258
0.04239 -0.02396 0.15331 -0.03340 -0.01479 0.13861
-0.03197 0.01840 -0.18251 0.02111 0.03018 -0.11329
-0.01516 -0.01321 -0.06785 0.00470 0.01221 -0.02003
0.00822 -0.02726 0.02033 -0.00410 0.00699 0.01937
-0.00012 -0.05359 0.03320 0.00499 0.02395 -0.00496
0.00345 -0.01313 0.03364 0.00514 0.01280 -0.00971
0.00322 -0.00725 0.04221 0.00383 0.00732 0.00181
-0.00908 0.00135 0.03630 0.00155 0.00557 0.00602
-0.02489 0.02265 0.01003 0.00433 -0.00080 -0.00916
-0.03706 0.03412 0.00425 0.00115 -0.00618 -0.00060
0.00279 0.08601 0.00642 -0.00185 -0.00930 0.01262
-0.00512 0.05825 -0.01083 -0.00042 -0.00909 0.00609
-0.00065 0.02985 -0.01058 0.00125 -0.00558 0.00663
-0.00891 -0.00553 -0.01982 0.00179 -0.00389 -0.00536
0.04854 -0.03835 0.01004 -0.00050 -0.00117 0.00838
-0.00667 -0.04820 -0.06308 0.01440 0.00925 -0.06624
0.01512 -0.05554 0.06688 -0.00496 -0.00021 0.02317
-0.05680 0.07527 0.02603 -0.00720 -0.00146 0.02034
-0.01474 0.03423 -0.04308 -0.00173 -0.00367 0.00698
-0.00914 -0.04993 -0.02742 0.00492 0.00118 -0.02296
0.05801 -0.05684 0.05426 -0.00729 -0.00650 0.03383
0.00893 -0.05086 0.03818 -0.00025 -0.00282 0.00442
-0.00392 -0.00521 0.03541 0.00109 -0.00022 0.00556
-0.02821 0.02294 0.01489 0.00074 0.00082 -0.00252
-0.02279 0.03005 0.00640 -0.00090 0.00218 0.00236
-0.02875 0.00874 0.01629 0.00218 0.00162 -0.01052
-0.01243 0.08199 -0.06324 -0.00224 0.00347 0.00506
-0.00160 0.02615 -0.02791 -0.00265 -0.00083 0.01104
0.03167 0.03272 -0.03099 -0.00127 0.00149 -0.00295
-0.00489 0.02997 -0.02603 0.00112 0.00087 -0.00112
-0.02085 0.03289 -0.08906 0.01384 0.00795 -0.05759
-0.01491 0.04579 0.00249 0.00050 0.00068 0.03519
-0.01322 0.01063 -0.04327 0.01216 0.00667 -0.03098
0.00244 -0.00291 0.02084 0.00095 0.00039 0.03002
-0.03558 -0.01202 -0.07365 0.01893 0.00915 -0.05886
0.01845 -0.00627 0.01574 0.00600 0.00608 0.02502
0.00080 -0.00712 0.00995 -0.00045 -0.00144 0.01094
0.00056 -0.00404 0.00820 -0.00021 0.00000 0.01056
-0.00090 -0.00316 -0.00087 0.00064 0.00128 0.00207
0.00663 -0.00433 0.03647 -0.00773 -0.00651 0.03917
-0.00416 0.00254 -0.01223 0.00061 0.00146 -0.01170
-0.00371 0.00443 -0.00528 -0.00023 0.00147 -0.00829
-0.01617 0.00980 -0.05799 0.01121 0.00920 -0.05067
0.02160 -0.00109 0.15989 -0.02983 -0.01769 0.16000
-0.00706 0.01390 -0.00013 0.00067 0.00251 0.00285
-0.02775 0.02251 -0.10330 0.01992 0.01170 -0.09986
-0.03279 0.01990 -0.08778 0.01646 0.01186 -0.08271
-0.01875 0.01191 0.03367 -0.00532 -0.00631 0.03701
-0.02969 0.01387 -0.02444 0.00725 0.00358 -0.02294
-0.01343 0.01328 0.02765 -0.00195 -0.00303 0.02785
-0.03993 0.00455 0.00488 0.00251 0.00146 0.00508
-0.02838 0.00715 -0.01838 0.00708 0.00223 -0.00535
-0.02968 0.00247 -0.01791 0.00297 0.00328 -0.01973
-0.03094 0.00008 0.00456 -0.00016 -0.00018 0.00687
-0.02882 -0.00449 -0.00210 0.00096 0.00261 0.00433
-0.03165 -0.01019 0.02916 -0.00476 -0.00268 0.03271
-0.01396 -0.00642 0.01040 -0.00198 0.00229 0.01817
-0.02440 -0.01086 -0.04877 0.00745 0.00834 -0.04848
-0.01614 -0.01224 -0.00422 -0.00003 0.00585 -0.00031
-0.04063 -0.02145 0.03345 -0.00523 -0.00321 0.03123
-0.01323 -0.01132 -0.02943 0.00864 0.00614 -0.03381
-0.03243 -0.01571 -0.04441 -0.00376 -0.00354 -0.05936
-0.17432 -0.04358 0.13090 -0.01885 -0.00643 0.09536
-0.00298 0.00078 0.01896 0.14687 0.02505 0.02462
0.22614 0.05057 -0.08957 0.00242 0.00256 -0.04094
-0.02290 -0.00713 0.01417 -0.00326 -0.00327 0.01518
-0.21344 -0.04447 0.09901 -0.00336 -0.00692 0.04898
0.22465 0.04064 -0.09592 0.00358 0.00382 -0.04832
0.00328 -0.00023 0.00074 0.00143 -0.00066 0.00061
-0.05056 -0.01074 -0.04625 0.01236 0.00497 -0.05922
0.03736 -0.00039 0.03826 -0.00046 -0.00626 0.04305
-0.02020 -0.00674 -0.03281 0.01197 0.00453 -0.04502
0.01829 -0.00381 0.02736 0.01124 -0.00447 0.02760
0.01577 -0.00783 -0.01457 0.02065 -0.00372 -0.01561
0.05443 -0.01541 -0.04661 0.05111 -0.01502 -0.05308
0.01953 -0.01222 -0.04177 0.02853 -0.01260 -0.03967
0.01999 -0.01402 -0.04079 0.04786 -0.00981 -0.05202
0.02790 -0.01758 -0.01289 -0.31689 0.05424 0.11269
0.22681 -0.11624 0.05365 -0.01661 -0.02608 0.09987
0.07971 -0.05389 0.06230 -0.00828 -0.02860 0.06077
0.18226 -0.10734 0.08326 0.01128 -0.10381 -0.09115
-0.00709 -0.01220 -0.02913 0.02893 -0.02779 -0.11572
0.06302 -0.06630 0.08701 0.03428 -0.10517 0.03429
-0.04252 -0.00848 0.00215 0.02605 -0.04313 -0.06689
0.04730 -0.04912 -0.05879 0.02505 -0.04707 0.05844
0.00197 -0.05827 0.14030 0.04247 -0.08625 0.06553
-0.03646 -0.02630 0.09589 -0.00001 -0.00368 0.10900
0.05959 -0.03837 -0.09473 0.00606 -0.01305 0.00111
-0.00501 -0.00061 -0.00454 0.00374 -0.00344 0.00551
0.01706 -0.01142 -0.04792 0.00180 0.00462 -0.00259
-0.00661 -0.00104 0.00006 0.01919 -0.02040 -0.03654
0.00193 -0.00213 -0.00416 -0.00961 0.00795 0.01445
-0.00349 0.00607 -0.01920 0.02264 -0.01844 -0.05617
-0.01544 -0.00197 0.04388 -0.00517 -0.00111 0.02609
-0.00940 0.00446 0.01838 -0.00109 0.00084 0.00093
-0.00321 0.00431 -0.01095 0.00383 0.00053 -0.01642
0.00127 0.00026 -0.00294 0.00167 -0.00092 -0.00485
-0.00048 0.00004 0.00200 0.00333 -0.00225 0.00095
0.00459 -0.00471 0.01216 -0.00459 -0.00021 0.01916
-0.00038 0.00085 -0.00403 -0.00321 0.00347 0.00131
0.02505 -0.00903 -0.03992 -0.00129 0.00159 0.00099
0.00795 -0.00124 -0.00893 -0.00058 -0.00056 0.00016
0.00118 0.00150 -0.00676 -0.03217 0.03647 0.05760
0.00015 0.00035 -0.00016 0.02047 -0.02403 -0.04165
-0.03067 0.00716 0.03833 0.00054 -0.00106 -0.00147
0.00070 -0.00037 0.00615 -0.00019 -0.00153 0.00290
-0.00027 0.00042 -0.00134 0.00145 -0.00067 -0.00279
0.03304 -0.00683 -0.04701 0.00016 0.00012 -0.00170
-0.00001 -0.00019 -0.00037 0.00022 -0.00095 -0.00131
-0.00011 0.00079 -0.00171 -0.00081 0.00153 0.00125
-0.00377 -0.00117 0.00572 0.00111 -0.00166 -0.00073
0.00115 0.00118 -0.00158 -0.00094 0.00069 0.00040
-0.00759 0.00022 0.00958 0.00051 -0.00046 -0.00148
]
