classifier_Monkey_weaves_and_bumps_into_man_2064 [ 0.57047 -0.67383 1.76522 -0.06273 -0.48415 1.69619
0.03501 -0.04247 0.11207 0.00977 0.12468 0.03677
-0.00027 0.00191 -0.01043 0.01537 0.19763 -0.04493
-0.00498 0.00269 -0.00063 -0.01363 0.08346 0.00564
0.00109 -0.00107 0.00269 0.00175 0.08762 0.01039
-0.01060 0.01734 -0.05428 -0.00345 0.13423 -0.01258
0.01084 -0.01272 0.03137 -0.00790 0.03432 0.04528
-0.00801 0.00586 0.00448 0.01125 0.06367 0.01835
0.00370 -0.00405 0.01360 -0.00512 0.00799 0.02841
0.00831 -0.00998 0.01598 0.00036 0.00590 0.03421
0.00145 -0.00179 0.00624 0.00155 -0.00249 0.01217
-0.00112 0.00024 0.00355 0.00229 0.00325 0.00563
-0.02347 0.02991 -0.09122 0.00562 -0.01614 -0.08230
0.00383 -0.00561 0.02291 0.00366 -0.01373 0.00405
-0.00001 -0.00076 0.00503 -0.00748 -0.06162 -0.01495
0.01679 -0.02297 0.07257 0.01084 -0.01682 0.05357
0.00554 -0.00567 0.01377 -0.00256 -0.07403 0.01553
-0.00202 0.00052 -0.00567 0.01613 -0.03707 0.01143
0.01214 -0.00329 -0.02281 0.01073 -0.05290 0.01945
-0.00003 0.00005 -0.00086 0.00713 -0.05453 0.03292
-0.02580 0.03236 -0.08139 0.00084 -0.03633 -0.02302
0.02278 -0.02460 0.06561 0.00714 -0.01938 0.11271
-0.03168 0.03448 -0.09708 0.09208 0.02790 -0.05456
0.00087 0.00032 -0.00088 -0.00288 0.00355 -0.00155
0.02700 -0.03626 0.10940 -0.09953 -0.04453 0.05407
0.00367 -0.00007 -0.00526 -0.01803 0.00229 -0.01337
0.00051 -0.00179 -0.00186 -0.03130 0.01679 -0.03840
-0.02848 0.03266 -0.07767 -0.06041 0.06399 -0.19384
0.02676 -0.02851 0.07399 -0.03423 0.02846 0.02425
-0.03526 0.03814 -0.10508 -0.04948 0.02100 -0.15789
0.03140 -0.03447 0.09346 -0.06809 -0.01579 0.01648
-0.00124 0.00039 -0.00431 -0.00302 -0.00210 -0.00419
-0.00004 0.00247 0.00258 0.00000 -0.00162 -0.00001
-0.00100 0.00022 -0.00194 0.00026 -0.00160 0.00053
0.00178 0.00062 -0.00106 0.00130 0.00034 0.00185
-0.00001 0.00013 -0.00224 0.00260 0.00028 0.00285
-0.03241 0.03460 -0.08411 0.01314 0.00134 -0.07747
0.02577 -0.03082 0.07680 -0.01138 -0.00283 0.06839
-0.02791 0.02835 -0.07060 0.00801 0.00071 -0.06317
-0.01552 0.01818 -0.04698 0.00447 -0.00332 -0.04090
0.01283 -0.01528 0.04390 -0.00580 0.00134 0.03764
-0.00027 0.00039 0.00107 -0.00135 0.00138 -0.00060
-0.00431 0.00204 0.00814 -0.00048 -0.00212 -0.00116
0.00404 0.01236 0.00537 0.00073 -0.00052 -0.00508
0.01526 -0.00882 0.07035 -0.00755 -0.00237 0.04938
-0.01733 0.01098 -0.05841 0.00768 0.00131 -0.04640
-0.05829 0.12442 0.01891 -0.00513 -0.00031 0.03132
-0.00788 0.04918 -0.00148 -0.00369 -0.00136 0.01348
0.02702 0.00311 0.06142 -0.01282 -0.00395 0.07262
-0.04478 0.03225 -0.07707 0.00967 0.00113 -0.05361
-0.00983 0.03022 -0.01024 0.00182 0.00181 -0.02101
-0.00486 0.00236 0.03176 -0.00378 0.00005 0.02579
-0.03069 0.04929 -0.09601 0.01928 0.00162 -0.10675
0.00016 0.01015 0.01269 0.00094 -0.00149 -0.00830
-0.00352 0.00587 0.01357 -0.00024 0.00000 -0.00061
0.00567 0.00256 0.02215 -0.00104 -0.00127 0.01079
0.02141 -0.00621 0.05958 -0.00816 -0.00377 0.04729
-0.01319 0.01330 -0.06520 0.01055 0.00224 -0.05543
0.00073 0.00179 -0.00302 0.00085 -0.00112 -0.00385
-0.00416 -0.00173 -0.01121 0.00174 0.00006 -0.00613
0.00186 0.00484 -0.00851 0.00163 0.00042 -0.00352
-0.01143 0.00580 -0.00532 0.00115 0.00033 -0.00344
0.02060 -0.01219 0.11406 -0.01776 -0.00302 0.10613
-0.01632 0.02010 -0.04429 0.00457 0.00157 -0.01942
-0.02549 0.02803 -0.06852 0.00796 0.00131 -0.04087
-0.00904 0.02761 -0.03386 0.00086 0.00152 -0.00554
-0.00473 0.06133 -0.00455 -0.00839 -0.00038 0.05663
-0.01149 0.04398 -0.06432 0.00802 0.00095 -0.04195
-0.00294 0.04729 0.00183 -0.00262 -0.00109 0.02159
0.00467 0.03836 -0.00798 0.00172 0.00050 0.00239
0.00352 0.02971 0.00343 0.00032 -0.00064 0.00633
-0.00428 0.02123 -0.00235 0.00105 0.00057 -0.00147
-0.01106 0.00803 -0.00315 0.00306 -0.00025 -0.00239
-0.01252 0.00713 -0.00290 0.00103 0.00164 -0.00136
-0.00696 0.00221 -0.00138 0.00013 -0.00050 0.00144
-0.00439 -0.00120 0.00202 -0.00161 0.00064 0.00036
-0.00354 -0.00119 -0.00254 -0.00098 0.00119 0.00073
-0.00173 -0.00150 -0.00295 -0.00012 0.00116 -0.00059
-0.00124 -0.00129 0.00080 -0.00012 -0.00068 0.00120
-0.00090 -0.00353 0.00037 -0.00020 -0.00023 -0.00116
-0.00291 0.00039 0.00425 0.00000 -0.00064 0.00037
-0.00478 0.00018 -0.00403 0.00087 -0.00021 -0.00534
-0.00808 0.00128 0.00862 0.00065 0.00003 0.00145
-0.01435 0.00441 0.01384 0.00143 -0.00159 -0.00085
-0.02146 0.00272 0.01202 0.00160 -0.00104 -0.00841
-0.00607 -0.00059 0.09452 -0.01058 -0.00559 0.07034
-0.02950 0.00142 -0.08013 0.01203 0.00250 -0.08119
-0.00557 -0.00366 -0.04282 0.00175 -0.00242 -0.00904
-0.00274 0.00319 -0.03411 -0.00099 0.00033 0.00528
0.01127 -0.00218 -0.04333 0.00007 -0.00025 0.00052
0.01455 -0.00436 -0.03940 -0.00161 -0.00065 0.01291
0.03158 -0.01218 0.01024 -0.01011 -0.00213 0.06159
0.01505 -0.01392 -0.05732 0.00109 0.00241 -0.01386
-0.00428 -0.00180 -0.06817 0.00801 0.00314 -0.04697
0.00151 -0.00171 -0.00303 -0.00128 0.00065 0.00353
-0.00024 0.00021 0.04436 -0.00634 0.00152 0.03515
-0.01470 0.01058 0.05109 -0.00345 0.00066 0.02486
-0.03521 0.01269 -0.00400 0.00574 0.00263 -0.04649
-0.05350 0.01288 0.06063 0.00383 0.00047 -0.03660
-0.01510 0.00124 0.03741 0.00040 0.00034 0.00137
-0.01536 0.00647 0.02647 -0.00060 -0.00129 0.00488
-0.00412 0.00130 0.00933 0.00268 0.00282 0.00083
-0.00047 0.00189 -0.01441 0.00118 -0.00064 -0.00078
-0.00589 0.00326 -0.06476 0.00729 0.00137 -0.03451
0.00674 0.00068 -0.00965 -0.00348 -0.00198 0.02566
0.00555 -0.00060 -0.03729 -0.00197 -0.00190 0.00322
0.02831 -0.01445 -0.01226 -0.01628 -0.00433 0.08755
-0.00440 -0.00327 -0.04909 0.00062 0.00252 -0.01441
-0.00954 -0.00424 -0.00594 -0.00222 0.00005 0.00585
-0.02639 0.00171 -0.02055 0.00530 0.00004 -0.04083
-0.03789 0.00729 0.03703 -0.00147 0.00051 0.00600
-0.09272 0.01206 0.10658 0.00370 -0.00087 0.01531
-0.03529 -0.00835 0.04341 0.00781 -0.00067 0.00823
-0.06187 0.00012 0.10194 -0.00096 -0.00308 0.07308
-0.11281 -0.00007 -0.08122 0.01759 -0.00306 -0.07691
0.00289 -0.00701 0.00802 0.02141 0.01652 0.02042
0.00276 0.00355 -0.00173 -0.01009 0.00080 -0.01148
0.08526 -0.00230 0.09495 -0.00282 0.00549 0.09586
0.04508 0.00781 -0.00029 -0.02662 -0.00203 0.00323
0.09996 0.01154 -0.11145 -0.00628 -0.00137 -0.08654
0.04260 0.00366 -0.04825 -0.00317 0.00047 -0.03675
0.04694 -0.00093 0.02516 -0.01156 -0.00580 0.02990
0.04053 -0.00042 0.02058 -0.00879 -0.00273 0.02312
0.05916 -0.01155 -0.03290 0.00164 -0.00482 -0.03876
-0.00223 0.00281 -0.08132 0.01490 0.00140 -0.08130
0.01345 -0.00467 0.00850 0.00062 -0.00295 0.00478
0.01056 -0.00259 0.01674 -0.00069 0.00032 0.01770
0.00938 -0.00088 0.04385 -0.00325 -0.00098 0.03961
-0.00078 -0.00327 0.00360 0.00463 -0.00140 0.00097
-0.00365 -0.00038 0.00051 0.00268 0.00242 0.00106
-0.00076 -0.00288 -0.00290 0.00028 -0.00194 -0.00155
-0.00297 -0.00018 -0.00241 0.00084 -0.00033 -0.00307
-0.00815 -0.00047 -0.00994 0.00004 0.00167 -0.00516
-0.00156 -0.00029 0.00201 -0.00100 -0.00105 0.00144
-0.00153 0.00005 -0.00421 0.00063 -0.00075 -0.00476
0.00101 -0.00215 -0.00250 -0.00027 -0.00113 -0.00071
0.00082 0.00074 0.00007 0.00001 -0.00027 -0.00065
0.00147 -0.00152 0.00172 -0.00104 -0.00096 -0.00022
0.02021 -0.01914 0.01380 -0.00100 -0.00129 0.00490
0.10682 -0.13451 -0.00330 0.00185 -0.00868 -0.01067
0.02989 -0.05104 -0.01644 0.00362 -0.00266 -0.01597
-0.09077 0.04235 0.03478 0.00690 -0.01535 -0.04662
0.19061 -0.27020 0.10366 -0.00181 -0.01314 0.03381
0.01773 -0.05731 0.08295 0.00183 -0.02454 0.03799
0.01996 -0.04804 0.09603 0.00380 -0.02069 0.05925
0.00860 -0.03609 -0.00134 0.00984 -0.02691 0.02508
-0.00398 -0.01920 0.06059 0.01475 -0.03363 0.01757
0.01694 -0.07353 -0.09937 0.02151 -0.02716 -0.02090
-0.03956 0.03873 -0.11582 0.02911 -0.01369 -0.09547
0.02259 -0.03127 0.07511 0.00592 -0.04058 0.08333
0.00297 -0.00873 0.01638 0.02896 -0.05480 0.03807
0.00093 0.00066 -0.00380 0.01166 -0.02506 0.00760
0.00288 -0.00497 0.01157 0.00179 -0.03129 0.03067
-0.02392 0.03161 -0.09598 0.01842 0.00624 -0.06611
0.01979 -0.02454 0.06898 0.00955 -0.02253 0.07130
-0.00300 0.00492 -0.01161 0.00980 -0.04355 0.03468
0.00191 -0.00088 0.00208 0.01347 -0.01517 0.01731
-0.01525 0.01798 -0.04609 0.00171 0.00662 -0.04513
0.01055 -0.01065 0.02437 0.00030 -0.01618 0.02550
-0.00133 -0.00185 0.00892 0.00010 -0.01004 0.00052
-0.02383 0.03146 -0.08700 0.03384 0.00151 -0.10539
0.01930 -0.02452 0.06695 -0.00804 -0.03120 0.06012
0.00153 -0.00353 0.01224 -0.00197 -0.00918 0.00918
0.01669 -0.02035 0.05641 -0.02785 0.00275 0.07508
-0.01595 0.02216 -0.06803 0.02068 -0.00736 -0.08610
0.01500 -0.01604 0.03968 -0.02430 0.00499 0.05573
-0.01520 0.01571 -0.03669 0.04359 0.01741 -0.01463
0.00198 -0.00332 0.01333 -0.04300 -0.00675 -0.01184
-0.00954 0.01131 -0.03028 0.05493 0.06378 0.01193
]
