classifier_Monkey_jumps_on_car_19378 [ 0.49453 -0.71978 1.85962 -0.04043 -0.55378 1.94566
-0.00702 0.01218 -0.02042 -0.01158 0.00960 -0.04101
0.00340 -0.00568 0.01718 0.00418 -0.00545 0.01501
0.00148 -0.00201 0.00018 0.00332 -0.00370 0.00933
0.00397 -0.00444 0.00734 -0.00748 -0.01999 0.01013
-0.00433 0.00641 -0.02863 0.01401 0.02402 -0.01928
0.00981 -0.00838 0.01381 0.00466 -0.01168 0.01462
-0.02936 0.04075 -0.05462 0.01864 0.03025 -0.06271
0.01732 -0.04038 0.07215 -0.01918 -0.03924 0.06358
-0.00451 -0.00879 -0.07030 -0.00448 0.01406 -0.03679
-0.05640 0.12958 -0.05843 0.00183 -0.00073 -0.00537
-0.05280 0.04029 -0.05725 0.01288 0.03807 -0.08114
-0.05534 0.01517 0.09216 -0.00794 -0.02067 0.06351
-0.06088 0.04605 -0.00748 -0.00128 0.02291 -0.03876
-0.01859 0.00522 0.04976 -0.00506 -0.00847 0.04021
-0.00835 0.00021 0.10589 -0.00490 -0.01682 0.09836
-0.01887 0.04009 -0.00011 -0.00338 0.00642 -0.00662
-0.01547 0.04852 0.00737 0.00917 -0.02428 0.02911
-0.01853 0.06919 -0.06557 -0.00338 0.02317 -0.06532
-0.00410 0.05516 -0.03376 -0.00271 0.01120 -0.03563
0.00188 0.04462 0.00766 -0.00227 0.00940 0.00291
-0.00084 0.05414 0.02676 -0.00281 0.00895 0.02013
0.00578 0.02889 0.00124 0.00336 0.04219 -0.00130
0.00779 0.01705 0.02301 -0.00796 0.04612 0.00915
-0.00143 0.01167 -0.06581 -0.02028 0.09729 -0.11126
0.01062 -0.01390 0.06934 -0.00695 0.07270 0.08889
-0.00734 -0.02622 -0.10578 -0.00929 0.07238 -0.07874
0.01435 -0.06764 0.10168 -0.02032 0.05309 0.15612
-0.01842 -0.04544 -0.15930 -0.00800 0.04241 -0.12189
-0.00593 -0.05557 0.03230 -0.01066 0.01725 0.05785
-0.00382 -0.03266 0.07828 -0.00752 -0.01003 0.07835
-0.00616 0.01967 0.03593 0.00381 -0.04309 0.00190
-0.00997 0.06914 -0.04473 0.01067 -0.07619 -0.09427
0.01260 0.06815 0.09054 0.00535 -0.10284 0.02894
-0.00504 -0.06357 -0.23073 0.01105 -0.09461 -0.10675
0.05031 0.16472 0.32466 0.02763 -0.04608 0.16449
-0.02815 -0.05675 -0.12074 -0.01145 0.08728 -0.11249
-0.01067 -0.09967 0.07037 -0.00892 0.06979 0.09920
-0.01073 -0.10352 -0.01830 -0.01238 0.06251 -0.02895
-0.00651 -0.07818 0.01936 -0.01468 0.05113 0.01091
-0.01268 -0.03660 0.03763 -0.00876 0.04385 0.01786
-0.00825 -0.01383 0.01054 -0.01106 0.03648 -0.00114
0.00338 -0.00683 0.02911 -0.01360 0.02300 0.01741
-0.00286 0.01935 -0.03015 -0.02293 0.01494 -0.04660
0.00593 -0.01995 0.06068 -0.03516 -0.04730 0.04467
0.00310 -0.00076 0.00521 -0.01540 -0.05149 -0.00423
-0.00736 0.00130 -0.05263 0.00297 -0.11224 -0.07010
-0.00385 0.00455 -0.02628 0.00716 -0.03968 -0.03618
0.00305 -0.00905 0.02673 -0.00086 -0.02715 0.02541
-0.00148 0.00142 -0.00258 0.00286 -0.00380 0.00194
0.00861 0.00908 -0.01683 0.00020 0.00998 -0.01444
0.00070 0.00115 0.00636 -0.00200 0.00842 0.00927
0.00143 -0.00360 -0.03129 -0.01155 0.02057 -0.03100
0.00642 -0.01951 0.07432 -0.00412 -0.00817 0.06837
-0.00295 0.00779 -0.04153 -0.00006 0.00049 -0.04148
0.00526 0.00735 0.01220 -0.00102 -0.00579 0.01106
0.00865 0.00875 -0.02674 0.00980 0.00484 -0.02856
0.04110 -0.00567 0.06695 -0.00726 -0.00860 0.05717
0.01961 -0.00018 -0.01842 -0.00418 0.00219 -0.02375
0.07636 -0.01252 -0.00691 -0.00229 0.00004 0.02842
0.05929 -0.03062 0.09112 -0.01333 -0.01031 0.07451
0.03263 0.00019 0.00310 -0.00275 0.00288 -0.01515
0.00138 -0.00605 -0.05465 0.00173 0.01046 -0.06037
0.02815 0.05004 0.17494 0.00987 -0.00938 0.09220
-0.03208 0.04367 -0.05398 -0.00862 0.00707 -0.06537
0.05575 0.01741 0.09575 -0.03177 -0.01772 0.08071
-0.00040 0.02743 0.01287 -0.00316 -0.00352 -0.00376
0.00050 -0.03205 0.00284 -0.00700 -0.00170 0.00509
0.00781 -0.09000 -0.03272 0.00494 0.00883 -0.02907
-0.00114 0.01065 0.03881 -0.00599 0.00170 0.01613
-0.06076 0.15730 -0.04440 -0.00179 0.01315 0.00933
-0.00371 0.06477 -0.08919 0.00280 0.00680 -0.04115
-0.01488 0.06084 -0.06721 0.00600 0.00609 -0.02649
-0.01101 0.14414 -0.00951 -0.00305 -0.00342 0.03282
0.00988 0.04698 0.03136 0.00084 -0.00123 0.01314
0.01207 0.01762 0.02031 0.00220 -0.00082 -0.00206
0.00402 -0.00314 -0.00376 0.00167 0.00035 -0.00446
-0.00763 -0.02627 -0.03316 0.00325 0.00640 -0.01994
-0.01850 -0.04668 -0.05674 0.01333 0.00472 -0.03500
-0.04855 -0.11677 -0.10864 0.00816 0.01094 -0.07028
-0.01819 -0.04541 0.00498 0.00244 0.00194 0.01218
-0.02285 -0.01282 -0.04987 0.00674 0.01083 -0.05164
-0.00919 0.02634 0.05475 -0.00084 0.00350 0.02972
0.00102 0.00301 0.04987 -0.00339 -0.00453 0.03966
-0.00306 0.00647 -0.06454 0.00693 0.00643 -0.05952
-0.00184 -0.00032 -0.01094 0.00154 0.00175 -0.01258
0.00024 -0.00082 -0.00161 0.00084 -0.00103 -0.00399
-0.00080 -0.00416 -0.01426 0.00565 -0.00261 -0.01236
0.00063 -0.00468 -0.03576 0.00510 0.00488 -0.02510
-0.00927 0.00499 -0.00054 0.00116 0.00001 0.00186
-0.00918 0.01622 -0.00566 0.00097 0.00083 -0.00159
0.01170 -0.06752 -0.10508 -0.00840 -0.00556 0.05998
-0.10897 0.32805 0.05620 0.01466 0.01180 -0.05710
-0.02020 0.01156 -0.01774 0.00696 0.00125 -0.00954
-0.04827 0.02802 -0.06882 0.00647 0.00673 -0.05086
-0.10408 -0.03654 0.07451 0.00378 -0.01484 0.12856
-0.04719 -0.02495 0.03156 0.00015 -0.00362 0.05555
-0.03212 -0.04273 -0.00802 -0.04166 -0.03372 -0.14606
-0.01944 -0.06335 0.03126 0.06252 0.02618 0.17060
-0.00732 -0.05267 -0.01930 0.12534 0.06104 -0.03646
-0.03530 -0.07358 -0.06037 -0.01233 -0.01871 -0.07763
-0.01302 -0.03082 0.03893 -0.03947 -0.00452 0.07565
0.01423 -0.02724 -0.00638 -0.02841 -0.00023 -0.02108
0.01720 -0.03878 0.08923 0.21988 -0.14293 0.04710
0.00160 -0.00254 -0.01206 0.06406 0.01803 0.02065
-0.00313 0.00038 0.00012 -0.00263 -0.00098 -0.00059
0.00362 -0.00166 0.00390 -0.00015 0.00035 0.00620
-0.00293 0.01304 -0.01260 0.00040 0.00715 -0.01388
0.11192 -0.02281 0.02873 -0.10311 -0.01441 -0.18016
-0.11804 0.03782 -0.06853 0.10916 0.02393 0.14118
0.00059 -0.00093 0.00683 -0.00296 -0.00204 0.00508
-0.00184 -0.00292 0.01883 -0.06641 -0.01081 -0.01244
0.00119 -0.00054 -0.00213 -0.00220 -0.00152 -0.00179
0.06905 -0.03087 0.02871 0.00200 -0.00836 0.03001
-0.05425 0.01587 -0.04212 0.07712 0.00669 -0.00091
0.00268 -0.00976 0.01790 -0.01643 -0.00971 0.01393
0.00101 -0.00489 -0.00962 0.00350 -0.00443 -0.00363
0.00273 -0.00864 -0.00013 -0.01754 -0.01105 -0.00071
0.05678 -0.03888 -0.00627 -0.03065 -0.01694 -0.02524
0.01999 -0.01637 -0.01049 -0.15170 -0.00374 -0.09478
-0.01627 -0.00676 -0.05565 0.03681 -0.00794 -0.01372
0.27847 -0.11444 0.03324 -0.03076 0.08368 0.11271
-0.02322 -0.01446 -0.13869 0.01343 -0.03809 0.00015
0.21800 -0.07852 0.10334 -0.00783 -0.16745 0.00520
0.03720 0.01727 -0.14017 -0.00115 0.02194 -0.13648
0.00790 -0.09677 0.07854 0.00434 -0.04432 0.03838
0.02236 -0.01114 0.04021 0.00871 -0.02152 0.02545
0.01146 -0.00486 0.01575 0.00426 -0.00498 0.00288
0.01107 -0.00326 -0.00870 -0.00026 -0.00037 -0.00341
0.00988 -0.00138 0.05527 0.00149 -0.00707 0.01332
0.00159 0.00019 0.00652 -0.00045 -0.00173 0.00098
-0.00076 0.00179 0.00910 -0.00045 -0.00134 0.00240
-0.00055 0.00094 0.00960 0.00102 -0.00139 0.00122
0.00098 -0.00257 -0.00204 -0.00157 0.00201 -0.00215
-0.00203 0.03199 0.11030 -0.00419 -0.01784 0.03994
-0.02020 0.00286 -0.16356 0.01296 0.04572 -0.11520
0.01923 -0.03308 0.06939 -0.01040 -0.03239 0.07415
-0.02039 0.02929 -0.07677 0.01265 0.03271 -0.07651
0.00139 -0.00149 0.00046 -0.00183 -0.00170 0.00096
-0.00299 0.00349 -0.00554 -0.00233 0.00155 -0.00586
-0.00182 0.00165 -0.00185 0.00021 -0.00004 -0.00359
0.02338 -0.03266 0.08736 -0.00573 -0.03054 0.08530
-0.00053 0.00007 -0.00013 0.00000 0.00077 0.00003
-0.00095 -0.00056 -0.00275 -0.00343 -0.00320 0.00065
0.00025 -0.00008 -0.00578 0.00217 0.00253 -0.00402
-0.00096 -0.00113 -0.00602 -0.00060 0.00210 -0.00053
-0.01920 0.02804 -0.07352 0.00960 0.02579 -0.07459
0.00006 -0.00032 -0.00291 -0.00114 0.00139 -0.00070
-0.00057 0.00149 -0.00360 -0.00100 0.00068 -0.00335
0.00130 -0.00066 -0.00118 0.00106 -0.00023 -0.00114
-0.00204 0.00078 -0.00129 -0.00061 0.00086 -0.00027
0.02041 -0.02914 0.07278 -0.00736 -0.02874 0.07467
]
