classifier_Car_bumps_into_monkey_23459 [ 0.55131 -0.61669 1.6482 -0.42621 -0.68476 1.83954
0.00018 0.00059 -0.00066 0.00105 0.00145 -0.00417
0.00103 0.00074 -0.00034 -0.00095 -0.00110 -0.00694
-0.00210 -0.00011 -0.00003 0.00035 0.00244 -0.00894
0.00013 0.00069 0.00422 -0.00096 0.00707 -0.01234
0.00184 -0.00012 0.01305 -0.00494 0.00706 -0.00506
0.01138 -0.01288 0.04987 -0.02629 0.00403 0.01796
-0.01412 0.00962 0.00535 -0.00729 0.00200 -0.03225
-0.01735 0.01159 -0.08747 0.01606 0.04120 -0.10799
-0.03212 0.10040 0.01003 -0.02447 0.00614 0.05036
-0.10117 0.08190 -0.10776 0.03760 0.13714 -0.12914
-0.01904 0.01660 0.00754 -0.00670 0.08164 0.02191
0.00062 0.00602 0.05956 -0.00569 0.02939 0.05366
0.01423 -0.00286 0.09831 -0.00624 0.01072 0.09688
-0.00574 0.01900 0.00620 0.02824 0.01383 -0.00300
-0.00438 0.04235 0.07023 0.00768 0.02647 0.03806
-0.01498 0.03777 0.02805 0.00382 0.03534 0.02403
-0.00724 0.04094 0.01617 0.01776 0.02502 0.00775
-0.05122 0.02586 0.00665 0.04239 0.00304 0.00458
0.02595 0.01591 -0.00553 -0.02531 -0.02738 -0.03448
-0.00314 -0.02089 -0.01987 0.01349 -0.05364 -0.03647
-0.05972 -0.09592 -0.07474 0.00000 -0.01624 -0.04791
0.07190 0.09586 0.07869 -0.00256 0.02613 0.04708
0.04337 0.01161 0.15952 -0.00199 0.01983 0.16996
0.00182 0.01095 0.03284 -0.00211 0.03330 0.04348
-0.09730 -0.02344 -0.18080 0.02366 -0.01409 -0.15303
0.04538 -0.00806 0.00668 -0.01039 -0.04098 -0.01188
-0.08229 -0.09470 -0.08618 0.01011 -0.00639 -0.06297
0.05022 0.07741 0.12453 -0.04548 0.03640 0.08752
-0.03068 0.02430 -0.00984 0.05862 0.03302 -0.01343
-0.02661 -0.02194 -0.09350 0.05054 0.02439 -0.09950
-0.02466 -0.05544 -0.06390 0.00717 0.00726 -0.06477
0.01435 0.00402 -0.05215 0.01741 0.02952 -0.07700
0.03689 -0.00697 0.06081 -0.01733 0.03123 0.04061
0.01063 -0.00127 0.00748 0.01029 0.04667 0.00348
-0.01916 0.00199 -0.05262 0.01303 0.09236 -0.05152
-0.01767 0.00148 -0.04143 0.02115 0.05421 -0.02801
-0.01548 -0.01315 -0.01170 0.00076 -0.00343 -0.07562
-0.00510 -0.00129 -0.00878 -0.00327 -0.00980 -0.04100
-0.00460 -0.00612 0.01059 0.00185 -0.00314 -0.00316
-0.00446 -0.00338 0.00440 0.00414 0.00066 0.00055
-0.00485 -0.00800 0.01154 0.00725 0.00679 0.00940
-0.00068 -0.00946 -0.00011 0.00012 0.00349 -0.00325
-0.01127 -0.00181 -0.00249 -0.00270 0.00126 -0.00450
0.01300 -0.02430 0.02370 -0.00475 0.00187 0.01437
-0.00150 0.00834 -0.01857 -0.00145 -0.00045 -0.01710
0.01859 0.01586 0.00895 -0.00289 -0.00092 -0.00137
0.00473 0.00280 0.00058 -0.00101 0.00067 -0.00011
0.00105 -0.00114 -0.00467 -0.00164 0.00154 0.00031
0.00111 0.02423 -0.00512 -0.00129 -0.00016 0.00176
0.00594 0.04819 -0.02258 -0.00146 -0.00011 0.00484
-0.00399 0.10299 -0.04039 0.00003 0.00343 -0.00021
0.00174 0.04464 -0.01545 0.00025 -0.00002 0.00098
-0.01523 0.05820 -0.01904 0.00069 0.00140 -0.00237
0.01757 0.17181 0.01543 0.00109 0.00328 0.01429
-0.01302 0.04859 0.00023 0.00165 0.00042 -0.00734
-0.03285 0.05087 -0.03747 0.01278 -0.00122 -0.05835
-0.00961 0.01448 0.00377 0.00245 -0.00085 -0.00213
-0.00987 0.00772 -0.00781 0.00130 0.00112 -0.00507
0.00038 -0.00070 -0.00491 -0.00065 0.00120 0.00456
0.00718 -0.00933 -0.00663 -0.00249 0.00089 0.01026
0.04291 -0.05833 -0.03105 -0.01152 0.00612 0.03839
0.03720 -0.11304 -0.09315 0.00195 0.00192 -0.04462
0.02320 -0.05773 -0.01889 -0.00440 -0.00001 -0.00331
0.00358 0.01108 -0.00308 -0.00200 0.00154 -0.00087
-0.00395 0.03368 -0.00301 0.00105 -0.00050 -0.00644
-0.00623 0.04678 0.01521 -0.00120 0.00013 0.00885
0.00403 0.05848 0.13252 -0.01893 0.00331 0.11595
-0.03664 0.03585 -0.05287 0.01477 -0.00122 -0.06885
-0.03677 0.05258 0.00531 0.00674 -0.00331 -0.02215
-0.00612 0.01408 0.01255 0.00093 0.00198 0.00556
0.02225 -0.02157 -0.01520 -0.00045 0.00194 0.00052
0.02486 -0.03377 -0.01852 -0.00133 0.00013 -0.00251
0.05754 -0.10681 -0.07153 -0.00182 0.00022 -0.02660
0.02894 -0.06073 0.01534 -0.00785 0.00082 0.02737
-0.00346 -0.05073 -0.05235 0.00801 -0.00265 -0.05042
0.00518 -0.02973 0.02465 -0.00591 0.00077 0.02278
-0.00303 -0.00478 0.00657 -0.00252 0.00135 0.00251
0.00144 0.04198 0.03209 -0.00279 0.00209 0.01531
-0.00348 0.02744 -0.02751 0.00706 0.00027 -0.03745
0.01388 0.07970 0.08331 -0.00752 0.00280 0.05063
-0.00213 0.02857 0.00487 0.00293 0.00165 -0.00821
-0.00056 0.02495 0.00799 0.00032 0.00057 -0.00038
-0.00127 0.01437 0.00918 -0.00006 -0.00025 0.00012
-0.00747 -0.01121 -0.04722 0.00811 -0.00332 -0.05042
0.00779 -0.01823 0.03629 -0.01031 -0.00072 0.04735
-0.00870 -0.03795 -0.05209 0.00555 -0.00283 -0.03561
0.00064 -0.03289 -0.01718 0.00041 0.00018 -0.00233
0.00066 -0.01523 -0.00419 -0.00069 -0.00141 -0.00042
0.00370 -0.00499 0.01244 -0.00228 0.00011 0.01145
0.00411 0.00120 0.02223 -0.00351 -0.00011 0.02028
-0.00062 0.00320 0.00237 0.00041 0.00094 0.00105
-0.00069 0.00191 0.00496 0.00053 0.00095 0.00398
0.00103 0.00220 0.00510 -0.00013 0.00219 0.00816
-0.00023 -0.00095 0.00030 0.00060 0.00240 0.00289
-0.00366 -0.00308 -0.00962 0.00103 -0.00096 -0.00505
-0.00257 -0.00345 -0.00561 0.00042 0.00006 -0.00074
-0.00439 -0.00316 -0.00240 -0.00002 0.00035 0.00152
-0.02005 -0.00569 -0.01872 0.00267 -0.00415 -0.00935
-0.00403 -0.00293 0.02669 -0.00362 -0.00014 0.03261
-0.02311 -0.00140 -0.02342 0.00521 -0.00031 -0.01670
-0.02648 0.00135 -0.00460 0.00108 -0.00099 0.00765
-0.03208 0.00168 -0.00283 0.00334 0.00328 0.00975
-0.05112 0.00191 -0.06394 0.01593 -0.00092 -0.05317
-0.04756 0.00068 0.00064 0.01247 0.00313 0.01240
-0.05514 0.00051 -0.00726 0.01791 0.00105 0.00036
-0.06412 0.00599 0.00178 0.01939 0.00584 -0.01113
-0.07833 0.01778 0.02687 0.01982 -0.01691 -0.01445
-0.04906 0.05885 0.02351 0.03248 0.05366 -0.01272
0.11736 0.11298 -0.01645 -0.10290 0.06746 0.11048
0.06222 0.00166 0.02094 -0.01223 0.00520 0.03350
0.04783 0.01069 0.00758 -0.00956 0.00151 0.01692
0.05570 0.00053 0.03540 -0.01192 0.00092 0.04325
0.04766 -0.01351 0.00431 -0.00536 -0.00611 0.00393
0.07876 -0.05173 -0.00673 -0.00422 -0.01485 -0.01785
0.02278 -0.03282 -0.02326 0.00283 -0.01056 -0.02806
0.02534 -0.03301 0.01095 -0.00046 -0.00454 0.00548
0.01238 -0.02935 -0.01134 0.00312 -0.00536 -0.01852
0.01348 -0.02274 0.01724 -0.00284 -0.00184 0.01522
0.00193 -0.01645 -0.00850 0.00295 -0.00328 -0.01337
0.00104 -0.00752 0.00002 0.00121 -0.00125 -0.00131
-0.00211 -0.00136 -0.00235 0.00174 -0.00117 -0.00405
0.00237 0.00224 0.01433 0.00022 0.00128 0.01334
-0.00300 0.00647 0.00179 0.00271 -0.00079 -0.00141
-0.00060 -0.00041 0.00243 0.00108 -0.00243 -0.00159
-0.00144 -0.00192 0.00417 -0.00077 -0.00259 0.00224
-0.00085 -0.00922 0.00317 -0.00063 -0.00794 -0.00032
0.00169 -0.01323 0.01161 -0.00333 -0.01299 0.00788
0.00171 -0.02370 0.00100 -0.00140 -0.02436 -0.00461
0.00610 -0.02431 -0.00271 -0.00155 -0.03447 -0.01982
0.01456 -0.03526 0.01523 -0.00383 -0.03700 -0.00642
0.01700 -0.04329 0.01970 -0.00579 -0.04893 -0.00412
0.02109 -0.04670 0.01068 -0.00887 -0.05514 -0.00470
0.02907 -0.05354 0.03221 -0.01345 -0.05997 0.00315
-0.00798 -0.02828 -0.10176 0.00799 -0.04207 -0.12549
0.04938 -0.05908 0.07878 -0.03252 -0.06825 0.04868
0.03107 -0.04032 0.04906 -0.02620 -0.06458 0.02918
0.02371 -0.04865 0.09577 -0.03293 -0.07394 0.06570
0.00703 -0.07111 0.05048 -0.03038 -0.05424 0.03108
-0.00949 -0.03103 -0.01966 -0.00662 -0.03433 -0.02740
0.02634 -0.06286 0.09286 -0.03252 -0.06902 0.09977
0.02603 -0.03785 0.00065 -0.01660 -0.04024 0.07207
0.00307 -0.00073 -0.01420 -0.00645 -0.05978 0.06681
-0.00210 -0.00236 -0.01059 0.00273 -0.01583 0.02094
-0.00426 0.00313 -0.01877 0.00134 -0.01681 0.01592
-0.02640 -0.01315 0.00276 0.00153 -0.01223 0.01868
0.00846 0.00948 -0.00924 0.00272 -0.00832 0.01101
0.00098 -0.00062 -0.00756 0.00649 0.02349 0.02327
-0.00871 0.00269 -0.01132 -0.00168 -0.03483 -0.01391
-0.00363 -0.00198 -0.00081 0.00722 0.01579 0.01001
0.00028 -0.00245 -0.00030 0.00311 0.00057 0.00453
0.00683 0.00147 -0.00554 0.00521 0.00339 0.00459
-0.00272 -0.00109 0.00496 0.00374 0.00246 0.00686
0.00375 -0.00042 -0.00273 -0.00537 -0.01250 0.00937
0.00717 -0.00168 -0.00526 0.00365 0.00656 0.00521
0.00629 0.00044 0.00213 -0.00056 -0.00293 -0.00099
-0.00688 -0.00078 0.00591 0.00015 -0.00310 0.00040
-0.01015 -0.00099 0.01073 0.00194 0.00409 -0.00561
-0.00302 -0.00146 0.00352 -0.00171 -0.00408 0.00343
0.00124 0.00067 -0.00248 0.00061 0.00064 -0.00210
0.00181 -0.00079 -0.00016 0.00185 0.00679 -0.00034
0.00092 -0.00044 0.00278 -0.00003 -0.00082 0.00322
]
