classifier_Man_bumps_into_house_19540 [ 0.55839 -0.74957 1.97696 -0.23623 -0.67893 1.94213
0.00033 -0.00010 -0.00028 -0.00218 -0.00116 0.00180
0.00048 0.00470 -0.00819 0.02474 0.01401 -0.04583
-0.00488 0.00093 0.02496 -0.07614 -0.05372 0.12240
-0.05966 0.01387 0.09330 -0.00757 -0.01572 0.00959
0.03916 -0.02822 0.00699 0.01810 0.02629 0.00583
0.02605 0.23427 -0.23607 0.11875 0.30289 -0.33026
-0.04848 0.08167 -0.01574 -0.18569 -0.38791 0.34630
-0.06242 0.12436 -0.03631 0.00517 0.00454 -0.00942
-0.02315 0.09247 0.09363 0.00117 0.01743 0.09916
-0.06084 0.13196 -0.06877 0.03135 0.04115 -0.05920
-0.10767 0.19144 -0.05038 0.15343 0.87557 -0.34098
-0.03072 0.06793 0.05611 0.01978 0.06625 0.06354
-0.02400 0.03286 -0.06064 0.02790 0.03110 -0.05283
-0.02659 0.02548 -0.07543 0.01868 0.00868 -0.05422
0.00048 0.02109 0.08458 0.01744 0.02475 0.09655
-0.06091 0.05282 -0.01640 0.04658 0.05290 -0.01423
-0.06041 0.06023 0.03890 0.00295 0.01313 0.05352
0.06153 -0.04805 0.02951 -0.00570 -0.00174 -0.00008
0.01549 -0.01782 0.02399 -0.00222 -0.01575 0.01432
0.06884 -0.06713 0.10034 -0.05823 -0.08403 0.09396
0.01913 -0.07572 -0.04101 -0.07609 -0.13866 -0.03019
0.05740 -0.07764 -0.02840 -0.06931 -0.08673 -0.00249
0.08377 -0.09296 0.02249 -0.09178 -0.07132 0.01275
0.00424 -0.03821 -0.13166 0.02797 -0.02730 -0.13702
-0.00734 -0.02992 -0.04147 -0.01858 -0.04259 -0.01999
0.02236 -0.04800 0.03270 -0.03080 0.00367 0.01857
0.06023 -0.09630 0.10902 -0.05627 0.06747 0.07915
0.00376 -0.03137 -0.02013 0.00273 0.04843 -0.03900
-0.00269 -0.02645 -0.03014 0.00691 0.04046 -0.02297
0.00515 -0.05412 0.03367 0.02553 0.02782 -0.01817
0.00277 -0.01876 0.02100 0.02097 -0.00710 -0.03581
0.00187 -0.01891 0.02204 0.01598 -0.03028 -0.01896
-0.04445 -0.01493 -0.16784 0.02552 -0.03246 -0.12447
0.04629 -0.03832 0.16997 -0.01368 -0.04986 0.10948
-0.02347 -0.01084 -0.06596 0.01401 -0.05311 -0.06088
0.02555 -0.03413 0.11948 -0.01929 -0.05709 0.09461
0.04685 -0.03317 0.16787 -0.02623 -0.04653 0.13299
-0.08199 0.08279 -0.35175 0.05986 0.01358 -0.30432
0.00444 0.00830 0.01800 0.00181 -0.00888 0.01303
-0.00463 0.00466 -0.03530 0.00601 0.00134 -0.01236
-0.01090 0.11827 -0.09324 0.00952 0.01772 -0.03510
0.00487 0.06802 0.01589 -0.00842 -0.00198 0.04415
-0.01584 0.08463 -0.01296 -0.00008 0.00025 -0.00115
-0.00804 0.08590 0.07375 -0.01147 -0.00560 0.05770
-0.04191 0.08814 -0.07229 0.01236 0.00642 -0.06670
-0.01795 0.07302 0.07038 -0.01084 -0.00745 0.06741
-0.05018 0.05721 -0.06405 0.01509 0.00522 -0.05861
-0.03068 0.01043 -0.00103 0.00224 0.00179 0.00106
-0.03575 0.02813 0.02576 0.00006 -0.00357 0.03380
-0.03438 0.01253 0.00742 0.00009 -0.00032 0.02339
-0.04067 0.00778 -0.02373 0.00460 0.00038 -0.00632
-0.04769 0.01483 0.01018 -0.00037 0.00013 0.01965
-0.04445 0.00297 -0.00823 0.00206 0.00248 0.00149
-0.02933 -0.03980 0.00975 -0.00289 0.00120 0.01510
-0.02849 -0.03617 -0.01080 0.00121 0.00391 -0.01419
0.00188 -0.08432 -0.05434 0.00742 0.00892 -0.06100
0.00104 -0.05828 0.00935 -0.00280 0.00164 0.00276
0.03142 -0.08148 -0.01536 0.00013 0.00600 -0.03161
0.02599 -0.04448 0.00682 -0.00509 0.00188 0.00024
0.04796 -0.03779 -0.01145 -0.00030 0.00466 -0.02237
0.06210 -0.03499 0.09080 -0.01777 -0.00515 0.06922
0.05460 -0.01425 -0.00145 -0.00209 0.00346 -0.01256
0.07843 -0.00580 0.07421 -0.02122 -0.00981 0.10131
0.07135 0.02630 0.05923 -0.00767 -0.00077 0.02627
0.05264 0.05312 -0.01678 0.00943 0.00367 -0.04785
0.01233 -0.00209 -0.01117 0.00775 -0.00309 -0.01129
0.00739 -0.02994 -0.00936 0.00285 -0.00237 0.00237
0.01139 -0.08271 0.03971 0.00091 -0.00333 0.02879
-0.00360 -0.02894 -0.04489 0.01061 -0.00023 -0.02731
-0.01387 -0.00381 -0.06141 0.01269 0.00752 -0.04787
-0.00976 -0.00309 -0.00769 0.00527 0.00459 -0.00674
-0.00309 -0.00016 0.01482 -0.00026 0.00110 0.01103
-0.00616 0.00295 0.00038 0.00087 0.00343 -0.00062
-0.00241 0.00057 0.00149 -0.00004 0.00137 0.00056
0.00018 -0.00051 0.00037 -0.00103 -0.00009 0.00033
0.00456 -0.00080 0.00037 -0.00212 0.00115 -0.00151
0.00555 0.00125 0.01461 -0.00172 -0.00947 0.00604
0.02660 -0.00677 0.10984 -0.01566 -0.00991 0.10106
0.01199 -0.00268 0.07024 -0.01006 -0.00043 0.07368
-0.03665 0.02488 -0.12381 0.02008 0.01360 -0.11365
-0.01818 0.04234 -0.04293 0.00357 0.00345 -0.01195
-0.00613 -0.01194 0.04554 -0.00357 -0.00291 0.02784
0.01084 -0.00095 0.12788 -0.01890 -0.01187 0.12327
-0.01149 0.02299 0.05824 -0.01023 -0.00627 0.06437
-0.06328 0.04551 -0.19800 0.03033 0.01635 -0.18128
-0.04619 0.03203 -0.11715 0.01709 0.00937 -0.10101
-0.02597 0.01244 -0.01334 0.00232 -0.00059 -0.00497
-0.02447 0.01108 0.04026 -0.00589 -0.00374 0.04980
-0.07396 0.00722 -0.07089 0.01074 0.00834 -0.04986
-0.02667 -0.01266 0.06653 -0.00754 -0.00919 0.07131
-0.12170 -0.00904 -0.06192 0.01710 0.01397 -0.02566
-0.04785 -0.02823 0.04042 0.00933 0.00089 0.05005
-0.07200 -0.02663 0.05238 0.04609 -0.02725 0.05299
0.09821 0.02881 -0.08277 0.02200 0.06728 -0.09773
-0.00318 0.05534 0.00135 0.09336 0.06323 0.00823
0.04752 0.03271 -0.01503 -0.17553 -0.06977 -0.04023
0.06516 0.00756 0.01544 -0.03512 0.00269 0.06801
0.05434 0.00149 -0.00678 -0.00738 0.00088 -0.01032
0.05184 -0.02307 0.02153 -0.00630 -0.00479 0.01399
0.03712 -0.02633 0.00199 -0.00112 -0.00437 -0.00784
0.02488 -0.02877 -0.00694 0.00028 -0.00252 -0.01525
0.01171 0.00340 -0.02843 0.00792 -0.00209 -0.03403
0.02919 -0.05558 0.09609 -0.01458 -0.00936 0.08693
0.03301 -0.09959 0.13475 -0.01095 -0.00868 0.10816
-0.01008 -0.00794 -0.05251 0.01437 0.00629 -0.05882
-0.01403 0.00326 -0.07126 0.01507 0.00780 -0.07866
0.01015 -0.00258 0.01071 0.00413 0.00481 0.00204
0.01294 -0.00255 0.00438 0.00103 0.00265 0.00087
0.01981 -0.00867 -0.00055 0.00019 0.00095 0.00439
0.02812 -0.01836 0.00216 -0.00011 -0.00040 0.00127
0.03739 -0.03340 0.00122 -0.00112 -0.00264 0.00182
0.04490 -0.04371 -0.00022 -0.00068 -0.00597 -0.00402
0.05172 -0.05541 -0.00051 0.00244 -0.01161 -0.01060
0.06962 -0.09430 0.09442 -0.00874 -0.02081 0.06774
-0.01687 -0.01582 -0.09320 0.02621 -0.01183 -0.11859
0.04498 -0.10225 -0.02310 0.02183 -0.07159 0.00645
-0.03594 -0.01364 0.13319 0.01701 -0.04918 0.01311
0.04280 -0.07735 0.07293 0.01232 -0.06819 0.07783
-0.01555 -0.00729 0.01985 0.05274 -0.11890 0.02526
-0.01300 0.00098 -0.01470 0.03833 -0.12093 0.03454
-0.01468 0.00700 -0.01897 0.04314 -0.06881 -0.00096
-0.00012 -0.00058 0.00224 0.00133 0.00430 -0.00684
-0.00458 0.00176 -0.00046 -0.00692 0.01357 0.00446
-0.00175 0.00055 -0.00129 -0.00243 0.00003 -0.00105
0.00086 -0.00525 0.01030 -0.14406 -0.01651 0.14809
-0.00336 0.00411 -0.01329 -0.09027 -0.08920 0.07151
-0.00848 0.00008 0.02792 0.09061 0.08887 -0.07180
-0.00351 0.00512 -0.01455 0.14068 0.01399 -0.14973
0.00328 -0.00662 0.00988 -0.13958 -0.01382 0.14958
0.01811 -0.00570 -0.02223 0.08147 0.03630 -0.07706
0.01493 0.00443 -0.06525 0.05113 0.01050 -0.07259
0.00885 -0.00394 0.00076 0.00419 -0.02231 -0.01190
-0.03431 0.00669 0.07675 -0.16489 -0.04149 0.20458
0.03479 -0.01413 -0.04450 0.00582 0.00456 -0.01386
]
