classifier_Man_weaves_and_bumps_into_car_19557 [ 0.60847 -0.75429 1.87481 -0.1903 -0.30797 1.77058
-0.00678 0.00950 -0.02076 0.02584 -0.08942 -0.05288
0.00252 -0.00291 0.00988 0.00162 -0.04199 0.01000
0.00035 0.01130 -0.01822 0.01857 -0.14000 0.01220
0.02305 -0.00988 0.04171 -0.00751 -0.00078 0.06462
-0.02633 0.01803 0.00206 0.00241 -0.01981 -0.00113
0.00008 -0.01150 0.00494 0.00060 -0.01513 -0.00398
0.07245 -0.03021 -0.11174 0.00001 -0.00081 -0.01319
-0.01901 0.02179 -0.08312 0.00433 0.02790 -0.07556
-0.20112 0.30023 -0.19724 -0.00875 -0.00210 0.03801
-0.00605 -0.07041 0.37888 0.00139 0.12426 0.07990
-0.03416 0.03427 -0.04946 -0.00165 0.08504 -0.03127
-0.10930 0.19823 -0.08261 -0.00782 0.21267 -0.09296
-0.02470 0.09122 0.05515 -0.01336 0.00697 0.03730
-0.02064 0.16447 0.01305 -0.00236 -0.06481 -0.06625
0.02277 0.03091 0.05503 0.00239 -0.07819 0.02178
0.01487 0.01408 0.04352 0.00532 -0.05826 0.04838
0.01633 -0.01685 0.04893 0.00634 -0.01406 0.07328
-0.00722 -0.04721 -0.11928 0.00947 0.06056 -0.07613
0.01327 -0.07751 0.01088 -0.02068 0.06446 0.06053
-0.00894 -0.08934 -0.08432 -0.01646 0.09117 -0.01337
0.01095 -0.09689 -0.02100 -0.02569 0.07889 0.01472
0.01011 -0.07080 0.04838 -0.02920 0.04795 0.07710
0.00322 -0.02350 0.12085 -0.01803 0.02801 0.13028
-0.03632 0.06758 -0.09832 0.02081 -0.01138 -0.10493
-0.01813 0.07691 -0.04453 0.02305 -0.03942 -0.05997
-0.02164 0.16401 -0.14536 0.06965 -0.11097 -0.25473
0.05730 0.03624 0.30673 -0.06710 -0.15072 0.29753
-0.01426 0.02611 -0.13175 0.01888 -0.04052 -0.13684
-0.00636 -0.00376 -0.01970 0.00419 -0.04375 0.00019
-0.01478 -0.03964 -0.06494 0.01386 0.02418 -0.05814
-0.00829 -0.05983 -0.02011 -0.00454 0.02904 -0.00417
0.01737 -0.08869 0.06037 -0.02022 0.02607 0.08104
-0.00141 -0.06911 -0.01374 -0.00530 0.05711 -0.00716
0.00526 -0.06070 0.03480 -0.01083 0.06588 0.04245
-0.02090 -0.01524 -0.07750 0.00262 0.07739 -0.06849
0.01744 -0.04977 0.16449 -0.02882 0.05541 0.16221
-0.00165 -0.01262 0.02673 -0.01002 0.04790 0.02770
-0.01221 0.00963 -0.01634 0.00620 0.03456 -0.01844
0.00092 0.00490 0.00898 -0.00035 0.01391 0.00285
0.00037 0.00928 -0.00586 0.00183 0.00168 -0.01315
-0.00122 0.01569 -0.02088 0.00566 -0.01113 -0.03688
0.00743 0.00636 -0.00381 0.00439 -0.02180 -0.01897
0.00413 0.01166 -0.02827 0.00604 -0.03523 -0.04857
0.01852 -0.00998 0.06340 -0.00760 -0.04558 0.03761
0.00559 0.01582 -0.07831 0.01025 -0.08129 -0.09600
0.01449 -0.01081 0.04697 -0.00764 -0.03105 0.04410
0.00367 0.00295 -0.02313 0.00251 -0.01439 -0.01446
0.01486 0.00095 -0.03202 -0.00411 -0.00620 -0.01620
0.00257 -0.00279 0.00202 -0.00394 -0.00001 0.00628
-0.00010 -0.00130 0.00387 -0.00180 0.00344 0.00451
-0.00002 0.00036 -0.00412 -0.00005 -0.00017 -0.00306
-0.00375 0.00669 -0.00778 0.00137 -0.00112 -0.00305
-0.00235 0.01050 0.00106 -0.00248 -0.00261 0.00330
-0.00620 0.02439 -0.03611 0.00278 0.00328 -0.01866
-0.01725 0.04865 -0.04946 0.00547 0.00410 -0.03476
-0.00151 0.06137 -0.00275 -0.00681 -0.00087 0.01729
0.00609 0.08218 0.04501 -0.00970 -0.00772 0.06936
0.00319 0.07896 0.04567 -0.00045 -0.00249 0.02174
0.00193 0.05190 0.02882 0.00383 0.00345 -0.01162
-0.04628 0.18708 0.00774 0.00342 -0.00069 0.02492
-0.01757 0.03146 0.00409 0.00363 0.00055 0.00767
-0.06708 0.09717 -0.01409 0.00619 0.00531 0.00724
-0.04199 0.01730 -0.01947 0.01066 0.00476 -0.01452
-0.04541 0.01009 0.00712 -0.00037 -0.00070 0.00576
-0.02882 -0.04127 0.00385 -0.00218 -0.00064 0.00966
-0.03751 -0.01149 0.02217 -0.00179 -0.00051 0.00717
-0.00110 -0.10213 -0.06569 0.00220 0.00443 -0.03714
-0.00226 -0.07320 0.04341 -0.00855 -0.00386 0.04207
-0.05050 0.01678 -0.02500 0.00186 0.00651 -0.05230
0.05208 -0.15903 0.08139 -0.01645 -0.00645 0.06856
0.04051 -0.06122 0.00341 -0.00225 0.00399 -0.01041
0.03650 -0.03074 -0.08767 0.00800 0.01386 -0.09274
0.05568 -0.03537 0.00033 -0.00831 0.00441 -0.01032
0.04269 -0.00927 -0.00369 0.00064 0.00662 -0.01370
0.06591 -0.02037 0.06287 -0.00989 -0.00156 0.05798
0.06053 -0.01776 0.01721 0.00438 0.00169 0.02239
0.03089 -0.00832 -0.08644 0.01349 0.01133 -0.08508
0.06448 -0.03703 0.10910 -0.01319 -0.00919 0.10864
0.02718 -0.01310 -0.01146 0.00551 0.00101 -0.01600
-0.00499 0.00113 -0.06317 0.00866 0.00541 -0.07111
0.00339 -0.00141 0.01638 0.00301 -0.00072 0.00592
-0.00776 0.00465 -0.01188 0.00758 0.00265 -0.01825
-0.00564 -0.00081 0.00564 0.00133 0.00005 0.00241
-0.00188 -0.00299 0.01680 -0.00385 -0.00049 0.01436
0.00508 -0.00281 0.04119 -0.00373 -0.00529 0.04116
0.01598 -0.00291 0.08323 -0.01222 -0.00542 0.08518
-0.00876 0.00395 -0.01242 0.00165 0.00320 -0.00612
-0.01138 0.00642 -0.03088 0.00294 0.00620 -0.02297
-0.00730 0.00008 -0.01028 0.00184 0.00461 -0.00262
-0.00788 0.00173 -0.00956 0.00062 0.00324 -0.00156
-0.03927 0.01253 -0.09773 0.01358 0.01033 -0.09636
-0.00816 0.00036 0.11162 -0.01405 -0.00727 0.09817
-0.06749 0.03533 0.00380 0.00426 0.00059 -0.03839
-0.05065 0.02252 -0.00307 0.00179 0.00026 -0.02304
-0.04657 0.01681 -0.05697 0.00828 0.00165 -0.06107
-0.01164 0.00462 -0.00861 -0.00056 -0.00246 0.00976
-0.04917 0.05204 -0.09873 0.00516 -0.00172 0.01156
0.02029 -0.06265 -0.03051 -0.00590 0.00005 0.06365
-0.00791 0.00265 -0.07962 0.00851 0.00957 -0.06635
-0.01933 -0.00157 0.05418 -0.01863 0.00529 0.01571
-0.00171 -0.00235 0.00724 0.00012 0.00272 -0.01998
-0.00036 -0.00475 0.02129 -0.00813 -0.00073 0.00060
-0.00918 0.00417 -0.00917 -0.00836 -0.00055 -0.02391
-0.00649 -0.00604 0.04117 -0.02183 -0.00552 0.02787
-0.03792 0.01440 -0.02611 -0.00092 -0.00050 -0.02471
-0.02105 0.00058 -0.03258 0.01262 0.00032 -0.03514
-0.02263 -0.01072 0.03658 -0.00354 -0.00532 0.03830
-0.02896 -0.01715 0.08064 -0.00277 -0.01073 0.08324
-0.15145 0.05489 -0.13787 0.15278 0.03555 -0.13196
-0.01083 -0.00799 0.13122 -0.00676 -0.00986 0.13020
0.09361 -0.05666 0.07818 0.00851 -0.01986 0.08785
0.02094 0.01352 -0.00223 0.00506 0.02361 0.00820
0.04213 0.00166 0.00297 0.02707 0.00688 -0.00370
0.02838 0.02781 -0.02067 -0.16400 0.01357 -0.02840
0.03644 0.02968 -0.09040 -0.02411 -0.02483 -0.10444
0.05884 0.00907 0.02205 0.00394 0.00044 -0.00393
0.05450 0.00895 0.00933 -0.00416 0.00226 -0.01126
0.04981 -0.01427 0.02140 -0.00850 0.00024 0.01843
0.02731 -0.01532 0.01814 -0.00662 -0.00008 0.00869
0.03791 -0.03885 0.22108 -0.03268 -0.01466 0.19002
-0.01772 -0.00627 -0.10753 0.01724 0.00798 -0.11127
-0.01333 -0.01045 -0.06723 0.01468 0.00501 -0.07227
-0.00976 0.00939 -0.08944 0.01041 0.00141 -0.01048
0.03864 -0.05199 0.32811 -0.03727 -0.01716 0.23184
0.01471 -0.02032 0.11836 -0.01045 -0.00751 0.11650
-0.04972 0.02107 -0.23451 0.03581 0.01557 -0.13542
0.05388 -0.03274 0.26120 -0.02010 -0.01112 0.17891
0.00524 -0.00653 -0.00034 0.00818 0.00154 0.00304
0.00759 -0.00793 -0.01099 0.00407 0.00060 -0.00186
0.01059 -0.00422 -0.01201 0.00186 0.00089 -0.00194
0.01744 -0.01452 -0.00811 -0.00007 -0.00052 0.00260
0.03386 -0.02690 -0.03638 0.00596 0.00172 -0.01008
0.03338 -0.02717 -0.03345 0.00102 0.00028 -0.01786
0.03765 -0.03122 -0.01880 0.00256 -0.00215 -0.01257
0.01670 -0.01814 -0.13041 0.02250 0.00644 -0.12997
0.01547 -0.01149 -0.13123 0.01430 0.00028 -0.13202
0.03898 -0.02307 -0.06183 0.01152 -0.00778 -0.05953
0.04969 -0.06951 0.00363 0.02926 -0.04662 -0.04745
0.00384 -0.02990 -0.00660 0.01089 -0.03126 -0.02908
-0.00924 -0.04658 0.03156 0.01226 -0.07964 -0.03483
0.00928 -0.02007 -0.01920 0.03106 -0.05774 -0.04025
0.03806 -0.10978 0.10858 0.00189 -0.11059 0.10877
-0.01039 -0.00689 -0.02175 0.04151 -0.11152 0.00054
-0.00653 0.00214 -0.01730 0.00544 -0.03442 0.01191
-0.00397 0.00201 -0.03484 0.03357 -0.04642 -0.02736
-0.00351 -0.00213 -0.01166 0.00077 0.00142 0.00248
-0.00212 -0.00057 -0.00380 0.00554 0.00445 -0.00174
-0.00269 -0.00112 -0.00415 -0.00723 0.01867 0.02650
-0.00254 -0.00095 -0.00226 -0.00033 -0.00231 -0.00441
0.01819 -0.00814 -0.02680 -0.00404 -0.00176 -0.00181
0.00147 -0.00399 0.01417 -0.12653 0.00029 0.14248
-0.01453 0.00267 0.01854 0.00048 -0.00083 0.00084
-0.00168 0.00007 0.00637 0.00050 0.00029 0.00027
0.03294 -0.00651 -0.04048 0.00002 -0.00052 -0.00107
-0.03255 0.00630 0.04112 0.04475 0.03214 -0.02529
0.03547 -0.00671 -0.04414 -0.01599 -0.00843 0.00596
-0.00154 -0.00097 0.00241 -0.01098 -0.00937 0.00438
-0.00325 -0.00086 0.00738 -0.00359 -0.00330 0.00504
-0.03175 0.00842 0.03602 0.00461 0.00419 -0.00681
0.00102 0.00133 -0.00025 0.00538 0.00403 -0.00105
-0.00211 -0.00050 0.00299 -0.07185 -0.05275 0.06943
0.00034 -0.00008 0.00037 0.00579 0.00406 -0.01113
0.00037 -0.00015 0.00037 0.00223 0.00135 -0.00645
0.00087 -0.00030 0.00005 0.00144 0.00053 -0.00224
-0.00437 0.00422 -0.00930 -0.06991 -0.07211 0.06333
0.00355 -0.00335 0.00803 0.08592 0.08394 -0.08510
-0.00164 -0.00097 0.00159 -0.00016 -0.00033 -0.00010
0.01378 -0.00188 -0.01843 -0.00480 -0.00340 0.00060
-0.00128 -0.00200 0.00411 0.00250 0.00138 -0.00190
-0.00003 -0.00039 0.00036 -0.00164 -0.00159 0.00174
-0.00065 -0.00004 0.00071 0.00143 0.00080 0.00013
0.00034 0.00001 -0.00059 0.00061 0.00066 -0.00036
-0.00050 -0.00004 -0.00046 -0.00267 -0.00244 0.00206
0.02966 -0.00484 -0.03239 0.00245 0.00208 -0.00263
0.00031 -0.00087 0.00035 0.00015 0.00014 0.00098
-0.00282 0.00145 -0.00116 0.12070 0.04586 -0.09154
]
