classifier_Car_goes_to_monkey_23400 [ 0.60218 -0.68193 1.73371 -0.45508 -0.72545 1.86181
0.00121 0.00140 -0.00479 -0.00028 -0.00094 -0.00124
-0.00204 -0.00053 -0.00029 0.00000 -0.00184 -0.00313
-0.00057 0.00091 -0.00120 0.00070 0.00223 -0.00341
-0.00153 0.00143 -0.00355 -0.00052 0.00046 -0.00454
-0.00482 0.00966 -0.01380 0.00070 0.03023 -0.02389
0.00755 -0.00860 0.02423 -0.00912 0.00575 0.02130
-0.00938 0.01550 -0.03475 0.00526 0.02313 -0.04659
0.00701 0.00190 0.06793 -0.02029 0.01959 0.05216
0.00281 -0.00963 -0.01583 -0.00107 0.03099 -0.03021
-0.08561 0.15950 -0.07195 0.00114 0.05286 -0.09259
-0.00227 0.00126 0.00631 -0.01805 0.02001 0.03104
-0.02133 0.01435 0.02333 -0.01196 0.03432 0.01434
-0.02582 0.02026 0.00585 -0.00183 0.02620 -0.01021
-0.02100 0.03957 -0.00465 0.00506 0.03054 -0.03256
-0.01823 0.01840 -0.02438 0.00640 0.02253 -0.02801
-0.00171 0.01370 0.00483 -0.00161 0.00833 0.00233
0.01203 0.00032 0.03582 -0.01390 -0.00634 0.04219
0.02940 0.02999 0.04833 -0.01487 -0.01184 0.03141
-0.00981 -0.01989 -0.06931 0.00594 0.00332 -0.02469
0.00130 -0.00075 -0.00122 0.00072 -0.00388 0.00149
-0.01141 0.00413 0.02009 0.00405 0.01064 0.01752
-0.02568 0.02172 0.04142 0.01373 0.03436 0.02877
-0.03812 0.07476 0.14428 0.01323 0.04859 0.11349
-0.02183 0.01559 0.03633 0.01468 0.02514 0.03399
0.01959 -0.01233 0.06019 -0.05894 -0.00215 0.05502
-0.01340 -0.01482 -0.11970 0.05570 -0.04414 -0.11922
0.02185 -0.02899 -0.04556 -0.02028 -0.03844 -0.03384
0.01641 -0.00451 -0.03187 -0.01296 0.00837 -0.03121
-0.01513 0.04976 0.03430 0.02322 0.02022 0.03752
-0.01004 0.02856 0.09454 -0.02314 0.04617 0.11194
-0.04015 0.04200 -0.10744 0.05648 0.03189 -0.10695
-0.00427 -0.00696 -0.05017 0.04147 -0.01208 -0.03542
0.01009 -0.05096 -0.06782 0.00704 -0.02152 -0.08118
0.00868 -0.04396 -0.02270 0.00825 0.00788 -0.05663
-0.01379 -0.00786 -0.04764 0.02084 0.01975 -0.08029
-0.01063 -0.01622 0.00233 0.01159 0.02601 -0.02861
-0.02039 -0.01011 -0.02186 0.00884 0.04255 -0.01524
-0.01363 -0.00685 -0.00012 0.00785 0.04637 -0.00645
0.01346 0.00617 0.04501 0.00356 0.03839 0.00415
-0.01627 -0.00778 0.02533 0.01276 0.09110 -0.00932
-0.07141 -0.02261 -0.09726 0.01614 0.03539 -0.03288
-0.01540 -0.01181 0.02309 0.00407 0.03338 0.02206
-0.01305 -0.00290 0.00398 0.00836 0.02557 0.00003
-0.00884 -0.00433 0.01073 0.00391 0.01721 -0.00404
-0.00664 -0.00402 0.00127 0.00275 -0.00206 -0.03411
-0.01085 -0.00029 -0.02249 -0.00096 -0.01855 -0.07111
-0.00253 -0.00953 -0.00756 -0.00332 -0.01330 -0.04641
-0.00182 -0.00084 -0.00583 -0.00034 -0.00861 -0.01968
0.01136 -0.01177 0.00874 0.00159 0.00010 0.00357
0.00722 -0.00554 -0.00076 -0.00080 0.00119 -0.00049
0.00412 -0.00680 0.00303 -0.00288 -0.00155 -0.00065
0.00597 -0.00645 0.00235 -0.00280 -0.00015 0.00055
0.00293 -0.00352 -0.00117 -0.00277 0.00047 0.00163
0.00340 -0.00511 0.00040 -0.00265 -0.00143 0.00051
0.00313 0.00609 -0.00374 -0.00395 0.00028 0.00169
0.00412 0.04824 -0.06889 0.00575 -0.00160 -0.02428
-0.02744 -0.06251 0.00158 0.00766 -0.00044 -0.03615
0.00146 0.00454 -0.00664 -0.00082 0.00000 0.00120
0.00671 -0.00003 -0.01252 -0.00228 0.00028 0.00118
0.00414 0.00403 -0.01260 -0.00176 -0.00021 0.00025
0.02968 0.07552 0.06187 -0.02180 -0.00070 0.08999
-0.01337 0.03838 -0.11020 0.01831 0.00196 -0.08767
0.00554 0.01042 -0.00639 -0.00063 0.00002 0.00260
0.01593 0.00383 0.02672 -0.01051 0.00274 0.03584
0.00234 0.02267 -0.07259 0.00715 0.00048 -0.03318
0.03736 0.03589 0.05050 -0.01097 0.00118 0.04298
0.02387 0.05065 -0.01788 0.00006 0.00196 0.00616
0.02337 0.05997 -0.00092 -0.00474 0.00075 0.02090
-0.00770 0.07467 -0.08784 0.01760 -0.00003 -0.06771
0.01449 0.06585 0.06795 -0.01516 0.00152 0.07515
-0.01945 0.06761 0.02200 -0.00253 0.00214 0.02516
-0.02785 0.05503 -0.00367 0.00829 0.00031 -0.01287
-0.01759 0.04756 0.03930 -0.00093 0.00130 0.01964
-0.02363 0.02162 -0.04481 0.01681 0.00008 -0.06148
0.00473 0.01710 0.02141 -0.00054 0.00291 0.01050
0.01783 0.00016 0.00970 -0.00094 0.00170 0.00714
0.13261 -0.13630 0.02692 -0.02342 0.00485 0.07242
0.07458 -0.23820 -0.04201 -0.00774 0.00070 0.00151
0.01109 0.00085 0.00284 -0.00153 0.00029 0.00318
-0.00023 0.04562 -0.00507 0.00029 -0.00450 -0.00057
-0.00879 0.07680 -0.00475 0.00180 -0.00097 0.00001
-0.06138 0.15506 0.00044 0.00984 -0.00595 -0.01815
-0.04735 0.05306 -0.02396 0.01265 -0.00025 -0.04315
-0.03284 0.03776 0.02288 0.00162 -0.00292 0.00627
-0.02566 0.02221 0.02009 -0.00017 -0.00115 0.01113
-0.01797 -0.01244 0.00471 0.00273 0.00206 0.00019
0.00844 -0.02969 -0.01216 -0.00041 -0.00069 -0.00071
0.01447 -0.04755 -0.03193 0.00109 0.00122 -0.01866
0.02785 -0.05594 -0.01206 -0.00569 -0.00081 0.01298
0.04405 -0.17062 -0.01554 -0.00684 0.00094 -0.00027
-0.00631 -0.01804 0.01408 -0.00116 0.00096 -0.00095
-0.00904 0.00365 0.01516 -0.00091 0.00139 -0.00015
0.00024 0.01150 0.00692 0.00031 -0.00005 -0.00823
0.00729 0.01785 0.03415 -0.00427 0.00124 0.01605
0.00306 0.06096 -0.01055 0.00885 0.00046 -0.03616
0.00832 0.02272 -0.01891 0.00506 0.00180 -0.00399
0.00346 0.00191 -0.01112 0.00213 0.00255 -0.00112
0.00148 0.00120 -0.00950 0.00075 -0.00149 0.00193
0.00367 -0.00016 -0.01160 0.00095 0.00006 0.00211
0.00071 0.00233 -0.00097 -0.00027 -0.00198 0.00021
0.00039 0.00266 -0.00051 -0.00090 -0.00050 -0.00140
-0.00148 0.00113 -0.00054 -0.00019 -0.00029 -0.00156
0.00025 0.00134 -0.00127 -0.00012 -0.00062 -0.00078
-0.00141 0.00133 -0.00382 0.00091 0.00010 -0.00098
-0.00113 0.00144 -0.00355 0.00105 0.00025 -0.00078
-0.00610 -0.00093 -0.00440 0.00221 -0.00015 0.00039
-0.00651 0.00337 -0.00184 0.00231 0.00109 -0.00075
-0.01247 0.00234 -0.00380 0.00135 0.00138 0.00128
-0.01707 0.00433 -0.00437 0.00364 0.00106 0.00087
-0.01948 0.00374 -0.00551 0.00264 0.00286 0.00208
-0.02577 0.00539 -0.00857 0.00274 0.00014 -0.00043
-0.03047 0.00657 -0.01238 0.00483 0.00193 -0.00305
-0.02933 0.00373 -0.00383 0.00255 0.00184 0.00309
-0.07608 0.01126 -0.00768 0.00588 0.00323 0.00365
-0.02818 -0.00049 0.00342 0.00169 0.00141 0.00552
-0.03390 0.00258 -0.00095 0.00193 0.00263 0.00149
-0.02935 0.00064 -0.00161 0.00102 0.00195 -0.00073
-0.02781 0.00009 -0.01182 0.00450 0.00306 -0.01109
-0.02238 -0.00114 0.03715 -0.00738 0.00335 0.03796
-0.04331 -0.00244 -0.01007 0.00667 0.00562 -0.01009
-0.01763 -0.00223 -0.02138 0.00580 0.00247 -0.02539
-0.08282 0.01619 0.00009 -0.00023 0.02179 -0.01693
-0.00416 -0.00287 0.01015 -0.00496 -0.00174 0.00800
-0.03617 0.00040 0.00614 -0.00660 -0.00357 0.00383
-0.00811 -0.00542 0.00020 0.00039 0.00005 -0.00254
-0.00801 0.00622 0.05441 -0.02384 -0.01428 0.05940
-0.00008 -0.00027 0.00357 -0.00090 -0.00183 0.00332
0.02535 -0.01537 -0.05086 0.01574 0.01572 -0.05595
-0.00014 -0.00014 0.00079 0.00044 -0.00181 0.00168
-0.00004 0.00048 0.00478 0.00039 -0.00198 0.00554
-0.00151 0.00106 0.00278 -0.00009 -0.00059 0.00254
-0.07949 0.02411 0.01737 -0.00089 -0.00033 0.00576
-0.05154 -0.01264 0.13060 -0.02619 -0.01377 0.11695
0.00390 -0.00213 -0.02733 0.01411 0.01740 -0.03756
-0.00388 -0.00399 -0.00366 -0.00136 -0.00346 -0.00243
0.15580 0.00230 -0.11639 0.02522 0.00128 -0.08367
-0.15190 0.02176 0.13035 -0.03749 -0.02777 0.12031
0.21183 -0.04059 -0.06137 0.00702 0.00703 -0.03365
0.02119 -0.00159 0.00920 -0.01665 -0.01218 0.01901
0.04067 -0.01601 -0.00535 -0.01009 -0.01281 -0.00058
0.04871 -0.01765 -0.04963 -0.00106 -0.02138 -0.04794
0.05496 -0.01646 -0.01163 -0.00836 -0.02358 -0.01412
0.11791 -0.05447 -0.02825 -0.01716 -0.05975 -0.04780
0.08800 -0.04915 0.11119 -0.04074 -0.04195 0.09214
0.05479 -0.04563 -0.00330 -0.00525 -0.04215 -0.03473
0.06035 -0.05108 0.03206 -0.01611 -0.05447 0.00233
0.04122 -0.04332 -0.01413 -0.00092 -0.05066 -0.03863
0.08080 -0.08942 0.01297 -0.01292 -0.12695 0.00407
0.05419 -0.05201 0.11365 -0.03565 -0.09189 0.11569
0.01388 -0.07047 0.14022 -0.02117 -0.07443 0.08928
0.01947 -0.04002 0.04008 -0.00395 -0.05107 0.05530
0.01542 -0.05865 -0.06490 0.01172 -0.06491 0.11238
-0.02302 -0.04554 0.04985 0.00890 -0.00344 0.01890
-0.01478 -0.00084 -0.04704 0.01619 -0.00090 -0.02103
0.01521 -0.02723 0.05316 -0.01083 -0.00510 0.09007
-0.02661 0.01867 -0.07670 0.02029 -0.00119 -0.06098
0.01969 -0.03711 0.07497 -0.00186 0.01566 0.12400
0.00018 -0.00407 0.00124 0.00533 0.00655 0.00702
0.00314 -0.00622 0.01641 0.00874 0.03140 0.02164
-0.00156 -0.00261 -0.00136 0.00587 0.00898 -0.00007
0.00063 0.00028 0.00259 -0.00462 -0.02135 -0.00660
-0.00076 0.00117 -0.01043 0.01321 0.03481 -0.00831
-0.00024 -0.00013 -0.00537 0.00389 0.01002 -0.00414
0.00030 -0.00015 -0.00095 0.00114 0.00122 -0.00586
-0.02033 0.02272 -0.05763 -0.00279 -0.04679 -0.08240
-0.00028 -0.00063 -0.00064 -0.00681 -0.01343 -0.00100
0.00063 -0.00033 0.00305 -0.00147 -0.00613 -0.00142
0.02045 -0.02295 0.05948 0.00028 0.02974 0.06287
0.00065 -0.00215 0.00038 -0.00010 0.00165 -0.00199
-0.00049 0.00110 0.00173 -0.00055 0.00118 -0.00204
]
