classifier_Man_man_bumps_into_each_other_20231 [ 0.73555 -0.78181 1.94667 -0.19366 -0.64434 1.79691
0.00028 -0.00055 0.00416 0.00039 0.00033 -0.00089
-0.00252 -0.00809 0.01644 -0.00010 0.00014 -0.00190
0.00969 -0.01659 0.03856 0.08993 0.01204 -0.03597
-0.03973 0.05869 -0.00854 -0.00495 0.00241 0.01135
0.05049 -0.08801 0.05146 -0.00001 0.00166 -0.00096
-0.10371 0.16137 -0.16772 -0.00329 0.00372 0.00917
-0.08047 0.03741 0.00063 -0.00295 0.00074 0.00721
-0.07079 0.01869 -0.04748 -0.01927 -0.00566 -0.04501
-0.06465 0.01974 0.02958 0.00408 0.00563 0.03920
-0.07087 -0.01179 0.00321 -0.00164 0.00148 -0.00401
-0.08599 -0.07434 -0.14212 -0.00239 0.02142 -0.04917
-0.08450 0.03937 -0.03911 -0.00670 0.00129 0.01893
0.03221 0.04373 0.14816 -0.00913 -0.01920 0.06488
-0.00851 0.00133 0.01768 -0.00292 -0.00324 0.01271
-0.00058 -0.00010 0.02037 -0.00461 -0.00227 0.01824
-0.00279 -0.00136 -0.00060 -0.00386 0.00162 0.00425
-0.00502 0.01173 -0.04092 0.00488 -0.00502 -0.06499
0.00035 -0.00183 0.00235 -0.00768 0.00741 0.00358
-0.00090 -0.00261 -0.00005 -0.00596 0.01250 0.00615
-0.00182 -0.00207 -0.00429 -0.00745 0.01601 -0.01094
-0.00112 -0.00044 -0.00271 -0.01394 0.05833 0.01687
0.00184 -0.00910 0.02458 -0.02465 0.08255 -0.02791
0.01417 -0.03802 0.11852 -0.01574 0.04601 0.06998
-0.00212 0.00328 -0.01102 0.00573 0.08621 -0.04984
-0.01332 0.04121 -0.12425 0.03967 0.36975 -0.16263
0.00256 -0.00120 0.00432 -0.00942 0.04958 0.03750
0.01246 -0.03699 0.11217 -0.00661 0.09841 0.11940
0.00035 -0.00332 0.00680 0.00101 0.06485 0.02838
-0.01161 0.03561 -0.10655 0.01852 0.03973 -0.07807
-0.00053 0.00006 0.00167 0.01549 0.06947 0.04638
0.00033 0.00063 -0.00291 0.00187 0.00693 0.01222
0.00024 -0.00053 0.00188 0.00446 0.01372 0.01702
0.00070 -0.00048 0.00261 0.00497 0.01081 0.02278
-0.00032 -0.00251 0.00572 0.00345 0.00669 0.01812
0.00235 0.00015 0.00415 0.02844 0.04467 0.03679
0.00026 -0.00167 0.00622 0.00252 -0.00205 0.01293
-0.00032 -0.00094 0.00294 0.00209 -0.00291 0.00812
0.00076 -0.00064 0.00301 -0.00349 -0.01657 0.00286
0.00022 -0.00115 0.00121 0.01465 -0.01387 0.02348
0.00046 -0.00056 0.00292 -0.03576 -0.03373 -0.03602
0.00007 -0.00086 0.00135 -0.01476 -0.03016 -0.00849
-0.00021 0.00022 -0.00120 -0.03282 -0.08436 -0.01675
-0.00032 -0.00076 0.00056 -0.01624 -0.03887 -0.00416
-0.00029 0.00124 -0.00166 -0.05450 -0.13607 -0.00550
-0.00537 0.01510 -0.04853 -0.00767 -0.02778 -0.04615
0.00109 -0.00618 0.01828 -0.02810 -0.05883 0.02093
-0.00781 0.02135 -0.06588 -0.03173 -0.09077 -0.05478
-0.00310 0.00895 -0.02670 -0.00117 -0.00995 -0.02520
0.00943 -0.02799 0.08373 -0.02006 -0.02115 0.08712
-0.00027 -0.00317 0.00661 -0.00399 -0.01320 0.01017
0.00000 -0.00139 0.00582 -0.00189 -0.00999 0.00611
-0.00070 -0.00142 0.00228 -0.00003 -0.00612 0.00400
0.00240 -0.00540 0.01723 -0.00149 -0.00928 0.01581
-0.01908 -0.00023 -0.07721 0.01351 0.00887 -0.05345
0.01664 0.00626 0.06179 -0.00582 -0.00257 0.03909
0.00464 0.00851 0.01953 -0.00316 -0.00698 0.01744
-0.00003 0.03559 0.02104 0.00371 0.00836 -0.00295
0.03371 0.13725 -0.03416 -0.00297 -0.00178 0.02069
-0.02397 0.39321 -0.08452 0.00410 -0.00941 0.01916
0.02009 0.08435 0.02349 0.00452 0.00112 0.00356
-0.01095 0.09809 -0.02196 0.00884 -0.00244 -0.02637
-0.02710 0.16188 0.05461 0.00044 -0.00160 0.02890
-0.01472 0.03585 -0.01530 0.00735 0.00704 -0.03391
-0.01070 0.02578 0.01059 0.00184 0.00001 -0.00429
-0.01347 0.02249 0.00876 0.00026 -0.00279 -0.00729
-0.03475 0.04762 0.01627 0.00329 0.00124 -0.02078
-0.00476 0.00027 0.00576 0.00083 0.00103 -0.00367
-0.00151 -0.00376 0.00455 -0.00177 0.00014 -0.00092
0.00283 -0.00684 0.00085 -0.00198 -0.00134 -0.00279
0.00542 -0.00472 0.00323 -0.00207 0.00050 0.00512
0.01155 -0.01450 0.00080 -0.00333 -0.00448 0.01071
0.06903 -0.12811 -0.04487 -0.00556 -0.00050 0.00019
0.02479 -0.00651 0.06899 -0.01709 -0.00992 0.07193
0.01873 -0.06011 -0.09965 0.01330 0.00914 -0.09480
0.02850 -0.07009 -0.06921 0.00700 0.00538 -0.06030
0.06191 -0.09151 0.01932 -0.01363 -0.00258 0.01948
0.05630 -0.12243 -0.08912 0.00565 0.00643 -0.10671
0.04260 -0.04892 0.10712 -0.02318 -0.00942 0.09300
-0.00232 -0.04298 -0.06280 0.01387 0.00694 -0.08701
0.01060 -0.00804 0.04099 -0.00832 -0.00346 0.03531
0.00210 -0.00603 0.01485 -0.00156 -0.00003 0.00972
-0.00568 -0.00227 -0.00502 0.00720 0.00004 -0.00735
-0.00107 -0.00039 0.00090 0.00164 0.00009 0.00183
-0.00158 0.00108 -0.00081 0.00159 0.00043 0.00047
-0.00186 0.00178 -0.00729 0.00108 -0.00003 -0.00609
-0.00280 0.00151 -0.01532 0.00273 0.00101 -0.01423
0.00445 -0.00039 0.00838 -0.00289 -0.00049 0.00926
-0.00112 0.00220 -0.00980 0.00106 0.00082 -0.00842
0.00572 -0.00185 0.01951 -0.00418 -0.00111 0.02051
0.00031 0.00229 0.00057 -0.00043 0.00124 0.00275
-0.00829 0.00248 -0.02336 0.00550 0.00125 -0.02088
0.03296 -0.01099 0.21300 -0.03099 -0.01623 0.22359
-0.00924 -0.00770 0.06685 0.00638 0.00623 0.07030
-0.06900 0.02170 -0.12831 0.05150 0.02192 -0.12901
-0.08271 0.00627 0.32206 0.07355 -0.01299 0.33265
-0.29457 0.12025 -0.39084 0.31174 0.12157 -0.42132
-0.00388 0.06615 -0.00630 -0.03235 0.03129 0.01516
0.09679 0.07559 -0.00713 -0.06925 0.05345 -0.00039
0.06351 -0.00367 0.15423 -0.05284 0.05387 0.14583
0.06128 0.03555 0.05659 -0.06344 0.04846 0.05287
0.01738 0.06131 -0.20519 -0.04020 -0.01416 -0.21260
0.06567 0.03320 0.16290 -0.06612 0.04768 0.16607
0.01753 -0.00565 -0.10181 -0.02430 -0.00777 -0.10255
0.09612 -0.05900 0.01932 -0.09781 -0.07558 0.01947
0.01197 -0.01047 0.00611 -0.01099 -0.00987 0.00607
0.00178 -0.01901 -0.02671 -0.00085 -0.02045 -0.02540
0.01423 -0.04672 0.00498 -0.01021 -0.03163 0.00880
0.00253 -0.01102 -0.00044 -0.00175 -0.01475 0.00243
0.00526 -0.02944 -0.00877 0.00109 -0.01525 -0.00938
-0.01055 -0.00992 -0.04766 0.01247 -0.02079 -0.04719
0.00445 -0.00920 0.00652 -0.00085 -0.00222 0.00365
-0.00070 -0.00685 -0.01291 0.00556 -0.01372 -0.01172
0.00337 -0.00885 -0.00306 0.00321 -0.00862 -0.00305
0.00073 -0.01469 -0.01309 0.00685 -0.00567 -0.01584
0.00505 -0.01403 -0.00210 0.00434 -0.00529 -0.00387
0.00730 -0.02646 -0.00199 0.00534 -0.01399 -0.00483
0.00542 -0.02782 -0.01503 0.00961 -0.00990 -0.01908
0.00762 -0.03200 -0.01373 0.00959 -0.00952 -0.01974
0.03360 -0.05752 0.07569 -0.00527 -0.02370 0.06449
0.03972 -0.11373 0.03775 0.02476 -0.08417 0.02067
0.00673 -0.04776 -0.03312 0.02334 -0.02864 -0.04690
0.02136 -0.06357 0.03389 0.02216 -0.05804 0.02158
0.02211 -0.05519 0.03845 0.01781 -0.06277 0.02027
0.01507 -0.05219 0.03740 0.01800 -0.04996 -0.00009
0.00546 -0.03371 0.01830 0.01907 -0.03463 -0.01139
0.03904 -0.04932 -0.00531 0.01486 -0.03653 -0.00887
-0.01891 -0.07603 0.03631 0.06301 -0.13843 -0.00693
-0.00063 -0.00591 -0.02076 -0.00666 -0.04856 -0.06691
0.00178 -0.00896 -0.00657 0.00197 -0.02565 -0.04159
0.05618 -0.02452 -0.04091 0.00322 0.00154 -0.00255
-0.00285 -0.05059 0.02518 0.00257 0.00193 0.00376
-0.00483 -0.00850 -0.00800 -0.09019 -0.04325 0.06485
-0.01291 -0.00572 -0.00397 0.10748 0.12317 0.01590
0.00198 -0.00252 -0.01233 0.00024 0.00093 0.00012
-0.00073 -0.00612 0.00007 -0.00014 -0.00198 0.00488
-0.00019 -0.00284 -0.00047 0.00037 -0.00006 0.00259
0.00348 -0.00069 0.00006 -0.00181 -0.05265 -0.04712
0.00624 -0.00105 -0.00492 0.00108 -0.00150 -0.00170
0.00369 -0.00186 -0.00100 -0.00034 -0.00032 0.00326
0.00584 -0.00169 0.00237 -0.00175 0.00014 0.00656
0.00318 -0.00246 0.00056 -0.00060 -0.00011 0.00530
0.00196 -0.00047 0.00104 -0.00044 -0.00129 0.00032
0.00395 0.00109 -0.00172 0.00058 -0.00067 0.00049
-0.00135 -0.00146 0.00191 0.00003 -0.00060 0.00055
0.00356 -0.00155 -0.00060 -0.00096 -0.00007 0.00348
0.00394 0.00077 -0.00268 -0.00101 0.00081 0.00181
0.00089 -0.00125 0.00337 0.00015 -0.00168 -0.00053
-0.00188 -0.00154 0.00216 -0.00125 0.00222 0.00438
0.00111 0.00034 -0.00101 -0.00060 0.00016 0.00280
0.00242 -0.00123 0.00122 -0.00006 0.00022 0.00096
-0.00155 0.00048 -0.00024 -0.00007 -0.00014 -0.00093
0.00539 -0.00625 0.01524 -0.01702 0.00406 0.03002
-0.00101 0.00708 -0.01686 0.01464 -0.00256 -0.02538
-0.00247 -0.00140 0.00262 -0.00018 -0.00046 -0.00029
0.00327 0.00093 -0.00157 -0.00006 -0.00083 -0.00041
-0.00230 -0.00086 0.00147 -0.00012 0.00022 0.00057
0.00331 0.00029 -0.00097 -0.00008 -0.00039 -0.00054
-0.00079 0.00069 -0.00139 -0.00029 -0.00005 0.00086
0.00122 0.00022 -0.00023 0.00035 0.00049 0.00076
0.00057 -0.00006 0.00029 -0.00010 0.00012 0.00045
]
