classifier_Man_goes_to_fence_19221 [ 0.76541 -0.79892 1.95345 -0.11501 -0.63389 1.7321
0.00111 0.00009 -0.00056 0.00010 0.00079 -0.00148
-0.00442 -0.00094 0.00087 0.00000 0.00030 -0.00045
-0.00655 -0.00237 0.00285 0.00037 0.00016 -0.00096
-0.00495 -0.00635 0.01198 0.00245 -0.00016 0.00411
0.01114 -0.00764 0.02323 -0.00492 0.01925 0.02250
-0.00623 0.00169 -0.00768 0.00730 -0.01431 -0.01470
-0.01121 0.00383 -0.02075 0.00096 -0.00205 0.00408
-0.02022 0.02509 -0.02867 -0.00426 0.00656 0.01735
-0.13293 0.15197 -0.04008 -0.00127 -0.00152 0.00817
-0.04137 -0.01864 -0.07201 -0.00182 -0.00278 0.01752
-0.06520 0.03582 0.01792 0.00024 0.00002 -0.00182
-0.05622 0.00883 0.00075 -0.00937 0.01114 0.02260
-0.06382 -0.01932 0.03283 -0.00142 -0.00457 0.01252
-0.08045 0.01244 -0.01372 0.00199 0.00145 -0.01538
-0.00835 0.00670 -0.00584 0.00501 -0.01819 -0.01192
-0.02338 -0.00795 -0.00660 -0.00143 0.00689 -0.00039
-0.00361 -0.00269 -0.00151 -0.00153 0.00221 0.00383
-0.00148 -0.00043 -0.00156 -0.00890 -0.00938 -0.00779
-0.00102 0.00185 -0.00152 0.00142 0.00140 -0.00070
-0.00150 -0.00039 -0.00083 0.00022 0.00081 0.00019
0.00011 -0.00224 0.00478 -0.00274 0.01867 0.02808
0.00100 0.00872 0.00674 -0.00439 0.01093 0.00732
0.00439 0.02648 0.01862 -0.01580 0.03455 0.03720
0.01827 0.14275 -0.01745 -0.06202 0.14694 -0.04384
-0.04821 0.15190 -0.05449 0.05820 0.15426 -0.08498
-0.02270 0.07897 -0.01110 0.00684 0.08238 -0.01389
-0.15368 0.07883 0.02623 0.01062 0.06301 0.05786
-0.07434 0.06238 -0.11997 0.03045 0.06634 -0.10874
-0.05477 0.10559 -0.02567 0.07917 0.10410 -0.01021
0.05601 0.03016 0.05681 0.00053 0.02970 0.05059
-0.00021 0.01321 -0.01583 -0.00360 0.01910 -0.00743
0.00131 0.00838 -0.00569 -0.00003 0.00979 -0.00100
0.00687 0.01494 0.00179 -0.04915 -0.00718 0.01023
0.00267 -0.00579 0.00960 -0.00450 0.00046 0.00975
-0.00508 -0.00252 0.00062 -0.00173 -0.00298 0.00169
-0.00251 -0.00206 -0.00152 -0.00263 -0.00089 -0.00135
-0.00529 -0.00042 -0.00143 -0.00370 -0.00204 -0.00116
0.01005 -0.00369 -0.00272 -0.00399 -0.00138 -0.00398
-0.00250 -0.00323 -0.00635 -0.00821 -0.00405 -0.00549
-0.00103 -0.00373 -0.03668 -0.00501 -0.00660 -0.03694
0.09647 -0.00917 0.03236 -0.00469 -0.00556 0.01862
0.02750 0.00024 0.10487 -0.03100 -0.00284 0.09853
0.08616 -0.01829 -0.17915 -0.01346 -0.02258 -0.20655
0.02419 -0.00623 0.03307 -0.09360 -0.02207 0.07957
0.02951 -0.00648 0.00838 -0.03557 -0.01343 0.02333
0.02971 -0.00803 -0.00310 -0.04146 -0.03306 0.03285
0.03202 -0.01177 -0.01365 -0.01967 -0.02149 0.01269
0.02930 -0.01157 0.00436 -0.01225 -0.00720 0.03242
0.03001 -0.01425 0.00679 -0.01057 -0.00686 0.00709
0.04035 -0.03082 0.02495 -0.01029 -0.00875 0.00756
0.03325 -0.04179 0.04225 -0.00862 -0.01079 0.00914
0.02698 -0.04219 0.04566 -0.00915 -0.02173 -0.00546
0.00906 -0.02143 0.02516 -0.00483 -0.01146 -0.00133
0.00908 -0.03038 0.02322 -0.00366 -0.01222 -0.01079
0.00064 -0.00524 0.00592 0.00109 -0.00240 -0.00034
-0.00033 -0.00309 -0.00202 0.00373 -0.00013 -0.00235
-0.00016 -0.00350 0.00207 0.00463 0.00401 -0.00377
-0.00049 -0.00004 -0.00043 0.00274 0.00314 -0.00017
-0.00126 -0.00024 0.00045 0.00370 0.00309 -0.00019
0.00172 -0.00153 0.00976 0.00098 0.00210 0.01052
-0.00118 0.00270 -0.00400 0.00154 0.00173 -0.00012
-0.00397 0.00565 -0.01251 0.00487 0.00130 -0.00170
-0.01023 0.01876 -0.03480 0.00230 0.00178 -0.00095
-0.01571 0.04389 -0.03602 0.00453 0.00262 -0.00324
-0.01261 0.03679 0.00854 0.00280 0.00110 0.00010
-0.01745 0.04861 -0.00217 0.00453 0.00094 -0.00245
-0.02871 0.07577 -0.01226 0.00556 0.00124 -0.00939
-0.02216 0.03687 0.01727 0.00434 0.00056 0.00312
-0.03304 0.07230 0.02120 0.00280 -0.00006 0.00737
-0.05422 0.10125 0.03384 0.01018 0.00121 0.00243
-0.00938 0.01571 0.01190 0.00392 0.00194 0.00204
-0.01834 0.03867 0.01338 0.00342 0.00193 0.00411
-0.00888 0.01121 -0.00798 0.00444 0.00207 -0.01408
-0.00726 0.01898 0.02491 -0.00115 -0.00081 0.01959
-0.04407 0.06406 0.04374 0.00033 -0.00044 -0.00391
0.03555 -0.06681 -0.02835 -0.00041 0.00023 0.00256
0.00309 -0.01236 0.00041 0.00010 -0.00022 -0.00030
0.00512 -0.01667 -0.00237 0.00103 -0.00020 -0.00074
0.00375 -0.01765 -0.00212 0.00091 -0.00065 -0.00082
0.01817 -0.08485 -0.01363 0.00225 0.00225 0.00007
-0.00765 -0.02226 -0.01959 0.00501 0.00158 -0.02086
-0.00971 -0.03623 -0.05498 0.00967 0.00360 -0.05346
-0.00047 -0.07043 0.01745 -0.00268 -0.00025 0.01440
0.03781 -0.11003 0.08341 -0.01242 -0.00263 0.06139
-0.00508 -0.01834 -0.00141 0.00229 0.00106 -0.01187
-0.00257 -0.02566 0.00276 0.00234 0.00008 -0.00609
-0.01756 0.01869 -0.01040 0.00251 -0.00002 -0.00873
0.02557 -0.06698 0.04293 -0.00192 -0.00049 0.03319
0.01145 -0.00090 -0.00432 0.00229 -0.00024 0.00080
0.01695 -0.00067 -0.01060 0.00083 -0.00031 0.00173
0.01589 0.00231 -0.01243 0.00217 -0.00148 0.00111
0.01635 0.00237 -0.01465 0.00096 -0.00046 0.00090
0.01457 0.00490 -0.01880 0.00100 -0.00046 -0.00117
0.01377 0.00447 -0.01971 0.00075 -0.00211 -0.00001
0.01148 0.00360 -0.02123 0.00052 -0.00205 -0.00173
0.01094 0.00171 -0.01564 -0.00003 -0.00059 -0.00030
0.00988 -0.00240 -0.01557 0.00078 -0.00141 -0.00235
0.01775 -0.00298 -0.02251 0.00101 -0.00054 -0.00075
0.00665 -0.00178 -0.00781 -0.00015 -0.00107 -0.00112
0.00495 -0.00269 -0.00477 0.00030 -0.00076 -0.00065
0.00398 -0.00141 -0.00517 0.00068 0.00062 -0.00178
0.00122 -0.00174 -0.00430 0.00067 -0.00080 -0.00081
0.00149 -0.00189 -0.00228 0.00023 -0.00027 -0.00199
-0.00058 -0.00194 -0.00246 0.00130 0.00154 -0.00056
-0.00263 0.00042 -0.00241 0.00083 -0.00092 0.00036
-0.00393 -0.00214 -0.00337 0.00092 -0.00077 0.00032
-0.00646 -0.00040 -0.00375 0.00156 -0.00107 -0.00489
-0.01922 -0.00062 -0.01037 0.00324 0.00039 0.00179
-0.01165 -0.00236 -0.00688 0.00115 -0.00096 -0.00319
-0.01409 -0.00024 -0.00607 0.00164 0.00097 -0.00147
-0.05424 0.00431 -0.02576 0.00475 0.00068 -0.00142
0.00174 -0.00307 0.12586 -0.02243 -0.00791 0.13732
-0.02301 0.00269 -0.01426 0.00267 0.00114 -0.00709
-0.05182 0.01295 -0.03637 0.00548 0.00371 -0.02530
-0.02151 -0.00140 0.00643 -0.00093 -0.00085 0.00804
-0.02296 0.00141 0.00169 -0.00073 0.00169 0.00189
-0.02262 -0.00041 -0.00750 0.00159 -0.00122 -0.00231
-0.02173 -0.00648 -0.00168 0.00089 0.00012 -0.00492
-0.02224 -0.00382 -0.00458 0.00183 0.00035 -0.00303
-0.02149 -0.00415 -0.00212 0.00053 0.00130 -0.00152
-0.01911 -0.00580 -0.00016 0.00177 -0.00051 -0.00222
-0.01923 -0.01172 -0.09343 0.01756 0.00634 -0.10419
-0.01978 -0.00267 0.00801 -0.00019 0.00085 0.00514
-0.05298 -0.00400 0.00593 0.00244 -0.00043 0.00398
-0.01441 -0.00142 0.00301 0.00060 0.00047 -0.00026
-0.02669 -0.00174 -0.01597 0.00627 -0.00183 -0.02810
-0.01287 0.00123 0.00333 -0.00382 0.01527 -0.02783
-0.00999 -0.00377 0.02229 -0.00341 0.01368 -0.01546
-0.01048 -0.00308 0.00698 0.00083 -0.00062 -0.00112
-0.04690 0.03222 -0.01628 -0.00080 -0.01679 -0.02566
-0.00943 0.00357 0.01016 0.00073 -0.00180 0.00481
-0.00776 0.00303 -0.01625 0.00549 -0.00084 -0.01302
-0.00859 0.00119 0.01179 -0.00140 -0.00129 0.00816
-0.00294 0.00425 -0.03928 0.15061 -0.01878 -0.07489
-0.01184 -0.00063 0.00222 -0.00680 -0.00454 -0.00102
-0.01075 0.00088 0.00637 -0.00034 -0.00194 0.00966
-0.00320 0.00119 -0.00026 -0.00389 -0.00080 -0.00171
-0.00637 -0.00035 0.00713 -0.00155 -0.00012 0.01608
-0.00141 -0.00299 0.04429 -0.12454 0.02515 0.06220
0.00226 0.00335 -0.02705 0.00431 0.00175 -0.02492
0.00494 -0.00047 0.00820 -0.00540 0.00093 0.01029
0.00507 0.00162 -0.00286 -0.00649 -0.00003 0.01219
0.04407 -0.00831 -0.00770 -0.00462 0.00591 0.01108
-0.06348 -0.01412 0.06620 -0.02763 -0.04737 0.20592
0.30964 -0.07819 0.11051 -0.01636 -0.01070 0.02251
0.13924 -0.08735 0.03390 -0.01034 -0.03750 -0.04136
0.08951 -0.02438 -0.10965 0.03333 -0.07091 -0.07079
0.10038 -0.09031 0.03991 0.01905 -0.04508 -0.00757
0.04920 -0.05468 0.05567 0.01716 -0.04649 0.01816
0.07055 -0.05519 0.08907 0.01659 -0.05383 0.06849
0.06403 -0.05289 0.09803 0.01695 -0.05123 0.06999
-0.03222 0.01154 -0.09527 0.03865 -0.01520 -0.16209
0.04794 -0.05432 0.07033 0.04994 -0.11165 0.06784
0.08919 -0.04010 -0.02331 0.00827 -0.00475 0.00019
-0.00468 -0.02577 0.01358 0.00998 0.01510 -0.01463
-0.00862 0.00727 -0.04657 0.02471 -0.07095 -0.11856
0.00593 -0.07038 -0.00216 -0.00070 0.00463 -0.01298
0.00966 -0.01960 0.02229 -0.00405 -0.00337 0.02022
0.02576 -0.01908 0.03867 0.00297 0.03546 0.08828
-0.04184 0.03528 -0.02679 0.00586 0.01820 -0.02369
0.01947 -0.02780 -0.02779 0.00129 -0.00043 -0.01002
0.00711 -0.00984 0.01828 0.00036 -0.02084 0.01023
0.00201 -0.00316 0.00286 0.00041 -0.00357 0.00738
0.00396 -0.00300 0.00238 -0.00038 -0.00159 0.00410
-0.00644 0.01151 -0.03414 0.00557 -0.00820 -0.05067
-0.00080 -0.00190 -0.00440 0.00136 -0.00133 -0.00618
0.00961 -0.00942 0.01964 -0.00177 0.00323 0.03301
0.00399 -0.00672 0.00789 -0.00168 -0.00101 0.01051
-0.00720 0.00735 -0.01955 0.00452 0.00725 -0.01621
0.00541 0.00056 0.00117 0.00016 0.00141 0.00312
-0.00090 0.00261 -0.00676 0.00061 0.00442 -0.00249
0.00134 -0.00056 0.00093 0.00003 0.00215 0.00360
-0.00125 0.00119 -0.00245 -0.00153 0.00513 0.00297
-0.00155 0.00119 -0.00372 0.00031 0.00219 0.00103
0.01111 -0.01537 0.03201 -0.00350 -0.02521 0.01127
-0.00747 0.00821 -0.02314 0.00229 -0.00539 -0.03685
-0.00369 0.00230 -0.00626 0.00174 -0.00014 -0.00668
0.00096 0.00009 0.00291 -0.00133 -0.00131 0.00005
-0.00068 0.00047 -0.00188 -0.00041 0.00143 0.00065
0.00114 -0.00020 -0.00125 0.00023 -0.00060 -0.00127
-0.00166 0.00146 -0.00148 0.00022 0.00029 -0.00321
0.01268 -0.01233 0.02992 -0.00353 0.00514 0.04426
0.00639 0.01481 -0.01933 0.00232 -0.00139 -0.02485
-0.01468 -0.00216 -0.00927 0.00112 -0.00041 -0.00857
0.01305 0.00709 0.00363 0.00015 -0.00059 -0.00070
-0.01172 -0.00771 -0.00435 0.00144 -0.00094 -0.00526
-0.00386 -0.00025 0.00044 -0.00089 0.00021 -0.00007
0.00197 -0.00112 -0.00665 0.00032 0.00134 -0.00384
0.01312 0.00991 0.00400 -0.00004 -0.00030 -0.00047
]
