classifier_Man_jumps_on_fence_22421 [ 0.61257 -0.69455 1.80909 -0.45808 -0.67528 1.95402
0.00138 0.00003 -0.00111 -0.00052 -0.00206 -0.00209
-0.00060 0.00117 -0.00181 -0.00124 0.00090 -0.00056
0.00058 0.00064 -0.00060 -0.00488 -0.00307 -0.00386
-0.02908 0.03654 -0.08031 0.00779 -0.01966 -0.11064
-0.00151 0.00580 -0.00165 -0.00444 -0.00079 -0.01680
-0.00420 0.00309 -0.01400 -0.00677 0.00631 -0.02200
0.01807 -0.01299 0.04054 -0.02647 0.01637 0.04454
-0.00389 0.01472 -0.01118 -0.01915 0.02542 -0.03132
-0.00045 0.00925 -0.00453 -0.01856 0.01250 -0.05383
-0.03688 0.10289 0.02131 -0.03426 0.03017 0.03098
-0.07073 0.11117 -0.22720 0.03835 0.14129 -0.20945
-0.05189 0.06039 -0.01917 0.01071 0.06438 -0.01951
-0.04380 0.04052 0.00031 0.01890 0.05825 0.01264
-0.11804 0.11127 -0.03022 0.08113 0.13083 -0.04712
-0.03365 0.03884 0.01845 0.03993 0.04744 0.00856
-0.09441 0.07572 -0.04884 0.10210 0.08857 -0.05707
-0.03291 0.02136 0.00858 0.03019 0.02885 0.00716
-0.02761 0.01812 0.07959 0.02716 0.01865 0.07208
-0.10191 0.02702 -0.16538 0.23021 -0.00178 -0.18175
-0.08984 0.02840 0.07927 -0.10014 0.02859 0.07282
0.01759 0.00737 -0.08589 0.00824 0.00744 -0.08606
-0.01817 0.01195 0.05435 0.13663 0.00202 0.06216
-0.01542 0.00761 -0.00059 -0.00699 0.00730 -0.01096
0.21175 -0.00371 -0.04861 -0.24986 0.02676 -0.01762
0.04210 -0.00056 -0.00455 -0.04243 0.00219 0.00121
0.05787 -0.00082 -0.01105 -0.04870 -0.00182 -0.00437
0.04243 -0.00426 -0.04861 -0.03209 -0.00487 -0.04316
0.04945 -0.00555 0.00715 -0.03634 -0.00718 0.01230
0.02625 -0.00931 -0.00497 -0.02437 -0.00284 0.00317
0.01097 -0.02025 -0.00862 -0.01461 -0.00546 -0.00368
0.01558 -0.00739 0.05591 -0.03080 0.00876 0.08511
-0.01138 -0.01532 -0.03763 0.01388 0.01386 -0.00162
0.01235 -0.01631 0.07205 -0.01186 0.00570 0.05803
-0.02535 -0.01681 -0.06115 0.03458 0.00703 -0.08376
-0.00448 -0.02678 0.02249 0.01171 0.01120 -0.00330
-0.00125 -0.02905 0.03258 0.00929 0.01142 -0.00037
0.00902 -0.04216 0.08771 -0.00359 -0.00227 0.05516
-0.03122 -0.15194 0.09208 0.01503 -0.13004 -0.04755
-0.01057 -0.03880 0.02075 0.00305 -0.01904 -0.01247
-0.02244 -0.00233 -0.07944 0.02616 -0.00353 -0.09123
-0.00461 -0.01220 0.01233 0.00218 -0.00219 -0.00768
-0.00308 -0.00966 0.01088 0.00663 0.01586 -0.00560
-0.00210 -0.00225 0.00049 0.00118 0.00494 -0.00532
-0.00421 0.00549 -0.01661 0.00324 0.00674 -0.02087
-0.00136 0.00041 -0.00376 0.00140 0.00357 -0.00362
0.00459 -0.01134 0.04427 -0.00805 0.00055 0.03813
-0.04548 -0.06782 -0.00604 0.01014 0.00175 -0.04088
0.00670 0.01607 0.01117 -0.00156 -0.00079 0.00882
-0.00534 -0.01856 -0.03040 0.00346 -0.00254 -0.00828
-0.00173 0.00283 -0.01745 0.00421 0.00491 0.00347
0.01774 0.09231 0.05103 -0.01705 -0.00202 0.08221
-0.02312 0.03901 -0.07488 0.01420 -0.00558 -0.05836
-0.01402 0.04082 -0.01088 0.00351 0.00133 -0.00461
-0.05284 0.16863 0.08026 -0.00668 0.00267 0.07549
-0.03185 0.20720 -0.01833 0.01586 0.02253 -0.02883
-0.00212 0.05786 0.02459 0.00172 0.00771 0.00286
-0.01117 0.06141 0.01020 0.00468 0.01060 -0.00282
0.00152 0.03194 0.01635 0.00200 0.00707 -0.00386
0.00195 0.02275 0.00692 0.00190 0.00754 -0.00290
-0.00152 0.02216 0.04097 -0.00565 0.00518 0.03024
-0.00715 0.00499 0.01226 -0.00091 0.00372 0.00591
-0.02212 0.00371 0.01819 -0.00079 0.00252 0.00749
-0.01178 -0.02434 0.02357 -0.00334 -0.00121 0.01556
-0.00409 -0.06019 0.03597 -0.00318 -0.00088 0.01601
-0.00658 -0.07274 -0.02904 0.00834 -0.00125 -0.03646
-0.00986 -0.07302 0.04532 -0.00404 -0.00408 0.01838
-0.01465 -0.05296 -0.03986 0.00840 -0.00098 -0.04007
0.00147 -0.05583 -0.01853 0.00250 -0.00634 -0.02589
0.00408 -0.04307 0.05335 -0.01085 -0.00324 0.04371
0.02741 -0.04285 -0.04057 0.00291 -0.00217 -0.02062
0.01397 -0.00673 -0.03280 0.00000 -0.00339 -0.00931
0.02532 0.00175 -0.02765 -0.00042 -0.00173 -0.00043
0.05742 0.02971 0.03395 -0.01345 -0.00131 0.06694
0.02315 0.02507 -0.02569 0.00224 0.00156 0.00034
0.01986 0.02844 -0.03561 0.00586 -0.00078 -0.01357
0.01925 0.02821 0.02295 -0.00446 0.00009 0.03326
0.01783 0.03209 -0.01660 0.00409 0.00258 0.00200
0.00836 0.03485 -0.04268 0.00877 0.00303 -0.02722
0.01566 0.05520 0.00177 -0.00435 0.00107 0.03589
-0.00183 -0.01470 -0.04772 0.00100 -0.00134 0.00150
-0.01000 -0.03517 -0.09904 0.01497 0.00166 -0.06980
0.01827 -0.03382 0.02539 -0.00884 -0.00122 0.04120
-0.01071 -0.06063 -0.07268 0.01155 -0.00588 -0.04663
-0.00501 -0.00197 -0.00118 0.00298 -0.00440 -0.00217
-0.01014 0.00404 0.03159 -0.00402 0.00232 0.03620
-0.01061 0.00522 -0.02434 0.00708 -0.00239 -0.02628
-0.00319 0.00310 0.01191 -0.00112 -0.00030 0.01176
-0.00371 0.00396 -0.00201 0.00253 0.00288 -0.00284
-0.00303 0.00252 0.01734 -0.00167 0.00220 0.02196
-0.00653 0.00777 -0.04394 0.00943 -0.00160 -0.04164
-0.00157 0.00174 0.03475 -0.00337 0.00151 0.03628
-0.00331 -0.00624 0.00366 0.00001 -0.00175 0.00720
-0.00615 -0.02348 -0.04759 0.01099 -0.00402 -0.04086
0.00030 -0.01115 -0.01002 0.00198 -0.00503 0.00092
-0.00534 -0.00656 -0.03652 0.00783 -0.00008 -0.02899
-0.00052 0.00307 0.00018 -0.00111 -0.00209 0.00862
-0.00691 0.01037 -0.00412 0.00075 0.00113 0.00617
-0.00943 0.02644 -0.00534 0.00133 0.00213 0.00886
-0.00828 0.03882 0.03014 -0.00377 -0.00012 0.03941
-0.01849 0.04604 -0.01909 0.00439 0.00067 -0.00642
-0.01811 0.05526 0.02973 -0.00266 -0.00308 0.03450
-0.04475 0.10952 -0.01474 0.01123 0.00111 -0.00758
-0.05386 0.08290 0.01240 -0.00443 -0.01601 0.03087
-0.03559 0.03046 0.01691 -0.00053 -0.00506 0.00250
-0.03401 0.01957 0.02300 0.00613 0.00182 -0.00029
-0.05691 -0.00907 -0.04881 0.03120 0.02688 -0.09532
-0.03003 -0.00153 0.02153 0.00209 0.00177 0.00835
-0.04751 -0.01961 0.00477 0.00394 -0.00392 -0.00512
-0.04992 -0.03268 0.01107 -0.00097 -0.00148 0.01465
-0.05643 -0.11956 -0.00369 0.00339 -0.00354 -0.00275
0.03717 -0.03771 0.03361 -0.01813 0.01829 0.01540
-0.03098 -0.06298 -0.03728 -0.01115 -0.01271 -0.03419
0.00965 -0.01557 0.02321 -0.01272 -0.00252 0.01753
-0.02170 -0.00251 0.16013 -0.01861 -0.01645 0.13659
-0.00415 0.00066 0.00831 0.00474 -0.01010 0.00935
-0.00021 -0.00281 -0.09879 0.02791 0.01787 -0.08727
-0.02563 0.00932 0.08186 -0.01518 -0.02688 0.08417
-0.00207 0.00595 0.00079 -0.00161 -0.00121 0.00636
0.04136 0.04467 -0.00293 0.00751 -0.01182 -0.01942
0.01622 0.01669 0.02638 -0.00232 0.00059 0.03490
0.00274 0.00663 0.02574 0.00181 -0.02893 0.04100
0.00765 0.00626 -0.00233 0.00103 0.00013 -0.01248
0.02313 0.00827 -0.02299 0.00258 -0.00566 -0.04080
0.05831 0.00333 -0.11454 0.01823 0.00244 -0.13990
0.05851 0.01641 0.05374 -0.00736 -0.00739 0.02564
0.03357 0.00146 -0.00077 0.00355 -0.00624 -0.01633
0.06766 -0.00408 0.03708 -0.00849 -0.01432 0.02534
0.06023 -0.01606 -0.01642 -0.00758 -0.01288 -0.01219
0.06814 -0.03015 -0.02081 -0.01206 -0.01824 -0.01071
0.07367 -0.03864 0.02205 -0.02824 -0.02638 0.03558
0.06759 -0.05218 -0.02393 -0.02651 -0.02995 -0.00656
0.09246 -0.06761 0.10500 -0.05586 -0.05501 0.11670
0.09351 -0.13790 -0.13580 -0.03231 -0.06952 -0.11964
0.14075 -0.15427 0.14895 -0.08438 -0.12957 0.14283
0.03877 -0.06196 0.03293 -0.02466 -0.04547 0.02143
0.00107 -0.09778 0.15352 -0.03508 -0.08281 0.07785
0.00949 -0.04071 0.03696 0.00281 -0.00646 0.07730
-0.01704 -0.00604 -0.07703 0.01902 -0.00251 -0.03655
0.04329 -0.05526 -0.00002 -0.01078 -0.05730 0.10073
-0.04859 0.00130 0.07784 0.00669 -0.01767 0.01141
0.02472 -0.04380 -0.00734 -0.00516 -0.03200 0.04713
-0.00442 -0.02977 -0.00798 0.00510 -0.00761 0.03441
-0.00258 -0.00432 0.01117 0.00877 -0.01684 0.04320
0.00028 -0.00544 -0.00160 0.00531 0.00105 0.01382
-0.01399 0.01203 -0.04068 0.01182 -0.00746 -0.04085
0.01032 -0.01598 0.04391 -0.00102 0.00651 0.06125
-0.00519 0.00412 -0.01432 0.00423 -0.00435 -0.01550
-0.02319 0.02648 -0.10230 0.02767 0.04371 -0.09884
0.00016 -0.00118 0.00082 0.00121 0.00038 -0.00043
-0.00022 -0.00014 -0.00080 0.00058 0.00172 -0.00127
0.00051 0.00008 -0.00154 -0.00019 0.00118 -0.00492
0.00083 -0.00084 0.00257 -0.00040 -0.00046 -0.00207
0.00459 -0.00337 0.01107 -0.00412 -0.00244 0.00658
0.00682 -0.00870 0.02429 -0.00610 -0.00195 0.02412
-0.01161 0.01297 -0.03664 0.00625 0.00243 -0.04583
]
