classifier_Man_weaves_and_bumps_into_monkey_22431 [ 0.58433 -0.65458 1.74236 -0.4821 -0.73634 1.78134
0.00037 0.00033 0.00004 0.00023 0.00064 0.00044
-0.00058 -0.00142 -0.00028 -0.00080 -0.00165 0.00198
0.00101 0.00111 0.00116 0.00356 0.03037 0.01134
0.00011 0.00348 0.00203 -0.00196 0.00642 -0.00176
0.00114 -0.00111 -0.00181 -0.00199 0.00387 -0.00572
0.03621 -0.03628 0.10963 -0.03381 -0.01828 0.11350
-0.01436 0.03948 -0.05050 0.00213 0.06888 -0.08727
-0.03989 0.10842 -0.02704 -0.01113 0.11060 -0.04146
-0.03055 0.05418 -0.03739 0.00775 0.05513 -0.05019
-0.00362 0.02428 -0.05148 0.01054 0.05154 -0.03218
-0.02184 0.02635 -0.00123 0.00452 0.05293 -0.00181
-0.03345 0.01531 -0.03933 0.01939 0.04475 -0.03192
-0.01091 0.04722 0.05507 -0.01515 0.05266 0.04852
-0.03128 0.04237 -0.01762 0.06322 -0.01217 -0.01665
0.01044 0.00606 0.06251 -0.01035 -0.03618 0.07143
-0.00760 -0.01016 -0.01652 -0.00321 -0.01736 -0.01129
-0.02400 0.02656 0.04648 0.01407 0.02735 0.03469
-0.03616 0.05236 0.15102 0.00154 0.08229 0.12180
-0.02379 0.00579 0.00415 -0.00562 -0.02468 -0.00650
0.00603 -0.02854 -0.03835 -0.00618 -0.04831 -0.03861
0.01612 -0.02089 -0.02506 -0.00890 -0.04170 -0.01422
0.00297 0.01021 -0.00358 -0.00269 0.01697 0.00661
-0.01631 0.02427 -0.00124 0.01908 0.02086 0.01687
-0.02558 0.02579 -0.00249 0.02901 0.04327 0.00002
-0.00322 -0.00693 -0.01282 0.00590 -0.01042 -0.02281
-0.04153 -0.03642 -0.08144 0.01715 -0.01131 -0.08541
0.04791 -0.03418 0.03518 0.00328 -0.04097 -0.02418
-0.02487 -0.02129 -0.09370 0.01875 0.03094 -0.10578
-0.00172 -0.02201 -0.01661 0.00502 0.02723 -0.03851
0.00074 -0.00818 -0.00812 0.01195 0.04589 -0.01936
-0.03939 -0.01719 -0.07358 0.01812 0.10591 -0.08418
-0.02260 -0.01664 0.04283 -0.00427 0.14928 0.01329
-0.01669 0.00609 -0.02695 -0.01389 -0.00845 -0.09534
-0.00874 -0.01643 -0.01023 -0.01600 -0.01580 -0.04502
-0.00277 -0.01095 0.01530 -0.02489 -0.02744 -0.03612
-0.00067 -0.01245 0.02573 -0.00663 0.00036 0.02147
-0.00089 0.00019 -0.00730 0.00480 0.00389 -0.00512
0.00292 -0.00423 0.00421 0.00194 0.00370 0.00456
0.00579 -0.00814 0.00557 -0.00221 0.00433 0.00365
0.07341 0.01826 0.12835 -0.01803 -0.00041 0.06277
-0.07063 -0.02173 -0.13087 0.01601 0.00242 -0.05880
0.07628 0.02522 0.13850 -0.01785 -0.00075 0.06227
0.00303 0.00535 0.00222 0.00047 -0.00008 0.00139
-0.00024 0.02128 -0.00442 -0.00151 -0.00109 0.00687
-0.07827 -0.00550 -0.13244 0.00050 -0.00031 -0.00115
-0.02408 0.04888 -0.13119 0.02438 0.00269 -0.08348
-0.02662 0.22470 0.07457 -0.02312 0.00513 0.11750
-0.02379 0.12303 -0.00186 0.00797 0.00634 -0.00264
-0.02909 0.12677 -0.00367 0.01386 0.00939 -0.02257
-0.00762 0.11468 0.04773 0.00365 0.01141 0.01323
-0.00103 0.04145 0.01681 0.00204 0.00582 0.00367
-0.01156 0.04141 0.02011 -0.00077 0.00479 0.01110
-0.02177 0.02929 0.01015 0.00300 0.00490 0.00446
-0.00969 -0.00782 0.00099 -0.00061 0.00055 0.00660
-0.01876 -0.14164 -0.01426 -0.00002 -0.00345 0.01064
-0.00618 -0.26538 0.05645 0.00197 -0.00322 -0.02781
0.02074 -0.10723 0.01213 -0.00201 -0.00390 -0.01663
0.01865 0.00295 -0.03167 0.00325 -0.00167 -0.01551
0.02719 -0.00108 -0.00607 -0.00492 -0.00085 0.01629
0.05103 0.04801 -0.08468 0.01418 -0.00355 -0.04876
0.02811 0.03546 0.04399 -0.00798 -0.00053 0.04097
0.05318 0.07191 -0.00327 0.00020 -0.00022 0.02535
0.01867 0.03590 -0.04152 0.00727 -0.00149 -0.01732
0.01553 0.03221 -0.03238 0.00353 -0.00130 -0.00383
0.02767 0.03451 -0.08592 0.00787 0.00237 -0.01111
0.02542 -0.02151 -0.12335 0.00806 0.00276 -0.01527
0.04167 -0.03424 0.00070 -0.01556 0.00383 0.07865
-0.00840 -0.01212 -0.03102 0.00661 0.00067 -0.02338
-0.02202 -0.00439 -0.05734 0.01480 0.00094 -0.05941
-0.00467 -0.00451 0.01167 -0.00495 0.00259 0.00963
-0.00036 -0.00295 0.00035 -0.00181 -0.00059 -0.00022
-0.00060 -0.00315 -0.00371 -0.00131 0.00053 -0.00818
-0.00014 -0.00213 -0.00322 -0.00036 -0.00077 -0.00660
0.00057 -0.00087 0.00189 -0.00241 -0.00061 -0.00149
0.00135 0.00069 0.00113 -0.00133 -0.00006 -0.00275
0.00069 -0.00044 0.00065 0.00026 0.00020 -0.00292
0.00058 -0.00003 0.00124 0.00000 -0.00065 -0.00178
-0.00026 0.00002 0.00209 -0.00002 -0.00067 -0.00086
0.00103 -0.00171 0.00340 -0.00046 0.00015 -0.00045
0.00264 -0.00143 0.00619 -0.00107 -0.00165 0.00490
0.00114 -0.00554 -0.00034 -0.00009 -0.00051 -0.00437
-0.00020 -0.00498 -0.00058 0.00026 -0.00071 -0.00178
0.00420 -0.00368 0.01322 -0.00416 -0.00063 0.01367
-0.00057 -0.00442 -0.00063 0.00015 0.00000 -0.00120
-0.00360 -0.00730 -0.00936 0.00149 -0.00200 -0.01012
-0.01870 -0.01565 -0.01581 0.00209 -0.00071 -0.00881
-0.00941 -0.00082 -0.01583 0.00223 -0.00020 -0.00786
-0.00839 -0.00041 -0.02021 0.00217 0.00046 -0.00416
-0.01313 0.00555 -0.04321 0.00720 -0.00125 -0.01946
-0.00732 0.00770 -0.02115 0.00033 0.00102 0.00733
-0.16715 0.02504 0.04715 0.01368 -0.00136 -0.00961
-0.02485 -0.00203 0.00854 0.00229 -0.00139 -0.00246
-0.02852 0.01371 -0.04159 0.00614 -0.00471 -0.00065
-0.00882 0.01166 -0.03301 0.00271 -0.00111 0.00715
-0.00918 0.00839 -0.04919 0.00848 0.00028 -0.01651
-0.01225 0.00640 -0.02106 0.00365 0.00089 0.00249
-0.06447 -0.00179 0.01641 0.00607 0.00176 0.00006
-0.02078 -0.00724 0.04010 -0.00609 -0.00036 0.00567
-0.06016 -0.02314 0.11114 -0.01543 -0.00434 0.02112
-0.08168 -0.00375 0.04441 0.02665 0.03296 -0.02806
-0.10326 0.08206 0.09916 0.05904 0.04998 0.08591
0.05931 0.05803 -0.04573 -0.11252 -0.05080 -0.00852
0.04526 0.04127 0.01406 -0.03171 0.05465 0.01624
0.05148 0.02913 -0.02409 -0.00248 0.02109 -0.00772
0.10329 0.05770 -0.02025 -0.00792 0.03490 0.01484
0.05229 -0.00234 -0.01408 0.00205 0.00590 -0.00174
0.04983 -0.01892 0.01580 -0.00493 0.00231 0.02385
0.04547 -0.02565 -0.02677 0.00745 -0.00666 -0.01938
0.08968 -0.07900 -0.01507 -0.00192 -0.01425 0.00063
0.04099 -0.03998 0.01969 -0.00719 -0.00706 0.02567
0.03086 -0.04147 0.00998 -0.00264 -0.01246 0.01049
0.02182 -0.03356 0.00627 -0.00010 -0.01023 0.00087
0.01505 -0.02521 0.00423 0.00134 -0.00909 -0.00129
0.01035 -0.01359 0.00711 0.00183 -0.00793 -0.00295
0.00754 -0.00724 0.00540 0.00225 -0.00682 -0.00438
-0.00124 -0.00470 -0.02051 0.01100 -0.00664 -0.03067
0.00720 -0.00055 0.01409 0.00049 -0.00414 0.00500
0.00647 -0.00452 0.01626 0.00043 -0.00133 0.00586
0.00425 -0.00959 0.01108 0.00246 -0.00551 -0.00118
0.01109 -0.04593 0.04603 0.00016 -0.02212 0.01184
-0.00164 -0.02925 -0.00307 0.00675 -0.01686 -0.02097
0.00779 -0.04675 0.03808 -0.00333 -0.02186 0.01632
0.01198 -0.04835 0.03715 -0.00455 -0.02814 0.01591
0.01249 -0.05469 0.03234 -0.00494 -0.03640 0.01140
0.02516 -0.09530 0.00624 -0.00032 -0.08937 -0.03341
0.04720 -0.06478 0.10604 -0.02581 -0.06326 0.06767
0.03451 -0.04265 0.01953 -0.00698 -0.05906 -0.01802
0.03499 -0.03963 0.03891 -0.02117 -0.07406 0.01714
0.03358 -0.05720 0.11475 -0.03748 -0.13155 0.04432
-0.00609 -0.01252 0.01142 -0.00795 -0.04893 0.00216
0.04836 -0.05993 0.01323 -0.02258 -0.09474 0.09631
0.00543 -0.01909 0.00865 0.00165 -0.00600 0.08083
0.00015 -0.01050 0.00776 -0.00161 -0.02394 0.03970
-0.00106 -0.00382 0.00533 -0.00091 -0.02110 0.03026
-0.00038 -0.00633 0.00103 -0.00022 -0.01762 0.03237
0.00173 -0.00057 -0.00045 0.00070 -0.01273 0.02339
-0.01870 0.01799 -0.05526 0.01530 -0.00476 -0.04868
0.01861 -0.02113 0.05353 -0.01064 -0.01616 0.08052
-0.00050 0.00023 -0.00059 0.00178 -0.00468 0.01534
-0.01862 0.00944 -0.07657 0.01923 0.02238 -0.05111
-0.00164 0.00336 0.02797 -0.00831 -0.05430 0.00554
0.00400 0.00072 0.00602 0.00185 0.00553 0.01458
0.00191 0.00052 -0.00269 -0.00003 -0.01363 0.00409
-0.00048 0.00001 0.00194 -0.00023 0.00012 0.00545
-0.01550 0.01380 -0.07323 0.01781 0.02800 -0.06422
0.00040 0.00006 -0.00237 0.00094 0.00049 -0.00198
0.01553 -0.01758 0.07113 -0.01695 -0.02698 0.06716
0.01001 -0.01276 -0.00264 0.01753 0.07888 0.03608
-0.00107 -0.00052 -0.00125 -0.00050 -0.00031 -0.00240
-0.00257 0.00495 -0.00939 -0.00015 -0.00797 -0.01952
]
