classifier_Monkey_weaves_and_bumps_into_car_24126 [ 0.54157 -0.74589 1.92752 -0.18062 -0.63809 1.79831
-0.00028 0.00024 -0.00107 0.00046 -0.00001 -0.00121
0.01322 -0.00188 0.00165 -0.00148 -0.00111 -0.00350
0.00396 0.00168 0.00941 -0.00151 0.00120 -0.00204
0.00204 0.00402 0.00909 -0.00036 -0.00013 0.00157
-0.00016 0.00358 0.00324 -0.00069 0.00244 0.00122
0.00060 0.00766 0.00212 -0.00114 0.00383 -0.00136
-0.07267 0.07504 -0.13562 0.01065 0.00376 -0.08789
-0.02547 0.05279 0.03293 -0.02337 0.04882 0.04323
-0.01904 0.04800 0.02131 -0.01728 0.03235 0.01168
-0.03067 0.04671 -0.00133 -0.04067 0.16752 -0.04512
-0.03539 0.20411 -0.12211 -0.00838 0.08656 -0.02223
-0.01642 0.06342 0.03226 -0.01555 0.01953 0.04456
-0.04681 0.07923 -0.13328 0.01765 0.04867 -0.12228
0.00314 0.04490 0.11396 -0.02230 0.00533 0.12080
-0.01913 0.04772 -0.00456 -0.00334 0.01699 0.00094
-0.01580 0.08141 0.12159 -0.02805 0.00884 0.13746
-0.02625 0.02732 -0.07172 0.00840 0.00586 -0.07469
-0.01996 0.02664 -0.02413 0.00295 -0.00162 -0.03327
-0.01380 0.01956 0.00652 -0.00223 -0.01551 -0.01094
-0.01367 0.01783 0.01796 -0.00631 -0.02973 0.00551
-0.01909 0.00219 -0.08277 0.01436 -0.00547 -0.08865
-0.00403 -0.00185 0.02682 -0.00165 -0.00283 0.01420
0.00271 -0.01051 0.06843 -0.00396 0.01998 0.05685
0.00425 -0.03604 0.03082 -0.00521 0.03526 0.02726
-0.00596 -0.09826 -0.15228 0.03696 0.13566 -0.12394
0.02338 -0.09040 0.12433 -0.00662 0.06263 0.11915
-0.00067 -0.04309 -0.02668 0.01117 0.04888 0.00522
-0.01147 -0.00347 -0.03145 0.01312 0.03028 -0.02354
0.00100 0.02103 0.04378 -0.00034 0.01297 0.03731
0.00858 0.10390 0.06604 -0.00834 -0.03297 0.03665
-0.00517 0.07423 -0.02477 -0.01151 -0.05808 -0.02135
0.00294 0.06667 0.06129 -0.02345 -0.06620 0.05203
-0.01605 0.05178 -0.06488 0.00363 -0.06809 -0.07299
-0.01279 0.03294 -0.04437 0.00706 -0.05419 -0.04842
-0.01117 0.01114 -0.04511 0.01070 -0.02762 -0.04915
0.00433 -0.00266 0.13108 -0.01090 -0.00293 0.12221
-0.01251 -0.03323 -0.13701 0.01697 0.04990 -0.12969
0.01454 -0.01127 0.12343 -0.02978 0.04317 0.12407
-0.00552 -0.03443 -0.15187 0.00841 0.05907 -0.13923
0.01355 -0.02169 0.00033 -0.02383 0.04532 0.00181
0.00967 -0.01517 -0.01096 -0.01682 0.04450 -0.01115
0.00889 -0.01416 -0.00556 -0.02036 0.02747 -0.00718
0.00804 -0.01350 -0.00510 -0.01657 0.01475 -0.01230
0.00777 -0.01459 0.00672 -0.02045 -0.01037 -0.00300
0.00823 -0.02733 0.01046 -0.02875 -0.09942 -0.00763
0.01205 -0.01135 0.08678 -0.02664 -0.05883 0.07288
0.00105 -0.00814 0.00223 0.00271 -0.03398 -0.00214
-0.00006 -0.00513 0.00347 0.00464 -0.01377 0.00342
-0.00346 -0.00145 -0.01604 0.00080 0.00407 -0.00956
-0.00348 0.00189 -0.00249 0.00019 0.00814 0.00072
-0.00229 0.00539 0.00514 -0.00055 0.01815 0.00057
-0.00827 0.00201 -0.05871 0.01497 0.01112 -0.05712
-0.00230 -0.00038 -0.00326 -0.00076 0.00426 -0.00357
-0.00393 -0.00176 -0.00125 0.00138 0.00095 -0.00113
-0.00488 -0.00315 0.00026 -0.00276 -0.00128 0.00387
-0.00508 -0.00417 -0.00443 0.00140 -0.00258 -0.00376
-0.00663 -0.00385 -0.00749 0.00023 -0.00032 -0.00032
-0.00339 -0.00657 -0.00581 -0.00384 -0.00277 0.00139
-0.00510 -0.00518 -0.00616 -0.00058 -0.00128 -0.00221
-0.00211 -0.00672 -0.00273 -0.00123 -0.00070 0.00165
0.00663 -0.01214 0.05758 -0.01451 -0.01112 0.05740
-0.00525 -0.01351 -0.06505 0.01476 0.00458 -0.06127
0.01209 -0.03313 0.08218 -0.02332 -0.00939 0.08328
0.01600 -0.04416 0.00000 -0.00201 -0.00697 0.00613
0.01648 -0.05618 -0.04152 0.01160 -0.00182 -0.04230
0.03818 -0.06153 0.02917 0.00115 -0.00487 -0.00844
0.03319 -0.04787 0.03099 0.00317 -0.00751 -0.00952
0.02779 -0.04427 0.05725 -0.00293 -0.00867 0.00733
-0.00775 -0.01846 0.01939 0.01181 -0.00381 -0.03154
-0.00169 -0.01316 0.17362 -0.02303 -0.01806 0.10371
-0.10628 0.01567 0.08529 0.00229 -0.00449 0.00481
0.03842 0.16197 -0.02743 0.00185 -0.00143 0.00038
-0.17025 0.02654 -0.05989 0.00697 0.00418 -0.01172
-0.00566 0.01196 -0.13230 0.03009 0.01606 -0.11057
0.25674 0.06956 0.17936 -0.04804 -0.01461 0.18625
0.01048 -0.04548 -0.13574 0.02638 0.01397 -0.10784
0.03208 -0.05936 0.00884 -0.00081 -0.00106 0.00461
0.00237 -0.07822 0.03537 -0.00009 -0.00297 0.00318
-0.02670 -0.01592 0.03826 0.00043 -0.00608 0.00118
-0.07098 0.01255 0.07583 -0.00526 -0.00579 0.02106
-0.10205 0.05888 -0.05853 0.00292 0.00098 -0.01476
-0.02079 0.00685 -0.00354 -0.00482 0.00042 0.01820
0.07808 0.08049 -0.00647 -0.00867 0.00128 0.02380
0.05158 0.06266 -0.12139 0.00174 0.01094 -0.02395
0.00508 0.05770 -0.10419 0.01197 0.01132 -0.05277
0.04458 0.06110 0.12326 -0.02536 -0.00587 0.09188
-0.00547 0.04145 -0.05859 0.03112 0.01259 -0.08067
-0.01407 0.02113 -0.06865 0.01752 0.00496 -0.06769
-0.00096 0.00355 0.00016 -0.00322 -0.00420 0.00816
-0.01368 0.00029 -0.02491 0.00653 0.00476 -0.01981
-0.01687 -0.02490 0.09006 -0.02454 -0.00210 0.10182
-0.06063 -0.09257 -0.22553 0.05962 0.00455 -0.16969
-0.00391 -0.02703 0.04497 -0.01257 -0.00540 0.06058
0.00028 -0.01723 0.02764 -0.01215 0.00976 0.03588
0.00195 -0.00374 -0.00362 0.00195 0.00649 -0.00257
0.00320 0.00389 -0.01650 0.00301 0.00586 -0.01441
0.00956 0.00458 0.03444 -0.00879 -0.00231 0.03297
-0.00314 0.00600 -0.05125 0.00882 0.00758 -0.04912
0.00797 0.00197 0.03851 -0.00656 -0.00068 0.03558
0.00491 0.00058 0.01022 -0.00152 -0.00005 0.00944
-0.00022 -0.00121 -0.01426 0.00277 0.00308 -0.01628
-0.00910 0.00220 -0.07229 0.01732 0.00007 -0.06941
0.00016 -0.00121 0.00422 -0.00061 -0.00234 0.00283
-0.00032 -0.00073 0.00070 -0.00262 0.00230 -0.00237
-0.00128 -0.00013 -0.00332 0.00357 -0.00230 -0.00606
0.00872 -0.00172 0.06413 -0.01918 -0.00835 0.05963
0.00085 -0.00140 0.00051 -0.00152 0.00331 -0.00555
0.00001 0.00099 -0.00582 0.00121 0.00088 -0.00791
0.00073 -0.00031 -0.00070 0.00048 0.00022 -0.00101
-0.00015 0.00106 -0.00049 -0.00220 -0.00162 0.00118
0.00000 -0.00008 -0.00156 0.00112 0.00259 -0.00546
-0.00064 0.00088 -0.00032 0.00138 0.00137 -0.00082
-0.00139 0.00178 -0.00013 -0.00134 -0.00238 -0.00020
-0.00156 -0.00002 0.00250 0.00082 0.00127 -0.00196
-0.00464 0.00167 -0.00620 -0.00006 -0.00007 -0.00569
-0.00424 -0.00095 0.00914 -0.00002 0.00040 0.00525
-0.01066 -0.00084 0.00468 -0.00265 -0.00384 0.00483
-0.01221 0.00001 0.02613 -0.00195 -0.00212 0.02661
-0.01620 -0.00264 0.01422 -0.00610 -0.00417 0.01807
-0.01310 -0.00166 0.07231 -0.01474 -0.00516 0.07097
-0.01690 -0.00416 -0.00729 0.00155 -0.00134 0.00222
-0.01492 0.00116 -0.00745 -0.00030 -0.00356 0.01331
-0.01228 0.00280 -0.02790 0.00011 -0.00350 0.00739
-0.01770 0.00928 -0.05785 0.00650 0.00083 -0.00558
-0.07223 -0.01746 -0.10747 0.01203 0.00247 0.00535
-0.08161 -0.04138 0.12035 -0.01295 0.00133 0.01109
-0.02359 -0.01977 0.02931 -0.00197 -0.00063 -0.01413
-0.04960 -0.04353 0.10378 -0.01769 -0.00704 0.03091
-0.01129 -0.00101 -0.00074 -0.00043 0.00095 0.00070
-0.00772 0.00046 -0.00946 -0.00165 -0.00108 0.00428
-0.00324 0.00733 -0.04281 0.00740 0.00430 -0.01791
0.00553 0.01559 -0.11888 0.02589 0.00956 -0.08637
0.00286 0.00334 -0.03010 -0.00703 0.00192 0.00592
-0.00399 0.01386 -0.06524 0.00434 0.00514 -0.02745
-0.00792 -0.00299 -0.01235 -0.00314 -0.00111 0.00495
-0.02260 -0.02351 0.09545 -0.02492 -0.00302 0.08879
-0.05748 0.00008 0.02847 -0.00573 0.00239 0.02209
-0.08829 0.02461 -0.06382 0.09901 -0.00519 -0.09045
0.00765 0.00673 -0.07378 0.07068 -0.00303 -0.07520
0.23558 0.06647 0.12446 -0.19019 0.04164 0.17047
0.04274 0.05218 -0.07337 0.00042 0.01488 -0.06582
0.02040 0.00074 -0.04722 0.01273 0.00390 -0.05394
0.01125 0.00026 -0.00201 0.01424 -0.00409 -0.00875
0.00638 -0.00063 0.00608 0.00152 0.01022 -0.00235
0.00785 -0.00362 0.09202 -0.01292 -0.00560 0.08568
-0.00046 -0.00130 0.00843 0.00564 0.00278 -0.00017
0.00206 -0.00262 0.00096 0.00532 0.00305 -0.00057
-0.00065 0.00081 0.00306 0.00381 0.00046 -0.00143
-0.00026 0.00019 0.00455 0.00319 -0.00113 0.00295
0.00020 -0.00008 0.00143 0.00249 0.00438 -0.00224
0.00136 -0.00186 0.00472 0.00111 -0.00029 0.00323
0.00060 -0.00301 0.00248 0.00169 0.00230 -0.00116
0.00087 0.00123 0.00005 0.00253 -0.00300 -0.00143
0.00257 -0.00441 0.00296 0.00295 0.00109 -0.00116
0.00029 -0.00222 0.00118 0.00199 -0.00181 -0.00143
0.00216 -0.00446 0.00481 0.00039 -0.00251 0.00220
0.00758 -0.01485 0.00096 0.00717 -0.00483 -0.00135
0.01744 -0.04764 0.00404 0.01543 -0.01991 -0.00346
0.00550 -0.03201 0.01117 0.00886 -0.01766 0.01527
0.00507 -0.04603 0.02367 0.01539 -0.03722 0.02560
0.00324 -0.05391 -0.05094 0.03020 -0.03656 -0.03721
0.01165 -0.08126 0.04934 0.02049 -0.06100 0.06324
-0.00053 -0.05301 -0.14257 0.05821 -0.04442 -0.13523
0.01733 -0.09859 0.08827 0.01711 -0.08625 0.09560
0.02178 -0.14143 0.06517 0.02625 -0.07477 0.03201
0.01012 -0.00946 -0.00003 0.02508 -0.11252 0.07742
0.01783 -0.07720 0.06833 0.01403 -0.07384 0.05262
0.01113 0.00653 0.00461 0.01282 -0.02276 -0.00150
0.01046 0.00582 0.00431 0.01037 0.00453 0.00498
0.07241 0.00778 -0.12341 0.01041 0.03739 -0.11665
0.12109 0.04999 0.09904 -0.00604 -0.01283 0.03948
0.03773 -0.02713 0.12599 -0.00598 -0.01977 0.05723
0.06376 0.01532 -0.14798 0.00644 0.02849 -0.08036
0.00403 -0.03566 0.15441 -0.00644 -0.02837 0.08183
0.02380 -0.01467 0.01550 0.00010 -0.00273 0.00713
0.03831 -0.04075 -0.02240 0.00186 0.00523 -0.01383
0.00787 -0.00408 -0.00636 0.00101 0.00202 -0.00627
0.01415 -0.00287 -0.02241 0.00138 0.00153 -0.00422
0.00440 -0.00566 -0.00753 0.00018 0.00195 -0.00430
0.00416 -0.00268 -0.00642 0.00134 0.00177 -0.00478
0.00600 -0.00738 0.00331 -0.00018 -0.00092 0.00015
0.00453 -0.00531 0.00837 0.00045 -0.00325 0.00792
0.00114 0.00016 -0.00138 -0.00027 0.00026 -0.00118
0.00117 0.00046 -0.00157 -0.00005 0.00038 0.00069
0.00255 -0.00191 -0.00352 -0.00108 -0.00020 0.00087
0.00273 -0.00146 -0.00037 0.00009 -0.00070 0.00136
0.00128 -0.00142 -0.00058 0.00039 0.00020 0.00136
0.00187 0.00011 -0.00023 -0.00047 -0.00117 0.00214
-0.00047 -0.00141 0.00189 0.00049 -0.00047 -0.00008
0.00025 -0.00068 0.00049 -0.00004 0.00045 -0.00003
-0.01914 0.02487 -0.06522 0.00248 0.02109 -0.06158
0.00159 -0.00024 0.00049 0.00061 -0.00145 0.00042
-0.00128 -0.00015 0.00038 -0.00036 0.00000 0.00080
0.00125 0.00123 0.00098 -0.00029 -0.00074 0.00099
-0.00026 -0.00113 0.00181 0.00063 -0.00009 -0.00008
0.00088 -0.00092 -0.00022 -0.00048 0.00043 0.00144
]
