classifier_Monkey_weaves_and_bumps_into_house_23452 [ 0.61265 -0.68754 1.85196 -0.48366 -0.74719 1.95776
0.00250 -0.00095 0.00962 0.00044 0.00321 0.00460
-0.00507 0.00257 -0.01152 0.00061 -0.00421 -0.01207
0.00228 -0.00349 0.01128 -0.00128 0.00185 0.01041
0.00043 -0.00012 -0.00049 0.00022 0.01058 -0.00126
-0.01158 0.01489 -0.04058 0.00150 -0.02339 -0.06492
-0.00131 0.00139 -0.00131 0.00050 0.01032 -0.00756
-0.00597 0.00539 -0.00892 -0.00079 0.03323 -0.01761
-0.00297 0.00656 -0.00042 -0.00196 0.00494 -0.02786
-0.02141 0.02783 -0.08264 0.00071 0.02595 -0.11206
-0.01222 0.01949 -0.01340 -0.00323 0.04213 -0.02346
-0.01771 0.05332 0.02079 -0.02075 0.01463 0.00799
-0.01957 0.02860 -0.01685 -0.00283 0.03951 -0.04245
0.01155 0.01223 0.04207 -0.03110 0.00284 0.01576
-0.01636 0.05642 -0.06060 0.01193 0.06563 -0.03200
-0.06768 0.11895 -0.10603 0.04350 0.13020 -0.11815
-0.04704 0.07511 -0.09021 0.04398 0.08913 -0.09564
-0.02641 0.06185 0.01916 0.02073 0.07015 0.00982
-0.04509 0.07192 -0.03975 0.04146 0.07432 -0.04764
-0.09326 0.14089 0.01701 0.05646 0.11968 0.09308
-0.05795 0.06811 0.00085 0.04639 0.06596 0.00066
-0.06642 0.05765 -0.05198 0.05864 0.05914 -0.05904
-0.04734 0.03275 -0.05704 0.05148 0.04914 -0.06906
-0.14348 0.09212 0.05817 0.05898 0.12210 0.06603
-0.00520 0.03873 0.01662 -0.01443 0.04418 0.01123
-0.00519 0.04384 -0.00776 -0.02781 0.02746 0.00558
0.12988 0.00011 0.03932 -0.05515 0.02071 0.03788
0.04972 0.01405 0.01960 -0.04964 0.01949 0.01290
0.09446 -0.00940 -0.01946 -0.09678 -0.01472 -0.01462
0.07031 -0.07417 -0.02652 -0.07651 -0.10361 -0.02037
0.02154 -0.06957 0.00140 -0.02182 -0.07500 -0.01766
0.01869 -0.17519 0.09155 -0.03107 -0.19197 0.06664
0.00520 -0.13960 -0.06562 -0.00206 -0.15089 -0.04466
0.02134 -0.07369 0.00901 0.01267 -0.04844 0.00373
0.00732 -0.00954 0.01177 -0.00138 0.00461 0.02126
0.00180 -0.00021 -0.01691 0.01134 0.01798 -0.02243
0.01491 -0.00166 0.02954 -0.00623 0.01401 0.02682
0.02940 -0.00800 0.10605 -0.03092 0.00912 0.11144
0.00701 0.00792 -0.00082 0.00225 0.02470 0.00565
-0.01484 0.02364 -0.07565 0.02403 0.03268 -0.06648
-0.00959 0.01198 -0.04439 0.01502 0.03150 -0.03746
-0.00585 0.01144 -0.00728 0.00128 0.02682 -0.00238
-0.00512 0.00538 -0.00692 -0.00240 0.02603 0.00053
-0.00458 -0.00131 0.00460 -0.00009 0.02859 0.01338
-0.01085 -0.00547 -0.01801 0.01971 0.03286 -0.05310
-0.01194 -0.00592 -0.00835 0.02046 0.02003 -0.05712
-0.01001 -0.01112 -0.00661 0.01067 0.00519 -0.03126
-0.00695 -0.02386 -0.00724 0.01312 0.00118 -0.01572
0.00250 -0.03200 0.06956 -0.00479 -0.00528 0.04388
-0.00675 -0.04018 0.02961 -0.00341 -0.01119 0.00438
-0.01506 -0.04205 0.01551 -0.00443 -0.01286 -0.01064
-0.01674 -0.04066 0.02666 0.00263 -0.02274 -0.00593
-0.01233 -0.03827 0.02264 -0.00791 -0.02088 -0.00432
-0.01257 -0.02538 0.01432 0.00286 -0.01123 -0.01052
0.00011 -0.03818 0.05628 -0.00537 -0.01082 0.02155
-0.00872 -0.03321 0.03753 0.00407 -0.00292 -0.00335
-0.00576 -0.00810 0.00630 0.00426 -0.00143 -0.00542
-0.00738 0.00712 -0.03956 0.02286 -0.00477 -0.03514
0.00067 0.00138 -0.00049 -0.00044 0.00068 0.00003
0.00135 0.00401 -0.00644 -0.00089 0.00059 -0.00471
0.00186 0.00539 -0.00793 -0.00287 0.00012 -0.00209
-0.00996 0.03012 -0.09755 0.01880 0.00243 -0.07372
0.01186 -0.00490 0.05445 -0.01689 0.00044 0.04732
0.00740 0.00555 0.01955 -0.00603 0.00109 0.01624
0.01231 0.02481 0.00894 -0.00651 0.00124 0.01083
0.00669 0.02844 -0.03441 0.00773 0.00285 -0.03070
0.01303 0.01689 0.01315 -0.00427 0.00110 0.00584
0.02796 0.00857 0.07151 -0.02310 -0.00007 0.04851
0.01180 0.04050 -0.05555 0.01681 0.00047 -0.05147
0.00283 0.02785 -0.05725 0.01337 0.00220 -0.05105
0.02317 0.01400 0.01362 -0.00258 0.00084 0.00382
0.02992 0.00050 0.02570 -0.00460 -0.00134 0.01331
0.03955 -0.01732 0.06031 -0.01304 0.00064 0.04014
0.03676 -0.02139 0.03973 -0.00514 -0.00135 0.01297
-0.00439 -0.00802 -0.03321 0.01613 -0.00001 -0.05003
0.01515 0.02617 0.11700 -0.01407 -0.00199 0.04387
-0.01403 0.04002 0.04845 -0.00136 -0.00139 0.00126
-0.06340 0.00515 0.01947 0.00488 0.00094 -0.01870
0.02837 0.03257 0.01674 -0.00505 -0.00003 0.01918
0.00122 -0.01355 -0.03554 0.00386 0.00121 -0.01465
0.03854 -0.00795 -0.01500 -0.00280 0.00153 0.00855
0.00152 0.01752 0.01006 0.00066 0.00131 -0.00385
-0.02495 0.01408 0.03044 -0.00016 -0.00018 -0.00025
-0.00131 0.01990 0.00417 0.00288 -0.00126 -0.01327
-0.00756 -0.00353 0.00418 0.00023 -0.00019 0.00207
-0.00994 -0.01142 -0.01738 -0.00041 -0.00065 -0.00011
-0.02116 -0.01907 -0.11877 -0.00511 0.00089 0.01399
-0.00990 0.02327 -0.06789 0.00277 0.00054 -0.00703
-0.01595 0.13623 -0.13733 0.01840 0.00104 -0.05222
-0.00768 0.02936 0.00252 0.00033 0.00141 0.00244
-0.01236 0.02618 -0.00697 0.00034 0.00005 -0.00052
-0.01128 0.01067 -0.00212 -0.00256 0.00023 0.01036
-0.00791 -0.00034 -0.02320 -0.00045 0.00098 0.00459
-0.00513 -0.01369 -0.03679 0.00003 0.00061 0.00704
-0.00942 -0.02456 -0.06727 0.00318 0.00230 -0.00685
-0.00552 0.00416 -0.01233 0.00149 0.00386 0.00074
-0.01000 0.00385 -0.00665 0.00163 0.00162 -0.00139
-0.00347 0.00007 -0.00260 -0.00027 0.00220 -0.00210
-0.00287 -0.00094 -0.00409 -0.00170 0.00019 0.00030
-0.00189 -0.00590 -0.00569 0.00042 -0.00209 -0.00379
-0.00284 -0.00223 -0.01476 -0.00034 0.00046 -0.00450
-0.00076 -0.00364 -0.01977 0.00123 -0.00010 -0.00201
0.00162 0.00003 -0.03202 0.00211 -0.00098 -0.00064
0.01727 -0.00132 0.03168 -0.01743 -0.00070 0.06358
0.00397 0.00592 -0.03958 0.00333 -0.00040 -0.00268
-0.00866 0.02241 -0.05294 0.00880 0.00055 -0.00745
-0.01883 0.00681 0.00595 0.00290 -0.00007 -0.00024
-0.09680 0.00228 0.02983 0.02220 0.00132 -0.04357
-0.03477 -0.00987 0.01153 0.00683 -0.00333 -0.01685
-0.02875 -0.00931 0.03277 -0.00108 -0.00350 0.00627
-0.01998 -0.00427 0.02241 -0.00039 -0.00259 0.01000
-0.01098 0.00025 -0.00228 -0.00052 -0.00332 0.00244
-0.00394 0.00820 -0.01561 0.00105 -0.00094 0.00605
0.00051 0.01652 -0.03294 0.00164 -0.00219 -0.00303
0.00049 0.01449 -0.04614 0.00465 0.00106 -0.01265
-0.00359 0.01370 -0.02760 0.00502 0.00266 -0.00123
-0.01100 0.01116 -0.04897 0.00947 0.00445 -0.02601
-0.01794 0.01067 -0.00450 0.00150 0.00216 0.00741
-0.02609 0.00794 0.00135 0.00071 0.00268 0.00566
-0.03183 0.00071 -0.05130 0.01953 -0.00026 -0.06485
-0.03220 -0.00325 0.00175 0.00558 0.00262 -0.01284
-0.03545 -0.00892 0.02067 0.00275 0.00122 -0.00043
-0.19486 -0.03458 0.12710 0.04481 0.03548 0.13360
0.01712 -0.00472 -0.04221 -0.02433 -0.01751 -0.05939
-0.01952 -0.00811 0.02215 -0.00023 -0.03078 -0.00263
-0.03187 0.00816 0.09753 0.00314 0.11595 0.15976
0.04528 0.03989 -0.04407 -0.02087 -0.12932 -0.14891
0.06572 0.09936 -0.04455 -0.00931 0.02135 -0.02213
0.05096 0.03923 -0.00465 -0.00561 0.00941 -0.00196
0.05210 0.03705 -0.00123 -0.00610 0.01163 0.00335
0.06012 0.02513 -0.00878 -0.00835 0.01506 -0.00485
0.05722 0.03411 0.04436 -0.02153 0.00770 0.04464
0.05551 0.00376 -0.01947 -0.00080 0.00412 -0.02362
0.05676 -0.00656 0.00240 -0.00748 0.00292 -0.00198
0.05225 -0.02843 0.00929 -0.00988 -0.00271 0.01024
0.04932 -0.02542 0.00100 -0.00450 -0.00511 0.00256
0.04205 -0.04676 0.00585 -0.00538 -0.00646 0.00487
0.03471 -0.03978 0.00010 -0.00432 -0.00744 0.00635
0.03935 -0.04102 0.06225 -0.02663 -0.00909 0.05755
0.01545 -0.04226 0.00030 -0.00007 -0.00776 0.00338
0.01159 -0.03027 0.00201 0.00145 -0.00697 -0.00001
0.00638 -0.01603 0.00154 0.00156 -0.00519 -0.00339
0.00358 -0.01587 0.00017 0.00683 -0.00245 -0.01264
0.00177 -0.00517 0.00471 0.00291 -0.00281 -0.00532
0.00733 -0.00944 0.02898 -0.00602 -0.00484 0.01746
0.00084 -0.01280 0.00348 0.00156 -0.00624 -0.00675
0.00612 -0.01878 0.01580 -0.00475 -0.01093 0.00521
-0.00543 -0.02505 -0.02063 0.00433 -0.01468 -0.03061
0.01106 -0.03522 0.03045 -0.01292 -0.02430 0.01848
0.02833 -0.12652 0.04393 -0.03261 -0.10323 0.03299
0.01118 -0.04507 0.00158 -0.01117 -0.04146 0.00672
0.01192 -0.03799 0.00043 -0.00993 -0.04575 0.00243
0.02033 -0.04070 0.01580 -0.01338 -0.04266 0.01675
0.04693 -0.05159 0.09216 -0.03657 -0.06604 0.08713
0.04833 -0.07408 0.11423 -0.02939 -0.10368 0.08344
0.01621 -0.03611 0.10126 -0.01175 -0.04478 0.05277
0.01570 -0.03259 -0.04674 0.01537 -0.05329 0.03742
0.00039 -0.01377 0.00624 0.00770 -0.02221 0.02605
0.02652 -0.04543 0.02947 -0.00082 -0.03411 0.05968
0.00036 -0.01882 0.02021 0.00475 -0.02277 0.04257
-0.00310 -0.01005 0.00845 0.00824 -0.01652 0.03466
-0.00445 -0.00918 0.00190 0.00906 -0.01336 0.02648
-0.00821 -0.00708 0.00397 0.01754 -0.01286 0.04549
-0.00092 -0.00233 -0.00439 0.00751 -0.00738 0.01029
0.00466 -0.00702 0.00482 0.00417 -0.00496 0.01823
-0.00048 -0.00554 0.00129 0.00250 0.00073 0.01670
0.00151 -0.00266 0.00537 0.00523 0.00226 0.02243
-0.01673 0.02066 -0.06606 0.01946 0.02611 -0.06660
0.00101 -0.00061 -0.00657 0.00233 0.00234 -0.00034
0.00114 -0.00189 -0.00036 0.00048 0.00277 0.00363
-0.00050 0.00050 -0.00144 0.00092 0.00003 0.00047
-0.00105 0.00028 -0.00191 0.00032 0.00148 -0.00193
0.00048 -0.00120 -0.00227 -0.00069 -0.00145 -0.00071
-0.00017 -0.00038 -0.00050 -0.00010 -0.00021 -0.00113
0.00106 -0.00009 0.00135 -0.00186 -0.00128 0.00069
]
