classifier_Monkey_man_bumps_into_each_other_19318 [ 0.67185 -0.73056 1.94957 -0.09907 -0.60369 1.88147
-0.00577 0.00325 0.00131 0.00056 -0.00026 0.00080
0.00083 0.00180 -0.00304 0.00013 0.00059 -0.00099
0.00025 0.00367 -0.00413 0.00050 -0.00030 0.00093
0.00339 0.00778 0.00171 -0.00392 -0.00202 0.00396
-0.00192 -0.00250 0.03415 -0.00981 -0.00866 0.04984
-0.08785 0.03799 0.08868 -0.00696 -0.01576 0.04733
-0.03919 0.01969 -0.04732 -0.00644 0.00992 -0.03255
-0.05466 0.02207 -0.00360 -0.00976 0.00501 -0.00492
-0.04292 0.01622 -0.02561 -0.00167 -0.00814 0.00553
-0.04416 0.00212 -0.01406 -0.01010 -0.03985 -0.08099
-0.08689 -0.05519 -0.12060 -0.00676 0.01772 -0.04988
-0.01734 0.07098 0.09753 -0.00988 -0.01176 0.02725
-0.04042 -0.02312 -0.05864 -0.00396 0.00260 -0.00389
-0.00377 0.01694 0.04963 -0.01136 0.00297 0.03051
-0.00115 0.00393 -0.01921 -0.00064 -0.01144 -0.03612
-0.00667 -0.01904 -0.02580 -0.00912 -0.00833 -0.00159
0.01160 -0.03258 0.09998 0.02225 0.36836 0.00912
0.00371 0.02366 -0.00045 0.01681 0.10949 -0.04135
0.00402 -0.00406 0.01774 0.01159 0.11601 -0.00433
0.00284 -0.04479 0.06802 0.00697 0.10918 0.08365
-0.00998 0.02410 -0.07562 0.04082 0.18413 -0.03154
-0.00030 -0.00122 0.00018 0.01300 0.06105 0.02327
0.00270 -0.00887 0.02238 0.01476 0.05384 0.04331
-0.00339 0.00697 -0.02116 0.03283 0.07137 0.02627
0.00032 -0.00207 0.00649 -0.00043 0.00441 0.01893
-0.00749 0.02043 -0.06145 0.01481 -0.00095 -0.03735
0.00623 -0.02275 0.05967 -0.00727 -0.01467 0.06903
0.00064 -0.00014 0.00166 0.00449 -0.01393 0.00710
0.00137 -0.00430 0.00986 0.00138 -0.02382 0.01298
0.00496 -0.00558 0.02756 -0.00016 -0.01922 0.02458
0.00038 -0.00120 0.00296 -0.00327 -0.01748 0.00268
-0.00090 0.00252 -0.00701 -0.01033 -0.01752 -0.00664
-0.00301 0.00005 -0.01030 -0.01422 -0.00820 -0.00468
0.00627 -0.00623 0.03107 -0.03304 -0.02525 0.03255
-0.00259 0.00260 -0.01077 -0.03314 -0.02331 -0.00202
-0.00314 0.00313 -0.01965 -0.03361 -0.02041 -0.00717
-0.00912 -0.00002 -0.05473 -0.03583 -0.02833 -0.03251
-0.02054 0.00228 -0.01159 -0.12023 -0.09299 0.01012
-0.01796 0.04958 -0.14963 0.00085 -0.01949 -0.14586
0.00016 0.00577 -0.00585 -0.05847 -0.08754 0.00418
0.00090 0.00113 0.00307 -0.01065 -0.00996 -0.00155
-0.00064 -0.00038 0.00269 -0.01660 -0.03617 0.01018
-0.00063 -0.00042 -0.00036 -0.00685 -0.02072 0.00213
-0.00029 -0.00001 0.00041 -0.00550 -0.02057 0.00348
0.00545 -0.01461 0.04743 -0.01427 -0.04148 0.05485
-0.00026 0.00204 -0.00441 0.00243 -0.00486 -0.00467
-0.00024 -0.00024 -0.00203 0.00280 -0.00176 -0.00145
-0.00122 -0.00122 0.00038 0.00166 -0.00441 0.00320
-0.00040 0.00112 -0.00255 0.00244 -0.00029 -0.00379
-0.00324 0.01205 -0.03136 0.00976 0.01377 -0.03642
-0.00110 -0.00037 -0.00261 0.00066 0.00020 -0.00225
0.00161 0.00004 0.00600 0.00031 0.00534 0.00067
-0.01048 -0.01107 -0.06504 0.00793 0.00392 -0.02603
0.05799 0.04306 0.14904 -0.00812 0.00159 0.04611
-0.01225 -0.01725 -0.08715 0.00810 0.00692 -0.03678
0.13111 0.12838 0.10459 -0.01890 -0.00122 0.09845
0.04245 0.02275 0.01105 -0.00739 -0.00699 0.03102
0.03398 0.02676 -0.03077 0.00212 0.00147 -0.01022
0.02715 0.01847 -0.02844 0.00525 0.00444 -0.01966
0.02713 0.00961 -0.01212 0.00313 0.00324 -0.00919
0.05641 -0.03111 0.12516 -0.02557 -0.00757 0.12583
0.01334 -0.01659 0.00378 0.00288 0.00087 -0.01133
-0.01082 -0.07396 0.09253 0.00552 -0.00177 -0.01904
-0.04364 0.03586 -0.07201 0.02244 0.01071 -0.10236
-0.01908 0.01451 0.02521 -0.00055 -0.00009 0.00902
-0.03371 0.02738 -0.01933 0.00604 0.00783 -0.01696
-0.04045 0.07610 -0.02807 -0.00214 -0.00061 0.01326
0.04207 0.07691 -0.04472 -0.00236 -0.00460 0.00668
-0.00898 0.01845 -0.09330 0.01453 0.00372 -0.07600
0.02157 -0.01208 -0.00070 -0.00157 0.00052 0.00590
0.02788 -0.03229 0.01702 0.00084 0.00749 0.00577
0.02369 -0.03736 0.02906 -0.00445 -0.00709 0.01044
-0.00701 -0.04414 -0.01141 0.00505 0.00175 -0.02794
-0.05712 -0.04924 0.17407 -0.01576 -0.00329 0.08028
0.00681 0.00872 0.12000 -0.02836 -0.00891 0.14607
-0.04379 0.09629 -0.18770 0.02837 0.00761 -0.13945
-0.01310 0.06926 -0.03558 -0.00164 0.00134 0.01221
-0.01536 0.08786 -0.08053 0.00895 0.00488 -0.04009
-0.00493 0.08542 -0.03271 0.00151 0.00109 0.00341
0.00119 0.07820 -0.02972 0.00429 0.00252 -0.01782
-0.01084 0.07845 -0.02716 0.00887 0.00551 -0.03957
0.01423 0.03791 0.03251 -0.00222 0.00176 0.01652
-0.00401 0.06471 -0.00436 0.00429 0.00466 -0.01849
0.00339 -0.00058 0.01340 -0.00043 0.00246 0.00551
0.02065 -0.07062 0.10451 -0.01430 -0.00695 0.08474
-0.00753 -0.12551 0.00381 0.00676 -0.00247 -0.01288
-0.00237 -0.01256 0.00102 0.00137 -0.00002 -0.00440
0.00064 -0.00985 0.00195 0.00033 -0.00113 -0.00201
0.00104 -0.00413 0.00267 -0.00094 -0.00582 0.00022
0.00352 0.00054 0.00472 0.00158 0.00658 0.00150
0.00436 0.00425 0.00225 -0.00048 -0.00320 0.00108
0.00462 0.00118 0.00432 -0.00039 0.00300 0.00111
0.00258 0.00483 -0.00059 -0.00208 -0.00585 -0.00039
0.00213 -0.00015 -0.00046 0.00065 0.00629 -0.00076
-0.00056 0.00054 -0.00044 -0.00165 -0.00296 0.00183
0.00034 -0.00095 0.00197 -0.00090 -0.00180 0.00246
-0.00107 -0.00110 -0.00128 0.00021 0.00116 -0.00036
-0.00166 0.00031 -0.00320 0.00038 0.00040 0.00012
-0.00171 -0.00056 -0.00196 -0.00023 -0.00230 0.00013
-0.00398 0.00047 -0.00291 0.00244 -0.00008 -0.00098
-0.00602 -0.00058 -0.00258 0.00324 0.00050 -0.00264
-0.09927 -0.00839 -0.01163 0.07251 0.02212 -0.02559
-0.03713 -0.00318 0.09181 0.03018 0.00278 0.09313
-0.19404 0.01267 -0.07071 0.28283 0.06562 -0.10016
-0.05186 0.08225 -0.04224 0.02316 0.03656 -0.03005
0.07004 0.00560 0.01085 -0.07955 0.04276 0.02090
0.12435 0.07469 0.11324 -0.08945 0.11564 0.11728
0.02061 0.00485 -0.12160 -0.02295 -0.02334 -0.11998
0.06177 0.03072 0.05160 -0.05886 -0.01640 0.05195
0.02828 0.00192 0.02924 -0.02514 -0.00457 0.02971
0.07024 -0.01603 0.03967 -0.06359 -0.03584 0.04130
0.03082 -0.03249 -0.06372 -0.03056 -0.03877 -0.05597
0.00909 -0.01277 -0.01538 -0.00860 -0.01606 -0.01275
0.01583 -0.02444 0.01553 -0.01176 -0.01395 0.01820
0.00839 -0.02282 -0.01951 -0.00401 -0.01375 -0.01534
0.05370 -0.03750 0.16187 -0.03760 -0.01869 0.16495
0.01084 -0.02983 -0.03105 -0.00055 -0.02039 -0.02668
0.01300 -0.03743 -0.02507 0.00019 -0.02897 -0.02057
-0.01255 -0.04178 -0.11803 0.01854 -0.02453 -0.12176
-0.01287 -0.04430 -0.10728 0.02082 -0.02423 -0.11203
0.05083 -0.10677 0.04486 -0.00719 -0.08372 0.04710
0.05490 -0.06948 0.11184 -0.01804 -0.04686 0.10541
-0.00177 -0.04358 -0.05964 0.02597 -0.03675 -0.05980
-0.00033 -0.04385 -0.03397 0.02128 -0.04121 -0.04387
0.02835 -0.05906 0.05620 0.00826 -0.05737 0.04649
0.01785 -0.08129 0.06433 0.04277 -0.08520 0.00557
-0.00610 -0.02199 -0.00275 0.02514 -0.02799 -0.01582
0.00227 -0.02424 0.00872 0.02550 -0.02603 -0.00798
-0.02772 -0.01040 -0.11731 0.07412 -0.15176 -0.15614
-0.00294 -0.01861 0.05994 0.00321 -0.01217 0.05421
-0.00453 -0.01693 0.00468 0.00429 0.01074 0.02817
0.01713 -0.02453 -0.03884 0.03460 0.02236 -0.05705
-0.00347 -0.01716 -0.00311 0.00157 -0.00343 -0.00105
0.00354 -0.00814 -0.00294 0.01139 0.05009 0.08476
-0.00011 -0.00800 -0.00678 0.00092 -0.00906 -0.01260
0.00050 -0.00371 -0.00002 0.00192 -0.00439 -0.00546
-0.00489 -0.00082 0.00316 -0.00014 -0.00250 -0.00296
-0.00394 0.00018 0.00411 -0.00617 0.01461 -0.00361
0.00226 -0.00389 0.00169 0.00091 -0.00439 -0.00209
0.00061 -0.00162 0.00404 0.00260 -0.00501 -0.00374
0.00609 -0.00364 0.00099 0.00127 -0.00219 -0.00172
-0.00267 0.00130 -0.00012 0.00001 -0.00197 -0.00088
0.00316 0.00042 0.00054 0.00091 -0.00136 -0.00083
-0.00092 -0.00005 -0.00089 0.00058 -0.00164 -0.00189
0.00029 -0.00092 0.00028 0.00019 -0.00039 0.00015
-0.00138 0.00116 -0.00103 -0.00050 -0.00043 -0.00102
0.00292 -0.00087 0.00044 0.00092 -0.00100 -0.00030
0.00021 -0.00104 0.00039 0.00050 0.00014 -0.00074
0.00059 0.00135 0.00129 0.00023 -0.00111 -0.00083
0.00122 -0.00006 -0.00061 0.00056 -0.00083 -0.00008
0.00002 0.00074 -0.00226 0.00010 0.00057 -0.00113
-0.00042 -0.00025 0.00070 0.00021 -0.00095 -0.00045
0.00153 -0.00041 -0.00063 -0.00046 -0.00040 0.00117
0.00007 0.00006 -0.00097 0.00083 -0.00002 -0.00108
]
