classifier_Monkey_goes_to_man_16376 [ 0.52491 -0.67422 1.5991 -0.08659 -0.55474 1.67816
0.00086 -0.00055 -0.00509 -0.00031 0.00102 0.00140
-0.00004 -0.00072 0.00250 -0.00057 -0.00052 0.00033
-0.00052 0.00064 0.00041 -0.01046 -0.01483 -0.01207
0.00095 -0.00092 -0.00115 0.00061 0.00089 -0.00247
0.00007 -0.00009 -0.00267 0.00687 0.00913 0.00902
0.00134 0.00105 0.00183 -0.00005 0.00073 0.00237
-0.00285 0.00320 0.00352 -0.00469 -0.00347 -0.00501
-0.00656 0.01178 -0.02112 0.00534 0.01349 -0.01941
-0.00275 -0.00046 0.01831 0.00535 0.01569 0.02238
-0.00962 0.00272 0.01686 0.00107 0.01939 0.01325
-0.01321 0.00437 0.02289 0.01115 0.04644 0.02164
-0.05866 0.00921 0.12096 0.03916 0.24725 0.11170
-0.02630 0.00015 0.00532 -0.00260 0.08283 0.01855
-0.01641 -0.00914 0.00581 0.00557 0.08302 0.02283
-0.03981 0.00770 0.10651 0.00246 0.06534 0.02039
-0.00644 0.00633 -0.06373 0.00994 0.08837 0.00427
-0.00359 0.00856 0.06981 -0.00813 -0.00965 0.03847
-0.00371 -0.00260 0.00682 0.00093 -0.00006 0.00317
-0.00605 -0.00993 0.01689 -0.00218 -0.01357 0.00416
-0.00171 -0.00349 0.00296 0.02254 0.02165 0.01868
0.00056 -0.00736 0.00079 0.00349 -0.02010 0.00591
-0.00152 -0.00540 0.01215 -0.01090 -0.06210 -0.00612
0.00463 -0.00575 -0.00545 0.00061 -0.04629 -0.00054
0.00046 -0.00449 -0.00860 0.01328 -0.05373 -0.01100
0.01985 -0.04603 0.11915 -0.00563 -0.10803 0.12116
-0.01530 0.02756 -0.17019 -0.00895 -0.01171 -0.12193
0.00203 -0.00216 0.01373 -0.01283 -0.00886 0.00182
0.00990 -0.03742 0.12152 -0.01569 -0.01489 0.13543
-0.00084 0.00251 -0.00687 -0.02662 0.01256 -0.00900
-0.00218 0.00326 -0.01062 -0.03403 0.02446 -0.02530
-0.01841 0.04641 -0.08342 -0.05848 0.07641 -0.19853
0.00324 0.00762 -0.00754 -0.02301 0.01458 -0.02113
0.01610 -0.04291 0.11701 -0.03419 -0.00400 0.10268
-0.02744 0.03818 -0.16485 -0.00629 -0.00608 -0.12238
0.00148 -0.00620 0.01291 -0.02278 -0.06552 -0.01999
0.00765 -0.00727 0.01025 -0.00346 -0.04280 -0.01299
-0.01069 0.01485 -0.01797 0.00571 -0.06543 -0.02476
0.00101 -0.00019 0.00156 0.00282 -0.00843 0.00422
0.01288 0.00199 0.04893 0.00170 0.00295 0.00477
-0.00308 -0.00972 -0.04127 0.00047 0.00704 0.00492
-0.00360 0.00143 0.00178 -0.00046 0.00771 0.00141
-0.00027 -0.00200 0.01018 -0.00361 0.01485 0.00120
0.02922 -0.01732 -0.03150 -0.00018 0.00062 0.00095
-0.02908 0.01694 0.02594 0.00051 -0.00219 -0.00088
-0.01011 0.02883 -0.05223 0.00844 -0.00319 -0.04028
0.03330 0.01114 0.06926 -0.00562 -0.00311 0.03902
0.00797 0.02444 -0.00667 0.00196 0.00496 -0.01959
0.02379 -0.00304 0.04937 -0.00654 -0.00320 0.03750
0.01440 0.00507 0.02394 -0.00300 0.00041 0.01046
0.01430 0.04755 0.08965 -0.00792 -0.00411 0.04065
-0.00569 0.01140 0.02815 -0.00231 0.00103 0.00970
-0.00197 0.04732 0.03808 -0.00006 0.00023 -0.00424
0.02424 0.00252 0.06116 -0.00595 -0.00521 0.03006
-0.00598 0.02497 0.00507 0.00003 -0.00002 -0.00021
-0.01182 0.01863 0.00777 -0.00131 -0.00093 0.00572
0.01048 -0.01283 -0.00213 0.00081 -0.00098 -0.00249
0.01686 -0.02720 -0.00022 0.00079 0.00045 -0.00135
0.03293 -0.05149 0.00078 0.00188 0.00194 -0.00122
-0.00561 0.00986 0.01008 -0.00075 -0.00082 0.00679
-0.00759 0.02722 0.00360 0.00001 0.00140 -0.00103
0.01590 0.01320 0.02511 -0.00064 0.00157 0.00031
-0.01549 0.04561 -0.01091 -0.00105 0.00030 0.00081
-0.06403 0.02391 -0.08838 0.00173 0.00339 -0.01848
0.01132 0.02355 -0.05714 0.00099 0.00224 -0.00313
-0.01559 0.01945 -0.06202 0.00285 0.00133 -0.00852
-0.01386 0.03552 -0.04175 -0.00143 -0.00207 0.01928
-0.06623 0.14375 -0.20606 0.02575 0.02283 -0.15057
-0.03950 0.09760 0.06089 0.00251 -0.00288 0.03636
0.01119 -0.01531 0.10708 -0.01217 -0.01449 0.10284
-0.01490 0.00242 -0.00903 0.00257 0.00156 -0.00163
-0.01238 -0.00522 -0.01201 0.00145 0.00068 -0.00473
-0.00947 -0.01585 -0.00398 0.00014 0.00030 -0.00026
-0.01237 -0.08005 0.01970 -0.00271 -0.00532 0.02022
-0.01319 -0.03124 -0.01667 0.00291 0.00187 -0.01452
-0.02414 -0.03025 -0.12643 0.01974 0.01825 -0.12730
-0.00019 -0.00090 0.00203 0.00164 0.00162 -0.00030
0.00186 0.00499 0.00500 0.00117 0.00048 0.00092
0.00218 0.00791 -0.01041 0.00172 0.00312 -0.01172
0.00394 0.00641 -0.00119 0.00026 0.00008 -0.00102
0.01479 -0.01177 0.10662 -0.01327 -0.01517 0.10472
0.00307 0.00381 0.00012 0.00004 -0.00215 0.00692
-0.00372 0.00412 -0.00150 0.00172 0.00096 0.00165
-0.00568 0.00327 -0.00497 0.00150 -0.00042 -0.00004
-0.00940 0.00319 -0.00796 0.00159 0.00102 -0.00530
-0.04146 0.01094 -0.11214 0.01503 0.01623 -0.10074
-0.02084 0.00127 -0.00746 0.00103 0.00069 -0.00148
-0.02628 0.00778 -0.00651 0.00100 0.00066 -0.00037
-0.02670 0.00489 -0.01545 0.00211 0.00331 -0.01150
-0.02608 -0.00089 0.01097 -0.00073 -0.00006 0.01168
-0.02811 0.00413 -0.01102 0.00128 0.00158 -0.00735
-0.02792 0.00757 -0.00258 0.00111 0.00141 -0.00125
-0.01331 -0.01386 0.00290 -0.00137 -0.00481 -0.00982
-0.01312 -0.00340 0.00665 0.00293 -0.00161 0.00344
0.01933 -0.03705 0.00953 0.07913 0.02949 -0.00361
-0.00096 -0.00372 0.00209 0.00654 0.00531 0.00722
-0.00224 -0.00318 0.00331 -0.01146 -0.00791 0.00002
-0.09510 0.04631 0.03395 0.00207 -0.01620 0.06463
-0.06279 0.01581 0.00476 -0.01057 -0.00239 0.00998
0.00601 0.00896 -0.03825 -0.00126 0.01200 -0.03875
-0.00194 0.00020 0.00002 0.00014 -0.00143 -0.00087
-0.00173 -0.00177 0.00665 -0.00710 -0.00570 0.00473
0.00399 -0.02063 0.02992 -0.00441 -0.00430 0.03141
-0.01743 -0.00066 0.02746 -0.00755 -0.00567 0.03067
0.00600 0.01652 -0.09451 0.05843 0.18053 -0.08490
-0.00666 -0.01668 0.09417 -0.06129 -0.18211 0.08350
0.08851 -0.04709 0.02208 -0.00312 -0.00049 -0.00317
-0.09080 0.04722 -0.02332 -0.00056 0.00068 0.00107
0.05106 -0.03036 -0.00713 0.00087 0.00099 -0.01990
-0.04810 0.02938 -0.00323 0.00549 0.00060 0.01030
0.09088 -0.03075 0.01142 0.03021 -0.00756 0.00578
0.03382 -0.01066 0.01376 -0.08949 -0.02694 0.00435
0.04166 0.01924 -0.14366 0.02955 0.01732 -0.12313
0.03392 -0.02133 -0.01626 -0.00414 -0.01249 0.00556
0.04144 -0.04912 0.07885 -0.00260 -0.03183 0.10542
0.04699 -0.01602 -0.14944 0.02494 -0.00262 -0.14332
0.05209 -0.04688 0.00912 0.00861 -0.04261 0.02905
0.06629 -0.06398 0.05839 0.00658 -0.06154 0.07006
0.03057 -0.00126 -0.14230 0.03404 -0.00100 -0.15818
0.14890 -0.14141 0.19672 0.04333 -0.11043 0.18135
0.02161 -0.01127 -0.02125 0.00537 -0.01275 0.00161
0.06608 -0.03681 -0.06135 0.01093 -0.01268 -0.03093
0.00699 -0.00633 -0.00732 -0.00161 -0.00405 -0.00456
0.00929 -0.00198 -0.01191 0.00244 0.00030 -0.00890
0.00025 -0.00243 -0.00258 0.00054 -0.00263 0.00328
0.00231 -0.00119 -0.00050 0.00155 -0.00220 0.00063
0.00154 -0.00246 0.00352 0.00100 -0.00099 0.00138
0.00411 -0.00161 -0.00730 0.00035 0.00121 -0.00143
0.00017 -0.00048 -0.00390 -0.00147 0.00046 -0.00273
0.00112 0.00002 0.00007 0.00087 -0.00057 0.00182
-0.00020 -0.00156 -0.00155 -0.00157 -0.00147 -0.00013
0.00010 -0.00012 0.00450 0.00023 -0.00175 0.00288
-0.00182 0.00055 0.00157 0.00101 0.00131 -0.00062
0.00043 0.00019 0.00048 -0.00016 0.00092 0.00084
0.00198 -0.00091 0.00051 -0.00005 -0.00139 0.00045
-0.00026 -0.00082 -0.00157 -0.00100 0.00051 -0.00066
0.00334 -0.00163 -0.00233 0.00123 -0.00106 0.00177
]
