classifier_Man_jumps_on_fence_2497 [ 0.54164 -0.70689 1.81045 -0.16243 -0.60255 1.73655
0.00011 0.00084 0.00230 0.00017 -0.00057 0.00123
0.00329 -0.00066 0.00493 -0.00034 -0.00033 0.00177
0.01988 -0.02358 0.05825 -0.00878 -0.01977 0.06302
0.00669 0.00320 0.00615 -0.00169 0.00463 0.00082
-0.01618 0.04808 -0.00720 -0.00809 0.03094 -0.02596
0.01101 0.01471 0.07370 -0.03432 0.02221 0.08771
-0.07832 0.10173 -0.05609 0.00221 0.05527 -0.09333
-0.02035 0.09395 -0.11622 -0.01958 0.07749 -0.05529
-0.05649 0.03004 0.04862 -0.00407 0.05414 0.00376
-0.07597 0.13643 -0.01898 0.00078 0.05383 0.03919
-0.16192 0.14968 -0.07158 0.03416 0.13972 -0.07798
-0.19128 0.10447 -0.15725 0.28126 0.12349 -0.04767
-0.03912 0.02752 -0.10529 0.07302 0.00828 -0.08791
0.01777 0.00259 0.07494 -0.07611 0.04147 0.02760
-0.02118 0.02086 -0.06567 0.03619 0.00882 -0.06363
-0.00112 0.00792 0.02778 0.02002 0.01828 0.02073
0.26052 -0.00294 0.21374 -0.28720 -0.03244 0.17939
0.10439 -0.03143 0.05283 -0.16439 -0.02334 0.04760
0.01005 -0.01514 -0.16319 -0.00671 -0.00437 -0.16199
0.16098 -0.07264 0.21228 -0.14863 -0.01941 0.20689
0.01511 -0.01108 0.10730 -0.00886 0.08530 0.12519
-0.05237 0.01399 -0.16675 0.06034 0.07633 -0.17963
-0.01128 0.00339 0.00870 0.01370 0.07091 -0.00568
-0.02348 0.00094 0.01191 0.01397 0.01593 0.02282
-0.00744 0.00028 0.02230 -0.00319 -0.04326 0.00789
-0.00082 -0.00112 0.04185 -0.00653 -0.10028 0.01554
-0.00669 -0.00118 0.00432 0.00008 -0.11217 -0.02485
-0.01729 0.00245 -0.06013 0.00361 -0.07785 -0.09439
-0.00877 0.00530 -0.00452 -0.00346 0.00175 0.00647
-0.00219 -0.00005 0.00103 -0.00132 0.02279 0.00116
-0.00606 -0.00110 -0.02155 0.00203 0.01773 -0.02037
-0.00189 0.00168 0.00671 -0.00424 0.01157 0.00600
-0.00207 0.00333 0.00726 0.00028 0.00160 0.00083
-0.00066 -0.00121 -0.00134 0.00077 0.00048 0.00124
-0.00155 -0.00366 -0.00320 0.00080 -0.00107 -0.00079
-0.00432 -0.01484 -0.00537 -0.00461 -0.00197 0.00289
-0.01001 -0.02158 -0.00436 -0.00834 -0.00861 0.00732
-0.00453 -0.01072 -0.00237 -0.00268 -0.00204 -0.00058
-0.00759 -0.01548 -0.01274 0.00067 -0.00182 -0.00753
-0.01476 -0.00896 -0.05686 0.01088 0.00369 -0.05671
0.00245 -0.01977 0.04321 -0.01263 -0.00425 0.04220
-0.01325 -0.00522 -0.04432 0.00806 0.00110 -0.04321
-0.00357 -0.01203 0.03745 -0.00815 -0.00199 0.02705
-0.00102 0.00449 0.00085 -0.00041 0.00004 -0.00181
0.00417 0.00734 0.03350 -0.01000 -0.00317 0.02716
-0.00731 0.01840 -0.00040 -0.00235 -0.00175 -0.00367
-0.01442 0.02872 -0.00370 -0.00101 -0.00213 -0.00416
-0.01817 0.03896 -0.00331 -0.00015 -0.00310 -0.00379
-0.02836 0.04588 -0.05304 0.01206 -0.00222 -0.05548
-0.01757 0.03931 0.01371 -0.00200 -0.00366 0.00963
-0.01517 0.05726 0.09747 -0.02627 -0.01071 0.10667
-0.02364 0.04236 -0.01073 0.00471 -0.00245 0.00090
-0.09016 0.16655 -0.08278 0.02357 0.00255 -0.04784
-0.01204 0.03024 0.02734 -0.00012 -0.00048 0.01147
-0.02626 0.04296 -0.03971 0.01430 0.00837 -0.04232
-0.03029 0.07878 0.04596 0.00075 0.00348 0.01465
-0.02217 0.02799 0.06950 0.00448 0.00338 0.00241
-0.00241 0.00946 0.06092 0.00137 0.00144 -0.00005
-0.00375 0.00649 0.01589 -0.00023 0.00064 -0.00036
0.01239 -0.04084 -0.03380 -0.00245 0.00577 -0.00399
0.02846 -0.04095 0.00916 -0.00937 -0.00045 0.02540
0.02743 -0.03084 -0.00702 -0.00667 -0.00239 0.01768
0.10296 -0.14096 -0.09882 -0.00127 -0.00140 -0.00425
0.04000 -0.06862 -0.08475 0.00992 0.00482 -0.05302
0.08562 -0.05172 0.03456 -0.00442 -0.00251 0.02656
0.04060 -0.05252 0.10674 -0.02830 -0.01060 0.10467
0.02350 -0.05435 -0.01684 0.00592 -0.00359 -0.01329
0.00693 -0.02424 -0.08549 0.02622 0.00380 -0.09641
0.00692 -0.06395 0.06878 -0.01238 -0.00945 0.06338
-0.01776 0.00554 -0.07418 0.02348 0.00349 -0.07387
-0.00729 0.04522 0.00954 0.00889 -0.00443 0.01789
-0.01001 0.01448 -0.00868 0.00667 0.00162 -0.00780
-0.01439 0.02558 -0.00425 0.00794 0.00295 -0.00407
0.04496 0.04691 0.13926 -0.02349 -0.00205 0.12500
-0.00270 0.00101 0.00931 0.00017 0.00011 0.01170
-0.00236 0.00127 0.00920 0.00086 0.00087 0.01180
-0.00373 -0.00130 0.00440 0.00104 0.00368 -0.00358
-0.00533 -0.00754 0.00858 0.00801 -0.00349 0.00792
-0.00322 -0.00085 -0.00162 0.00341 0.00056 0.00616
-0.00340 -0.00082 0.00308 0.00248 0.00364 0.00646
-0.12081 -0.13107 -0.21179 0.04472 0.00928 -0.16918
0.10054 0.14434 0.20511 -0.02978 -0.02426 0.18399
-0.03276 0.01934 -0.07872 0.02410 -0.00485 -0.06325
-0.04079 0.10295 -0.05241 0.03321 -0.01335 -0.03420
-0.07532 0.05680 -0.05782 0.01626 -0.00408 -0.03206
0.07521 0.10553 0.15566 -0.00115 0.00274 0.08441
-0.21257 0.11522 0.03174 -0.01567 -0.01422 0.10065
-0.12659 -0.01645 -0.15420 0.02389 0.01216 -0.12570
-0.10192 -0.07436 0.03416 0.02651 0.03030 -0.03925
-0.07637 -0.11050 -0.07429 0.01381 -0.00063 -0.06761
-0.06417 -0.15543 0.06409 -0.01495 -0.00140 0.03424
0.01925 -0.01842 0.01087 0.00624 -0.02147 -0.00706
0.00205 -0.03743 -0.03051 -0.02603 0.02747 -0.00269
-0.05538 -0.02964 0.28174 -0.01855 -0.05489 0.22439
-0.00061 -0.00650 0.00310 -0.00089 -0.01084 -0.00716
0.04529 0.01356 -0.26883 0.04412 0.03836 -0.31751
0.01264 0.02751 -0.00104 0.00149 -0.00739 0.04939
-0.02481 0.01754 0.12309 -0.03588 -0.02111 0.14449
-0.02929 -0.01182 -0.02376 0.00896 0.00557 -0.01819
-0.00890 0.01365 0.03140 -0.00249 -0.00417 0.02220
0.00975 0.00447 -0.01453 -0.00035 0.00728 -0.01847
0.00460 -0.00063 -0.00928 0.00174 0.01386 -0.00803
0.02388 0.01338 -0.00333 -0.00151 -0.01346 -0.01410
0.00537 -0.00588 -0.00338 0.00121 0.00914 -0.01206
0.01078 0.00280 0.03147 -0.01910 0.00045 0.05665
0.01787 -0.00101 0.02018 -0.00595 -0.00859 0.01820
0.03154 -0.01002 -0.00870 0.00113 0.01212 -0.00828
0.02291 -0.00727 0.06721 -0.00567 -0.00623 0.03393
0.10805 -0.02437 0.00330 0.00192 0.00067 -0.02110
0.05046 -0.04013 -0.08578 0.01709 -0.01154 -0.09103
0.08832 -0.12276 -0.06083 0.02325 -0.06728 -0.04870
0.03861 -0.07674 -0.03962 0.01653 -0.04128 -0.02114
0.04191 -0.09231 -0.08882 0.02368 -0.04254 -0.03186
0.05643 -0.11368 0.08763 0.01132 -0.07483 0.09154
0.03279 -0.08604 0.05974 0.02919 -0.06140 0.04897
0.03186 -0.08500 -0.07060 0.05416 -0.13230 0.00683
0.00743 -0.03206 -0.01256 -0.00250 -0.01130 0.02909
0.04629 0.00599 0.15404 -0.00256 -0.02003 0.06625
0.10748 0.04144 -0.08048 0.01740 0.03727 -0.10750
0.04159 -0.00840 0.01006 -0.00083 -0.00262 0.00589
0.03249 -0.03174 0.14424 -0.00979 -0.02630 0.07923
0.04093 -0.02247 0.01554 -0.00192 -0.00735 0.01937
0.05454 -0.02805 -0.04480 0.00068 0.00682 -0.01887
0.01776 -0.00865 -0.08639 0.00031 0.01842 -0.05592
0.01569 -0.00650 -0.00114 -0.00072 0.00113 -0.00327
0.02229 -0.01360 -0.00543 0.00223 -0.00157 0.00423
-0.00847 -0.00790 0.02055 -0.00145 -0.00770 0.02117
0.00456 0.01189 -0.06610 -0.00304 0.01388 -0.03953
-0.00350 -0.02022 0.07881 0.00013 -0.02035 0.06093
0.00617 -0.00436 0.02026 -0.00028 -0.00421 0.01245
-0.01266 0.01934 -0.05199 0.00175 0.01596 -0.04868
-0.00281 -0.00257 0.00334 -0.00032 -0.00177 0.00432
0.00973 -0.02092 0.05411 -0.01028 0.00147 0.08639
0.00478 0.00013 -0.00875 0.01086 -0.01638 -0.03834
0.00039 0.00085 -0.00413 0.00050 0.00028 -0.00270
-0.00864 0.01640 -0.03819 0.00029 0.01284 -0.03843
0.00868 -0.01599 0.03440 0.00068 -0.01152 0.03487
]
