classifier_Man_goes_to_house_24481 [ 0.54773 -0.6236 1.64092 -0.4267 -0.68139 1.84596
0.00002 -0.00044 0.00063 0.00520 0.02165 0.00709
0.00004 0.00090 -0.00012 -0.00570 -0.01994 -0.00340
-0.00028 -0.00022 -0.00093 0.00088 0.00018 -0.00227
-0.00161 0.00061 0.00308 -0.00148 -0.00209 0.00594
0.00212 -0.00110 -0.00326 0.00077 0.00069 -0.00166
0.00053 0.00007 0.00011 0.00121 0.00292 -0.00415
-0.00110 0.00009 0.00149 -0.00104 0.00302 0.00764
-0.00078 -0.00007 0.00032 -0.01153 -0.02642 0.00480
-0.00013 0.00064 -0.00279 0.00640 0.00750 -0.01512
-0.00031 0.00026 0.00112 0.01761 0.06462 0.00621
0.00041 -0.00031 -0.00022 -0.01395 -0.05169 -0.01399
0.00037 -0.00094 0.00310 0.00314 0.01909 0.00409
0.00007 0.00001 0.00178 -0.01395 -0.04788 -0.01555
0.00125 -0.00138 0.00167 0.00987 0.05249 0.01131
-0.00019 0.00019 0.00217 -0.00253 -0.00629 -0.00293
0.00010 -0.00023 0.00156 -0.00657 -0.02332 -0.00723
0.00122 -0.00129 0.00084 -0.00089 0.00202 -0.00028
0.00120 -0.00020 0.00199 -0.00183 -0.00102 -0.00511
-0.00145 0.00161 -0.00006 -0.00180 0.00138 -0.01214
-0.01039 0.01599 -0.02926 0.00201 -0.01064 -0.06697
0.00642 0.00263 0.00058 -0.00601 0.01159 -0.02958
-0.00640 0.00977 -0.00177 -0.00699 0.02696 -0.04895
0.00723 0.01540 0.02936 -0.02497 0.03540 0.00327
-0.02599 0.12278 -0.07192 -0.00461 0.05073 -0.06472
-0.01412 0.07236 -0.06659 0.00310 0.08009 -0.04752
-0.05111 0.10690 0.04065 0.00484 0.13269 -0.02376
-0.04870 0.07451 -0.02262 0.02876 0.09236 -0.03727
-0.06284 0.08061 -0.07650 0.04926 0.09920 -0.07920
-0.05798 0.07263 -0.03018 0.04822 0.07556 -0.02215
-0.06042 0.06076 -0.03618 0.04929 0.05610 -0.01366
-0.04598 0.05430 0.06207 0.01951 0.04362 0.08443
-0.06226 0.04401 -0.01774 0.05764 0.05065 -0.03378
-0.05148 0.03634 0.00844 0.04689 0.04369 -0.00232
-0.09857 0.02311 -0.06034 0.03570 0.03173 -0.04617
-0.02121 0.01949 0.03818 0.05208 0.05427 0.01935
-0.01058 0.02242 0.01011 0.00900 0.02896 0.01003
-0.00046 0.02987 0.00160 -0.00629 0.03536 -0.00491
-0.02550 0.05206 0.02653 -0.05973 0.01879 0.05375
0.14467 0.01374 0.07230 -0.05566 0.02381 0.06023
0.04298 0.01679 -0.00352 -0.04224 0.01599 -0.00151
0.04200 0.00033 -0.04595 -0.03428 0.00106 -0.03996
0.09916 -0.05393 -0.03607 -0.09001 -0.05276 -0.02836
0.02001 -0.04672 -0.01696 -0.01576 -0.04883 -0.01443
0.02421 -0.05648 0.04081 -0.02410 -0.05066 0.03172
0.00657 -0.07581 -0.00165 -0.00474 -0.07209 -0.01153
0.00490 -0.15111 0.06767 -0.00059 -0.13887 0.03826
-0.00542 -0.04109 -0.04755 0.01355 -0.05314 -0.02875
0.00780 -0.03642 -0.00370 0.00565 -0.03719 -0.00606
0.00794 -0.02123 -0.00907 0.00830 -0.01208 -0.01014
-0.00283 -0.00020 -0.01747 0.01260 0.00636 -0.01902
0.00855 -0.00300 0.04242 -0.00518 0.01664 0.04289
-0.01342 0.00895 -0.06061 0.01709 0.03734 -0.05596
0.01617 -0.01052 0.08520 -0.01957 0.02461 0.07436
0.00209 -0.01101 -0.00953 0.00894 0.08196 -0.01724
-0.00460 -0.00169 -0.02423 0.00975 0.03590 -0.03077
-0.00799 -0.00329 -0.03186 0.00975 0.02943 -0.03048
0.00611 -0.00960 0.02312 -0.00090 0.03307 0.01841
-0.00597 -0.00213 -0.03749 0.01070 0.02241 -0.03021
0.00089 -0.00443 0.00267 -0.00256 0.02204 0.02222
-0.00354 -0.00776 -0.01266 0.00058 0.00923 0.00343
0.00336 -0.00947 0.02662 -0.00510 0.01267 0.02824
-0.01025 -0.00248 -0.02428 0.01801 0.00360 -0.04079
-0.00267 -0.00591 0.00844 0.01236 0.00030 -0.01324
-0.00518 -0.00925 0.00587 0.01390 -0.01457 -0.02189
-0.00642 -0.00916 -0.00538 0.00954 -0.03172 -0.03165
-0.02473 0.00358 -0.08385 0.02033 -0.04585 -0.10527
-0.00894 -0.01371 0.01089 -0.01154 -0.02182 -0.00654
-0.00058 -0.02968 0.06035 -0.01173 -0.03035 0.03279
-0.00861 -0.01585 0.00862 -0.00538 -0.01797 -0.00474
-0.00006 -0.02907 0.07042 -0.01454 -0.01093 0.04821
-0.01758 -0.03257 0.02439 0.00028 -0.00653 -0.00361
-0.00809 -0.01518 0.01004 0.00170 -0.00217 -0.00621
-0.00729 0.00796 -0.03730 0.01257 -0.00390 -0.04313
0.00430 -0.01663 0.05359 -0.01008 0.00161 0.03941
-0.00026 -0.00344 0.00596 0.00292 -0.00011 -0.00430
-0.00752 0.01216 -0.05208 0.01013 0.00436 -0.04375
0.01021 -0.01821 0.06930 -0.01432 -0.00032 0.05405
-0.01154 0.02264 -0.08812 0.01670 0.00071 -0.07244
0.00054 -0.00080 0.00305 -0.00163 0.00034 0.00162
0.01117 -0.00437 0.04660 -0.00916 0.00080 0.03370
0.00987 0.00720 0.01061 -0.00460 0.00089 0.00708
0.00179 0.03613 -0.07261 0.01395 -0.00150 -0.06562
0.01155 0.00554 0.02304 -0.00443 -0.00375 0.01559
0.02070 -0.00626 0.07909 -0.01518 -0.00007 0.05535
0.02207 0.02244 -0.00190 0.00189 -0.00001 -0.00917
-0.00018 0.03774 -0.03899 0.00675 -0.00156 -0.03106
0.00060 0.01430 0.02836 -0.00856 -0.00060 0.03483
-0.00741 0.03292 -0.00651 0.00093 -0.00071 0.00942
-0.01108 0.04082 -0.01148 0.00027 0.00018 0.00096
-0.07400 0.13560 -0.11616 0.02358 0.00004 -0.07943
-0.03460 0.11836 0.04185 -0.00694 0.00241 0.03757
-0.02265 0.06049 -0.00629 0.00373 0.00052 -0.01086
-0.01038 0.05453 0.05707 -0.00628 0.00214 0.03156
-0.01169 0.07454 0.09910 -0.01158 0.00630 0.05971
-0.02212 0.03082 0.02175 -0.00205 0.00283 0.01205
-0.01551 -0.01406 -0.05997 0.01301 0.00302 -0.04715
-0.00192 -0.02879 0.01341 -0.00195 0.00095 0.01107
-0.03380 -0.07680 0.00402 0.00066 -0.00037 0.00648
-0.01727 -0.04289 0.04979 -0.00852 -0.00097 0.03309
0.00066 -0.08982 -0.03812 0.00905 -0.00072 -0.03544
-0.00603 -0.06206 0.02373 -0.00194 -0.00146 0.00689
-0.00417 -0.05202 0.04374 -0.00827 -0.00236 0.02893
0.01082 -0.04351 0.00608 -0.00134 -0.00204 -0.00265
0.00754 -0.03315 0.02251 -0.00356 0.00029 0.00580
0.01991 -0.00917 -0.00726 0.00090 0.00035 -0.00212
0.02026 0.00962 -0.02566 0.00079 -0.00080 -0.01241
0.03204 0.02193 -0.03482 -0.00060 0.00058 -0.00065
0.02898 0.01700 -0.00705 -0.00093 -0.00089 0.00608
0.02349 0.02813 -0.08001 0.01266 0.00135 -0.05322
0.02974 0.02173 -0.02676 0.00378 -0.00135 -0.01148
0.03383 0.02085 0.02111 -0.00867 0.00099 0.03231
0.05169 0.03792 -0.02682 -0.00012 -0.00097 0.00700
0.02814 0.01155 0.02406 -0.00913 -0.00199 0.03787
0.01450 0.00751 -0.01985 0.00065 0.00076 -0.00203
0.00976 0.00775 -0.02719 0.00111 -0.00220 -0.00926
0.00844 -0.00575 -0.03324 0.00318 -0.00078 -0.01201
0.00785 -0.01448 -0.03293 0.00223 -0.00097 -0.00817
-0.00324 -0.02086 -0.07099 0.00936 0.00256 -0.04245
0.00667 -0.03941 -0.02766 -0.00206 0.00166 0.00622
-0.01220 -0.00794 -0.04849 0.01139 0.00126 -0.04039
-0.01176 -0.00299 -0.03968 0.00699 -0.00126 -0.03596
-0.00233 -0.00415 0.00420 -0.00128 -0.00133 0.00290
-0.00289 0.00138 -0.00227 -0.00024 0.00022 0.00080
0.01399 -0.00318 0.07317 -0.01773 0.00050 0.06793
-0.00279 0.00077 0.00088 -0.00026 -0.00054 0.00063
-0.00201 0.00184 0.00477 -0.00055 0.00147 0.00655
-0.01863 0.00335 -0.07312 0.01724 0.00023 -0.06657
0.00850 -0.00159 0.04347 -0.01021 0.00150 0.04419
-0.00501 0.00117 0.00699 -0.00105 -0.00188 0.01045
-0.02229 0.01527 -0.00773 -0.00126 0.00063 0.01073
-0.01300 0.00751 -0.01273 0.00328 0.00065 -0.00860
-0.01202 0.00793 0.01184 -0.00437 0.00029 0.02052
-0.05279 0.02854 -0.08616 0.02043 0.00406 -0.07577
-0.02158 0.00908 0.00834 -0.00144 0.00104 0.01139
-0.02472 0.01051 0.00002 0.00600 -0.00790 -0.00712
-0.02066 0.01132 0.03934 -0.01362 0.01042 0.05036
-0.02794 0.00691 -0.01505 0.00343 0.00157 -0.01321
-0.05734 0.01396 -0.03551 0.01091 0.00039 -0.03677
-0.02450 0.00004 0.00677 0.00729 -0.01022 -0.00962
-0.02499 -0.00083 -0.00598 0.00520 -0.00079 -0.01279
-0.02512 -0.00383 0.05015 -0.01677 0.00737 0.05574
-0.02153 -0.00724 -0.01344 0.00141 0.00656 -0.01536
-0.01943 -0.00749 -0.03360 0.00941 -0.00064 -0.03608
-0.02143 -0.00776 0.05866 -0.01052 0.00060 0.04854
-0.01889 -0.00961 0.00155 0.00101 -0.00028 -0.00207
-0.02155 -0.00706 0.02320 -0.00509 -0.00148 0.02090
-0.05349 0.01404 -0.08559 0.10426 -0.01333 -0.06941
-0.05371 0.00464 -0.01544 -0.00175 -0.00368 -0.00606
0.00087 -0.00103 0.00017 -0.00338 -0.00364 0.00003
0.00230 -0.00142 -0.01336 0.00163 -0.00188 -0.01564
-0.00336 -0.00056 0.00021 -0.00362 0.00096 0.00241
-0.00096 -0.00073 0.00224 -0.00051 0.00017 0.00145
-0.00662 -0.00436 0.07552 -0.11964 0.02328 0.08766
-0.00249 -0.00153 0.00354 -0.00159 0.00513 0.01030
-0.00102 0.00030 0.00971 -0.00279 0.00032 0.01123
0.00508 -0.00230 0.02158 -0.00460 0.00067 0.01989
-0.00525 0.00054 -0.00652 0.00183 0.00032 -0.00453
0.00068 0.00067 -0.00182 0.00073 0.00009 -0.00169
-0.00318 0.00090 0.00130 -0.00065 -0.00247 -0.00254
0.00515 -0.00411 0.00239 -0.00066 0.00014 0.00539
0.01388 -0.00695 -0.00215 0.00237 -0.01615 -0.00652
0.11446 -0.01456 -0.00298 0.02352 -0.02518 -0.04548
0.02079 -0.01109 0.08325 -0.02423 -0.02709 0.07736
0.06682 -0.03592 -0.07693 0.00012 -0.06235 -0.07018
0.03444 -0.03085 0.11919 -0.04546 -0.05271 0.12883
0.09221 -0.07095 -0.01241 -0.04271 -0.11204 0.01213
0.05097 -0.04379 0.04154 -0.04041 -0.08072 0.05294
0.04824 -0.03447 -0.04755 -0.00599 -0.05209 -0.02219
0.04534 -0.03378 -0.03061 -0.00092 -0.05124 0.00375
0.10429 -0.07503 0.05012 -0.01323 -0.11830 0.10910
0.04646 -0.03212 0.02402 0.00449 -0.03052 0.05755
0.04500 -0.02543 0.02788 0.00684 -0.03332 0.04707
0.06213 -0.04642 0.11079 -0.01889 -0.06304 0.13211
-0.01375 0.01472 -0.08113 0.03862 0.01770 -0.10013
0.04122 -0.06772 0.12835 -0.01611 -0.01766 0.12197
0.01440 -0.04454 0.03308 0.00491 0.00445 0.03038
0.01620 -0.02894 0.00271 0.00002 -0.01806 0.00959
0.00146 -0.01128 -0.01193 0.02716 0.06545 0.00494
0.00639 -0.00031 -0.01385 -0.00509 -0.02392 0.00035
0.00027 -0.00264 -0.00210 0.00294 0.00475 -0.00123
-0.00540 -0.00416 -0.00302 0.00304 0.00508 -0.00322
0.00975 -0.00560 0.00514 0.00944 0.02274 0.00596
-0.00373 -0.00354 0.00464 0.00024 0.00117 -0.00194
-0.00345 -0.00212 0.00045 0.00063 0.00001 -0.00547
-0.01026 -0.00431 0.00061 -0.00057 -0.00039 -0.00601
-0.00177 -0.00115 0.00563 -0.00055 -0.00084 -0.00463
0.00082 -0.00275 -0.00044 -0.00055 -0.00231 -0.01152
-0.00216 0.00072 0.00342 -0.00983 -0.02926 0.00011
0.00217 -0.00098 -0.00297 -0.00036 0.00123 -0.00002
0.00047 -0.00027 0.00156 0.00059 0.00017 0.00104
-0.00148 0.00073 0.00234 0.01770 0.06218 0.01448
0.00030 -0.00045 0.00146 -0.01837 -0.06157 -0.00507
0.00050 -0.00091 -0.00096 0.01943 0.05942 0.01203
0.00058 -0.00012 -0.00032 -0.02007 -0.05915 -0.00084
-0.00087 0.00046 0.00070 0.00376 0.00879 0.00781
0.00128 -0.00060 -0.00098 -0.00525 -0.01308 0.01340
0.00094 -0.00033 0.00202 -0.00718 -0.01680 0.02242
]
