classifier_Monkey_goes_to_man_19247 [ 0.73643 -0.78616 1.90451 -0.08361 -0.61016 1.81759
-0.00226 -0.00008 -0.00039 0.00022 0.00019 -0.00048
0.00259 -0.00032 -0.00233 0.00040 -0.00001 -0.00301
-0.00128 -0.00123 -0.00078 0.00063 0.00252 -0.00234
0.00148 0.00033 0.00859 0.00094 0.00655 0.01341
-0.00791 -0.00391 0.00469 -0.04469 -0.03297 -0.06283
0.00827 -0.00412 0.02712 -0.00277 0.00283 -0.00232
-0.00372 -0.01162 0.00545 0.00008 0.00032 -0.00142
-0.09418 0.11103 -0.11353 0.00181 -0.00083 0.00431
-0.06830 0.01973 -0.01591 0.00104 -0.00110 0.00352
-0.06530 0.03489 0.01773 0.00190 0.00607 0.01150
-0.05486 0.01507 0.00444 -0.00342 -0.00067 0.01581
-0.06217 -0.00076 0.01187 -0.00396 0.00197 0.00534
-0.10358 -0.07402 -0.12272 0.00326 0.03828 -0.06105
-0.00352 0.00185 -0.01199 -0.00459 -0.00048 -0.00574
0.00684 0.08970 0.14674 -0.01819 -0.03552 0.07951
-0.04205 0.01098 -0.01681 -0.00790 -0.00172 0.00770
-0.01010 -0.00027 0.00132 -0.00475 -0.00031 0.00775
-0.05575 -0.05585 -0.15084 0.00276 0.02255 -0.06127
0.03605 0.05012 0.14133 -0.00805 -0.02365 0.06060
-0.00607 0.01066 -0.03759 -0.01060 -0.03103 -0.07534
0.00258 -0.01318 0.02475 -0.01516 0.00218 0.04822
-0.00004 -0.00305 0.00672 -0.00138 0.00182 0.01016
-0.00452 0.01288 -0.03931 0.01656 -0.00230 -0.06421
-0.00060 -0.00002 -0.00062 -0.00099 -0.00007 0.00014
-0.00111 0.00204 -0.00615 0.00105 0.00251 -0.00618
0.00007 0.00003 -0.00121 -0.00030 0.00047 -0.00119
-0.00038 0.00047 -0.00039 0.00129 -0.00179 -0.00268
0.00373 -0.01130 0.03162 -0.01430 0.00249 0.05340
-0.00338 0.01079 -0.03080 0.01567 -0.00017 -0.05143
0.00224 -0.00572 0.01825 -0.00843 0.00043 0.02945
0.00128 -0.00284 0.00843 0.01966 -0.00968 0.00694
0.00215 -0.00684 0.02080 -0.04822 0.25920 0.00028
-0.00031 -0.00060 0.00203 0.00548 0.09548 -0.04873
-0.00044 -0.03876 0.07245 -0.01794 0.10072 0.06006
-0.00874 0.03999 -0.09866 0.00695 0.12775 -0.12357
0.00623 -0.00547 0.03158 -0.00394 0.09753 0.02191
0.00014 0.00221 -0.00481 0.00756 0.09589 -0.00068
0.00444 0.00038 0.01371 0.00847 0.08815 0.01733
-0.00033 0.00040 -0.00150 0.01360 0.07099 0.01365
0.00045 -0.00156 0.00385 0.01405 0.05093 0.02013
0.00012 -0.00009 0.00161 0.01426 0.03680 0.01769
0.00046 -0.00128 0.00335 0.03982 0.03283 0.04371
-0.00015 -0.00015 0.00108 0.00895 -0.00157 0.01002
0.00009 -0.00081 0.00116 0.00668 -0.00246 0.00984
-0.00045 -0.00250 -0.00121 0.00613 -0.00283 0.00929
0.00042 -0.00028 0.00121 0.00427 -0.00572 0.00872
0.00011 -0.00016 0.00151 -0.00122 -0.01020 0.00649
0.00031 -0.00117 0.00140 -0.00923 -0.02088 0.00903
0.00041 -0.00045 0.00108 -0.01419 -0.01743 0.00334
0.00016 0.00042 -0.00026 -0.02269 -0.03352 -0.00064
-0.03046 -0.03287 -0.12302 -0.01155 -0.02887 -0.05514
0.02677 0.03321 0.11113 -0.02567 -0.01748 0.05959
0.00369 0.00135 0.00647 -0.02531 -0.03541 0.00292
-0.00038 0.00054 -0.00329 -0.04399 -0.08381 0.00100
-0.00064 0.00284 -0.00783 -0.01451 -0.03180 -0.00762
-0.00168 0.00290 -0.01006 -0.01464 -0.04162 -0.01081
-0.00219 0.00528 -0.01750 -0.01141 -0.04113 -0.01591
-0.00093 0.00238 -0.00850 -0.00593 -0.02370 -0.00769
-0.00594 0.01634 -0.04929 0.00181 -0.02975 -0.04441
0.00005 -0.00127 0.00333 -0.00365 -0.01043 0.00424
-0.00090 0.00146 -0.00453 -0.00032 -0.00593 -0.00230
-0.01288 0.00549 -0.05846 0.00642 -0.00538 -0.04356
-0.01747 -0.04723 -0.07145 0.00176 -0.00210 -0.00867
-0.00046 0.00059 -0.00199 0.00068 -0.00290 -0.00174
0.00176 0.00275 0.00416 0.00102 -0.00163 -0.00107
0.02391 0.04032 0.10639 -0.00523 -0.00363 0.03784
-0.00466 0.01528 -0.03444 0.00672 -0.00088 -0.03655
0.02364 -0.06213 0.20351 -0.03092 -0.00361 0.20168
0.00311 -0.02541 0.03404 -0.00731 -0.00217 0.04609
0.00322 0.00253 0.00778 -0.00119 -0.00099 0.00378
0.00663 0.00813 0.00937 -0.00149 -0.00040 0.00313
0.01493 0.00937 0.02445 -0.00344 0.00064 0.01365
0.03622 0.03653 0.02571 -0.00543 -0.00372 0.01509
0.01663 -0.00498 0.03345 -0.00329 -0.00028 0.00961
-0.01829 -0.05997 -0.04072 0.00385 0.00153 -0.02904
0.01326 0.01392 -0.05164 0.00314 0.00162 -0.02833
0.10323 0.14539 0.13674 -0.01155 -0.00226 0.06060
0.03828 0.05195 0.04445 -0.00122 -0.00056 0.00156
-0.00001 0.01384 0.00120 0.00345 -0.00033 -0.01744
-0.00218 0.01177 0.02692 -0.00020 0.00084 0.00525
-0.01148 0.02266 0.00997 0.00136 -0.00127 -0.00451
-0.01365 0.04657 -0.00740 0.00177 -0.00017 -0.00220
-0.01367 0.04020 -0.02201 0.00115 0.00062 0.00241
0.07053 0.07757 0.10330 -0.02088 -0.00509 0.13145
-0.02680 0.05624 -0.18712 0.02640 0.00547 -0.14693
0.00942 0.01678 -0.01865 -0.00017 0.00019 0.00166
0.00910 -0.00956 -0.00944 -0.00025 -0.00029 -0.00200
0.01102 -0.03526 0.01065 -0.00050 0.00016 0.00350
-0.02329 -0.14410 0.05740 0.00283 -0.00095 -0.02643
-0.02169 -0.03736 0.06397 -0.00683 -0.00162 0.03998
0.04281 0.12821 0.09030 -0.02155 -0.00556 0.13267
-0.03308 0.04458 -0.17966 0.02496 0.00611 -0.15112
0.01072 0.07298 -0.08056 0.00882 0.00092 -0.04595
0.05513 0.02251 0.20832 -0.03673 -0.00894 0.22227
0.00526 0.05250 -0.00837 -0.00091 0.00007 0.01562
-0.00875 0.05934 -0.05000 0.00631 -0.00006 -0.03015
-0.04506 0.10482 -0.16125 0.02620 0.00626 -0.14556
-0.00631 0.04022 -0.00593 0.00282 0.00067 -0.01396
-0.00560 0.03494 0.00568 -0.00020 0.00021 -0.00266
-0.01759 0.05094 0.00851 0.00030 0.00092 -0.00354
-0.00354 0.01301 0.01073 -0.00079 -0.00002 0.00612
-0.00748 0.00963 -0.00051 0.00003 0.00080 -0.00450
-0.00773 0.00773 0.00553 -0.00062 -0.00003 0.00296
-0.00819 0.00182 -0.00317 0.00069 0.00025 -0.00430
-0.00888 0.00054 0.00212 -0.00082 -0.00002 0.00259
-0.01635 -0.00887 -0.01035 0.00009 -0.00007 0.00119
-0.00754 -0.00986 -0.00807 0.00035 0.00000 0.00076
-0.01289 -0.01258 -0.03241 0.00493 -0.00003 -0.02691
-0.00489 -0.01085 -0.00651 0.00086 0.00019 -0.00366
-0.01678 -0.01389 -0.02566 0.00436 0.00057 -0.02303
-0.03011 -0.01082 0.01684 -0.00255 -0.00074 0.02073
0.00487 -0.01907 0.02187 -0.00301 -0.00029 0.02210
-0.01075 -0.02859 -0.07866 0.01396 0.00337 -0.07787
-0.05915 -0.07218 0.07944 -0.01115 -0.00290 0.07614
0.02354 -0.01944 -0.02336 0.00507 -0.00008 -0.02489
-0.03275 -0.04118 -0.02754 0.00559 0.00107 -0.02971
-0.00457 -0.01307 0.00554 -0.00009 -0.00010 0.00330
-0.00378 -0.00948 0.00260 0.00053 -0.00070 0.00147
-0.00183 0.00534 0.00209 0.00035 0.00039 0.00352
-0.00228 0.00681 0.00105 0.00021 -0.00044 0.00128
-0.02234 -0.00940 -0.00147 0.00071 0.00058 -0.00069
-0.00025 0.00060 0.00104 -0.00078 -0.00063 0.00022
0.00033 0.00029 0.00819 -0.00140 -0.00300 0.00616
-0.00024 -0.00018 0.00021 -0.00007 -0.00036 -0.00085
-0.00060 0.00007 0.00064 0.00040 -0.00013 -0.00092
-0.00015 -0.00058 -0.00138 0.00046 0.00024 -0.00028
-0.00021 0.00068 -0.00013 0.00076 -0.00025 -0.00007
0.00024 0.00323 -0.00293 0.00147 -0.00160 0.00170
-0.00053 0.00277 -0.00198 0.00030 0.00095 0.00055
-0.00184 0.00629 -0.00597 0.00036 -0.00094 -0.00066
-0.00308 0.00797 -0.00696 -0.00050 0.00060 0.00076
0.01513 0.03150 -0.00352 -0.00154 -0.00014 0.00908
-0.00343 0.00961 0.00163 -0.00094 -0.00002 0.00621
0.03067 0.03352 0.01209 -0.00191 -0.00058 0.01322
-0.01467 0.00636 0.00769 -0.00180 0.00064 0.01389
-0.00608 0.00769 -0.00568 0.00097 0.00030 -0.00006
-0.01664 0.00564 -0.00440 0.00056 -0.00031 0.00075
-0.01336 0.00599 -0.00572 0.00143 0.00012 0.00058
-0.00464 0.01081 -0.00527 0.00080 -0.00056 0.00080
-0.05256 -0.00473 0.00149 0.00004 0.00010 0.00328
-0.02217 0.00374 -0.00267 0.00088 0.00071 -0.00009
-0.05114 0.00029 -0.00423 0.00057 -0.00012 -0.00217
-0.01523 0.00266 0.00495 -0.00086 -0.00092 0.00688
-0.01225 0.00564 -0.00086 -0.00017 -0.00015 0.00252
-0.01670 0.00024 0.00286 0.00065 -0.00079 0.00375
-0.03182 -0.00852 0.00057 0.00126 0.00015 -0.00031
-0.01261 -0.00156 0.00181 0.00047 -0.00306 0.00170
-0.03631 0.00141 0.03008 0.00252 0.00153 0.01239
-0.03077 -0.04226 0.00477 0.00811 0.00993 0.00140
0.01964 0.00235 -0.18027 0.18623 0.12227 -0.22325
-0.02080 -0.00882 0.03231 -0.11850 -0.06433 0.05394
0.01261 0.00596 -0.02795 0.10641 0.05743 -0.04704
-0.01738 -0.00431 0.02510 -0.10865 -0.05748 0.04466
0.00418 -0.00343 -0.00603 -0.01326 -0.01128 -0.00125
-0.00089 0.01476 0.00312 0.01340 0.01321 -0.00203
-0.00100 -0.01498 -0.00677 -0.01284 -0.01140 -0.00185
0.00009 0.01432 0.00405 0.01314 0.01150 0.00054
0.00030 -0.01388 -0.00639 -0.01538 -0.01377 0.00083
-0.01273 -0.00820 0.01375 0.01430 0.01230 0.00129
0.00133 0.00046 0.00186 -0.00269 -0.00179 0.00036
0.01602 0.01035 -0.01375 -0.01339 -0.01353 -0.00135
-0.00870 -0.00680 0.01783 0.00708 0.00817 0.00174
0.18090 0.04633 0.29997 -0.09788 -0.07095 0.36732
0.00757 -0.00504 -0.02664 0.00429 0.00004 -0.03267
0.00583 -0.01584 -0.16372 0.02676 0.00339 -0.18044
0.02253 -0.01285 -0.00109 -0.00115 -0.00328 -0.00985
0.05039 -0.02189 0.00130 -0.00145 -0.00945 -0.00082
0.05212 -0.10063 -0.12904 0.01881 -0.04303 -0.16262
0.15354 -0.09033 0.19310 -0.02899 -0.10541 0.26398
0.13213 -0.07708 0.07948 0.00675 -0.07114 0.03789
0.04853 -0.07857 -0.01088 0.01664 -0.05535 -0.01641
0.03061 -0.05956 -0.07564 0.03167 -0.03509 -0.10500
0.03852 -0.11035 -0.11306 0.04261 -0.03784 -0.18827
0.00981 -0.03618 0.01162 0.03659 -0.08338 -0.05954
0.01984 -0.04460 0.06918 0.01630 -0.04069 0.08215
0.00994 -0.02803 0.02185 0.00784 -0.00366 -0.00792
0.00449 -0.01944 0.00972 0.00829 -0.00254 -0.00867
0.00909 -0.01649 -0.02876 0.01824 -0.00182 -0.05573
0.07279 -0.04660 -0.03492 0.00530 -0.00906 0.00470
-0.00454 -0.07144 -0.02634 0.02527 -0.03284 -0.11916
0.01260 -0.02157 0.03778 -0.01696 0.03335 0.08613
0.01458 -0.01005 0.02332 -0.00071 -0.01057 0.02184
-0.01456 0.01228 -0.04218 -0.00611 0.01320 -0.01235
0.01725 -0.01653 0.03238 0.00689 -0.02070 0.00887
0.00306 -0.00209 -0.00635 0.00029 -0.00262 -0.00281
-0.01126 0.01270 -0.04119 0.01685 -0.00528 -0.05277
-0.00209 -0.00370 -0.00040 -0.00486 0.00130 0.00927
0.00105 -0.00074 0.00083 -0.00051 -0.00124 0.00311
-0.00040 -0.00171 0.00259 -0.00109 -0.00198 0.00840
0.00562 -0.00994 0.02066 -0.00646 -0.00136 0.02831
0.00029 -0.00064 0.00067 -0.00094 -0.00205 -0.00024
0.00362 -0.00432 0.00629 0.00002 -0.00118 0.00629
-0.00030 0.00001 -0.00327 0.00027 0.00018 -0.00368
-0.00126 0.00136 -0.00439 -0.02063 -0.03309 -0.03646
-0.00003 0.00070 -0.00112 -0.00002 -0.00203 -0.00450
-0.00125 0.00002 -0.00474 0.00059 0.00150 -0.00435
0.00085 -0.00080 0.00178 0.00138 0.01198 0.01868
0.00358 -0.00192 0.00485 -0.00043 -0.00346 0.00020
0.00911 0.00570 -0.00815 -0.00055 0.00108 -0.00344
]
