classifier_Car_bumps_into_monkey_25135 [ 0.58093 -0.73707 1.93629 -0.21101 -0.60253 1.91721
0.02216 -0.00340 -0.01712 0.00050 0.00009 0.00079
-0.02062 0.00165 0.01877 -0.00095 0.00060 -0.00044
0.00251 -0.00073 -0.00032 0.00313 0.00124 -0.00084
0.00171 -0.00097 0.00422 0.00014 -0.00058 0.00170
0.00001 0.00126 0.00413 0.00067 0.00005 -0.00207
-0.00026 -0.00020 0.00443 0.00035 0.00018 -0.00070
-0.00057 0.00192 0.00882 0.00017 0.00029 -0.00039
0.00206 -0.00108 -0.00304 -0.00121 -0.00047 -0.00010
0.00023 0.00021 0.00397 -0.00022 -0.00004 -0.00054
0.00556 0.00484 0.01027 -0.00531 -0.00260 -0.00218
0.00214 0.00505 0.01169 -0.00364 0.00055 -0.00015
0.01267 -0.01225 0.02881 -0.00609 0.02217 -0.05950
0.08298 -0.03796 0.09867 0.03106 0.02108 -0.03897
-0.04286 -0.00349 -0.05945 -0.00778 0.00856 -0.02387
0.00048 -0.00579 0.10852 -0.07553 0.04427 0.02887
-0.26297 0.22866 -0.30172 -0.01263 -0.02421 0.03017
-0.02701 0.02514 0.03567 -0.03279 0.00649 -0.01906
-0.04650 0.02309 0.06944 -0.09117 0.01433 0.02812
-0.09474 -0.06517 -0.04770 -0.01156 0.01246 -0.03655
-0.00627 -0.00814 0.02562 -0.01551 -0.00262 0.03655
-0.00194 0.00899 0.06157 0.00078 0.00317 0.04793
0.03796 0.04621 0.12433 0.00526 -0.00076 0.10282
0.01102 0.16432 0.12659 0.10876 0.05712 0.18330
-0.03591 0.11035 -0.09903 0.12249 -0.00587 -0.07843
0.02861 0.10443 -0.05024 -0.05079 0.22767 -0.02083
-0.03876 0.02097 0.03084 -0.00212 -0.00388 0.03560
0.01298 0.00560 0.02494 -0.00812 -0.01713 0.02847
0.01078 -0.09984 -0.03792 -0.00871 -0.04042 -0.03400
-0.00881 -0.00060 0.04976 0.02379 0.02197 0.01134
-0.02515 0.01179 -0.08783 0.00795 0.01937 -0.08065
-0.03044 0.03480 -0.10385 -0.04375 0.12604 -0.07187
-0.00470 0.01022 -0.09710 -0.02846 0.04954 -0.17635
0.01264 -0.01028 0.09420 -0.03007 0.05101 0.08463
-0.00308 -0.00047 -0.07945 0.00367 0.03890 -0.09742
0.01439 -0.01548 -0.03440 -0.01297 0.02906 -0.03612
0.08375 -0.16788 0.14957 -0.06813 0.02413 0.12053
0.04936 -0.10094 0.02584 -0.00928 -0.05825 -0.05020
-0.08206 -0.08773 -0.15138 0.02969 -0.00860 -0.08715
-0.01933 -0.00836 0.01491 0.01185 -0.00329 -0.00191
-0.00600 -0.00325 0.00127 0.00580 0.00003 0.00593
0.08266 0.06734 0.14513 -0.01547 0.00032 0.07428
-0.08688 -0.04795 -0.07931 0.01042 0.00145 -0.05526
0.00704 -0.00706 -0.00325 -0.01079 0.00291 0.00502
0.13467 0.06339 0.08337 -0.02457 -0.00113 0.08860
0.01956 0.02598 -0.01928 -0.00515 -0.00232 0.00821
0.01318 0.03808 -0.04206 -0.00415 -0.00422 0.00146
0.00340 0.05750 -0.06282 0.00091 -0.00452 -0.01138
0.00558 0.06620 -0.03554 -0.00640 -0.00666 0.02346
-0.00307 0.15709 0.00720 -0.00346 -0.01649 0.01232
-0.04880 0.11166 -0.02694 0.00432 -0.01082 -0.01255
-0.04793 0.06655 -0.01034 0.00756 -0.01104 -0.02793
-0.14881 0.13071 -0.06981 0.01261 -0.01949 -0.03215
-0.04446 0.01814 0.04711 -0.00233 -0.00835 0.02216
-0.01009 -0.00164 0.04751 -0.00251 -0.00800 0.02228
-0.00140 0.00224 0.01280 -0.00050 -0.00221 0.00433
0.06066 -0.04194 -0.04186 0.00791 0.00752 -0.04702
0.04969 -0.03258 0.02922 -0.00905 0.00396 0.03381
0.04252 -0.02937 0.00174 -0.00459 0.00524 0.01516
0.03775 -0.03680 0.01200 -0.00495 0.00627 0.01646
-0.04894 0.03538 -0.02712 0.00557 0.00114 -0.03164
-0.03644 0.02196 0.01887 0.00162 -0.00338 0.00724
-0.10577 0.07395 -0.10176 0.01857 -0.00188 -0.06189
-0.01340 0.00597 0.11370 -0.01523 -0.00618 0.08741
-0.02495 -0.00510 -0.10871 0.02799 0.00114 -0.11296
-0.04075 0.03171 0.10999 -0.02501 -0.00859 0.11690
0.27238 -0.10004 0.39493 -0.07411 -0.01670 0.33093
-0.26973 0.10702 -0.38554 0.07103 0.01047 -0.32390
0.01126 -0.00070 0.00266 -0.00221 0.00032 0.00094
0.27276 -0.09983 0.37907 -0.07175 -0.01304 0.31313
-0.00785 0.00423 -0.05071 0.00783 0.00429 -0.04771
-0.19742 0.07743 -0.36046 0.06738 0.01452 -0.30632
0.01509 0.00197 -0.01190 0.00226 0.00435 -0.01722
0.02399 -0.00261 0.00901 -0.00234 0.00315 0.00317
0.08630 -0.02744 0.05009 -0.01274 0.00097 0.05013
0.11677 -0.09210 -0.00878 -0.00069 0.00363 0.00006
0.00361 -0.03104 -0.03259 0.00586 0.00426 -0.02721
0.00448 -0.02485 0.01019 -0.00288 0.00163 0.01206
0.00018 -0.02202 -0.02894 0.00804 0.00277 -0.02978
-0.00051 -0.01125 0.00609 -0.00087 0.00068 0.00658
0.02558 -0.01931 0.04661 -0.00482 0.00159 0.02807
-0.00069 -0.00023 0.00032 0.00112 0.00200 0.00014
0.00566 0.00403 -0.00383 0.00262 0.00384 -0.00071
0.00046 0.00088 -0.00257 0.00154 0.00188 -0.00248
-0.00029 0.00091 0.00249 -0.00078 0.00019 0.00253
-0.00159 -0.00092 0.00230 -0.00115 0.00031 0.00088
-0.00183 -0.00154 -0.01199 0.00186 -0.00004 -0.01135
0.00088 -0.00101 0.00850 -0.00319 -0.00121 0.00979
-0.00182 -0.00048 -0.00679 0.00062 -0.00074 -0.00641
-0.00218 -0.00120 -0.00064 0.00002 0.00091 -0.00149
-0.01791 0.00230 -0.06516 0.01325 0.00169 -0.06430
-0.01101 0.00011 -0.05057 0.01013 0.00073 -0.05038
-0.00225 0.00002 -0.00387 -0.00030 0.00007 -0.00492
-0.00183 0.00026 0.01015 -0.00375 -0.00189 0.01233
0.00711 0.00044 0.05045 -0.01191 -0.00202 0.05086
-0.00220 0.00101 -0.00389 0.00003 0.00017 -0.00369
0.01644 -0.00317 0.07263 -0.01704 -0.00322 0.07077
-0.03136 0.00376 -0.14428 0.03144 0.00246 -0.13900
-0.00086 -0.00061 -0.00708 0.00112 0.00029 -0.00762
0.02864 -0.00478 0.15252 -0.03652 -0.00645 0.15196
-0.04007 0.00204 -0.19950 0.04452 0.00436 -0.19316
-0.00973 -0.00388 0.05429 -0.01914 -0.00640 0.06703
-0.01193 -0.00024 -0.00394 -0.00194 -0.00354 0.00509
-0.02695 0.00502 0.13187 -0.03308 -0.01161 0.14935
-0.18194 0.02451 -0.14635 0.03765 0.00047 -0.12299
-0.07408 0.00710 0.04559 0.00092 -0.00073 0.04446
-0.08145 -0.02016 -0.00374 0.01778 0.00319 -0.00763
-0.09475 0.00005 -0.00786 0.02657 0.00536 -0.01865
0.10917 -0.08436 0.24142 -0.03098 -0.01612 0.23155
-0.10087 0.09583 -0.23860 0.01332 0.10645 -0.23962
0.00505 0.02436 0.02368 -0.02229 -0.05266 0.05129
0.02917 0.02445 -0.01169 -0.01280 0.00420 -0.00406
0.02899 0.02196 -0.00768 -0.00842 0.00031 -0.00008
0.03494 0.01836 -0.00427 -0.00638 -0.00002 0.00671
0.05189 0.01047 0.00307 0.00187 -0.00351 0.01341
-0.00579 -0.00995 0.01750 0.01233 -0.00423 0.00216
0.00079 0.00224 0.00896 0.01196 -0.00143 -0.00120
-0.00195 -0.00509 -0.00095 0.00607 0.00099 -0.00115
0.00004 -0.01974 -0.00018 0.00421 0.00073 -0.00068
0.06692 -0.02260 0.14221 -0.02952 -0.00036 0.15894
0.00155 0.00019 -0.00048 0.00278 0.00137 -0.00234
0.00193 0.00135 -0.00174 0.00281 0.00007 -0.00170
0.00665 -0.00685 -0.00130 0.00778 -0.00121 -0.00920
0.00176 -0.01035 -0.15866 0.03601 -0.00067 -0.16442
0.00213 -0.01160 -0.01325 0.00639 -0.00312 -0.01837
0.00540 -0.04200 0.01196 0.01114 -0.01621 -0.00565
0.00681 -0.01758 0.00129 0.00314 -0.00683 -0.00280
-0.00032 -0.01809 -0.01393 0.00739 -0.00635 -0.02174
-0.00042 -0.02267 -0.00082 0.00351 -0.00718 -0.00487
-0.00099 -0.03290 -0.00033 0.00454 -0.00895 -0.00297
0.00434 -0.14368 0.01316 0.02721 -0.05704 0.00360
0.01385 -0.14784 0.09339 0.02690 -0.09507 0.10507
0.05294 -0.10860 -0.09036 0.10342 -0.17810 -0.08615
0.03461 -0.01863 0.01130 0.02134 -0.05599 0.03042
0.03645 -0.04667 0.03196 -0.00252 -0.05573 0.03164
0.00705 -0.01910 0.00722 0.01560 -0.06858 -0.01265
-0.01101 -0.01875 -0.02317 0.00943 -0.03008 -0.01226
-0.00896 -0.00672 -0.03463 0.00892 0.00966 -0.04821
0.00465 -0.01451 0.02888 -0.01593 0.00259 0.05340
-0.00029 0.00588 -0.01348 -0.00060 0.00662 -0.01713
0.02169 0.00323 0.06482 -0.00349 -0.01044 0.03354
-0.00677 0.00478 -0.06048 0.01684 -0.00100 -0.07499
0.05981 -0.01531 0.07381 -0.03697 -0.00746 0.05715
0.05114 0.00973 -0.00836 -0.00065 0.00226 0.00026
0.06634 0.00029 0.00584 0.03586 -0.00629 -0.02603
0.03274 0.01129 -0.02019 -0.02458 0.01952 -0.02513
0.02898 -0.00842 0.03616 -0.00246 -0.00273 0.00865
0.06062 -0.01146 -0.01356 -0.00019 -0.00033 -0.00196
0.03167 -0.02671 0.01631 -0.00279 -0.00111 0.00962
0.02479 -0.02191 -0.01113 0.00066 0.00782 -0.01671
0.01688 -0.01621 -0.00392 -0.00048 0.00201 0.00047
-0.00768 -0.01103 0.01048 -0.00129 -0.00289 0.01165
0.00335 -0.01099 0.01309 0.00126 -0.00101 0.00103
-0.00311 -0.00369 -0.00683 0.00024 -0.00082 -0.00023
-0.00193 -0.01543 0.06994 -0.01114 -0.00691 0.06929
0.00224 0.01198 -0.05718 0.04710 -0.00496 -0.07934
0.00100 -0.00111 -0.00188 -0.01499 0.00490 0.01655
-0.01147 0.01146 -0.03040 0.00607 0.00927 -0.03235
-0.00907 0.00969 -0.01515 0.02468 0.00103 -0.03975
0.00138 -0.00121 -0.00041 0.00096 -0.00115 0.00123
0.01666 -0.02097 0.06229 -0.01750 -0.01625 0.06955
-0.02320 0.03083 -0.07524 0.02414 0.01841 -0.09085
-0.00074 0.00323 -0.00963 0.00359 0.00024 -0.01041
0.02285 -0.03336 0.08193 -0.02937 -0.01735 0.10016
-0.00199 -0.00015 0.00323 -0.00026 -0.00111 0.00182
]
