classifier_Monkey_goes_to_car_23503 [ 0.56363 -0.62718 1.69127 -0.41129 -0.64585 1.85046
-0.00010 0.00036 0.00023 0.00212 0.00592 0.00080
0.00021 -0.00057 0.00164 0.00050 0.00185 0.00121
-0.00059 0.00074 -0.00271 -0.01346 -0.01719 -0.01614
-0.00004 0.00042 -0.00164 -0.00259 -0.00018 -0.00866
0.00360 -0.00347 0.01729 -0.01982 -0.02228 -0.02193
-0.00128 0.00220 0.00100 -0.00392 -0.01262 -0.03272
-0.00441 0.00460 0.00010 -0.00144 0.03284 -0.02749
-0.00533 -0.00455 0.00854 0.00130 0.02344 -0.02005
-0.05229 0.16445 -0.10103 0.00788 0.11532 -0.07543
-0.08329 0.13422 -0.03999 0.03109 0.10919 -0.04727
-0.12692 0.20037 -0.14051 0.06929 0.12640 -0.17815
-0.05813 0.09399 0.02986 0.03031 0.06047 -0.00379
-0.02396 0.02994 0.00021 0.01713 0.04417 -0.01327
-0.00936 0.02003 0.04518 0.00521 0.04966 0.04064
-0.00519 0.00525 0.00513 0.00536 0.05944 0.02038
-0.00157 -0.00731 -0.00904 0.01112 0.06317 0.02721
0.00324 -0.02418 -0.02790 0.00821 0.05065 0.02847
0.00366 -0.03986 -0.02440 0.00340 0.03910 0.01760
0.00341 -0.04155 -0.03154 0.00020 0.02693 -0.00230
0.00235 -0.04066 -0.01441 -0.01014 0.01953 -0.01532
0.00075 0.01384 -0.00734 -0.00363 -0.01024 -0.03509
-0.00081 0.03322 0.00421 -0.00257 -0.03037 -0.01840
-0.01455 0.09358 0.04447 -0.00134 -0.10313 -0.00164
-0.02233 0.04103 -0.02692 0.01769 -0.06012 -0.05077
-0.01631 0.03639 0.03538 0.01281 -0.05237 0.02076
-0.02473 0.04645 0.02780 0.03217 -0.04868 0.01175
-0.00326 0.00943 0.00234 0.00972 0.01674 -0.00496
0.00205 0.00054 -0.00716 0.00113 0.03535 -0.00693
0.00820 -0.00891 -0.01406 -0.00333 0.05248 -0.00285
0.01704 -0.02253 -0.01713 -0.00863 0.05542 0.00612
0.01942 -0.03715 -0.01106 -0.00892 0.05378 0.01598
0.02051 -0.09960 -0.02038 -0.01132 0.08065 0.01847
-0.00438 -0.08600 -0.02068 0.00196 0.03081 -0.02649
-0.00250 -0.03425 0.05511 -0.00393 0.00754 0.04483
-0.01249 -0.06924 0.02830 -0.02264 -0.00735 0.00290
0.00310 -0.02326 -0.00405 -0.01586 -0.00900 -0.02302
0.01640 -0.05143 0.05430 -0.04911 -0.07483 -0.01629
0.00032 -0.01119 -0.00957 -0.00210 -0.03325 -0.03524
0.00929 -0.03016 0.04736 -0.01240 -0.02928 0.02565
-0.00276 -0.01613 -0.00956 0.00473 -0.01269 -0.01883
-0.00135 -0.00043 -0.02011 0.00759 -0.00162 -0.01261
0.00233 -0.00059 0.00147 0.00114 0.00247 0.00590
0.00060 0.00111 0.00443 0.00248 0.00594 0.00790
0.00266 0.00011 0.00814 -0.00166 0.00805 0.00821
0.00246 0.00383 0.00195 -0.00068 0.00618 0.00116
0.00322 0.00147 0.01373 -0.00320 0.00543 0.01179
0.00371 0.00446 -0.01238 0.00128 0.00314 -0.01263
0.00540 0.00209 -0.00503 -0.00127 0.00130 -0.00927
0.03096 -0.00965 0.04981 -0.00926 0.00252 0.03092
0.01584 0.02346 -0.06216 0.01496 0.00019 -0.07027
0.01786 -0.00945 0.03832 -0.00743 0.00058 0.02316
0.02260 -0.00226 0.02121 -0.00261 -0.00015 0.00406
0.04023 -0.01896 0.11570 -0.02229 0.00097 0.08578
0.00141 0.01022 -0.03696 0.00946 -0.00180 -0.04996
-0.01530 0.03214 -0.04756 0.01581 -0.00155 -0.06908
-0.00490 0.04525 0.00986 0.00556 -0.00123 -0.02740
0.00422 -0.00564 0.22407 -0.03702 0.00262 0.15166
-0.00800 0.02545 0.01460 0.00129 0.00028 -0.00330
0.00483 0.00412 -0.00264 0.00046 0.00028 0.00071
0.01122 -0.04957 -0.03142 -0.00066 0.00106 -0.00133
0.04149 0.03429 0.01648 -0.00067 0.00119 -0.00153
-0.00398 0.01666 0.01757 -0.00105 -0.00014 0.00013
0.01962 -0.00553 0.12154 -0.02283 0.00156 0.09577
-0.01984 0.00931 -0.12884 0.02361 -0.00108 -0.09506
0.00024 -0.01766 -0.01071 -0.00102 0.00039 0.00154
-0.00118 -0.01214 -0.00618 0.00190 0.00153 -0.00199
0.00768 0.01643 0.01548 -0.00055 -0.00028 0.00210
-0.00788 0.01682 0.01727 -0.00010 -0.00121 0.00031
-0.05643 -0.00797 -0.00803 0.00120 -0.00090 -0.00104
-0.00192 -0.00220 -0.00939 -0.00287 -0.00272 0.00254
-0.02537 -0.00758 -0.04253 0.00568 -0.00037 -0.01871
0.01196 0.01177 -0.02605 -0.00129 0.00125 0.00521
-0.00796 0.03048 -0.09062 0.00200 0.00446 -0.00472
-0.00765 0.10544 -0.16409 0.01473 0.00534 -0.05944
-0.00038 0.04377 0.00223 -0.00032 0.00181 0.00847
0.01652 0.07923 0.05854 -0.01280 0.00594 0.06564
-0.00129 0.02754 0.00569 0.00255 0.00365 0.00377
-0.01199 0.02275 -0.04080 0.00796 0.00092 -0.03455
-0.00075 0.01951 0.02354 -0.00563 -0.00033 0.02465
-0.01798 -0.00671 -0.02978 0.00340 -0.00498 0.00085
-0.00593 -0.01266 -0.01522 -0.00008 -0.00188 0.00217
-0.00410 -0.01070 -0.01440 -0.00092 -0.00182 -0.00142
-0.01022 -0.00806 -0.00956 -0.00263 0.00300 0.00027
-0.00235 0.00346 0.00139 -0.00038 0.00215 0.00150
-0.00269 0.00258 -0.00011 0.00067 0.00176 -0.00042
-0.00126 -0.00050 0.00463 -0.00120 0.00173 0.00230
-0.00113 0.00158 -0.00031 0.00027 0.00058 0.00209
-0.00179 0.00046 0.00034 -0.00045 -0.00100 0.00154
-0.00112 -0.00113 -0.00222 0.00065 -0.00055 -0.00031
-0.00613 0.00170 -0.00701 0.00127 -0.00162 -0.00170
-0.00727 0.00342 -0.00722 0.00036 -0.00046 -0.00232
-0.00790 0.00291 -0.00551 -0.00064 0.00035 -0.00199
-0.02304 0.01528 -0.01718 0.00130 0.00112 -0.00319
-0.08417 0.04063 -0.03858 0.00622 0.00538 -0.01098
-0.02325 0.00100 -0.00731 0.00268 0.00125 -0.00648
-0.02796 0.00557 -0.00597 0.00361 0.00110 -0.00492
-0.02890 0.00331 -0.00303 0.00127 0.00001 -0.00444
-0.02971 -0.00153 0.00706 -0.00021 0.00019 0.00246
-0.03001 0.00068 0.00280 0.00257 0.00035 -0.00452
-0.03115 -0.00032 0.00222 0.00073 -0.00004 -0.00413
-0.02862 -0.00731 -0.00227 0.00357 -0.00053 -0.01342
-0.02807 -0.01068 -0.03639 0.00873 -0.00416 -0.04260
-0.04339 -0.00211 0.03187 -0.01186 0.00061 0.03106
-0.01753 -0.00947 -0.00499 0.00271 -0.00022 -0.01017
-0.02777 -0.00379 0.05074 -0.05679 -0.02322 0.06599
-0.06568 -0.00824 0.00661 0.01784 0.01951 0.00387
0.01342 -0.01598 -0.00483 0.02507 0.00172 -0.00664
0.00691 -0.00630 -0.05460 0.06163 0.01964 -0.05963
-0.00549 -0.00274 0.00542 -0.00376 -0.00120 0.00569
-0.00108 -0.00781 -0.02694 0.00438 -0.00383 -0.02727
-0.00246 -0.00051 0.00148 -0.02131 -0.00976 0.00248
-0.00126 -0.00065 0.00592 -0.00087 0.00093 0.00650
-0.00274 -0.00057 0.00018 -0.00246 -0.00023 0.00129
-0.00302 0.00045 0.01663 -0.00719 -0.00032 0.01565
0.00377 -0.00058 -0.02848 0.01366 -0.00188 -0.02808
0.00159 -0.00015 0.00084 0.01079 0.00221 0.00025
0.00866 -0.01118 0.04377 0.00655 -0.02424 0.04157
0.00990 -0.01216 0.02909 0.02363 -0.02546 0.02201
0.01968 -0.02049 -0.01148 -0.01465 -0.03854 -0.02588
0.06797 -0.03890 0.01111 -0.02519 -0.04030 -0.01117
0.02131 -0.02879 0.04985 -0.05679 -0.09037 0.02948
0.03785 -0.03230 -0.06055 0.00099 -0.06243 -0.06697
0.04407 -0.04715 0.04404 -0.03803 -0.08235 0.05728
0.02165 -0.01817 -0.10134 -0.00213 -0.04979 -0.06433
0.10424 -0.09852 0.03674 -0.04960 -0.15124 0.14569
0.07085 -0.11078 0.09722 -0.02919 -0.08047 0.15118
0.14382 -0.00735 -0.11876 0.02402 -0.05442 0.03003
0.08673 -0.04688 0.09359 -0.02097 -0.04703 0.13526
0.12772 -0.06521 0.08526 0.02014 0.00648 0.06674
0.02338 -0.08223 0.04195 0.00576 -0.00511 0.00034
0.01782 -0.02002 0.01228 0.01960 0.05870 0.00457
0.00640 -0.01701 0.01025 -0.01173 -0.05317 0.00839
-0.00392 -0.00280 -0.01471 0.00514 0.00508 -0.00473
0.00032 -0.00089 -0.00320 0.00921 0.01242 -0.02199
-0.00097 -0.00258 0.00038 0.00130 0.00239 -0.00033
0.00185 -0.00354 0.00170 0.00834 0.01212 -0.03279
-0.00546 0.00423 -0.01184 0.00772 0.01330 -0.03308
0.00239 -0.00326 0.00543 -0.00267 -0.00221 0.00478
0.00007 -0.00155 -0.00025 0.00168 0.00147 -0.01199
0.00026 -0.00109 0.00030 -0.00179 -0.00144 -0.01565
-0.00020 -0.00069 -0.00028 -0.00404 -0.00886 0.00029
0.00074 -0.00050 0.00187 -0.00078 0.00222 0.01245
0.00043 -0.00029 0.00079 -0.00934 -0.02237 0.02267
-0.00826 0.03430 -0.10359 0.03318 0.06818 -0.10041
0.01007 -0.03619 0.10826 -0.01853 -0.02109 0.10910
]
