classifier_Monkey_bumps_into_man_20370 [ 0.49191 -0.70967 1.83516 -0.03946 -0.58465 1.8531
-0.00068 0.00084 -0.00361 0.00087 0.00163 -0.00429
0.00163 -0.00313 0.01436 -0.00039 -0.00216 0.01204
0.00113 0.00058 0.00919 0.00029 -0.00234 0.00348
0.00210 -0.00260 0.00174 -0.00132 -0.00054 0.00309
0.00021 -0.00024 0.00095 0.00177 -0.00038 0.00256
-0.00460 0.00260 -0.01396 -0.00197 0.00399 -0.01019
0.00172 0.00259 -0.01041 -0.00161 0.00043 -0.00912
-0.01176 0.00335 -0.05106 0.00264 0.00913 -0.02550
-0.02553 -0.00024 0.08732 -0.00127 -0.00727 0.02072
-0.01578 0.00642 -0.00706 -0.00170 0.00289 -0.00337
-0.04503 0.01936 0.07976 -0.00145 0.00104 0.02535
-0.00933 0.01601 0.13914 0.00087 -0.00199 0.05716
-0.01961 -0.00760 -0.07537 0.00541 0.05285 -0.03579
-0.01725 -0.00107 0.09842 0.02717 0.03391 0.07376
-0.03766 -0.03185 -0.11036 0.00023 0.15828 -0.06264
0.00697 0.00294 -0.00979 -0.00517 0.07062 -0.00277
0.01329 0.01657 0.07715 -0.00958 0.05606 0.03254
-0.00432 0.00223 -0.05293 -0.00832 0.05398 -0.01732
-0.00295 0.00245 -0.02539 0.00077 0.11271 0.00396
-0.00768 -0.00206 -0.05521 0.00130 0.08461 -0.01052
-0.00118 0.00071 0.01085 -0.00134 0.02436 0.01890
-0.00336 -0.00122 0.00229 0.00404 0.03295 0.01013
0.02721 -0.02783 -0.14056 -0.00029 0.00286 -0.04131
-0.01208 0.04098 0.25208 -0.00015 0.00902 0.10457
-0.00221 -0.00024 -0.00738 0.00002 -0.01090 -0.00588
0.00175 -0.00341 0.01412 0.00323 -0.01552 0.01249
-0.02035 -0.01577 -0.08714 0.01587 -0.00495 -0.03296
0.01205 0.01678 0.06146 0.00211 -0.03554 0.02695
-0.00780 -0.01143 -0.02898 -0.00394 -0.05489 -0.00294
0.00073 -0.00190 -0.01590 0.00714 -0.03136 -0.00529
0.00028 -0.00298 -0.00773 -0.00950 -0.12120 0.00817
-0.00155 -0.00307 -0.01032 -0.01416 -0.00649 -0.02649
0.00224 0.00254 0.01531 -0.06077 0.01794 -0.01649
-0.00143 -0.00344 -0.00339 -0.08365 0.03556 -0.02485
0.00093 -0.00341 -0.00318 -0.04117 0.01164 0.00526
-0.00269 0.00350 0.00022 -0.03932 0.00142 0.00482
0.00622 0.00324 0.03007 -0.03399 -0.00520 0.01817
0.00264 -0.00557 0.01586 -0.02714 -0.01383 0.02386
-0.00209 -0.00077 -0.00906 -0.01850 -0.02199 -0.00266
0.00304 -0.00134 0.02163 -0.03315 -0.08003 0.00779
-0.00227 -0.00151 -0.02228 -0.00672 -0.02166 -0.01472
-0.00372 0.00414 -0.02665 -0.00174 -0.01625 -0.01412
0.01344 0.00865 0.03367 -0.00668 -0.00637 0.02446
0.01729 0.00959 0.01146 -0.00519 0.00173 0.01911
0.01620 0.02310 -0.02302 -0.00797 0.01349 0.00209
0.04930 0.04646 0.07686 -0.01602 0.00461 0.04059
0.01567 0.00366 0.03046 -0.01070 -0.00006 0.03600
-0.02874 -0.01414 -0.11098 0.00933 0.00941 -0.05384
0.00725 0.01708 -0.02881 0.00878 0.00634 -0.04819
0.01668 0.00127 0.04048 -0.00322 -0.00633 0.01692
-0.00279 0.02532 0.05388 -0.00205 -0.00371 0.01185
0.02827 0.09819 0.22248 -0.02419 -0.01845 0.12449
0.00548 0.03966 0.04332 0.00269 -0.00292 0.00380
-0.01699 -0.02988 -0.01422 0.00536 0.00240 -0.01981
0.05113 -0.10486 0.02482 -0.00277 -0.00076 0.01161
-0.01196 0.01048 0.01475 0.00016 0.00201 0.00024
-0.03470 0.02046 0.02520 0.00060 0.00303 -0.00092
-0.01730 0.03304 -0.00343 0.00028 0.00161 -0.00007
0.00419 0.04520 -0.01908 0.00146 0.00267 -0.01186
-0.00302 0.01431 -0.03301 0.00008 0.00150 -0.00238
-0.01144 0.01891 -0.07529 0.00407 0.00214 -0.02106
0.01625 0.02279 -0.04617 -0.00051 0.00048 0.00062
-0.02204 0.05109 -0.14091 0.01337 0.00636 -0.06458
-0.00011 0.08451 -0.05034 0.00647 0.00330 -0.02065
-0.00558 0.07634 0.02640 -0.00207 -0.00072 0.01966
0.01019 0.05705 0.05231 -0.00330 -0.00392 0.03640
0.00507 0.03864 0.01679 -0.00014 0.00146 0.00883
-0.01805 0.00327 -0.02832 0.00940 0.00552 -0.02428
-0.02017 -0.02420 -0.00566 -0.00068 -0.00063 0.00479
-0.01885 -0.04456 0.00028 -0.00227 -0.00197 0.01097
-0.01972 -0.03987 -0.01640 0.00101 0.00104 -0.01060
-0.01008 -0.02583 -0.01383 0.00176 0.00213 -0.01343
-0.00782 -0.00130 -0.04965 0.01055 0.00707 -0.05461
0.01341 0.00204 0.04999 -0.00679 -0.00294 0.04485
0.00714 0.01295 0.00416 0.00259 0.00248 -0.00208
0.00479 0.01279 0.00815 0.00023 0.00281 0.00631
-0.00737 0.01680 -0.03711 0.00769 0.00679 -0.03402
-0.00621 0.00660 -0.00060 0.00000 0.00039 0.00379
-0.03405 0.00975 -0.03125 0.00574 0.00390 -0.01785
-0.01628 -0.00041 0.02138 -0.00319 -0.00132 0.03055
-0.03302 0.00899 -0.05314 0.01277 0.00607 -0.04608
-0.15080 -0.00174 -0.04732 0.03575 0.00601 -0.00778
-0.03796 -0.01120 0.03324 0.00983 -0.00036 0.03337
-0.05752 -0.04350 0.02241 0.03878 0.00516 0.00872
-0.07445 0.01573 -0.04137 0.02866 0.00615 -0.04403
-0.01611 -0.01290 -0.01798 0.06223 0.02809 -0.04433
-0.00234 0.00029 0.02496 -0.02290 0.00193 0.02179
-0.02364 0.02955 -0.00602 -0.01133 0.00785 0.00119
0.05020 0.01145 0.01187 -0.06590 -0.03406 0.04383
0.01939 0.01307 -0.00222 -0.01305 0.00203 0.01251
0.02516 0.01163 -0.00340 -0.01267 0.00073 0.00591
0.02806 0.00633 0.00347 -0.01111 -0.00057 0.01558
0.03056 0.00241 -0.00901 -0.00784 0.00213 -0.00332
0.03067 -0.00332 0.01217 -0.00958 -0.00384 0.01699
0.02898 -0.00376 -0.01474 -0.00260 0.00020 -0.01297
0.05427 -0.01883 0.02182 -0.00916 -0.00801 0.01770
0.01929 -0.00478 0.00184 -0.00166 -0.00377 0.00216
0.03262 -0.02291 0.00804 0.00419 -0.00623 -0.00469
0.00014 -0.00061 0.00347 0.00200 -0.00290 -0.00016
-0.00079 0.00070 -0.00143 0.00292 0.00086 -0.00195
-0.00117 0.00027 -0.00445 0.00178 0.00037 -0.00722
0.00158 -0.01015 -0.04821 0.01047 0.00098 -0.04600
0.01103 -0.01268 0.03771 -0.00447 -0.00852 0.03983
0.01150 -0.01391 -0.00610 0.00223 -0.00425 -0.00109
0.01506 -0.01767 -0.03706 0.00800 -0.00295 -0.03145
0.01666 -0.02072 -0.08109 0.01602 -0.00110 -0.07832
0.02721 -0.03216 -0.02554 0.00971 -0.01587 -0.01797
-0.10388 0.09097 -0.04445 0.05530 -0.07049 -0.06809
0.23008 -0.25292 -0.09288 0.03545 -0.02244 -0.09940
0.06287 -0.07327 0.10862 0.02192 -0.06424 0.11486
0.04814 -0.07686 -0.04343 0.10707 -0.12387 0.00335
-0.00756 -0.03284 -0.03440 0.01650 0.00622 -0.05393
0.01156 -0.02631 -0.00334 0.01312 -0.01907 0.01408
0.01400 -0.02328 0.02922 0.01511 -0.03662 0.04034
-0.02164 -0.00379 0.13559 0.00760 -0.02559 0.05451
0.01160 -0.01335 -0.04075 -0.00215 0.00264 -0.00765
-0.02424 -0.01066 0.03189 -0.00180 0.00545 -0.01573
-0.00650 0.00552 -0.01551 -0.00146 0.00710 -0.01851
0.00200 -0.00439 0.01324 0.00152 -0.00716 0.01221
-0.00059 -0.00049 0.00593 0.00061 -0.00202 0.00579
-0.00080 -0.00170 0.00854 -0.00082 -0.00263 0.00265
-0.00350 0.00432 -0.01191 0.00045 0.00420 -0.01787
-0.00250 0.00017 0.00366 0.00111 0.00088 -0.00043
-0.00022 0.00106 0.00181 0.00149 -0.00071 -0.00080
-0.00072 -0.00010 0.00204 -0.00001 0.00024 0.00005
-0.00200 0.00158 0.00179 -0.00095 -0.00111 -0.00148
-0.00098 0.00044 0.00254 0.00108 0.00104 0.00133
-0.00144 0.00325 -0.01300 -0.00060 0.00180 -0.01148
0.00049 -0.00038 0.00099 -0.00023 0.00024 0.00184
-0.00178 -0.00022 -0.00029 0.00106 -0.00149 -0.00008
-0.00144 0.00227 -0.00558 -0.00116 0.00230 -0.00368
0.00118 0.00014 0.00521 0.00008 -0.00128 0.00107
0.00061 -0.00125 -0.00109 -0.00187 0.00381 0.00362
0.00025 -0.00145 0.00060 -0.00063 -0.00345 0.00007
]
