classifier_Man_weaves_and_bumps_into_car_22297 [ 0.6809 -0.72834 1.95209 -0.11168 -0.63604 1.81099
-0.00141 -0.00004 -0.00089 0.00072 0.00079 -0.00038
0.00117 -0.00146 0.00014 0.00163 0.00022 -0.00142
-0.00090 0.00027 -0.00193 -0.00227 -0.00020 0.00091
-0.00407 0.01078 -0.00780 -0.00003 -0.00005 -0.00076
-0.00855 0.00251 -0.00272 -0.00322 0.00210 0.00565
0.00254 0.00917 -0.00267 -0.00524 -0.00223 0.00686
-0.08671 0.04186 0.07871 -0.00628 -0.01939 0.05048
-0.02385 0.01515 -0.01430 -0.00931 -0.00012 -0.00157
-0.08568 0.01793 0.00898 -0.01859 -0.00464 0.02484
-0.03788 0.00534 -0.00876 -0.02177 -0.00846 -0.00653
-0.14707 -0.05977 -0.18670 -0.00216 0.02408 -0.06791
-0.00049 -0.00181 0.01328 -0.01687 0.00781 0.03893
-0.00377 0.00653 0.00696 -0.00436 0.00144 0.00852
-0.00581 0.00347 -0.00433 -0.00074 -0.00230 -0.00505
-0.00424 0.00196 0.00069 -0.00378 0.00312 0.01376
0.00119 0.00120 -0.00364 -0.00339 0.00146 -0.00221
-0.00362 0.00698 -0.02035 -0.00010 -0.00719 -0.03533
-0.00317 0.00299 -0.01361 0.00390 0.00001 -0.01557
0.00162 0.00230 -0.00411 -0.02326 0.08788 0.03384
0.06043 0.03052 0.15450 -0.04108 0.07773 0.04457
0.06163 0.14854 0.04829 -0.05348 0.26912 -0.00656
0.00090 0.06408 -0.02507 -0.01390 0.11514 0.00972
-0.02751 0.16905 -0.15171 0.00946 0.19889 -0.06422
0.01218 0.08270 0.04688 -0.01243 0.04815 0.08225
-0.00011 0.09369 -0.00001 0.00641 0.01631 0.00853
-0.01316 0.10414 0.00231 0.01357 -0.01119 -0.00297
-0.01853 0.09029 -0.03687 0.02095 -0.05696 -0.05858
-0.00088 0.14652 0.11825 0.00872 -0.16389 0.05546
0.00319 0.03886 0.06887 0.01106 -0.07213 0.03562
-0.00552 0.01664 0.01895 0.01516 -0.03960 0.00807
-0.01341 -0.03782 -0.02772 0.01272 0.01940 -0.01303
0.00092 -0.14531 -0.06135 -0.01244 0.12722 -0.02094
-0.01938 -0.08545 -0.13526 0.00619 0.07954 -0.10802
0.01750 -0.14026 0.14642 -0.03738 0.14897 0.19939
-0.01064 -0.03414 0.00023 -0.00330 0.03614 0.01559
-0.00178 -0.00477 0.00400 0.00007 0.01190 0.00815
0.00640 0.02264 0.00743 0.00596 -0.00495 -0.00049
0.01188 0.04478 0.00622 0.00553 -0.03266 -0.00550
0.00002 0.06355 -0.02603 0.00656 -0.07462 -0.03401
0.05208 0.06732 0.02074 0.09626 -0.18576 -0.13918
-0.03587 0.18159 0.02810 -0.01948 -0.13953 0.11221
0.00668 0.00459 0.04060 -0.00229 -0.00471 0.03403
0.01025 -0.00228 0.08023 -0.01985 0.02043 0.07836
-0.05017 -0.12516 -0.18626 -0.03142 0.20602 -0.17048
0.03045 -0.17198 0.09029 -0.02727 0.07754 0.08212
-0.00015 -0.08897 0.03026 -0.01413 0.07980 0.02562
-0.01448 -0.07064 -0.01884 -0.00476 0.05567 -0.02305
-0.01887 -0.05335 -0.01925 0.00246 0.04119 -0.03964
-0.02191 -0.04109 -0.06425 0.01483 0.02302 -0.09007
-0.00390 -0.04878 0.04762 -0.00152 0.01901 0.02087
-0.02697 -0.07829 0.01769 0.01753 -0.00383 -0.03032
-0.04118 -0.04913 0.04709 0.02367 -0.04983 -0.02736
0.03338 -0.07292 0.14591 -0.01577 -0.04025 0.09913
-0.00063 0.00810 0.00948 0.00411 -0.04716 -0.00938
-0.00119 -0.00146 -0.00041 -0.00535 -0.05757 -0.00848
-0.00192 -0.00123 0.00399 0.00199 -0.03775 -0.00072
0.00371 0.00195 -0.00040 -0.00487 -0.03726 -0.00322
-0.00084 0.00057 -0.00328 0.00401 -0.02255 -0.00293
-0.00253 0.00459 -0.00134 -0.00502 -0.02022 0.00154
0.00019 0.00086 -0.00299 -0.00509 0.00416 0.00094
-0.00044 -0.00017 -0.00236 -0.00206 0.00402 -0.00067
0.00119 -0.00131 0.00308 -0.00156 0.00455 0.00376
-0.00022 0.00017 0.00097 -0.00225 0.00632 0.00292
0.00278 -0.00191 0.00138 -0.00268 -0.00016 0.00237
0.00109 0.00113 0.00037 -0.00054 0.00122 -0.00019
0.00648 0.00623 -0.00280 -0.00092 0.00219 -0.00133
0.04080 0.01585 0.05676 -0.00831 0.00184 0.04859
0.01448 0.00277 -0.01053 -0.00334 -0.00019 0.00280
0.06190 0.04311 -0.04946 -0.00177 0.00269 0.01032
0.01177 0.01121 -0.02681 0.00079 0.00029 -0.01289
0.01291 0.01100 -0.01092 0.00073 0.00038 -0.00577
0.00967 0.00014 0.00717 -0.00598 -0.00052 0.01891
0.00566 0.00502 -0.00747 0.00019 -0.00031 -0.00132
0.00600 0.01333 -0.01529 -0.00104 -0.00001 -0.00035
-0.00374 0.15471 -0.13489 0.00219 -0.00093 -0.03022
0.01610 0.09496 0.10581 -0.01030 0.00207 0.09494
-0.03440 0.11710 -0.09070 0.00372 -0.00184 -0.07449
-0.03136 0.09598 -0.06561 0.00877 -0.00256 -0.07075
-0.00398 0.08454 0.09464 -0.01334 0.00098 0.08742
-0.03727 0.07371 -0.04774 0.00808 -0.00070 -0.04939
-0.01857 0.06786 0.05560 -0.00695 0.00130 0.05236
-0.04084 0.09319 0.09110 -0.00565 0.00418 0.07965
-0.02807 -0.00102 -0.08225 0.00523 -0.00164 -0.08249
-0.01489 0.00648 0.01424 -0.00050 0.00415 0.00855
-0.01338 0.00190 0.01089 -0.00009 0.00298 0.00196
0.00854 -0.08178 0.02860 -0.00653 0.00328 0.01530
-0.00526 -0.02559 -0.03051 0.01242 0.00044 -0.03795
0.01824 -0.06389 0.01255 -0.00229 0.00051 0.00943
-0.00051 -0.03778 -0.01736 -0.00035 -0.00325 -0.02224
0.00868 -0.06378 -0.03821 0.00508 -0.00208 -0.04122
0.00679 -0.05193 -0.00617 -0.00382 -0.00171 -0.01174
0.01268 -0.10988 0.03107 -0.00275 -0.00286 0.00599
-0.01896 -0.01900 -0.10789 0.01660 -0.00476 -0.10849
-0.00376 -0.02114 0.01352 0.00041 -0.00073 -0.00336
0.02957 -0.03535 0.20467 -0.02846 0.00233 0.17514
0.00430 0.00571 -0.03297 0.00661 -0.00029 -0.03910
0.09216 0.00462 -0.08913 0.00603 -0.00273 -0.04048
0.13722 0.07355 -0.12275 0.00185 -0.00788 -0.07515
0.07927 0.00655 0.16819 -0.02746 -0.00015 0.15999
0.00169 0.01709 -0.16451 0.02238 -0.00599 -0.15584
0.01772 0.00301 0.00435 -0.00241 -0.00295 0.00143
0.01247 -0.00054 0.00371 -0.00047 -0.00048 0.00083
0.01002 -0.00219 0.00275 -0.00277 -0.00357 0.00118
0.00471 -0.00217 0.00279 -0.00050 -0.00169 0.00017
0.00331 -0.00380 0.00174 -0.00052 -0.00268 0.00006
0.00063 -0.00223 -0.00012 -0.00052 -0.00199 0.00018
-0.00031 -0.00220 0.00152 -0.00088 -0.00104 0.00163
-0.00401 -0.00180 -0.00149 0.00024 0.00034 0.00204
-0.00244 0.00028 -0.00121 -0.00058 0.00009 0.00294
-0.00373 -0.00014 -0.00402 -0.00124 0.00057 -0.00020
-0.00165 -0.00091 -0.00563 0.00011 0.00083 0.00199
-0.00037 -0.00230 -0.00378 -0.00068 0.00015 0.00542
0.00249 -0.00458 -0.01707 -0.00076 0.00102 0.01389
0.01033 -0.00591 -0.00552 -0.00512 0.00027 0.03793
-0.00532 -0.00058 -0.03096 0.00191 0.00030 -0.00770
-0.00798 -0.00319 -0.02904 0.00303 -0.00006 -0.00964
-0.00428 0.00028 -0.00166 -0.00025 0.00015 0.01425
-0.01436 0.00072 -0.00877 -0.00012 -0.00065 0.00141
-0.02133 0.00295 -0.00200 0.00175 -0.00027 -0.00136
-0.02504 -0.00247 0.00726 0.00002 -0.00109 0.00351
-0.02942 -0.00333 0.01228 0.00006 -0.00073 0.00046
-0.10197 -0.00428 0.05448 -0.00024 -0.00073 0.00123
-0.01242 -0.01913 0.09222 -0.00989 0.00027 0.07563
-0.03951 0.01210 -0.00225 0.00316 -0.00015 -0.01797
-0.06034 0.00155 0.02413 0.00050 0.00028 0.00473
-0.02722 -0.00454 0.03040 -0.00480 0.00095 0.03568
-0.00149 0.00857 -0.02977 -0.00152 0.00255 0.01551
0.00326 0.00618 -0.03209 0.00238 0.00194 0.00186
-0.00625 0.02331 -0.07478 0.00810 0.00129 -0.04536
0.01497 -0.00562 -0.00426 -0.00463 0.00163 0.03746
0.00302 0.01045 -0.03288 0.00090 0.00022 -0.00115
-0.00023 0.00680 -0.03584 0.00348 0.00125 -0.00967
-0.01918 -0.00205 -0.05066 0.00592 0.00118 -0.03530
-0.01803 -0.00250 0.03693 -0.00436 0.00126 0.02759
-0.02790 0.00056 0.02488 -0.00037 0.00080 0.00547
-0.05140 -0.01198 0.05588 -0.00167 -0.00072 0.00555
-0.03293 -0.00410 0.03423 -0.00053 -0.00012 0.00518
-0.00930 -0.00061 0.00235 0.00042 -0.00033 -0.00288
-0.00486 0.00100 0.00087 -0.00037 0.00001 0.00041
-0.00111 -0.00151 -0.00271 0.00081 0.00083 -0.00086
-0.00162 0.00047 0.00011 0.00037 0.00029 0.00236
-0.00107 -0.00022 -0.00334 -0.00096 0.00057 0.00071
-0.00193 0.00009 -0.00258 0.00016 0.00117 0.00072
-0.00572 -0.00119 -0.00065 -0.00003 -0.00032 0.00195
-0.07885 -0.04000 0.00208 -0.00278 -0.02857 -0.00212
-0.19837 0.11008 -0.10107 0.09949 0.03875 -0.12544
-0.00199 0.06000 0.06983 0.00509 0.04628 0.06843
0.01735 0.04830 -0.11280 0.07338 0.06695 -0.12491
0.09013 -0.00230 -0.01633 0.03165 0.03054 -0.01198
0.03632 0.02703 0.03954 -0.05490 0.05102 0.07514
0.02488 0.04689 0.10728 -0.14524 -0.07888 0.12928
0.02507 0.03703 0.00707 -0.00323 0.00855 0.00311
0.02511 0.02360 0.01031 -0.00092 0.00559 0.00325
0.02674 0.00749 -0.01664 0.00490 0.00044 -0.02322
0.02716 0.00895 0.00551 0.00122 0.00113 0.00278
0.02995 -0.00036 0.00530 0.00036 -0.00252 0.00021
0.07658 -0.06717 0.01261 -0.00400 -0.01047 0.01165
0.02805 -0.00768 0.01109 -0.00337 -0.00678 0.00834
0.03042 -0.00900 0.00886 -0.00361 -0.00773 0.00565
0.03615 -0.00931 0.04629 -0.00934 -0.00678 0.04263
0.03415 -0.01438 0.01772 -0.00699 -0.00952 0.01529
0.03210 -0.02635 -0.00110 -0.00403 -0.01163 -0.00525
0.03097 -0.02132 0.00117 -0.00361 -0.01156 -0.00441
0.02976 -0.02382 -0.00231 -0.00358 -0.01283 -0.00663
0.02976 -0.02559 -0.00075 -0.00303 -0.01279 -0.00441
0.02957 -0.04525 0.00157 -0.00217 -0.01366 -0.00450
0.02848 -0.03483 -0.00282 -0.00411 -0.01574 -0.00496
0.02174 -0.04155 -0.01683 0.00103 -0.01702 -0.02224
0.02835 -0.04970 -0.00490 -0.00447 -0.02007 -0.00398
0.01641 -0.06649 -0.03915 0.00680 -0.01972 -0.05029
0.00994 -0.04774 -0.06681 0.01288 -0.01640 -0.06842
0.06466 -0.07962 0.09885 -0.02224 -0.02175 0.09210
0.02581 -0.06651 -0.00869 0.00677 -0.01625 -0.02555
0.03764 -0.06932 0.01655 -0.00161 -0.01778 0.00895
-0.05695 -0.11530 -0.07346 0.03003 -0.09459 -0.14108
0.03254 -0.04624 0.08073 0.00741 -0.05219 0.07776
0.00171 -0.02579 -0.03752 0.01032 -0.03704 -0.02421
0.00702 -0.03722 0.07922 0.03546 -0.09773 0.06735
-0.00217 -0.01820 0.01348 0.02515 -0.04406 0.02137
-0.00807 -0.01609 0.00205 0.03268 -0.04107 0.00779
-0.01535 -0.00480 -0.10206 0.05638 -0.20991 -0.15479
0.00202 -0.01138 -0.00849 0.04097 0.13038 0.02849
0.00278 -0.01267 -0.01666 0.01380 -0.09859 -0.01184
-0.00106 -0.00317 -0.01172 0.00398 0.00208 -0.01546
-0.00362 0.00169 -0.00867 0.00227 -0.00429 -0.00677
-0.00255 0.00083 -0.00084 0.00155 -0.00220 -0.00224
-0.00023 -0.00172 -0.00084 0.00029 0.00124 0.00165
0.00319 -0.00202 -0.00180 0.00006 -0.00080 -0.00145
0.00212 -0.00086 0.00028 -0.00028 -0.00050 -0.00210
-0.00025 0.00134 0.00278 0.00039 0.00007 0.00014
0.00112 -0.00201 -0.00447 -0.00045 0.00139 -0.00162
0.00183 -0.00114 0.00247 0.00067 -0.00157 0.00089
-0.00107 -0.00050 -0.00044 0.02345 -0.00425 -0.01639
0.00295 -0.00276 0.00787 -0.03221 0.00361 0.03104
0.00042 -0.00085 0.00372 0.00936 0.05189 0.05355
0.01716 -0.01682 0.04791 -0.00465 -0.00849 0.05323
-0.02081 0.02147 -0.06099 0.03513 -0.04495 -0.13792
0.03417 -0.03494 0.09549 -0.02934 0.03363 0.16545
-0.03460 0.03629 -0.09559 0.02902 -0.03657 -0.16999
0.00033 -0.00008 0.00233 -0.00060 -0.00065 0.00224
0.02919 -0.02956 0.08045 -0.03310 0.04422 0.15896
-0.01793 0.01793 -0.05145 -0.00324 0.00514 -0.05241
-0.00078 0.00172 -0.00038 -0.00135 0.00198 0.00168
]
