classifier_Man_jumps_on_fence_20227 [ 0.71941 -0.77737 1.92309 -0.13587 -0.64155 1.7416
0.00134 -0.00080 0.00288 -0.00056 -0.00006 0.00242
0.00154 0.00056 -0.00115 0.00019 -0.00032 0.00089
0.00410 -0.00568 0.01528 -0.08921 -0.04159 0.03691
0.01443 -0.02087 0.04887 0.09461 0.05998 -0.00369
0.01964 -0.02731 -0.00716 -0.00034 0.00043 0.00250
-0.06511 0.01136 -0.06223 -0.00011 -0.00042 0.00276
-0.06885 0.18105 -0.02011 0.00394 0.03240 0.00905
-0.11178 0.01562 -0.05061 -0.00112 -0.00245 0.00798
-0.06428 0.01876 -0.01338 -0.00127 -0.00002 0.00403
-0.07239 0.03097 0.04562 -0.00084 0.00130 -0.00001
-0.08239 -0.05369 -0.06491 -0.00415 -0.02076 -0.01457
-0.03327 -0.00248 -0.02430 0.00001 0.00379 -0.00818
-0.01305 0.02455 0.04927 -0.00493 -0.00751 0.03575
-0.01313 -0.00546 0.00544 -0.00442 -0.00043 0.01642
-0.02500 0.03446 0.04628 -0.00329 -0.00311 0.00994
-0.00771 -0.00628 -0.00176 -0.00375 0.00228 0.00804
-0.00304 -0.00235 -0.00275 -0.00201 0.00130 0.00152
-0.00626 0.01144 -0.04921 0.01003 0.01605 -0.04693
-0.00078 -0.00087 -0.01126 0.00060 0.00334 -0.00888
0.00383 -0.01199 0.03457 -0.01244 -0.01030 0.03878
-0.00029 -0.00132 0.00109 -0.00087 -0.00014 0.00244
0.01366 0.01342 0.02138 -0.00026 0.00044 0.00035
-0.00088 -0.00090 0.00151 -0.00107 -0.00010 0.00230
-0.00485 0.01049 -0.03573 0.01433 0.00504 -0.04458
0.00263 -0.00869 0.02471 -0.01054 -0.00453 0.03021
-0.00069 -0.00295 0.00547 -0.00266 -0.00075 0.01019
-0.01406 -0.01289 -0.01740 -0.00046 0.00008 0.00146
-0.00029 -0.00006 0.00140 -0.00115 0.00021 0.00291
-0.00019 -0.00037 0.00300 0.00003 -0.00095 0.00170
0.01386 0.01095 0.01834 -0.00055 0.00024 0.00185
0.00032 -0.00086 0.00108 -0.00018 -0.00027 0.00115
0.00001 0.00002 0.00112 -0.00022 -0.00029 0.00133
-0.01298 -0.01444 -0.01293 -0.00063 -0.00177 0.00702
0.01308 0.01286 0.01740 -0.00096 0.00245 0.00086
0.00056 0.00019 -0.00064 0.00023 0.00024 -0.00025
0.00155 -0.00032 0.00274 -0.00077 -0.00050 0.00166
0.00076 0.00048 -0.00069 -0.00040 0.00432 0.00166
0.00089 0.00442 0.00404 -0.00140 0.00407 0.00293
0.00133 0.01000 0.00299 -0.00520 0.01027 0.00837
-0.00854 0.01504 -0.00865 0.00343 0.02694 0.02291
-0.02393 0.03527 0.00144 -0.00482 0.03557 -0.01933
0.01863 0.06663 -0.01933 -0.00011 0.05164 -0.03506
-0.11230 0.17630 -0.10455 0.09066 0.19797 -0.12371
-0.08890 0.04443 -0.09078 -0.01404 0.04475 -0.03898
0.01897 0.07152 0.01518 0.13839 0.07897 0.02237
0.02184 0.07166 0.02552 0.04199 0.07653 0.02441
-0.02500 0.02181 0.01405 -0.00193 0.01522 0.00890
-0.12962 0.00254 -0.04456 0.00604 0.01708 -0.03979
0.08641 0.05176 0.06714 -0.01846 0.02172 0.05738
-0.00363 0.01247 -0.03314 0.06272 0.00158 -0.03007
0.02479 -0.00711 0.02254 -0.06037 0.01655 0.02427
-0.00875 0.00369 -0.00642 -0.00764 0.00294 -0.00487
0.01436 0.00356 -0.01466 -0.05085 0.00592 -0.01059
-0.01495 0.00983 -0.09152 -0.00464 0.03116 -0.12337
0.01133 0.00510 0.09067 -0.09045 0.01079 0.05833
0.12931 -0.02754 0.02388 -0.09501 -0.00101 -0.01945
0.12988 -0.06270 0.29540 -0.14650 -0.08316 0.36216
0.02363 -0.02258 0.00596 -0.01734 0.00182 -0.01114
0.03005 -0.02716 0.04596 -0.02178 -0.00856 0.02732
-0.13724 0.09025 -0.31557 0.02117 -0.00122 -0.19813
0.06568 -0.01607 -0.05645 -0.01265 -0.00053 -0.01649
0.00455 -0.00257 -0.08804 0.01642 -0.00834 -0.10214
-0.00002 -0.09971 0.15146 -0.00278 -0.00973 0.00298
0.15390 -0.03533 0.14575 -0.01585 -0.00722 0.07960
0.00359 -0.00247 0.00562 0.00149 -0.00492 0.00466
0.00428 -0.00120 0.00654 0.00219 -0.00358 0.00201
0.00130 -0.00027 0.00148 0.00339 -0.00329 -0.00087
0.00097 0.00044 0.00262 0.00297 -0.00204 0.00183
-0.00260 0.00070 -0.00126 0.00764 0.00080 -0.00451
-0.00170 -0.00080 -0.00040 0.00185 0.00222 0.00183
0.01665 -0.01357 0.11657 -0.01848 -0.00485 0.11073
-0.00759 -0.00347 -0.00423 0.00159 0.00191 -0.00141
-0.00626 -0.00721 0.00318 0.00024 -0.00197 0.00585
-0.01350 -0.00778 0.00846 -0.00192 -0.00005 0.01475
-0.01149 -0.00352 -0.01123 0.00239 -0.00435 -0.00840
-0.00784 0.00506 -0.03006 0.00477 0.00125 -0.02135
-0.00729 0.02247 -0.04005 0.00814 0.00007 -0.01996
-0.05909 0.10463 -0.21627 0.03919 0.00679 -0.18483
-0.00984 0.05084 0.01129 0.00201 0.00152 0.01196
-0.01892 0.13885 0.10973 -0.00659 -0.01151 0.12189
-0.01356 0.06486 0.00043 0.00488 -0.00331 0.01335
-0.07081 0.19610 -0.03086 0.01406 0.00225 -0.04132
0.02031 -0.00230 0.05805 -0.00714 -0.00447 0.05589
-0.01419 -0.00592 -0.10109 0.01584 0.00936 -0.10172
-0.00493 0.02122 0.01682 -0.00120 -0.00130 0.00323
-0.00433 0.01600 0.01318 -0.00027 -0.00028 0.00080
-0.02970 0.06879 0.03453 -0.00023 -0.00132 -0.00452
-0.00259 0.00478 0.01368 -0.00056 -0.00195 0.00142
0.00200 -0.00536 0.00660 0.00106 -0.00088 0.00214
-0.00104 -0.00145 0.00479 0.00093 -0.00486 -0.00020
-0.00055 -0.00101 0.00644 -0.00059 0.00243 0.00159
0.00240 -0.00399 0.00414 -0.00026 -0.00042 0.00279
0.00412 -0.00088 0.00224 0.00064 -0.00373 0.00085
0.00093 0.01040 0.00046 -0.00222 0.00244 0.00101
-0.00409 -0.00671 0.00432 -0.00518 0.00074 0.00755
-0.01279 0.00866 -0.01481 -0.00202 -0.00128 0.00421
0.00744 -0.03460 -0.00880 -0.00074 0.00014 0.00169
0.01069 0.00202 0.10234 -0.01716 -0.00832 0.10774
0.02716 -0.04834 -0.00831 -0.00026 0.00022 0.00115
-0.00268 -0.02535 -0.00940 0.00048 0.00048 -0.00326
-0.00763 -0.02420 -0.00834 0.00085 -0.00038 -0.00221
-0.00792 -0.02749 -0.00559 0.00104 -0.00064 -0.00193
-0.00592 -0.02546 -0.00377 -0.00015 -0.00068 -0.00164
-0.00360 -0.02669 -0.00210 0.00117 -0.00107 -0.00223
-0.01534 -0.02985 -0.01305 0.00170 0.00012 -0.01274
-0.01227 -0.08754 0.01568 -0.00190 -0.00429 0.00444
0.01960 -0.02252 -0.00862 0.00026 -0.00106 -0.00779
0.01728 -0.06818 -0.00452 0.00050 -0.00167 -0.01126
-0.04437 -0.04021 0.01228 -0.00007 0.00044 -0.00810
0.00353 -0.01733 0.00397 -0.00103 0.00057 -0.00492
0.00576 -0.02135 0.00221 -0.00169 -0.00020 -0.00086
-0.00903 -0.00566 -0.11073 0.01609 0.00496 -0.10880
0.00271 -0.00335 0.00110 -0.00099 0.00184 -0.00015
-0.00038 -0.00339 -0.00266 0.00137 -0.00176 -0.00046
0.00017 -0.00070 0.00280 -0.00111 -0.00030 0.00020
0.01208 0.00403 -0.00600 -0.00010 0.00103 -0.00084
-0.00058 -0.00018 0.00068 0.00040 -0.00066 0.00030
0.00045 -0.00018 0.00097 0.00006 0.00015 -0.00060
0.00018 0.00014 0.00018 0.00087 -0.00062 0.00223
-0.00014 -0.00056 0.00035 0.00078 0.00100 -0.00215
0.00014 0.00013 0.00088 0.00013 0.00073 0.00086
-0.00017 0.00011 0.00034 0.00031 -0.00116 -0.00042
0.00017 0.00036 -0.00036 -0.00048 -0.00011 -0.00144
-0.00111 0.00080 -0.00157 0.00038 0.00130 0.00073
-0.03482 -0.00914 -0.00648 0.00084 -0.00100 -0.00053
0.02771 0.02154 -0.00792 0.00016 0.00042 -0.00109
-0.03232 -0.00399 -0.03777 0.00510 0.00204 -0.03454
-0.03146 0.00493 -0.01748 0.00073 0.00174 -0.00839
0.03603 0.05872 0.00418 -0.00392 -0.00109 0.02217
-0.01285 0.03182 -0.02200 0.00126 0.00044 -0.00266
-0.00540 0.04254 -0.01964 0.00116 0.00083 -0.00227
-0.04115 0.03557 -0.02073 0.00123 -0.00108 0.00802
0.07631 0.05998 0.13735 -0.02061 -0.00367 0.13649
-0.02499 0.02202 -0.13050 0.02355 0.00748 -0.11900
-0.08414 0.05856 -0.02633 0.01223 -0.00139 -0.01886
-0.13806 0.03165 0.14607 0.00439 -0.02236 0.15809
-0.03810 -0.04297 -0.11949 0.02291 0.00938 -0.10556
-0.06563 -0.03062 0.04129 0.00081 -0.00748 0.04687
-0.00748 -0.04151 0.01372 0.00067 -0.00299 0.02234
-0.05680 -0.07131 -0.08312 0.01254 0.00541 -0.09841
-0.00092 -0.06432 -0.06519 0.00313 0.00641 -0.09896
-0.00795 -0.04742 0.03685 -0.01925 -0.01361 -0.07990
-0.01000 -0.03152 0.03558 0.05074 0.04702 -0.12564
-0.02721 -0.05834 0.01404 0.00723 0.00313 0.00623
-0.00371 -0.01000 0.00334 0.00176 -0.00453 -0.00009
-0.00424 0.00319 0.00181 -0.02598 -0.04008 -0.01039
-0.00108 0.00606 0.00184 0.00629 -0.00434 0.00006
-0.00241 0.00589 0.00032 0.00011 -0.00683 -0.00103
-0.00082 0.00616 0.00521 -0.00108 -0.00622 0.00372
0.00051 0.00196 0.00184 -0.00020 -0.00483 0.00064
0.00075 0.00384 0.00717 -0.00096 -0.00351 0.00708
-0.00087 -0.00229 -0.00278 0.00144 -0.00055 -0.00081
0.00419 0.00202 -0.00128 -0.03753 -0.00448 0.18000
0.00020 0.00260 0.00239 0.00165 -0.00062 0.00220
0.03206 0.02540 -0.06897 0.00936 0.00418 -0.06458
-0.00060 0.00096 -0.06325 0.01096 0.00515 -0.05721
0.02062 0.03032 0.00599 0.00350 -0.00300 0.01368
0.01417 0.02039 -0.02308 0.00229 0.00140 -0.02168
0.05434 0.05871 0.02404 -0.00275 -0.01730 0.01065
0.04843 0.01894 0.00807 -0.00379 -0.00676 0.00789
0.10464 0.01029 -0.00326 -0.00150 -0.00801 -0.00338
0.13246 -0.00764 0.20143 -0.02296 -0.00734 0.26705
0.03151 -0.01474 -0.15502 0.01661 0.00480 -0.14853
0.08528 -0.02586 0.13228 -0.00753 -0.03882 0.21697
0.07066 -0.04707 -0.09698 0.00875 -0.00620 -0.09902
0.09229 -0.06105 0.02774 -0.00367 -0.02866 0.04026
0.09958 -0.07820 0.04791 -0.00263 -0.02988 0.04206
0.03616 -0.06250 -0.05904 0.01006 -0.02674 -0.05628
0.08987 -0.08744 0.14290 -0.01237 -0.05706 0.14451
-0.00492 -0.01248 -0.16254 0.03616 -0.08454 -0.17317
0.09944 -0.21170 0.27595 0.03060 -0.17910 0.06748
-0.00344 -0.03397 0.02964 -0.00574 0.02102 -0.00544
-0.00547 -0.02985 0.01309 0.00935 0.00041 -0.00433
0.01197 -0.03291 0.02104 0.01284 0.03654 0.07341
0.07214 -0.02507 -0.11939 0.02641 -0.04108 -0.11392
-0.00560 -0.02057 0.01285 0.00054 -0.00160 0.00415
0.00104 -0.06692 0.04334 0.00208 0.00636 0.07309
0.00791 -0.04381 0.01448 0.00172 -0.00109 -0.00663
-0.00284 -0.00801 -0.00834 0.00033 -0.00040 -0.00589
-0.00535 -0.00551 -0.00692 0.00026 -0.00055 -0.00494
-0.00420 -0.00339 -0.00620 0.00020 -0.00121 -0.00260
0.00072 -0.00091 -0.00541 0.00014 -0.00101 -0.00022
-0.01225 0.01151 -0.03723 -0.08381 -0.01668 -0.02346
0.00486 -0.00026 -0.00355 -0.00014 -0.00027 0.00055
0.00705 -0.00874 0.01775 0.08107 0.01167 0.00269
-0.00443 0.00010 -0.00892 -0.00012 0.00025 0.00035
-0.00061 0.00422 -0.01862 -0.08119 -0.01438 0.00589
0.00154 -0.00035 0.00039 0.00060 -0.00045 0.00266
0.01045 -0.00926 0.01803 0.07291 0.01141 0.00430
0.00157 -0.00150 -0.00201 -0.00019 -0.00052 0.00207
0.00315 0.00050 -0.00280 0.00116 0.00029 -0.00049
0.00290 0.00052 -0.00192 0.00040 -0.00102 -0.00001
-0.00185 -0.00173 -0.00103 0.00085 0.00003 -0.00025
-0.00193 -0.00087 0.00162 -0.00035 -0.00097 -0.00021
0.00068 0.00426 -0.01074 -0.05607 -0.00195 0.00634
0.00469 -0.00315 0.00755 0.04570 0.00464 -0.00148
-0.00043 -0.00113 0.00183 0.01191 -0.00345 -0.00379
-0.00632 0.00376 -0.01485 -0.07541 -0.01136 -0.00002
0.00248 0.00259 -0.00078 -0.00125 0.00011 0.00228
0.00832 -0.00625 0.01590 0.06839 0.01215 0.00104
-0.00219 0.00187 -0.00550 -0.04908 -0.00235 0.00974
0.00330 -0.00258 0.00728 0.04517 0.00306 -0.00839
]
