classifier_Man_weaves_and_bumps_into_car_22297 [ 0.6809 -0.72834 1.95209 -0.11168 -0.63604 1.81099 0.6809 -0.72834 1.95209 -0.11168 -0.63604 1.81099 0.11174 0.12016 0.11174 0.12016 0.08077 0.07562 0.08077 0.07562 -2.43059 1.35354
0.67949 -0.72838 1.9512 -0.11096 -0.63525 1.81061 -0.00141 -0.00004 -0.00089 0.00072 0.00079 -0.00038 0.11125 0.11983 -0.00049 -0.00033 0.11768 0.07443 0.03691 -0.00119 -2.80938 1.33068
0.68066 -0.72984 1.95134 -0.10933 -0.63503 1.80919 0.00117 -0.00146 0.00014 0.00163 0.00022 -0.00142 0.11389 0.12036 0.00264 0.00053 0.10501 0.07480 -0.01267 0.00037 -2.78182 1.33807
0.67976 -0.72957 1.94941 -0.1116 -0.63523 1.8101 -0.00090 0.00027 -0.00193 -0.00227 -0.00020 0.00091 0.11247 0.12091 -0.00142 0.00055 0.11004 0.07568 0.00503 0.00088 -2.76264 1.33167
0.67569 -0.71879 1.94161 -0.11163 -0.63528 1.80934 -0.00407 0.01078 -0.00780 -0.00003 -0.00005 -0.00076 0.11388 0.12039 0.00141 -0.00052 0.12859 0.07494 0.01855 -0.00074 -2.70087 1.34758
0.66714 -0.71628 1.93889 -0.11485 -0.63318 1.81499 -0.00855 0.00251 -0.00272 -0.00322 0.00210 0.00565 0.10556 0.12020 -0.00832 -0.00019 0.13628 0.07753 0.00769 0.00259 -2.69176 1.36779
0.66968 -0.70711 1.93622 -0.12009 -0.63541 1.82185 0.00254 0.00917 -0.00267 -0.00524 -0.00223 0.00686 0.12606 0.12075 0.02050 0.00055 0.17212 0.08187 0.03584 0.00434 -2.40111 1.39914
0.58297 -0.66525 2.01493 -0.12637 -0.6548 1.87233 -0.08671 0.04186 0.07871 -0.00628 -0.01939 0.05048 0.07421 0.12313 -0.05185 0.00238 0.07452 0.08163 -0.09760 -0.00024 -2.51610 1.40194
0.55912 -0.6501 2.00063 -0.13568 -0.65492 1.87076 -0.02385 0.01515 -0.01430 -0.00931 -0.00012 -0.00157 0.11792 0.11948 0.04371 -0.00365 0.05430 0.08150 -0.02022 -0.00013 -2.79414 1.47496
0.47344 -0.63217 2.00961 -0.15427 -0.65956 1.8956 -0.08568 0.01793 0.00898 -0.01859 -0.00464 0.02484 0.09336 0.11534 -0.02456 -0.00414 0.04401 0.09113 -0.01029 0.00963 -3.10313 1.63234
0.43556 -0.62683 2.00085 -0.17604 -0.66802 1.88907 -0.03788 0.00534 -0.00876 -0.02177 -0.00846 -0.00653 0.07897 0.12876 -0.01439 0.01342 0.06305 0.06171 0.01904 -0.02942 2.05383 2.01910
0.28849 -0.6866 1.81415 -0.1782 -0.64394 1.82116 -0.14707 -0.05977 -0.18670 -0.00216 0.02408 -0.06791 0.11449 0.12470 0.03552 -0.00406 0.07115 0.05702 0.00810 -0.00469 0.85762 2.05080
0.288 -0.68841 1.82743 -0.19507 -0.63613 1.86009 -0.00049 -0.00181 0.01328 -0.01687 0.00781 0.03893 0.11693 0.12612 0.00244 0.00142 0.07069 0.06678 -0.00046 0.00976 0.87326 2.04305
0.28423 -0.68188 1.83439 -0.19943 -0.63469 1.86861 -0.00377 0.00653 0.00696 -0.00436 0.00144 0.00852 0.12221 0.12370 0.00528 -0.00242 0.07580 0.06195 0.00511 -0.00483 0.87562 2.29631
0.27842 -0.67841 1.83006 -0.20017 -0.63699 1.86356 -0.00581 0.00347 -0.00433 -0.00074 -0.00230 -0.00505 0.12469 0.12539 0.00248 0.00169 0.07837 0.06595 0.00257 0.00400 0.90114 2.15467
0.27418 -0.67645 1.83075 -0.20395 -0.63387 1.87732 -0.00424 0.00196 0.00069 -0.00378 0.00312 0.01376 0.12386 0.12645 -0.00083 0.00106 0.07950 0.07351 0.00113 0.00756 0.92339 1.48945
0.27537 -0.67525 1.82711 -0.20734 -0.63241 1.87511 0.00119 0.00120 -0.00364 -0.00339 0.00146 -0.00221 0.12206 0.12714 -0.00180 0.00069 0.07700 0.06869 -0.00250 -0.00482 0.92271 1.44946
0.27175 -0.66827 1.80676 -0.20744 -0.6396 1.83978 -0.00362 0.00698 -0.02035 -0.00010 -0.00719 -0.03533 0.12149 0.12601 -0.00057 -0.00113 0.07397 0.05194 -0.00303 -0.01675 0.91791 2.40614
0.26858 -0.66528 1.79315 -0.20354 -0.63959 1.82421 -0.00317 0.00299 -0.01361 0.00390 0.00001 -0.01557 0.11939 0.12425 -0.00210 -0.00176 0.07514 0.05176 0.00117 -0.00018 0.92100 2.47111
0.2702 -0.66298 1.78904 -0.2268 -0.55171 1.85805 0.00162 0.00230 -0.00411 -0.02326 0.08788 0.03384 0.12071 0.09138 0.00132 -0.03287 0.07061 0.09219 -0.00453 0.04043 0.94127 -2.75046
0.33063 -0.63246 1.94354 -0.26788 -0.47398 1.90262 0.06043 0.03052 0.15450 -0.04108 0.07773 0.04457 0.13773 0.08213 0.01702 -0.00925 0.05248 0.08540 -0.01813 -0.00679 2.47512 -2.83182
0.39226 -0.48392 1.99183 -0.32136 -0.20486 1.89606 0.06163 0.14854 0.04829 -0.05348 0.26912 -0.00656 0.07769 0.09688 -0.06004 0.01475 0.08169 0.05442 0.02921 -0.03098 2.87093 2.38024
0.39316 -0.41984 1.96676 -0.33526 -0.08972 1.90578 0.00090 0.06408 -0.02507 -0.01390 0.11514 0.00972 0.08007 0.12003 0.00238 0.02315 0.07399 0.06104 -0.00770 0.00662 -2.88885 2.40995
0.36565 -0.25079 1.81505 -0.3258 0.10917 1.84156 -0.02751 0.16905 -0.15171 0.00946 0.19889 -0.06422 0.06425 0.10348 -0.01582 -0.01655 0.06172 0.06404 -0.01227 0.00300 2.24922 2.51368
0.37783 -0.16809 1.86193 -0.33823 0.15732 1.92381 0.01218 0.08270 0.04688 -0.01243 0.04815 0.08225 0.07132 0.10902 0.00707 0.00554 0.06937 0.08291 0.00765 0.01887 0.73008 2.96613
0.37772 -0.0744 1.86192 -0.33182 0.17363 1.93234 -0.00011 0.09369 -0.00001 0.00641 0.01631 0.00853 0.09021 0.11355 0.01889 0.00453 0.06911 0.08903 -0.00026 0.00612 1.52947 2.84484
0.36456 0.02974 1.86423 -0.31825 0.16244 1.92937 -0.01316 0.10414 0.00231 0.01357 -0.01119 -0.00297 0.10675 0.10913 0.01654 -0.00442 0.10594 0.08468 0.03683 -0.00435 1.12810 2.56445
0.34603 0.12003 1.82736 -0.2973 0.10548 1.87079 -0.01853 0.09029 -0.03687 0.02095 -0.05696 -0.05858 0.10765 0.10066 0.00090 -0.00847 0.09831 0.08300 -0.00763 -0.00168 0.85602 -2.94437
0.34515 0.26655 1.94561 -0.28858 -0.05841 1.92625 -0.00088 0.14652 0.11825 0.00872 -0.16389 0.05546 0.11365 0.09759 0.00600 -0.00307 0.10090 0.07523 0.00259 -0.00777 0.69555 2.28382
0.34834 0.30541 2.01448 -0.27752 -0.13054 1.96187 0.00319 0.03886 0.06887 0.01106 -0.07213 0.03562 0.11730 0.08408 0.00365 -0.01351 0.08717 0.04706 -0.01373 -0.02817 0.52505 1.65172
0.34282 0.32205 2.03343 -0.26236 -0.17014 1.96994 -0.00552 0.01664 0.01895 0.01516 -0.03960 0.00807 0.11721 0.07795 -0.00009 -0.00613 0.08436 0.05521 -0.00281 0.00815 0.49902 2.58754
0.32941 0.28423 2.00571 -0.24964 -0.15074 1.95691 -0.01341 -0.03782 -0.02772 0.01272 0.01940 -0.01303 0.10149 0.08673 -0.01572 0.00878 0.10411 0.05690 0.01975 0.00169 0.72559 -1.97273
0.33033 0.13892 1.94436 -0.26208 -0.02352 1.93597 0.00092 -0.14531 -0.06135 -0.01244 0.12722 -0.02094 0.09804 0.11125 -0.00345 0.02452 0.09355 0.07361 -0.01056 0.01671 0.82305 -1.18016
0.31095 0.05347 1.8091 -0.25589 0.05602 1.82795 -0.01938 -0.08545 -0.13526 0.00619 0.07954 -0.10802 0.08843 0.10231 -0.00961 -0.00894 0.08787 0.08548 -0.00568 0.01187 1.39961 -0.82253
0.32845 -0.08679 1.95552 -0.29327 0.20499 2.02734 0.01750 -0.14026 0.14642 -0.03738 0.14897 0.19939 0.08330 0.11552 -0.00513 0.01321 0.06081 0.09457 -0.02706 0.00909 1.84407 -0.58953
0.31781 -0.12093 1.95575 -0.29657 0.24113 2.04293 -0.01064 -0.03414 0.00023 -0.00330 0.03614 0.01559 0.07693 0.11846 -0.00637 0.00294 0.06278 0.09454 0.00197 -0.00003 2.00946 -0.35555
0.31603 -0.1257 1.95975 -0.2965 0.25303 2.05108 -0.00178 -0.00477 0.00400 0.00007 0.01190 0.00815 0.07773 0.11880 0.00080 0.00034 0.06652 0.09982 0.00374 0.00528 1.92234 -0.33189
0.32243 -0.10306 1.96718 -0.29054 0.24808 2.05059 0.00640 0.02264 0.00743 0.00596 -0.00495 -0.00049 0.08666 0.11035 0.00893 -0.00845 0.06535 0.09339 -0.00117 -0.00643 1.67419 -0.47428
0.33431 -0.05828 1.9734 -0.28501 0.21542 2.04509 0.01188 0.04478 0.00622 0.00553 -0.03266 -0.00550 0.09565 0.10760 0.00899 -0.00275 0.06441 0.09683 -0.00094 0.00344 1.50387 -0.16359
0.33433 0.00527 1.94737 -0.27845 0.1408 2.01108 0.00002 0.06355 -0.02603 0.00656 -0.07462 -0.03401 0.10270 0.11109 0.00705 0.00349 0.06688 0.09601 0.00247 -0.00082 1.37307 -0.05536
0.38641 0.07259 1.96811 -0.18219 -0.04496 1.8719 0.05208 0.06732 0.02074 0.09626 -0.18576 -0.13918 0.05532 0.02394 -0.04738 -0.08715 0.02414 0.04062 -0.04274 -0.05539 -0.39009 -1.37859
0.35054 0.25418 1.99621 -0.20167 -0.18449 1.98411 -0.03587 0.18159 0.02810 -0.01948 -0.13953 0.11221 0.11404 0.07918 0.05872 0.05524 0.09679 0.06038 0.07265 0.01976 0.67678 -1.24179
0.35722 0.25877 2.03681 -0.20396 -0.1892 2.01814 0.00668 0.00459 0.04060 -0.00229 -0.00471 0.03403 0.11412 0.08527 0.00008 0.00609 0.10186 0.05947 0.00507 -0.00091 0.61320 -1.40647
0.36747 0.25649 2.11704 -0.22381 -0.16877 2.0965 0.01025 -0.00228 0.08023 -0.01985 0.02043 0.07836 0.10892 0.09410 -0.00520 0.00883 0.10081 0.06253 -0.00105 0.00306 0.71233 -1.56794
0.3173 0.13133 1.93078 -0.25523 0.03725 1.92602 -0.05017 -0.12516 -0.18626 -0.03142 0.20602 -0.17048 0.03893 0.10970 -0.06999 0.01560 0.02742 0.07800 -0.07339 0.01547 1.53274 -2.98015
0.34775 -0.04065 2.02107 -0.2825 0.11479 2.00814 0.03045 -0.17198 0.09029 -0.02727 0.07754 0.08212 0.09297 0.12437 0.05404 0.01467 0.07115 0.06081 0.04373 -0.01719 1.38154 2.35213
0.3476 -0.12962 2.05133 -0.29663 0.19459 2.03376 -0.00015 -0.08897 0.03026 -0.01413 0.07980 0.02562 0.08852 0.11968 -0.00445 -0.00469 0.05866 0.09056 -0.01249 0.02975 2.22903 3.10894
0.33312 -0.20026 2.03249 -0.30139 0.25026 2.01071 -0.01448 -0.07064 -0.01884 -0.00476 0.05567 -0.02305 0.07610 0.11773 -0.01242 -0.00195 0.05656 0.09147 -0.00210 0.00091 2.40337 2.97556
0.31425 -0.25361 2.01324 -0.29893 0.29145 1.97107 -0.01887 -0.05335 -0.01925 0.00246 0.04119 -0.03964 0.06694 0.11722 -0.00916 -0.00051 0.06682 0.06196 0.01026 -0.02951 1.88615 2.69540
0.29234 -0.2947 1.94899 -0.2841 0.31447 1.881 -0.02191 -0.04109 -0.06425 0.01483 0.02302 -0.09007 0.06792 0.11162 0.00098 -0.00560 0.06680 0.08708 -0.00002 0.02512 2.65521 2.97391
0.28844 -0.34348 1.99661 -0.28562 0.33348 1.90187 -0.00390 -0.04878 0.04762 -0.00152 0.01901 0.02087 0.07029 0.11541 0.00237 0.00379 0.06512 0.08398 -0.00168 -0.00310 2.24391 2.94763
0.26147 -0.42177 2.0143 -0.26809 0.32965 1.87155 -0.02697 -0.07829 0.01769 0.01753 -0.00383 -0.03032 0.04952 0.12127 -0.02077 0.00586 0.06630 0.07749 0.00118 -0.00649 2.41290 2.85349
0.22029 -0.4709 2.06139 -0.24442 0.27982 1.84419 -0.04118 -0.04913 0.04709 0.02367 -0.04983 -0.02736 0.06192 0.12622 0.01240 0.00495 0.07340 0.07525 0.00710 -0.00224 2.34056 -1.28838
0.25367 -0.54382 2.2073 -0.26019 0.23957 1.94332 0.03338 -0.07292 0.14591 -0.01577 -0.04025 0.09913 0.14811 0.14084 0.08619 0.01462 0.08431 0.08272 0.01091 0.00747 -0.82187 -1.05199
0.25304 -0.53572 2.21678 -0.25608 0.19241 1.93394 -0.00063 0.00810 0.00948 0.00411 -0.04716 -0.00938 0.15080 0.12894 0.00269 -0.01190 0.10245 0.07876 0.01814 -0.00396 1.56559 2.08961
0.25185 -0.53718 2.21637 -0.26143 0.13484 1.92546 -0.00119 -0.00146 -0.00041 -0.00535 -0.05757 -0.00848 0.15158 0.13168 0.00078 0.00274 0.10610 0.08119 0.00365 0.00243 1.66815 1.80082
0.24993 -0.53841 2.22036 -0.25944 0.09709 1.92474 -0.00192 -0.00123 0.00399 0.00199 -0.03775 -0.00072 0.15291 0.12358 0.00133 -0.00810 0.10574 0.09666 -0.00036 0.01547 1.75700 -1.52572
0.25364 -0.53646 2.21996 -0.26431 0.05983 1.92152 0.00371 0.00195 -0.00040 -0.00487 -0.03726 -0.00322 0.15499 0.12559 0.00208 0.00201 0.10834 0.07833 0.00260 -0.01833 1.68010 0.30974
0.2528 -0.53589 2.21668 -0.2603 0.03728 1.91859 -0.00084 0.00057 -0.00328 0.00401 -0.02255 -0.00293 0.15376 0.12392 -0.00123 -0.00167 0.10716 0.09942 -0.00118 0.02109 1.64494 -0.68091
0.25027 -0.5313 2.21534 -0.26532 0.01706 1.92013 -0.00253 0.00459 -0.00134 -0.00502 -0.02022 0.00154 0.15589 0.12586 0.00213 0.00194 0.10516 0.09821 -0.00200 -0.00121 1.54978 -0.88669
0.25046 -0.53044 2.21235 -0.27041 0.02122 1.92107 0.00019 0.00086 -0.00299 -0.00509 0.00416 0.00094 0.15520 0.13057 -0.00069 0.00471 0.10689 0.08957 0.00173 -0.00864 1.45896 -0.60976
0.25002 -0.53061 2.20999 -0.27247 0.02524 1.9204 -0.00044 -0.00017 -0.00236 -0.00206 0.00402 -0.00067 0.15326 0.13110 -0.00194 0.00053 0.10380 0.09678 -0.00309 0.00721 1.32492 -0.69595
0.25121 -0.53192 2.21307 -0.27403 0.02979 1.92416 0.00119 -0.00131 0.00308 -0.00156 0.00455 0.00376 0.15366 0.13376 0.00040 0.00266 0.10548 0.09239 0.00168 -0.00439 1.22103 -0.64723
0.25099 -0.53175 2.21404 -0.27628 0.03611 1.92708 -0.00022 0.00017 0.00097 -0.00225 0.00632 0.00292 0.15396 0.13639 0.00030 0.00263 0.10303 0.09202 -0.00245 -0.00037 1.20256 -0.55531
0.25377 -0.53366 2.21542 -0.27896 0.03595 1.92945 0.00278 -0.00191 0.00138 -0.00268 -0.00016 0.00237 0.15401 0.13381 0.00005 -0.00258 0.10615 0.09712 0.00312 0.00510 1.01248 -0.60220
0.25486 -0.53253 2.21579 -0.2795 0.03717 1.92926 0.00109 0.00113 0.00037 -0.00054 0.00122 -0.00019 0.15502 0.13433 0.00101 0.00052 0.10560 0.09548 -0.00055 -0.00164 1.02485 -0.52925
0.26134 -0.5263 2.21299 -0.28042 0.03936 1.92793 0.00648 0.00623 -0.00280 -0.00092 0.00219 -0.00133 0.15570 0.13331 0.00068 -0.00102 0.08393 0.09246 -0.02167 -0.00302 -1.30639 -0.55111
0.30214 -0.51045 2.26975 -0.28873 0.0412 1.97652 0.04080 0.01585 0.05676 -0.00831 0.00184 0.04859 0.08206 0.13999 -0.07364 0.00668 0.08677 0.07745 0.00284 -0.01501 -1.06864 2.08186
0.31662 -0.50768 2.25922 -0.29207 0.04101 1.97932 0.01448 0.00277 -0.01053 -0.00334 -0.00019 0.00280 0.08793 0.13705 0.00587 -0.00294 0.09652 0.09092 0.00975 0.01347 -0.92796 -0.52969
0.37852 -0.46457 2.20976 -0.29384 0.0437 1.98964 0.06190 0.04311 -0.04946 -0.00177 0.00269 0.01032 0.08162 0.13957 -0.00631 0.00252 0.06968 0.09436 -0.02684 0.00344 -0.49976 -0.54096
0.39029 -0.45336 2.18295 -0.29305 0.04399 1.97675 0.01177 0.01121 -0.02681 0.00079 0.00029 -0.01289 0.07940 0.13929 -0.00222 -0.00028 0.05902 0.09308 -0.01066 -0.00128 -0.00328 -0.57221
0.4032 -0.44236 2.17203 -0.29232 0.04437 1.97098 0.01291 0.01100 -0.01092 0.00073 0.00038 -0.00577 0.08298 0.13723 0.00358 -0.00206 0.05732 0.10205 -0.00170 0.00897 -0.32606 -0.59286
0.41287 -0.44222 2.1792 -0.2983 0.04385 1.98989 0.00967 0.00014 0.00717 -0.00598 -0.00052 0.01891 0.07720 0.13685 -0.00578 -0.00038 0.05532 0.09682 -0.00200 -0.00523 0.17803 -0.50590
0.41853 -0.4372 2.17173 -0.29811 0.04354 1.98857 0.00566 0.00502 -0.00747 0.00019 -0.00031 -0.00132 0.07589 0.13647 -0.00131 -0.00038 0.08455 0.10189 0.02923 0.00507 -0.43280 -0.55546
0.42453 -0.42387 2.15644 -0.29915 0.04353 1.98822 0.00600 0.01333 -0.01529 -0.00104 -0.00001 -0.00035 0.07558 0.13793 -0.00031 0.00146 0.06042 0.09730 -0.02413 -0.00459 -0.42802 -0.52040
0.42079 -0.26916 2.02155 -0.29696 0.0426 1.958 -0.00374 0.15471 -0.13489 0.00219 -0.00093 -0.03022 0.08759 0.13732 0.01201 -0.00061 0.07081 0.07655 0.01039 -0.02075 0.63320 2.28237
0.43689 -0.1742 2.12736 -0.30726 0.04467 2.05294 0.01610 0.09496 0.10581 -0.01030 0.00207 0.09494 0.10243 0.15289 0.01484 0.01557 0.10230 0.08887 0.03149 0.01232 0.59356 -2.99320
0.40249 -0.0571 2.03666 -0.30354 0.04283 1.97845 -0.03440 0.11710 -0.09070 0.00372 -0.00184 -0.07449 0.09576 0.13744 -0.00667 -0.01545 0.10051 0.07866 -0.00179 -0.01021 0.59936 1.95059
0.37113 0.03888 1.97105 -0.29477 0.04027 1.9077 -0.03136 0.09598 -0.06561 0.00877 -0.00256 -0.07075 0.09678 0.12950 0.00102 -0.00794 0.09463 0.09895 -0.00588 0.02029 0.74045 -0.75018
0.36715 0.12342 2.06569 -0.30811 0.04125 1.99512 -0.00398 0.08454 0.09464 -0.01334 0.00098 0.08742 0.11367 0.13794 0.01689 0.00844 0.09928 0.10459 0.00465 0.00564 0.74047 -0.76627
0.32988 0.19713 2.01795 -0.30003 0.04055 1.94573 -0.03727 0.07371 -0.04774 0.00808 -0.00070 -0.04939 0.11386 0.13295 0.00019 -0.00499 0.09638 0.09462 -0.00290 -0.00997 0.67757 -0.69146
0.31131 0.26499 2.07355 -0.30698 0.04185 1.99809 -0.01857 0.06786 0.05560 -0.00695 0.00130 0.05236 0.11716 0.13800 0.00330 0.00505 0.09231 0.10192 -0.00407 0.00730 0.62433 -0.76374
0.27047 0.35818 2.16465 -0.31263 0.04603 2.07774 -0.04084 0.09319 0.09110 -0.00565 0.00418 0.07965 0.12893 0.15189 0.01177 0.01389 0.09302 0.09166 0.00071 -0.01026 0.49333 -3.01300
0.2424 0.35716 2.0824 -0.3074 0.04439 1.99525 -0.02807 -0.00102 -0.08225 0.00523 -0.00164 -0.08249 0.12858 0.13600 -0.00035 -0.01589 0.09925 0.09689 0.00623 0.00523 0.52128 -0.55471
0.22751 0.36364 2.09664 -0.3079 0.04854 2.0038 -0.01489 0.00648 0.01424 -0.00050 0.00415 0.00855 0.13249 0.14613 0.00391 0.01013 0.09835 0.09762 -0.00090 0.00073 0.57953 -2.23446
0.21413 0.36554 2.10753 -0.30799 0.05152 2.00576 -0.01338 0.00190 0.01089 -0.00009 0.00298 0.00196 0.12892 0.14465 -0.00357 -0.00148 0.09090 0.08315 -0.00745 -0.01447 0.61067 2.58538
0.22267 0.28376 2.13613 -0.31452 0.0548 2.02106 0.00854 -0.08178 0.02860 -0.00653 0.00328 0.01530 0.12713 0.14329 -0.00179 -0.00136 0.10034 0.09571 0.00944 0.01256 1.44823 -1.13934
0.21741 0.25817 2.10562 -0.3021 0.05524 1.98311 -0.00526 -0.02559 -0.03051 0.01242 0.00044 -0.03795 0.13129 0.14691 0.00416 0.00362 0.09869 0.09354 -0.00165 -0.00217 1.21063 0.58206
0.23565 0.19428 2.11817 -0.30439 0.05575 1.99254 0.01824 -0.06389 0.01255 -0.00229 0.00051 0.00943 0.11629 0.14959 -0.01500 0.00268 0.10060 0.09104 0.00191 -0.00250 0.79172 0.67111
0.23514 0.1565 2.10081 -0.30474 0.0525 1.9703 -0.00051 -0.03778 -0.01736 -0.00035 -0.00325 -0.02224 0.12532 0.14979 0.00903 0.00020 0.09817 0.08230 -0.00243 -0.00874 0.82791 0.91671
0.24382 0.09272 2.0626 -0.29966 0.05042 1.92908 0.00868 -0.06378 -0.03821 0.00508 -0.00208 -0.04122 0.10775 0.14420 -0.01757 -0.00559 0.09592 0.08188 -0.00225 -0.00042 1.51306 -2.08102
0.25061 0.04079 2.05643 -0.30348 0.04871 1.91734 0.00679 -0.05193 -0.00617 -0.00382 -0.00171 -0.01174 0.10565 0.14073 -0.00210 -0.00347 0.10352 0.09214 0.00760 0.01026 -0.57481 -2.34390
0.26329 -0.06909 2.0875 -0.30623 0.04585 1.92333 0.01268 -0.10988 0.03107 -0.00275 -0.00286 0.00599 0.09886 0.14271 -0.00679 0.00198 0.12373 0.08580 0.02021 -0.00634 2.02209 -1.16906
0.24433 -0.08809 1.97961 -0.28963 0.04109 1.81484 -0.01896 -0.01900 -0.10789 0.01660 -0.00476 -0.10849 0.08451 0.13291 -0.01435 -0.00980 0.10475 0.08104 -0.01898 -0.00476 0.66288 -1.36016
0.24057 -0.10923 1.99313 -0.28922 0.04036 1.81148 -0.00376 -0.02114 0.01352 0.00041 -0.00073 -0.00336 0.12191 0.13646 0.03740 0.00355 0.09450 0.07300 -0.01025 -0.00804 1.09988 -1.46168
0.27014 -0.14458 2.1978 -0.31768 0.04269 1.98662 0.02957 -0.03535 0.20467 -0.02846 0.00233 0.17514 0.12645 0.14754 0.00454 0.01108 0.09092 0.08019 -0.00358 0.00719 1.34576 0.14157
0.27444 -0.13887 2.16483 -0.31107 0.0424 1.94752 0.00430 0.00571 -0.03297 0.00661 -0.00029 -0.03910 0.08107 0.14406 -0.04538 -0.00348 0.08922 0.08388 -0.00170 0.00369 0.56404 0.11746
0.3666 -0.13425 2.0757 -0.30504 0.03967 1.90704 0.09216 0.00462 -0.08913 0.00603 -0.00273 -0.04048 0.08984 0.13876 0.00877 -0.00530 0.11427 0.07813 0.02505 -0.00575 0.75995 0.12494
0.50382 -0.0607 1.95295 -0.30319 0.03179 1.83189 0.13722 0.07355 -0.12275 0.00185 -0.00788 -0.07515 0.09611 0.12895 0.00627 -0.00981 0.10509 0.04265 -0.00918 -0.03548 0.29349 2.60429
0.58309 -0.05415 2.12114 -0.33065 0.03164 1.99188 0.07927 0.00655 0.16819 -0.02746 -0.00015 0.15999 0.10535 0.14095 0.00924 0.01200 0.11588 0.04813 0.01079 0.00548 0.49908 2.59713
0.58478 -0.03706 1.95663 -0.30827 0.02565 1.83604 0.00169 0.01709 -0.16451 0.02238 -0.00599 -0.15584 0.09777 0.12664 -0.00758 -0.01431 0.10530 0.08528 -0.01058 0.03715 0.38948 -1.12600
0.6025 -0.03405 1.96098 -0.31068 0.0227 1.83747 0.01772 0.00301 0.00435 -0.00241 -0.00295 0.00143 0.09669 0.13090 -0.00108 0.00426 0.10650 0.04624 0.00120 -0.03904 0.34382 2.54041
0.61497 -0.03459 1.96469 -0.31115 0.02222 1.8383 0.01247 -0.00054 0.00371 -0.00047 -0.00048 0.00083 0.09601 0.12850 -0.00068 -0.00240 0.11683 0.08455 0.01033 0.03831 0.28648 -1.09738
0.62499 -0.03678 1.96744 -0.31392 0.01865 1.83948 0.01002 -0.00219 0.00275 -0.00277 -0.00357 0.00118 0.09666 0.12838 0.00065 -0.00012 0.11557 0.04220 -0.00126 -0.04235 0.33607 2.51327
0.6297 -0.03895 1.97023 -0.31442 0.01696 1.83965 0.00471 -0.00217 0.00279 -0.00050 -0.00169 0.00017 0.09447 0.12801 -0.00219 -0.00037 0.11886 0.04516 0.00329 0.00296 0.37014 2.49285
0.63301 -0.04275 1.97197 -0.31494 0.01428 1.83971 0.00331 -0.00380 0.00174 -0.00052 -0.00268 0.00006 0.09512 0.13054 0.00065 0.00253 0.11606 0.04337 -0.00280 -0.00179 0.34979 2.49088
0.63364 -0.04498 1.97185 -0.31546 0.01229 1.83989 0.00063 -0.00223 -0.00012 -0.00052 -0.00199 0.00018 0.09290 0.13330 -0.00222 0.00276 0.10932 0.04251 -0.00674 -0.00086 0.42312 2.38482
0.63333 -0.04718 1.97337 -0.31634 0.01125 1.84152 -0.00031 -0.00220 0.00152 -0.00088 -0.00104 0.00163 0.09385 0.13036 0.00095 -0.00294 0.11527 0.04421 0.00595 0.00170 0.41960 2.36908
0.62932 -0.04898 1.97188 -0.3161 0.01159 1.84356 -0.00401 -0.00180 -0.00149 0.00024 0.00034 0.00204 0.09162 0.12819 -0.00223 -0.00217 0.12023 0.04591 0.00496 0.00170 0.41374 2.42673
0.62688 -0.0487 1.97067 -0.31668 0.01168 1.8465 -0.00244 0.00028 -0.00121 -0.00058 0.00009 0.00294 0.09340 0.13144 0.00178 0.00325 0.11670 0.04252 -0.00353 -0.00339 0.43415 2.46541
0.62315 -0.04884 1.96665 -0.31792 0.01225 1.8463 -0.00373 -0.00014 -0.00402 -0.00124 0.00057 -0.00020 0.09238 0.13078 -0.00102 -0.00066 0.11800 0.07416 0.00130 0.03164 0.50729 -1.03158
0.6215 -0.04975 1.96102 -0.31781 0.01308 1.84829 -0.00165 -0.00091 -0.00563 0.00011 0.00083 0.00199 0.09205 0.13066 -0.00033 -0.00012 0.11848 0.04467 0.00048 -0.02949 0.48715 2.55141
0.62113 -0.05205 1.95724 -0.31849 0.01323 1.85371 -0.00037 -0.00230 -0.00378 -0.00068 0.00015 0.00542 0.09351 0.13103 0.00146 0.00037 0.11861 0.08398 0.00013 0.03931 0.49205 -1.12162
0.62362 -0.05663 1.94017 -0.31925 0.01425 1.8676 0.00249 -0.00458 -0.01707 -0.00076 0.00102 0.01389 0.09357 0.13029 0.00006 -0.00074 0.10546 0.04383 -0.01315 -0.04015 0.46756 2.57805
0.63395 -0.06254 1.93465 -0.32437 0.01452 1.90553 0.01033 -0.00591 -0.00552 -0.00512 0.00027 0.03793 0.09741 0.13087 0.00384 0.00058 0.11298 0.04296 0.00752 -0.00087 0.43357 2.62429
0.62863 -0.06312 1.90369 -0.32246 0.01482 1.89783 -0.00532 -0.00058 -0.03096 0.00191 0.00030 -0.00770 0.09538 0.12891 -0.00203 -0.00196 0.10987 0.07395 -0.00311 0.03099 0.42557 -1.14746
0.62065 -0.06631 1.87465 -0.31943 0.01476 1.88819 -0.00798 -0.00319 -0.02904 0.00303 -0.00006 -0.00964 0.09794 0.12673 0.00256 -0.00218 0.09783 0.04452 -0.01204 -0.02943 0.38438 2.60569
0.61637 -0.06603 1.87299 -0.31968 0.01491 1.90244 -0.00428 0.00028 -0.00166 -0.00025 0.00015 0.01425 0.09941 0.12681 0.00147 0.00008 0.10668 0.05139 0.00885 0.00687 0.41784 2.53287
0.60201 -0.06531 1.86422 -0.3198 0.01426 1.90385 -0.01436 0.00072 -0.00877 -0.00012 -0.00065 0.00141 0.09346 0.12923 -0.00595 0.00242 0.10094 0.04427 -0.00574 -0.00712 0.46089 2.49867
0.58068 -0.06236 1.86222 -0.31805 0.01399 1.90249 -0.02133 0.00295 -0.00200 0.00175 -0.00027 -0.00136 0.09436 0.12826 0.00090 -0.00097 0.10416 0.04405 0.00322 -0.00022 0.46691 2.48609
0.55564 -0.06483 1.86948 -0.31803 0.0129 1.906 -0.02504 -0.00247 0.00726 0.00002 -0.00109 0.00351 0.09384 0.12873 -0.00052 0.00047 0.10780 0.10176 0.00364 0.05771 0.58449 -0.69599
0.52622 -0.06816 1.88176 -0.31797 0.01217 1.90646 -0.02942 -0.00333 0.01228 0.00006 -0.00073 0.00046 0.09076 0.13004 -0.00308 0.00131 0.10289 0.07732 -0.00491 -0.02444 0.58287 2.00175
0.42425 -0.07244 1.93624 -0.31821 0.01144 1.90769 -0.10197 -0.00428 0.05448 -0.00024 -0.00073 0.00123 0.08703 0.13040 -0.00373 0.00036 0.12865 0.09982 0.02576 0.02250 0.44141 -0.83373
0.41183 -0.09157 2.02846 -0.3281 0.01171 1.98332 -0.01242 -0.01913 0.09222 -0.00989 0.00027 0.07563 0.09244 0.13900 0.00541 0.00860 0.11463 0.10088 -0.01402 0.00106 0.57532 -0.92103
0.37232 -0.07947 2.02621 -0.32494 0.01156 1.96535 -0.03951 0.01210 -0.00225 0.00316 -0.00015 -0.01797 0.08368 0.13623 -0.00876 -0.00277 0.12363 0.07838 0.00900 -0.02250 0.65712 2.05027
0.31198 -0.07792 2.05034 -0.32444 0.01184 1.97008 -0.06034 0.00155 0.02413 0.00050 0.00028 0.00473 0.11010 0.13399 0.02642 -0.00224 0.11899 0.07859 -0.00464 0.00021 0.98764 2.07860
0.28476 -0.08246 2.08074 -0.32924 0.01279 2.00576 -0.02722 -0.00454 0.03040 -0.00480 0.00095 0.03568 0.13316 0.13675 0.02306 0.00276 0.11078 0.10280 -0.00821 0.02421 1.24155 -0.79557
0.28327 -0.07389 2.05097 -0.33076 0.01534 2.02127 -0.00149 0.00857 -0.02977 -0.00152 0.00255 0.01551 0.13013 0.13359 -0.00303 -0.00316 0.09695 0.10120 -0.01383 -0.00160 1.21306 -0.63609
0.28653 -0.06771 2.01888 -0.32838 0.01728 2.02313 0.00326 0.00618 -0.03209 0.00238 0.00194 0.00186 0.11536 0.13762 -0.01477 0.00403 0.12864 0.09935 0.03169 -0.00185 0.80700 -0.61706
0.28028 -0.0444 1.9441 -0.32028 0.01857 1.97777 -0.00625 0.02331 -0.07478 0.00810 0.00129 -0.04536 0.10934 0.13311 -0.00602 -0.00451 0.13516 0.09794 0.00652 -0.00141 0.34908 -0.56950
0.29525 -0.05002 1.93984 -0.32491 0.0202 2.01523 0.01497 -0.00562 -0.00426 -0.00463 0.00163 0.03746 0.10455 0.13313 -0.00479 0.00002 0.12646 0.07965 -0.00870 -0.01829 0.69283 1.99019
0.29827 -0.03957 1.90696 -0.32401 0.02042 2.01408 0.00302 0.01045 -0.03288 0.00090 0.00022 -0.00115 0.10390 0.13086 -0.00065 -0.00227 0.12289 0.10082 -0.00357 0.02117 0.57745 -0.56550
0.29804 -0.03277 1.87112 -0.32053 0.02167 2.00441 -0.00023 0.00680 -0.03584 0.00348 0.00125 -0.00967 0.10058 0.13766 -0.00332 0.00680 0.12147 0.07930 -0.00142 -0.02152 0.47929 2.02517
0.27886 -0.03482 1.82046 -0.31461 0.02285 1.96911 -0.01918 -0.00205 -0.05066 0.00592 0.00118 -0.03530 0.10254 0.13333 0.00196 -0.00433 0.11746 0.07879 -0.00401 -0.00051 0.51877 2.04033
0.26083 -0.03732 1.85739 -0.31897 0.02411 1.9967 -0.01803 -0.00250 0.03693 -0.00436 0.00126 0.02759 0.10891 0.13541 0.00637 0.00208 0.11618 0.07853 -0.00128 -0.00026 0.73888 2.07959
0.23293 -0.03676 1.88227 -0.31934 0.02491 2.00217 -0.02790 0.00056 0.02488 -0.00037 0.00080 0.00547 0.11439 0.13865 0.00548 0.00324 0.10982 0.07925 -0.00636 0.00072 0.88700 2.14500
0.18153 -0.04874 1.93815 -0.32101 0.02419 2.00772 -0.05140 -0.01198 0.05588 -0.00167 -0.00072 0.00555 0.10425 0.14302 -0.01014 0.00437 0.08752 0.09013 -0.02230 0.01088 0.61432 -0.61145
0.1486 -0.05284 1.97238 -0.32154 0.02407 2.0129 -0.03293 -0.00410 0.03423 -0.00053 -0.00012 0.00518 0.10985 0.14010 0.00560 -0.00292 0.10308 0.09562 0.01556 0.00549 1.02160 -0.71771
0.1393 -0.05345 1.97473 -0.32112 0.02374 2.01002 -0.00930 -0.00061 0.00235 0.00042 -0.00033 -0.00288 0.10643 0.14032 -0.00342 0.00022 0.10467 0.09372 0.00159 -0.00190 1.03330 -0.71872
0.13444 -0.05245 1.9756 -0.32149 0.02375 2.01043 -0.00486 0.00100 0.00087 -0.00037 0.00001 0.00041 0.11032 0.14170 0.00389 0.00138 0.09706 0.09318 -0.00761 -0.00054 1.06018 -0.70795
0.13333 -0.05396 1.97289 -0.32068 0.02458 2.00957 -0.00111 -0.00151 -0.00271 0.00081 0.00083 -0.00086 0.10545 0.14177 -0.00487 0.00007 0.08043 0.07835 -0.01663 -0.01483 0.96245 2.27503
0.13171 -0.05349 1.973 -0.32031 0.02487 2.01193 -0.00162 0.00047 0.00011 0.00037 0.00029 0.00236 0.10674 0.13864 0.00129 -0.00313 0.11113 0.07906 0.03070 0.00071 1.01015 2.24070
0.13064 -0.05371 1.96966 -0.32127 0.02544 2.01264 -0.00107 -0.00022 -0.00334 -0.00096 0.00057 0.00071 0.10609 0.14004 -0.00065 0.00140 0.10550 0.07923 -0.00563 0.00017 1.04668 2.25025
0.12871 -0.05362 1.96708 -0.32111 0.02661 2.01336 -0.00193 0.00009 -0.00258 0.00016 0.00117 0.00072 0.10696 0.13766 0.00087 -0.00238 0.06625 0.08036 -0.03925 0.00113 0.84969 2.21644
0.12299 -0.05481 1.96643 -0.32114 0.02629 2.01531 -0.00572 -0.00119 -0.00065 -0.00003 -0.00032 0.00195 0.10992 0.14078 0.00296 0.00312 0.11075 0.09362 0.04450 0.01326 1.06052 -0.51932
0.04414 -0.09481 1.96851 -0.32392 -0.00228 2.01319 -0.07885 -0.04000 0.00208 -0.00278 -0.02857 -0.00212 0.12892 0.12520 0.01900 -0.01558 0.07121 0.09572 -0.03954 0.00210 0.87403 1.39850
-0.15423 0.01527 1.86744 -0.22443 0.03647 1.88775 -0.19837 0.11008 -0.10107 0.09949 0.03875 -0.12544 0.09691 0.08972 -0.03201 -0.03548 0.07622 0.06695 0.00501 -0.02877 1.65754 1.46127
-0.15622 0.07527 1.93727 -0.21934 0.08275 1.95618 -0.00199 0.06000 0.06983 0.00509 0.04628 0.06843 0.09489 0.12624 -0.00202 0.03652 0.08129 0.10150 0.00507 0.03455 1.36148 2.36247
-0.13887 0.12357 1.82447 -0.14596 0.1497 1.83127 0.01735 0.04830 -0.11280 0.07338 0.06695 -0.12491 0.08297 0.06551 -0.01192 -0.06073 0.07421 0.08075 -0.00708 -0.02075 1.11493 -3.03827
-0.04874 0.12127 1.80814 -0.11431 0.18024 1.81929 0.09013 -0.00230 -0.01633 0.03165 0.03054 -0.01198 0.10148 0.09258 0.01851 0.02707 0.06120 0.08520 -0.01301 0.00445 2.27992 2.79115
-0.01242 0.1483 1.84768 -0.16921 0.23126 1.89443 0.03632 0.02703 0.03954 -0.05490 0.05102 0.07514 0.10266 0.16109 0.00118 0.06851 0.07261 0.08764 0.01141 0.00244 -2.26463 -2.70874
0.01246 0.19519 1.95496 -0.31445 0.15238 2.02371 0.02488 0.04689 0.10728 -0.14524 -0.07888 0.12928 0.09744 0.14691 -0.00522 -0.01418 0.07583 0.08917 0.00322 0.00153 -2.80499 -0.78909
0.03753 0.23222 1.96203 -0.31768 0.16093 2.02682 0.02507 0.03703 0.00707 -0.00323 0.00855 0.00311 0.12209 0.14375 0.02465 -0.00316 0.10527 0.08175 0.02944 -0.00742 -2.87021 2.58008
0.06264 0.25582 1.97234 -0.3186 0.16652 2.03007 0.02511 0.02360 0.01031 -0.00092 0.00559 0.00325 0.11996 0.13975 -0.00213 -0.00400 0.04422 0.08731 -0.06105 0.00556 -3.13409 -0.54298
0.08938 0.26331 1.9557 -0.3137 0.16696 2.00685 0.02674 0.00749 -0.01664 0.00490 0.00044 -0.02322 0.11826 0.14459 -0.00170 0.00484 0.05487 0.08048 0.01065 -0.00683 -3.05420 -0.57693
0.11654 0.27226 1.96121 -0.31248 0.16809 2.00963 0.02716 0.00895 0.00551 0.00122 0.00113 0.00278 0.11991 0.14582 0.00165 0.00123 0.06666 0.08296 0.01179 0.00248 -3.11399 -0.61760
0.14649 0.2719 1.96651 -0.31212 0.16557 2.00984 0.02995 -0.00036 0.00530 0.00036 -0.00252 0.00021 0.11993 0.14525 0.00002 -0.00057 0.06524 0.04925 -0.00142 -0.03371 -2.98467 2.53288
0.22307 0.20473 1.97912 -0.31612 0.1551 2.02149 0.07658 -0.06717 0.01261 -0.00400 -0.01047 0.01165 0.11436 0.14973 -0.00557 0.00448 0.09189 0.09857 0.02665 0.04932 -2.67170 -0.78907
0.25112 0.19705 1.99021 -0.31949 0.14832 2.02983 0.02805 -0.00768 0.01109 -0.00337 -0.00678 0.00834 0.11200 0.14607 -0.00236 -0.00366 0.07584 0.09584 -0.01605 -0.00273 3.11348 -0.75560
0.28154 0.18805 1.99907 -0.3231 0.14059 2.03548 0.03042 -0.00900 0.00886 -0.00361 -0.00773 0.00565 0.10769 0.14903 -0.00431 0.00296 0.08827 0.05320 0.01243 -0.04264 2.94896 2.44515
0.31769 0.17874 2.04536 -0.33244 0.13381 2.07811 0.03615 -0.00931 0.04629 -0.00934 -0.00678 0.04263 0.10711 0.15595 -0.00058 0.00692 0.08991 0.09288 0.00164 0.03968 2.89974 -0.76535
0.35184 0.16436 2.06308 -0.33943 0.12429 2.0934 0.03415 -0.01438 0.01772 -0.00699 -0.00952 0.01529 0.10808 0.15443 0.00097 -0.00152 0.08937 0.11036 -0.00054 0.01748 2.97175 -0.40152
0.38394 0.13801 2.06198 -0.34346 0.11266 2.08815 0.03210 -0.02635 -0.00110 -0.00403 -0.01163 -0.00525 0.10592 0.15332 -0.00216 -0.00111 0.09238 0.10485 0.00301 -0.00551 -3.00838 -0.27295
0.41491 0.11669 2.06315 -0.34707 0.1011 2.08374 0.03097 -0.02132 0.00117 -0.00361 -0.01156 -0.00441 0.11400 0.14642 0.00808 -0.00690 0.09126 0.10788 -0.00112 0.00303 3.13221 -0.71066
0.44467 0.09287 2.06084 -0.35065 0.08827 2.07711 0.02976 -0.02382 -0.00231 -0.00358 -0.01283 -0.00663 0.12605 0.14883 0.01205 0.00241 0.09061 0.10479 -0.00065 -0.00309 -3.07299 -0.70665
0.47443 0.06728 2.06009 -0.35368 0.07548 2.0727 0.02976 -0.02559 -0.00075 -0.00303 -0.01279 -0.00441 0.12268 0.14680 -0.00337 -0.00203 0.09079 0.09695 0.00018 -0.00784 -3.07265 -0.84960
0.504 0.02203 2.06166 -0.35585 0.06182 2.0682 0.02957 -0.04525 0.00157 -0.00217 -0.01366 -0.00450 0.12501 0.14973 0.00233 0.00293 0.09213 0.10408 0.00134 0.00713 -2.99799 -0.89096
0.53248 -0.0128 2.05884 -0.35996 0.04608 2.06324 0.02848 -0.03483 -0.00282 -0.00411 -0.01574 -0.00496 0.12429 0.15089 -0.00072 0.00116 0.09232 0.11395 0.00019 0.00987 -3.01129 -0.98225
0.55422 -0.05435 2.04201 -0.35893 0.02906 2.041 0.02174 -0.04155 -0.01683 0.00103 -0.01702 -0.02224 0.12824 0.14645 0.00395 -0.00444 0.09172 0.10274 -0.00060 -0.01121 -3.03373 -0.88730
0.58257 -0.10405 2.03711 -0.3634 0.00899 2.03702 0.02835 -0.04970 -0.00490 -0.00447 -0.02007 -0.00398 0.10289 0.14099 -0.02535 -0.00546 0.08787 0.06607 -0.00385 -0.03667 -2.93090 1.99086
0.59898 -0.17054 1.99796 -0.3566 -0.01073 1.98673 0.01641 -0.06649 -0.03915 0.00680 -0.01972 -0.05029 0.09640 0.13968 -0.00649 -0.00131 0.09572 0.10284 0.00785 0.03677 -2.89235 -0.46063
0.60892 -0.21828 1.93115 -0.34372 -0.02713 1.91831 0.00994 -0.04774 -0.06681 0.01288 -0.01640 -0.06842 0.09630 0.13942 -0.00010 -0.00026 0.08658 0.09431 -0.00914 -0.00853 -2.96881 -0.68218
0.67358 -0.2979 2.03 -0.36596 -0.04888 2.01041 0.06466 -0.07962 0.09885 -0.02224 -0.02175 0.09210 0.11366 0.13742 0.01736 -0.00200 0.12789 0.09451 0.04131 0.00020 2.52702 -0.72487
0.69939 -0.36441 2.02131 -0.35919 -0.06513 1.98486 0.02581 -0.06651 -0.00869 0.00677 -0.01625 -0.02555 0.12787 0.14008 0.01421 0.00266 0.10175 0.09850 -0.02614 0.00399 -3.12957 -0.60887
0.73703 -0.43373 2.03786 -0.3608 -0.08291 1.99381 0.03764 -0.06932 0.01655 -0.00161 -0.01778 0.00895 0.13150 0.13719 0.00363 -0.00289 0.05153 0.10746 -0.05022 0.00896 -2.59735 -0.45521
0.68008 -0.54903 1.9644 -0.33077 -0.1775 1.85273 -0.05695 -0.11530 -0.07346 0.03003 -0.09459 -0.14108 0.14299 0.09171 0.01149 -0.04548 0.08472 0.09931 0.03319 -0.00815 -2.54608 -1.54559
0.71262 -0.59527 2.04513 -0.32336 -0.22969 1.93049 0.03254 -0.04624 0.08073 0.00741 -0.05219 0.07776 0.13387 0.08499 -0.00912 -0.00672 0.11828 0.11283 0.03356 0.01352 -2.30895 -1.19741
0.71433 -0.62106 2.00761 -0.31304 -0.26673 1.90628 0.00171 -0.02579 -0.03752 0.01032 -0.03704 -0.02421 0.13636 0.08512 0.00249 0.00013 0.09906 0.07646 -0.01922 -0.03637 -2.26667 0.77113
0.72135 -0.65828 2.08683 -0.27758 -0.36446 1.97363 0.00702 -0.03722 0.07922 0.03546 -0.09773 0.06735 0.14306 0.10386 0.00670 0.01874 0.10222 0.06314 0.00316 -0.01332 -2.14224 0.98439
0.71918 -0.67648 2.10031 -0.25243 -0.40852 1.995 -0.00217 -0.01820 0.01348 0.02515 -0.04406 0.02137 0.13800 0.10807 -0.00506 0.00421 0.10599 0.06116 0.00377 -0.00198 -2.11446 0.38788
0.71111 -0.69257 2.10236 -0.21975 -0.44959 2.00279 -0.00807 -0.01609 0.00205 0.03268 -0.04107 0.00779 0.13835 0.11111 0.00035 0.00304 0.10687 0.06622 0.00088 0.00506 -2.27875 0.51366
0.69576 -0.69737 2.0003 -0.16337 -0.6595 1.848 -0.01535 -0.00480 -0.10206 0.05638 -0.20991 -0.15479 0.11664 0.09130 -0.02171 -0.01981 0.09803 0.05011 -0.00884 -0.01611 -2.13643 2.25235
0.69778 -0.70875 1.99181 -0.1224 -0.52912 1.87649 0.00202 -0.01138 -0.00849 0.04097 0.13038 0.02849 0.11267 0.12505 -0.00397 0.03375 0.11461 0.05128 0.01658 0.00117 -2.19424 1.38683
0.70056 -0.72142 1.97515 -0.1086 -0.62771 1.86465 0.00278 -0.01267 -0.01666 0.01380 -0.09859 -0.01184 0.11628 0.12698 0.00361 0.00193 0.13495 0.08292 0.02034 0.03164 -2.91518 1.16628
0.6995 -0.72459 1.96343 -0.10462 -0.62563 1.84919 -0.00106 -0.00317 -0.01172 0.00398 0.00208 -0.01546 0.10911 0.12342 -0.00717 -0.00356 0.13161 0.07796 -0.00334 -0.00496 -2.89927 1.68876
0.69588 -0.7229 1.95476 -0.10235 -0.62992 1.84242 -0.00362 0.00169 -0.00867 0.00227 -0.00429 -0.00677 0.11249 0.12184 0.00338 -0.00158 0.13133 0.07972 -0.00028 0.00176 -2.91198 1.57071
0.69333 -0.72207 1.95392 -0.1008 -0.63212 1.84018 -0.00255 0.00083 -0.00084 0.00155 -0.00220 -0.00224 0.11390 0.12011 0.00141 -0.00173 0.13157 0.08874 0.00024 0.00902 -2.90615 1.18790
0.6931 -0.72379 1.95308 -0.10051 -0.63088 1.84183 -0.00023 -0.00172 -0.00084 0.00029 0.00124 0.00165 0.11142 0.11813 -0.00248 -0.00198 0.12605 0.08130 -0.00552 -0.00744 -2.89756 1.44732
0.69629 -0.72581 1.95128 -0.10045 -0.63168 1.84038 0.00319 -0.00202 -0.00180 0.00006 -0.00080 -0.00145 0.10857 0.11699 -0.00285 -0.00114 0.12825 0.08943 0.00220 0.00813 -2.83986 1.19640
0.69841 -0.72667 1.95156 -0.10073 -0.63218 1.83828 0.00212 -0.00086 0.00028 -0.00028 -0.00050 -0.00210 0.10588 0.11536 -0.00269 -0.00163 0.13094 0.08319 0.00269 -0.00624 -2.82899 1.33981
0.69816 -0.72533 1.95434 -0.10034 -0.63211 1.83842 -0.00025 0.00134 0.00278 0.00039 0.00007 0.00014 0.10610 0.11703 0.00022 0.00167 0.12969 0.08563 -0.00125 0.00244 -2.79563 1.36102
0.69928 -0.72734 1.94987 -0.10079 -0.63072 1.8368 0.00112 -0.00201 -0.00447 -0.00045 0.00139 -0.00162 0.10592 0.11698 -0.00018 -0.00005 0.12735 0.08664 -0.00234 0.00101 -2.78812 1.34114
0.70111 -0.72848 1.95234 -0.10012 -0.63229 1.83769 0.00183 -0.00114 0.00247 0.00067 -0.00157 0.00089 0.10549 0.11447 -0.00043 -0.00251 0.12780 0.08563 0.00045 -0.00101 -2.77794 1.36264
0.70004 -0.72898 1.9519 -0.07667 -0.63654 1.8213 -0.00107 -0.00050 -0.00044 0.02345 -0.00425 -0.01639 0.10583 0.13254 0.00034 0.01807 0.12882 0.07970 0.00102 -0.00593 -2.75282 1.02118
0.70299 -0.73174 1.95977 -0.10888 -0.63293 1.85234 0.00295 -0.00276 0.00787 -0.03221 0.00361 0.03104 0.12447 0.07165 0.01864 -0.06089 0.12939 0.08212 0.00057 0.00242 -2.80781 1.33938
0.70341 -0.73259 1.96349 -0.09952 -0.58104 1.90589 0.00042 -0.00085 0.00372 0.00936 0.05189 0.05355 0.10875 0.11951 -0.01572 0.04786 0.12804 0.07119 -0.00135 -0.01093 -2.73483 2.23664
0.72057 -0.74941 2.0114 -0.10417 -0.58953 1.95912 0.01716 -0.01682 0.04791 -0.00465 -0.00849 0.05323 0.11518 0.11873 0.00643 -0.00078 0.13419 0.06682 0.00615 -0.00437 -2.72424 2.01491
0.69976 -0.72794 1.95041 -0.06904 -0.63448 1.8212 -0.02081 0.02147 -0.06099 0.03513 -0.04495 -0.13792 0.11905 0.12857 0.00387 0.00984 0.13005 0.07593 -0.00414 0.00911 -2.74798 0.91013
0.73393 -0.76288 2.0459 -0.09838 -0.60085 1.98665 0.03417 -0.03494 0.09549 -0.02934 0.03363 0.16545 0.11908 0.11424 0.00003 -0.01433 0.13641 0.06901 0.00636 -0.00692 -2.71512 1.83719
0.69933 -0.72659 1.95031 -0.06936 -0.63742 1.81666 -0.03460 0.03629 -0.09559 0.02902 -0.03657 -0.16999 0.12200 0.13171 0.00292 0.01747 0.13147 0.08203 -0.00494 0.01302 -2.77311 0.92022
0.69966 -0.72667 1.95264 -0.06996 -0.63807 1.8189 0.00033 -0.00008 0.00233 -0.00060 -0.00065 0.00224 0.11517 0.12864 -0.00683 -0.00307 0.13002 0.08258 -0.00145 0.00055 -2.73803 0.90157
0.72885 -0.75623 2.03309 -0.10306 -0.59385 1.97786 0.02919 -0.02956 0.08045 -0.03310 0.04422 0.15896 0.11622 0.12012 0.00105 -0.00852 0.13675 0.06618 0.00673 -0.01640 -2.69540 1.93577
0.71092 -0.7383 1.98164 -0.1063 -0.58871 1.92545 -0.01793 0.01793 -0.05145 -0.00324 0.00514 -0.05241 0.11681 0.12229 0.00059 0.00217 0.13195 0.06738 -0.00480 0.00120 -2.67948 2.26582
0.71014 -0.73658 1.98126 -0.10765 -0.58673 1.92713 -0.00078 0.00172 -0.00038 -0.00135 0.00198 0.00168 0.12205 0.11881 0.00524 -0.00348 0.13316 0.06870 0.00121 0.00132 -2.66750 2.28272
]
