classifier_Monkey_bumps_into_house_19240 [ 0.80552 -0.77982 1.95838 -0.09223 -0.58846 1.83734 0.80552 -0.77982 1.95838 -0.09223 -0.58846 1.83734 0.10676 0.12335 0.10676 0.12335 0.10863 0.05407 0.10863 0.05407 -2.62844 -1.73721
0.80668 -0.78362 1.96295 -0.09255 -0.58771 1.84 0.00116 -0.00380 0.00457 -0.00032 0.00075 0.00266 0.11254 0.12360 0.00578 0.00025 0.08116 0.05512 -0.02747 0.00105 -2.39699 -1.82419
0.80624 -0.78189 1.95899 -0.09315 -0.58767 1.83894 -0.00044 0.00173 -0.00396 -0.00060 0.00004 -0.00106 0.10610 0.12281 -0.00644 -0.00079 0.10561 0.05538 0.02445 0.00026 -2.64079 -1.66417
0.80684 -0.7797 1.96437 -0.09402 -0.58924 1.8421 0.00060 0.00219 0.00538 -0.00087 -0.00157 0.00316 0.11029 0.12417 0.00419 0.00136 0.11930 0.05832 0.01369 0.00294 -2.55384 -1.68176
0.79913 -0.78124 1.97726 -0.09731 -0.59076 1.85025 -0.00771 -0.00154 0.01289 -0.00329 -0.00152 0.00815 0.12270 0.12700 0.01241 0.00283 0.11824 0.05828 -0.00106 -0.00004 -2.59162 -1.88705
0.76147 -0.76271 1.94677 -0.09966 -0.5951 1.8516 -0.03766 0.01853 -0.03049 -0.00235 -0.00434 0.00135 0.11476 0.12335 -0.00794 -0.00365 0.13170 0.05698 0.01346 -0.00130 -2.68935 -1.89540
0.74616 -0.75366 1.92651 -0.10154 -0.59499 1.84794 -0.01531 0.00905 -0.02026 -0.00188 0.00011 -0.00366 0.12772 0.12026 0.01296 -0.00309 0.13522 0.05747 0.00352 0.00049 -2.69504 -1.92475
0.63459 -0.64143 1.92725 -0.10328 -0.597 1.85693 -0.11157 0.11223 0.00074 -0.00174 -0.00201 0.00899 0.13292 0.12296 0.00520 0.00270 0.11081 0.05840 -0.02441 0.00093 -3.03527 -1.91185
0.62148 -0.66131 1.86373 -0.10634 -0.59994 1.86509 -0.01311 -0.01988 -0.06352 -0.00306 -0.00294 0.00816 0.05008 0.12327 -0.08284 0.00031 0.03136 0.05920 -0.07945 0.00080 -1.99315 -2.03277
0.53559 -0.61469 1.91353 -0.10985 -0.60191 1.86892 -0.08589 0.04662 0.04980 -0.00351 -0.00197 0.00383 0.10595 0.12383 0.05587 0.00056 0.07986 0.05857 0.04850 -0.00063 -2.48710 -2.30656
0.48516 -0.60273 1.92423 -0.11607 -0.60275 1.88418 -0.05043 0.01196 0.01070 -0.00622 -0.00084 0.01526 0.09447 0.12153 -0.01148 -0.00230 0.09629 0.05900 0.01643 0.00043 -2.72337 -2.25966
0.36255 -0.62861 1.93268 -0.125 -0.60488 1.88499 -0.12261 -0.02588 0.00845 -0.00893 -0.00213 0.00081 0.14666 0.11994 0.05219 -0.00159 0.08714 0.05731 -0.00915 -0.00169 2.77730 -2.48117
0.32969 -0.63065 1.93293 -0.13196 -0.60265 1.89138 -0.03286 -0.00204 0.00025 -0.00696 0.00223 0.00639 0.15493 0.11763 0.00827 -0.00231 0.09917 0.05734 0.01203 0.00003 2.88676 -2.47162
0.30954 -0.6082 1.93057 -0.13726 -0.60101 1.8998 -0.02015 0.02245 -0.00236 -0.00530 0.00164 0.00842 0.14707 0.11808 -0.00786 0.00045 0.05583 0.05913 -0.04334 0.00179 2.86756 -2.44159
0.25076 -0.6634 1.77306 -0.13591 -0.57778 1.82959 -0.05878 -0.05520 -0.15751 0.00135 0.02323 -0.07021 0.13242 0.11639 -0.01465 -0.00169 0.07347 0.05677 0.01764 -0.00236 -2.18366 -2.45799
0.25903 -0.64735 1.8738 -0.14447 -0.59253 1.89123 0.00827 0.01605 0.10074 -0.00856 -0.01475 0.06164 0.13714 0.11725 0.00472 0.00086 0.07869 0.05968 0.00522 0.00291 -2.06826 -2.33528
0.24784 -0.63238 1.88864 -0.14576 -0.59262 1.89409 -0.01119 0.01497 0.01484 -0.00129 -0.00009 0.00286 0.12805 0.11998 -0.00909 0.00273 0.06689 0.06376 -0.01180 0.00408 -2.17139 -2.31175
0.24933 -0.63054 1.89346 -0.14623 -0.59052 1.89815 0.00149 0.00184 0.00482 -0.00047 0.00210 0.00406 0.12543 0.12003 -0.00262 0.00005 0.06715 0.06426 0.00026 0.00050 -2.12417 -2.29691
0.25205 -0.62673 1.89255 -0.14827 -0.58475 1.89598 0.00272 0.00381 -0.00091 -0.00204 0.00577 -0.00217 0.12576 0.12258 0.00033 0.00255 0.06720 0.06540 0.00005 0.00114 -2.47427 -2.34340
0.25255 -0.59697 1.84242 -0.11977 -0.63004 1.77849 0.00050 0.02976 -0.05013 0.02850 -0.04529 -0.11749 0.12999 0.13111 0.00423 0.00853 0.06037 0.04965 -0.00683 -0.01575 -2.98941 -1.95126
0.26672 -0.5597 1.87856 -0.13052 -0.63836 1.78318 0.01417 0.03727 0.03614 -0.01075 -0.00832 0.00469 0.08482 0.07801 -0.04517 -0.05310 0.09276 0.06924 0.03239 0.01959 3.01864 -2.85463
0.26889 -0.29874 1.75523 -0.17184 -0.26877 1.73405 0.00217 0.26096 -0.12333 -0.04132 0.36959 -0.04913 0.08603 0.08730 0.00121 0.00929 0.06675 0.07208 -0.02601 0.00284 3.13367 -0.58418
0.27774 -0.19455 1.75288 -0.18931 -0.1629 1.74075 0.00885 0.10419 -0.00235 -0.01747 0.10587 0.00670 0.13654 0.13762 0.05051 0.05032 0.08696 0.09604 0.02021 0.02396 -2.21486 -0.38262
0.27847 -0.10873 1.7475 -0.19142 -0.06966 1.74256 0.00073 0.08582 -0.00538 -0.00211 0.09324 0.00181 0.15033 0.14349 0.01379 0.00587 0.12270 0.11541 0.03574 0.01937 3.09455 -0.70312
0.26722 -0.02329 1.78472 -0.18547 0.01167 1.76739 -0.01125 0.08544 0.03722 0.00595 0.08133 0.02483 0.16837 0.15575 0.01804 0.01226 0.16218 0.09312 0.03948 -0.02229 -2.26528 -0.60410
0.24354 0.06104 1.76886 -0.16771 0.09017 1.77317 -0.02368 0.08433 -0.01586 0.01776 0.07850 0.00578 0.16573 0.15450 -0.00264 -0.00125 0.15822 0.09514 -0.00396 0.00202 -2.38713 -0.69380
0.23393 0.12698 1.78798 -0.14789 0.16272 1.79552 -0.00961 0.06594 0.01912 0.01982 0.07255 0.02235 0.17207 0.14180 0.00634 -0.01270 0.15144 0.09491 -0.00678 -0.00023 -2.40835 -0.47778
0.2105 0.18183 1.7443 -0.13707 0.19519 1.76549 -0.02343 0.05485 -0.04368 0.01082 0.03247 -0.03003 0.18288 0.15250 0.01081 0.01070 0.08480 0.11440 -0.06664 0.01949 -2.58245 -0.64200
0.21088 0.23018 1.82045 -0.13039 0.24342 1.84718 0.00038 0.04835 0.07615 0.00668 0.04823 0.08169 0.17595 0.16121 -0.00693 0.00871 0.08716 0.10610 0.00236 -0.00830 -2.40118 -0.69167
0.19735 0.26187 1.82789 -0.12643 0.25771 1.85369 -0.01353 0.03169 0.00744 0.00396 0.01429 0.00651 0.17487 0.16757 -0.00108 0.00636 0.16090 0.10871 0.07374 0.00261 -2.47661 -0.63764
0.17709 0.29157 1.83524 -0.11706 0.26707 1.86308 -0.02026 0.02970 0.00735 0.00937 0.00936 0.00939 0.17821 0.17902 0.00334 0.01145 0.07881 0.11217 -0.08209 0.00346 -2.42531 -0.70086
0.15799 0.31065 1.83857 -0.10774 0.27074 1.86898 -0.01910 0.01908 0.00333 0.00932 0.00367 0.00590 0.17575 0.17249 -0.00246 -0.00653 0.08249 0.10396 0.00368 -0.00821 -2.35201 -0.77289
0.14513 0.31725 1.8436 -0.103 0.26983 1.87245 -0.01286 0.00660 0.00503 0.00474 -0.00091 0.00347 0.17985 0.17169 0.00410 -0.00080 0.10193 0.09837 0.01944 -0.00559 0.89170 -0.80442
0.14814 0.31837 1.84132 -0.10691 0.27226 1.86974 0.00301 0.00112 -0.00228 -0.00391 0.00243 -0.00271 0.16974 0.16157 -0.01011 -0.01012 0.10180 0.09463 -0.00013 -0.00374 0.80171 -0.71592
0.16157 0.31762 1.84687 -0.11565 0.27923 1.87496 0.01343 -0.00075 0.00555 -0.00874 0.00697 0.00522 0.15689 0.15316 -0.01285 -0.00841 0.09843 0.10366 -0.00337 0.00903 0.59929 -0.52067
0.18192 0.3136 1.85985 -0.12622 0.29285 1.87917 0.02035 -0.00402 0.01298 -0.01057 0.01362 0.00421 0.14745 0.14183 -0.00944 -0.01133 0.09507 0.08684 -0.00336 -0.01682 0.42183 -0.35849
0.19509 0.31791 1.85743 -0.14482 0.30123 1.86755 0.01317 0.00431 -0.00242 -0.01860 0.00838 -0.01162 0.13954 0.12542 -0.00791 -0.01641 0.08098 0.07799 -0.01409 -0.00885 0.36771 -0.24197
0.22379 0.30169 1.86187 -0.16994 0.30534 1.86294 0.02870 -0.01622 0.00444 -0.02512 0.00411 -0.00461 0.13741 0.10326 -0.00213 -0.02216 0.08876 0.07288 0.00778 -0.00511 0.44304 -0.09153
0.24646 0.28677 1.86518 -0.21642 0.2572 1.87154 0.02267 -0.01492 0.00331 -0.04648 -0.04814 0.00860 0.12882 0.13906 -0.00859 0.03580 0.07090 0.06945 -0.01786 -0.00343 0.47232 -0.47262
0.2819 0.23943 1.86478 -0.24107 0.23106 1.87057 0.03544 -0.04734 -0.00040 -0.02465 -0.02614 -0.00097 0.14293 0.14207 0.01411 0.00301 0.09314 0.06902 0.02224 -0.00043 0.62720 -0.36605
0.3038 0.20751 1.86305 -0.26744 0.18097 1.87051 0.02190 -0.03192 -0.00173 -0.02637 -0.05009 -0.00006 0.13250 0.13395 -0.01043 -0.00812 0.07008 0.06577 -0.02306 -0.00325 0.61227 -0.55099
0.3362 0.13883 1.85348 -0.28644 0.13035 1.85396 0.03240 -0.06868 -0.00957 -0.01900 -0.05062 -0.01655 0.14387 0.13453 0.01137 0.00058 0.07469 0.07656 0.00461 0.01079 0.53787 -0.52245
0.35147 0.09778 1.85468 -0.30207 0.07182 1.85091 0.01527 -0.04105 0.00120 -0.01563 -0.05853 -0.00305 0.14633 0.14655 0.00246 0.01202 0.07715 0.07514 0.00246 -0.00142 0.47377 -0.61776
0.36752 0.04244 1.86236 -0.30684 0.01937 1.85289 0.01605 -0.05534 0.00768 -0.00477 -0.05245 0.00198 0.14908 0.13206 0.00275 -0.01449 0.08718 0.10058 0.01003 0.02544 0.33496 -0.67830
0.37629 -0.01461 1.86991 -0.3097 -0.04702 1.86062 0.00877 -0.05705 0.00755 -0.00286 -0.06639 0.00773 0.15098 0.16702 0.00190 0.03496 0.07310 0.12052 -0.01408 0.01994 0.58980 -0.00438
0.3766 -0.06834 1.8916 -0.30093 -0.08884 1.86835 0.00031 -0.05373 0.02169 0.00877 -0.04182 0.00773 0.15281 0.14830 0.00183 -0.01872 0.06494 0.10366 -0.00816 -0.01686 0.61139 -0.16788
0.36409 -0.12049 1.88437 -0.28613 -0.13675 1.85151 -0.01251 -0.05215 -0.00723 0.01480 -0.04791 -0.01684 0.14942 0.14383 -0.00339 -0.00447 0.06399 0.08719 -0.00095 -0.01647 0.61411 -0.15078
0.3553 -0.16376 1.90821 -0.27111 -0.20189 1.88485 -0.00879 -0.04327 0.02384 0.01502 -0.06514 0.03334 0.17316 0.14781 0.02374 0.00398 0.10752 0.09111 0.04353 0.00392 -1.05576 -0.03125
0.35955 -0.31599 2.00539 -0.25584 -0.33931 1.99053 0.00425 -0.15223 0.09718 0.01527 -0.13742 0.10568 0.17845 0.15883 0.00529 0.01102 0.07982 0.10534 -0.02770 0.01423 -0.52118 0.14066
0.35953 -0.33306 2.01066 -0.25112 -0.34932 1.99456 -0.00002 -0.01707 0.00527 0.00472 -0.01001 0.00403 0.17548 0.15808 -0.00297 -0.00075 0.12277 0.10496 0.04295 -0.00038 -0.01078 0.18015
0.3454 -0.32676 1.93133 -0.23914 -0.33684 1.91077 -0.01413 0.00630 -0.07933 0.01198 0.01248 -0.08379 0.17238 0.15393 -0.00310 -0.00415 0.12120 0.09752 -0.00157 -0.00744 0.00997 0.13115
0.34519 -0.32711 1.92246 -0.23784 -0.33395 1.89907 -0.00021 -0.00035 -0.00887 0.00130 0.00289 -0.01170 0.16832 0.15165 -0.00406 -0.00228 0.11804 0.09281 -0.00316 -0.00471 0.03406 0.09177
0.34509 -0.32116 1.91496 -0.23725 -0.32494 1.89359 -0.00010 0.00595 -0.00750 0.00059 0.00901 -0.00548 0.16963 0.15918 0.00131 0.00753 0.11201 0.09734 -0.00603 0.00453 -0.12941 0.07917
0.3502 -0.32001 1.93208 -0.24011 -0.3177 1.91326 0.00511 0.00115 0.01712 -0.00286 0.00724 0.01967 0.17149 0.16465 0.00186 0.00547 0.09334 0.09497 -0.01867 -0.00237 -0.27144 -0.00694
0.35051 -0.31351 1.92838 -0.23921 -0.30339 1.9051 0.00031 0.00650 -0.00370 0.00090 0.01431 -0.00816 0.17547 0.16386 0.00398 -0.00079 0.07206 0.08789 -0.02128 -0.00708 -0.15293 -0.07615
0.35246 -0.31261 1.93906 -0.23968 -0.28356 1.91485 0.00195 0.00090 0.01068 -0.00047 0.01983 0.00975 0.18115 0.16988 0.00568 0.00602 0.06972 0.08240 -0.00234 -0.00549 -0.18125 -0.05868
0.35354 -0.31303 1.9464 -0.24314 -0.25004 1.91703 0.00108 -0.00042 0.00734 -0.00346 0.03352 0.00218 0.17442 0.17192 -0.00673 0.00204 0.06476 0.08927 -0.00496 0.00687 -0.20008 0.02938
0.35275 -0.31539 1.94558 -0.24681 -0.21185 1.91897 -0.00079 -0.00236 -0.00082 -0.00367 0.03819 0.00194 0.17262 0.17558 -0.00180 0.00366 0.11105 0.09292 0.04629 0.00365 -0.05163 -0.31125
0.34778 -0.31752 1.91977 -0.26043 -0.17981 1.90244 -0.00497 -0.00213 -0.02581 -0.01362 0.03204 -0.01653 0.15995 0.17946 -0.01267 0.00388 0.09638 0.09334 -0.01467 0.00042 -0.03537 0.05388
0.37091 -0.3468 2.06154 -0.29266 -0.14402 1.99993 0.02313 -0.02928 0.14177 -0.03223 0.03579 0.09749 0.16895 0.16524 0.00900 -0.01422 0.10702 0.09116 0.01064 -0.00218 -0.17988 -0.15532
0.33604 -0.33883 1.88077 -0.28072 -0.00458 1.77493 -0.03487 0.00797 -0.18077 0.01194 0.13944 -0.22500 0.14100 0.13869 -0.02795 -0.02655 0.09998 0.12579 -0.00704 0.03463 0.08246 -0.56027
0.3304 -0.35749 1.87451 -0.28332 0.10968 1.74978 -0.00564 -0.01866 -0.00626 -0.00260 0.11426 -0.02515 0.12799 0.14477 -0.01301 0.00608 0.09018 0.10284 -0.00980 -0.02295 1.04401 -0.95638
0.34037 -0.37453 1.93413 -0.29308 0.15047 1.80351 0.00997 -0.01704 0.05962 -0.00976 0.04079 0.05373 0.12846 0.15832 0.00047 0.01355 0.08106 0.11239 -0.00912 0.00955 0.21888 -0.62365
0.33706 -0.3851 1.94722 -0.28456 0.18383 1.80315 -0.00331 -0.01057 0.01309 0.00852 0.03336 -0.00036 0.12748 0.15852 -0.00098 0.00020 0.06681 0.11603 -0.01425 0.00364 -0.44009 -0.74095
0.33243 -0.40124 1.96143 -0.27273 0.20324 1.81091 -0.00463 -0.01614 0.01421 0.01183 0.01941 0.00776 0.12336 0.15756 -0.00412 -0.00096 0.06444 0.12738 -0.00237 0.01135 -0.44002 -1.79177
0.30469 -0.4575 1.95191 -0.26063 0.20733 1.81209 -0.02774 -0.05626 -0.00952 0.01210 0.00409 0.00118 0.07941 0.15833 -0.04395 0.00077 0.06999 0.12753 0.00555 0.00015 -0.29212 -1.98492
0.30066 -0.47062 1.96809 -0.24881 0.1953 1.80804 -0.00403 -0.01312 0.01618 0.01182 -0.01203 -0.00405 0.07886 0.14439 -0.00055 -0.01394 0.09653 0.13153 0.02654 0.00400 2.77514 -2.41331
0.29435 -0.48514 1.97322 -0.23411 0.17347 1.788 -0.00631 -0.01452 0.00513 0.01470 -0.02183 -0.02004 0.07757 0.13067 -0.00129 -0.01372 0.08349 0.12031 -0.01304 -0.01122 2.75479 -2.20166
0.28842 -0.49921 1.98184 -0.22946 0.14231 1.77523 -0.00593 -0.01407 0.00862 0.00465 -0.03116 -0.01277 0.07630 0.12311 -0.00127 -0.00756 0.09482 0.11385 0.01133 -0.00646 2.54790 -1.34603
0.29453 -0.48426 2.02693 -0.22923 0.1124 1.7723 0.00611 0.01495 0.04509 0.00023 -0.02991 -0.00293 0.11928 0.12074 0.04298 -0.00237 0.08363 0.12880 -0.01119 0.01495 2.37708 -2.38042
0.28696 -0.55595 2.14422 -0.24689 0.09335 1.88525 -0.00757 -0.07169 0.11729 -0.01766 -0.01905 0.11295 0.08994 0.12870 -0.02934 0.00796 0.08617 0.12964 0.00254 0.00084 2.29639 -1.43281
0.26802 -0.52273 2.00648 -0.23484 0.07264 1.76536 -0.01894 0.03322 -0.13774 0.01205 -0.02071 -0.11989 0.07990 0.11711 -0.01004 -0.01159 0.08116 0.12458 -0.00501 -0.00506 2.23790 -1.73291
0.28529 -0.55339 2.12583 -0.25068 0.07098 1.86742 0.01727 -0.03066 0.11935 -0.01584 -0.00166 0.10206 0.08554 0.12893 0.00564 0.01182 0.08476 0.11349 0.00360 -0.01109 2.22296 -1.32052
0.29136 -0.54681 2.12577 -0.24975 0.06885 1.87039 0.00607 0.00658 -0.00006 0.00093 -0.00213 0.00297 0.08934 0.13325 0.00380 0.00432 0.08737 0.14402 0.00261 0.03053 2.24460 -1.70266
0.2932 -0.55067 2.13061 -0.25015 0.07241 1.87829 0.00184 -0.00386 0.00484 -0.00040 0.00356 0.00790 0.08451 0.13624 -0.00483 0.00299 0.09202 0.14191 0.00465 -0.00211 2.18063 -1.49970
0.3008 -0.53972 2.11749 -0.24806 0.0762 1.87172 0.00760 0.01095 -0.01312 0.00209 0.00379 -0.00657 0.09035 0.13910 0.00584 0.00286 0.10030 0.13796 0.00828 -0.00395 2.13393 -1.47035
0.32797 -0.52098 2.10834 -0.24785 0.08128 1.89163 0.02717 0.01874 -0.00915 0.00021 0.00508 0.01991 0.09204 0.14015 0.00169 0.00105 0.13088 0.13747 0.03058 -0.00049 2.48381 -1.36542
0.32799 -0.46832 1.96583 -0.23398 0.07453 1.78142 0.00002 0.05266 -0.14251 0.01387 -0.00675 -0.11021 0.08733 0.12798 -0.00471 -0.01217 0.14803 0.13052 0.01715 -0.00695 2.58242 -2.68864
0.41632 -0.43722 2.06291 -0.2481 0.07771 1.89146 0.08833 0.03110 0.09708 -0.01412 0.00318 0.11004 0.12737 0.13477 0.04004 0.00679 0.08687 0.13400 -0.06116 0.00348 2.55046 -1.41929
0.44758 -0.42705 2.04085 -0.24862 0.07587 1.89424 0.03126 0.01017 -0.02206 -0.00052 -0.00184 0.00278 0.12413 0.13473 -0.00324 -0.00004 0.09484 0.13617 0.00797 0.00217 2.79136 -1.39422
0.48185 -0.41198 2.02371 -0.24889 0.07501 1.89491 0.03427 0.01507 -0.01714 -0.00027 -0.00086 0.00067 0.12922 0.13738 0.00509 0.00265 0.09976 0.13870 0.00492 0.00253 -2.59057 -1.45491
0.50442 -0.41586 1.99871 -0.24739 0.07264 1.88659 0.02257 -0.00388 -0.02500 0.00150 -0.00237 -0.00832 0.13042 0.13785 0.00120 0.00047 0.07125 0.13148 -0.02851 -0.00722 -2.63770 -1.40220
0.52637 -0.42021 2.00047 -0.2455 0.06953 1.88818 0.02195 -0.00435 0.00176 0.00189 -0.00311 0.00159 0.12540 0.13709 -0.00502 -0.00076 0.06836 0.12901 -0.00289 -0.00247 -2.48881 -1.52764
0.53783 -0.43244 2.01142 -0.24524 0.06799 1.88655 0.01146 -0.01223 0.01095 0.00026 -0.00154 -0.00163 0.12339 0.13455 -0.00201 -0.00254 0.07218 0.12975 0.00382 0.00074 -2.53824 -1.40789
0.53488 -0.47313 2.02525 -0.24419 0.0651 1.88238 -0.00295 -0.04069 0.01383 0.00105 -0.00289 -0.00417 0.12227 0.13683 -0.00112 0.00228 0.08166 0.13438 0.00948 0.00463 -2.99212 -1.44113
0.53255 -0.49246 2.06262 -0.24262 0.06296 1.88316 -0.00233 -0.01933 0.03737 0.00157 -0.00214 0.00078 0.10184 0.13851 -0.02043 0.00168 0.08984 0.13006 0.00818 -0.00432 2.83261 -1.51820
0.52215 -0.51163 2.09987 -0.24093 0.05866 1.88131 -0.01040 -0.01917 0.03725 0.00169 -0.00430 -0.00185 0.08331 0.13802 -0.01853 -0.00049 0.07734 0.13224 -0.01250 0.00218 2.53765 -1.47401
0.47335 -0.5038 2.15117 -0.23945 0.05462 1.88069 -0.04880 0.00783 0.05130 0.00148 -0.00404 -0.00062 0.07912 0.13769 -0.00419 -0.00033 0.06499 0.13132 -0.01235 -0.00092 2.04848 -1.46711
0.4565 -0.29506 2.06598 -0.23629 0.05261 1.86182 -0.01685 0.20874 -0.08519 0.00316 -0.00201 -0.01887 0.11791 0.13515 0.03879 -0.00254 0.14956 0.13090 0.08457 -0.00042 2.26249 -2.11338
0.51421 -0.22425 2.17934 -0.25541 0.05986 2.00998 0.05771 0.07081 0.11336 -0.01912 0.00725 0.14816 0.11559 0.15139 -0.00232 0.01624 0.13350 0.14297 -0.01606 0.01207 2.33458 -1.50050
0.46643 -0.19352 1.94773 -0.22846 0.0541 1.80691 -0.04778 0.03073 -0.23161 0.02695 -0.00576 -0.20307 0.09625 0.13444 -0.01934 -0.01695 0.09151 0.12463 -0.04199 -0.01834 1.94105 -1.50472
0.47917 -0.20927 1.93873 -0.22831 0.05533 1.8042 0.01274 -0.01575 -0.00900 0.00015 0.00123 -0.00271 0.09916 0.13740 0.00291 0.00296 0.08002 0.12370 -0.01149 -0.00093 2.15757 -1.42294
0.51885 -0.25581 2.01623 -0.23637 0.05763 1.8737 0.03968 -0.04654 0.07750 -0.00806 0.00230 0.06950 0.11260 0.14170 0.01344 0.00430 0.08989 0.12770 0.00987 0.00400 2.50263 -1.46705
0.54559 -0.30586 2.03623 -0.23645 0.05749 1.8767 0.02674 -0.05005 0.02000 -0.00008 -0.00014 0.00300 0.14115 0.14422 0.02855 0.00252 0.09560 0.13078 0.00571 0.00308 2.99163 -1.49901
0.51508 -0.35181 1.90669 -0.22045 0.05353 1.75248 -0.03051 -0.04595 -0.12954 0.01600 -0.00396 -0.12422 0.12743 0.13408 -0.01372 -0.01014 0.10026 0.12455 0.00466 -0.00623 2.70854 -2.23311
0.53141 -0.46943 2.03916 -0.23607 0.05643 1.86632 0.01633 -0.11762 0.13247 -0.01562 0.00290 0.11384 0.08909 0.14025 -0.03834 0.00617 0.07616 0.12858 -0.02410 0.00403 2.84203 -1.45500
0.53514 -0.50153 2.10066 -0.23777 0.05861 1.86862 0.00373 -0.03210 0.06150 -0.00170 0.00218 0.00230 0.11123 0.13955 0.02214 -0.00070 0.09522 0.13133 0.01906 0.00275 2.84849 -1.35241
0.49136 -0.53474 2.18997 -0.2428 0.05935 1.87403 -0.04378 -0.03321 0.08931 -0.00503 0.00074 0.00541 0.11325 0.14039 0.00202 0.00084 0.10762 0.11360 0.01240 -0.01773 2.69435 -1.26110
0.43115 -0.51402 2.21628 -0.24543 0.06043 1.87291 -0.06021 0.02072 0.02631 -0.00263 0.00108 -0.00112 0.09180 0.14299 -0.02145 0.00260 0.07921 0.11803 -0.02841 0.00443 2.00909 -1.23703
0.39737 -0.47589 2.1901 -0.24675 0.06373 1.86804 -0.03378 0.03813 -0.02618 -0.00132 0.00330 -0.00487 0.09412 0.14373 0.00232 0.00074 0.07107 0.11113 -0.00814 -0.00690 1.96298 -1.19582
0.38285 -0.39827 2.13045 -0.24771 0.06587 1.86875 -0.01452 0.07762 -0.05965 -0.00096 0.00214 0.00071 0.08896 0.14237 -0.00516 -0.00136 0.07282 0.10784 0.00175 -0.00329 2.16897 -1.19342
0.40401 -0.28603 2.05647 -0.24758 0.06867 1.86697 0.02116 0.11224 -0.07398 0.00013 0.00280 -0.00178 0.11874 0.14497 0.02978 0.00260 0.08942 0.10548 0.01660 -0.00236 2.39974 -1.18958
0.37873 -0.0771 1.94893 -0.24672 0.07364 1.8753 -0.02528 0.20893 -0.10754 0.00086 0.00497 0.00833 0.14166 0.14396 0.02292 -0.00101 0.09704 0.10949 0.00762 0.00401 1.30659 -1.18772
0.4032 0.02234 1.94238 -0.24696 0.07585 1.87182 0.02447 0.09944 -0.00655 -0.00024 0.00221 -0.00348 0.17321 0.14353 0.03155 -0.00043 0.07901 0.10548 -0.01803 -0.00401 0.82900 -1.14638
0.40571 0.11524 1.93961 -0.2455 0.07766 1.8571 0.00251 0.09290 -0.00277 0.00146 0.00181 -0.01472 0.15427 0.13959 -0.01894 -0.00394 0.10170 0.10739 0.02269 0.00191 0.78287 -1.12438
0.42035 0.17607 1.95198 -0.24571 0.07894 1.86358 0.01464 0.06083 0.01237 -0.00021 0.00128 0.00648 0.14009 0.14533 -0.01418 0.00574 0.09777 0.10903 -0.00393 0.00164 0.41623 -1.10792
0.42489 0.22889 1.9516 -0.24501 0.07996 1.86068 0.00454 0.05282 -0.00038 0.00070 0.00102 -0.00290 0.13174 0.14163 -0.00835 -0.00370 0.09007 0.10491 -0.00770 -0.00412 0.42735 -1.06365
0.43377 0.24578 1.95803 -0.24482 0.07906 1.86541 0.00888 0.01689 0.00643 0.00019 -0.00090 0.00473 0.13134 0.14280 -0.00040 0.00117 0.08976 0.10777 -0.00031 0.00286 0.32097 -1.03708
0.43594 0.25036 1.96135 -0.2445 0.07825 1.86857 0.00217 0.00458 0.00332 0.00032 -0.00081 0.00316 0.13159 0.14586 0.00025 0.00306 0.08379 0.10727 -0.00597 -0.00050 0.29959 -1.03026
0.43541 0.24802 1.96304 -0.24481 0.07724 1.87108 -0.00053 -0.00234 0.00169 -0.00031 -0.00101 0.00251 0.12572 0.13840 -0.00587 -0.00746 0.08741 0.11131 0.00362 0.00404 0.34172 -1.01188
0.40473 0.21049 1.83469 -0.23142 0.07013 1.7522 -0.03068 -0.03753 -0.12835 0.01339 -0.00711 -0.11888 0.11048 0.12929 -0.01524 -0.00911 0.07602 0.09924 -0.01139 -0.01207 0.44867 -2.24617
0.40029 0.09905 1.8276 -0.23234 0.06388 1.75368 -0.00444 -0.11144 -0.00709 -0.00092 -0.00625 0.00148 0.11889 0.12811 0.00841 -0.00118 0.08116 0.10021 0.00514 0.00097 -0.55590 -1.60417
0.41081 0.09121 1.92616 -0.24714 0.06421 1.85404 0.01052 -0.00784 0.09856 -0.01480 0.00033 0.10036 0.08849 0.13426 -0.03040 0.00615 0.06757 0.10840 -0.01359 0.00819 0.50574 -1.04399
0.40207 0.06599 1.91763 -0.24841 0.06078 1.85101 -0.00874 -0.02522 -0.00853 -0.00127 -0.00343 -0.00303 0.06463 0.13337 -0.02386 -0.00089 0.05097 0.07247 -0.01660 -0.03593 0.55982 -0.81859
0.38838 -0.02889 1.84253 -0.23954 0.0572 1.76249 -0.01369 -0.09488 -0.07510 0.00887 -0.00358 -0.08852 0.11832 0.12854 0.05369 -0.00483 0.06685 0.06809 0.01588 -0.00438 -0.10669 -2.04258
0.38896 -0.03763 1.8433 -0.24175 0.05923 1.7644 0.00058 -0.00874 0.00077 -0.00221 0.00203 0.00191 0.11072 0.12853 -0.00760 -0.00001 0.07201 0.05391 0.00516 -0.01418 0.19521 -1.19218
0.4026 -0.03758 1.84936 -0.24221 0.06226 1.76531 0.01364 0.00005 0.00606 -0.00046 0.00303 0.00091 0.11239 0.12905 0.00167 0.00052 0.07115 0.06731 -0.00086 0.01340 -0.10151 -0.87346
0.43672 -0.04028 1.96865 -0.25764 0.06737 1.87505 0.03412 -0.00270 0.11929 -0.01543 0.00511 0.10974 0.13094 0.14181 0.01855 0.01276 0.09149 0.08093 0.02034 0.01362 -0.00272 -0.47242
0.42107 -0.03452 1.86218 -0.24448 0.06673 1.7739 -0.01565 0.00576 -0.10647 0.01316 -0.00064 -0.10115 0.13074 0.13499 -0.00020 -0.00682 0.08227 0.07521 -0.00922 -0.00572 0.22078 -1.78249
0.45301 -0.03038 1.9752 -0.25876 0.06982 1.88021 0.03194 0.00414 0.11302 -0.01428 0.00309 0.10631 0.14189 0.13779 0.01115 0.00280 0.07367 0.07570 -0.00860 0.00049 0.38244 -0.48271
0.43075 -0.02101 1.86345 -0.24513 0.06792 1.77641 -0.02226 0.00937 -0.11175 0.01363 -0.00190 -0.10380 0.13205 0.13363 -0.00984 -0.00416 0.07681 0.07236 0.00314 -0.00334 0.23043 -1.21330
0.45817 -0.01678 1.97388 -0.25913 0.06834 1.87931 0.02742 0.00423 0.11043 -0.01400 0.00042 0.10290 0.13921 0.13668 0.00716 0.00305 0.08783 0.07911 0.01102 0.00675 0.17535 -0.76935
0.4315 -0.01138 1.85795 -0.24553 0.06645 1.77175 -0.02667 0.00540 -0.11593 0.01360 -0.00189 -0.10756 0.13160 0.13318 -0.00761 -0.00350 0.08648 0.07940 -0.00135 0.00029 0.43581 -0.90826
0.43018 -0.00832 1.85655 -0.24678 0.06647 1.77134 -0.00132 0.00306 -0.00140 -0.00125 0.00002 -0.00041 0.13176 0.13336 0.00016 0.00018 0.08314 0.07134 -0.00334 -0.00806 0.42574 -1.13222
0.4542 -0.00833 1.96936 -0.26245 0.068 1.8774 0.02402 -0.00001 0.11281 -0.01567 0.00153 0.10606 0.13801 0.13590 0.00625 0.00254 0.08722 0.07663 0.00408 0.00529 0.43431 -0.47908
0.45157 -0.00507 1.97193 -0.26415 0.06852 1.88236 -0.00263 0.00326 0.00257 -0.00170 0.00052 0.00496 0.13871 0.14132 0.00070 0.00542 0.07358 0.07655 -0.01364 -0.00008 0.40523 -0.45770
0.44721 -0.00539 1.97119 -0.26628 0.06848 1.88566 -0.00436 -0.00032 -0.00074 -0.00213 -0.00004 0.00330 0.13801 0.13994 -0.00070 -0.00138 0.07403 0.08257 0.00045 0.00602 0.55263 -0.46086
0.4127 -0.00509 1.84613 -0.25138 0.06565 1.77113 -0.03451 0.00030 -0.12506 0.01490 -0.00283 -0.11453 0.13054 0.13019 -0.00747 -0.00975 0.07044 0.07498 -0.00359 -0.00759 0.60615 -1.93573
0.40117 -0.00193 1.84262 -0.25272 0.06514 1.77489 -0.01153 0.00316 -0.00351 -0.00134 -0.00051 0.00376 0.12921 0.13363 -0.00133 0.00344 0.08161 0.07357 0.01117 -0.00141 0.65550 -2.25671
0.38312 -0.00244 1.83446 -0.25226 0.0644 1.77574 -0.01805 -0.00051 -0.00816 0.00046 -0.00074 0.00085 0.12790 0.13113 -0.00131 -0.00250 0.07551 0.06722 -0.00610 -0.00635 0.74193 -1.97799
0.33549 -0.00467 1.90758 -0.25964 0.06191 1.86678 -0.04763 -0.00223 0.07312 -0.00738 -0.00249 0.09104 0.13262 0.13940 0.00472 0.00827 0.08023 0.07564 0.00472 0.00842 0.63968 -0.48410
0.28896 -0.0095 1.90386 -0.25347 0.05895 1.87255 -0.04653 -0.00483 -0.00372 0.00617 -0.00296 0.00577 0.13381 0.14050 0.00119 0.00110 0.08041 0.07387 0.00018 -0.00177 0.88546 -0.52690
0.21382 -0.01369 1.78235 -0.22973 0.05208 1.76564 -0.07514 -0.00419 -0.12151 0.02374 -0.00687 -0.10691 0.12699 0.13041 -0.00682 -0.01009 0.06905 0.07133 -0.01136 -0.00254 0.74914 -1.27617
0.15033 -0.02805 1.78106 -0.21464 0.04833 1.77733 -0.06349 -0.01436 -0.00129 0.01509 -0.00375 0.01169 0.13897 0.13635 0.01198 0.00594 0.08147 0.09969 0.01242 0.02836 0.60263 -1.13132
-0.02316 0.01098 1.84337 -0.19575 0.04425 1.89034 -0.17349 0.03903 0.06231 0.01889 -0.00408 0.11301 0.12394 0.14603 -0.01503 0.00968 0.09084 0.11641 0.00937 0.01672 -2.28594 -1.28613
-0.10381 0.07874 1.7273 -0.09163 0.13634 1.74274 -0.08065 0.06776 -0.11607 0.10412 0.09209 -0.14760 0.08911 0.06789 -0.03483 -0.07814 0.06787 0.06559 -0.02297 -0.05082 -0.31592 -1.22743
0.09591 0.2648 1.86049 -0.24087 0.13357 1.90054 0.19972 0.18606 0.13319 -0.14924 -0.00277 0.15780 0.06447 0.12755 -0.02464 0.05966 0.08524 0.12555 0.01737 0.05996 3.06228 -1.25632
0.24476 0.25073 2.05735 -0.28006 0.14955 2.03754 0.14885 -0.01407 0.19686 -0.03919 0.01598 0.13700 0.13821 0.13047 0.07374 0.00292 0.09000 0.12607 0.00476 0.00052 -2.66079 -1.49716
0.28669 0.23106 1.9286 -0.26729 0.13326 1.89257 0.04193 -0.01967 -0.12875 0.01277 -0.01629 -0.14497 0.12595 0.12265 -0.01226 -0.00782 0.08713 0.11442 -0.00287 -0.01165 -3.07652 -1.44720
0.31742 0.22841 1.94942 -0.27175 0.12935 1.90878 0.03073 -0.00265 0.02082 -0.00446 -0.00391 0.01621 0.12537 0.12429 -0.00058 0.00164 0.08666 0.11577 -0.00047 0.00135 3.12772 -1.42693
0.35035 0.21318 1.9699 -0.2768 0.12444 1.92482 0.03293 -0.01523 0.02048 -0.00505 -0.00491 0.01604 0.12792 0.12960 0.00255 0.00531 0.08581 0.12120 -0.00085 0.00543 -3.04826 -1.35559
0.35566 0.1833 1.85254 -0.26277 0.11119 1.80815 0.00531 -0.02988 -0.11736 0.01403 -0.01325 -0.11667 0.11747 0.12144 -0.01045 -0.00816 0.07995 0.11552 -0.00586 -0.00568 -3.08384 -2.21504
0.38504 0.15379 1.86002 -0.263 0.102 1.81023 0.02938 -0.02951 0.00748 -0.00023 -0.00919 0.00208 0.11715 0.12210 -0.00032 0.00066 0.07636 0.11696 -0.00359 0.00144 -2.97901 -0.57801
0.41385 0.12722 1.86193 -0.26385 0.09186 1.81173 0.02881 -0.02657 0.00191 -0.00085 -0.01014 0.00150 0.11006 0.12235 -0.00709 0.00025 0.07389 0.11678 -0.00247 -0.00018 -2.96782 -2.08340
0.44574 0.06605 1.86388 -0.26421 0.08074 1.81014 0.03189 -0.06117 0.00195 -0.00036 -0.01112 -0.00159 0.12615 0.12236 0.01609 0.00001 0.07878 0.11916 0.00489 0.00238 -2.79871 -1.28612
0.47742 0.01026 1.85434 -0.2627 0.06693 1.79887 0.03168 -0.05579 -0.00954 0.00151 -0.01381 -0.01127 0.12988 0.12336 0.00373 0.00100 0.08282 0.11233 0.00404 -0.00683 -2.80183 -1.14690
0.51034 -0.04556 1.84926 -0.2622 0.05182 1.79263 0.03292 -0.05582 -0.00508 0.00050 -0.01511 -0.00624 0.12302 0.11551 -0.00686 -0.00785 0.08681 0.11640 0.00399 0.00407 -2.92274 -0.94527
0.55111 -0.10879 1.86624 -0.26247 0.03373 1.80276 0.04077 -0.06323 0.01698 -0.00027 -0.01809 0.01013 0.12163 0.12127 -0.00139 0.00576 0.06331 0.11192 -0.02350 -0.00448 -2.77819 -1.34748
0.62731 -0.19281 2.00506 -0.28007 0.01596 1.92477 0.07620 -0.08402 0.13882 -0.01760 -0.01777 0.12201 0.14326 0.12915 0.02163 0.00788 0.08703 0.12462 0.02372 0.01270 -2.86637 -1.63194
0.7043 -0.32057 2.00283 -0.27495 -0.03116 1.91274 0.07699 -0.12776 -0.00223 0.00512 -0.04712 -0.01203 0.12209 0.13399 -0.02117 0.00484 0.09207 0.11853 0.00504 -0.00609 2.83220 -1.61948
0.73527 -0.38134 1.99735 -0.26951 -0.05605 1.89905 0.03097 -0.06077 -0.00548 0.00544 -0.02489 -0.01369 0.12591 0.12828 0.00382 -0.00571 0.07373 0.11012 -0.01834 -0.00841 -3.02574 -1.43460
0.77196 -0.44412 2.00417 -0.2663 -0.08489 1.90018 0.03669 -0.06278 0.00682 0.00321 -0.02884 0.00113 0.12445 0.12732 -0.00146 -0.00096 0.11016 0.11730 0.03643 0.00718 -2.68263 -1.88492
0.8108 -0.49254 1.97417 -0.25903 -0.11542 1.88901 0.03884 -0.04842 -0.03000 0.00727 -0.03053 -0.01117 0.07353 0.12560 -0.05092 -0.00172 0.07417 0.11945 -0.03599 0.00215 -1.22583 -1.90956
0.79284 -0.54057 2.06981 -0.25476 -0.14971 1.90859 -0.01796 -0.04803 0.09564 0.00427 -0.03429 0.01958 0.13382 0.13039 0.06029 0.00479 0.10722 0.12006 0.03305 0.00061 -2.58210 -2.14552
0.87272 -0.63441 2.03643 -0.24831 -0.18778 1.92023 0.07988 -0.09384 -0.03338 0.00645 -0.03807 0.01164 0.06694 0.12911 -0.06688 -0.00128 0.08601 0.11254 -0.02121 -0.00752 -2.09813 -2.02222
0.80658 -0.61763 2.09583 -0.23782 -0.22409 1.90322 -0.06614 0.01678 0.05940 0.01049 -0.03631 -0.01701 0.15605 0.12919 0.08911 0.00008 0.10596 0.09405 0.01995 -0.01849 -2.31671 -1.64620
0.80636 -0.65361 2.08633 -0.21006 -0.31249 1.88329 -0.00022 -0.03598 -0.00950 0.02776 -0.08840 -0.01993 0.11977 0.11222 -0.03628 -0.01697 0.06144 0.09336 -0.04452 -0.00069 -2.13007 -1.94408
0.82775 -0.70152 2.09888 -0.18558 -0.40034 1.90751 0.02139 -0.04791 0.01255 0.02448 -0.08785 0.02422 0.13394 0.10764 0.01417 -0.00458 0.06317 0.12363 0.00173 0.03027 -2.15272 -2.20120
0.81027 -0.69687 1.9761 -0.16549 -0.41571 1.81593 -0.01748 0.00465 -0.12278 0.02009 -0.01537 -0.09158 0.12379 0.10242 -0.01015 -0.00522 0.12480 0.10807 0.06163 -0.01556 -2.44512 -2.47297
0.80596 -0.7149 1.97763 -0.13438 -0.46789 1.79934 -0.00431 -0.01803 0.00153 0.03111 -0.05218 -0.01659 0.14880 0.06924 0.02501 -0.03318 0.07712 0.08804 -0.04768 -0.02003 -2.54617 -2.45563
0.79701 -0.75537 1.93111 -0.12915 -0.47973 1.77921 -0.00895 -0.04047 -0.04652 0.00523 -0.01184 -0.02013 0.10724 0.08142 -0.04156 0.01218 0.11546 0.10855 0.03834 0.02051 -2.56735 -3.08856
0.80166 -0.76597 1.95211 -0.11117 -0.54336 1.80534 0.00465 -0.01060 0.02100 0.01798 -0.06363 0.02613 0.09618 0.07081 -0.01106 -0.01061 0.12653 0.07189 0.01107 -0.03666 -2.55066 -2.73594
0.79689 -0.76879 1.9568 -0.10488 -0.57108 1.81565 -0.00477 -0.00282 0.00469 0.00629 -0.02772 0.01031 0.10740 0.06374 0.01122 -0.00707 0.12691 0.08850 0.00038 0.01661 -2.60508 -2.98390
0.79907 -0.77347 1.95832 -0.10164 -0.55699 1.81595 0.00218 -0.00468 0.00152 0.00324 0.01409 0.00030 0.08862 0.06454 -0.01878 0.00080 0.12011 0.06766 -0.00680 -0.02084 -2.67200 2.59177
0.78036 -0.75931 1.92589 -0.08393 -0.56616 1.78469 -0.01871 0.01416 -0.03243 0.01771 -0.00917 -0.03126 0.09513 0.06857 0.00651 0.00403 0.11528 0.06685 -0.00483 -0.00081 -2.61685 1.11818
0.80163 -0.78018 1.97853 -0.10084 -0.59919 1.8171 0.02127 -0.02087 0.05264 -0.01691 -0.03303 0.03241 0.09909 0.11697 0.00396 0.04840 0.11503 0.07743 -0.00025 0.01058 -2.65157 1.63592
0.78492 -0.75906 1.93468 -0.08291 -0.57382 1.78703 -0.01671 0.02112 -0.04385 0.01793 0.02537 -0.03007 0.10195 0.06711 0.00286 -0.04986 0.11574 0.06525 0.00071 -0.01218 -2.59033 1.24845
0.80273 -0.77742 1.98087 -0.09668 -0.60386 1.81368 0.01781 -0.01836 0.04619 -0.01377 -0.03004 0.02665 0.11927 0.12233 0.01732 0.05522 0.11899 0.07115 0.00325 0.00590 -2.59124 1.63215
0.8001 -0.77944 1.98167 -0.09704 -0.60579 1.81311 -0.00263 -0.00202 0.00080 -0.00036 -0.00193 -0.00057 0.10422 0.11951 -0.01505 -0.00282 0.11767 0.07247 -0.00132 0.00132 -2.65289 1.61982
0.80175 -0.77596 1.97525 -0.09557 -0.61017 1.80943 0.00165 0.00348 -0.00642 0.00147 -0.00438 -0.00368 0.09826 0.12003 -0.00596 0.00052 0.12712 0.07465 0.00945 0.00218 -2.64620 1.59327
0.7985 -0.77415 1.97606 -0.09491 -0.61302 1.80844 -0.00325 0.00181 0.00081 0.00066 -0.00285 -0.00099 0.10177 0.12214 0.00351 0.00211 0.12401 0.08404 -0.00311 0.00939 -2.62501 1.36894
0.79545 -0.77321 1.9736 -0.09476 -0.6141 1.80832 -0.00305 0.00094 -0.00246 0.00015 -0.00108 -0.00012 0.09331 0.11963 -0.00846 -0.00251 0.11537 0.07150 -0.00864 -0.01254 -2.67707 1.63878
0.78371 -0.76015 1.93954 -0.07598 -0.60501 1.78743 -0.01174 0.01306 -0.03406 0.01878 0.00909 -0.02089 0.10177 0.11863 0.00846 -0.00100 0.12009 0.08969 0.00472 0.01819 -2.68650 0.96005
0.78375 -0.76074 1.94045 -0.07653 -0.60483 1.78838 0.00004 -0.00059 0.00091 -0.00055 0.00018 0.00095 0.10583 0.11900 0.00406 0.00037 0.11670 0.08897 -0.00339 -0.00072 -2.70086 0.97322
0.79788 -0.77343 1.96976 -0.09342 -0.61553 1.80956 0.01413 -0.01269 0.02931 -0.01689 -0.01070 0.02118 0.10432 0.11950 -0.00151 0.00050 0.10755 0.06919 -0.00915 -0.01978 -2.68536 1.63779
0.80347 -0.77876 1.98292 -0.09324 -0.62083 1.81802 0.00559 -0.00533 0.01316 0.00018 -0.00530 0.00846 0.09818 0.12491 -0.00614 0.00541 0.12160 0.06815 0.01405 -0.00104 -2.69337 1.61805
0.80406 -0.77927 1.98846 -0.094 -0.62251 1.82073 0.00059 -0.00051 0.00554 -0.00076 -0.00168 0.00271 0.10206 0.12230 0.00388 -0.00261 0.11842 0.08417 -0.00318 0.01602 -2.68477 1.35491
0.80568 -0.7798 1.9913 -0.09415 -0.62323 1.82305 0.00162 -0.00053 0.00284 -0.00015 -0.00072 0.00232 0.10499 0.12318 0.00293 0.00088 0.11661 0.07177 -0.00181 -0.01240 -2.70843 1.60302
0.80806 -0.77957 1.9903 -0.09401 -0.62383 1.82235 0.00238 0.00023 -0.00100 0.00014 -0.00060 -0.00070 0.10243 0.12202 -0.00256 -0.00116 0.12052 0.07148 0.00391 -0.00029 -2.66131 1.60515
0.80453 -0.77943 1.99085 -0.09426 -0.62392 1.82271 -0.00353 0.00014 0.00055 -0.00025 -0.00009 0.00036 0.09599 0.12194 -0.00644 -0.00008 0.12035 0.07151 -0.00017 0.00003 -2.69807 1.61946
0.80601 -0.78109 1.99368 -0.09434 -0.62549 1.82497 0.00148 -0.00166 0.00283 -0.00008 -0.00157 0.00226 0.09886 0.12071 0.00287 -0.00123 0.11941 0.07179 -0.00094 0.00028 -2.76095 1.59703
0.80845 -0.77982 1.99319 -0.09333 -0.62579 1.82387 0.00244 0.00127 -0.00049 0.00101 -0.00030 -0.00110 0.10541 0.12777 0.00655 0.00706 0.12171 0.07273 0.00230 0.00094 -2.63248 1.60356
0.81777 -0.77817 1.97876 -0.09376 -0.62595 1.82395 0.00932 0.00165 -0.01443 -0.00043 -0.00016 0.00008 0.09415 0.12665 -0.01126 -0.00112 0.13377 0.07172 0.01206 -0.00101 -2.65430 1.63680
0.81734 -0.7764 1.97834 -0.09377 -0.62658 1.82486 -0.00043 0.00177 -0.00042 -0.00001 -0.00063 0.00091 0.09881 0.12484 0.00466 -0.00181 0.13319 0.07175 -0.00058 0.00003 -2.64443 1.59981
0.81994 -0.77418 1.97962 -0.09428 -0.62679 1.82606 0.00260 0.00222 0.00128 -0.00051 -0.00021 0.00120 0.10977 0.12552 0.01096 0.00068 0.13397 0.07138 0.00078 -0.00037 -2.62612 1.59798
0.82178 -0.77319 1.97941 -0.09403 -0.6273 1.82585 0.00184 0.00099 -0.00021 0.00025 -0.00051 -0.00021 0.10927 0.12539 -0.00050 -0.00013 0.12905 0.07163 -0.00492 0.00025 -2.65981 1.60476
0.84129 -0.79136 1.94078 -0.09287 -0.62174 1.80996 0.01951 -0.01817 -0.03863 0.00116 0.00556 -0.01589 0.16389 0.12471 0.05462 -0.00068 0.10506 0.07111 -0.02399 -0.00052 -1.82808 1.60102
0.87986 -0.79171 1.90984 -0.09251 -0.62137 1.80856 0.03857 -0.00035 -0.03094 0.00036 0.00037 -0.00140 0.17212 0.12351 0.00823 -0.00120 0.19252 0.07128 0.08746 0.00017 -2.13207 1.60086
0.87085 -0.7888 1.92015 -0.09201 -0.62109 1.80849 -0.00901 0.00291 0.01031 0.00050 0.00028 -0.00007 0.16367 0.12475 -0.00845 0.00124 0.06570 0.07183 -0.12682 0.00055 -1.96366 1.60794
0.82011 -0.77654 1.96172 -0.09301 -0.62013 1.81042 -0.05074 0.01226 0.04157 -0.00100 0.00096 0.00193 0.10740 0.12002 -0.05627 -0.00473 0.08995 0.06996 0.02425 -0.00187 -1.72101 1.66022
0.84065 -0.76034 1.96041 -0.09318 -0.62175 1.81586 0.02054 0.01620 -0.00131 -0.00017 -0.00162 0.00544 0.13834 0.12098 0.03094 0.00096 0.10518 0.07059 0.01523 0.00063 0.45625 1.64165
0.84371 -0.76148 1.96227 -0.09304 -0.62329 1.81953 0.00306 -0.00114 0.00186 0.00014 -0.00154 0.00367 0.13028 0.12134 -0.00806 0.00036 0.10362 0.07065 -0.00156 0.00006 0.38479 1.62617
0.84489 -0.76189 1.96304 -0.09323 -0.62314 1.82009 0.00118 -0.00041 0.00077 -0.00019 0.00015 0.00056 0.13671 0.12246 0.00643 0.00112 0.10194 0.07055 -0.00168 -0.00010 0.40683 1.65565
0.83831 -0.76942 1.96689 -0.0934 -0.62398 1.82297 -0.00658 -0.00753 0.00385 -0.00017 -0.00084 0.00288 0.12528 0.12106 -0.01143 -0.00140 0.11251 0.07052 0.01057 -0.00003 0.30507 1.65808
0.84131 -0.76615 1.96628 -0.09302 -0.62458 1.8253 0.00300 0.00327 -0.00061 0.00038 -0.00060 0.00233 0.12368 0.12314 -0.00160 0.00208 0.10751 0.07150 -0.00500 0.00098 0.34505 1.60632
0.8442 -0.76362 1.96579 -0.09319 -0.62444 1.82543 0.00289 0.00253 -0.00049 -0.00017 0.00014 0.00013 0.11978 0.12161 -0.00390 -0.00153 0.10953 0.07075 0.00202 -0.00075 0.38135 1.63811
0.83169 -0.77286 1.97478 -0.09289 -0.62508 1.82604 -0.01251 -0.00924 0.00899 0.00030 -0.00064 0.00061 0.08952 0.12175 -0.03026 0.00014 0.11716 0.07147 0.00763 0.00072 0.24792 1.61845
0.83425 -0.7672 1.97508 -0.09284 -0.6254 1.8262 0.00256 0.00566 0.00030 0.00005 -0.00032 0.00016 0.13564 0.12116 0.04612 -0.00059 0.12491 0.07037 0.00775 -0.00110 0.38325 1.64238
0.83805 -0.76751 1.97332 -0.09278 -0.62632 1.82682 0.00380 -0.00031 -0.00176 0.00006 -0.00092 0.00062 0.13104 0.12086 -0.00460 -0.00030 0.13028 0.07159 0.00537 0.00122 -2.73068 1.58836
0.84029 -0.7671 1.97144 -0.09314 -0.6255 1.82726 0.00224 0.00041 -0.00188 -0.00036 0.00082 0.00044 0.12826 0.12296 -0.00278 0.00210 0.13242 0.07127 0.00214 -0.00032 -2.71311 1.60187
0.83923 -0.76711 1.97282 -0.09306 -0.62631 1.82963 -0.00106 -0.00001 0.00138 0.00008 -0.00081 0.00237 0.12813 0.12150 -0.00013 -0.00146 0.13360 0.07187 0.00118 0.00060 -2.72349 1.58516
0.82096 -0.77406 1.98157 -0.0932 -0.6266 1.83062 -0.01827 -0.00695 0.00875 -0.00014 -0.00029 0.00099 0.10022 0.12193 -0.02791 0.00043 0.11777 0.07161 -0.01583 -0.00026 -2.89665 1.60463
0.8195 -0.77179 1.98055 -0.09256 -0.62786 1.82967 -0.00146 0.00227 -0.00102 0.00064 -0.00126 -0.00095 0.11217 0.12545 0.01195 0.00352 0.12083 0.07199 0.00306 0.00038 -2.80952 1.58478
0.82213 -0.77406 1.98155 -0.09265 -0.62843 1.82936 0.00263 -0.00227 0.00100 -0.00009 -0.00057 -0.00031 0.09905 0.12486 -0.01312 -0.00059 0.11951 0.07153 -0.00132 -0.00046 -2.90211 1.61183
0.8245 -0.76704 1.97842 -0.09291 -0.6287 1.83089 0.00237 0.00702 -0.00313 -0.00026 -0.00027 0.00153 0.11022 0.12633 0.01117 0.00147 0.12713 0.07157 0.00762 0.00004 -2.81503 1.63277
0.82662 -0.76587 1.97345 -0.09282 -0.62875 1.83014 0.00212 0.00117 -0.00497 0.00009 -0.00005 -0.00075 0.10262 0.12515 -0.00760 -0.00118 0.13046 0.07149 0.00333 -0.00008 -2.82701 1.61490
0.82157 -0.76965 1.98355 -0.09287 -0.62969 1.83415 -0.00505 -0.00378 0.01010 -0.00005 -0.00094 0.00401 0.11268 0.12604 0.01006 0.00089 0.12544 0.07207 -0.00502 0.00058 -2.76892 1.58816
0.82538 -0.77129 1.97877 -0.09326 -0.62931 1.8342 0.00381 -0.00164 -0.00478 -0.00039 0.00038 0.00005 0.09163 0.12643 -0.02105 0.00039 0.12906 0.07144 0.00362 -0.00063 -2.76903 1.65614
0.82032 -0.77727 1.98446 -0.09266 -0.63009 1.83395 -0.00506 -0.00598 0.00569 0.00060 -0.00078 -0.00025 0.10032 0.12521 0.00869 -0.00122 0.12194 0.07143 -0.00712 -0.00001 -2.82934 1.64212
0.84347 -0.76824 1.97268 -0.09296 -0.62963 1.83351 0.02315 0.00903 -0.01178 -0.00030 0.00046 -0.00044 0.09681 0.12558 -0.00351 0.00037 0.14009 0.07173 0.01815 0.00030 -2.74773 1.61958
0.85015 -0.76027 1.96917 -0.09323 -0.62963 1.8338 0.00668 0.00797 -0.00351 -0.00027 0.00000 0.00029 0.12609 0.12562 0.02928 0.00004 0.14877 0.07210 0.00868 0.00037 -2.71469 1.61503
0.85909 -0.7586 1.97086 -0.09303 -0.62954 1.83347 0.00894 0.00167 0.00169 0.00020 0.00009 -0.00033 0.13587 0.12582 0.00978 0.00020 0.14889 0.07157 0.00012 -0.00053 -2.66298 1.61493
0.86073 -0.75255 1.97401 -0.09253 -0.62802 1.83113 0.00164 0.00605 0.00315 0.00050 0.00152 -0.00234 0.14904 0.12603 0.01317 0.00021 0.14681 0.07172 -0.00208 0.00015 -2.65623 1.63949
0.85607 -0.74685 1.98142 -0.093 -0.62612 1.82838 -0.00466 0.00570 0.00741 -0.00047 0.00190 -0.00275 0.11583 0.12202 -0.03321 -0.00401 0.14047 0.07136 -0.00634 -0.00036 -2.73765 1.62520
0.86823 -0.75435 1.98116 -0.09234 -0.6271 1.82487 0.01216 -0.00750 -0.00026 0.00066 -0.00098 -0.00351 0.12769 0.12597 0.01186 0.00395 0.14035 0.07125 -0.00012 -0.00011 -2.66085 1.66093
0.86362 -0.77551 1.96958 -0.09229 -0.62444 1.81902 -0.00461 -0.02116 -0.01158 0.00005 0.00266 -0.00585 0.14977 0.12465 0.02208 -0.00132 0.11461 0.07147 -0.02574 0.00022 -2.93225 1.62009
0.84633 -0.76897 1.99225 -0.0923 -0.62518 1.81983 -0.01729 0.00654 0.02267 -0.00001 -0.00074 0.00081 0.13120 0.12536 -0.01857 0.00071 0.13304 0.07084 0.01843 -0.00063 -2.73582 1.65274
0.83534 -0.77801 1.99796 -0.0929 -0.62476 1.82007 -0.01099 -0.00904 0.00571 -0.00060 0.00042 0.00024 0.12500 0.12446 -0.00620 -0.00090 0.12734 0.07266 -0.00570 0.00182 -2.70218 1.59676
0.83174 -0.7786 1.99546 -0.09234 -0.62427 1.81748 -0.00360 -0.00059 -0.00250 0.00056 0.00049 -0.00259 0.11620 0.12441 -0.00880 -0.00005 0.12356 0.07185 -0.00378 -0.00081 -2.69078 1.60745
0.83591 -0.77765 1.99034 -0.09224 -0.62314 1.8171 0.00417 0.00095 -0.00512 0.00010 0.00113 -0.00038 0.12553 0.12593 0.00933 0.00152 0.13218 0.07177 0.00862 -0.00008 -2.62642 1.61010
0.83678 -0.77815 1.98939 -0.09229 -0.62426 1.81788 0.00087 -0.00050 -0.00095 -0.00005 -0.00112 0.00078 0.11067 0.12478 -0.01486 -0.00115 0.12979 0.07191 -0.00239 0.00014 -2.62599 1.59879
0.83657 -0.77849 1.99216 -0.09258 -0.62396 1.81797 -0.00021 -0.00034 0.00277 -0.00029 0.00030 0.00009 0.09340 0.12491 -0.01727 0.00013 0.12950 0.07184 -0.00029 -0.00007 -2.74752 1.60923
0.83727 -0.77523 1.99175 -0.09231 -0.62504 1.81896 0.00070 0.00326 -0.00041 0.00027 -0.00108 0.00099 0.11002 0.12373 0.01662 -0.00118 0.12213 0.07172 -0.00737 -0.00012 -2.68351 1.61605
0.83877 -0.77927 1.99399 -0.09235 -0.62475 1.81881 0.00150 -0.00404 0.00224 -0.00004 0.00029 -0.00015 0.11570 0.12430 0.00568 0.00057 0.12425 0.08583 0.00212 0.01411 -2.63197 1.33505
0.83748 -0.77978 1.99413 -0.09267 -0.62509 1.81915 -0.00129 -0.00051 0.00014 -0.00032 -0.00034 0.00034 0.11548 0.12520 -0.00022 0.00090 0.12646 0.07285 0.00221 -0.01298 -2.61457 1.59624
0.83705 -0.77932 1.99286 -0.09255 -0.62486 1.81908 -0.00043 0.00046 -0.00127 0.00012 0.00023 -0.00007 0.11939 0.12357 0.00391 -0.00163 0.12995 0.07147 0.00349 -0.00138 -2.61219 1.64790
0.83493 -0.78081 1.99596 -0.09266 -0.62517 1.8188 -0.00212 -0.00149 0.00310 -0.00011 -0.00031 -0.00028 0.15230 0.12412 0.03291 0.00055 0.13441 0.07298 0.00446 0.00151 -2.67931 1.61323
0.83285 -0.77955 1.99502 -0.09297 -0.62388 1.81915 -0.00208 0.00126 -0.00094 -0.00031 0.00129 0.00035 0.11007 0.11924 -0.04223 -0.00488 0.12541 0.07293 -0.00900 -0.00005 -2.63602 1.60279
0.83292 -0.77938 1.99558 -0.09311 -0.62337 1.81931 0.00007 0.00017 0.00056 -0.00014 0.00051 0.00016 0.11012 0.12027 0.00005 0.00103 0.12364 0.08456 -0.00177 0.01163 -2.66106 1.38062
0.83433 -0.77967 1.99328 -0.09322 -0.62262 1.81888 0.00141 -0.00029 -0.00230 -0.00011 0.00075 -0.00043 0.13591 0.12051 0.02579 0.00024 0.12928 0.07327 0.00564 -0.01129 -2.65225 1.60948
0.83604 -0.78039 1.9954 -0.09269 -0.62373 1.82029 0.00171 -0.00072 0.00212 0.00053 -0.00111 0.00141 0.14880 0.11839 0.01289 -0.00212 0.12930 0.07073 0.00002 -0.00254 -2.64096 1.61680
0.83492 -0.77897 1.99729 -0.09286 -0.62357 1.81974 -0.00112 0.00142 0.00189 -0.00017 0.00016 -0.00055 0.09649 0.11991 -0.05231 0.00152 0.12713 0.07088 -0.00217 0.00015 -2.78748 1.63480
0.83547 -0.77924 1.99688 -0.09278 -0.62278 1.82065 0.00055 -0.00027 -0.00041 0.00008 0.00079 0.00091 0.09476 0.12133 -0.00173 0.00142 0.13102 0.08441 0.00389 0.01353 -2.77087 1.33724
0.83663 -0.77947 1.99612 -0.09264 -0.62321 1.82111 0.00116 -0.00023 -0.00076 0.00014 -0.00043 0.00046 0.09704 0.12160 0.00228 0.00027 0.12620 0.07243 -0.00482 -0.01198 -2.75997 1.61047
0.81412 -0.777 1.9773 -0.08234 -0.61432 1.80502 -0.02251 0.00247 -0.01882 0.01030 0.00889 -0.01609 0.11421 0.11791 0.01717 -0.00369 0.10050 0.08792 -0.02570 0.01549 -2.84530 1.10308
0.85496 -0.79621 1.97523 -0.09073 -0.6203 1.81357 0.04084 -0.01921 -0.00207 -0.00839 -0.00598 0.00855 0.08860 0.12010 -0.02561 0.00219 0.06414 0.08129 -0.03636 -0.00663 -1.93857 1.28117
0.84237 -0.77653 1.98349 -0.09096 -0.62041 1.81389 -0.01259 0.01968 0.00826 -0.00023 -0.00011 0.00032 0.09234 0.12003 0.00374 -0.00007 0.13077 0.07789 0.06663 -0.00340 -2.66360 1.42172
0.84234 -0.77534 1.98678 -0.09099 -0.62083 1.81551 -0.00003 0.00119 0.00329 -0.00003 -0.00042 0.00162 0.12062 0.12060 0.02828 0.00057 0.13012 0.07126 -0.00065 -0.00663 -2.61949 1.57712
0.84385 -0.77716 1.98947 -0.09145 -0.62208 1.81794 0.00151 -0.00182 0.00269 -0.00046 -0.00125 0.00243 0.11600 0.11992 -0.00462 -0.00068 0.12970 0.07191 -0.00042 0.00065 -2.60338 1.58658
0.8396 -0.77679 1.99371 -0.09127 -0.62267 1.81919 -0.00425 0.00037 0.00424 0.00018 -0.00059 0.00125 0.11041 0.12126 -0.00559 0.00134 0.12990 0.07072 0.00020 -0.00119 -2.65427 1.58292
]
