classifier_Car_bumps_into_monkey_195 [ 0.57279 -0.67251 1.72605 -0.05472 -0.51574 1.70796 0.57279 -0.67251 1.72605 -0.05472 -0.51574 1.70796 0.14048 0.08913 0.14048 0.08913 0.06729 0.15199 0.06729 0.15199 -1.95041 0.98958
0.5907 -0.68608 1.8178 -0.16266 -0.47659 1.81097 0.01791 -0.01357 0.09175 -0.10794 0.03915 0.10301 0.15534 0.10816 0.01486 0.01903 0.13458 0.11259 0.06729 -0.03940 -2.55498 1.65314
0.58651 -0.67337 1.80681 -0.19244 -0.47492 1.81578 -0.00419 0.01271 -0.01099 -0.02978 0.00167 0.00481 0.15580 0.08489 0.00046 -0.02327 0.14725 0.10016 0.01267 -0.01243 -2.66126 1.66101
0.5454 -0.60813 1.77272 -0.24317 -0.45401 1.78155 -0.04111 0.06524 -0.03409 -0.05073 0.02091 -0.03423 0.12954 0.10902 -0.02626 0.02413 0.14954 0.12683 0.00229 0.02667 -2.78336 1.30206
0.55815 -0.53347 1.91847 -0.32231 -0.44857 1.91314 0.01275 0.07466 0.14575 -0.07914 0.00544 0.13159 0.12939 0.12973 -0.00015 0.02071 0.05866 0.08325 -0.09088 -0.04358 -2.43411 0.05090
0.55638 -0.50012 1.9387 -0.37049 -0.43333 1.94108 -0.00177 0.03335 0.02023 -0.04818 0.01524 0.02794 0.08210 0.15872 -0.04729 0.02899 0.05018 0.08370 -0.00848 0.00045 -2.45113 0.29118
0.53402 -0.48418 1.92425 -0.40797 -0.42408 1.94767 -0.02236 0.01594 -0.01445 -0.03748 0.00925 0.00659 0.08846 0.11166 0.00636 -0.04706 0.07906 0.08980 0.02888 0.00610 0.03561 0.87480
0.52207 -0.43842 1.97206 -0.48936 -0.40685 2.0179 -0.01195 0.04576 0.04781 -0.08139 0.01723 0.07023 0.12770 0.12250 0.03924 0.01084 0.09176 0.12895 0.01270 0.03915 -0.49444 -2.42530
0.54671 -0.42632 2.00139 -0.49604 -0.40811 2.04119 0.02464 0.01210 0.02933 -0.00668 -0.00126 0.02329 0.12697 0.12411 -0.00073 0.00161 0.08791 0.12807 -0.00385 -0.00088 -0.63254 -2.47300
0.53989 -0.42007 1.99901 -0.48927 -0.40206 2.05575 -0.00682 0.00625 -0.00238 0.00677 0.00605 0.01456 0.12649 0.08793 -0.00048 -0.03618 0.08592 0.09357 -0.00199 -0.03450 -0.76758 -2.15588
0.51797 -0.41516 1.96393 -0.45831 -0.40769 2.02224 -0.02192 0.00491 -0.03508 0.03096 -0.00563 -0.03351 0.12070 0.08569 -0.00579 -0.00224 0.05851 0.08561 -0.02741 -0.00796 -1.01341 -2.52619
0.51195 -0.41519 1.96197 -0.45942 -0.41161 2.02201 -0.00602 -0.00003 -0.00196 -0.00111 -0.00392 -0.00023 0.11856 0.08981 -0.00214 0.00412 0.06091 0.08698 0.00240 0.00137 -1.06908 -2.47685
0.50687 -0.41354 1.95681 -0.45533 -0.41704 2.01882 -0.00508 0.00165 -0.00516 0.00409 -0.00543 -0.00319 0.11814 0.09227 -0.00042 0.00246 0.06580 0.11093 0.00489 0.02395 -1.03875 -2.44755
0.47853 -0.41281 1.91661 -0.4553 -0.4134 1.98779 -0.02834 0.00073 -0.04020 0.00003 0.00364 -0.03103 0.10503 0.09842 -0.01311 0.00615 0.11940 0.12680 0.05360 0.01587 2.31719 -2.55313
0.47827 -0.40873 1.90895 -0.4531 -0.41447 1.9785 -0.00026 0.00408 -0.00766 0.00220 -0.00107 -0.00929 0.11073 0.10027 0.00570 0.00185 0.06787 0.12728 -0.05153 0.00048 2.73464 -2.58651
0.47463 -0.41229 1.91976 -0.45746 -0.41589 1.98601 -0.00364 -0.00356 0.01081 -0.00436 -0.00142 0.00751 0.11518 0.11748 0.00445 0.01721 0.09379 0.13226 0.02592 0.00498 2.65421 -2.53845
0.50039 -0.41267 1.95881 -0.46645 -0.42156 2.01223 0.02576 -0.00038 0.03905 -0.00899 -0.00567 0.02622 0.12140 0.12264 0.00622 0.00516 0.06289 0.13259 -0.03090 0.00033 2.63446 -2.57882
0.50022 -0.4119 1.96298 -0.46888 -0.41708 2.01512 -0.00017 0.00077 0.00417 -0.00243 0.00448 0.00289 0.12572 0.11701 0.00432 -0.00563 0.06449 0.13083 0.00160 -0.00176 2.59872 -2.43383
0.46956 -0.40913 1.92196 -0.45352 -0.40131 1.98642 -0.03066 0.00277 -0.04102 0.01536 0.01577 -0.02870 0.11510 0.11024 -0.01062 -0.00677 0.12218 0.10049 0.05769 -0.03034 2.24390 -2.16037
0.44882 -0.40101 1.8881 -0.42581 -0.39141 1.92908 -0.02074 0.00812 -0.03386 0.02771 0.00990 -0.05734 0.09724 0.09241 -0.01786 -0.01783 0.09199 0.06577 -0.03019 -0.03472 1.93967 -2.37313
0.48466 -0.4006 1.94197 -0.43102 -0.39362 1.95522 0.03584 0.00041 0.05387 -0.00521 -0.00221 0.02614 0.11124 0.09490 0.01400 0.00249 0.10003 0.05864 0.00804 -0.00713 1.89173 -2.18380
0.45016 -0.39967 1.93156 -0.42335 -0.38001 1.92335 -0.03450 0.00093 -0.01041 0.00767 0.01361 -0.03187 0.09302 0.09489 -0.01822 -0.00001 0.09620 0.04984 -0.00383 -0.00880 2.04022 2.88903
0.43464 -0.40105 1.91264 -0.38297 -0.31937 1.80324 -0.01552 -0.00138 -0.01892 0.04038 0.06064 -0.12011 0.08934 0.08703 -0.00368 -0.00786 0.06838 0.04417 -0.02782 -0.00567 2.86042 1.68431
0.41576 -0.39208 1.8491 -0.35208 -0.2774 1.70676 -0.01888 0.00897 -0.06354 0.03089 0.04197 -0.09648 0.08905 0.08530 -0.00029 -0.00173 0.07414 0.04889 0.00576 0.00472 2.86189 1.71317
0.41981 -0.40779 1.90464 -0.34246 -0.24372 1.70892 0.00405 -0.01571 0.05554 0.00962 0.03368 0.00216 0.08717 0.07755 -0.00188 -0.00775 0.08893 0.06488 0.01479 0.01599 2.02108 1.25190
0.43111 -0.42109 1.95056 -0.30942 -0.11757 1.70032 0.01130 -0.01330 0.04592 0.03304 0.12615 -0.00860 0.08923 0.07855 0.00206 0.00100 0.07168 0.06247 -0.01725 -0.00241 2.70298 2.34694
0.42028 -0.41603 1.91564 -0.29121 -0.05534 1.65418 -0.01083 0.00506 -0.03492 0.01821 0.06223 -0.04614 0.08919 0.08211 -0.00004 0.00356 0.07159 0.05686 -0.00009 -0.00561 2.62349 1.93013
0.40568 -0.41628 1.904 -0.27833 0.01469 1.61886 -0.01460 -0.00025 -0.01164 0.01288 0.07003 -0.03532 0.08493 0.08990 -0.00426 0.00779 0.10226 0.06552 0.03067 0.00866 2.01917 2.26076
0.41479 -0.40799 1.88102 -0.27605 0.02566 1.5786 0.00911 0.00829 -0.02298 0.00228 0.01097 -0.04026 0.07982 0.09101 -0.00511 0.00111 0.07422 0.07794 -0.02804 0.01242 2.46199 2.62478
0.39678 -0.41686 1.89926 -0.27872 0.03104 1.57047 -0.01801 -0.00887 0.01824 -0.00267 0.00538 -0.00813 0.08358 0.08983 0.00376 -0.00118 0.09716 0.07547 0.02294 -0.00247 1.87313 2.69865
0.398 -0.41766 1.90194 -0.27702 0.03362 1.559 0.00122 -0.00080 0.00268 0.00170 0.00258 -0.01147 0.08287 0.08992 -0.00071 0.00009 0.09944 0.07512 0.00228 -0.00035 1.88715 2.74117
0.40004 -0.41739 1.90802 -0.27398 0.03484 1.55639 0.00204 0.00027 0.00608 0.00304 0.00122 -0.00261 0.08836 0.08937 0.00549 -0.00055 0.10100 0.07446 0.00156 -0.00066 1.88004 2.64923
0.39507 -0.41614 1.89476 -0.26885 0.03516 1.54565 -0.00497 0.00125 -0.01326 0.00513 0.00032 -0.01074 0.08725 0.08863 -0.00111 -0.00074 0.09942 0.07676 -0.00158 0.00230 1.85078 2.82011
0.39452 -0.4154 1.89277 -0.26723 0.0364 1.54405 -0.00055 0.00074 -0.00199 0.00162 0.00124 -0.00160 0.08502 0.08758 -0.00223 -0.00105 0.09858 0.07195 -0.00084 -0.00481 1.83836 2.67178
0.39521 -0.4181 1.88627 -0.26682 0.03288 1.53725 0.00069 -0.00270 -0.00650 0.00041 -0.00352 -0.00680 0.08654 0.08623 0.00152 -0.00135 0.10303 0.07419 0.00445 0.00224 1.89192 2.79460
0.39403 -0.41759 1.87944 -0.26747 0.03281 1.5362 -0.00118 0.00051 -0.00683 -0.00065 -0.00007 -0.00105 0.08352 0.08553 -0.00302 -0.00070 0.09746 0.07496 -0.00557 0.00077 1.84872 2.78336
0.39294 -0.41464 1.85987 -0.26972 0.03036 1.5359 -0.00109 0.00295 -0.01957 -0.00225 -0.00245 -0.00030 0.07914 0.08620 -0.00438 0.00067 0.07370 0.07420 -0.02376 -0.00076 -2.86165 2.77063
0.39414 -0.40523 1.83433 -0.27098 0.02903 1.5308 0.00120 0.00941 -0.02554 -0.00126 -0.00133 -0.00510 0.07468 0.08533 -0.00446 -0.00087 0.07704 0.05895 0.00334 -0.01525 -2.88211 2.31947
0.39465 -0.38407 1.79634 -0.26948 0.02969 1.52278 0.00051 0.02116 -0.03799 0.00150 0.00066 -0.00802 0.07001 0.08433 -0.00467 -0.00100 0.05707 0.07542 -0.01997 0.01647 -3.08840 2.79738
0.42074 -0.3478 1.79311 -0.2742 0.0291 1.55133 0.02609 0.03627 -0.00323 -0.00472 -0.00059 0.02855 0.07308 0.08533 0.00307 0.00100 0.06662 0.07436 0.00955 -0.00106 2.83448 2.72494
0.40441 -0.27554 1.68329 -0.26614 0.02684 1.50464 -0.01633 0.07226 -0.10982 0.00806 -0.00226 -0.04669 0.06495 0.08322 -0.00813 -0.00211 0.05802 0.06993 -0.00860 -0.00443 -2.80477 2.69913
0.41407 -0.1979 1.66567 -0.26825 0.02549 1.53546 0.00966 0.07764 -0.01762 -0.00211 -0.00135 0.03082 0.07189 0.08653 0.00694 0.00331 0.06376 0.07820 0.00574 0.00827 -1.81410 2.68691
0.39848 -0.10015 1.60231 -0.26209 0.02377 1.51474 -0.01559 0.09775 -0.06336 0.00616 -0.00172 -0.02072 0.07429 0.08415 0.00240 -0.00238 0.05745 0.07173 -0.00631 -0.00647 -1.94113 2.72479
0.39868 -0.00998 1.61106 -0.26333 0.02488 1.53828 0.00020 0.09017 0.00875 -0.00124 0.00111 0.02354 0.07269 0.08547 -0.00160 0.00132 0.05573 0.06279 -0.00172 -0.00894 -2.16089 2.31208
0.38396 0.06629 1.59601 -0.26056 0.0235 1.52854 -0.01472 0.07627 -0.01505 0.00277 -0.00138 -0.00974 0.07248 0.08491 -0.00021 -0.00056 0.04755 0.07528 -0.00818 0.01249 -2.09994 2.68489
0.38921 0.13961 1.6895 -0.27468 0.02376 1.61236 0.00525 0.07332 0.09349 -0.01412 0.00026 0.08382 0.07423 0.09153 0.00175 0.00662 0.05303 0.06959 0.00548 -0.00569 -2.34837 2.31358
0.36398 0.12021 1.59712 -0.26015 0.02521 1.53085 -0.02523 -0.01940 -0.09238 0.01453 0.00145 -0.08151 0.06990 0.08594 -0.00433 -0.00559 0.05374 0.07358 0.00071 0.00399 -2.40464 2.72819
0.35934 0.07623 1.58604 -0.26205 0.0263 1.52613 -0.00464 -0.04398 -0.01108 -0.00190 0.00109 -0.00472 0.06634 0.08517 -0.00356 -0.00077 0.05011 0.07426 -0.00363 0.00068 -2.27867 2.73462
0.35689 0.00578 1.56919 -0.26443 0.02848 1.52023 -0.00245 -0.07045 -0.01685 -0.00238 0.00218 -0.00590 0.06753 0.08438 0.00119 -0.00079 0.04829 0.07142 -0.00182 -0.00284 -2.95166 2.72755
0.3669 -0.08179 1.63152 -0.27929 0.02801 1.58175 0.01001 -0.08757 0.06233 -0.01486 -0.00047 0.06152 0.07146 0.09038 0.00393 0.00600 0.05758 0.07787 0.00929 0.00645 -2.20271 2.77641
0.33727 -0.1533 1.57021 -0.27099 0.0258 1.51706 -0.02963 -0.07151 -0.06131 0.00830 -0.00221 -0.06469 0.06135 0.08632 -0.01011 -0.00406 0.05150 0.05760 -0.00608 -0.02027 -1.97077 2.32508
0.32796 -0.18758 1.58734 -0.27215 0.02621 1.51765 -0.00931 -0.03428 0.01713 -0.00116 0.00041 0.00059 0.06939 0.08492 0.00804 -0.00140 0.06103 0.07411 0.00953 0.01651 -1.69728 2.81086
0.3342 -0.12678 1.64455 -0.27947 0.02377 1.57021 0.00624 0.06080 0.05721 -0.00732 -0.00244 0.05256 0.07624 0.08695 0.00685 0.00203 0.07149 0.07727 0.01046 0.00316 -1.46359 2.75431
0.34312 -0.05215 1.69975 -0.28833 0.01991 1.63053 0.00892 0.07463 0.05520 -0.00886 -0.00386 0.06032 0.08848 0.09161 0.01224 0.00466 0.06345 0.06942 -0.00804 -0.00785 -1.85444 2.37222
0.33722 0.03134 1.66214 -0.28136 0.01841 1.60465 -0.00590 0.08349 -0.03761 0.00697 -0.00150 -0.02588 0.08096 0.09263 -0.00752 0.00102 0.06131 0.07852 -0.00214 0.00910 -2.09753 2.81908
0.33374 0.09869 1.63969 -0.27521 0.01759 1.58414 -0.00348 0.06735 -0.02245 0.00615 -0.00082 -0.02051 0.07871 0.09141 -0.00225 -0.00122 0.06457 0.07413 0.00326 -0.00439 -1.93173 2.81330
0.33822 0.14476 1.62962 -0.27179 0.0166 1.57823 0.00448 0.04607 -0.01007 0.00342 -0.00099 -0.00591 0.07729 0.09217 -0.00142 0.00076 0.06249 0.06742 -0.00208 -0.00671 -1.88153 2.33192
0.34292 0.16656 1.63016 -0.27105 0.01697 1.57782 0.00470 0.02180 0.00054 0.00074 0.00037 -0.00041 0.08047 0.09062 0.00318 -0.00155 0.05675 0.08211 -0.00574 0.01469 -2.30577 2.66567
0.34459 0.16762 1.64615 -0.27486 0.01389 1.59167 0.00167 0.00106 0.01599 -0.00381 -0.00308 0.01385 0.07566 0.09079 -0.00481 0.00017 0.05557 0.06597 -0.00118 -0.01614 -2.35403 2.29039
0.33973 0.13942 1.64262 -0.27627 0.01459 1.59052 -0.00486 -0.02820 -0.00353 -0.00141 0.00070 -0.00115 0.06622 0.08940 -0.00944 -0.00139 0.05147 0.07283 -0.00410 0.00686 -2.25105 2.63905
0.36253 -0.00029 1.7296 -0.29674 0.01451 1.6759 0.02280 -0.13971 0.08698 -0.02047 -0.00008 0.08538 0.07487 0.09431 0.00865 0.00491 0.09977 0.07302 0.04830 0.00019 0.82310 2.42301
0.36032 -0.07007 1.74362 -0.3041 0.01283 1.68773 -0.00221 -0.06978 0.01402 -0.00736 -0.00168 0.01183 0.06983 0.09611 -0.00504 0.00180 0.09499 0.08275 -0.00478 0.00973 0.97005 2.79635
0.34807 -0.11522 1.68991 -0.29768 0.01287 1.63114 -0.01225 -0.04515 -0.05371 0.00642 0.00004 -0.05659 0.05686 0.09392 -0.01297 -0.00219 0.08396 0.07081 -0.01103 -0.01194 0.97534 2.75598
0.34587 -0.1396 1.6781 -0.29522 0.01086 1.61048 -0.00220 -0.02438 -0.01181 0.00246 -0.00201 -0.02066 0.06228 0.09147 0.00542 -0.00245 0.08252 0.07923 -0.00144 0.00842 1.03364 2.88829
0.34665 -0.1407 1.67657 -0.29392 0.01038 1.60441 0.00078 -0.00110 -0.00153 0.00130 -0.00048 -0.00607 0.05726 0.09082 -0.00502 -0.00065 0.08993 0.08181 0.00741 0.00258 1.04522 2.80234
0.35291 -0.13484 1.68884 -0.29445 0.00865 1.60808 0.00626 0.00586 0.01227 -0.00053 -0.00173 0.00367 0.05722 0.09411 -0.00004 0.00329 0.08160 0.07712 -0.00833 -0.00469 0.90987 2.83216
0.36996 -0.09051 1.69542 -0.28999 0.00835 1.61093 0.01705 0.04433 0.00658 0.00446 -0.00030 0.00285 0.05618 0.09164 -0.00104 -0.00247 0.08379 0.07747 0.00219 0.00035 0.78352 2.80807
0.37488 -0.08354 1.70175 -0.28933 0.00634 1.61504 0.00492 0.00697 0.00633 0.00066 -0.00201 0.00411 0.06067 0.09488 0.00449 0.00324 0.08683 0.07570 0.00304 -0.00177 0.80692 2.77374
0.37734 -0.07645 1.708 -0.28916 0.00647 1.61758 0.00246 0.00709 0.00625 0.00017 0.00013 0.00254 0.05987 0.09261 -0.00080 -0.00227 0.09476 0.07026 0.00793 -0.00544 0.79587 2.41936
0.37838 -0.07155 1.70742 -0.28777 0.00491 1.61575 0.00104 0.00490 -0.00058 0.00139 -0.00156 -0.00183 0.06471 0.09235 0.00484 -0.00026 0.09709 0.07031 0.00233 0.00005 0.81521 2.39361
0.38442 -0.06743 1.72112 -0.29096 0.00139 1.62377 0.00604 0.00412 0.01370 -0.00319 -0.00352 0.00802 0.08291 0.09355 0.01820 0.00120 0.07165 0.07330 -0.02544 0.00299 1.07692 2.65004
0.3918 -0.04009 1.71136 -0.28335 0.00262 1.60312 0.00738 0.02734 -0.00976 0.00761 0.00123 -0.02065 0.11685 0.08966 0.03394 -0.00389 0.10019 0.06799 0.02854 -0.00531 0.32291 2.35537
0.37711 -0.01885 1.64509 -0.27421 -0.00127 1.54526 -0.01469 0.02124 -0.06627 0.00914 -0.00389 -0.05786 0.12905 0.08868 0.01220 -0.00098 0.08387 0.05638 -0.01632 -0.01161 0.87528 2.21756
0.38205 -0.00514 1.64013 -0.27386 0.00049 1.55031 0.00494 0.01371 -0.00496 0.00035 0.00176 0.00505 0.13806 0.08732 0.00901 -0.00136 0.08217 0.07329 -0.00170 0.01691 0.84277 2.80638
0.38596 0.00467 1.62502 -0.27232 0.00052 1.54495 0.00391 0.00981 -0.01511 0.00154 0.00003 -0.00536 0.14262 0.09046 0.00456 0.00314 0.07956 0.07390 -0.00261 0.00061 0.83444 2.86567
0.38926 0.01178 1.61363 -0.27044 0.00234 1.54391 0.00330 0.00711 -0.01139 0.00188 0.00182 -0.00104 0.14837 0.09009 0.00575 -0.00037 0.11578 0.06586 0.03622 -0.00804 0.81215 2.33709
0.39347 0.01123 1.61128 -0.27153 0.00265 1.55251 0.00421 -0.00055 -0.00235 -0.00109 0.00031 0.00860 0.15267 0.09072 0.00430 0.00063 0.05829 0.06586 -0.05749 0.00000 2.68218 2.38883
0.39366 0.01021 1.5998 -0.27128 0.00317 1.54934 0.00019 -0.00102 -0.01148 0.00025 0.00052 -0.00317 0.14920 0.09043 -0.00347 -0.00029 0.06021 0.07340 0.00192 0.00754 2.81791 2.82988
0.39462 0.00468 1.59316 -0.27022 0.00312 1.54822 0.00096 -0.00553 -0.00664 0.00106 -0.00005 -0.00112 0.15052 0.09179 0.00132 0.00136 0.08680 0.06916 0.02659 -0.00424 -0.27918 2.75343
0.39616 -0.00011 1.58901 -0.27 0.00312 1.54692 0.00154 -0.00479 -0.00415 0.00022 0.00000 -0.00130 0.14873 0.09054 -0.00179 -0.00125 0.09027 0.05986 0.00347 -0.00930 -0.34536 2.31868
0.39764 -0.00398 1.58934 -0.2696 0.00383 1.54884 0.00148 -0.00387 0.00033 0.00040 0.00071 0.00192 0.14598 0.08977 -0.00275 -0.00077 0.07948 0.06695 -0.01079 0.00709 -0.28312 2.64631
0.39928 -0.00391 1.59106 -0.27043 0.00362 1.55066 0.00164 0.00007 0.00172 -0.00083 -0.00021 0.00182 0.14780 0.09139 0.00182 0.00162 0.09424 0.06073 0.01476 -0.00622 -0.25025 2.29615
0.40735 -0.00646 1.61259 -0.27278 0.00408 1.57025 0.00807 -0.00255 0.02153 -0.00235 0.00046 0.01959 0.14154 0.09126 -0.00626 -0.00013 0.09977 0.07144 0.00553 0.01071 0.00020 2.76644
0.40853 -0.00795 1.61224 -0.2737 0.00519 1.56899 0.00118 -0.00149 -0.00035 -0.00092 0.00111 -0.00126 0.14110 0.09137 -0.00044 0.00011 0.09008 0.06849 -0.00969 -0.00295 -0.22524 2.76627
0.40313 -0.0072 1.59717 -0.26973 0.00645 1.5538 -0.00540 0.00075 -0.01507 0.00397 0.00126 -0.01519 0.14730 0.08980 0.00620 -0.00157 0.05771 0.07302 -0.03237 0.00453 -2.23120 2.79738
0.40244 -0.0058 1.59329 -0.26817 0.00519 1.54939 -0.00069 0.00140 -0.00388 0.00156 -0.00126 -0.00441 0.14725 0.09124 -0.00005 0.00144 0.09563 0.07209 0.03792 -0.00093 0.10824 2.81395
0.40904 -0.00451 1.60778 -0.26985 0.00607 1.56365 0.00660 0.00129 0.01449 -0.00168 0.00088 0.01426 0.14558 0.09150 -0.00167 0.00026 0.09691 0.05652 0.00128 -0.01557 -0.03906 2.25885
0.41039 -0.00405 1.60966 -0.27 0.00557 1.56632 0.00135 0.00046 0.00188 -0.00015 -0.00050 0.00267 0.14545 0.09254 -0.00013 0.00104 0.09876 0.06385 0.00185 0.00733 0.03739 2.28840
0.41141 -0.00464 1.61135 -0.26876 0.00646 1.5672 0.00102 -0.00059 0.00169 0.00124 0.00089 0.00088 0.14471 0.09219 -0.00074 -0.00035 0.09260 0.07472 -0.00616 0.01087 0.03412 2.84093
0.41165 -0.00411 1.61395 -0.26828 0.00708 1.56834 0.00024 0.00053 0.00260 0.00048 0.00062 0.00114 0.14302 0.09130 -0.00169 -0.00089 0.09453 0.05645 0.00193 -0.01827 0.23361 2.23992
0.41116 -0.00324 1.61415 -0.26783 0.00701 1.56865 -0.00049 0.00087 0.00020 0.00045 -0.00007 0.00031 0.14093 0.09075 -0.00209 -0.00055 0.09497 0.07206 0.00044 0.01561 0.04198 2.80098
0.41035 -0.0064 1.61412 -0.26812 0.00553 1.57226 -0.00081 -0.00316 -0.00003 -0.00029 -0.00148 0.00361 0.14033 0.09216 -0.00060 0.00141 0.05640 0.06311 -0.03857 -0.00895 -2.10142 2.35078
0.40714 -0.00647 1.61549 -0.26695 0.00505 1.57217 -0.00321 -0.00007 0.00137 0.00117 -0.00048 -0.00009 0.13707 0.09269 -0.00326 0.00053 0.10134 0.06413 0.04494 0.00102 0.30089 2.33750
0.39799 -0.00768 1.59057 -0.26263 0.00478 1.54863 -0.00915 -0.00121 -0.02492 0.00432 -0.00027 -0.02354 0.13655 0.09127 -0.00052 -0.00142 0.05189 0.07129 -0.04945 0.00716 -2.04719 2.78986
0.38367 -0.00864 1.58557 -0.26229 0.00474 1.54637 -0.01432 -0.00096 -0.00500 0.00034 -0.00004 -0.00226 0.13681 0.09174 0.00026 0.00047 0.08042 0.05557 0.02853 -0.01572 0.00275 2.27455
0.37204 -0.00892 1.57436 -0.2602 0.00402 1.53715 -0.01163 -0.00028 -0.01121 0.00209 -0.00072 -0.00922 0.13235 0.09025 -0.00446 -0.00149 0.08079 0.07131 0.00037 0.01574 -0.04692 2.82611
0.35436 -0.00786 1.5459 -0.25541 0.00506 1.51168 -0.01768 0.00106 -0.02846 0.00479 0.00104 -0.02547 0.13011 0.08901 -0.00224 -0.00124 0.07933 0.05310 -0.00146 -0.01821 0.05003 2.25840
0.29706 0.00194 1.53659 -0.25429 0.00571 1.51252 -0.05730 0.00980 -0.00931 0.00112 0.00065 0.00084 0.13654 0.08936 0.00643 0.00035 0.10475 0.05013 0.02542 -0.00297 0.45302 2.17608
0.27678 -0.0018 1.53421 -0.25352 0.00568 1.51552 -0.02028 -0.00374 -0.00238 0.00077 -0.00003 0.00300 0.13712 0.09000 0.00058 0.00064 0.05234 0.06723 -0.05241 0.01710 -1.89917 2.74211
0.27134 -0.00031 1.67743 -0.27368 0.00604 1.65873 -0.00544 0.00149 0.14322 -0.02016 0.00036 0.14321 0.14452 0.09769 0.00740 0.00769 0.08946 0.08306 0.03712 0.01583 -0.10463 2.94479
0.22675 0.00109 1.66208 -0.26609 0.00575 1.64403 -0.04459 0.00140 -0.01535 0.00759 -0.00029 -0.01470 0.14677 0.09791 0.00225 0.00022 0.08511 0.05466 -0.00435 -0.02840 -0.18200 2.14195
0.11612 0.00307 1.64426 -0.24507 0.00432 1.61981 -0.11063 0.00198 -0.01782 0.02102 -0.00143 -0.02422 0.14929 0.09763 0.00252 -0.00028 0.07950 0.07414 -0.00561 0.01948 0.56155 2.60310
0.07597 -0.00433 1.64688 -0.23533 0.00212 1.6176 -0.04015 -0.00740 0.00262 0.00974 -0.00220 -0.00221 0.12609 0.09814 -0.02320 0.00051 0.10496 0.05284 0.02546 -0.02130 -2.87517 2.19437
0.04323 -0.01235 1.65288 -0.22163 0.00663 1.62219 -0.03274 -0.00802 0.00600 0.01370 0.00451 0.00459 0.10263 0.09846 -0.02346 0.00032 0.11319 0.06949 0.00823 0.01665 -2.74314 2.35655
0.01326 -0.01066 1.65437 -0.2104 0.01145 1.62809 -0.02997 0.00169 0.00149 0.01123 0.00482 0.00590 0.12747 0.09944 0.02484 0.00098 0.10092 0.08105 -0.01227 0.01156 -2.95878 2.36896
0.01143 -0.01058 1.65191 -0.2085 0.01443 1.63266 -0.00183 0.00008 -0.00246 0.00190 0.00298 0.00457 0.12529 0.09776 -0.00218 -0.00168 0.09997 0.08219 -0.00095 0.00114 -3.11929 2.39818
-0.00981 0.0261 1.66325 -0.21238 0.01718 1.6365 -0.02124 0.03668 0.01134 -0.00388 0.00275 0.00384 0.08498 0.09923 -0.04031 0.00147 0.10725 0.08404 0.00728 0.00185 -2.91103 2.41546
0.05216 -0.00433 1.66207 -0.22813 0.0161 1.6519 0.06197 -0.03043 -0.00118 -0.01575 -0.00108 0.01540 0.14384 0.09694 0.05886 -0.00229 0.07434 0.06612 -0.03291 -0.01792 -2.96370 2.41462
0.07699 0.00597 1.65511 -0.24062 0.01603 1.64521 0.02483 0.01030 -0.00696 -0.01249 -0.00007 -0.00669 0.15650 0.09850 0.01266 0.00156 0.09336 0.06409 0.01902 -0.00203 -2.88543 2.49585
0.11826 0.00727 1.64765 -0.25284 0.01529 1.6413 0.04127 0.00130 -0.00746 -0.01222 -0.00074 -0.00391 0.16461 0.09825 0.00811 -0.00025 0.06137 0.06253 -0.03199 -0.00156 -2.49293 2.45686
0.22768 0.00173 1.66446 -0.27616 0.0133 1.66606 0.10942 -0.00554 0.01681 -0.02332 -0.00199 0.02476 0.14493 0.09893 -0.01968 0.00068 0.09815 0.06774 0.03678 0.00521 0.29781 2.50237
0.27763 -0.00358 1.49176 -0.25741 0.01297 1.48858 0.04995 -0.00531 -0.17270 0.01875 -0.00033 -0.17748 0.13877 0.08417 -0.00616 -0.01476 0.08957 0.05611 -0.00858 -0.01163 -0.02017 2.32517
0.3221 -0.00779 1.5614 -0.2747 0.01036 1.55573 0.04447 -0.00421 0.06964 -0.01729 -0.00261 0.06715 0.14180 0.08959 0.00303 0.00542 0.09054 0.07370 0.00097 0.01759 -0.97401 2.88772
0.3416 -0.00932 1.52686 -0.26995 0.00788 1.51782 0.01950 -0.00153 -0.03454 0.00475 -0.00248 -0.03791 0.14619 0.08788 0.00439 -0.00171 0.04939 0.06421 -0.04115 -0.00949 -2.25126 2.51855
0.36838 -0.01264 1.56741 -0.27747 0.00664 1.55372 0.02678 -0.00332 0.04055 -0.00752 -0.00124 0.03590 0.14307 0.08922 -0.00312 0.00134 0.10789 0.06307 0.05850 -0.00114 0.44703 2.42371
0.38409 -0.01447 1.56729 -0.27515 0.00657 1.54912 0.01571 -0.00183 -0.00012 0.00232 -0.00007 -0.00460 0.14981 0.08769 0.00674 -0.00153 0.07962 0.07508 -0.02827 0.01201 0.49008 2.75537
0.38977 -0.01714 1.57067 -0.27198 0.00604 1.54802 0.00568 -0.00267 0.00338 0.00317 -0.00053 -0.00110 0.14017 0.08847 -0.00964 0.00078 0.05709 0.06421 -0.02253 -0.01087 -2.27668 2.40745
0.40269 -0.02341 1.60576 -0.2741 0.00515 1.57979 0.01292 -0.00627 0.03509 -0.00212 -0.00089 0.03177 0.11770 0.09150 -0.02247 0.00303 0.11274 0.07766 0.05565 0.01345 0.36572 2.76507
0.40299 -0.02534 1.60586 -0.27187 0.00646 1.57826 0.00030 -0.00193 0.00010 0.00223 0.00131 -0.00153 0.11899 0.09030 0.00129 -0.00120 0.09489 0.07709 -0.01785 -0.00057 0.23521 2.84818
0.38626 -0.02159 1.56393 -0.26372 0.00699 1.53986 -0.01673 0.00375 -0.04193 0.00815 0.00053 -0.03840 0.13874 0.08921 0.01975 -0.00109 0.08750 0.07312 -0.00739 -0.00397 0.29917 2.71479
0.38568 -0.02453 1.56855 -0.26321 0.00588 1.54439 -0.00058 -0.00294 0.00462 0.00051 -0.00111 0.00453 0.13633 0.09055 -0.00241 0.00134 0.09373 0.06205 0.00623 -0.01107 0.37140 2.36821
0.38757 -0.02984 1.57737 -0.26442 0.00584 1.55101 0.00189 -0.00531 0.00882 -0.00121 -0.00004 0.00662 0.14461 0.09118 0.00828 0.00063 0.09450 0.06288 0.00077 0.00083 0.22359 2.36484
0.3903 -0.03601 1.58075 -0.2661 0.00596 1.55107 0.00273 -0.00617 0.00338 -0.00168 0.00012 0.00006 0.13837 0.08859 -0.00624 -0.00259 0.11080 0.06260 0.01630 -0.00028 0.54798 2.37707
0.39382 -0.0512 1.57873 -0.26756 0.00286 1.54716 0.00352 -0.01519 -0.00202 -0.00146 -0.00310 -0.00391 0.13619 0.08764 -0.00218 -0.00095 0.09991 0.05473 -0.01089 -0.00787 0.79469 2.27169
0.39896 -0.07364 1.56348 -0.26636 -0.00156 1.52998 0.00514 -0.02244 -0.01525 0.00120 -0.00442 -0.01718 0.12033 0.08796 -0.01586 0.00032 0.09929 0.05895 -0.00062 0.00422 0.34015 2.35830
0.41778 -0.11356 1.58873 -0.27534 -0.01069 1.5571 0.01882 -0.03992 0.02525 -0.00898 -0.00913 0.02712 0.10597 0.08820 -0.01436 0.00024 0.04628 0.07304 -0.05301 0.01409 -1.99022 2.86519
0.43368 -0.15797 1.58587 -0.27713 -0.02027 1.56709 0.01590 -0.04441 -0.00286 -0.00179 -0.00958 0.00999 0.07019 0.08336 -0.03578 -0.00484 0.10317 0.07312 0.05689 0.00008 0.50697 2.77024
0.47338 -0.21045 1.60148 -0.2798 -0.03673 1.58696 0.03970 -0.05248 0.01561 -0.00267 -0.01646 0.01987 0.07158 0.08192 0.00139 -0.00144 0.09282 0.07355 -0.01035 0.00043 0.86362 2.80594
0.52695 -0.31421 1.5743 -0.26145 -0.08382 1.53265 0.05357 -0.10376 -0.02718 0.01835 -0.04709 -0.05431 0.11568 0.07709 0.04410 -0.00483 0.04185 0.04617 -0.05097 -0.02738 0.43785 1.91253
0.53746 -0.36518 1.55131 -0.24399 -0.1098 1.49861 0.01051 -0.05097 -0.02299 0.01746 -0.02598 -0.03404 0.10388 0.06964 -0.01180 -0.00745 0.06003 0.04477 0.01818 -0.00140 1.34995 2.84143
0.56938 -0.44265 1.69043 -0.24716 -0.15742 1.59313 0.03192 -0.07747 0.13912 -0.00317 -0.04762 0.09452 0.13850 0.08197 0.03462 0.01233 0.06366 0.06126 0.00363 0.01649 1.40298 2.50764
0.58163 -0.50597 1.8439 -0.23719 -0.19937 1.65489 0.01225 -0.06332 0.15347 0.00997 -0.04195 0.06176 0.13179 0.08231 -0.00671 0.00034 0.06692 0.06197 0.00326 0.00071 1.17473 1.90158
0.5754 -0.58969 1.82295 -0.17688 -0.30458 1.63696 -0.00623 -0.08372 -0.02095 0.06031 -0.10521 -0.01793 0.12246 0.08484 -0.00933 0.00253 0.09806 0.09316 0.03114 0.03119 1.23829 1.94665
0.59257 -0.65244 1.73219 -0.15213 -0.32623 1.60647 0.01717 -0.06275 -0.09076 0.02475 -0.02165 -0.03049 0.13090 0.08196 0.00844 -0.00288 0.09363 0.04980 -0.00443 -0.04336 0.77526 3.05420
0.6108 -0.69477 1.80523 -0.14203 -0.3687 1.68763 0.01823 -0.04233 0.07304 0.01010 -0.04247 0.08116 0.13890 0.08912 0.00800 0.00716 0.11330 0.05309 0.01967 0.00329 -2.18867 1.97841
0.60592 -0.69575 1.8001 -0.12839 -0.39449 1.69773 -0.00488 -0.00098 -0.00513 0.01364 -0.02579 0.01010 0.13762 0.08936 -0.00128 0.00024 0.06102 0.05420 -0.05228 0.00111 -2.02672 1.80402
0.60841 -0.69816 1.79439 -0.12362 -0.42305 1.71464 0.00249 -0.00241 -0.00571 0.00477 -0.02856 0.01691 0.12888 0.09937 -0.00874 0.01001 0.06298 0.06699 0.00196 0.01279 -2.63293 1.58298
0.61004 -0.70338 1.78501 -0.12737 -0.45839 1.73643 0.00163 -0.00522 -0.00938 -0.00375 -0.03534 0.02179 0.12765 0.12544 -0.00123 0.02607 0.07188 0.11710 0.00890 0.05011 -2.40576 1.51890
0.60813 -0.70093 1.78915 -0.12726 -0.47384 1.74311 -0.00191 0.00245 0.00414 0.00011 -0.01545 0.00668 0.12826 0.12697 0.00061 0.00153 0.07956 0.13174 0.00768 0.01464 -2.37250 1.40689
0.60212 -0.69453 1.7694 -0.12549 -0.48266 1.73192 -0.00601 0.00640 -0.01975 0.00177 -0.00882 -0.01119 0.12351 0.13322 -0.00475 0.00625 0.05885 0.13981 -0.02071 0.00807 -2.45981 1.29284
0.5982 -0.69072 1.75919 -0.12452 -0.48616 1.72228 -0.00392 0.00381 -0.01021 0.00097 -0.00350 -0.00964 0.12457 0.12715 0.00106 -0.00607 0.08080 0.13523 0.02195 -0.00458 -1.63514 1.35286
0.59763 -0.6906 1.76365 -0.12683 -0.49133 1.72137 -0.00057 0.00012 0.00446 -0.00231 -0.00517 -0.00091 0.12541 0.12780 0.00084 0.00065 0.06405 0.12895 -0.01675 -0.00628 -2.39163 1.20232
0.59811 -0.69112 1.76021 -0.12624 -0.49194 1.72148 0.00048 -0.00052 -0.00344 0.00059 -0.00061 0.00011 0.12447 0.12551 -0.00094 -0.00229 0.07194 0.13402 0.00789 0.00507 -1.22721 1.42155
0.59806 -0.69131 1.76502 -0.1276 -0.4955 1.72193 -0.00005 -0.00019 0.00481 -0.00136 -0.00356 0.00045 0.12900 0.12432 0.00453 -0.00119 0.08673 0.12635 0.01479 -0.00767 -1.45446 1.37062
0.56991 -0.66015 1.68591 -0.10308 -0.49259 1.60337 -0.02815 0.03116 -0.07911 0.02452 0.00291 -0.11856 0.11940 0.08731 -0.00960 -0.03701 0.07086 0.09766 -0.01587 -0.02869 -1.27044 2.80948
0.61658 -0.71455 1.82981 -0.13898 -0.52002 1.78142 0.04667 -0.05440 0.14390 -0.03590 -0.02743 0.17805 0.13536 0.13393 0.01596 0.04662 0.08885 0.10261 0.01799 0.00495 -1.45509 -2.68458
0.59585 -0.69131 1.76906 -0.13096 -0.50196 1.71893 -0.02073 0.02324 -0.06075 0.00802 0.01806 -0.06249 0.12987 0.12538 -0.00549 -0.00855 0.07255 0.10264 -0.01630 0.00003 -1.57440 -1.53423
0.6051 -0.70156 1.79368 -0.13776 -0.51166 1.73713 0.00925 -0.01025 0.02462 -0.00680 -0.00970 0.01820 0.12804 0.12116 -0.00183 -0.00422 0.09261 0.12881 0.02006 0.02617 -1.47685 1.32436
0.58973 -0.68516 1.75383 -0.14236 -0.50868 1.68616 -0.01537 0.01640 -0.03985 -0.00460 0.00298 -0.05097 0.13048 0.11998 0.00244 -0.00118 0.06566 0.13073 -0.02695 0.00192 -2.05563 1.16105
0.56654 -0.65954 1.69379 -0.09689 -0.51572 1.56693 -0.02319 0.02562 -0.06004 0.04547 -0.00704 -0.11923 0.12958 0.08457 -0.00090 -0.03541 0.08472 0.08691 0.01906 -0.04382 -1.34908 2.82046
0.59773 -0.69558 1.79001 -0.1437 -0.51821 1.72461 0.03119 -0.03604 0.09622 -0.04681 -0.00249 0.15768 0.13613 0.12340 0.00655 0.03883 0.09901 0.10316 0.01429 0.01625 -1.60801 -2.34940
0.60005 -0.69806 1.7973 -0.14352 -0.51687 1.73231 0.00232 -0.00248 0.00729 0.00018 0.00134 0.00770 0.13385 0.12253 -0.00228 -0.00087 0.09358 0.10520 -0.00543 0.00204 -1.62943 -2.33467
]
