classifier_Man_man_bumps_into_each_other_23490 [ 0.57944 -0.62859 1.66572 -0.425 -0.68216 1.8817 0.57944 -0.62859 1.66572 -0.425 -0.68216 1.8817 0.11135 0.06246 0.11135 0.06246 0.12650 0.04626 0.12650 0.04626 1.37204 -0.64519
0.5752 -0.62826 1.66823 -0.42347 -0.6826 1.87804 -0.00424 0.00033 0.00251 0.00153 -0.00044 -0.00366 0.13240 0.05105 0.02105 -0.01141 0.12893 0.05282 0.00243 0.00656 1.33987 -0.67757
0.57273 -0.62822 1.66737 -0.42109 -0.67508 1.86855 -0.00247 0.00004 -0.00086 0.00238 0.00752 -0.00949 0.14416 0.06975 0.01176 0.01870 0.12494 0.04951 -0.00399 -0.00331 1.31706 -0.36505
0.57615 -0.62894 1.66604 -0.42872 -0.69282 1.87606 0.00342 -0.00072 -0.00133 -0.00763 -0.01774 0.00751 0.13082 0.11273 -0.01334 0.04298 0.12488 0.02788 -0.00006 -0.02163 1.33712 -0.45176
0.57641 -0.6292 1.66224 -0.4404 -0.72345 1.86774 0.00026 -0.00026 -0.00380 -0.01168 -0.03063 -0.00832 0.12872 0.09547 -0.00210 -0.01726 0.12431 0.08159 -0.00057 0.05371 1.35123 -0.43062
0.57335 -0.62756 1.65887 -0.42923 -0.70263 1.7942 -0.00306 0.00164 -0.00337 0.01117 0.02082 -0.07354 0.11534 0.10408 -0.01338 0.00861 0.12431 0.08199 0.00000 0.00040 1.34043 -0.48002
0.57242 -0.62363 1.65772 -0.40795 -0.61578 1.74392 -0.00093 0.00393 -0.00115 0.02128 0.08685 -0.05028 0.11806 0.08664 0.00272 -0.01744 0.12255 0.04120 -0.00176 -0.04079 1.38996 -0.69038
0.56998 -0.62109 1.65511 -0.41518 -0.63868 1.62394 -0.00244 0.00254 -0.00261 -0.00723 -0.02290 -0.11998 0.11852 0.10156 0.00046 0.01492 0.12475 0.06384 0.00220 0.02264 1.36353 -1.00208
0.55876 -0.60704 1.62704 -0.40352 -0.57935 1.52855 -0.01122 0.01405 -0.02807 0.01166 0.05933 -0.09539 0.12012 0.09533 0.00160 -0.00623 0.11865 0.05378 -0.00610 -0.01006 1.34905 -1.25871
0.56915 -0.62547 1.68366 -0.39356 -0.50868 1.58567 0.01039 -0.01843 0.05662 0.00996 0.07067 0.05712 0.13342 0.12940 0.01330 0.03407 0.08191 0.06456 -0.03674 0.01078 2.59635 -1.00259
0.52024 -0.57687 1.60011 -0.26921 -0.19086 1.36066 -0.04891 0.04860 -0.08355 0.12435 0.31782 -0.22501 0.14839 0.07907 0.01497 -0.05033 0.10558 0.07293 0.02367 0.00837 -2.63931 -0.72069
0.51254 -0.5862 1.63444 -0.23579 -0.08113 1.41547 -0.00770 -0.00933 0.03433 0.03342 0.10973 0.05481 0.11875 0.08634 -0.02964 0.00727 0.10428 0.08101 -0.00130 0.00808 -2.58021 -0.72912
0.48965 -0.56592 1.68845 -0.20889 0.01752 1.5061 -0.02289 0.02028 0.05401 0.02690 0.09865 0.09063 0.14679 0.08873 0.02804 0.00239 0.11592 0.09080 0.01164 0.00979 -1.79386 -0.67270
0.48248 -0.50436 1.5891 -0.17882 0.09374 1.49722 -0.00717 0.06156 -0.09935 0.03007 0.07622 -0.00888 0.10692 0.08693 -0.03987 -0.00180 0.05984 0.06460 -0.05608 -0.02620 -1.89488 -0.70590
0.47774 -0.50013 1.57875 -0.1558 0.1605 1.52484 -0.00474 0.00423 -0.01035 0.02302 0.06676 0.02762 0.11305 0.08948 0.00613 0.00255 0.06351 0.07100 0.00367 0.00640 -1.46331 -0.72117
0.46337 -0.49115 1.54606 -0.1386 0.2112 1.52763 -0.01437 0.00898 -0.03269 0.01720 0.05070 0.00279 0.10555 0.09297 -0.00750 0.00349 0.05739 0.06599 -0.00612 -0.00501 -1.51437 -0.64512
0.44997 -0.48429 1.52159 -0.13249 0.23931 1.51787 -0.01340 0.00686 -0.02447 0.00611 0.02811 -0.00976 0.10018 0.09207 -0.00537 -0.00090 0.11316 0.07523 0.05577 0.00924 -1.67409 -0.68456
0.45149 -0.49143 1.54389 -0.12154 0.28042 1.55143 0.00152 -0.00714 0.02230 0.01095 0.04111 0.03356 0.10366 0.09162 0.00348 -0.00045 0.06613 0.07701 -0.04703 0.00178 -1.59741 -0.49382
0.45305 -0.49682 1.55212 -0.12261 0.2942 1.56193 0.00156 -0.00539 0.00823 -0.00107 0.01378 0.01050 0.10284 0.09606 -0.00082 0.00444 0.07730 0.08784 0.01117 0.01083 -1.61647 -0.44886
0.4509 -0.50032 1.54564 -0.11872 0.29681 1.56263 -0.00215 -0.00350 -0.00648 0.00389 0.00261 0.00070 0.10310 0.10030 0.00026 0.00424 0.09765 0.09455 0.02035 0.00671 -2.05008 -0.45168
0.45457 -0.50984 1.55939 -0.11469 0.29117 1.58097 0.00367 -0.00952 0.01375 0.00403 -0.00564 0.01834 0.10377 0.09856 0.00067 -0.00174 0.08035 0.08252 -0.01730 -0.01203 -1.57634 -0.55268
0.4694 -0.53272 1.55691 -0.08765 0.14443 1.59078 0.01483 -0.02288 -0.00248 0.02704 -0.14674 0.00981 0.09338 0.07424 -0.01039 -0.02432 0.08201 0.10219 0.00166 0.01967 -0.05036 -0.54533
0.46765 -0.55936 1.60131 -0.07589 0.09831 1.62022 -0.00175 -0.02664 0.04440 0.01176 -0.04612 0.02944 0.11099 0.12095 0.01761 0.04671 0.08312 0.10734 0.00111 0.00515 0.95840 -0.78475
0.54945 -0.60104 1.63518 -0.10149 -0.01856 1.71418 0.08180 -0.04168 0.03387 -0.02560 -0.11687 0.09396 0.17967 0.10304 0.06868 -0.01791 0.09526 0.08872 0.01214 -0.01862 0.40739 -0.97668
0.50766 -0.57721 1.56214 -0.07243 -0.09028 1.5815 -0.04179 0.02383 -0.07304 0.02906 -0.07172 -0.13268 0.12026 0.06877 -0.05941 -0.03427 0.09821 0.10861 0.00295 0.01989 0.62169 -0.95025
0.50921 -0.57527 1.55876 -0.07345 -0.10518 1.56829 0.00155 0.00194 -0.00338 -0.00102 -0.01490 -0.01321 0.11592 0.05742 -0.00434 -0.01135 0.10071 0.10363 0.00250 -0.00498 0.65264 -1.19924
0.50833 -0.57629 1.5845 -0.08264 -0.11157 1.58552 -0.00088 -0.00102 0.02574 -0.00919 -0.00639 0.01723 0.07251 0.05620 -0.04341 -0.00122 0.12286 0.08181 0.02215 -0.02182 0.68295 -0.72780
0.50377 -0.56687 1.57676 -0.09099 -0.10441 1.59166 -0.00456 0.00942 -0.00774 -0.00835 0.00716 0.00614 0.07148 0.05929 -0.00103 0.00309 0.13006 0.09210 0.00720 0.01029 0.68288 -0.74291
0.50649 -0.56824 1.57827 -0.10356 -0.09589 1.60717 0.00272 -0.00137 0.00151 -0.01257 0.00852 0.01551 0.17890 0.07106 0.10742 0.01177 0.12850 0.08385 -0.00156 -0.00825 0.68320 -0.64883
0.47727 -0.5545 1.58793 -0.12002 -0.07336 1.60269 -0.02922 0.01374 0.00966 -0.01646 0.02253 -0.00448 0.08349 0.07263 -0.09541 0.00157 0.11767 0.08643 -0.01083 0.00258 1.04932 -0.56852
0.47541 -0.55261 1.58675 -0.1416 -0.0518 1.59019 -0.00186 0.00189 -0.00118 -0.02158 0.02156 -0.01250 0.10734 0.07394 0.02385 0.00131 0.10264 0.07172 -0.01503 -0.01471 0.20587 -0.08862
0.47109 -0.54449 1.58001 -0.18386 0.03711 1.5503 -0.00432 0.00812 -0.00674 -0.04226 0.08891 -0.03989 0.08510 0.11155 -0.02224 0.03761 0.11505 0.10475 0.01241 0.03303 0.34089 0.07867
0.46498 -0.53584 1.56143 -0.20647 0.00905 1.51943 -0.00611 0.00865 -0.01858 -0.02261 -0.02806 -0.03087 0.08478 0.06144 -0.00032 -0.05011 0.11428 0.09323 -0.00077 -0.01152 1.54450 0.20970
0.44916 -0.53218 1.54203 -0.24158 0.01533 1.44479 -0.01582 0.00366 -0.01940 -0.03511 0.00628 -0.07464 0.12575 0.06178 0.04097 0.00034 0.12458 0.04731 0.01030 -0.04592 3.12500 -0.53192
0.44263 -0.50389 1.49489 -0.25835 0.01175 1.4101 -0.00653 0.02829 -0.04714 -0.01677 -0.00358 -0.03469 0.17840 0.06333 0.05265 0.00155 0.09802 0.06372 -0.02656 0.01641 -2.60000 -0.32554
0.41883 -0.4698 1.47335 -0.28475 -0.00921 1.35001 -0.02380 0.03409 -0.02154 -0.02640 -0.02096 -0.06009 0.09724 0.06080 -0.08116 -0.00253 0.05182 0.07776 -0.04620 0.01404 -1.74860 -0.17678
0.41447 -0.46491 1.46947 -0.28524 -0.01025 1.34938 -0.00436 0.00489 -0.00388 -0.00049 -0.00104 -0.00063 0.09986 0.06219 0.00262 0.00139 0.06953 0.07825 0.01771 0.00049 -2.12547 -0.17777
0.40948 -0.46084 1.4667 -0.28511 -0.01005 1.3515 -0.00499 0.00407 -0.00277 0.00013 0.00020 0.00212 0.09657 0.05964 -0.00329 -0.00255 0.04687 0.07863 -0.02266 0.00038 -2.27740 -0.21162
0.40474 -0.45488 1.45972 -0.2848 -0.00964 1.35265 -0.00474 0.00596 -0.00698 0.00031 0.00041 0.00115 0.09376 0.06094 -0.00281 0.00130 0.04930 0.07828 0.00243 -0.00035 -2.16198 -0.22940
0.38322 -0.43327 1.44768 -0.28604 -0.00963 1.35755 -0.02152 0.02161 -0.01204 -0.00124 0.00001 0.00490 0.09557 0.05918 0.00181 -0.00176 0.04537 0.07831 -0.00393 0.00003 -2.24210 -0.23586
0.37647 -0.42503 1.4541 -0.29038 -0.00929 1.37632 -0.00675 0.00824 0.00642 -0.00434 0.00034 0.01877 0.09313 0.06101 -0.00244 0.00183 0.08307 0.07857 0.03770 0.00026 -2.57528 -0.21664
0.36649 -0.41152 1.4613 -0.29445 -0.0098 1.39466 -0.00998 0.01351 0.00720 -0.00407 -0.00051 0.01834 0.09525 0.06020 0.00212 -0.00081 0.06658 0.08629 -0.01649 0.00772 -2.24854 -0.21905
0.34886 -0.38633 1.45288 -0.2948 -0.01039 1.39746 -0.01763 0.02519 -0.00842 -0.00035 -0.00059 0.00280 0.09314 0.06227 -0.00211 0.00207 0.08240 0.09714 0.01582 0.01085 -2.87988 -0.23158
0.32621 -0.35162 1.44812 -0.29535 -0.01181 1.40026 -0.02265 0.03471 -0.00476 -0.00055 -0.00142 0.00280 0.09136 0.06176 -0.00178 -0.00051 0.08229 0.08955 -0.00011 -0.00759 -3.07600 -0.24457
0.29815 -0.30596 1.44193 -0.29476 -0.01144 1.40075 -0.02806 0.04566 -0.00619 0.00059 0.00037 0.00049 0.08655 0.06269 -0.00481 0.00093 0.07261 0.08260 -0.00968 -0.00695 -2.41516 -0.24790
0.26544 -0.24547 1.43234 -0.29075 -0.0103 1.39177 -0.03271 0.06049 -0.00959 0.00401 0.00114 -0.00898 0.09150 0.06112 0.00495 -0.00157 0.07874 0.07799 0.00613 -0.00461 -2.40231 -0.32044
0.23537 -0.18134 1.41667 -0.28675 -0.00816 1.3793 -0.03007 0.06413 -0.01567 0.00400 0.00214 -0.01247 0.11507 0.06224 0.02357 0.00112 0.07299 0.06057 -0.00575 -0.01742 -2.46673 -0.44282
0.21778 -0.11678 1.49479 -0.30046 -0.00734 1.45929 -0.01759 0.06456 0.07812 -0.01371 0.00082 0.07999 0.13580 0.06599 0.02073 0.00375 0.08894 0.11000 0.01595 0.04943 -2.56027 -0.41507
0.18693 -0.04077 1.49827 -0.29916 -0.0027 1.46245 -0.03085 0.07601 0.00348 0.00130 0.00464 0.00316 0.14177 0.06582 0.00597 -0.00017 0.08379 0.08546 -0.00515 -0.02454 -2.51692 -0.37876
0.15875 0.03071 1.49748 -0.29493 -0.00211 1.45293 -0.02818 0.07148 -0.00079 0.00423 0.00059 -0.00952 0.11759 0.06541 -0.02418 -0.00041 0.08480 0.08975 0.00101 0.00429 -2.52446 -0.37603
0.09043 0.21814 1.52479 -0.28631 0.00598 1.44771 -0.06832 0.18743 0.02731 0.00862 0.00809 -0.00522 0.08556 0.06584 -0.03203 0.00043 0.08403 0.07775 -0.00077 -0.01200 -2.46962 -0.38288
0.10276 0.22726 1.54004 -0.28643 0.00597 1.4572 0.01233 0.00912 0.01525 -0.00012 -0.00001 0.00949 0.11248 0.06666 0.02692 0.00082 0.07276 0.05085 -0.01127 -0.02690 -2.66429 -0.64070
0.09691 0.27429 1.61472 -0.29847 0.00686 1.52414 -0.00585 0.04703 0.07468 -0.01204 0.00089 0.06694 0.11018 0.06579 -0.00230 -0.00087 0.07298 0.05878 0.00022 0.00793 -2.71657 -0.60047
0.08733 0.3001 1.62558 -0.29874 0.00655 1.52529 -0.00958 0.02581 0.01086 -0.00027 -0.00031 0.00115 0.10213 0.06581 -0.00805 0.00002 0.07227 0.08950 -0.00071 0.03072 -2.70886 -0.20515
0.08384 0.30875 1.6332 -0.29991 0.00432 1.52698 -0.00349 0.00865 0.00762 -0.00117 -0.00223 0.00169 0.10483 0.06609 0.00270 0.00028 0.07304 0.09296 0.00077 0.00346 -2.69900 -0.22821
0.07878 0.30587 1.63448 -0.30017 0.00136 1.52711 -0.00506 -0.00288 0.00128 -0.00026 -0.00296 0.00013 0.10353 0.06674 -0.00130 0.00065 0.07161 0.09315 -0.00143 0.00019 -2.55308 -0.26093
0.06977 0.29575 1.63888 -0.30035 0.00071 1.52682 -0.00901 -0.01012 0.00440 -0.00018 -0.00065 -0.00029 0.09881 0.06581 -0.00472 -0.00093 0.07432 0.10410 0.00271 0.01095 -2.28160 -0.24316
0.05576 0.26483 1.58119 -0.29128 -0.0044 1.47275 -0.01401 -0.03092 -0.05769 0.00907 -0.00511 -0.05407 0.08345 0.06402 -0.01536 -0.00179 0.07451 0.12116 0.00019 0.01706 -2.80690 -0.23037
0.07139 0.21115 1.63395 -0.30266 -0.00507 1.52501 0.01563 -0.05368 0.05276 -0.01138 -0.00067 0.05226 0.10521 0.06266 0.02176 -0.00136 0.07318 0.09594 -0.00133 -0.02522 -2.74320 -0.15775
0.05287 0.17875 1.63503 -0.30268 -0.00679 1.524 -0.01852 -0.03240 0.00108 -0.00002 -0.00172 -0.00101 0.07951 0.06475 -0.02570 0.00209 0.06511 0.10002 -0.00807 0.00408 -1.92923 -0.17271
0.05052 0.1138 1.64314 -0.3034 -0.01009 1.52091 -0.00235 -0.06495 0.00811 -0.00072 -0.00330 -0.00309 0.08624 0.06291 0.00673 -0.00184 0.07979 0.09517 0.01468 -0.00485 -1.98115 -0.13640
0.02823 0.07912 1.66069 -0.30253 -0.0132 1.51452 -0.02229 -0.03468 0.01755 0.00087 -0.00311 -0.00639 0.05516 0.06580 -0.03108 0.00289 0.08106 0.09054 0.00127 -0.00463 0.59641 -0.12946
0.03592 -0.02037 1.63076 -0.29137 -0.01474 1.45981 0.00769 -0.09949 -0.02993 0.01116 -0.00154 -0.05471 0.08535 0.06365 0.03019 -0.00215 0.10905 0.09753 0.02799 0.00699 0.65410 -0.18093
0.02021 -0.09341 1.63535 -0.28818 -0.01587 1.43373 -0.01571 -0.07304 0.00459 0.00319 -0.00113 -0.02608 0.06098 0.06148 -0.02437 -0.00217 0.07480 0.10097 -0.03425 0.00344 1.47476 -0.14848
0.02619 -0.13809 1.69272 -0.29509 -0.02129 1.46307 0.00598 -0.04468 0.05737 -0.00691 -0.00542 0.02934 0.08022 0.06506 0.01924 0.00358 0.09865 0.11678 0.02385 0.01581 0.66666 -0.16533
0.03435 -0.15066 1.68557 -0.29333 -0.0222 1.45968 0.00816 -0.01257 -0.00715 0.00176 -0.00091 -0.00339 0.07716 0.06325 -0.00306 -0.00181 0.09434 0.07848 -0.00431 -0.03830 0.73052 -0.15844
0.04728 -0.15778 1.67438 -0.29346 -0.02111 1.46253 0.01293 -0.00712 -0.01119 -0.00013 0.00109 0.00285 0.07685 0.06414 -0.00031 0.00089 0.10622 0.08599 0.01188 0.00751 0.95072 -0.20109
0.06667 -0.14453 1.65913 -0.29345 -0.02119 1.46747 0.01939 0.01325 -0.01525 0.00001 -0.00008 0.00494 0.06990 0.06235 -0.00695 -0.00179 0.08412 0.08466 -0.02210 -0.00133 0.78998 -0.23407
0.09045 -0.11543 1.6292 -0.29233 -0.0223 1.467 0.02378 0.02910 -0.02993 0.00112 -0.00111 -0.00047 0.05718 0.06371 -0.01272 0.00136 0.10784 0.08801 0.02372 0.00335 0.49855 -0.25774
0.11112 -0.09312 1.61679 -0.2919 -0.02261 1.47049 0.02067 0.02231 -0.01241 0.00043 -0.00031 0.00349 0.05702 0.06259 -0.00016 -0.00112 0.10534 0.08692 -0.00250 -0.00109 0.16092 -0.26920
0.13701 -0.06783 1.59253 -0.29005 -0.02309 1.46581 0.02589 0.02529 -0.02426 0.00185 -0.00048 -0.00468 0.05747 0.06182 0.00045 -0.00077 0.10220 0.08419 -0.00314 -0.00273 0.76792 -0.28170
0.16353 -0.0437 1.57679 -0.28866 -0.02394 1.46731 0.02652 0.02413 -0.01574 0.00139 -0.00085 0.00150 0.06102 0.06244 0.00355 0.00062 0.08614 0.07649 -0.01606 -0.00770 0.62607 -0.22207
0.21253 0.00278 1.54302 -0.28866 -0.02626 1.47249 0.04900 0.04648 -0.03377 0.00000 -0.00232 0.00518 0.06413 0.06423 0.00311 0.00179 0.09197 0.08423 0.00583 0.00774 0.31626 -0.27502
0.23386 0.01422 1.50107 -0.28626 -0.02882 1.45307 0.02133 0.01144 -0.04195 0.00240 -0.00256 -0.01942 0.06605 0.06442 0.00192 0.00019 0.08593 0.05073 -0.00604 -0.03350 -0.06818 -0.69636
0.25646 0.02405 1.49535 -0.29026 -0.0275 1.46999 0.02260 0.00983 -0.00572 -0.00400 0.00132 0.01692 0.06473 0.06506 -0.00132 0.00064 0.09006 0.06706 0.00413 0.01633 0.18771 -0.68476
0.28658 0.0123 1.44316 -0.29542 -0.03354 1.46129 0.03012 -0.01175 -0.05219 -0.00516 -0.00604 -0.00870 0.06366 0.07581 -0.00107 0.01075 0.09908 0.06506 0.00902 -0.00200 0.26153 -0.36615
0.29433 -0.00168 1.40708 -0.29552 -0.03393 1.44555 0.00775 -0.01398 -0.03608 -0.00010 -0.00039 -0.01574 0.06324 0.07589 -0.00042 0.00008 0.08768 0.06247 -0.01140 -0.00259 0.21774 -0.27121
0.30027 -0.01001 1.38925 -0.2981 -0.03888 1.43684 0.00594 -0.00833 -0.01783 -0.00258 -0.00495 -0.00871 0.06410 0.06955 0.00086 -0.00634 0.09571 0.05611 0.00803 -0.00636 0.17424 -0.12673
0.30077 -0.02018 1.37323 -0.2991 -0.03904 1.42601 0.00050 -0.01017 -0.01602 -0.00100 -0.00016 -0.01083 0.06296 0.06220 -0.00114 -0.00735 0.09829 0.08767 0.00258 0.03156 0.17339 0.16301
0.30006 -0.02342 1.36898 -0.30161 -0.04457 1.4241 -0.00071 -0.00324 -0.00425 -0.00251 -0.00553 -0.00191 0.06361 0.06414 0.00065 0.00194 0.07871 0.05209 -0.01958 -0.03558 0.19685 -0.16149
0.30057 -0.02639 1.37506 -0.30432 -0.04212 1.42732 0.00051 -0.00297 0.00608 -0.00271 0.00245 0.00322 0.06498 0.06197 0.00137 -0.00217 0.07894 0.05517 0.00023 0.00308 0.19253 0.06912
0.3003 -0.02335 1.37773 -0.30639 -0.04249 1.42877 -0.00027 0.00304 0.00267 -0.00207 -0.00037 0.00145 0.06322 0.06206 -0.00176 0.00009 0.09146 0.09051 0.01252 0.03534 0.19992 0.28206
0.30024 -0.02352 1.37892 -0.30776 -0.04256 1.42861 -0.00006 -0.00017 0.00119 -0.00137 -0.00007 -0.00016 0.06288 0.06274 -0.00034 0.00068 0.09338 0.07120 0.00192 -0.01931 0.14034 0.37233
0.2986 -0.02209 1.3789 -0.30755 -0.04217 1.42576 -0.00164 0.00143 -0.00002 0.00021 0.00039 -0.00285 0.06388 0.06315 0.00100 0.00041 0.08621 0.07822 -0.00717 0.00702 0.23940 0.31864
0.29978 -0.02276 1.38503 -0.30981 -0.04076 1.43416 0.00118 -0.00067 0.00613 -0.00226 0.00141 0.00840 0.06302 0.06390 -0.00086 0.00075 0.08984 0.05284 0.00363 -0.02538 0.10596 -0.05616
0.29416 -0.02303 1.38586 -0.30763 -0.04101 1.43471 -0.00562 -0.00027 0.00083 0.00218 -0.00025 0.00055 0.06242 0.06329 -0.00060 -0.00061 0.09613 0.06431 0.00629 0.01147 0.16912 -0.10977
0.28676 -0.02128 1.38678 -0.3048 -0.03669 1.43582 -0.00740 0.00175 0.00092 0.00283 0.00432 0.00111 0.06116 0.06801 -0.00126 0.00472 0.09018 0.07724 -0.00595 0.01293 0.14079 0.05714
0.24665 -0.01167 1.3861 -0.28177 -0.0282 1.43287 -0.04011 0.00961 -0.00068 0.02303 0.00849 -0.00295 0.06351 0.06551 0.00235 -0.00250 0.07261 0.05310 -0.01757 -0.02414 0.16874 -0.61289
0.21305 -0.00293 1.41994 -0.26159 -0.02268 1.46453 -0.03360 0.00874 0.03384 0.02018 0.00552 0.03166 0.06160 0.06565 -0.00191 0.00014 0.08030 0.06248 0.00769 0.00938 0.01294 -0.41977
0.0945 0.00266 1.37358 -0.16018 0.00331 1.40609 -0.11855 0.00559 -0.04636 0.10141 0.02599 -0.05844 0.06652 0.06025 0.00492 -0.00540 0.06082 0.08277 -0.01948 0.02029 -0.23469 0.28734
-0.03414 0.03559 1.50865 -0.11419 0.00937 1.53576 -0.12864 0.03293 0.13507 0.04599 0.00606 0.12967 0.08146 0.13383 0.01494 0.07358 0.08086 0.08012 0.02004 -0.00265 0.93648 0.14548
-0.04191 0.03405 1.40684 -0.03562 0.02353 1.41297 -0.00777 -0.00154 -0.10181 0.07857 0.01416 -0.12279 0.05008 0.06471 -0.03138 -0.06912 0.06457 0.06734 -0.01629 -0.01278 -1.26475 1.02229
-0.03175 0.04789 1.43374 -0.03934 0.06284 1.43326 0.01016 0.01384 0.02690 -0.00372 0.03931 0.02029 0.06415 0.12547 0.01407 0.06076 0.07522 0.06901 0.01065 0.00167 -1.39851 0.99938
0.01011 0.10823 1.44361 -0.10726 0.10889 1.4575 0.04186 0.06034 0.00987 -0.06792 0.04605 0.02424 0.07568 0.10830 0.01153 -0.01717 0.07960 0.06917 0.00438 0.00016 -0.06546 -0.02638
0.06767 0.13682 1.44575 -0.1405 0.1244 1.46906 0.05756 0.02859 0.00214 -0.03324 0.01551 0.01156 0.07343 0.07512 -0.00225 -0.03318 0.06524 0.08030 -0.01436 0.01113 -0.09183 -0.01314
0.10344 0.1655 1.43993 -0.17027 0.13488 1.4618 0.03577 0.02868 -0.00582 -0.02977 0.01048 -0.00726 0.06653 0.07680 -0.00690 0.00168 0.03902 0.03859 -0.02622 -0.04171 0.41243 -0.17124
0.18098 0.18209 1.42588 -0.23187 0.1461 1.44378 0.07754 0.01659 -0.01405 -0.06160 0.01122 -0.01802 0.06571 0.06169 -0.00082 -0.01511 0.05740 0.05808 0.01838 0.01949 0.63545 0.20751
0.22385 0.18722 1.46742 -0.26814 0.14744 1.48242 0.04287 0.00513 0.04154 -0.03627 0.00134 0.03864 0.06198 0.06175 -0.00373 0.00006 0.06867 0.07178 0.01127 0.01370 0.15669 -0.41881
0.25648 0.17006 1.44492 -0.29134 0.12976 1.46135 0.03263 -0.01716 -0.02250 -0.02320 -0.01768 -0.02107 0.06136 0.06458 -0.00062 0.00283 0.06346 0.05674 -0.00521 -0.01504 0.21933 -0.18075
0.29402 0.15084 1.46665 -0.31988 0.11599 1.48494 0.03754 -0.01922 0.02173 -0.02854 -0.01377 0.02359 0.06121 0.06087 -0.00015 -0.00371 0.06122 0.06892 -0.00224 0.01218 0.42685 -0.19819
0.32855 0.12654 1.4924 -0.34436 0.09659 1.51112 0.03453 -0.02430 0.02575 -0.02448 -0.01940 0.02618 0.06145 0.06092 0.00024 0.00005 0.10395 0.06238 0.04273 -0.00654 -0.07584 -0.23447
0.35407 0.06067 1.4441 -0.35451 0.04676 1.46749 0.02552 -0.06587 -0.04830 -0.01015 -0.04983 -0.04363 0.08886 0.06212 0.02741 0.00120 0.06357 0.09813 -0.04038 0.03575 0.39460 -0.08138
0.36483 0.03657 1.44377 -0.35674 0.02922 1.46785 0.01076 -0.02410 -0.00033 -0.00223 -0.01754 0.00036 0.12942 0.06265 0.04056 0.00053 0.07256 0.09501 0.00899 -0.00312 -0.04623 -0.07333
0.37003 0.01297 1.4427 -0.35641 0.01444 1.46737 0.00520 -0.02360 -0.00107 0.00033 -0.01478 -0.00048 0.12908 0.06114 -0.00034 -0.00151 0.07028 0.08515 -0.00228 -0.00986 -0.04238 -0.11158
0.3713 -0.00707 1.43855 -0.35269 0.00198 1.46107 0.00127 -0.02004 -0.00415 0.00372 -0.01246 -0.00630 0.12530 0.07166 -0.00378 0.01052 0.08654 0.06950 0.01626 -0.01565 -0.11021 -0.53442
0.37788 -0.03102 1.45971 -0.35384 -0.00831 1.48073 0.00658 -0.02395 0.02116 -0.00115 -0.01029 0.01966 0.06259 0.07620 -0.06271 0.00454 0.09237 0.09701 0.00583 0.02751 -0.06944 -0.42099
0.35749 -0.04687 1.37154 -0.32915 -0.01485 1.39086 -0.02039 -0.01585 -0.08817 0.02469 -0.00654 -0.08987 0.05995 0.05551 -0.00264 -0.02069 0.09892 0.08146 0.00655 -0.01555 -0.03515 -0.35250
0.36381 -0.06815 1.37807 -0.32792 -0.02419 1.39907 0.00632 -0.02128 0.00653 0.00123 -0.00934 0.00821 0.07480 0.05618 0.01485 0.00067 0.08673 0.08067 -0.01219 -0.00079 0.06250 -0.29759
0.37436 -0.092 1.40024 -0.33096 -0.03739 1.41806 0.01055 -0.02385 0.02217 -0.00304 -0.01320 0.01899 0.06645 0.06308 -0.00835 0.00690 0.09785 0.06470 0.01112 -0.01597 0.01304 -0.42699
0.38553 -0.12225 1.4177 -0.33303 -0.05476 1.43254 0.01117 -0.03025 0.01746 -0.00207 -0.01737 0.01448 0.13110 0.07137 0.06465 0.00829 0.06110 0.06638 -0.03675 0.00168 0.25165 -0.19682
0.40489 -0.15927 1.45655 -0.34203 -0.08517 1.46316 0.01936 -0.03702 0.03885 -0.00900 -0.03041 0.03062 0.06720 0.06128 -0.06390 -0.01009 0.07810 0.07302 0.01700 0.00664 -0.04889 -0.09719
0.4252 -0.19685 1.48521 -0.35249 -0.12048 1.48437 0.02031 -0.03758 0.02866 -0.01046 -0.03531 0.02121 0.06501 0.05934 -0.00219 -0.00194 0.08129 0.06280 0.00319 -0.01022 0.07275 -0.23766
0.44125 -0.23766 1.50134 -0.36209 -0.16477 1.48818 0.01605 -0.04081 0.01613 -0.00960 -0.04429 0.00381 0.06691 0.05671 0.00190 -0.00263 0.05923 0.05649 -0.02206 -0.00631 0.14150 -0.23374
0.44471 -0.26903 1.46063 -0.36103 -0.20699 1.43675 0.00346 -0.03137 -0.04071 0.00106 -0.04222 -0.05143 0.06381 0.06460 -0.00310 0.00789 0.04768 0.05293 -0.01155 -0.00356 0.23022 -0.43959
0.48846 -0.32292 1.53243 -0.38952 -0.26961 1.49232 0.04375 -0.05389 0.07180 -0.02849 -0.06262 0.05557 0.06864 0.09149 0.00483 0.02689 0.08751 0.05224 0.03983 -0.00069 0.26062 -0.77755
0.52476 -0.37329 1.56613 -0.41115 -0.33123 1.51509 0.03630 -0.05037 0.03370 -0.02163 -0.06162 0.02277 0.08101 0.09408 0.01237 0.00259 0.07446 0.05028 -0.01305 -0.00196 1.08760 -0.99986
0.53986 -0.40441 1.57153 -0.41828 -0.38536 1.49912 0.01510 -0.03112 0.00540 -0.00713 -0.05413 -0.01597 0.13450 0.08211 0.05349 -0.01197 0.04738 0.05479 -0.02708 0.00451 0.20563 -0.95771
0.55003 -0.43966 1.57975 -0.4249 -0.44129 1.50595 0.01017 -0.03525 0.00822 -0.00662 -0.05593 0.00683 0.09159 0.09661 -0.04291 0.01450 0.04734 0.06395 -0.00004 0.00916 1.25290 -1.56753
0.57205 -0.48064 1.5884 -0.43246 -0.49884 1.5454 0.02202 -0.04098 0.00865 -0.00756 -0.05755 0.03945 0.08660 0.10422 -0.00499 0.00761 0.05656 0.04518 0.00922 -0.01877 1.48194 -0.56890
0.56283 -0.57614 1.67452 -0.43956 -0.55258 1.56011 -0.00922 -0.09550 0.08612 -0.00710 -0.05374 0.01471 0.10224 0.08948 0.01564 -0.01474 0.17839 0.06111 0.12183 0.01593 0.01587 0.07007
0.59164 -0.61748 1.6974 -0.45168 -0.63424 1.67436 0.02881 -0.04134 0.02288 -0.01212 -0.08166 0.11425 0.08491 0.10254 -0.01733 0.01306 0.15057 0.07344 -0.02782 0.01233 0.35185 -0.11182
0.59277 -0.61637 1.68534 -0.45026 -0.66011 1.69967 0.00113 0.00111 -0.01206 0.00142 -0.02587 0.02531 0.08019 0.09611 -0.00472 -0.00643 0.13854 0.06292 -0.01203 -0.01052 1.54715 -0.97320
0.56637 -0.5918 1.61048 -0.43224 -0.67534 1.64733 -0.02640 0.02457 -0.07486 0.01802 -0.01523 -0.05234 0.07317 0.09833 -0.00702 0.00222 0.13502 0.05176 -0.00352 -0.01116 1.24715 -0.95052
0.56532 -0.59543 1.6136 -0.43145 -0.68877 1.67777 -0.00105 -0.00363 0.00312 0.00079 -0.01343 0.03044 0.11988 0.10126 0.04671 0.00293 0.13200 0.05928 -0.00302 0.00752 1.42609 -0.13137
0.56682 -0.597 1.6151 -0.43117 -0.6935 1.7083 0.00150 -0.00157 0.00150 0.00028 -0.00473 0.03053 0.07470 0.09058 -0.04518 -0.01068 0.12752 0.04645 -0.00448 -0.01283 1.60260 -0.38697
0.57352 -0.61076 1.64797 -0.436 -0.69658 1.77608 0.00670 -0.01376 0.03287 -0.00483 -0.00308 0.06778 0.13887 0.09951 0.06417 0.00893 0.13216 0.06792 0.00464 0.02147 1.20278 -0.45199
0.56652 -0.61243 1.64682 -0.4345 -0.69645 1.79803 -0.00700 -0.00167 -0.00115 0.00150 0.00013 0.02195 0.08574 0.09235 -0.05313 -0.00716 0.12640 0.04705 -0.00576 -0.02087 1.41996 -0.30816
0.56546 -0.61241 1.64241 -0.42612 -0.67063 1.82101 -0.00106 0.00002 -0.00441 0.00838 0.02582 0.02298 0.08354 0.11924 -0.00220 0.02689 0.12659 0.04666 0.00019 -0.00039 1.62040 -0.15918
0.56915 -0.61453 1.64013 -0.439 -0.71672 1.83566 0.00369 -0.00212 -0.00228 -0.01288 -0.04609 0.01465 0.08875 0.07623 0.00521 -0.04301 0.12616 0.06700 -0.00043 0.02034 1.52921 -0.23413
0.57323 -0.61557 1.63797 -0.4343 -0.70213 1.85541 0.00408 -0.00104 -0.00216 0.00470 0.01459 0.01975 0.07603 0.09995 -0.01272 0.02372 0.11293 0.04287 -0.01323 -0.02413 1.51682 -0.15494
0.56729 -0.61734 1.64028 -0.43547 -0.70889 1.85192 -0.00594 -0.00177 0.00231 -0.00117 -0.00676 -0.00349 0.13919 0.09344 0.06316 -0.00651 0.11984 0.07446 0.00691 0.03159 1.38856 -0.34797
0.56777 -0.6167 1.63907 -0.43295 -0.70552 1.84067 0.00048 0.00064 -0.00121 0.00252 0.00337 -0.01125 0.13843 0.08750 -0.00076 -0.00594 0.12109 0.07685 0.00125 0.00239 1.49887 -0.38056
0.56656 -0.61767 1.63756 -0.43274 -0.70706 1.82882 -0.00121 -0.00097 -0.00151 0.00021 -0.00154 -0.01185 0.13920 0.08123 0.00077 -0.00627 0.11925 0.07238 -0.00184 -0.00447 1.46036 -0.44095
0.55897 -0.61582 1.63779 -0.43743 -0.72505 1.81582 -0.00759 0.00185 0.00023 -0.00469 -0.01799 -0.01300 0.08623 0.06370 -0.05297 -0.01753 0.10877 0.06143 -0.01048 -0.01095 1.74664 -0.38646
0.55731 -0.61597 1.63746 -0.41713 -0.67233 1.79414 -0.00166 -0.00015 -0.00033 0.02030 0.05272 -0.02168 0.08690 0.11128 0.00067 0.04758 0.12193 0.04615 0.01316 -0.01528 1.67277 -0.54234
0.5591 -0.61609 1.63695 -0.41599 -0.67137 1.78909 0.00179 -0.00012 -0.00051 0.00114 0.00096 -0.00505 0.14253 0.11229 0.05563 0.00101 0.12356 0.05089 0.00163 0.00474 1.43493 -0.58403
0.55899 -0.61616 1.63705 -0.41507 -0.6697 1.78607 -0.00011 -0.00007 0.00010 0.00092 0.00167 -0.00302 0.12037 0.10976 -0.02216 -0.00253 0.12344 0.06018 -0.00012 0.00929 1.42826 -0.58672
0.5596 -0.6167 1.63668 -0.4327 -0.71976 1.78312 0.00061 -0.00054 -0.00037 -0.01763 -0.05006 -0.00295 0.11761 0.06408 -0.00276 -0.04568 0.12047 0.06078 -0.00297 0.00060 1.43254 -0.42507
0.56013 -0.61654 1.64237 -0.43169 -0.71922 1.79065 0.00053 0.00016 0.00569 0.00101 0.00054 0.00753 0.13548 0.06268 0.01787 -0.00140 0.12207 0.06587 0.00160 0.00509 1.59357 -0.39816
]
