classifier_Man_weaves_and_bumps_into_fence_17363 [ 0.54697 -0.67696 1.64775 -0.07176 -0.56025 1.71569 0.54697 -0.67696 1.64775 -0.07176 -0.56025 1.71569 0.10333 0.10194 0.10333 0.10194 0.08576 0.05442 0.08576 0.05442 -1.96846 1.61165
0.54932 -0.67801 1.64784 -0.07333 -0.56097 1.71779 0.00235 -0.00105 0.00009 -0.00157 -0.00072 0.00210 0.10232 0.09881 -0.00101 -0.00313 0.07812 0.05187 -0.00764 -0.00255 -2.01392 1.53342
0.54893 -0.67774 1.64894 -0.07707 -0.56658 1.71573 -0.00039 0.00027 0.00110 -0.00374 -0.00561 -0.00206 0.10640 0.10241 0.00408 0.00360 0.08728 0.06793 0.00916 0.01606 -1.51144 1.97655
0.54597 -0.67071 1.63131 -0.07483 -0.55639 1.70107 -0.00296 0.00703 -0.01763 0.00224 0.01019 -0.01466 0.10834 0.09008 0.00194 -0.01233 0.07966 0.06862 -0.00762 0.00069 -1.73679 1.84868
0.55085 -0.67798 1.64943 -0.08074 -0.56895 1.71525 0.00488 -0.00727 0.01812 -0.00591 -0.01256 0.01418 0.10805 0.11172 -0.00029 0.02164 0.08032 0.07489 0.00066 0.00627 -1.42306 2.09463
0.54768 -0.67605 1.6544 -0.07894 -0.56841 1.71452 -0.00317 0.00193 0.00497 0.00180 0.00054 -0.00073 0.11299 0.10146 0.00494 -0.01026 0.12931 0.07674 0.04899 0.00185 -1.90290 2.11892
0.54338 -0.66763 1.64154 -0.07242 -0.55134 1.70233 -0.00430 0.00842 -0.01286 0.00652 0.01707 -0.01219 0.11610 0.09963 0.00311 -0.00183 0.11077 0.05582 -0.01854 -0.02092 -1.71684 1.48109
0.54232 -0.66648 1.64895 -0.07259 -0.55375 1.7022 -0.00106 0.00115 0.00741 -0.00017 -0.00241 -0.00013 0.11942 0.10008 0.00332 0.00045 0.13310 0.06348 0.02233 0.00766 -1.98672 1.66916
0.54577 -0.6706 1.68106 -0.08312 -0.57318 1.73203 0.00345 -0.00412 0.03211 -0.01053 -0.01943 0.02983 0.12912 0.10919 0.00970 0.00911 0.09208 0.07707 -0.04102 0.01359 -1.24974 1.98664
0.53401 -0.66671 1.71068 -0.08891 -0.58088 1.74993 -0.01176 0.00389 0.02962 -0.00579 -0.00770 0.01790 0.13318 0.11413 0.00406 0.00494 0.11457 0.07894 0.02249 0.00187 -2.42573 2.29653
0.5027 -0.64679 1.75554 -0.08664 -0.56092 1.80282 -0.03131 0.01992 0.04486 0.00227 0.01996 0.05289 0.15143 0.10241 0.01825 -0.01172 0.13860 0.07779 0.02403 -0.00115 -2.45510 2.57995
0.47642 -0.60764 1.78332 -0.09591 -0.54724 1.82446 -0.02628 0.03915 0.02778 -0.00927 0.01368 0.02164 0.08186 0.09570 -0.06957 -0.00671 0.06332 0.07966 -0.07528 0.00187 -1.06382 2.67549
0.46033 -0.58205 1.75143 -0.10059 -0.53076 1.84587 -0.01609 0.02559 -0.03189 -0.00468 0.01648 0.02141 0.05739 0.08513 -0.02447 -0.01057 0.06154 0.07556 -0.00178 -0.00410 -1.75794 2.81027
0.37664 -0.51429 1.73624 -0.10337 -0.47435 1.8528 -0.08369 0.06776 -0.01519 -0.00278 0.05641 0.00693 0.08414 0.05704 0.02675 -0.02809 0.07781 0.08838 0.01627 0.01282 -2.66756 -2.55011
0.30062 -0.45846 1.69902 -0.08197 -0.43107 1.81969 -0.07602 0.05583 -0.03722 0.02140 0.04328 -0.03311 0.13919 0.07602 0.05505 0.01898 0.06512 0.13545 -0.01269 0.04707 -2.85515 -1.67074
0.16689 -0.34539 1.85844 -0.12341 -0.33965 1.88695 -0.13373 0.11307 0.15942 -0.04144 0.09142 0.06726 0.10163 0.05782 -0.03756 -0.01820 0.05883 0.06339 -0.00629 -0.07206 -2.15298 1.58040
0.15797 -0.34963 2.04838 -0.22353 -0.38542 2.11228 -0.00892 -0.00424 0.18994 -0.10012 -0.04577 0.22533 0.11942 0.12314 0.01779 0.06532 0.10759 0.07520 0.04876 0.01181 1.22223 2.17894
0.15279 -0.32915 2.08888 -0.25046 -0.3871 2.14706 -0.00518 0.02048 0.04050 -0.02693 -0.00168 0.03478 0.11287 0.13075 -0.00655 0.00761 0.08735 0.13332 -0.02024 0.05812 0.86803 -0.81722
0.14999 -0.31309 2.09719 -0.25452 -0.37649 2.13831 -0.00280 0.01606 0.00831 -0.00406 0.01061 -0.00875 0.10864 0.12556 -0.00423 -0.00519 0.05408 0.12768 -0.03327 -0.00564 -1.80103 -0.60456
0.13625 -0.2662 1.87586 -0.03373 -0.28294 1.86401 -0.01374 0.04689 -0.22133 0.22079 0.09355 -0.27430 0.09642 0.07730 -0.01222 -0.04826 0.09018 0.03830 0.03610 -0.08938 2.01555 -1.70999
0.14591 -0.26457 1.87388 -0.0485 -0.27794 1.87329 0.00966 0.00163 -0.00198 -0.01477 0.00500 0.00928 0.09376 0.06726 -0.00266 -0.01004 0.08444 0.05634 -0.00574 0.01804 1.90963 2.57788
0.18325 -0.29227 2.07722 -0.17085 -0.3048 2.09787 0.03734 -0.02770 0.20334 -0.12235 -0.02686 0.22458 0.10814 0.11208 0.01438 0.04482 0.09601 0.10382 0.01157 0.04748 1.90295 1.88628
0.20157 -0.28732 2.02912 -0.19782 -0.29886 2.04781 0.01832 0.00495 -0.04810 -0.02697 0.00594 -0.05006 0.10249 0.12046 -0.00565 0.00838 0.09848 0.09252 0.00247 -0.01130 1.59057 1.73462
0.25446 -0.29266 2.03013 -0.17123 -0.29907 2.03459 0.05289 -0.00534 0.00101 0.02659 -0.00021 -0.01322 0.08886 0.04908 -0.01363 -0.07138 0.12130 0.06971 0.02282 -0.02281 1.12845 1.91124
0.25102 -0.27888 1.87472 -0.18633 -0.26809 1.87467 -0.00344 0.01378 -0.15541 -0.01510 0.03098 -0.15992 0.06885 0.03237 -0.02001 -0.01671 0.11506 0.04909 -0.00624 -0.02062 1.42403 2.20846
0.28175 -0.29084 1.88147 -0.24452 -0.2855 1.8935 0.03073 -0.01196 0.00675 -0.05819 -0.01741 0.01883 0.06899 0.03714 0.00014 0.00477 0.11917 0.05530 0.00411 0.00621 1.58679 1.72139
0.29917 -0.30361 1.88418 -0.30088 -0.3027 1.90459 0.01742 -0.01277 0.00271 -0.05636 -0.01720 0.01109 0.06616 0.06194 -0.00283 0.02480 0.11042 0.05806 -0.00875 0.00276 1.64093 1.53232
0.30225 -0.31785 1.90376 -0.34369 -0.31543 1.93948 0.00308 -0.01424 0.01958 -0.04281 -0.01273 0.03489 0.05871 0.08890 -0.00745 0.02696 0.09848 0.05466 -0.01194 -0.00340 1.75523 1.59102
0.28802 -0.31349 1.83102 -0.35097 -0.30897 1.87104 -0.01423 0.00436 -0.07274 -0.00728 0.00646 -0.06844 0.05641 0.08629 -0.00230 -0.00261 0.10188 0.09006 0.00340 0.03540 1.69754 1.55340
0.29178 -0.33057 1.89375 -0.36188 -0.31531 1.93052 0.00376 -0.01708 0.06273 -0.01091 -0.00634 0.05948 0.05724 0.08971 0.00083 0.00342 0.11449 0.08707 0.01261 -0.00299 1.69901 1.49924
0.3073 -0.36264 2.03922 -0.38711 -0.32855 2.07105 0.01552 -0.03207 0.14547 -0.02523 -0.01324 0.14053 0.06290 0.09677 0.00566 0.00706 0.11256 0.06656 -0.00193 -0.02051 1.82192 0.84456
0.24662 -0.37591 1.94397 -0.36151 -0.2263 1.94815 -0.06068 -0.01327 -0.09525 0.02560 0.10225 -0.12290 0.04747 0.06344 -0.01543 -0.03333 0.07341 0.09269 -0.03915 0.02613 1.80553 -0.12018
0.24677 -0.38958 1.9677 -0.35314 -0.17092 1.95571 0.00015 -0.01367 0.02373 0.00837 0.05538 0.00756 0.04533 0.06086 -0.00214 -0.00258 0.06675 0.11528 -0.00666 0.02259 2.03745 -0.17027
0.26642 -0.3967 1.98962 -0.34862 -0.1343 1.97773 0.01965 -0.00712 0.02192 0.00452 0.03662 0.02202 0.06186 0.10353 0.01653 0.04267 0.11340 0.06828 0.04665 -0.04700 1.29892 -0.41110
0.26384 -0.40546 1.99317 -0.34564 -0.11275 2.0003 -0.00258 -0.00876 0.00355 0.00298 0.02155 0.02257 0.06091 0.12621 -0.00095 0.02268 0.10031 0.08659 -0.01309 0.01831 1.37268 -0.32952
0.25609 -0.40787 1.97087 -0.33202 -0.09061 1.9762 -0.00775 -0.00241 -0.02230 0.01362 0.02214 -0.02410 0.06025 0.12244 -0.00066 -0.00377 0.11121 0.08959 0.01090 0.00300 1.79884 -0.36333
0.24375 -0.43513 2.01743 -0.29985 -0.11434 1.95795 -0.01234 -0.02726 0.04656 0.03217 -0.02373 -0.01825 0.06282 0.13290 0.00257 0.01046 0.10967 0.08428 -0.00154 -0.00531 1.54195 -0.22095
0.2415 -0.43727 2.01627 -0.29211 -0.16302 1.92266 -0.00225 -0.00214 -0.00116 0.00774 -0.04868 -0.03529 0.06077 0.15731 -0.00205 0.02441 0.10344 0.08795 -0.00623 0.00367 1.66913 -0.14025
0.2355 -0.44661 2.0329 -0.30267 -0.3062 1.84064 -0.00600 -0.00934 0.01663 -0.01056 -0.14318 -0.08202 0.06126 0.16370 0.00049 0.00639 0.11158 0.07420 0.00814 -0.01375 1.94730 0.01236
0.23409 -0.44732 2.02928 -0.31075 -0.35854 1.79845 -0.00141 -0.00071 -0.00362 -0.00808 -0.05234 -0.04219 0.06333 0.13742 0.00207 -0.02628 0.11001 0.08560 -0.00157 0.01140 1.95991 0.11567
0.22376 -0.42906 1.9438 -0.30049 -0.35818 1.71685 -0.01033 0.01826 -0.08548 0.01026 0.00036 -0.08160 0.05979 0.12956 -0.00354 -0.00786 0.09476 0.08413 -0.01525 -0.00147 1.87498 0.06978
0.23342 -0.44841 2.03166 -0.31268 -0.36764 1.79869 0.00966 -0.01935 0.08786 -0.01219 -0.00946 0.08184 0.06089 0.13212 0.00110 0.00256 0.10674 0.08138 0.01198 -0.00275 1.89692 0.06960
0.23481 -0.44859 2.04277 -0.31401 -0.35483 1.81363 0.00139 -0.00018 0.01111 -0.00133 0.01281 0.01494 0.06211 0.13647 0.00122 0.00435 0.10686 0.08133 0.00012 -0.00005 1.81686 0.07883
0.23352 -0.44476 2.04455 -0.31606 -0.34026 1.8179 -0.00129 0.00383 0.00178 -0.00205 0.01457 0.00427 0.05914 0.14383 -0.00297 0.00736 0.10273 0.07495 -0.00413 -0.00638 1.63666 0.07406
0.2342 -0.44226 2.06414 -0.32224 -0.33382 1.8445 0.00068 0.00250 0.01959 -0.00618 0.00644 0.02660 0.06543 0.14032 0.00629 -0.00351 0.11119 0.07377 0.00846 -0.00118 1.38108 0.08489
0.22397 -0.42354 2.05293 -0.32249 -0.32549 1.84226 -0.01023 0.01872 -0.01121 -0.00025 0.00833 -0.00224 0.06900 0.14175 0.00357 0.00143 0.11331 0.07426 0.00212 0.00049 1.23592 0.09520
0.21102 -0.38854 2.033 -0.32163 -0.32195 1.84217 -0.01295 0.03500 -0.01993 0.00086 0.00354 -0.00009 0.06887 0.14063 -0.00013 -0.00112 0.11583 0.07367 0.00252 -0.00059 1.32439 0.05866
0.08747 -0.07692 1.8764 -0.29505 -0.30584 1.72474 -0.12355 0.31162 -0.15660 0.02658 0.01611 -0.11743 0.02569 0.13196 -0.04318 -0.00867 0.03266 0.07560 -0.08317 0.00193 -1.72814 0.07103
0.11447 -0.05111 1.92989 -0.29752 -0.31373 1.74743 0.02700 0.02581 0.05349 -0.00247 -0.00789 0.02269 0.10199 0.13820 0.07630 0.00624 0.06347 0.06647 0.03081 -0.00913 -2.26499 0.06212
0.10484 0.01089 1.92956 -0.29415 -0.31636 1.73301 -0.00963 0.06200 -0.00033 0.00337 -0.00263 -0.01442 0.11447 0.13541 0.01248 -0.00279 0.05914 0.07193 -0.00433 0.00546 -2.26623 0.08548
0.0956 0.0643 1.93257 -0.29213 -0.31943 1.72532 -0.00924 0.05341 0.00301 0.00202 -0.00307 -0.00769 0.07528 0.13896 -0.03919 0.00355 0.05367 0.06305 -0.00547 -0.00888 -2.51238 0.06859
0.09159 0.09702 1.93146 -0.29107 -0.32163 1.71545 -0.00401 0.03272 -0.00111 0.00106 -0.00220 -0.00987 0.07968 0.13530 0.00440 -0.00366 0.05047 0.06346 -0.00320 0.00041 -2.53937 0.07261
0.05466 0.11419 1.95583 -0.29858 -0.32949 1.71768 -0.03693 0.01717 0.02437 -0.00751 -0.00786 0.00223 0.07093 0.13449 -0.00875 -0.00081 0.06598 0.07353 0.01551 0.01007 -2.61911 0.14581
0.03993 0.08946 1.9664 -0.302 -0.33284 1.72595 -0.01473 -0.02473 0.01057 -0.00342 -0.00335 0.00827 0.06673 0.13520 -0.00420 0.00071 0.04090 0.06228 -0.02508 -0.01125 -2.53338 0.11651
0.03049 0.03714 1.96802 -0.30682 -0.33409 1.72973 -0.00944 -0.05232 0.00162 -0.00482 -0.00125 0.00378 0.06512 0.13531 -0.00161 0.00011 0.06702 0.06341 0.02612 0.00113 -2.36052 0.08531
0.02705 -0.02002 1.94986 -0.30971 -0.33284 1.72536 -0.00344 -0.05716 -0.01816 -0.00289 0.00125 -0.00437 0.06827 0.13551 0.00315 0.00020 0.06259 0.06211 -0.00443 -0.00130 -2.61065 0.07568
0.02127 -0.07772 1.94836 -0.31355 -0.33123 1.72837 -0.00578 -0.05770 -0.00150 -0.00384 0.00161 0.00301 0.06342 0.13644 -0.00485 0.00093 0.07038 0.06619 0.00779 0.00408 -2.38066 0.13079
0.05415 -0.19338 1.97702 -0.32257 -0.33536 1.75976 0.03288 -0.11566 0.02866 -0.00902 -0.00413 0.03139 0.10517 0.14207 0.04175 0.00563 0.09691 0.06712 0.02653 0.00093 -2.30717 0.13222
0.04808 -0.21697 1.9708 -0.32632 -0.3323 1.76511 -0.00607 -0.02359 -0.00622 -0.00375 0.00306 0.00535 0.07616 0.13553 -0.02901 -0.00654 0.09136 0.06712 -0.00555 0.00000 -2.00191 0.11358
0.04302 -0.25386 2.01798 -0.33922 -0.33053 1.80186 -0.00506 -0.03689 0.04718 -0.01290 0.00177 0.03675 0.07145 0.14023 -0.00471 0.00470 0.12149 0.07595 0.03013 0.00883 -1.33240 0.14317
0.12017 -0.56403 1.96912 -0.34118 -0.32592 1.80472 0.07715 -0.31017 -0.04886 -0.00196 0.00461 0.00286 0.10740 0.13893 0.03595 -0.00130 0.12080 0.07224 -0.00069 -0.00371 -0.29734 0.11358
0.26621 -0.49954 2.26902 -0.38379 -0.36039 2.02611 0.14604 0.06449 0.29990 -0.04261 -0.03447 0.22139 0.16916 0.16077 0.06176 0.02184 0.10393 0.07786 -0.01687 0.00562 2.33822 0.10094
0.16103 -0.38601 1.90754 -0.34315 -0.31842 1.81235 -0.10518 0.11353 -0.36148 0.04064 0.04197 -0.21376 0.06167 0.13845 -0.10749 -0.02232 0.02682 0.06494 -0.07711 -0.01292 0.52001 0.09451
0.18185 -0.34096 1.8938 -0.34313 -0.31544 1.81788 0.02082 0.04505 -0.01374 0.00002 0.00298 0.00553 0.06151 0.14141 -0.00016 0.00296 0.04421 0.07021 0.01739 0.00527 -2.51799 0.07032
0.21089 -0.25407 1.87944 -0.33803 -0.30836 1.81155 0.02904 0.08689 -0.01436 0.00510 0.00708 -0.00633 0.06634 0.14024 0.00483 -0.00117 0.06448 0.06558 0.02027 -0.00463 -2.50473 0.07844
0.25676 -0.19876 1.95648 -0.34585 -0.31749 1.88061 0.04587 0.05531 0.07704 -0.00782 -0.00913 0.06906 0.07719 0.14875 0.01085 0.00851 0.07022 0.06931 0.00574 0.00373 -2.40199 0.05383
0.28234 -0.20756 1.95379 -0.33448 -0.3188 1.87795 0.02558 -0.00880 -0.00269 0.01137 -0.00131 -0.00266 0.07502 0.14671 -0.00217 -0.00204 0.07665 0.06871 0.00643 -0.00060 -2.69854 -0.01812
0.27465 -0.30103 1.94247 -0.33614 -0.31678 1.89226 -0.00769 -0.09347 -0.01132 -0.00166 0.00202 0.01431 0.07067 0.14983 -0.00435 0.00312 0.07258 0.07605 -0.00407 0.00734 -2.45899 0.02012
0.26679 -0.33468 1.93382 -0.33655 -0.31377 1.89094 -0.00786 -0.03365 -0.00865 -0.00041 0.00301 -0.00132 0.06921 0.14792 -0.00146 -0.00191 0.07646 0.07535 0.00388 -0.00070 -2.97712 0.03287
0.26743 -0.36645 1.99009 -0.34613 -0.31909 1.93944 0.00064 -0.03177 0.05627 -0.00958 -0.00532 0.04850 0.06490 0.15309 -0.00431 0.00517 0.07969 0.06968 0.00323 -0.00567 -2.53892 -0.00357
0.24947 -0.35399 1.91668 -0.33343 -0.30277 1.85879 -0.01796 0.01246 -0.07341 0.01270 0.01632 -0.08065 0.07068 0.14513 0.00578 -0.00796 0.10522 0.06996 0.02553 0.00028 0.71988 0.00390
0.24531 -0.34872 1.92657 -0.33533 -0.29985 1.86119 -0.00416 0.00527 0.00989 -0.00190 0.00292 0.00240 0.06791 0.14833 -0.00277 0.00320 0.12540 0.07310 0.02018 0.00314 0.68807 0.05402
0.23388 -0.33385 1.83461 -0.32023 -0.28364 1.7741 -0.01143 0.01487 -0.09196 0.01510 0.01621 -0.08709 0.07431 0.14482 0.00640 -0.00351 0.07373 0.06580 -0.05167 -0.00730 0.77707 0.03234
0.2289 -0.32715 1.8381 -0.32188 -0.28181 1.77467 -0.00498 0.00670 0.00349 -0.00165 0.00183 0.00057 0.07527 0.14155 0.00096 -0.00327 0.07691 0.07304 0.00318 0.00724 0.77126 0.05443
0.23167 -0.32858 1.95383 -0.34091 -0.29656 1.87707 0.00277 -0.00143 0.11573 -0.01903 -0.01475 0.10240 0.07121 0.14989 -0.00406 0.00834 0.11729 0.06713 0.04038 -0.00591 0.68440 0.03698
0.22475 -0.32579 1.96512 -0.34273 -0.29729 1.88754 -0.00692 0.00279 0.01129 -0.00182 -0.00073 0.01047 0.06705 0.15286 -0.00416 0.00297 0.11262 0.06737 -0.00467 0.00024 0.71460 0.02769
0.21386 -0.32246 1.96177 -0.34131 -0.29469 1.88485 -0.01089 0.00333 -0.00335 0.00142 0.00260 -0.00269 0.07090 0.14926 0.00385 -0.00360 0.11044 0.06685 -0.00218 -0.00052 0.72000 0.04339
0.20353 -0.32138 1.9651 -0.34062 -0.29571 1.89268 -0.01033 0.00108 0.00333 0.00069 -0.00102 0.00783 0.06609 0.14570 -0.00481 -0.00356 0.13503 0.07180 0.02459 0.00495 0.73353 0.03564
0.1817 -0.30703 1.84375 -0.31883 -0.27827 1.79332 -0.02183 0.01435 -0.12135 0.02179 0.01744 -0.09936 0.06850 0.13903 0.00241 -0.00667 0.09749 0.06551 -0.03754 -0.00629 0.39541 0.00779
0.16945 -0.30043 1.82754 -0.31501 -0.27732 1.79495 -0.01225 0.00660 -0.01621 0.00382 0.00095 0.00163 0.06948 0.14030 0.00098 0.00127 0.10712 0.06105 0.00963 -0.00446 0.50802 0.00941
0.16284 -0.30503 1.80034 -0.31131 -0.27644 1.79809 -0.00661 -0.00460 -0.02720 0.00370 0.00088 0.00314 0.07957 0.14247 0.01009 0.00217 0.06696 0.06411 -0.04016 0.00306 0.59524 -0.01714
0.15143 -0.29189 1.76988 -0.3071 -0.27484 1.79189 -0.01141 0.01314 -0.03046 0.00421 0.00160 -0.00620 0.07513 0.13969 -0.00444 -0.00278 0.10593 0.06601 0.03897 0.00190 0.61014 -0.04021
0.13731 -0.28745 1.68403 -0.30024 -0.2689 1.76393 -0.01412 0.00444 -0.08585 0.00686 0.00594 -0.02796 0.07452 0.13912 -0.00061 -0.00057 0.09920 0.06662 -0.00673 0.00061 0.50338 -0.02695
0.13092 -0.28936 1.67023 -0.30126 -0.26935 1.76417 -0.00639 -0.00191 -0.01380 -0.00102 -0.00045 0.00024 0.07061 0.14173 -0.00391 0.00261 0.10046 0.06506 0.00126 -0.00156 0.59591 -0.01252
0.12251 -0.29282 1.67005 -0.30345 -0.27104 1.7654 -0.00841 -0.00346 -0.00018 -0.00219 -0.00169 0.00123 0.07231 0.14205 0.00170 0.00032 0.10324 0.06302 0.00278 -0.00204 0.64853 -0.01958
0.11242 -0.29778 1.68107 -0.30564 -0.27143 1.76827 -0.01009 -0.00496 0.01102 -0.00219 -0.00039 0.00287 0.07396 0.13946 0.00165 -0.00259 0.09931 0.06502 -0.00393 0.00200 0.69484 0.01886
0.07799 -0.30131 1.72347 -0.30693 -0.27191 1.76926 -0.03443 -0.00353 0.04240 -0.00129 -0.00048 0.00099 0.06568 0.13943 -0.00828 -0.00003 0.08534 0.06270 -0.01397 -0.00232 0.70311 0.01744
0.04211 -0.30569 1.787 -0.30548 -0.27251 1.77413 -0.03588 -0.00438 0.06353 0.00145 -0.00060 0.00487 0.05927 0.14226 -0.00641 0.00283 0.10069 0.06243 0.01535 -0.00027 0.60892 -0.01903
0.03006 -0.30754 1.81793 -0.30434 -0.27203 1.77695 -0.01205 -0.00185 0.03093 0.00114 0.00048 0.00282 0.05933 0.14194 0.00006 -0.00032 0.09547 0.06235 -0.00522 -0.00008 0.97384 0.00250
0.02479 -0.30986 1.8432 -0.30334 -0.27231 1.78127 -0.00527 -0.00232 0.02527 0.00100 -0.00028 0.00432 0.06313 0.14292 0.00380 0.00098 0.09560 0.06295 0.00013 0.00060 1.21889 -0.00195
0.0207 -0.30626 1.86078 -0.30316 -0.273 1.78253 -0.00409 0.00360 0.01758 0.00018 -0.00069 0.00126 0.06796 0.14212 0.00483 -0.00080 0.09739 0.06586 0.00179 0.00291 1.22502 -0.01420
0.01233 -0.27933 1.8644 -0.30463 -0.27584 1.79218 -0.00837 0.02693 0.00362 -0.00147 -0.00284 0.00965 0.06729 0.13802 -0.00067 -0.00410 0.05481 0.06590 -0.04258 0.00004 -2.49582 0.00790
0.01946 -0.27095 1.85003 -0.30722 -0.27542 1.78867 0.00713 0.00838 -0.01437 -0.00259 0.00042 -0.00351 0.06796 0.13850 0.00067 0.00048 0.06471 0.06235 0.00990 -0.00355 -2.39205 -0.01078
0.02896 -0.26558 1.81053 -0.30705 -0.27133 1.77337 0.00950 0.00537 -0.03950 0.00017 0.00409 -0.01530 0.06751 0.14601 -0.00045 0.00751 0.05641 0.06519 -0.00830 0.00284 -2.56746 0.04703
0.0425 -0.26938 1.78527 -0.30918 -0.26985 1.77514 0.01354 -0.00380 -0.02526 -0.00213 0.00148 0.00177 0.06682 0.13774 -0.00069 -0.00827 0.05862 0.06101 0.00221 -0.00418 -2.62819 0.05595
0.0552 -0.27426 1.73 -0.31001 -0.26377 1.76414 0.01270 -0.00488 -0.05527 -0.00083 0.00608 -0.01100 0.06445 0.13817 -0.00237 0.00043 0.11247 0.05775 0.05385 -0.00326 0.51584 0.05342
0.05315 -0.28179 1.7245 -0.31137 -0.26413 1.77142 -0.00205 -0.00753 -0.00550 -0.00136 -0.00036 0.00728 0.06349 0.13767 -0.00096 -0.00050 0.11632 0.05759 0.00385 -0.00016 0.61380 0.06220
0.02876 -0.29796 1.72593 -0.31069 -0.26368 1.78 -0.02439 -0.01617 0.00143 0.00068 0.00045 0.00858 0.07242 0.13929 0.00893 0.00162 0.11728 0.06177 0.00096 0.00418 0.78211 0.01352
0.00522 -0.29955 1.7327 -0.30974 -0.26461 1.78489 -0.02354 -0.00159 0.00677 0.00095 -0.00093 0.00489 0.07299 0.13980 0.00057 0.00051 0.11402 0.06559 -0.00326 0.00382 0.84019 0.02087
-0.02666 -0.2934 1.73699 -0.3026 -0.26597 1.8059 -0.03188 0.00615 0.00429 0.00714 -0.00136 0.02101 0.06790 0.08945 -0.00509 -0.05035 0.11007 0.06084 -0.00395 -0.00475 0.82488 -0.11457
-0.00815 -0.35612 1.7641 -0.29732 -0.26626 1.80474 0.01851 -0.06272 0.02711 0.00528 -0.00029 -0.00116 0.08744 0.08397 0.01954 -0.00548 0.07138 0.06617 -0.03869 0.00533 1.09825 -0.14005
0.07636 -0.41732 1.99173 -0.30807 -0.28818 1.9481 0.08451 -0.06120 0.22763 -0.01075 -0.02192 0.14336 0.14470 0.11643 0.05726 0.03246 0.11635 0.07965 0.04497 0.01348 2.06316 0.71386
-0.10231 -0.33254 1.76718 -0.23283 -0.2776 1.78611 -0.17867 0.08478 -0.22455 0.07524 0.01058 -0.16199 0.09532 0.09779 -0.04938 -0.01864 0.03160 0.06624 -0.08475 -0.01341 -2.89214 1.51847
-0.2023 -0.28965 1.72374 -0.19074 -0.29572 1.73027 -0.09999 0.04289 -0.04344 0.04209 -0.01812 -0.05584 0.12004 0.04470 0.02472 -0.05309 0.06688 0.07503 0.03528 0.00879 -1.99938 0.80957
-0.20121 -0.28402 1.66365 -0.20638 -0.27801 1.66759 0.00109 0.00563 -0.06009 -0.01564 0.01771 -0.06268 0.10089 0.07803 -0.01915 0.03333 0.05945 0.06949 -0.00743 -0.00554 -2.02393 0.95830
-0.20126 -0.27355 1.69525 -0.27856 -0.24651 1.67706 -0.00005 0.01047 0.03160 -0.07218 0.03150 0.00947 0.12420 0.10511 0.02331 0.02708 0.07115 0.06436 0.01170 -0.00513 -1.98437 0.22516
-0.12729 -0.2761 1.63119 -0.26852 -0.22462 1.61392 0.07397 -0.00255 -0.06406 0.01004 0.02189 -0.06314 0.06688 0.10635 -0.05732 0.00124 0.05216 0.10168 -0.01899 0.03732 -2.50350 -0.59130
-0.10615 -0.28897 1.71067 -0.27827 -0.26852 1.76254 0.02114 -0.01287 0.07948 -0.00975 -0.04390 0.14862 0.06110 0.10195 -0.00578 -0.00440 0.04936 0.12834 -0.00280 0.02666 -2.25655 -2.06604
-0.07443 -0.29108 1.72279 -0.29849 -0.27449 1.77524 0.03172 -0.00211 0.01212 -0.02022 -0.00597 0.01270 0.07234 0.08702 0.01124 -0.01493 0.05721 0.04350 0.00785 -0.08484 -1.17686 -0.17730
-0.05118 -0.28965 1.74796 -0.30886 -0.27567 1.80853 0.02325 0.00143 0.02517 -0.01037 -0.00118 0.03329 0.06560 0.07416 -0.00674 -0.01286 0.06535 0.04943 0.00814 0.00593 0.03391 -0.19837
-0.03678 -0.27538 1.75037 -0.32706 -0.25873 1.78423 0.01440 0.01427 0.00241 -0.01820 0.01694 -0.02430 0.05510 0.14123 -0.01050 0.06707 0.08897 0.06848 0.02362 0.01905 0.30156 0.08532
-0.01179 -0.28317 1.76252 -0.33352 -0.2637 1.7983 0.02499 -0.00779 0.01215 -0.00646 -0.00497 0.01407 0.05537 0.14264 0.00027 0.00141 0.08232 0.06194 -0.00665 -0.00654 0.56995 0.08085
0.00475 -0.28587 1.76649 -0.33643 -0.26599 1.80192 0.01654 -0.00270 0.00397 -0.00291 -0.00229 0.00362 0.05519 0.14463 -0.00018 0.00199 0.10606 0.06535 0.02374 0.00341 0.61620 0.09685
0.0142 -0.29039 1.76582 -0.33522 -0.26989 1.80139 0.00945 -0.00452 -0.00067 0.00121 -0.00390 -0.00053 0.05419 0.14215 -0.00100 -0.00248 0.11178 0.06646 0.00572 0.00111 0.56347 0.06021
0.01619 -0.30118 1.77172 -0.32292 -0.27858 1.8006 0.00199 -0.01079 0.00590 0.01230 -0.00869 -0.00079 0.05274 0.13904 -0.00145 -0.00311 0.11430 0.06384 0.00252 -0.00262 0.71259 0.02171
0.01538 -0.30782 1.77178 -0.31461 -0.28042 1.79821 -0.00081 -0.00664 0.00006 0.00831 -0.00184 -0.00239 0.05375 0.14111 0.00101 0.00207 0.10878 0.06459 -0.00552 0.00075 0.78775 -0.00272
0.01951 -0.31225 1.76378 -0.31057 -0.28081 1.79081 0.00413 -0.00443 -0.00800 0.00404 -0.00039 -0.00740 0.05407 0.14424 0.00032 0.00313 0.10749 0.06986 -0.00129 0.00527 0.69324 0.03035
0.04167 -0.33232 1.7462 -0.30276 -0.28905 1.78862 0.02216 -0.02007 -0.01758 0.00781 -0.00824 -0.00219 0.04843 0.13996 -0.00564 -0.00428 0.08155 0.05943 -0.02594 -0.01043 0.64768 -0.03707
0.06493 -0.35235 1.7316 -0.29532 -0.29389 1.78639 0.02326 -0.02003 -0.01460 0.00744 -0.00484 -0.00223 0.04757 0.13962 -0.00086 -0.00034 0.11228 0.06527 0.03073 0.00584 0.71281 -0.04666
0.11759 -0.40346 1.69445 -0.27223 -0.31495 1.78788 0.05266 -0.05111 -0.03715 0.02309 -0.02106 0.00149 0.05571 0.12194 0.00814 -0.01768 0.08137 0.04911 -0.03091 -0.01616 1.01133 -0.16810
0.1881 -0.43156 1.52815 -0.22275 -0.33534 1.60248 0.07051 -0.02810 -0.16630 0.04948 -0.02039 -0.18540 0.08463 0.06619 0.02892 -0.05575 0.05670 0.05275 -0.02467 0.00364 2.50597 -0.23748
0.23172 -0.45089 1.50946 -0.20333 -0.36288 1.59542 0.04362 -0.01933 -0.01869 0.01942 -0.02754 -0.00706 0.07862 0.06555 -0.00601 -0.00064 0.05268 0.05275 -0.00402 0.00000 1.60360 -0.78022
0.28715 -0.48773 1.56178 -0.18998 -0.40485 1.66357 0.05543 -0.03684 0.05232 0.01335 -0.04197 0.06815 0.09163 0.08902 0.01301 0.02347 0.05857 0.04946 0.00589 -0.00329 1.47182 -0.88118
0.32296 -0.4959 1.52312 -0.1637 -0.42217 1.62654 0.03581 -0.00817 -0.03866 0.02628 -0.01732 -0.03703 0.08119 0.09368 -0.01044 0.00466 0.06073 0.04839 0.00216 -0.00107 1.70116 -0.17885
0.42782 -0.58347 1.69028 -0.13777 -0.5069 1.79601 0.10486 -0.08757 0.16716 0.02593 -0.08473 0.16947 0.09466 0.10612 0.01347 0.01244 0.06263 0.05036 0.00190 0.00197 1.95557 1.45844
0.44571 -0.588 1.66193 -0.12111 -0.51513 1.76818 0.01789 -0.00453 -0.02835 0.01666 -0.00823 -0.02783 0.09100 0.09977 -0.00366 -0.00635 0.06360 0.05556 0.00097 0.00520 1.97889 1.63930
0.46975 -0.61256 1.71033 -0.10906 -0.55105 1.79592 0.02404 -0.02456 0.04840 0.01205 -0.03592 0.02774 0.10578 0.10242 0.01478 0.00265 0.06537 0.08206 0.00177 0.02650 1.91834 2.57458
0.48475 -0.62792 1.72025 -0.09868 -0.5635 1.79962 0.01500 -0.01536 0.00992 0.01038 -0.01245 0.00370 0.11348 0.10720 0.00770 0.00478 0.05468 0.07611 -0.01069 -0.00595 0.36422 2.41507
0.45955 -0.58735 1.5811 -0.07283 -0.52372 1.65339 -0.02520 0.04057 -0.13915 0.02585 0.03978 -0.14623 0.10693 0.09768 -0.00655 -0.00952 0.08935 0.05949 0.03467 -0.01662 -2.81342 1.61552
0.50435 -0.64244 1.64916 -0.07082 -0.54701 1.72732 0.04480 -0.05509 0.06806 0.00201 -0.02329 0.07393 0.11088 0.10884 0.00395 0.01116 0.12122 0.06114 0.03187 0.00165 -2.28529 1.82920
0.51677 -0.65415 1.6581 -0.07557 -0.56104 1.72953 0.01242 -0.01171 0.00894 -0.00475 -0.01403 0.00221 0.10233 0.09834 -0.00855 -0.01050 0.11549 0.07186 -0.00573 0.01072 -2.31504 2.15845
0.52811 -0.65903 1.63576 -0.07582 -0.55799 1.72361 0.01134 -0.00488 -0.02234 -0.00025 0.00305 -0.00592 0.11413 0.10194 0.01180 0.00360 0.08147 0.07067 -0.03402 -0.00119 -1.45511 2.16409
0.52834 -0.66093 1.61262 -0.07024 -0.54669 1.70971 0.00023 -0.00190 -0.02314 0.00558 0.01130 -0.01390 0.10481 0.09850 -0.00932 -0.00344 0.07185 0.06274 -0.00962 -0.00793 -1.47999 1.62930
0.52991 -0.66292 1.61493 -0.0697 -0.54856 1.70809 0.00157 -0.00199 0.00231 0.00054 -0.00187 -0.00162 0.11107 0.09832 0.00626 -0.00018 0.09165 0.06301 0.01980 0.00027 -2.34832 1.63820
0.53388 -0.66467 1.61364 -0.06896 -0.54956 1.70714 0.00397 -0.00175 -0.00129 0.00074 -0.00100 -0.00095 0.10400 0.09345 -0.00707 -0.00487 0.08190 0.06160 -0.00975 -0.00141 -1.52828 2.00125
0.53438 -0.66366 1.61381 -0.07025 -0.5501 1.70541 0.00050 0.00101 0.00017 -0.00129 -0.00054 -0.00173 0.10923 0.10199 0.00523 0.00854 0.08382 0.06337 0.00192 0.00177 -1.56556 1.95078
0.53513 -0.66411 1.61474 -0.07013 -0.55092 1.70496 0.00075 -0.00045 0.00093 0.00012 -0.00082 -0.00045 0.11066 0.09645 0.00143 -0.00554 0.07497 0.05970 -0.00885 -0.00367 -1.47609 1.54841
0.53962 -0.66999 1.62807 -0.07389 -0.56103 1.71636 0.00449 -0.00588 0.01333 -0.00376 -0.01011 0.01140 0.11359 0.09341 0.00293 -0.00304 0.06509 0.06988 -0.00988 0.01018 -1.48458 1.89728
0.54011 -0.67023 1.62879 -0.07233 -0.56039 1.71923 0.00049 -0.00024 0.00072 0.00156 0.00064 0.00287 0.11074 0.10230 -0.00285 0.00889 0.08310 0.07025 0.01801 0.00037 -1.58007 1.85881
0.54056 -0.67024 1.62912 -0.07263 -0.55946 1.71912 0.00045 -0.00001 0.00033 -0.00030 0.00093 -0.00011 0.10788 0.09796 -0.00286 -0.00434 0.08583 0.07086 0.00273 0.00061 -1.58681 1.78785
0.54266 -0.67116 1.62706 -0.07445 -0.56269 1.71696 0.00210 -0.00092 -0.00206 -0.00182 -0.00323 -0.00216 0.10898 0.09782 0.00110 -0.00014 0.08291 0.07526 -0.00292 0.00440 -1.65028 1.88804
0.53709 -0.66457 1.61643 -0.06975 -0.55129 1.70587 -0.00557 0.00659 -0.01063 0.00470 0.01140 -0.01109 0.11610 0.09563 0.00712 -0.00219 0.07680 0.06638 -0.00611 -0.00888 -1.54892 1.70353
0.54323 -0.67136 1.62779 -0.07266 -0.56083 1.71932 0.00614 -0.00679 0.01136 -0.00291 -0.00954 0.01345 0.10713 0.09512 -0.00897 -0.00051 0.07949 0.07141 0.00269 0.00503 -1.64995 1.92899
0.53966 -0.66692 1.61839 -0.06773 -0.55289 1.70892 -0.00357 0.00444 -0.00940 0.00493 0.00794 -0.01040 0.10910 0.09935 0.00197 0.00423 0.08379 0.06299 0.00430 -0.00842 -1.53855 1.36789
0.54244 -0.67091 1.62887 -0.07367 -0.56296 1.71728 0.00278 -0.00399 0.01048 -0.00594 -0.01007 0.00836 0.11181 0.10041 0.00271 0.00106 0.08212 0.07234 -0.00167 0.00935 -1.53614 1.88675
]
