classifier_Monkey_weaves_and_bumps_into_car_21320 [ 0.68989 -0.74289 1.98054 -0.11914 -0.60986 1.91974 0.68989 -0.74289 1.98054 -0.11914 -0.60986 1.91974 0.10978 0.11379 0.10978 0.11379 0.10660 0.06218 0.10660 0.06218 -2.69146 -1.32137
0.67589 -0.72848 1.94454 -0.10159 -0.60635 1.86889 -0.01400 0.01441 -0.03600 0.01755 0.00351 -0.05085 0.10444 0.10447 -0.00534 -0.00932 0.11225 0.05377 0.00565 -0.00841 -2.76314 -1.70743
0.67482 -0.72735 1.94264 -0.10138 -0.60569 1.86868 -0.00107 0.00113 -0.00190 0.00021 0.00066 -0.00021 0.10550 0.10605 0.00106 0.00158 0.10726 0.05213 -0.00499 -0.00164 -2.74815 -1.67872
0.67672 -0.72838 1.93415 -0.10132 -0.60278 1.86194 0.00190 -0.00103 -0.00849 0.00006 0.00291 -0.00674 0.11034 0.10643 0.00484 0.00038 0.10677 0.05301 -0.00049 0.00088 -2.72218 -1.68324
0.69025 -0.74294 1.96876 -0.11467 -0.60687 1.90579 0.01353 -0.01456 0.03461 -0.01335 -0.00409 0.04385 0.11240 0.10801 0.00206 0.00158 0.08796 0.06057 -0.01881 0.00756 -2.53950 -1.32256
0.67832 -0.73097 1.94172 -0.10137 -0.6058 1.86725 -0.01193 0.01197 -0.02704 0.01330 0.00107 -0.03854 0.10240 0.10606 -0.01000 -0.00195 0.10042 0.05320 0.01246 -0.00737 -2.74441 -1.51025
0.68321 -0.73682 1.96799 -0.11257 -0.60867 1.90541 0.00489 -0.00585 0.02627 -0.01120 -0.00287 0.03816 0.10917 0.10511 0.00677 -0.00095 0.09469 0.05828 -0.00573 0.00508 -2.44461 -1.31916
0.67565 -0.7275 1.94617 -0.10688 -0.61 1.88326 -0.00756 0.00932 -0.02182 0.00569 -0.00133 -0.02215 0.10963 0.10959 0.00046 0.00448 0.12089 0.05804 0.02620 -0.00024 -2.63789 -1.34774
0.67159 -0.7127 1.92903 -0.10763 -0.60947 1.88065 -0.00406 0.01480 -0.01714 -0.00075 0.00053 -0.00261 0.12348 0.10967 0.01385 0.00008 0.13472 0.05546 0.01383 -0.00258 -2.58739 -1.53107
0.61767 -0.68137 1.95838 -0.10454 -0.60827 1.88725 -0.05392 0.03133 0.02935 0.00309 0.00120 0.00660 0.14467 0.11168 0.02119 0.00201 0.04929 0.05143 -0.08543 -0.00403 -2.53868 -1.64897
0.57948 -0.66672 1.98532 -0.10944 -0.60833 1.91449 -0.03819 0.01465 0.02694 -0.00490 -0.00006 0.02724 0.12214 0.11453 -0.02253 0.00285 0.05707 0.05444 0.00778 0.00301 -2.66833 -1.57448
0.40709 -0.60486 1.94051 -0.12857 -0.61065 1.9081 -0.17239 0.06186 -0.04481 -0.01913 -0.00232 -0.00639 0.07087 0.11469 -0.05127 0.00016 0.11659 0.05325 0.05952 -0.00119 2.54139 -1.66601
0.30772 -0.67654 1.83196 -0.12788 -0.59946 1.86889 -0.09937 -0.07168 -0.10855 0.00069 0.01119 -0.03921 0.11882 0.10015 0.04795 -0.01454 0.07615 0.09670 -0.04044 0.04345 0.82894 -1.60206
0.33714 -0.63143 2.05011 -0.155 -0.6348 1.99859 0.02942 0.04511 0.21815 -0.02712 -0.03534 0.12970 0.06919 0.11338 -0.04963 0.01323 0.09218 0.06068 0.01603 -0.03602 -0.13756 -2.05870
0.30617 -0.63542 2.0411 -0.15843 -0.63376 1.99617 -0.03097 -0.00399 -0.00901 -0.00343 0.00104 -0.00242 0.13586 0.11468 0.06667 0.00130 0.07961 0.06015 -0.01257 -0.00053 0.01479 -2.08968
0.2776 -0.64213 2.02232 -0.16105 -0.63357 1.99021 -0.02857 -0.00671 -0.01878 -0.00262 0.00019 -0.00596 0.12464 0.11449 -0.01122 -0.00019 0.05742 0.05855 -0.02219 -0.00160 0.46437 -2.02602
0.25977 -0.65433 1.98203 -0.1609 -0.62939 1.98086 -0.01783 -0.01220 -0.04029 0.00015 0.00418 -0.00935 0.12740 0.11473 0.00276 0.00024 0.07099 0.06014 0.01357 0.00159 1.01984 -1.95256
0.27231 -0.63785 1.99637 -0.16082 -0.62572 1.97399 0.01254 0.01648 0.01434 0.00008 0.00367 -0.00687 0.12375 0.11483 -0.00365 0.00010 0.06007 0.06289 -0.01092 0.00275 1.40016 -2.03886
0.22918 -0.66555 1.88422 -0.16593 -0.5955 1.94569 -0.04313 -0.02770 -0.11215 -0.00511 0.03022 -0.02830 0.12426 0.11918 0.00051 0.00435 0.06636 0.05613 0.00629 -0.00676 1.38425 -1.25570
0.28317 -0.59272 1.9797 -0.1882 -0.60116 1.87508 0.05399 0.07283 0.09548 -0.02227 -0.00566 -0.07061 0.13586 0.11551 0.01160 -0.00367 0.06969 0.07767 0.00333 0.02154 0.12817 0.00384
0.27016 -0.62691 1.97182 -0.2294 -0.45741 1.93243 -0.01301 -0.03419 -0.00788 -0.04120 0.14375 0.05735 0.12625 0.09233 -0.00961 -0.02318 0.08687 0.06400 0.01718 -0.01367 -0.65020 -0.47861
0.26285 -0.62743 1.951 -0.23618 -0.37932 1.89061 -0.00731 -0.00052 -0.02082 -0.00678 0.07809 -0.04182 0.11243 0.09120 -0.01382 -0.00113 0.07472 0.08075 -0.01215 0.01675 -0.79978 -1.51690
0.25712 -0.64495 1.91837 -0.2324 -0.27582 1.77211 -0.00573 -0.01752 -0.03263 0.00378 0.10350 -0.11850 0.09283 0.09791 -0.01960 0.00671 0.06381 0.10037 -0.01091 0.01962 -1.29308 -1.25769
0.34217 -0.49928 2.07061 -0.26917 -0.20151 1.95086 0.08505 0.14567 0.15224 -0.03677 0.07431 0.17875 0.08806 0.11535 -0.00477 0.01744 0.07870 0.10541 0.01489 0.00504 -3.06772 -1.37370
0.35393 -0.47879 2.12323 -0.28487 -0.1023 2.01441 0.01176 0.02049 0.05262 -0.01570 0.09921 0.06355 0.09108 0.12469 0.00302 0.00934 0.08405 0.05837 0.00535 -0.04704 -3.12009 -0.02615
0.33314 -0.42262 2.01077 -0.26976 0.00149 1.92028 -0.02079 0.05617 -0.11246 0.01511 0.10379 -0.09413 0.08472 0.11175 -0.00636 -0.01294 0.07934 0.05572 -0.00471 -0.00265 3.06466 -0.06504
0.31317 -0.36624 1.88863 -0.25345 0.07965 1.82264 -0.01997 0.05638 -0.12214 0.01631 0.07816 -0.09764 0.08141 0.10477 -0.00331 -0.00698 0.07664 0.08796 -0.00270 0.03224 2.81934 -0.96955
0.31334 -0.33586 1.89555 -0.25647 0.13877 1.85023 0.00017 0.03038 0.00692 -0.00302 0.05912 0.02759 0.08418 0.11109 0.00277 0.00632 0.08091 0.09383 0.00427 0.00587 2.65926 -0.60407
0.31259 -0.29909 1.89751 -0.25379 0.18635 1.86763 -0.00075 0.03677 0.00196 0.00268 0.04758 0.01740 0.08417 0.11255 -0.00001 0.00146 0.07766 0.05787 -0.00325 -0.03596 2.31981 -0.16301
0.31738 -0.25443 1.91632 -0.25642 0.20926 1.90373 0.00479 0.04466 0.01881 -0.00263 0.02291 0.03610 0.08815 0.11781 0.00398 0.00526 0.08142 0.06847 0.00376 0.01060 2.09304 -0.24313
0.30912 -0.18333 1.85721 -0.24511 0.20376 1.85993 -0.00826 0.07110 -0.05911 0.01131 -0.00550 -0.04380 0.08979 0.11451 0.00164 -0.00330 0.08896 0.07268 0.00754 0.00421 1.87500 -0.32794
0.32142 -0.01848 1.89134 -0.23268 0.13113 1.90649 0.01230 0.16485 0.03413 0.01243 -0.07263 0.04656 0.10776 0.10763 0.01797 -0.00688 0.08414 0.08109 -0.00482 0.00841 1.29383 -0.44524
0.31707 0.07753 1.91409 -0.22881 0.05315 1.92763 -0.00435 0.09601 0.02275 0.00387 -0.07798 0.02114 0.11464 0.11744 0.00688 0.00981 0.08230 0.09006 -0.00184 0.00897 1.35898 -0.67615
0.30746 0.16513 1.89524 -0.2159 -0.04492 1.90035 -0.00961 0.08760 -0.01885 0.01291 -0.09807 -0.02728 0.11020 0.11898 -0.00444 0.00154 0.08266 0.08376 0.00036 -0.00630 0.92577 0.16984
0.30597 0.2334 1.90076 -0.1847 -0.13967 1.89548 -0.00149 0.06827 0.00552 0.03120 -0.09475 -0.00487 0.10964 0.11020 -0.00056 -0.00878 0.06061 0.08868 -0.02205 0.00492 0.24117 -1.43521
0.30198 0.2796 1.93888 -0.13278 -0.28655 1.97616 -0.00399 0.04620 0.03812 0.05192 -0.14688 0.08068 0.10880 0.10341 -0.00084 -0.00679 0.09588 0.09069 0.03527 0.00201 0.72937 -1.74276
0.27412 0.22745 1.81801 -0.12586 -0.2408 1.85782 -0.02786 -0.05215 -0.12087 0.00692 0.04575 -0.11834 0.08923 0.09779 -0.01957 -0.00562 0.07912 0.08966 -0.01676 -0.00103 0.60359 -1.11324
0.29597 0.16 1.93024 -0.13546 -0.19956 1.96425 0.02185 -0.06745 0.11223 -0.00960 0.04124 0.10643 0.10440 0.10262 0.01517 0.00483 0.07617 0.12497 -0.00295 0.03531 0.39201 -1.61624
0.29917 0.0706 1.95261 -0.17402 -0.12389 1.98139 0.00320 -0.08940 0.02237 -0.03856 0.07567 0.01714 0.11176 0.12780 0.00736 0.02518 0.08996 0.10722 0.01379 -0.01775 -1.26061 -0.56467
0.29691 -0.16589 2.02452 -0.24181 0.14137 2.02631 -0.00226 -0.23649 0.07191 -0.06779 0.26526 0.04492 0.09590 0.11861 -0.01586 -0.00919 0.09976 0.08949 0.00980 -0.01773 -1.34174 -0.83663
0.2991 -0.04085 2.00321 -0.28658 0.21346 2.04654 0.00219 0.12504 -0.02131 -0.04477 0.07209 0.02023 0.11371 0.12059 0.01781 0.00198 0.10958 0.07395 0.00982 -0.01554 -1.46835 -0.37300
0.29247 0.12263 1.97598 -0.25981 0.0981 2.02168 -0.00663 0.16348 -0.02723 0.02677 -0.11536 -0.02486 0.11559 0.11853 0.00188 -0.00206 0.10341 0.08386 -0.00617 0.00991 -1.85794 -0.30133
0.28815 0.19222 1.93423 -0.23448 0.02571 1.96698 -0.00432 0.06959 -0.04175 0.02533 -0.07239 -0.05470 0.11407 0.10940 -0.00152 -0.00913 0.06427 0.09018 -0.03914 0.00632 -2.19245 -0.71562
0.28334 0.24147 1.88992 -0.2082 -0.04854 1.91312 -0.00481 0.04925 -0.04431 0.02628 -0.07425 -0.05386 0.11112 0.10241 -0.00295 -0.00699 0.06195 0.08003 -0.00232 -0.01015 -2.20373 1.60604
0.28864 0.28257 1.92056 -0.19406 -0.11045 1.94281 0.00530 0.04110 0.03064 0.01414 -0.06191 0.02969 0.10956 0.10513 -0.00156 0.00272 0.06230 0.08741 0.00035 0.00738 -2.54469 1.42992
0.29276 0.30011 1.93678 -0.18467 -0.15231 1.96723 0.00412 0.01754 0.01622 0.00939 -0.04186 0.02442 0.10935 0.10951 -0.00021 0.00438 0.06063 0.08977 -0.00167 0.00236 -2.57679 1.96696
0.29291 0.29899 1.94311 -0.17982 -0.16862 1.97931 0.00015 -0.00112 0.00633 0.00485 -0.01631 0.01208 0.10597 0.11344 -0.00338 0.00393 0.07587 0.09399 0.01524 0.00422 -2.67424 1.61414
0.28901 0.28393 1.95429 -0.17928 -0.15939 1.99478 -0.00390 -0.01506 0.01118 0.00054 0.00923 0.01547 0.09595 0.10951 -0.01002 -0.00393 0.07022 0.10050 -0.00565 0.00651 -2.63289 2.64394
0.28931 0.23511 1.95618 -0.18597 -0.12725 1.99424 0.00030 -0.04882 0.00189 -0.00669 0.03214 -0.00054 0.09567 0.11478 -0.00028 0.00527 0.06994 0.09978 -0.00028 -0.00072 -2.67970 2.97538
0.30649 0.16691 2.03728 -0.20312 -0.08107 2.07046 0.01718 -0.06820 0.08110 -0.01715 0.04618 0.07622 0.10936 0.12265 0.01369 0.00787 0.07765 0.10530 0.00771 0.00552 -2.03779 1.83670
0.2279 0.02344 1.8707 -0.21567 0.04775 1.9111 -0.07859 -0.14347 -0.16658 -0.01255 0.12882 -0.15936 0.04648 0.11852 -0.06288 -0.00413 0.05667 0.09705 -0.02098 -0.00825 -2.12314 2.16124
0.30227 -0.0897 2.10571 -0.24846 0.12663 2.11169 0.07437 -0.11314 0.23501 -0.03279 0.07888 0.20059 0.10682 0.12142 0.06034 0.00290 0.06090 0.08695 0.00423 -0.01010 -1.23691 2.98180
0.28488 -0.16956 2.03267 -0.2486 0.18839 2.02201 -0.01739 -0.07986 -0.07304 -0.00014 0.06176 -0.08968 0.09816 0.11664 -0.00866 -0.00478 0.09105 0.08533 0.03015 -0.00162 -2.58153 2.88132
0.26905 -0.28683 1.96297 -0.24599 0.28896 1.90803 -0.01583 -0.11727 -0.06970 0.00261 0.10057 -0.11398 0.09110 0.10839 -0.00706 -0.00825 0.08469 0.07671 -0.00636 -0.00862 -0.43400 2.75711
0.26142 -0.32763 1.95623 -0.25165 0.31134 1.88008 -0.00763 -0.04080 -0.00674 -0.00566 0.02238 -0.02795 0.08858 0.10862 -0.00252 0.00023 0.09098 0.07907 0.00629 0.00236 -1.20964 2.87529
0.26334 -0.35834 1.97167 -0.25674 0.33152 1.87413 0.00192 -0.03071 0.01544 -0.00509 0.02018 -0.00595 0.09120 0.10896 0.00262 0.00034 0.09206 0.08194 0.00108 0.00287 -1.12008 2.89300
0.26179 -0.38044 1.99101 -0.25715 0.35376 1.87242 -0.00155 -0.02210 0.01934 -0.00041 0.02224 -0.00171 0.09081 0.10567 -0.00039 -0.00329 0.05394 0.07725 -0.03812 -0.00469 -0.81492 2.87452
0.22448 -0.3974 1.97798 -0.25403 0.35369 1.84387 -0.03731 -0.01696 -0.01303 0.00312 -0.00007 -0.02855 0.06178 0.10392 -0.02903 -0.00175 0.11377 0.07619 0.05983 -0.00106 1.25364 2.89850
0.23021 -0.42112 2.06558 -0.26065 0.36539 1.91173 0.00573 -0.02372 0.08760 -0.00662 0.01170 0.06786 0.06987 0.10877 0.00809 0.00485 0.11635 0.07468 0.00258 -0.00151 1.79862 2.86938
0.19842 -0.44039 2.02383 -0.25128 0.34622 1.8655 -0.03179 -0.01927 -0.04175 0.00937 -0.01917 -0.04623 0.12901 0.10369 0.05914 -0.00508 0.10266 0.07479 -0.01369 0.00011 2.69057 2.82613
0.25494 -0.43401 2.14723 -0.25377 0.29951 1.918 0.05652 0.00638 0.12340 -0.00249 -0.04671 0.05250 0.09403 0.11091 -0.03498 0.00722 0.10369 0.08052 0.00103 0.00573 1.55066 2.74525
0.21834 -0.55461 2.10338 -0.23933 0.26603 1.85977 -0.03660 -0.12060 -0.04385 0.01444 -0.03348 -0.05823 0.13611 0.10694 0.04208 -0.00397 0.15200 0.07817 0.04831 -0.00235 -0.72472 2.59023
0.21871 -0.5616 2.12906 -0.22852 0.2443 1.87367 0.00037 -0.00699 0.02568 0.01081 -0.02173 0.01390 0.13674 0.09569 0.00063 -0.01125 0.15384 0.07434 0.00184 -0.00383 -0.73693 2.62785
0.21801 -0.56091 2.12653 -0.2199 0.21496 1.86385 -0.00070 0.00069 -0.00253 0.00862 -0.02934 -0.00982 0.13676 0.09438 0.00002 -0.00131 0.15216 0.07175 -0.00168 -0.00259 -0.74099 2.59820
0.21646 -0.56186 2.11099 -0.20821 0.18513 1.84738 -0.00155 -0.00095 -0.01554 0.01169 -0.02983 -0.01647 0.13377 0.09190 -0.00299 -0.00248 0.15487 0.05483 0.00271 -0.01692 -0.71674 1.96844
0.21335 -0.55496 2.08556 -0.20611 0.15003 1.82561 -0.00311 0.00690 -0.02543 0.00210 -0.03510 -0.02177 0.13032 0.10060 -0.00345 0.00870 0.15327 0.08299 -0.00160 0.02816 -0.73270 -1.29311
0.27462 -0.45327 2.19739 -0.22147 0.12866 1.93672 0.06127 0.10169 0.11183 -0.01536 -0.02137 0.11111 0.09811 0.11627 -0.03221 0.01567 0.07064 0.09717 -0.08263 0.01418 -1.25167 -1.46302
0.26833 -0.44837 2.15148 -0.20579 0.07439 1.90547 -0.00629 0.00490 -0.04591 0.01568 -0.05427 -0.03125 0.08737 0.12655 -0.01074 0.01028 0.06541 0.10144 -0.00523 0.00427 -0.88030 -1.51453
0.26425 -0.44966 2.14964 -0.20964 0.05375 1.90605 -0.00408 -0.00129 -0.00184 -0.00385 -0.02064 0.00058 0.08635 0.13132 -0.00102 0.00477 0.09423 0.09957 0.02882 -0.00187 -1.69515 -2.36329
0.26013 -0.44848 2.14342 -0.20765 0.03479 1.89812 -0.00412 0.00118 -0.00622 0.00199 -0.01896 -0.00793 0.08504 0.13287 -0.00131 0.00155 0.08652 0.10257 -0.00771 0.00300 -2.65086 -0.83137
0.25697 -0.45049 2.14104 -0.20832 0.01993 1.89639 -0.00316 -0.00201 -0.00238 -0.00067 -0.01486 -0.00173 0.08552 0.13495 0.00048 0.00208 0.08544 0.09996 -0.00108 -0.00261 -2.61923 -0.71602
0.25559 -0.45559 2.14995 -0.2132 0.00202 1.90193 -0.00138 -0.00510 0.00891 -0.00488 -0.01791 0.00554 0.08204 0.13303 -0.00348 -0.00192 0.07656 0.10326 -0.00888 0.00330 -2.01204 -0.73325
0.25455 -0.45759 2.14774 -0.21054 -0.00028 1.90002 -0.00104 -0.00200 -0.00221 0.00266 -0.00230 -0.00191 0.07236 0.13995 -0.00968 0.00692 0.09461 0.06936 0.01805 -0.03390 -1.44801 0.61251
0.25615 -0.46119 2.156 -0.21205 -0.00085 1.90519 0.00160 -0.00360 0.00826 -0.00151 -0.00057 0.00517 0.08306 0.14109 0.01070 0.00114 0.08881 0.09733 -0.00580 0.02797 2.49132 1.65545
0.25491 -0.46482 2.15907 -0.21594 0.00273 1.90601 -0.00124 -0.00363 0.00307 -0.00389 0.00358 0.00082 0.07514 0.13839 -0.00792 -0.00270 0.08321 0.10773 -0.00560 0.01040 2.21727 1.53954
0.25591 -0.46692 2.16688 -0.21725 0.00618 1.90767 0.00100 -0.00210 0.00781 -0.00131 0.00345 0.00166 0.07767 0.13995 0.00253 0.00156 0.07834 0.10356 -0.00487 -0.00417 -1.66950 1.53170
0.25527 -0.46941 2.1706 -0.2172 0.00913 1.91112 -0.00064 -0.00249 0.00372 0.00005 0.00295 0.00345 0.08004 0.13944 0.00237 -0.00051 0.07114 0.09346 -0.00720 -0.01010 2.07358 1.31026
0.25514 -0.46942 2.16948 -0.21722 0.01163 1.91158 -0.00013 -0.00001 -0.00112 -0.00002 0.00250 0.00046 0.08421 0.13929 0.00417 -0.00015 0.06824 0.08841 -0.00290 -0.00505 2.15411 1.03745
0.25263 -0.46889 2.16784 -0.2209 0.0136 1.90906 -0.00251 0.00053 -0.00164 -0.00368 0.00197 -0.00252 0.08030 0.13947 -0.00391 0.00018 0.10105 0.08412 0.03281 -0.00429 -1.32551 1.10842
0.25334 -0.46946 2.1668 -0.22019 0.01446 1.90813 0.00071 -0.00057 -0.00104 0.00071 0.00086 -0.00093 0.08106 0.13951 0.00076 0.00004 0.10032 0.07195 -0.00073 -0.01217 -1.32900 1.18940
0.25586 -0.47049 2.17193 -0.22167 0.01662 1.91077 0.00252 -0.00103 0.00513 -0.00148 0.00216 0.00264 0.08727 0.14118 0.00621 0.00167 0.07467 0.09121 -0.02565 0.01926 -1.45624 1.01809
0.25643 -0.47061 2.17491 -0.22143 0.01862 1.91153 0.00057 -0.00012 0.00298 0.00024 0.00200 0.00076 0.09070 0.14114 0.00343 -0.00004 0.07466 0.08538 -0.00001 -0.00583 -1.46133 1.00429
0.25588 -0.47117 2.17551 -0.22596 0.01893 1.91187 -0.00055 -0.00056 0.00060 -0.00453 0.00031 0.00034 0.08718 0.14048 -0.00352 -0.00066 0.10328 0.08610 0.02862 0.00072 -1.34633 1.39015
0.25495 -0.47062 2.17409 -0.22576 0.01921 1.91062 -0.00093 0.00055 -0.00142 0.00020 0.00028 -0.00125 0.08307 0.14061 -0.00411 0.00013 0.10262 0.06632 -0.00066 -0.01978 -1.36211 1.43194
0.25642 -0.4699 2.17416 -0.22627 0.0192 1.90998 0.00147 0.00072 0.00007 -0.00051 -0.00001 -0.00064 0.08277 0.13922 -0.00030 -0.00139 0.10210 0.06957 -0.00052 0.00325 -1.37076 1.54019
0.2569 -0.47194 2.17485 -0.22656 0.01908 1.91135 0.00048 -0.00204 0.00069 -0.00029 -0.00012 0.00137 0.08419 0.14130 0.00142 0.00208 0.07621 0.08663 -0.02589 0.01706 -1.49355 1.07949
0.25888 -0.47206 2.17152 -0.22687 0.01817 1.91063 0.00198 -0.00012 -0.00333 -0.00031 -0.00091 -0.00072 0.09082 0.14203 0.00663 0.00073 0.07397 0.08837 -0.00224 0.00174 -1.50815 1.03692
0.26316 -0.47533 2.17752 -0.23047 0.01677 1.91868 0.00428 -0.00327 0.00600 -0.00360 -0.00140 0.00805 0.08867 0.14199 -0.00215 -0.00004 0.10726 0.08822 0.03329 -0.00015 1.57000 0.58116
0.27072 -0.47532 2.16366 -0.23168 0.01622 1.91684 0.00756 0.00001 -0.01386 -0.00121 -0.00055 -0.00184 0.08132 0.14092 -0.00735 -0.00107 0.07441 0.10184 -0.03285 0.01362 -0.91102 1.60957
0.2773 -0.47544 2.14016 -0.23139 0.01631 1.91002 0.00658 -0.00012 -0.02350 0.00029 0.00009 -0.00682 0.07973 0.14115 -0.00159 0.00023 0.08335 0.08657 0.00894 -0.01527 -1.12019 1.64956
0.31144 -0.47083 2.18001 -0.2405 0.01515 1.95278 0.03414 0.00461 0.03985 -0.00911 -0.00116 0.04276 0.10042 0.14311 0.02069 0.00196 0.11729 0.09933 0.03394 0.01276 2.02827 1.66226
0.32579 -0.47067 2.16232 -0.24125 0.01615 1.95437 0.01435 0.00016 -0.01769 -0.00075 0.00100 0.00159 0.10300 0.14522 0.00258 0.00211 0.07733 0.09025 -0.03996 -0.00908 -3.09782 0.44907
0.29049 -0.51241 2.01718 -0.23365 0.01555 1.86076 -0.03530 -0.04174 -0.14514 0.00760 -0.00060 -0.09361 0.14766 0.13391 0.04466 -0.01131 0.09344 0.08587 0.01611 -0.00438 2.43302 1.29524
0.37546 -0.44516 2.04207 -0.23591 0.01655 1.87903 0.08497 0.06725 0.02489 -0.00226 0.00100 0.01827 0.11378 0.13729 -0.03388 0.00338 0.07773 0.07430 -0.01571 -0.01157 2.59489 2.24168
0.4792 -0.4673 2.0929 -0.24728 0.01839 1.94013 0.10374 -0.02214 0.05083 -0.01137 0.00184 0.06110 0.12331 0.13979 0.00953 0.00250 0.06798 0.08657 -0.00975 0.01227 -3.00659 2.65758
0.46415 -0.56108 1.99119 -0.23965 0.01636 1.85024 -0.01505 -0.09378 -0.10171 0.00763 -0.00203 -0.08989 0.05861 0.13173 -0.06470 -0.00806 0.06162 0.08389 -0.00636 -0.00268 2.93929 0.28172
0.49017 -0.56671 2.0084 -0.23883 0.01617 1.84263 0.02602 -0.00563 0.01721 0.00082 -0.00019 -0.00761 0.06806 0.13077 0.00945 -0.00096 0.02847 0.07685 -0.03315 -0.00704 -2.98122 0.03230
0.55748 -0.48962 2.12573 -0.25096 0.01588 1.92935 0.06731 0.07709 0.11733 -0.01213 -0.00029 0.08672 0.10520 0.13782 0.03714 0.00705 0.08036 0.06804 0.05189 -0.00881 3.12185 -2.84849
0.55813 -0.4947 2.14247 -0.25382 0.01409 1.92544 0.00065 -0.00508 0.01674 -0.00286 -0.00179 -0.00391 0.10644 0.13670 0.00124 -0.00112 0.08125 0.06823 0.00089 0.00019 2.96226 -0.11587
0.53646 -0.49741 2.18036 -0.2546 0.01257 1.92449 -0.02167 -0.00271 0.03789 -0.00078 -0.00152 -0.00095 0.11478 0.13746 0.00834 0.00076 0.07771 0.07827 -0.00354 0.01004 2.47179 -0.15027
0.52094 -0.4916 2.18836 -0.25483 0.01192 1.92358 -0.01552 0.00581 0.00800 -0.00023 -0.00065 -0.00091 0.11337 0.13915 -0.00141 0.00169 0.07795 0.07931 0.00024 0.00104 2.37669 -0.23272
0.50731 -0.47844 2.19042 -0.25787 0.0121 1.92577 -0.01363 0.01316 0.00206 -0.00304 0.00018 0.00219 0.10957 0.13629 -0.00380 -0.00286 0.07977 0.06842 0.00182 -0.01089 2.41323 -0.09564
0.49328 -0.45481 2.18352 -0.25813 0.01256 1.92917 -0.01403 0.02363 -0.00690 -0.00026 0.00046 0.00340 0.10521 0.13664 -0.00436 0.00035 0.07737 0.07498 -0.00240 0.00656 2.41248 -0.13747
0.48222 -0.41237 2.16508 -0.25913 0.01372 1.93448 -0.01106 0.04244 -0.01844 -0.00100 0.00116 0.00531 0.10027 0.13722 -0.00494 0.00058 0.08755 0.07892 0.01018 0.00394 2.22937 -0.23838
0.49217 -0.34773 2.14769 -0.26057 0.01516 1.94001 0.00995 0.06464 -0.01739 -0.00144 0.00144 0.00553 0.11424 0.13899 0.01397 0.00177 0.08773 0.06795 0.00018 -0.01097 2.18530 -0.15697
0.49648 -0.29957 2.13428 -0.26115 0.01692 1.94578 0.00431 0.04816 -0.01341 -0.00058 0.00176 0.00577 0.11258 0.13856 -0.00166 -0.00043 0.10250 0.06665 0.01477 -0.00130 2.12845 -0.22415
0.47223 -0.2486 1.98678 -0.24562 0.01703 1.82653 -0.02425 0.05097 -0.14750 0.01553 0.00011 -0.11925 0.08983 0.13045 -0.02275 -0.00811 0.09771 0.05517 -0.00479 -0.01148 2.33185 -0.21398
0.48283 -0.22779 1.98061 -0.24881 0.01811 1.8262 0.01060 0.02081 -0.00617 -0.00319 0.00108 -0.00033 0.09548 0.12900 0.00565 -0.00145 0.08888 0.06100 -0.00883 0.00583 2.23980 -0.13250
0.49703 -0.22198 1.99198 -0.25129 0.01991 1.84536 0.01420 0.00581 0.01137 -0.00248 0.00180 0.01916 0.09593 0.13110 0.00045 0.00210 0.10266 0.06262 0.01378 0.00162 2.08611 -0.15547
0.50855 -0.23029 1.99267 -0.25322 0.02027 1.85292 0.01152 -0.00831 0.00069 -0.00193 0.00036 0.00756 0.09711 0.13175 0.00118 0.00065 0.10262 0.06769 -0.00004 0.00507 2.13777 -0.27643
0.52126 -0.2491 1.97827 -0.25252 0.01997 1.84376 0.01271 -0.01881 -0.01440 0.00070 -0.00030 -0.00916 0.09057 0.13176 -0.00654 0.00001 0.10279 0.04799 0.00017 -0.01970 2.21536 -0.10564
0.54951 -0.28619 2.00998 -0.25935 0.02022 1.87125 0.02825 -0.03709 0.03171 -0.00683 0.00025 0.02749 0.09680 0.13179 0.00623 0.00003 0.09420 0.05637 -0.00859 0.00838 2.33419 -0.06403
0.56962 -0.32848 2.01988 -0.25971 0.02047 1.86923 0.02011 -0.04229 0.00990 -0.00036 0.00025 -0.00202 0.10754 0.13220 0.01074 0.00041 0.10183 0.05592 0.00763 -0.00045 2.67668 -0.08357
0.58443 -0.3757 2.04087 -0.25976 0.01945 1.8681 0.01481 -0.04722 0.02099 -0.00005 -0.00102 -0.00113 0.11703 0.13335 0.00949 0.00115 0.08619 0.09332 -0.01564 0.03740 2.82327 -3.13837
0.6057 -0.44921 2.12493 -0.27054 0.01899 1.92543 0.02127 -0.07351 0.08406 -0.01078 -0.00046 0.05733 0.12717 0.13453 0.01014 0.00118 0.09696 0.09850 0.01077 0.00518 2.84767 -2.93265
0.60829 -0.47605 2.14451 -0.27017 0.01855 1.91973 0.00259 -0.02684 0.01958 0.00037 -0.00044 -0.00570 0.12085 0.13526 -0.00632 0.00073 0.08858 0.09676 -0.00838 -0.00174 2.94855 -3.05357
0.6051 -0.48164 2.16686 -0.27023 0.01795 1.92181 -0.00319 -0.00559 0.02235 -0.00006 -0.00060 0.00208 0.11596 0.13570 -0.00489 0.00044 0.09978 0.09966 0.01120 0.00290 2.84211 -3.03081
0.59347 -0.49 2.18683 -0.27017 0.017 1.91873 -0.01163 -0.00836 0.01997 0.00006 -0.00095 -0.00308 0.11369 0.13437 -0.00227 -0.00133 0.08977 0.09618 -0.01001 -0.00348 2.96917 -3.07753
0.54497 -0.51762 2.22579 -0.27017 0.01482 1.9152 -0.04850 -0.02762 0.03896 0.00000 -0.00218 -0.00353 0.11302 0.13545 -0.00067 0.00108 0.07767 0.09769 -0.01210 0.00151 2.83033 -2.88668
0.52858 -0.51923 2.23411 -0.26917 0.01453 1.9143 -0.01639 -0.00161 0.00832 0.00100 -0.00029 -0.00090 0.11374 0.13461 0.00072 -0.00084 0.06420 0.09635 -0.01347 -0.00134 2.68395 -2.99486
0.49377 -0.49317 2.24173 -0.27021 0.01779 1.92367 -0.03481 0.02606 0.00762 -0.00104 0.00326 0.00937 0.11022 0.13307 -0.00352 -0.00154 0.07488 0.09429 0.01068 -0.00206 2.41063 -3.11495
0.48407 -0.44204 2.18429 -0.27117 0.0216 1.92677 -0.00970 0.05113 -0.05744 -0.00096 0.00381 0.00310 0.10431 0.13521 -0.00591 0.00214 0.09840 0.08916 0.02352 -0.00513 2.43368 3.07195
0.46705 -0.40845 2.14584 -0.27364 0.02359 1.93217 -0.01702 0.03359 -0.03845 -0.00247 0.00199 0.00540 0.09381 0.13755 -0.01050 0.00234 0.09977 0.09447 0.00137 0.00531 2.18291 3.06254
0.48693 -0.3259 2.10667 -0.27594 0.02601 1.9483 0.01988 0.08255 -0.03917 -0.00230 0.00242 0.01613 0.10261 0.13946 0.00880 0.00191 0.08679 0.10151 -0.01298 0.00704 2.16388 0.49335
0.43903 -0.15251 1.92231 -0.26853 0.02934 1.86706 -0.04790 0.17339 -0.18436 0.00741 0.00333 -0.08124 0.09360 0.13531 -0.00901 -0.00415 0.07824 0.09204 -0.00855 -0.00947 2.00079 0.50686
0.45945 -0.06892 1.96758 -0.27427 0.03416 1.93568 0.02042 0.08359 0.04527 -0.00574 0.00482 0.06862 0.12022 0.14074 0.02662 0.00543 0.04957 0.09588 -0.02867 0.00384 -2.73402 -2.93196
0.47339 0.00999 2.00573 -0.27926 0.03804 1.96538 0.01394 0.07891 0.03815 -0.00499 0.00388 0.02970 0.15008 0.14568 0.02986 0.00494 0.08877 0.09736 0.03920 0.00148 -2.40602 -2.92533
0.43664 0.09611 1.90219 -0.27146 0.03899 1.85302 -0.03675 0.08612 -0.10354 0.00780 0.00095 -0.11236 0.14391 0.13050 -0.00617 -0.01518 0.06618 0.08958 -0.02259 -0.00778 -2.52755 -0.44545
0.44406 0.13231 1.92237 -0.27361 0.0415 1.85995 0.00742 0.03620 0.02018 -0.00215 0.00251 0.00693 0.10523 0.13317 -0.03868 0.00267 0.06981 0.09100 0.00363 0.00142 -2.56821 -0.35710
0.44664 0.24454 2.03212 -0.28819 0.05018 1.95064 0.00258 0.11223 0.10975 -0.01458 0.00868 0.09069 0.11963 0.13983 0.01440 0.00666 0.07421 0.09642 0.00440 0.00542 -2.70434 -0.43331
0.43945 0.23907 2.00978 -0.28718 0.04953 1.9259 -0.00719 -0.00547 -0.02234 0.00101 -0.00065 -0.02474 0.11968 0.13533 0.00005 -0.00450 0.07089 0.09552 -0.00332 -0.00090 -2.64617 -0.48990
0.43439 0.22373 1.98736 -0.2841 0.04928 1.90262 -0.00506 -0.01534 -0.02242 0.00308 -0.00025 -0.02328 0.11682 0.13505 -0.00286 -0.00028 0.07197 0.09414 0.00108 -0.00138 -2.59061 -0.53448
0.47051 0.15063 2.10315 -0.29549 0.05205 2.01632 0.03612 -0.07310 0.11579 -0.01139 0.00277 0.11370 0.12971 0.14416 0.01289 0.00911 0.07312 0.09753 0.00115 0.00339 -2.41610 -1.24776
0.45778 0.12343 2.05318 -0.29399 0.04844 1.97091 -0.01273 -0.02720 -0.04997 0.00150 -0.00361 -0.04541 0.11967 0.13658 -0.01004 -0.00758 0.07397 0.09527 0.00085 -0.00226 -2.58248 -0.69851
0.46307 0.08361 2.06292 -0.29645 0.04582 1.98146 0.00529 -0.03982 0.00974 -0.00246 -0.00262 0.01055 0.11966 0.13693 -0.00001 0.00035 0.08441 0.09583 0.01044 0.00056 -2.54408 -0.64069
0.46999 -0.00805 2.06231 -0.2986 0.03891 1.97806 0.00692 -0.09166 -0.00061 -0.00215 -0.00691 -0.00340 0.13039 0.13899 0.01073 0.00206 0.08449 0.09449 0.00008 -0.00134 -2.62661 -0.89723
0.4701 -0.01427 2.05742 -0.30077 0.03482 1.97505 0.00011 -0.00622 -0.00489 -0.00217 -0.00409 -0.00301 0.11800 0.13562 -0.01239 -0.00337 0.08129 0.09664 -0.00320 0.00215 -2.80823 -0.87296
0.47277 -0.02423 2.05802 -0.3021 0.03265 1.97325 0.00267 -0.00996 0.00060 -0.00133 -0.00217 -0.00180 0.11755 0.13650 -0.00045 0.00088 0.06135 0.09519 -0.01994 -0.00145 -1.65207 -0.98360
0.48079 -0.02594 2.06087 -0.30274 0.03253 1.97072 0.00802 -0.00171 0.00285 -0.00064 -0.00012 -0.00253 0.11879 0.13569 0.00124 -0.00081 0.08463 0.07438 0.02328 -0.02081 -2.89191 2.86990
0.48166 -0.02671 2.05376 -0.30448 0.03187 1.96307 0.00087 -0.00077 -0.00711 -0.00174 -0.00066 -0.00765 0.12450 0.13946 0.00571 0.00377 0.08457 0.10099 -0.00006 0.02661 -2.89862 -0.96766
0.48265 -0.02765 2.05401 -0.30453 0.03253 1.96058 0.00099 -0.00094 0.00025 -0.00005 0.00066 -0.00249 0.12578 0.13656 0.00128 -0.00290 0.07703 0.09169 -0.00754 -0.00930 -2.81539 -0.96908
0.50121 -0.02809 2.13128 -0.3127 0.03289 2.03245 0.01856 -0.00044 0.07727 -0.00817 0.00036 0.07187 0.13216 0.14779 0.00638 0.01123 0.07410 0.08397 -0.00293 -0.00772 -2.78308 -2.99236
0.48292 -0.02791 2.05426 -0.30784 0.03119 1.95964 -0.01829 0.00018 -0.07702 0.00486 -0.00170 -0.07281 0.12863 0.13759 -0.00353 -0.01020 0.08152 0.08765 0.00742 0.00368 -2.74705 -0.74783
0.48177 -0.02691 2.05528 -0.30779 0.03171 1.96126 -0.00115 0.00100 0.00102 0.00005 0.00052 0.00162 0.12988 0.13841 0.00125 0.00082 0.08727 0.09507 0.00575 0.00742 -2.80691 -0.74540
0.47843 -0.02686 2.05321 -0.30798 0.03028 1.96247 -0.00334 0.00005 -0.00207 -0.00019 -0.00143 0.00121 0.13087 0.13931 0.00099 0.00090 0.09143 0.08835 0.00416 -0.00672 -2.64796 -0.77720
0.476 -0.02613 2.04997 -0.30817 0.03047 1.96269 -0.00243 0.00073 -0.00324 -0.00019 0.00019 0.00022 0.12898 0.13888 -0.00189 -0.00043 0.07010 0.09824 -0.02133 0.00989 -1.81728 -0.75667
0.47438 -0.02619 2.04336 -0.30829 0.03231 1.9635 -0.00162 -0.00006 -0.00661 -0.00012 0.00184 0.00081 0.13216 0.13688 0.00318 -0.00200 0.09264 0.08986 0.02254 -0.00838 -2.62286 -0.69221
0.47291 -0.02549 2.03387 -0.30768 0.03294 1.96497 -0.00147 0.00070 -0.00949 0.00061 0.00063 0.00147 0.12934 0.13869 -0.00282 0.00181 0.06670 0.10088 -0.02594 0.01102 -1.92872 -0.69086
0.47152 -0.02552 2.01749 -0.30694 0.03416 1.96431 -0.00139 -0.00003 -0.01638 0.00074 0.00122 -0.00066 0.12995 0.13530 0.00061 -0.00339 0.09237 0.09728 0.02567 -0.00360 -2.56319 -0.64945
0.47042 -0.02457 1.99688 -0.30783 0.03406 1.96388 -0.00110 0.00095 -0.02061 -0.00089 -0.00010 -0.00043 0.12926 0.13659 -0.00069 0.00129 0.09287 0.09457 0.00050 -0.00271 -2.55313 -0.63449
0.47035 -0.02634 1.96626 -0.3053 0.03512 1.95656 -0.00007 -0.00177 -0.03062 0.00253 0.00106 -0.00732 0.13068 0.13415 0.00142 -0.00244 0.08484 0.09082 -0.00803 -0.00375 -2.35931 -0.53996
0.47196 -0.03011 1.9391 -0.3039 0.03581 1.95494 0.00161 -0.00377 -0.02716 0.00140 0.00069 -0.00162 0.13286 0.13164 0.00218 -0.00251 0.08869 0.09165 0.00385 0.00083 -2.57257 -0.46307
0.47509 -0.02809 1.91641 -0.30455 0.03575 1.96132 0.00313 0.00202 -0.02269 -0.00065 -0.00006 0.00638 0.13207 0.13235 -0.00079 0.00071 0.07474 0.09016 -0.01395 -0.00149 -2.72041 -0.52311
0.47437 -0.02751 1.88146 -0.30278 0.03551 1.95445 -0.00072 0.00058 -0.03495 0.00177 -0.00024 -0.00687 0.13016 0.13007 -0.00191 -0.00228 0.09300 0.09232 0.01826 0.00216 -2.60831 -0.41885
0.47601 -0.02895 1.85685 -0.2996 0.03704 1.95632 0.00164 -0.00144 -0.02461 0.00318 0.00153 0.00187 0.13218 0.13129 0.00202 0.00122 0.09066 0.10603 -0.00234 0.01371 -2.64389 -0.52029
0.47563 -0.02655 1.83671 -0.30095 0.03737 1.96148 -0.00038 0.00240 -0.02014 -0.00135 0.00033 0.00516 0.13240 0.12961 0.00022 -0.00168 0.09503 0.09870 0.00437 -0.00733 -2.64466 -0.42642
0.47189 -0.02613 1.81582 -0.30076 0.03747 1.95961 -0.00374 0.00042 -0.02089 0.00019 0.00010 -0.00187 0.13070 0.13100 -0.00170 0.00139 0.09475 0.09724 -0.00028 -0.00146 -2.62248 -0.33475
0.43512 -0.03235 1.79952 -0.29979 0.03698 1.9471 -0.03677 -0.00622 -0.01630 0.00097 -0.00049 -0.01251 0.13433 0.13177 0.00363 0.00077 0.06871 0.09249 -0.02604 -0.00475 -1.95539 -0.24838
0.37673 -0.04072 1.87862 -0.30324 0.03839 1.96357 -0.05839 -0.00837 0.07910 -0.00345 0.00141 0.01647 0.13592 0.13612 0.00159 0.00435 0.07464 0.09548 0.00593 0.00299 -2.30526 -0.53791
0.35437 -0.04302 1.91076 -0.30514 0.03824 1.97049 -0.02236 -0.00230 0.03214 -0.00190 -0.00015 0.00692 0.13470 0.13870 -0.00122 0.00258 0.07188 0.09865 -0.00276 0.00317 -2.15178 -0.58825
0.33342 -0.04743 1.95528 -0.30802 0.03848 1.98576 -0.02095 -0.00441 0.04452 -0.00288 0.00024 0.01527 0.13362 0.13885 -0.00108 0.00015 0.07478 0.10108 0.00290 0.00243 -2.11799 -0.67703
0.30671 -0.04801 1.98566 -0.30873 0.03866 1.98755 -0.02671 -0.00058 0.03038 -0.00071 0.00018 0.00179 0.12837 0.13967 -0.00525 0.00082 0.07107 0.08897 -0.00371 -0.01211 -2.12638 -0.74167
0.28324 -0.05331 2.02081 -0.31234 0.03737 1.99452 -0.02347 -0.00530 0.03515 -0.00361 -0.00129 0.00697 0.12928 0.13987 0.00091 0.00020 0.08504 0.07720 0.01397 -0.01177 -2.04478 2.54906
0.26779 -0.05275 2.11555 -0.31739 0.03912 2.06435 -0.01545 0.00056 0.09474 -0.00505 0.00175 0.06983 0.12750 0.15436 -0.00178 0.01449 0.08106 0.08729 -0.00398 0.01009 -1.98349 -2.95424
0.25532 -0.0596 2.14383 -0.3186 0.04048 2.07795 -0.01247 -0.00685 0.02828 -0.00121 0.00136 0.01360 0.13412 0.15359 0.00662 -0.00077 0.08361 0.08906 0.00255 0.00177 -1.93543 0.09676
0.23732 -0.06177 2.06999 -0.31233 0.03845 2.00362 -0.01800 -0.00217 -0.07384 0.00627 -0.00203 -0.07433 0.13514 0.13851 0.00102 -0.01508 0.09548 0.08581 0.01187 -0.00325 1.23775 -0.92024
0.23192 -0.0608 2.06678 -0.31308 0.03726 2.00587 -0.00540 0.00097 -0.00321 -0.00075 -0.00119 0.00225 0.13685 0.13732 0.00171 -0.00119 0.09402 0.04600 -0.00146 -0.03981 1.25221 2.39164
0.22828 -0.05659 2.05069 -0.31093 0.03786 2.00517 -0.00364 0.00421 -0.01609 0.00215 0.00060 -0.00070 0.13774 0.13329 0.00089 -0.00403 0.09496 0.08813 0.00094 0.04213 1.24352 -1.06202
0.23164 -0.04992 2.09094 -0.32015 0.03923 2.06716 0.00336 0.00667 0.04025 -0.00922 0.00137 0.06199 0.13916 0.13716 0.00142 0.00387 0.10549 0.08278 0.01053 -0.00535 1.23460 -1.11523
0.22557 -0.04257 1.99021 -0.30939 0.03704 1.99714 -0.00607 0.00735 -0.10073 0.01076 -0.00219 -0.07002 0.13675 0.13459 -0.00241 -0.00257 0.10749 0.04768 0.00200 -0.03510 1.17799 2.51962
0.22358 -0.03238 1.95299 -0.30746 0.03705 1.99155 -0.00199 0.01019 -0.03722 0.00193 0.00001 -0.00559 0.13272 0.13166 -0.00403 -0.00293 0.09644 0.04720 -0.01105 -0.00048 1.16571 2.51755
0.22557 -0.02488 1.91575 -0.30643 0.03687 1.98666 0.00199 0.00750 -0.03724 0.00103 -0.00018 -0.00489 0.13192 0.13094 -0.00080 -0.00072 0.09199 0.04995 -0.00445 0.00275 1.07788 2.61014
0.22957 -0.01168 1.84525 -0.30352 0.03817 1.97498 0.00400 0.01320 -0.07050 0.00291 0.00130 -0.01168 0.12708 0.12902 -0.00484 -0.00192 0.09656 0.04676 0.00457 -0.00319 0.99726 2.62431
0.23109 -0.01156 1.81903 -0.30341 0.03853 1.96813 0.00152 0.00012 -0.02622 0.00011 0.00036 -0.00685 0.12796 0.12923 0.00088 0.00021 0.09556 0.05097 -0.00100 0.00421 0.98776 2.72537
0.22425 -0.01455 1.79822 -0.30077 0.03851 1.96231 -0.00684 -0.00299 -0.02081 0.00264 -0.00002 -0.00582 0.12428 0.13307 -0.00368 0.00384 0.09059 0.05109 -0.00497 0.00012 1.07006 2.68954
0.21541 -0.01795 1.8014 -0.30098 0.0383 1.96003 -0.00884 -0.00340 0.00318 -0.00021 -0.00021 -0.00228 0.12133 0.13274 -0.00295 -0.00033 0.09668 0.09024 0.00609 0.03915 1.10764 -0.56804
0.20358 -0.02523 1.81383 -0.30103 0.03844 1.95831 -0.01183 -0.00728 0.01243 -0.00005 0.00014 -0.00172 0.11952 0.13685 -0.00181 0.00411 0.09239 0.07394 -0.00429 -0.01630 1.13315 2.15047
0.19044 -0.03686 1.83526 -0.30125 0.03836 1.95868 -0.01314 -0.01163 0.02143 -0.00022 -0.00008 0.00037 0.12028 0.13478 0.00076 -0.00207 0.08775 0.08773 -0.00464 0.01379 1.20987 -0.60469
0.17676 -0.04887 1.85912 -0.30173 0.03641 1.9567 -0.01368 -0.01201 0.02386 -0.00048 -0.00195 -0.00198 0.12035 0.13748 0.00007 0.00270 0.08966 0.08880 0.00191 0.00107 1.16177 -0.80737
0.17008 -0.06968 1.8987 -0.30374 0.03665 1.96629 -0.00668 -0.02081 0.03958 -0.00201 0.00024 0.00959 0.13352 0.13770 0.01317 0.00022 0.08849 0.07475 -0.00117 -0.01405 1.24337 2.35476
0.15485 -0.0941 1.92056 -0.30032 0.03477 1.94434 -0.01523 -0.02442 0.02186 0.00342 -0.00188 -0.02195 0.14347 0.13732 0.00995 -0.00038 0.09899 0.07227 0.01050 -0.00248 -0.15578 2.48906
0.15131 -0.09978 1.93666 -0.3032 0.03378 1.94876 -0.00354 -0.00568 0.01610 -0.00288 -0.00099 0.00442 0.14511 0.13212 0.00164 -0.00520 0.09364 0.07371 -0.00535 0.00144 -0.14322 2.53155
0.15092 -0.10551 1.9753 -0.30883 0.03382 1.98037 -0.00039 -0.00573 0.03864 -0.00563 0.00004 0.03161 0.15118 0.13729 0.00607 0.00517 0.08928 0.07498 -0.00436 0.00127 1.58894 2.56112
0.15028 -0.10584 1.98511 -0.31093 0.03196 1.98846 -0.00064 -0.00033 0.00981 -0.00210 -0.00186 0.00809 0.15344 0.13801 0.00226 0.00072 0.09788 0.10514 0.00860 0.03016 1.44074 -0.89385
0.14627 -0.10091 1.96726 -0.30744 0.03169 1.9737 -0.00401 0.00493 -0.01785 0.00349 -0.00027 -0.01476 0.15546 0.13430 0.00202 -0.00371 0.09848 0.07579 0.00060 -0.02935 1.77258 2.52539
0.14188 -0.10073 1.95769 -0.30631 0.02871 1.96892 -0.00439 0.00018 -0.00957 0.00113 -0.00298 -0.00478 0.15631 0.13472 0.00085 0.00042 0.10416 0.09289 0.00568 0.01710 1.96864 -0.98226
0.13114 -0.10183 1.95178 -0.30409 0.02461 1.96592 -0.01074 -0.00110 -0.00591 0.00222 -0.00410 -0.00300 0.15435 0.13362 -0.00196 -0.00110 0.09255 0.09155 -0.01161 -0.00134 2.28446 -1.16530
0.11308 -0.10488 1.93885 -0.29886 0.01348 1.95429 -0.01806 -0.00305 -0.01293 0.00523 -0.01113 -0.01163 0.13212 0.12940 -0.02223 -0.00422 0.09340 0.09491 0.00085 0.00336 2.88307 -1.43844
0.0654 -0.10345 2.06636 -0.32556 -0.00455 2.09325 -0.04768 0.00143 0.12751 -0.02670 -0.01803 0.13896 0.14376 0.13434 0.01164 0.00494 0.07848 0.09919 -0.01492 0.00428 1.53988 -1.55018
-0.13711 0.0131 1.88624 -0.2021 0.04375 1.89112 -0.20251 0.11655 -0.18012 0.12346 0.04830 -0.20213 0.09801 0.10653 -0.04575 -0.02781 0.05810 0.06351 -0.02038 -0.03568 1.31603 -3.04351
-0.07773 0.03072 1.86884 -0.21744 0.07071 1.87079 0.05938 0.01762 -0.01740 -0.01534 0.02696 -0.02033 0.12000 0.10669 0.02199 0.00016 0.06944 0.06347 0.01134 -0.00004 1.07745 -2.08431
-0.07308 0.1365 1.92909 -0.31153 0.09113 1.95714 0.00465 0.10578 0.06025 -0.09409 0.02042 0.08635 0.12942 0.15413 0.00942 0.04744 0.08059 0.08737 0.01115 0.02390 0.95277 2.54404
-0.02926 0.21717 2.00109 -0.32926 0.12276 2.02382 0.04382 0.08067 0.07200 -0.01773 0.03163 0.06668 0.12878 0.15232 -0.00064 -0.00181 0.08502 0.11069 0.00443 0.02332 0.66366 -0.20587
-0.01225 0.25159 2.02329 -0.33264 0.13175 2.03987 0.01701 0.03442 0.02220 -0.00338 0.00899 0.01605 0.12169 0.15509 -0.00709 0.00277 0.16112 0.11066 0.07610 -0.00003 -2.30621 -0.34956
0.01095 0.28358 2.02784 -0.33281 0.13556 2.0375 0.02320 0.03199 0.00455 -0.00017 0.00381 -0.00237 0.11426 0.15648 -0.00743 0.00139 0.07865 0.08740 -0.08247 -0.02326 0.51328 2.71119
0.03449 0.30267 2.03045 -0.33434 0.13516 2.03528 0.02354 0.01909 0.00261 -0.00153 -0.00040 -0.00222 0.10948 0.15689 -0.00478 0.00041 0.09101 0.09544 0.01236 0.00804 0.43407 -0.57157
0.05613 0.32392 2.0344 -0.33248 0.13712 2.03461 0.02164 0.02125 0.00395 0.00186 0.00196 -0.00067 0.09741 0.15261 -0.01207 -0.00428 0.08454 0.08537 -0.00647 -0.01007 0.42815 2.54303
0.08981 0.32093 2.02546 -0.32963 0.13747 2.02536 0.03368 -0.00299 -0.00894 0.00285 0.00035 -0.00925 0.09971 0.14762 0.00230 -0.00499 0.08574 0.08315 0.00120 -0.00222 0.34296 2.52254
0.12012 0.31936 2.0281 -0.3301 0.13556 2.02862 0.03031 -0.00157 0.00264 -0.00047 -0.00191 0.00326 0.10284 0.14693 0.00313 -0.00069 0.08361 0.08017 -0.00213 -0.00298 0.36492 2.71123
0.14837 0.31667 2.02815 -0.33151 0.13051 2.0286 0.02825 -0.00269 0.00005 -0.00141 -0.00505 -0.00002 0.10104 0.14815 -0.00180 0.00122 0.08001 0.08611 -0.00360 0.00594 0.35395 -0.82273
0.25406 0.26237 2.05693 -0.34305 0.12071 2.0587 0.10569 -0.05430 0.02878 -0.01154 -0.00980 0.03010 0.12740 0.14530 0.02636 -0.00285 0.09854 0.07834 0.01853 -0.00777 0.48812 2.18183
0.26788 0.24912 1.98774 -0.33497 0.11081 1.98889 0.01382 -0.01325 -0.06919 0.00808 -0.00990 -0.06981 0.11976 0.13914 -0.00764 -0.00616 0.09325 0.07513 -0.00529 -0.00321 0.35694 2.10693
0.29386 0.237 1.98315 -0.33492 0.10501 1.98312 0.02598 -0.01212 -0.00459 0.00005 -0.00580 -0.00577 0.11923 0.14789 -0.00053 0.00875 0.09513 0.07286 0.00188 -0.00227 0.30892 -3.07368
0.32217 0.22639 1.99124 -0.34123 0.09996 1.99315 0.02831 -0.01061 0.00809 -0.00631 -0.00505 0.01003 0.11871 0.14657 -0.00052 -0.00132 0.10220 0.08482 0.00707 0.01196 0.32630 -0.94735
0.34978 0.20201 1.98334 -0.3444 0.09257 1.98569 0.02761 -0.02438 -0.00790 -0.00317 -0.00739 -0.00746 0.12149 0.14328 0.00278 -0.00329 0.09626 0.08591 -0.00594 0.00109 0.37650 -1.16485
0.37388 0.18405 1.97822 -0.34952 0.08369 1.98194 0.02410 -0.01796 -0.00512 -0.00512 -0.00888 -0.00375 0.11610 0.14807 -0.00539 0.00479 0.09056 0.07656 -0.00570 -0.00935 0.37793 2.78865
0.3968 0.15408 1.96334 -0.35062 0.07282 1.967 0.02292 -0.02997 -0.01488 -0.00110 -0.01087 -0.01494 0.11766 0.14334 0.00156 -0.00473 0.10173 0.07605 0.01117 -0.00051 0.39722 2.81994
0.42209 0.12359 1.96585 -0.35339 0.0619 1.96953 0.02529 -0.03049 0.00251 -0.00277 -0.01092 0.00253 0.11573 0.13853 -0.00193 -0.00481 0.09109 0.07802 -0.01064 0.00197 0.45325 2.55409
0.44698 0.08975 1.96024 -0.35376 0.04823 1.96695 0.02489 -0.03384 -0.00561 -0.00037 -0.01367 -0.00258 0.10736 0.14135 -0.00837 0.00282 0.09044 0.07588 -0.00065 -0.00214 0.54597 2.49471
0.47756 0.02332 1.95984 -0.35261 0.02915 1.9596 0.03058 -0.06643 -0.00040 0.00115 -0.01908 -0.00735 0.12571 0.14195 0.01835 0.00060 0.08888 0.07523 -0.00156 -0.00065 0.60908 3.06014
0.50466 -0.02379 1.94539 -0.35257 0.00851 1.95259 0.02710 -0.04711 -0.01445 0.00004 -0.02064 -0.00701 0.10737 0.13508 -0.01834 -0.00687 0.07732 0.08590 -0.01156 0.01067 0.73741 -0.83039
0.54623 -0.09424 1.98731 -0.3573 -0.01695 1.98922 0.04157 -0.07045 0.04192 -0.00473 -0.02546 0.03663 0.12680 0.14038 0.01943 0.00530 0.06846 0.07605 -0.00886 -0.00985 0.79753 -3.09613
0.60717 -0.23033 1.96975 -0.36305 -0.08587 1.98278 0.06094 -0.13609 -0.01756 -0.00575 -0.06892 -0.00644 0.09568 0.13462 -0.03112 -0.00576 0.07095 0.07875 0.00249 0.00270 0.12168 2.07910
0.65228 -0.30447 2.00778 -0.36642 -0.11974 2.0153 0.04511 -0.07414 0.03803 -0.00337 -0.03387 0.03252 0.09842 0.12889 0.00274 -0.00573 0.08119 0.07674 0.01024 -0.00201 0.06065 -2.78274
0.67018 -0.36884 1.9943 -0.36478 -0.15895 1.98805 0.01790 -0.06437 -0.01348 0.00164 -0.03921 -0.02725 0.10882 0.12484 0.01040 -0.00405 0.05580 0.08120 -0.02539 0.00446 0.30109 -3.11013
0.65812 -0.41547 1.92619 -0.34825 -0.19224 1.90139 -0.01206 -0.04663 -0.06811 0.01653 -0.03329 -0.08666 0.11241 0.10668 0.00359 -0.01816 0.07056 0.07983 0.01476 -0.00137 -1.14844 2.77338
0.72358 -0.50058 2.0434 -0.36273 -0.24705 2.01412 0.06546 -0.08511 0.11721 -0.01448 -0.05481 0.11273 0.12168 0.10454 0.00927 -0.00214 0.07146 0.08602 0.00090 0.00619 -2.06572 2.89407
0.71362 -0.60356 2.12731 -0.30801 -0.3839 2.027 -0.00996 -0.10298 0.08391 0.05472 -0.13685 0.01288 0.12957 0.11632 0.00789 0.01178 0.11672 0.07405 0.04526 -0.01197 -2.27996 3.09369
0.71999 -0.63025 2.14294 -0.28828 -0.4277 2.04747 0.00637 -0.02669 0.01563 0.01973 -0.04380 0.02047 0.15654 0.11533 0.02697 -0.00099 0.08802 0.08333 -0.02870 0.00928 -2.13376 -2.90852
0.71293 -0.64558 2.11242 -0.25911 -0.46336 2.03038 -0.00706 -0.01533 -0.03052 0.02917 -0.03566 -0.01709 0.13490 0.11316 -0.02164 -0.00217 0.09344 0.08025 0.00542 -0.00308 -2.97359 -3.13296
0.71409 -0.66697 2.12997 -0.22333 -0.50767 2.03251 0.00116 -0.02139 0.01755 0.03578 -0.04431 0.00213 0.14940 0.09088 0.01450 -0.02228 0.10785 0.07296 0.01441 -0.00729 -2.02000 -2.01254
0.68438 -0.65512 2.0335 -0.1645 -0.67861 1.86815 -0.02971 0.01185 -0.09647 0.05883 -0.17094 -0.16436 0.12424 0.10590 -0.02516 0.01502 0.09806 0.06382 -0.00979 -0.00914 -1.88437 -0.88993
0.68267 -0.70238 1.9697 -0.14192 -0.64478 1.8432 -0.00171 -0.04726 -0.06380 0.02258 0.03383 -0.02495 0.12666 0.11890 0.00242 0.01300 0.07451 0.06744 -0.02355 0.00362 -2.17650 -1.36407
0.68344 -0.705 1.96715 -0.12742 -0.64003 1.84417 0.00077 -0.00262 -0.00255 0.01450 0.00475 0.00097 0.12297 0.11912 -0.00369 0.00022 0.11867 0.06331 0.04416 -0.00413 -2.21433 -1.49145
0.68362 -0.71254 1.96567 -0.12202 -0.64113 1.83924 0.00018 -0.00754 -0.00148 0.00540 -0.00110 -0.00493 0.12604 0.11788 0.00307 -0.00124 0.07073 0.06187 -0.04794 -0.00144 -2.33640 -1.56065
0.68015 -0.71437 1.96091 -0.11549 -0.63952 1.83275 -0.00347 -0.00183 -0.00476 0.00653 0.00161 -0.00649 0.13380 0.11714 0.00776 -0.00074 0.13612 0.06456 0.06539 0.00269 -2.78225 -1.79354
0.67632 -0.71411 1.95538 -0.11185 -0.64074 1.82617 -0.00383 0.00026 -0.00553 0.00364 -0.00122 -0.00658 0.13008 0.11724 -0.00372 0.00010 0.13482 0.06405 -0.00130 -0.00051 -2.82107 -1.83040
0.67106 -0.71586 1.95427 -0.10969 -0.64185 1.82224 -0.00526 -0.00175 -0.00111 0.00216 -0.00111 -0.00393 0.12467 0.11778 -0.00541 0.00054 0.11818 0.06414 -0.01664 0.00009 -2.87152 -1.84216
0.66571 -0.72036 1.94935 -0.10614 -0.64101 1.81866 -0.00535 -0.00450 -0.00492 0.00355 0.00084 -0.00358 0.12756 0.11726 0.00289 -0.00052 0.12128 0.05761 0.00310 -0.00653 -2.84353 -1.84852
0.6709 -0.72583 1.93495 -0.10418 -0.63974 1.81131 0.00519 -0.00547 -0.01440 0.00196 0.00127 -0.00735 0.12192 0.11952 -0.00564 0.00226 0.12804 0.06044 0.00676 0.00283 -2.74455 -1.86493
0.67495 -0.7265 1.92506 -0.10319 -0.63791 1.80767 0.00405 -0.00067 -0.00989 0.00099 0.00183 -0.00364 0.10772 0.12061 -0.01420 0.00109 0.09413 0.05553 -0.03391 -0.00491 -2.78800 -1.86811
0.67807 -0.72955 1.926 -0.10089 -0.63839 1.80637 0.00312 -0.00305 0.00094 0.00230 -0.00048 -0.00130 0.12042 0.12158 0.01270 0.00097 0.10354 0.05412 0.00941 -0.00141 -2.72762 -1.88570
0.67673 -0.72853 1.92541 -0.10049 -0.63846 1.80494 -0.00134 0.00102 -0.00059 0.00040 -0.00007 -0.00143 0.09911 0.11875 -0.02131 -0.00283 0.10600 0.05755 0.00246 0.00343 -2.77235 -1.87984
0.678 -0.7273 1.92601 -0.09639 -0.63991 1.80115 0.00127 0.00123 0.00060 0.00410 -0.00145 -0.00379 0.09672 0.12241 -0.00239 0.00366 0.11582 0.05066 0.00982 -0.00689 -2.73322 -1.91839
0.67979 -0.72593 1.92394 -0.09532 -0.63991 1.8009 0.00179 0.00137 -0.00207 0.00107 0.00000 -0.00025 0.09839 0.12345 0.00167 0.00104 0.12007 0.05523 0.00425 0.00457 -2.70971 -1.93268
0.67989 -0.72654 1.92292 -0.09426 -0.64119 1.79922 0.00010 -0.00061 -0.00102 0.00106 -0.00128 -0.00168 0.09767 0.12265 -0.00072 -0.00080 0.11864 0.05285 -0.00143 -0.00238 -2.70454 -1.95975
0.67892 -0.72559 1.9245 -0.09285 -0.64124 1.79968 -0.00097 0.00095 0.00158 0.00141 -0.00005 0.00046 0.09899 0.12205 0.00132 -0.00060 0.11947 0.05440 0.00083 0.00155 -2.69868 -1.97326
0.67977 -0.72684 1.92704 -0.09275 -0.64178 1.79883 0.00085 -0.00125 0.00254 0.00010 -0.00054 -0.00085 0.09848 0.12418 -0.00051 0.00213 0.11250 0.05132 -0.00697 -0.00308 -2.72438 -1.94894
0.67883 -0.72589 1.92472 -0.09167 -0.64197 1.79814 -0.00094 0.00095 -0.00232 0.00108 -0.00019 -0.00069 0.09855 0.12401 0.00007 -0.00017 0.11444 0.04993 0.00194 -0.00139 -2.72816 -1.97644
0.67708 -0.72989 1.92406 -0.09187 -0.64169 1.79792 -0.00175 -0.00400 -0.00066 -0.00020 0.00028 -0.00022 0.09792 0.12445 -0.00063 0.00044 0.10746 0.05021 -0.00698 0.00028 -2.79535 -1.97584
0.70089 -0.75588 1.99194 -0.12477 -0.62365 1.92493 0.02381 -0.02599 0.06788 -0.03290 0.01804 0.12701 0.10141 0.11163 0.00349 -0.01282 0.11097 0.06780 0.00351 0.01759 -2.78817 -1.17400
0.67637 -0.72974 1.92449 -0.08801 -0.64269 1.79418 -0.02452 0.02614 -0.06745 0.03676 -0.01904 -0.13075 0.09905 0.12660 -0.00236 0.01497 0.10940 0.05443 -0.00157 -0.01337 -2.76204 -2.01797
0.67996 -0.72866 1.92169 -0.08885 -0.64238 1.79475 0.00359 0.00108 -0.00280 -0.00084 0.00031 0.00057 0.11579 0.12488 0.01674 -0.00172 0.12177 0.05318 0.01237 -0.00125 -2.59725 -1.99637
]
