classifier_Monkey_jumps_on_monkey_18577 [ 0.61948 -0.75615 1.85154 -0.12949 -0.65414 1.72134 0.61948 -0.75615 1.85154 -0.12949 -0.65414 1.72134 0.08769 0.06930
0.62962 -0.75877 1.83892 -0.12805 -0.65394 1.72126 0.01014 -0.00262 -0.01262 0.00144 0.00020 -0.00008 0.07997 0.07347
0.63615 -0.75899 1.82916 -0.1275 -0.65398 1.72233 0.00653 -0.00022 -0.00976 0.00055 -0.00004 0.00107 0.07733 0.06696
0.63756 -0.75863 1.83048 -0.12837 -0.65523 1.72465 0.00141 0.00036 0.00132 -0.00087 -0.00125 0.00232 0.09359 0.06779
0.63733 -0.75818 1.82955 -0.12847 -0.65507 1.72427 -0.00023 0.00045 -0.00093 -0.00010 0.00016 -0.00038 0.09151 0.07669
0.63372 -0.75511 1.82049 -0.12549 -0.64653 1.71761 -0.00361 0.00307 -0.00906 0.00298 0.00854 -0.00666 0.02794 0.06591
0.63753 -0.7586 1.83041 -0.18001 -0.60582 1.81485 0.00381 -0.00349 0.00992 -0.05452 0.04071 0.09724 0.06336 0.13107
0.63725 -0.75864 1.82884 -0.17944 -0.60474 1.81348 -0.00028 -0.00004 -0.00157 0.00057 0.00108 -0.00137 0.06149 0.06888
0.62009 -0.75696 1.85557 -0.18015 -0.60599 1.81318 -0.01716 0.00168 0.02673 -0.00071 -0.00125 -0.00030 0.08856 0.12605
0.61714 -0.75629 1.8573 -0.17914 -0.60576 1.81146 -0.00295 0.00067 0.00173 0.00101 0.00023 -0.00172 0.07586 0.12360
0.61585 -0.75595 1.85856 -0.18153 -0.6078 1.81267 -0.00129 0.00034 0.00126 -0.00239 -0.00204 0.00121 0.07890 0.07036
0.60351 -0.75175 1.87423 -0.18334 -0.6087 1.81417 -0.01234 0.00420 0.01567 -0.00181 -0.00090 0.00150 0.09401 0.11542
0.60249 -0.75176 1.87412 -0.18491 -0.60942 1.81462 -0.00102 -0.00001 -0.00011 -0.00157 -0.00072 0.00045 0.09054 0.12431
0.60184 -0.75007 1.87407 -0.18633 -0.60822 1.81368 -0.00065 0.00169 -0.00005 -0.00142 0.00120 -0.00094 0.09539 0.07145
0.63314 -0.75526 1.83357 -0.18477 -0.61266 1.80502 0.03130 -0.00519 -0.04050 0.00156 -0.00444 -0.00866 0.07956 0.09898
0.63426 -0.75171 1.83919 -0.19334 -0.60222 1.79212 0.00112 0.00355 0.00562 -0.00857 0.01044 -0.01290 0.07125 0.08694
0.6054 -0.71776 1.86681 -0.1669 -0.60702 1.69349 -0.02886 0.03395 0.02762 0.02644 -0.00480 -0.09863 0.12719 0.08770
0.63639 -0.68682 1.85731 -0.19278 -0.56029 1.7569 0.03099 0.03094 -0.00950 -0.02588 0.04673 0.06341 0.12463 0.08014
0.62111 -0.55377 1.86341 -0.27329 -0.43708 1.76729 -0.01528 0.13305 0.00610 -0.08051 0.12321 0.01039 0.09049 0.09064
0.61493 -0.51033 1.87115 -0.31591 -0.40048 1.7823 -0.00618 0.04344 0.00774 -0.04262 0.03660 0.01501 0.07829 0.06969
0.57846 -0.46615 1.73987 -0.34871 -0.34631 1.70873 -0.03647 0.04418 -0.13128 -0.03280 0.05417 -0.07357 0.09019 0.06336
0.52943 -0.42529 1.71867 -0.38776 -0.31577 1.70199 -0.04903 0.04086 -0.02120 -0.03905 0.03054 -0.00674 0.08511 0.06683
0.4916 -0.36625 1.82746 -0.46776 -0.37244 1.7954 -0.03783 0.05904 0.10879 -0.08000 -0.05667 0.09341 0.07763 0.05019
0.48997 -0.42632 1.8681 -0.53301 -0.49884 1.91457 -0.00163 -0.06007 0.04064 -0.06525 -0.12640 0.11917 0.08096 0.07059
0.51576 -0.47032 1.95939 -0.58087 -0.50217 2.04913 0.02579 -0.04400 0.09129 -0.04786 -0.00333 0.13456 0.09446 0.07885
0.51615 -0.4603 1.96962 -0.5672 -0.46877 2.08902 0.00039 0.01002 0.01023 0.01367 0.03340 0.03989 0.09985 0.06488
0.48717 -0.4007 1.99026 -0.52624 -0.4238 2.09558 -0.02898 0.05960 0.02064 0.04096 0.04497 0.00656 0.10489 0.09960
0.5672 -0.36617 2.34399 -0.57844 -0.36554 2.42389 0.08003 0.03453 0.35373 -0.05220 0.05826 0.32831 0.14534 0.09005
0.55585 -0.31477 2.3666 -0.54777 -0.31264 2.42774 -0.01135 0.05140 0.02261 0.03067 0.05290 0.00385 0.12035 0.07868
0.5479 -0.29082 2.36088 -0.53948 -0.28672 2.42142 -0.00795 0.02395 -0.00572 0.00829 0.02592 -0.00632 0.12635 0.07493
0.55607 -0.30524 2.35211 -0.55671 -0.30605 2.43163 0.00817 -0.01442 -0.00877 -0.01723 -0.01933 0.01021 0.11195 0.07904
0.51966 -0.31895 2.14505 -0.53875 -0.33091 2.24154 -0.03641 -0.01371 -0.20706 0.01796 -0.02486 -0.19009 0.13149 0.09253
0.4693 -0.33845 1.92061 -0.49527 -0.36996 2.03597 -0.05036 -0.01950 -0.22444 0.04348 -0.03905 -0.20557 0.07717 0.12596
0.47007 -0.38944 1.93682 -0.47983 -0.42895 2.06641 0.00077 -0.05099 0.01621 0.01544 -0.05899 0.03044 0.07055 0.05295
0.46973 -0.38869 1.99482 -0.46085 -0.41869 2.12393 -0.00034 0.00075 0.05800 0.01898 0.01026 0.05752 0.07304 0.09517
0.39547 -0.27203 2.03939 -0.39666 -0.19725 2.02716 -0.07426 0.11666 0.04457 0.06419 0.22144 -0.09677 0.06739 0.04981
0.41878 -0.30363 2.13806 -0.48714 -0.16902 2.096 0.02331 -0.03160 0.09867 -0.09048 0.02823 0.06884 0.07859 0.07256
0.40008 -0.29956 1.96496 -0.44097 -0.13808 1.88615 -0.01870 0.00407 -0.17310 0.04617 0.03094 -0.20985 0.07622 0.08592
0.39065 -0.30584 1.91249 -0.42039 -0.11334 1.7959 -0.00943 -0.00628 -0.05247 0.02058 0.02474 -0.09025 0.07696 0.08244
0.41287 -0.33326 2.00247 -0.42192 -0.09595 1.8433 0.02222 -0.02742 0.08998 -0.00153 0.01739 0.04740 0.06605 0.06382
0.4106 -0.34339 1.99986 -0.39736 -0.07247 1.80825 -0.00227 -0.01013 -0.00261 0.02456 0.02348 -0.03505 0.06999 0.05706
0.38935 -0.35415 1.97341 -0.32422 -0.0491 1.73484 -0.02125 -0.01076 -0.02645 0.07314 0.02337 -0.07341 0.07982 0.06022
0.38798 -0.36006 1.97603 -0.2944 -0.04828 1.71344 -0.00137 -0.00591 0.00262 0.02982 0.00082 -0.02140 0.07351 0.06096
0.40584 -0.33686 1.87045 -0.25981 -0.05585 1.60602 0.01786 0.02320 -0.10558 0.03459 -0.00757 -0.10742 0.05957 0.05953
0.38327 -0.36201 1.93189 -0.25146 -0.07566 1.64233 -0.02257 -0.02515 0.06144 0.00835 -0.01981 0.03631 0.06962 0.06025
0.37314 -0.36903 1.93922 -0.24285 -0.09023 1.63785 -0.01013 -0.00702 0.00733 0.00861 -0.01457 -0.00448 0.07557 0.06297
0.37144 -0.37615 1.95083 -0.22993 -0.10335 1.64178 -0.00170 -0.00712 0.01161 0.01292 -0.01312 0.00393 0.07651 0.06126
0.39198 -0.40119 2.0516 -0.23642 -0.11797 1.72376 0.02054 -0.02504 0.10077 -0.00649 -0.01462 0.08198 0.07807 0.06492
0.39795 -0.40915 2.05203 -0.23272 -0.12708 1.72759 0.00597 -0.00796 0.00043 0.00370 -0.00911 0.00383 0.07228 0.06367
0.41648 -0.4225 2.04015 -0.23421 -0.13962 1.72721 0.01853 -0.01335 -0.01188 -0.00149 -0.01254 -0.00038 0.07064 0.05597
0.43109 -0.41702 1.98352 -0.22036 -0.14685 1.68886 0.01461 0.00548 -0.05663 0.01385 -0.00723 -0.03835 0.06931 0.06543
0.48874 -0.45084 2.00518 -0.23244 -0.15641 1.72664 0.05765 -0.03382 0.02166 -0.01208 -0.00956 0.03778 0.06313 0.05654
0.50782 -0.46473 2.00425 -0.23393 -0.15839 1.72584 0.01908 -0.01389 -0.00093 -0.00149 -0.00198 -0.00080 0.06734 0.06361
0.51816 -0.45891 2.02385 -0.24329 -0.15746 1.72961 0.01034 0.00582 0.01960 -0.00936 0.00093 0.00377 0.07211 0.06244
0.49799 -0.4277 2.05225 -0.24284 -0.16121 1.73489 -0.02017 0.03121 0.02840 0.00045 -0.00375 0.00528 0.06972 0.05569
0.43804 -0.34474 1.97614 -0.23054 -0.1579 1.65926 -0.05995 0.08296 -0.07611 0.01230 0.00331 -0.07563 0.05122 0.06285
0.4854 -0.28781 2.1482 -0.25404 -0.17162 1.79584 0.04736 0.05693 0.17206 -0.02350 -0.01372 0.13658 0.08065 0.06141
0.46572 -0.25708 2.14606 -0.25464 -0.17424 1.79856 -0.01968 0.03073 -0.00214 -0.00060 -0.00262 0.00272 0.08333 0.06051
0.44143 -0.26644 1.95521 -0.23799 -0.16356 1.66372 -0.02429 -0.00936 -0.19085 0.01665 0.01068 -0.13484 0.06310 0.05451
0.41922 -0.29176 1.78804 -0.22416 -0.15239 1.5383 -0.02221 -0.02532 -0.16717 0.01383 0.01117 -0.12542 0.05179 0.05493
0.45591 -0.39152 1.81955 -0.22991 -0.15797 1.56585 0.03669 -0.09976 0.03151 -0.00575 -0.00558 0.02755 0.10485 0.05851
0.45025 -0.39347 1.89637 -0.23942 -0.16184 1.61169 -0.00566 -0.00195 0.07682 -0.00951 -0.00387 0.04584 0.09883 0.05574
0.52472 -0.34323 2.07234 -0.2591 -0.17547 1.73938 0.07447 0.05024 0.17597 -0.01968 -0.01363 0.12769 0.11519 0.06286
0.41048 -0.24015 1.9322 -0.25129 -0.16954 1.67293 -0.11424 0.10308 -0.14014 0.00781 0.00593 -0.06645 0.07062 0.05884
0.38032 -0.19103 1.80537 -0.23426 -0.1621 1.59392 -0.03016 0.04912 -0.12683 0.01703 0.00744 -0.07901 0.09757 0.05594
0.39946 -0.13523 1.87899 -0.24156 -0.16859 1.70582 0.01914 0.05580 0.07362 -0.00730 -0.00649 0.11190 0.10061 0.05924
0.42719 -0.12202 2.06075 -0.26569 -0.1795 1.88405 0.02773 0.01321 0.18176 -0.02413 -0.01091 0.17823 0.09392 0.06394
0.38438 -0.0936 1.92426 -0.23787 -0.16503 1.76818 -0.04281 0.02842 -0.13649 0.02782 0.01447 -0.11587 0.08248 0.05338
0.36489 -0.09225 1.91673 -0.23039 -0.16299 1.76576 -0.01949 0.00135 -0.00753 0.00748 0.00204 -0.00242 0.12538 0.06120
0.30314 -0.09415 1.69499 -0.20055 -0.1407 1.56286 -0.06175 -0.00190 -0.22174 0.02984 0.02229 -0.20290 0.08461 0.05481
0.34073 -0.12761 1.99032 -0.23497 -0.16367 1.84405 0.03759 -0.03346 0.29533 -0.03442 -0.02297 0.28119 0.11042 0.06918
0.31774 -0.13297 1.88583 -0.2208 -0.15693 1.75537 -0.02299 -0.00536 -0.10449 0.01417 0.00674 -0.08868 0.12159 0.06336
0.31329 -0.14227 1.87261 -0.21932 -0.15842 1.7533 -0.00445 -0.00930 -0.01322 0.00148 -0.00149 -0.00207 0.10369 0.06335
0.23573 -0.16699 1.75345 -0.20909 -0.15355 1.65458 -0.07756 -0.02472 -0.11916 0.01023 0.00487 -0.09872 0.05713 0.05159
0.22879 -0.16964 1.72777 -0.20369 -0.15494 1.63063 -0.00694 -0.00265 -0.02568 0.00540 -0.00139 -0.02395 0.05420 0.05264
0.2564 -0.16869 1.75065 -0.20827 -0.15743 1.65471 0.02761 0.00095 0.02288 -0.00458 -0.00249 0.02408 0.06175 0.06263
0.25938 -0.17526 1.76438 -0.20926 -0.16087 1.66327 0.00298 -0.00657 0.01373 -0.00099 -0.00344 0.00856 0.07725 0.05888
0.27399 -0.18486 1.84147 -0.22401 -0.16478 1.73817 0.01461 -0.00960 0.07709 -0.01475 -0.00391 0.07490 0.06890 0.05523
0.26709 -0.1888 1.82103 -0.22129 -0.16387 1.72309 -0.00690 -0.00394 -0.02044 0.00272 0.00091 -0.01508 0.06315 0.06669
0.25764 -0.18983 1.74972 -0.21388 -0.15697 1.65907 -0.00945 -0.00103 -0.07131 0.00741 0.00690 -0.06402 0.06811 0.06452
0.26982 -0.18729 1.76115 -0.2152 -0.15958 1.67172 0.01218 0.00254 0.01143 -0.00132 -0.00261 0.01265 0.07486 0.06232
0.27842 -0.18781 1.82503 -0.23286 -0.1635 1.73453 0.00860 -0.00052 0.06388 -0.01766 -0.00392 0.06281 0.07714 0.05989
0.25549 -0.17536 1.779 -0.21044 -0.16563 1.68754 -0.02293 0.01245 -0.04603 0.02242 -0.00213 -0.04699 0.11519 0.05591
0.21417 -0.15642 1.76162 -0.20581 -0.17055 1.67498 -0.04132 0.01894 -0.01738 0.00463 -0.00492 -0.01256 0.06504 0.05759
0.19877 -0.14207 1.73346 -0.1952 -0.17616 1.65327 -0.01540 0.01435 -0.02816 0.01061 -0.00561 -0.02171 0.06645 0.09006
0.1937 -0.12034 1.75012 -0.19626 -0.18343 1.68448 -0.00507 0.02173 0.01666 -0.00106 -0.00727 0.03121 0.05938 0.05651
0.17407 -0.10037 1.72851 -0.19043 -0.18679 1.6722 -0.01963 0.01997 -0.02161 0.00583 -0.00336 -0.01228 0.05629 0.04806
0.15579 -0.00647 1.67818 -0.17958 -0.19707 1.67236 -0.01828 0.09390 -0.05033 0.01085 -0.01028 0.00016 0.06751 0.06035
0.15165 0.0561 1.68365 -0.17734 -0.20522 1.70702 -0.00414 0.06257 0.00547 0.00224 -0.00815 0.03466 0.07797 0.04877
0.40134 0.0951 1.9344 -0.19049 -0.23999 1.94796 0.24969 0.03900 0.25075 -0.01315 -0.03477 0.24094 0.10936 0.07130
0.32753 0.18089 1.91202 -0.16757 -0.2528 1.97091 -0.07381 0.08579 -0.02238 0.02292 -0.01281 0.02295 0.09846 0.06052
0.03561 0.26099 1.69005 -0.13841 -0.22604 1.74625 -0.29192 0.08010 -0.22197 0.02916 0.02676 -0.22466 0.05127 0.06158
-0.01304 0.283 1.70597 -0.12713 -0.23092 1.76337 -0.04865 0.02201 0.01592 0.01128 -0.00488 0.01712 0.03826 0.05021
-0.10214 0.28474 1.72472 -0.12012 -0.23164 1.77138 -0.08910 0.00174 0.01875 0.00701 -0.00072 0.00801 0.08491 0.05570
-0.17778 0.25064 1.65173 -0.09408 -0.22122 1.69315 -0.07564 -0.03410 -0.07299 0.02604 0.01042 -0.07823 0.07777 0.06645
-0.195 0.22152 1.6476 -0.0849 -0.21593 1.69422 -0.01722 -0.02912 -0.00413 0.00918 0.00529 0.00107 0.07536 0.07116
-0.2464 0.18013 1.74686 -0.08041 -0.2239 1.79863 -0.05140 -0.04139 0.09926 0.00449 -0.00797 0.10441 0.05410 0.06704
-0.31408 0.10041 1.75948 -0.07217 -0.22035 1.80813 -0.06768 -0.07972 0.01262 0.00824 0.00355 0.00950 0.06064 0.06696
-0.3305 0.04025 1.83068 -0.02966 -0.23362 1.87472 -0.01642 -0.06016 0.07120 0.04251 -0.01327 0.06659 0.05522 0.06193
-0.34173 -0.11672 1.73097 0.03853 -0.0168 1.64894 -0.01123 -0.15697 -0.09971 0.06819 0.21682 -0.22578 0.05703 0.08729
-0.35906 -0.16771 1.74306 0.03149 -0.04493 1.66635 -0.01733 -0.05099 0.01209 -0.00704 -0.02813 0.01741 0.05039 0.08966
-0.35324 -0.18743 1.72772 0.03823 -0.06112 1.6545 0.00582 -0.01972 -0.01534 0.00674 -0.01619 -0.01185 0.04413 0.08940
-0.34429 -0.1776 1.73848 0.04621 -0.07115 1.66215 0.00895 0.00983 0.01076 0.00798 -0.01003 0.00765 0.04990 0.08426
-0.34249 -0.16924 1.73151 0.05289 -0.06711 1.65318 0.00180 0.00836 -0.00697 0.00668 0.00404 -0.00897 0.04526 0.11408
-0.29852 -0.11694 1.73511 0.05454 -0.06423 1.67095 0.04397 0.05230 0.00360 0.00165 0.00288 0.01777 0.06319 0.13197
-0.34015 -0.13978 1.76508 0.05242 -0.0607 1.66776 -0.04163 -0.02284 0.02997 -0.00212 0.00353 -0.00319 0.06462 0.07238
-0.34707 -0.13629 1.76931 0.05804 -0.0564 1.66787 -0.00692 0.00349 0.00423 0.00562 0.00430 0.00011 0.05741 0.10029
-0.33088 -0.11145 1.76132 0.06295 -0.05212 1.66304 0.01619 0.02484 -0.00799 0.00491 0.00428 -0.00483 0.05941 0.10281
-0.33441 -0.10893 1.75322 0.07059 -0.05238 1.65008 -0.00353 0.00252 -0.00810 0.00764 -0.00026 -0.01296 0.05216 0.08314
-0.28345 -0.05714 1.77883 0.08631 -0.05495 1.69479 0.05096 0.05179 0.02561 0.01572 -0.00257 0.04471 0.05681 0.13655
-0.30265 -0.06589 1.74296 -0.00716 -0.10644 1.67931 -0.01920 -0.00875 -0.03587 -0.09347 -0.05149 -0.01548 0.05047 0.09174
-0.29486 -0.0482 1.717 0.07802 -0.08612 1.63521 0.00779 0.01769 -0.02596 0.08518 0.02032 -0.04410 0.04446 0.10923
-0.22284 0.00067 1.73837 -0.05457 -0.18712 1.79579 0.07202 0.04887 0.02137 -0.13259 -0.10100 0.16058 0.05566 0.05823
-0.17991 0.02893 1.71993 0.16555 -0.06965 1.67691 0.04293 0.02826 -0.01844 0.22012 0.11747 -0.11888 0.05266 0.12935
0.11006 -0.02855 1.91371 0.15195 -0.05957 1.91042 0.28997 -0.05748 0.19378 -0.01360 0.01008 0.23351 0.07467 0.08237
0.10893 -8E-05 1.84583 0.00318 0.05697 1.87351 -0.00113 0.02847 -0.06788 -0.14877 0.11654 -0.03691 0.09613 0.03303
0.2526 -0.05821 2.06344 -0.20967 -0.18455 2.24249 0.14367 -0.05813 0.21761 -0.21285 -0.24152 0.36898 0.08572 0.13762
0.03017 0.09487 1.68699 -0.1742 -0.1465 1.86171 -0.22243 0.15308 -0.37645 0.03547 0.03805 -0.38078 0.05866 0.12802
0.08136 0.09909 1.72241 -0.18617 -0.14223 1.91031 0.05119 0.00422 0.03542 -0.01197 0.00427 0.04860 0.07059 0.09893
0.1502 0.07354 1.65987 -0.19242 -0.13398 1.85256 0.06884 -0.02555 -0.06254 -0.00625 0.00825 -0.05775 0.04742 0.07899
0.26457 -0.04625 1.51337 -0.18984 -0.14666 1.75805 0.11437 -0.11979 -0.14650 0.00258 -0.01268 -0.09451 0.12154 0.09382
0.39603 -0.14895 1.5541 -0.18046 -0.16656 1.76194 0.13146 -0.10270 0.04073 0.00938 -0.01990 0.00389 0.04247 0.11498
0.55754 -0.38289 1.72061 -0.19148 -0.28013 1.78774 0.16151 -0.23394 0.16651 -0.01102 -0.11357 0.02580 0.04531 0.11917
0.57588 -0.50305 1.78603 -0.17916 -0.38134 1.72182 0.01834 -0.12016 0.06542 0.01232 -0.10121 -0.06592 0.07168 0.07876
0.60399 -0.55648 1.88448 -0.17676 -0.44916 1.78352 0.02811 -0.05343 0.09845 0.00240 -0.06782 0.06170 0.08071 0.09543
0.58136 -0.59807 1.86657 -0.15457 -0.51643 1.73407 -0.02263 -0.04159 -0.01791 0.02219 -0.06727 -0.04945 0.07903 0.11871
0.57575 -0.64715 1.98928 -0.15191 -0.55288 1.80661 -0.00561 -0.04908 0.12271 0.00266 -0.03645 0.07254 0.09705 0.08598
0.61459 -0.73606 1.95781 -0.13143 -0.63 1.79787 0.03884 -0.08891 -0.03147 0.02048 -0.07712 -0.00874 0.13349 0.07580
0.56566 -0.73585 1.96359 -0.1183 -0.645 1.80388 -0.04893 0.00021 0.00578 0.01313 -0.01500 0.00601 0.08405 0.08217
0.56114 -0.74357 1.954 -0.11984 -0.63266 1.82817 -0.00452 -0.00772 -0.00959 -0.00154 0.01234 0.02429 0.07782 0.07876
0.54795 -0.74201 1.94999 -0.11866 -0.62959 1.82356 -0.01319 0.00156 -0.00401 0.00118 0.00307 -0.00461 0.08414 0.07968
0.55985 -0.74037 1.92664 -0.12033 -0.62904 1.80961 0.01190 0.00164 -0.02335 -0.00167 0.00055 -0.01395 0.08805 0.07595
0.57714 -0.74576 1.89455 -0.15689 -0.60303 1.8607 0.01729 -0.00539 -0.03209 -0.03656 0.02601 0.05109 0.09388 0.07558
0.57269 -0.74173 1.89559 -0.12092 -0.63068 1.79844 -0.00445 0.00403 0.00104 0.03597 -0.02765 -0.06226 0.10506 0.07487
0.57437 -0.73914 1.88935 -0.12067 -0.63042 1.79604 0.00168 0.00259 -0.00624 0.00025 0.00026 -0.00240 0.10828 0.07450
0.56516 -0.73406 1.90232 -0.1191 -0.63244 1.79372 -0.00921 0.00508 0.01297 0.00157 -0.00202 -0.00232 0.09640 0.07498
0.57076 -0.7313 1.89462 -0.20542 -0.63683 1.86558 0.00560 0.00276 -0.00770 -0.08632 -0.00439 0.07186 0.09352 0.04974
0.57131 -0.73341 1.89829 -0.13829 -0.63081 1.8123 0.00055 -0.00211 0.00367 0.06713 0.00602 -0.05328 0.09299 0.08142
0.59058 -0.74133 1.87212 -0.15087 -0.61522 1.83894 0.01927 -0.00792 -0.02617 -0.01258 0.01559 0.02664 0.09949 0.07207
0.60747 -0.7443 1.83767 -0.32548 -0.75958 2.01362 0.01689 -0.00297 -0.03445 -0.17461 -0.14436 0.17468 0.10236 0.04556
0.60613 -0.74688 1.84592 -0.32685 -0.76202 2.01944 -0.00134 -0.00258 0.00825 -0.00137 -0.00244 0.00582 0.09109 0.04358
0.57086 -0.71802 1.80272 -0.34277 -0.77445 1.95805 -0.03527 0.02886 -0.04320 -0.01592 -0.01243 -0.06139 0.06704 0.07285
0.59358 -0.74626 1.87235 -0.32972 -0.7674 2.02826 0.02272 -0.02824 0.06963 0.01305 0.00705 0.07021 0.07563 0.06804
0.56294 -0.74134 1.92383 -0.33665 -0.77374 2.05364 -0.03064 0.00492 0.05148 -0.00693 -0.00634 0.02538 0.08150 0.08425
0.59925 -0.75081 1.87824 -0.32421 -0.76248 2.03026 0.03631 -0.00947 -0.04559 0.01244 0.01126 -0.02338 0.07312 0.01772
0.59996 -0.75341 1.88401 -0.33735 -0.77462 2.05721 0.00071 -0.00260 0.00577 -0.01314 -0.01214 0.02695 0.08331 0.08380
]
