classifier_Car_goes_to_car_217 [ 0.5961 -0.69038 1.80824 -0.09848 -0.53488 1.68893 0.5961 -0.69038 1.80824 -0.09848 -0.53488 1.68893 0.06364 0.07020
0.5967 -0.68994 1.80938 -0.1 -0.53424 1.68845 0.00060 0.00044 0.00114 -0.00152 0.00064 -0.00048 0.07718 0.06975
0.58018 -0.66106 1.70626 -0.09593 -0.50421 1.60801 -0.01652 0.02888 -0.10312 0.00407 0.03003 -0.08044 0.09316 0.06572
0.59948 -0.68166 1.82447 -0.11227 -0.51521 1.69014 0.01930 -0.02060 0.11821 -0.01634 -0.01100 0.08213 0.11331 0.06877
0.60831 -0.68584 1.86755 -0.13537 -0.50455 1.72565 0.00883 -0.00418 0.04308 -0.02310 0.01066 0.03551 0.09934 0.13113
0.59464 -0.65046 1.75435 -0.17074 -0.32027 1.65274 -0.01367 0.03538 -0.11320 -0.03537 0.18428 -0.07291 0.12602 0.06565
0.5085 -0.53648 1.71057 -0.19393 -0.22751 1.60733 -0.08614 0.11398 -0.04378 -0.02319 0.09276 -0.04541 0.19366 0.06833
0.45456 -0.46846 1.6821 -0.25886 -0.07233 1.62575 -0.05394 0.06802 -0.02847 -0.06493 0.15518 0.01842 0.04673 0.08232
0.43348 -0.39964 1.67213 -0.29608 -0.03898 1.64191 -0.02108 0.06882 -0.00997 -0.03722 0.03335 0.01616 0.05315 0.08764
0.40783 -0.30562 1.60295 -0.30684 -0.02551 1.5916 -0.02565 0.09402 -0.06918 -0.01076 0.01347 -0.05031 0.04644 0.08461
0.39939 -0.20429 1.59604 -0.31289 -0.0426 1.58344 -0.00844 0.10133 -0.00691 -0.00605 -0.01709 -0.00816 0.05350 0.08617
0.4019 -0.10859 1.63397 -0.31264 -0.09887 1.61098 0.00251 0.09570 0.03793 0.00025 -0.05627 0.02754 0.03956 0.09050
0.38335 -0.02081 1.57916 -0.28537 -0.16834 1.53971 -0.01855 0.08778 -0.05481 0.02727 -0.06947 -0.07127 0.05637 0.06825
0.37666 0.04038 1.58131 -0.272 -0.2296 1.53839 -0.00669 0.06119 0.00215 0.01337 -0.06126 -0.00132 0.04144 0.06517
0.36854 0.07191 1.58065 -0.25887 -0.25201 1.53759 -0.00812 0.03153 -0.00066 0.01313 -0.02241 -0.00080 0.06916 0.07978
0.36372 0.06999 1.59231 -0.25787 -0.23537 1.5539 -0.00482 -0.00192 0.01166 0.00100 0.01664 0.01631 0.03942 0.06072
0.3589 0.04001 1.61807 -0.26765 -0.18403 1.58807 -0.00482 -0.02998 0.02576 -0.00978 0.05134 0.03417 0.05666 0.06615
0.34046 -0.02598 1.57384 -0.2727 -0.09977 1.5588 -0.01844 -0.06599 -0.04423 -0.00505 0.08426 -0.02927 0.07807 0.09879
0.33211 -0.10554 1.57959 -0.29246 -0.01957 1.57784 -0.00835 -0.07956 0.00575 -0.01976 0.08020 0.01904 0.06022 0.08482
0.32418 -0.17809 1.5829 -0.3159 0.04767 1.59507 -0.00793 -0.07255 0.00331 -0.02344 0.06724 0.01723 0.08343 0.09181
0.31658 -0.20835 1.60067 -0.34074 0.0886 1.63028 -0.00760 -0.03026 0.01777 -0.02484 0.04093 0.03521 0.05652 0.04305
0.31942 -0.19384 1.61348 -0.35294 0.10172 1.64101 0.00284 0.01451 0.01281 -0.01220 0.01312 0.01073 0.07114 0.02728
0.323 -0.13879 1.59319 -0.34222 0.08318 1.60382 0.00358 0.05505 -0.02029 0.01072 -0.01854 -0.03719 0.05001 0.08686
0.33802 -0.07286 1.64077 -0.33308 0.0409 1.63346 0.01502 0.06593 0.04758 0.00914 -0.04228 0.02964 0.08245 0.08873
0.33593 -0.00323 1.60162 -0.30043 -0.0402 1.57936 -0.00209 0.06963 -0.03915 0.03265 -0.08110 -0.05410 0.04329 0.07622
0.34215 0.05051 1.60063 -0.2743 -0.11433 1.56747 0.00622 0.05374 -0.00099 0.02613 -0.07413 -0.01189 0.02444 0.07265
0.3561 0.09502 1.65104 -0.26255 -0.17791 1.61819 0.01395 0.04451 0.05041 0.01175 -0.06358 0.05072 0.04946 0.07590
0.35684 0.11643 1.65543 -0.24785 -0.20707 1.6286 0.00074 0.02141 0.00439 0.01470 -0.02916 0.01041 0.06348 0.07589
0.35609 0.11422 1.65899 -0.24297 -0.20819 1.63648 -0.00075 -0.00221 0.00356 0.00488 -0.00112 0.00788 0.03382 0.06757
0.34215 0.04538 1.64173 -0.25073 -0.1536 1.61567 -0.01394 -0.06884 -0.01726 -0.00776 0.05459 -0.02081 0.04700 0.07763
0.32467 -0.07804 1.60985 -0.26168 -0.06377 1.55912 -0.01748 -0.12342 -0.03188 -0.01095 0.08983 -0.05655 0.06769 0.08688
0.31451 -0.12762 1.61845 -0.27098 -0.02631 1.55898 -0.01016 -0.04958 0.00860 -0.00930 0.03746 -0.00014 0.08015 0.08696
0.32173 -0.17077 1.66798 -0.2804 0.00838 1.59087 0.00722 -0.04315 0.04953 -0.00942 0.03469 0.03189 0.08372 0.06241
0.3038 -0.18332 1.61577 -0.2686 0.04127 1.53447 -0.01793 -0.01255 -0.05221 0.01180 0.03289 -0.05640 0.07904 0.06279
0.3003 -0.19256 1.62439 -0.26704 0.06737 1.53672 -0.00350 -0.00924 0.00862 0.00156 0.02610 0.00225 0.06452 0.09159
0.30209 -0.19841 1.64922 -0.26413 0.09145 1.55268 0.00179 -0.00585 0.02483 0.00291 0.02408 0.01596 0.06439 0.07470
0.3002 -0.19938 1.64349 -0.25896 0.10459 1.53636 -0.00189 -0.00097 -0.00573 0.00517 0.01314 -0.01632 0.04581 0.08789
0.30596 -0.20445 1.67009 -0.26213 0.1092 1.54706 0.00576 -0.00507 0.02660 -0.00317 0.00461 0.01070 0.07306 0.08101
0.29468 -0.19953 1.60947 -0.2536 0.10092 1.47559 -0.01128 0.00492 -0.06062 0.00853 -0.00828 -0.07147 0.07121 0.04082
0.29798 -0.20388 1.6137 -0.2535 0.09369 1.46527 0.00330 -0.00435 0.00423 0.00010 -0.00723 -0.01032 0.07598 0.06890
0.30056 -0.20767 1.61358 -0.25273 0.08601 1.46047 0.00258 -0.00379 -0.00012 0.00077 -0.00768 -0.00480 0.07270 0.07249
0.30175 -0.20914 1.61153 -0.25195 0.07933 1.456 0.00119 -0.00147 -0.00205 0.00078 -0.00668 -0.00447 0.06924 0.07191
0.306 -0.21085 1.61915 -0.2532 0.07513 1.46239 0.00425 -0.00171 0.00762 -0.00125 -0.00420 0.00639 0.06540 0.06727
0.30693 -0.20618 1.61296 -0.25343 0.07197 1.45434 0.00093 0.00467 -0.00619 -0.00023 -0.00316 -0.00805 0.07125 0.07619
0.30542 -0.20374 1.6047 -0.25305 0.07067 1.44706 -0.00151 0.00244 -0.00826 0.00038 -0.00130 -0.00728 0.07013 0.07284
0.30652 -0.20216 1.60229 -0.25541 0.07067 1.44412 0.00110 0.00158 -0.00241 -0.00236 0.00000 -0.00294 0.06669 0.07351
0.30742 -0.20333 1.60707 -0.258 0.07216 1.44893 0.00090 -0.00117 0.00478 -0.00259 0.00149 0.00481 0.06919 0.08309
0.30699 -0.20307 1.60555 -0.25869 0.07129 1.4493 -0.00043 0.00026 -0.00152 -0.00069 -0.00087 0.00037 0.07097 0.07486
0.30751 -0.20311 1.60394 -0.26101 0.07124 1.44952 0.00052 -0.00004 -0.00161 -0.00232 -0.00005 0.00022 0.07070 0.07560
0.30736 -0.20308 1.6066 -0.26274 0.07269 1.45428 -0.00015 0.00003 0.00266 -0.00173 0.00145 0.00476 0.06748 0.07669
0.30849 -0.2034 1.59786 -0.26381 0.07151 1.45081 0.00113 -0.00032 -0.00874 -0.00107 -0.00118 -0.00347 0.04877 0.08449
0.30988 -0.20091 1.58753 -0.26411 0.06942 1.45031 0.00139 0.00249 -0.01033 -0.00030 -0.00209 -0.00050 0.04874 0.06977
0.31439 -0.18644 1.56668 -0.26175 0.06954 1.44917 0.00451 0.01447 -0.02085 0.00236 0.00012 -0.00114 0.06273 0.07006
0.35784 -0.0017 1.61 -0.2781 0.07034 1.5661 0.04345 0.18474 0.04332 -0.01635 0.00080 0.11693 0.04852 0.06776
0.35564 0.08794 1.61354 -0.28002 0.07063 1.57955 -0.00220 0.08964 0.00354 -0.00192 0.00029 0.01345 0.05459 0.08152
0.33942 0.15135 1.56875 -0.2719 0.06716 1.52914 -0.01622 0.06341 -0.04479 0.00812 -0.00347 -0.05041 0.03619 0.07365
0.34281 0.1922 1.62039 -0.28064 0.06945 1.57244 0.00339 0.04085 0.05164 -0.00874 0.00229 0.04330 0.04877 0.07610
0.31933 0.18352 1.53988 -0.26766 0.0685 1.49077 -0.02348 -0.00868 -0.08051 0.01298 -0.00095 -0.08167 0.04504 0.07989
0.31596 0.15287 1.53321 -0.2724 0.06942 1.4914 -0.00337 -0.03065 -0.00667 -0.00474 0.00092 0.00063 0.08336 0.04730
0.31875 0.09123 1.5409 -0.27869 0.07174 1.51026 0.00279 -0.06164 0.00769 -0.00629 0.00232 0.01886 0.07818 0.07906
0.32776 0.00738 1.59505 -0.29292 0.07634 1.57693 0.00901 -0.08385 0.05415 -0.01423 0.00460 0.06667 0.07802 0.07935
0.321 -0.07464 1.60361 -0.29758 0.07722 1.58797 -0.00676 -0.08202 0.00856 -0.00466 0.00088 0.01104 0.05642 0.07687
0.31005 -0.10866 1.5864 -0.29697 0.07379 1.56705 -0.01095 -0.03402 -0.01721 0.00061 -0.00343 -0.02092 0.05080 0.08463
0.32122 -0.08132 1.58597 -0.29693 0.06925 1.55822 0.01117 0.02734 -0.00043 0.00004 -0.00454 -0.00883 0.04481 0.07781
0.33064 -0.00486 1.55114 -0.287 0.06342 1.51073 0.00942 0.07646 -0.03483 0.00993 -0.00583 -0.04749 0.06166 0.07696
0.34341 0.07703 1.53711 -0.28144 0.06042 1.48264 0.01277 0.08189 -0.01403 0.00556 -0.00300 -0.02809 0.05336 0.04404
0.36218 0.14207 1.55174 -0.28134 0.05809 1.47776 0.01877 0.06504 0.01463 0.00010 -0.00233 -0.00488 0.05023 0.06003
0.36873 0.18222 1.55969 -0.27826 0.05672 1.47487 0.00655 0.04015 0.00795 0.00308 -0.00137 -0.00289 0.05437 0.08096
0.36969 0.19062 1.56376 -0.28083 0.05478 1.48364 0.00096 0.00840 0.00407 -0.00257 -0.00194 0.00877 0.05714 0.08111
0.36379 0.15725 1.55143 -0.28178 0.05337 1.48598 -0.00590 -0.03337 -0.01233 -0.00095 -0.00141 0.00234 0.05360 0.07154
0.35787 0.09361 1.55182 -0.29041 0.05274 1.50736 -0.00592 -0.06364 0.00039 -0.00863 -0.00063 0.02138 0.05906 0.07566
0.36373 0.00786 1.58353 -0.30162 0.05279 1.55045 0.00586 -0.08575 0.03171 -0.01121 0.00005 0.04309 0.06616 0.09369
0.36099 -0.09502 1.56772 -0.30268 0.04762 1.53079 -0.00274 -0.10288 -0.01581 -0.00106 -0.00517 -0.01966 0.09925 0.08325
0.37165 -0.09408 1.58169 -0.30716 0.04638 1.53014 0.01066 0.00094 0.01397 -0.00448 -0.00124 -0.00065 0.07642 0.08467
0.373 -0.06556 1.5668 -0.30162 0.04539 1.49799 0.00135 0.02852 -0.01489 0.00554 -0.00099 -0.03215 0.09179 0.08646
0.38938 -0.03212 1.55227 -0.29987 0.04399 1.47771 0.01638 0.03344 -0.01453 0.00175 -0.00140 -0.02028 0.08789 0.06959
0.40521 0.00026 1.57088 -0.30076 0.04665 1.49436 0.01583 0.03238 0.01861 -0.00089 0.00266 0.01665 0.10374 0.04310
0.41449 0.02496 1.56892 -0.30047 0.04721 1.49589 0.00928 0.02470 -0.00196 0.00029 0.00056 0.00153 0.09701 0.07156
0.41996 0.03561 1.56042 -0.2982 0.04817 1.49374 0.00547 0.01065 -0.00850 0.00227 0.00096 -0.00215 0.07627 0.07114
0.4224 0.03495 1.55042 -0.29637 0.04858 1.48816 0.00244 -0.00066 -0.01000 0.00183 0.00041 -0.00558 0.08634 0.08776
0.42521 0.02872 1.5469 -0.29569 0.04769 1.48681 0.00281 -0.00623 -0.00352 0.00068 -0.00089 -0.00135 0.09387 0.08175
0.42269 0.02249 1.54951 -0.29641 0.04628 1.48906 -0.00252 -0.00623 0.00261 -0.00072 -0.00141 0.00225 0.08770 0.07832
0.4204 0.01814 1.54408 -0.29576 0.0437 1.48294 -0.00229 -0.00435 -0.00543 0.00065 -0.00258 -0.00612 0.09783 0.08759
0.41856 0.01583 1.54225 -0.2938 0.04166 1.47998 -0.00184 -0.00231 -0.00183 0.00196 -0.00204 -0.00296 0.09994 0.08442
0.41743 0.01685 1.54428 -0.29547 0.03993 1.47825 -0.00113 0.00102 0.00203 -0.00167 -0.00173 -0.00173 0.10051 0.07559
0.42079 0.01846 1.5483 -0.29564 0.04266 1.4822 0.00336 0.00161 0.00402 -0.00017 0.00273 0.00395 0.10952 0.07241
0.41936 0.01949 1.54594 -0.29588 0.04511 1.48111 -0.00143 0.00103 -0.00236 -0.00024 0.00245 -0.00109 0.08649 0.08294
0.42145 0.01998 1.55005 -0.29739 0.04764 1.48418 0.00209 0.00049 0.00411 -0.00151 0.00253 0.00307 0.09881 0.07937
0.42179 0.02047 1.54986 -0.29596 0.0492 1.48456 0.00034 0.00049 -0.00019 0.00143 0.00156 0.00038 0.09747 0.08525
0.42066 0.01986 1.54919 -0.29414 0.05012 1.48468 -0.00113 -0.00061 -0.00067 0.00182 0.00092 0.00012 0.10706 0.07380
0.42069 0.01884 1.55014 -0.29404 0.04959 1.48563 0.00003 -0.00102 0.00095 0.00010 -0.00053 0.00095 0.08135 0.07128
0.42086 0.01837 1.54981 -0.29366 0.04949 1.48608 0.00017 -0.00047 -0.00033 0.00038 -0.00010 0.00045 0.10529 0.07309
0.42207 0.01759 1.55335 -0.29363 0.0494 1.48728 0.00121 -0.00078 0.00354 0.00003 -0.00009 0.00120 0.09078 0.07369
0.42224 0.01716 1.55536 -0.29414 0.04905 1.48946 0.00017 -0.00043 0.00201 -0.00051 -0.00035 0.00218 0.11117 0.07319
0.4211 0.01763 1.55546 -0.29448 0.04856 1.49058 -0.00114 0.00047 0.00010 -0.00034 -0.00049 0.00112 0.10062 0.07180
0.41902 0.01675 1.55387 -0.29456 0.0484 1.49161 -0.00208 -0.00088 -0.00159 -0.00008 -0.00016 0.00103 0.07941 0.07520
0.41131 0.01639 1.54078 -0.29303 0.04803 1.48174 -0.00771 -0.00036 -0.01309 0.00153 -0.00037 -0.00987 0.08307 0.07149
0.3997 0.01668 1.53689 -0.29335 0.04606 1.47959 -0.01161 0.00029 -0.00389 -0.00032 -0.00197 -0.00215 0.09025 0.07256
0.381 0.01929 1.52882 -0.29103 0.0454 1.4746 -0.01870 0.00261 -0.00807 0.00232 -0.00066 -0.00499 0.06374 0.06936
0.35325 0.02842 1.52817 -0.28948 0.04513 1.47812 -0.02775 0.00913 -0.00065 0.00155 -0.00027 0.00352 0.07445 0.08078
0.31721 0.03332 1.49968 -0.28364 0.04456 1.45305 -0.03604 0.00490 -0.02849 0.00584 -0.00057 -0.02507 0.05734 0.07302
0.2795 0.04331 1.50581 -0.28267 0.04514 1.46113 -0.03771 0.00999 0.00613 0.00097 0.00058 0.00808 0.04993 0.07894
0.23317 0.05338 1.49087 -0.27662 0.04608 1.44865 -0.04633 0.01007 -0.01494 0.00605 0.00094 -0.01248 0.05493 0.07397
0.14821 0.06965 1.5188 -0.2752 0.04811 1.47767 -0.08496 0.01627 0.02793 0.00142 0.00203 0.02902 0.05776 0.08234
0.11049 0.06945 1.52655 -0.27536 0.05063 1.48405 -0.03772 -0.00020 0.00775 -0.00016 0.00252 0.00638 0.05663 0.07429
0.06737 0.0759 1.59931 -0.28672 0.05089 1.54801 -0.04312 0.00645 0.07276 -0.01136 0.00026 0.06396 0.05913 0.07333
0.0167 0.07982 1.63571 -0.29399 0.05216 1.57639 -0.05067 0.00392 0.03640 -0.00727 0.00127 0.02838 0.06139 0.06871
-0.02637 0.07984 1.69659 -0.30613 0.05359 1.62484 -0.04307 0.00002 0.06088 -0.01214 0.00143 0.04845 0.06534 0.09887
-0.06095 0.06888 1.57964 -0.28543 0.04813 1.50111 -0.03458 -0.01096 -0.11695 0.02070 -0.00546 -0.12373 0.06083 0.08330
-0.1434 0.0729 1.69141 -0.30747 0.04941 1.6042 -0.08245 0.00402 0.11177 -0.02204 0.00128 0.10309 0.13755 0.11201
-0.15097 0.06598 1.64949 -0.30023 0.04722 1.56388 -0.00757 -0.00692 -0.04192 0.00724 -0.00219 -0.04032 0.13171 0.08507
-0.19528 0.07556 1.63313 -0.31018 0.03677 1.56431 -0.04431 0.00958 -0.01636 -0.00995 -0.01045 0.00043 0.10719 0.07570
-0.20086 0.06573 1.59369 -0.30383 0.03735 1.53722 -0.00558 -0.00983 -0.03944 0.00635 0.00058 -0.02709 0.10422 0.06938
-0.26739 0.04478 1.47848 -0.29555 0.03324 1.48509 -0.06653 -0.02095 -0.11521 0.00828 -0.00411 -0.05213 0.05428 0.07121
-0.24928 0.06056 1.49826 -0.29822 0.03269 1.48704 0.01811 0.01578 0.01978 -0.00267 -0.00055 0.00195 0.07246 0.06440
-0.16855 0.05285 1.61542 -0.29924 0.0419 1.54331 0.08073 -0.00771 0.11716 -0.00102 0.00921 0.05627 0.14091 0.10177
-0.24361 0.06793 1.54519 -0.30246 0.03663 1.51953 -0.07506 0.01508 -0.07023 -0.00322 -0.00527 -0.02378 0.08406 0.07172
-0.24086 0.06918 1.55255 -0.30354 0.03765 1.52305 0.00275 0.00125 0.00736 -0.00108 0.00102 0.00352 0.08497 0.06976
-0.23831 0.06823 1.54698 -0.30319 0.0366 1.51919 0.00255 -0.00095 -0.00557 0.00035 -0.00105 -0.00386 0.08572 0.07101
-0.22254 0.06625 1.57331 -0.30773 0.03446 1.5346 0.01577 -0.00198 0.02633 -0.00454 -0.00214 0.01541 0.09666 0.07132
-0.22558 0.06627 1.57722 -0.30685 0.03191 1.54084 -0.00304 0.00002 0.00391 0.00088 -0.00255 0.00624 0.09273 0.07423
-0.21854 0.06416 1.59197 -0.30834 0.03373 1.55171 0.00704 -0.00211 0.01475 -0.00149 0.00182 0.01087 0.09860 0.05785
-0.17489 0.05052 1.6194 -0.31014 0.0371 1.56289 0.04365 -0.01364 0.02743 -0.00180 0.00337 0.01118 0.12122 0.07249
-0.25871 0.06054 1.58239 -0.31319 0.03594 1.57726 -0.08382 0.01002 -0.03701 -0.00305 -0.00116 0.01437 0.09044 0.06570
-0.26297 0.05857 1.55806 -0.30902 0.03214 1.55934 -0.00426 -0.00197 -0.02433 0.00417 -0.00380 -0.01792 0.12732 0.06727
-0.26336 0.06585 1.5668 -0.30768 0.02949 1.56919 -0.00039 0.00728 0.00874 0.00134 -0.00265 0.00985 0.09247 0.07307
-0.24155 0.07013 1.5254 -0.29887 0.01573 1.52716 0.02181 0.00428 -0.04140 0.00881 -0.01376 -0.04203 0.08858 0.07425
0.01653 -0.05049 1.74656 -0.30384 0.00065 1.62243 0.25808 -0.12062 0.22116 -0.00497 -0.01508 0.09527 0.04366 0.06128
0.05035 -0.08236 1.72279 -0.29502 -0.03042 1.60864 0.03382 -0.03187 -0.02377 0.00882 -0.03107 -0.01379 0.04506 0.06277
0.08785 -0.11668 1.58732 -0.26532 -0.07002 1.49483 0.03750 -0.03432 -0.13547 0.02970 -0.03960 -0.11381 0.04845 0.06942
0.14224 -0.17174 1.67036 -0.27086 -0.12431 1.5966 0.05439 -0.05506 0.08304 -0.00554 -0.05429 0.10177 0.05327 0.08272
0.24734 -0.27555 1.5882 -0.22256 -0.23922 1.59333 0.10510 -0.10381 -0.08216 0.04830 -0.11491 -0.00327 0.05340 0.10344
0.32909 -0.34783 1.58949 -0.19896 -0.2995 1.62231 0.08175 -0.07228 0.00129 0.02360 -0.06028 0.02898 0.04121 0.11013
0.39356 -0.39667 1.54696 -0.16629 -0.34386 1.59615 0.06447 -0.04884 -0.04253 0.03267 -0.04436 -0.02616 0.04139 0.08075
0.49274 -0.47651 1.66923 -0.15743 -0.43275 1.7216 0.09918 -0.07984 0.12227 0.00886 -0.08889 0.12545 0.07487 0.12680
0.53134 -0.51848 1.74856 -0.14415 -0.46112 1.73813 0.03860 -0.04197 0.07933 0.01328 -0.02837 0.01653 0.08429 0.10478
0.54508 -0.53494 1.77005 -0.12971 -0.46822 1.72117 0.01374 -0.01646 0.02149 0.01444 -0.00710 -0.01696 0.12238 0.10688
0.57437 -0.57261 1.8545 -0.10838 -0.50444 1.76389 0.02929 -0.03767 0.08445 0.02133 -0.03622 0.04272 0.10505 0.15029
0.597 -0.60005 1.93992 -0.09949 -0.51788 1.79434 0.02263 -0.02744 0.08542 0.00889 -0.01344 0.03045 0.13740 0.14136
0.58457 -0.65013 1.78455 -0.04086 -0.42616 1.74081 -0.01243 -0.05008 -0.15537 0.05863 0.09172 -0.05353 0.11826 0.07632
0.58183 -0.65239 1.77933 -0.04503 -0.4822 1.7025 -0.00274 -0.00226 -0.00522 -0.00417 -0.05604 -0.03831 0.10424 0.11976
0.57552 -0.65464 1.77839 -0.04719 -0.50449 1.69505 -0.00631 -0.00225 -0.00094 -0.00216 -0.02229 -0.00745 0.07791 0.12659
0.59555 -0.68412 1.84847 -0.09277 -0.51736 1.75729 0.02003 -0.02948 0.07008 -0.04558 -0.01287 0.06224 0.09122 0.12694
0.56861 -0.65933 1.77653 -0.06926 -0.54516 1.65367 -0.02694 0.02479 -0.07194 0.02351 -0.02780 -0.10362 0.07510 0.11763
0.59059 -0.68662 1.83709 -0.0917 -0.52131 1.75082 0.02198 -0.02729 0.06056 -0.02244 0.02385 0.09715 0.07806 0.14467
0.57526 -0.66755 1.74801 -0.08837 -0.50402 1.68895 -0.01533 0.01907 -0.08908 0.00333 0.01729 -0.06187 0.07748 0.13809
0.59228 -0.68987 1.81502 -0.09246 -0.52192 1.74402 0.01702 -0.02232 0.06701 -0.00409 -0.01790 0.05507 0.07978 0.14310
0.5737 -0.67104 1.76842 -0.06393 -0.53093 1.68832 -0.01858 0.01883 -0.04660 0.02853 -0.00901 -0.05570 0.06656 0.12985
0.57376 -0.6718 1.77902 -0.06586 -0.53556 1.69049 0.00006 -0.00076 0.01060 -0.00193 -0.00463 0.00217 0.07284 0.12696
0.59695 -0.69989 1.85929 -0.09585 -0.53365 1.77069 0.02319 -0.02809 0.08027 -0.02999 0.00191 0.08020 0.07451 0.14527
0.5986 -0.70089 1.86528 -0.09521 -0.53475 1.77471 0.00165 -0.00100 0.00599 0.00064 -0.00110 0.00402 0.07524 0.14502
0.59872 -0.70236 1.86927 -0.09493 -0.5368 1.77803 0.00012 -0.00147 0.00399 0.00028 -0.00205 0.00332 0.07318 0.14550
0.60063 -0.70405 1.87281 -0.09414 -0.53768 1.78147 0.00191 -0.00169 0.00354 0.00079 -0.00088 0.00344 0.07123 0.14711
0.60321 -0.7057 1.86591 -0.09324 -0.53766 1.7821 0.00258 -0.00165 -0.00690 0.00090 0.00002 0.00063 0.08084 0.14792
0.60189 -0.70535 1.87211 -0.09365 -0.5382 1.7826 -0.00132 0.00035 0.00620 -0.00041 -0.00054 0.00050 0.08202 0.14630
0.60133 -0.70475 1.87783 -0.09421 -0.53894 1.78379 -0.00056 0.00060 0.00572 -0.00056 -0.00074 0.00119 0.07291 0.14598
0.60127 -0.70574 1.87657 -0.09526 -0.54068 1.78392 -0.00006 -0.00099 -0.00126 -0.00105 -0.00174 0.00013 0.07178 0.14423
0.57668 -0.67692 1.80473 -0.05815 -0.54807 1.70853 -0.02459 0.02882 -0.07184 0.03711 -0.00739 -0.07539 0.07419 0.13221
0.59904 -0.7026 1.8716 -0.0991 -0.53843 1.77493 0.02236 -0.02568 0.06687 -0.04095 0.00964 0.06640 0.07464 0.15068
]
