classifier_Man_goes_to_car_26155 [ 0.55883 -0.73742 1.88532 -0.16374 -0.61876 1.78497 0.55883 -0.73742 1.88532 -0.16374 -0.61876 1.78497 0.08737 0.08014
0.55891 -0.73733 1.88829 -0.16448 -0.6201 1.78455 0.00008 0.00009 0.00297 -0.00074 -0.00134 -0.00042 0.08761 0.08041
0.56283 -0.73507 1.87552 -0.1584 -0.61734 1.77399 0.00392 0.00226 -0.01277 0.00608 0.00276 -0.01056 0.08504 0.08072
0.56367 -0.7335 1.86852 -0.15633 -0.61608 1.76791 0.00084 0.00157 -0.00700 0.00207 0.00126 -0.00608 0.08291 0.08136
0.5601 -0.73704 1.88406 -0.1558 -0.61998 1.77694 -0.00357 -0.00354 0.01554 0.00053 -0.00390 0.00903 0.09082 0.08186
0.55994 -0.73461 1.87514 -0.15392 -0.61763 1.76992 -0.00016 0.00243 -0.00892 0.00188 0.00235 -0.00702 0.08310 0.08325
0.56457 -0.73841 1.88257 -0.15735 -0.61055 1.79399 0.00463 -0.00380 0.00743 -0.00343 0.00708 0.02407 0.08182 0.08257
0.56487 -0.73542 1.87579 -0.16175 -0.61612 1.77709 0.00030 0.00299 -0.00678 -0.00440 -0.00557 -0.01690 0.08159 0.08031
0.56754 -0.73146 1.86534 -0.14564 -0.61343 1.75713 0.00267 0.00396 -0.01045 0.01611 0.00269 -0.01996 0.10228 0.07918
0.56924 -0.72918 1.86264 -0.14114 -0.61151 1.75068 0.00170 0.00228 -0.00270 0.00450 0.00192 -0.00645 0.10174 0.07623
0.56817 -0.72423 1.85929 -0.14227 -0.60878 1.74618 -0.00107 0.00495 -0.00335 -0.00113 0.00273 -0.00450 0.15149 0.07627
0.55905 -0.72418 1.9047 -0.15249 -0.58316 1.76824 -0.00912 0.00005 0.04541 -0.01022 0.02562 0.02206 0.11155 0.07681
0.55111 -0.73912 1.89558 -0.15287 -0.49152 1.7816 -0.00794 -0.01494 -0.00912 -0.00038 0.09164 0.01336 0.07787 0.08419
0.56265 -0.74381 1.79955 -0.07347 -0.42813 1.53854 0.01154 -0.00469 -0.09603 0.07940 0.06339 -0.24306 0.07527 0.08047
0.46763 -0.53765 1.97082 -0.19112 -0.27997 1.77723 -0.09502 0.20616 0.17127 -0.11765 0.14816 0.23869 0.06820 0.06512
0.43652 -0.44369 1.87448 -0.19477 -0.17114 1.73746 -0.03111 0.09396 -0.09634 -0.00365 0.10883 -0.03977 0.05858 0.03915
0.38033 -0.37097 1.84611 -0.19503 -0.07973 1.72567 -0.05619 0.07272 -0.02837 -0.00026 0.09141 -0.01179 0.04869 0.06513
0.31061 -0.28225 1.81591 -0.21053 0.01453 1.77136 -0.06972 0.08872 -0.03020 -0.01550 0.09426 0.04569 0.04954 0.05507
0.2609 -0.23716 1.68203 -0.18992 0.054 1.64848 -0.04971 0.04509 -0.13388 0.02061 0.03947 -0.12288 0.04022 0.06470
0.24542 -0.23377 1.76325 -0.18658 0.09775 1.71608 -0.01548 0.00339 0.08122 0.00334 0.04375 0.06760 0.05407 0.05224
0.23126 -0.21358 1.73438 -0.18113 0.11472 1.69845 -0.01416 0.02019 -0.02887 0.00545 0.01697 -0.01763 0.04794 0.06220
0.23073 -0.19303 1.73036 -0.18403 0.12101 1.70955 -0.00053 0.02055 -0.00402 -0.00290 0.00629 0.01110 0.05669 0.05714
0.23114 -0.16658 1.72439 -0.19308 0.115 1.71049 0.00041 0.02645 -0.00597 -0.00905 -0.00601 0.00094 0.07491 0.05473
0.23073 -0.11893 1.71763 -0.21344 0.08919 1.71457 -0.00041 0.04765 -0.00676 -0.02036 -0.02581 0.00408 0.06363 0.07789
0.24527 -0.07504 1.75008 -0.23928 0.04911 1.7295 0.01454 0.04389 0.03245 -0.02584 -0.04008 0.01493 0.06181 0.03854
0.25507 0.06001 1.80925 -0.29654 -0.08994 1.77122 0.00980 0.13505 0.05917 -0.05726 -0.13905 0.04172 0.09946 0.07710
0.24471 0.107 1.76387 -0.3039 -0.14935 1.70042 -0.01036 0.04699 -0.04538 -0.00736 -0.05941 -0.07080 0.08432 0.05717
0.21788 0.17604 1.79699 -0.34388 -0.16305 1.6668 -0.02683 0.06904 0.03312 -0.03998 -0.01370 -0.03362 0.08821 0.06564
0.16311 0.0483 1.65276 -0.22708 0.10543 1.57126 -0.05477 -0.12774 -0.14423 0.11680 0.26848 -0.09554 0.01523 0.02020
0.21739 -0.1183 1.86949 -0.25145 0.13573 1.82591 0.05428 -0.16660 0.21673 -0.02437 0.03030 0.25465 0.07681 0.08707
0.20587 -0.13423 1.7863 -0.22292 0.13137 1.75618 -0.01152 -0.01593 -0.08319 0.02853 -0.00436 -0.06973 0.06448 0.02255
0.1969 -0.1154 1.71372 -0.17777 0.14525 1.70968 -0.00897 0.01883 -0.07258 0.04515 0.01388 -0.04650 0.05672 0.01752
0.22543 -0.08634 1.8766 -0.24865 0.07035 1.86218 0.02853 0.02906 0.16288 -0.07088 -0.07490 0.15250 0.04239 0.03610
0.23811 -0.03732 1.86349 -0.27236 0.00767 1.86196 0.01268 0.04902 -0.01311 -0.02371 -0.06268 -0.00022 0.06673 0.06327
0.24171 0.01112 1.80804 -0.27296 -0.03832 1.80073 0.00360 0.04844 -0.05545 -0.00060 -0.04599 -0.06123 0.09202 0.06797
0.25556 0.05602 1.85939 -0.29866 -0.09875 1.86684 0.01385 0.04490 0.05135 -0.02570 -0.06043 0.06611 0.09149 0.07393
0.2403 0.07941 1.70722 -0.28536 -0.13883 1.71994 -0.01526 0.02339 -0.15217 0.01330 -0.04008 -0.14690 0.08045 0.07212
0.24731 0.09879 1.72515 -0.29272 -0.17188 1.74001 0.00701 0.01938 0.01793 -0.00736 -0.03305 0.02007 0.09783 0.07414
0.25169 0.09847 1.72139 -0.28311 -0.13517 1.7374 0.00438 -0.00032 -0.00376 0.00961 0.03671 -0.00261 0.08941 0.07139
0.24973 0.08572 1.7138 -0.28936 -0.1023 1.73084 -0.00196 -0.01275 -0.00759 -0.00625 0.03287 -0.00656 0.09137 0.08205
0.25535 0.07319 1.7643 -0.30615 -0.06125 1.78296 0.00562 -0.01253 0.05050 -0.01679 0.04105 0.05212 0.08114 0.09941
0.25203 0.04587 1.70536 -0.31256 -0.02655 1.71223 -0.00332 -0.02732 -0.05894 -0.00641 0.03470 -0.07073 0.08867 0.09759
0.26423 0.02561 1.75493 -0.33305 0.01816 1.7439 0.01220 -0.02026 0.04957 -0.02049 0.04471 0.03167 0.09411 0.10388
0.27471 0.01649 1.8203 -0.36014 0.05586 1.79322 0.01048 -0.00912 0.06537 -0.02709 0.03770 0.04932 0.09367 0.06384
0.2778 0.00765 1.81585 -0.36912 0.09432 1.7741 0.00309 -0.00884 -0.00445 -0.00898 0.03846 -0.01912 0.09063 0.09103
0.26409 0.00367 1.71602 -0.35516 0.10573 1.66523 -0.01371 -0.00398 -0.09983 0.01396 0.01141 -0.10887 0.08158 0.09408
0.26648 -0.00055 1.71455 -0.35912 0.10422 1.65322 0.00239 -0.00422 -0.00147 -0.00396 -0.00151 -0.01201 0.07901 0.06795
0.26787 -0.00465 1.71214 -0.362 0.07867 1.64418 0.00139 -0.00410 -0.00241 -0.00288 -0.02555 -0.00904 0.07249 0.06349
0.26742 -0.01383 1.6738 -0.35078 0.04188 1.59235 -0.00045 -0.00918 -0.03834 0.01122 -0.03679 -0.05183 0.08178 0.06053
0.26949 -0.01749 1.67837 -0.34712 0.00397 1.58814 0.00207 -0.00366 0.00457 0.00366 -0.03791 -0.00421 0.07046 0.05894
0.27099 -0.02205 1.67622 -0.34628 -0.01691 1.58174 0.00150 -0.00456 -0.00215 0.00084 -0.02088 -0.00640 0.06794 0.06156
0.27208 -0.02592 1.67541 -0.34619 -0.02082 1.58087 0.00109 -0.00387 -0.00081 0.00009 -0.00391 -0.00087 0.07293 0.06432
0.27338 -0.02949 1.67517 -0.34533 -0.02282 1.57656 0.00130 -0.00357 -0.00024 0.00086 -0.00200 -0.00431 0.06522 0.05572
0.27376 -0.03119 1.67398 -0.34542 -0.02193 1.57869 0.00038 -0.00170 -0.00119 -0.00009 0.00089 0.00213 0.06620 0.07095
0.27429 -0.03219 1.67495 -0.34426 -0.02028 1.57877 0.00053 -0.00100 0.00097 0.00116 0.00165 0.00008 0.06550 0.05539
0.27434 -0.03297 1.67619 -0.34284 -0.01814 1.57647 0.00005 -0.00078 0.00124 0.00142 0.00214 -0.00230 0.07281 0.05741
0.27332 -0.03372 1.67448 -0.34331 -0.01833 1.57477 -0.00102 -0.00075 -0.00171 -0.00047 -0.00019 -0.00170 0.07193 0.05668
0.27281 -0.03694 1.67448 -0.34123 -0.01912 1.57221 -0.00051 -0.00322 0.00000 0.00208 -0.00079 -0.00256 0.06364 0.05624
0.27225 -0.04076 1.67564 -0.34251 -0.01738 1.57124 -0.00056 -0.00382 0.00116 -0.00128 0.00174 -0.00097 0.06516 0.06178
0.26956 -0.04376 1.67545 -0.34687 -0.01789 1.56977 -0.00269 -0.00300 -0.00019 -0.00436 -0.00051 -0.00147 0.07023 0.05743
0.26736 -0.04732 1.67261 -0.34743 -0.0188 1.56385 -0.00220 -0.00356 -0.00284 -0.00056 -0.00091 -0.00592 0.06429 0.05674
0.26307 -0.05059 1.67026 -0.3515 -0.0204 1.56038 -0.00429 -0.00327 -0.00235 -0.00407 -0.00160 -0.00347 0.05972 0.05412
0.25827 -0.05536 1.6611 -0.3528 -0.02011 1.54849 -0.00480 -0.00477 -0.00916 -0.00130 0.00029 -0.01189 0.06200 0.05555
0.25069 -0.05686 1.65653 -0.35815 -0.02336 1.54882 -0.00758 -0.00150 -0.00457 -0.00535 -0.00325 0.00033 0.05472 0.05201
0.23982 -0.05785 1.65488 -0.36172 -0.02422 1.55401 -0.01087 -0.00099 -0.00165 -0.00357 -0.00086 0.00519 0.04841 0.05399
0.22388 -0.05741 1.64282 -0.36367 -0.02504 1.55255 -0.01594 0.00044 -0.01206 -0.00195 -0.00082 -0.00146 0.04919 0.05420
0.19883 -0.05397 1.62525 -0.36248 -0.02747 1.55179 -0.02505 0.00344 -0.01757 0.00119 -0.00243 -0.00076 0.05630 0.05755
0.18901 -0.04224 1.68043 -0.38213 -0.037 1.62739 -0.00982 0.01173 0.05518 -0.01965 -0.00953 0.07560 0.06708 0.05770
0.19477 -0.03553 1.74084 -0.38097 -0.04338 1.62637 0.00576 0.00671 0.06041 0.00116 -0.00638 -0.00102 0.08432 0.06124
0.15521 0.01727 1.75429 -0.37703 -0.05057 1.61937 -0.03956 0.05280 0.01345 0.00394 -0.00719 -0.00700 0.04302 0.06649
0.14126 0.06989 1.83339 -0.39621 -0.06112 1.7018 -0.01395 0.05262 0.07910 -0.01918 -0.01055 0.08243 0.09002 0.08063
0.096 0.1617 1.79115 -0.3875 -0.06445 1.67714 -0.04526 0.09181 -0.04224 0.00871 -0.00333 -0.02466 0.06800 0.06428
0.07803 0.23015 1.83368 -0.39468 -0.06836 1.7105 -0.01797 0.06845 0.04253 -0.00718 -0.00391 0.03336 0.07474 0.06213
0.05862 0.28088 1.8308 -0.3857 -0.06907 1.68465 -0.01941 0.05073 -0.00288 0.00898 -0.00071 -0.02585 0.10721 0.07197
0.03333 0.3831 1.85451 -0.3848 -0.06628 1.69081 -0.02529 0.10222 0.02371 0.00090 0.00279 0.00616 0.14135 0.08296
0.03443 0.38464 1.87692 -0.38368 -0.06061 1.68058 0.00110 0.00154 0.02241 0.00112 0.00567 -0.01023 0.10993 0.06007
0.0341 0.39202 1.92495 -0.38416 -0.05509 1.69048 -0.00033 0.00738 0.04803 -0.00048 0.00552 0.00990 0.10837 0.06384
0.03102 0.39749 1.96508 -0.38529 -0.05073 1.69408 -0.00308 0.00547 0.04013 -0.00113 0.00436 0.00360 0.09141 0.05866
0.0232 0.41758 2.00032 -0.38612 -0.04738 1.69632 -0.00782 0.02009 0.03524 -0.00083 0.00335 0.00224 0.08848 0.06293
0.01953 0.41969 2.00681 -0.38984 -0.0447 1.69668 -0.00367 0.00211 0.00649 -0.00372 0.00268 0.00036 0.09057 0.06063
0.01745 0.40452 1.93888 -0.3739 -0.04022 1.64001 -0.00208 -0.01517 -0.06793 0.01594 0.00448 -0.05667 0.08706 0.05955
0.07716 0.32467 1.89157 -0.37949 -0.0385 1.6454 0.05971 -0.07985 -0.04731 -0.00559 0.00172 0.00539 0.10006 0.05480
0.1423 0.29522 1.90983 -0.39565 -0.03822 1.70948 0.06514 -0.02945 0.01826 -0.01616 0.00028 0.06408 0.05548 0.09233
0.25463 0.18578 1.88524 -0.40188 -0.03821 1.7192 0.11233 -0.10944 -0.02459 -0.00623 0.00001 0.00972 0.07194 0.06120
0.32669 0.0837 1.73096 -0.37616 -0.041 1.60832 0.07206 -0.10208 -0.15428 0.02572 -0.00279 -0.11088 0.06227 0.05349
0.40734 -0.04369 1.74734 -0.38568 -0.04687 1.64484 0.08065 -0.12739 0.01638 -0.00952 -0.00587 0.03652 0.05916 0.05539
0.39759 -0.08792 1.63519 -0.35981 -0.047 1.54078 -0.00975 -0.04423 -0.11215 0.02587 -0.00013 -0.10406 0.09783 0.07514
0.39773 -0.17028 1.64582 -0.35413 -0.05212 1.52851 0.00014 -0.08236 0.01063 0.00568 -0.00512 -0.01227 0.08493 0.08106
0.39746 -0.16959 1.66227 -0.35746 -0.04948 1.54009 -0.00027 0.00069 0.01645 -0.00333 0.00264 0.01158 0.08509 0.08680
0.39579 -0.165 1.66958 -0.35743 -0.04768 1.54339 -0.00167 0.00459 0.00731 0.00003 0.00180 0.00330 0.08650 0.08182
0.39481 -0.15716 1.6749 -0.35783 -0.04568 1.54805 -0.00098 0.00784 0.00532 -0.00040 0.00200 0.00466 0.08842 0.06114
0.38671 -0.14926 1.64813 -0.35227 -0.04192 1.52451 -0.00810 0.00790 -0.02677 0.00556 0.00376 -0.02354 0.08700 0.05690
0.39395 -0.14532 1.68648 -0.36078 -0.04163 1.56287 0.00724 0.00394 0.03835 -0.00851 0.00029 0.03836 0.09547 0.06466
0.39352 -0.14177 1.68859 -0.36231 -0.04177 1.56639 -0.00043 0.00355 0.00211 -0.00153 -0.00014 0.00352 0.09226 0.07152
0.39173 -0.13947 1.68723 -0.36392 -0.04158 1.56622 -0.00179 0.00230 -0.00136 -0.00161 0.00019 -0.00017 0.08502 0.08792
0.39025 -0.13782 1.69041 -0.36701 -0.04553 1.57003 -0.00148 0.00165 0.00318 -0.00309 -0.00395 0.00381 0.08935 0.07738
0.37291 -0.13771 1.65349 -0.36174 -0.04758 1.53728 -0.01734 0.00011 -0.03692 0.00527 -0.00205 -0.03275 0.09117 0.08070
0.37024 -0.13751 1.65589 -0.36256 -0.04679 1.53907 -0.00267 0.00020 0.00240 -0.00082 0.00079 0.00179 0.09232 0.08448
0.36606 -0.13713 1.6525 -0.36392 -0.04673 1.53869 -0.00418 0.00038 -0.00339 -0.00136 0.00006 -0.00038 0.09346 0.07486
0.36667 -0.13822 1.67321 -0.36903 -0.04522 1.55978 0.00061 -0.00109 0.02071 -0.00511 0.00151 0.02109 0.09206 0.08706
0.36264 -0.1367 1.67647 -0.37184 -0.04378 1.56601 -0.00403 0.00152 0.00326 -0.00281 0.00144 0.00623 0.08990 0.08518
0.35757 -0.13474 1.67538 -0.37355 -0.04341 1.56742 -0.00507 0.00196 -0.00109 -0.00171 0.00037 0.00141 0.09426 0.07836
0.34856 -0.13185 1.67182 -0.3757 -0.04462 1.56903 -0.00901 0.00289 -0.00356 -0.00215 -0.00121 0.00161 0.09492 0.08195
0.31888 -0.11989 1.6671 -0.37907 -0.04567 1.5795 -0.02968 0.01196 -0.00472 -0.00337 -0.00105 0.01047 0.06773 0.08376
0.29389 -0.11513 1.66008 -0.37701 -0.04549 1.57793 -0.02499 0.00476 -0.00702 0.00206 0.00018 -0.00157 0.07193 0.08637
0.25132 -0.10735 1.59905 -0.36416 -0.04456 1.52982 -0.04257 0.00778 -0.06103 0.01285 0.00093 -0.04811 0.05694 0.08083
0.22564 -0.10189 1.68483 -0.38477 -0.04872 1.62133 -0.02568 0.00546 0.08578 -0.02061 -0.00416 0.09151 0.06783 0.06341
0.17684 -0.09055 1.67301 -0.38487 -0.04964 1.62393 -0.04880 0.01134 -0.01182 -0.00010 -0.00092 0.00260 0.07920 0.06357
0.12371 -0.08077 1.66405 -0.38271 -0.04931 1.62624 -0.05313 0.00978 -0.00896 0.00216 0.00033 0.00231 0.04121 0.04711
-0.06013 -0.05175 1.75537 -0.41204 -0.04677 1.75387 -0.18384 0.02902 0.09132 -0.02933 0.00254 0.12763 0.04154 0.07662
-0.09468 -0.07355 1.75851 -0.41224 -0.04358 1.75559 -0.03455 -0.02180 0.00314 -0.00020 0.00319 0.00172 0.07019 0.07301
-0.12654 -0.07587 1.69337 -0.39852 -0.04046 1.69716 -0.03186 -0.00232 -0.06514 0.01372 0.00312 -0.05843 0.04880 0.08701
-0.15706 -0.08461 1.7285 -0.41421 -0.0436 1.73936 -0.03052 -0.00874 0.03513 -0.01569 -0.00314 0.04220 0.06597 0.09418
-0.14535 -0.11137 1.74599 -0.42472 -0.04354 1.75383 0.01171 -0.02676 0.01749 -0.01051 0.00006 0.01447 0.09705 0.08470
-0.19776 -0.08171 1.73983 -0.43214 -0.04176 1.76007 -0.05241 0.02966 -0.00616 -0.00742 0.00178 0.00624 0.03582 0.07741
-0.20971 -0.06017 1.67764 -0.42171 -0.04739 1.70546 -0.01195 0.02154 -0.06219 0.01043 -0.00563 -0.05461 0.05877 0.04599
-0.20991 -0.05908 1.6763 -0.42409 -0.04653 1.70707 -0.00020 0.00109 -0.00134 -0.00238 0.00086 0.00161 0.07068 0.05348
-0.20978 -0.0591 1.67486 -0.42368 -0.04729 1.70778 0.00013 -0.00002 -0.00144 0.00041 -0.00076 0.00071 0.08390 0.07009
-0.22708 -0.04969 1.72716 -0.43982 -0.05476 1.76559 -0.01730 0.00941 0.05230 -0.01614 -0.00747 0.05781 0.10920 0.07573
-0.21709 -0.04397 1.66794 -0.42058 -0.04875 1.70511 0.00999 0.00572 -0.05922 0.01924 0.00601 -0.06048 0.08296 0.04115
-0.21881 -0.04483 1.71122 -0.432 -0.05493 1.74841 -0.00172 -0.00086 0.04328 -0.01142 -0.00618 0.04330 0.10822 0.04181
-0.20893 -0.04069 1.6958 -0.42011 -0.05273 1.72668 0.00988 0.00414 -0.01542 0.01189 0.00220 -0.02173 0.11068 0.04494
-0.13163 -0.0873 1.73777 -0.41972 -0.05857 1.74599 0.07730 -0.04661 0.04197 0.00039 -0.00584 0.01931 0.06107 0.06108
-0.12394 -0.09469 1.76443 -0.41892 -0.06103 1.76673 0.00769 -0.00739 0.02666 0.00080 -0.00246 0.02074 0.04349 0.08286
-0.09166 -0.13347 1.7042 -0.38555 -0.08017 1.69806 0.03228 -0.03878 -0.06023 0.03337 -0.01914 -0.06867 0.07465 0.08933
-0.07878 -0.16858 1.73442 -0.38216 -0.11278 1.73234 0.01288 -0.03511 0.03022 0.00339 -0.03261 0.03428 0.06640 0.06534
-0.0522 -0.21613 1.71898 -0.36887 -0.1516 1.71924 0.02658 -0.04755 -0.01544 0.01329 -0.03882 -0.01310 0.05188 0.04017
-0.03074 -0.25939 1.67533 -0.34051 -0.1968 1.68436 0.02146 -0.04326 -0.04365 0.02836 -0.04520 -0.03488 0.05716 0.09541
-0.004 -0.33362 1.74808 -0.32719 -0.26301 1.75472 0.02674 -0.07423 0.07275 0.01332 -0.06621 0.07036 0.05734 0.08800
0.02282 -0.42608 1.8866 -0.30733 -0.35464 1.87259 0.02682 -0.09246 0.13852 0.01986 -0.09163 0.11787 0.06474 0.06053
0.05505 -0.47063 1.76237 -0.25294 -0.40248 1.73573 0.03223 -0.04455 -0.12423 0.05439 -0.04784 -0.13686 0.04674 0.09177
0.08964 -0.55947 1.83457 -0.22739 -0.51644 1.84329 0.03459 -0.08884 0.07220 0.02555 -0.11396 0.10756 0.06647 0.09030
0.11425 -0.6201 1.8854 -0.2199 -0.56989 1.91804 0.02461 -0.06063 0.05083 0.00749 -0.05345 0.07475 0.07431 0.10553
0.12077 -0.62919 1.89531 -0.232 -0.60141 1.94461 0.00652 -0.00909 0.00991 -0.01210 -0.03152 0.02657 0.07917 0.07104
0.12224 -0.61728 1.89319 -0.22352 -0.60754 1.94739 0.00147 0.01191 -0.00212 0.00848 -0.00613 0.00278 0.07632 0.08540
0.12318 -0.61004 1.88109 -0.22294 -0.60192 1.93261 0.00094 0.00724 -0.01210 0.00058 0.00562 -0.01478 0.07756 0.08024
0.12474 -0.61222 1.88327 -0.22356 -0.59791 1.9416 0.00156 -0.00218 0.00218 -0.00062 0.00401 0.00899 0.07372 0.08384
0.12944 -0.59697 1.79191 -0.21505 -0.57235 1.86299 0.00470 0.01525 -0.09136 0.00851 0.02556 -0.07861 0.07129 0.07785
0.13744 -0.60396 1.81002 -0.218 -0.57872 1.88632 0.00800 -0.00699 0.01811 -0.00295 -0.00637 0.02333 0.06401 0.07855
0.16555 -0.61942 1.86361 -0.22157 -0.59691 1.93062 0.02811 -0.01546 0.05359 -0.00357 -0.01819 0.04430 0.07895 0.08514
0.20617 -0.62361 1.85316 -0.22239 -0.59731 1.92496 0.04062 -0.00419 -0.01045 -0.00082 -0.00040 -0.00566 0.07203 0.08706
0.23311 -0.63184 1.85488 -0.24842 -0.58574 1.96634 0.02694 -0.00823 0.00172 -0.02603 0.01157 0.04138 0.07088 0.09478
0.30405 -0.63356 1.85126 -0.24212 -0.57972 1.92868 0.07094 -0.00172 -0.00362 0.00630 0.00602 -0.03766 0.06447 0.07787
0.36692 -0.64342 1.89379 -0.24604 -0.58313 1.95539 0.06287 -0.00986 0.04253 -0.00392 -0.00341 0.02671 0.06713 0.07288
0.4157 -0.66096 1.92047 -0.24152 -0.58934 1.94805 0.04878 -0.01754 0.02668 0.00452 -0.00621 -0.00734 0.08776 0.08598
0.46524 -0.67071 1.88604 -0.21808 -0.59239 1.88588 0.04954 -0.00975 -0.03443 0.02344 -0.00305 -0.06217 0.08358 0.08870
0.53834 -0.7213 1.81805 -0.21437 -0.57389 1.84083 0.07310 -0.05059 -0.06799 0.00371 0.01850 -0.04505 0.08180 0.08643
0.54845 -0.71953 1.82418 -0.23443 -0.56353 1.88584 0.01011 0.00177 0.00613 -0.02006 0.01036 0.04501 0.09271 0.08220
0.55402 -0.7164 1.83129 -0.2339 -0.56298 1.89032 0.00557 0.00313 0.00711 0.00053 0.00055 0.00448 0.09947 0.07563
0.55155 -0.71805 1.83289 -0.23137 -0.5643 1.88491 -0.00247 -0.00165 0.00160 0.00253 -0.00132 -0.00541 0.09559 0.08332
0.55121 -0.72083 1.83319 -0.23205 -0.56364 1.88511 -0.00034 -0.00278 0.00030 -0.00068 0.00066 0.00020 0.13641 0.08307
0.553 -0.72443 1.83776 -0.23206 -0.56504 1.88879 0.00179 -0.00360 0.00457 -0.00001 -0.00140 0.00368 0.13034 0.09336
0.55603 -0.72538 1.83916 -0.2314 -0.56421 1.89394 0.00303 -0.00095 0.00140 0.00066 0.00083 0.00515 0.13404 0.07279
0.55582 -0.72586 1.84024 -0.23066 -0.56557 1.88993 -0.00021 -0.00048 0.00108 0.00074 -0.00136 -0.00401 0.13020 0.07795
0.55276 -0.72538 1.83957 -0.23005 -0.56373 1.89112 -0.00306 0.00048 -0.00067 0.00061 0.00184 0.00119 0.07126 0.09429
0.55486 -0.72778 1.84545 -0.23029 -0.56537 1.8941 0.00210 -0.00240 0.00588 -0.00024 -0.00164 0.00298 0.12039 0.07927
0.55557 -0.72744 1.84709 -0.22995 -0.56518 1.89595 0.00071 0.00034 0.00164 0.00034 0.00019 0.00185 0.07413 0.07345
0.55763 -0.72704 1.84799 -0.22902 -0.56538 1.89272 0.00206 0.00040 0.00090 0.00093 -0.00020 -0.00323 0.07264 0.09581
0.55898 -0.72687 1.84908 -0.22991 -0.566 1.89453 0.00135 0.00017 0.00109 -0.00089 -0.00062 0.00181 0.07884 0.09186
0.55793 -0.72735 1.84799 -0.2303 -0.56609 1.89317 -0.00105 -0.00048 -0.00109 -0.00039 -0.00009 -0.00136 0.07370 0.09094
0.55779 -0.72662 1.84774 -0.22971 -0.56573 1.89341 -0.00014 0.00073 -0.00025 0.00059 0.00036 0.00024 0.07362 0.07610
0.55701 -0.72683 1.8482 -0.22927 -0.56744 1.88869 -0.00078 -0.00021 0.00046 0.00044 -0.00171 -0.00472 0.06775 0.09794
0.55904 -0.72618 1.84812 -0.22862 -0.56818 1.88915 0.00203 0.00065 -0.00008 0.00065 -0.00074 0.00046 0.06532 0.09421
0.56036 -0.72668 1.84535 -0.2278 -0.56706 1.88843 0.00132 -0.00050 -0.00277 0.00082 0.00112 -0.00072 0.06568 0.09985
0.56079 -0.72719 1.84539 -0.22756 -0.56859 1.88602 0.00043 -0.00051 0.00004 0.00024 -0.00153 -0.00241 0.07121 0.09268
]
