classifier_Car_goes_to_house_17528 [ 0.60132 -0.75941 1.91644 -0.05386 -0.66694 1.8737 0.60132 -0.75941 1.91644 -0.05386 -0.66694 1.8737 0.08862 0.07252
0.59976 -0.75809 1.92044 -0.05224 -0.66777 1.87101 -0.00156 0.00132 0.00400 0.00162 -0.00083 -0.00269 0.09126 0.07242
0.60128 -0.75832 1.91666 -0.04251 -0.67352 1.86159 0.00152 -0.00023 -0.00378 0.00973 -0.00575 -0.00942 0.08794 0.07181
0.61048 -0.75659 1.91918 -0.03373 -0.66118 1.85023 0.00920 0.00173 0.00252 0.00878 0.01234 -0.01136 0.08930 0.07575
0.65676 -0.76188 1.88713 -0.05668 -0.55564 1.82556 0.04628 -0.00529 -0.03205 -0.02295 0.10554 -0.02467 0.11455 0.06563
0.58562 -0.42582 1.87299 -0.11468 -0.34862 1.76393 -0.07114 0.33606 -0.01414 -0.05800 0.20702 -0.06163 0.13331 0.10390
0.50866 -0.29105 1.78464 -0.13866 -0.23096 1.67256 -0.07696 0.13477 -0.08835 -0.02398 0.11766 -0.09137 0.07028 0.06453
0.54069 -0.24519 2.03035 -0.16583 -0.14743 1.84599 0.03203 0.04586 0.24571 -0.02717 0.08353 0.17343 0.10359 0.06685
0.41371 -0.0249 1.91848 -0.11071 -0.22122 1.76636 -0.12698 0.22029 -0.11187 0.05512 -0.07379 -0.07963 0.14881 0.06539
0.33605 0.0584 1.82957 -0.18661 0.09682 1.78651 -0.07766 0.08330 -0.08891 -0.07590 0.31804 0.02015 0.13444 0.12714
0.32347 0.09022 1.8625 -0.1434 0.17314 1.82685 -0.01258 0.03182 0.03293 0.04321 0.07632 0.04034 0.13232 0.11731
0.23664 0.15499 1.71465 -0.1084 0.20517 1.70477 -0.08683 0.06477 -0.14785 0.03500 0.03203 -0.12208 0.11405 0.10758
0.24383 0.17624 1.79272 -0.07783 0.25548 1.80122 0.00719 0.02125 0.07807 0.03057 0.05031 0.09645 0.11677 0.10509
0.0989 0.31544 1.74246 -0.04165 0.28789 1.80396 -0.14493 0.13920 -0.05026 0.03618 0.03241 0.00274 0.09365 0.08878
0.07784 0.34161 1.77298 -0.03426 0.29834 1.83562 -0.02106 0.02617 0.03052 0.00739 0.01045 0.03166 0.07605 0.09625
0.07716 0.34673 1.78307 -0.04077 0.30045 1.83579 -0.00068 0.00512 0.01009 -0.00651 0.00211 0.00017 0.07877 0.09451
0.17056 0.28172 1.8579 -0.03513 0.31206 1.84268 0.09340 -0.06501 0.07483 0.00564 0.01161 0.00689 0.11101 0.14135
0.17235 0.27653 1.87063 -0.06455 0.28684 1.84738 0.00179 -0.00519 0.01273 -0.02942 -0.02522 0.00470 0.11821 0.10330
0.20891 0.25348 1.94063 -0.10052 0.25662 1.90245 0.03656 -0.02305 0.07000 -0.03597 -0.03022 0.05507 0.12217 0.11013
0.27214 0.19895 1.94861 -0.13352 0.20864 1.88815 0.06323 -0.05453 0.00798 -0.03300 -0.04798 -0.01430 0.13582 0.12299
0.27921 0.16635 1.91147 -0.17664 0.13624 1.85828 0.00707 -0.03260 -0.03714 -0.04312 -0.07240 -0.02987 0.14756 0.12111
0.36419 0.07815 1.89831 -0.2498 0.04945 1.86342 0.08498 -0.08820 -0.01316 -0.07316 -0.08679 0.00514 0.14762 0.07674
0.46113 -0.0494 1.90344 -0.31421 -0.05105 1.79339 0.09694 -0.12755 0.00513 -0.06441 -0.10050 -0.07003 0.19691 0.07768
0.46986 -0.05255 1.90971 -0.35811 -0.09156 1.83029 0.00873 -0.00315 0.00627 -0.04390 -0.04051 0.03690 0.14409 0.11873
0.44459 -0.06219 1.76988 -0.3582 -0.12423 1.73876 -0.02527 -0.00964 -0.13983 -0.00009 -0.03267 -0.09153 0.08640 0.11621
0.44766 -0.07265 1.78009 -0.38763 -0.13436 1.76829 0.00307 -0.01046 0.01021 -0.02943 -0.01013 0.02953 0.07247 0.11594
0.47958 -0.12519 1.76392 -0.39293 -0.11376 1.71438 0.03192 -0.05254 -0.01617 -0.00530 0.02060 -0.05391 0.11588 0.11691
0.48571 -0.15279 1.74583 -0.41267 -0.05903 1.68047 0.00613 -0.02760 -0.01809 -0.01974 0.05473 -0.03391 0.10545 0.08788
0.48827 -0.1615 1.74551 -0.41313 -0.02045 1.68605 0.00256 -0.00871 -0.00032 -0.00046 0.03858 0.00558 0.08014 0.07324
0.49049 -0.17485 1.74705 -0.4056 0.01355 1.68425 0.00222 -0.01335 0.00154 0.00753 0.03400 -0.00180 0.07855 0.07281
0.52225 -0.19377 1.85496 -0.40918 0.04328 1.77974 0.03176 -0.01892 0.10791 -0.00358 0.02973 0.09549 0.11692 0.07684
0.53798 -0.25768 1.9087 -0.33243 0.05423 1.71186 0.01573 -0.06391 0.05374 0.07675 0.01095 -0.06788 0.12727 0.06840
0.53592 -0.26308 1.9101 -0.32043 0.03365 1.70772 -0.00206 -0.00540 0.00140 0.01200 -0.02058 -0.00414 0.09722 0.05208
0.59634 -0.3125 2.14099 -0.34125 0.00174 1.87014 0.06042 -0.04942 0.23089 -0.02082 -0.03191 0.16242 0.12700 0.10895
0.59233 -0.3197 2.13603 -0.31498 -0.05391 1.83791 -0.00401 -0.00720 -0.00496 0.02627 -0.05565 -0.03223 0.11624 0.10747
0.58896 -0.32315 2.13334 -0.30524 -0.10198 1.82255 -0.00337 -0.00345 -0.00269 0.00974 -0.04807 -0.01536 0.11448 0.11272
0.5901 -0.33474 2.14981 -0.29996 -0.1514 1.81679 0.00114 -0.01159 0.01647 0.00528 -0.04942 -0.00576 0.12531 0.11242
0.54143 -0.30425 1.97385 -0.27588 -0.17339 1.67024 -0.04867 0.03049 -0.17596 0.02408 -0.02199 -0.14655 0.10013 0.09354
0.60555 -0.34795 2.21146 -0.30732 -0.2424 1.86704 0.06412 -0.04370 0.23761 -0.03144 -0.06901 0.19680 0.13002 0.11620
0.54935 -0.30947 1.99908 -0.27762 -0.22966 1.69552 -0.05620 0.03848 -0.21238 0.02970 0.01274 -0.17152 0.09900 0.10763
0.54949 -0.30628 2.00091 -0.27623 -0.23814 1.7002 0.00014 0.00319 0.00183 0.00139 -0.00848 0.00468 0.09616 0.05689
0.53454 -0.29314 1.94153 -0.27046 -0.23441 1.65604 -0.01495 0.01314 -0.05938 0.00577 0.00373 -0.04416 0.08563 0.05402
0.58303 -0.32225 2.11955 -0.29496 -0.2548 1.81063 0.04849 -0.02911 0.17802 -0.02450 -0.02039 0.15459 0.11003 0.10470
0.52923 -0.28713 1.9008 -0.2691 -0.22755 1.64456 -0.05380 0.03512 -0.21875 0.02586 0.02725 -0.16607 0.09088 0.11443
0.52121 -0.27819 1.85308 -0.26676 -0.22163 1.61929 -0.00802 0.00894 -0.04772 0.00234 0.00592 -0.02527 0.08803 0.08409
0.51291 -0.26181 1.79337 -0.27139 -0.21489 1.61306 -0.00830 0.01638 -0.05971 -0.00463 0.00674 -0.00623 0.07901 0.11270
0.49823 -0.25209 1.74515 -0.27112 -0.2131 1.61298 -0.01468 0.00972 -0.04822 0.00027 0.00179 -0.00008 0.09558 0.09045
0.49045 -0.24792 1.72004 -0.26933 -0.20734 1.59334 -0.00778 0.00417 -0.02511 0.00179 0.00576 -0.01964 0.09333 0.10470
0.48764 -0.24571 1.7135 -0.26943 -0.20423 1.58693 -0.00281 0.00221 -0.00654 -0.00010 0.00311 -0.00641 0.09207 0.10791
0.48371 -0.24708 1.70522 -0.2692 -0.2013 1.58438 -0.00393 -0.00137 -0.00828 0.00023 0.00293 -0.00255 0.09151 0.10332
0.47975 -0.25086 1.69502 -0.2689 -0.19891 1.57938 -0.00396 -0.00378 -0.01020 0.00030 0.00239 -0.00500 0.09401 0.10519
0.47891 -0.25899 1.6974 -0.26911 -0.19691 1.58391 -0.00084 -0.00813 0.00238 -0.00021 0.00200 0.00453 0.09580 0.10190
0.479 -0.26877 1.70398 -0.27116 -0.19666 1.59752 0.00009 -0.00978 0.00658 -0.00205 0.00025 0.01361 0.09482 0.10136
0.47853 -0.27838 1.70975 -0.27206 -0.19654 1.61339 -0.00047 -0.00961 0.00577 -0.00090 0.00012 0.01587 0.09248 0.10525
0.47806 -0.28745 1.73171 -0.2756 -0.19925 1.63762 -0.00047 -0.00907 0.02196 -0.00354 -0.00271 0.02423 0.09412 0.11114
0.41657 -0.21184 1.66115 -0.26217 -0.20738 1.5685 -0.06149 0.07561 -0.07056 0.01343 -0.00813 -0.06912 0.06165 0.10169
0.39233 -0.15914 1.65674 -0.25996 -0.21465 1.55937 -0.02424 0.05270 -0.00441 0.00221 -0.00727 -0.00913 0.05059 0.09741
0.38384 -0.10296 1.69202 -0.2635 -0.22606 1.59275 -0.00849 0.05618 0.03528 -0.00354 -0.01141 0.03338 0.05335 0.10179
0.39696 -0.04891 1.80974 -0.2786 -0.24558 1.69818 0.01312 0.05405 0.11772 -0.01510 -0.01952 0.10543 0.05753 0.10672
0.39432 -0.00301 1.80967 -0.27254 -0.24344 1.68734 -0.00264 0.04590 -0.00007 0.00606 0.00214 -0.01084 0.06145 0.11837
0.37128 0.02045 1.67657 -0.24623 -0.22393 1.55244 -0.02304 0.02346 -0.13310 0.02631 0.01951 -0.13490 0.05776 0.10215
0.41144 -0.00336 1.75159 -0.25294 -0.21778 1.62078 0.04016 -0.02381 0.07502 -0.00671 0.00615 0.06834 0.06082 0.10945
0.38679 -0.07878 1.58545 -0.23283 -0.17922 1.49416 -0.02465 -0.07542 -0.16614 0.02011 0.03856 -0.12662 0.05068 0.08705
0.39833 -0.18609 1.61941 -0.24232 -0.17475 1.55167 0.01154 -0.10731 0.03396 -0.00949 0.00447 0.05751 0.05343 0.09285
0.40419 -0.27787 1.67414 -0.25214 -0.17027 1.61913 0.00586 -0.09178 0.05473 -0.00982 0.00448 0.06746 0.05762 0.09908
0.3876 -0.34329 1.66854 -0.25018 -0.16354 1.60615 -0.01659 -0.06542 -0.00560 0.00196 0.00673 -0.01298 0.05171 0.09829
0.38972 -0.38729 1.74222 -0.25852 -0.17453 1.66533 0.00212 -0.04400 0.07368 -0.00834 -0.01099 0.05918 0.06702 0.09478
0.40266 -0.39653 1.85654 -0.27332 -0.18379 1.76583 0.01294 -0.00924 0.11432 -0.01480 -0.00926 0.10050 0.07188 0.11341
0.38931 -0.33577 1.82727 -0.27064 -0.18271 1.73255 -0.01335 0.06076 -0.02927 0.00268 0.00108 -0.03328 0.04788 0.11432
0.34743 -0.22794 1.64803 -0.24266 -0.1802 1.57047 -0.04188 0.10783 -0.17924 0.02798 0.00251 -0.16208 0.04600 0.09807
0.37148 -0.16185 1.74578 -0.25262 -0.19622 1.63703 0.02405 0.06609 0.09775 -0.00996 -0.01602 0.06656 0.04862 0.09813
0.36313 -0.09147 1.68272 -0.24145 -0.19535 1.56538 -0.00835 0.07038 -0.06306 0.01117 0.00087 -0.07165 0.05066 0.10014
0.37302 -0.05477 1.6772 -0.23788 -0.19889 1.5543 0.00989 0.03670 -0.00552 0.00357 -0.00354 -0.01108 0.05485 0.10507
0.40029 -0.07951 1.66609 -0.23417 -0.18757 1.55772 0.02727 -0.02474 -0.01111 0.00371 0.01132 0.00342 0.05280 0.09798
0.41146 -0.13468 1.6679 -0.23609 -0.17955 1.57827 0.01117 -0.05517 0.00181 -0.00192 0.00802 0.02055 0.05285 0.10646
0.41356 -0.20117 1.66178 -0.23539 -0.17364 1.58732 0.00210 -0.06649 -0.00612 0.00070 0.00591 0.00905 0.04518 0.10522
0.43029 -0.28455 1.70366 -0.24429 -0.17282 1.6376 0.01673 -0.08338 0.04188 -0.00890 0.00082 0.05028 0.04406 0.10263
0.40171 -0.28856 1.71913 -0.24488 -0.17204 1.63743 -0.02858 -0.00401 0.01547 -0.00059 0.00078 -0.00017 0.05897 0.10867
0.38008 -0.26524 1.73531 -0.24825 -0.1747 1.63857 -0.02163 0.02332 0.01618 -0.00337 -0.00266 0.00114 0.04889 0.10922
0.35205 -0.14394 1.71484 -0.24433 -0.18822 1.6029 -0.02803 0.12130 -0.02047 0.00392 -0.01352 -0.03567 0.04945 0.10494
0.37413 -0.10076 1.78741 -0.25055 -0.20253 1.65328 0.02208 0.04318 0.07257 -0.00622 -0.01431 0.05038 0.05457 0.10755
0.36267 -0.06995 1.67937 -0.23397 -0.19535 1.55008 -0.01146 0.03081 -0.10804 0.01658 0.00718 -0.10320 0.08896 0.10829
0.36545 -0.07205 1.62928 -0.22588 -0.18981 1.51099 0.00278 -0.00210 -0.05009 0.00809 0.00554 -0.03909 0.08806 0.10288
0.37247 -0.10215 1.60372 -0.22296 -0.18474 1.50437 0.00702 -0.03010 -0.02556 0.00292 0.00507 -0.00662 0.07986 0.10114
0.41213 -0.21427 1.71281 -0.24065 -0.19314 1.63662 0.03966 -0.11212 0.10909 -0.01769 -0.00840 0.13225 0.07346 0.10797
0.41134 -0.252 1.71561 -0.24312 -0.18775 1.63566 -0.00079 -0.03773 0.00280 -0.00247 0.00539 -0.00096 0.06916 0.11038
0.41325 -0.2655 1.74982 -0.25122 -0.18871 1.65608 0.00191 -0.01350 0.03421 -0.00810 -0.00096 0.02042 0.07544 0.10388
0.42272 -0.26394 1.79098 -0.26164 -0.19379 1.70118 0.00947 0.00156 0.04116 -0.01042 -0.00508 0.04510 0.06980 0.07314
0.4257 -0.25914 1.79867 -0.26377 -0.19886 1.69994 0.00298 0.00480 0.00769 -0.00213 -0.00507 -0.00124 0.05663 0.09700
0.39377 -0.22514 1.66737 -0.24947 -0.17135 1.57023 -0.03193 0.03400 -0.13130 0.01430 0.02751 -0.12971 0.07142 0.06510
0.4031 -0.21638 1.6662 -0.25135 -0.17238 1.56351 0.00933 0.00876 -0.00117 -0.00188 -0.00103 -0.00672 0.05280 0.06855
0.4329 -0.22788 1.78788 -0.26362 -0.18345 1.65622 0.02980 -0.01150 0.12168 -0.01227 -0.01107 0.09271 0.08001 0.07010
0.42386 -0.2176 1.7437 -0.25418 -0.17928 1.61071 -0.00904 0.01028 -0.04418 0.00944 0.00417 -0.04551 0.06360 0.07036
0.42547 -0.21138 1.74522 -0.2507 -0.18143 1.60487 0.00161 0.00622 0.00152 0.00348 -0.00215 -0.00584 0.07986 0.07438
0.42663 -0.20539 1.74525 -0.24514 -0.18111 1.60141 0.00116 0.00599 0.00003 0.00556 0.00032 -0.00346 0.07730 0.07146
0.40685 -0.1805 1.69406 -0.2405 -0.17776 1.56926 -0.01978 0.02489 -0.05119 0.00464 0.00335 -0.03215 0.07964 0.06981
0.41324 -0.1753 1.70688 -0.23908 -0.17931 1.58071 0.00639 0.00520 0.01282 0.00142 -0.00155 0.01145 0.08232 0.07290
0.41766 -0.16751 1.70796 -0.2397 -0.17949 1.5817 0.00442 0.00779 0.00108 -0.00062 -0.00018 0.00099 0.08347 0.07276
0.45214 -0.17508 1.76662 -0.24304 -0.18454 1.60562 0.03448 -0.00757 0.05866 -0.00334 -0.00505 0.02392 0.08590 0.06876
0.43862 -0.16201 1.71139 -0.23604 -0.17905 1.55718 -0.01352 0.01307 -0.05523 0.00700 0.00549 -0.04844 0.08506 0.06452
0.44178 -0.15631 1.72006 -0.23785 -0.18061 1.5658 0.00316 0.00570 0.00867 -0.00181 -0.00156 0.00862 0.09405 0.06636
0.43206 -0.14254 1.68625 -0.23204 -0.17926 1.53685 -0.00972 0.01377 -0.03381 0.00581 0.00135 -0.02895 0.08842 0.07040
0.44306 -0.13816 1.73757 -0.23902 -0.18534 1.58563 0.01100 0.00438 0.05132 -0.00698 -0.00608 0.04878 0.08917 0.06955
0.4385 -0.13079 1.73793 -0.23842 -0.1859 1.59028 -0.00456 0.00737 0.00036 0.00060 -0.00056 0.00465 0.09040 0.07085
0.43259 -0.12534 1.74389 -0.23727 -0.19068 1.60315 -0.00591 0.00545 0.00596 0.00115 -0.00478 0.01287 0.09161 0.07312
0.41996 -0.12063 1.73719 -0.23519 -0.19318 1.60624 -0.01263 0.00471 -0.00670 0.00208 -0.00250 0.00309 0.10067 0.06774
0.4035 -0.11684 1.72934 -0.23368 -0.19266 1.60876 -0.01646 0.00379 -0.00785 0.00151 0.00052 0.00252 0.09391 0.06773
0.38458 -0.11346 1.72 -0.23271 -0.19106 1.61167 -0.01892 0.00338 -0.00934 0.00097 0.00160 0.00291 0.09817 0.06461
0.36374 -0.11089 1.71483 -0.23096 -0.19381 1.61782 -0.02084 0.00257 -0.00517 0.00175 -0.00275 0.00615 0.10567 0.07034
0.34087 -0.10755 1.69943 -0.22842 -0.19277 1.61459 -0.02287 0.00334 -0.01540 0.00254 0.00104 -0.00323 0.09012 0.06879
0.31721 -0.10069 1.68967 -0.22776 -0.19509 1.61721 -0.02366 0.00686 -0.00976 0.00066 -0.00232 0.00262 0.10522 0.07171
0.30833 -0.09789 1.78921 -0.24205 -0.20827 1.72253 -0.00888 0.00280 0.09954 -0.01429 -0.01318 0.10532 0.09432 0.07340
0.20277 -0.07293 1.61593 -0.22058 -0.19433 1.57932 -0.10556 0.02496 -0.17328 0.02147 0.01394 -0.14321 0.05181 0.06534
0.19445 -0.07736 1.63923 -0.22608 -0.19657 1.60741 -0.00832 -0.00443 0.02330 -0.00550 -0.00224 0.02809 0.05190 0.06571
0.1715 -0.08036 1.63729 -0.22647 -0.19571 1.60981 -0.02295 -0.00300 -0.00194 -0.00039 0.00086 0.00240 0.07266 0.06939
0.1464 -0.085 1.61198 -0.22363 -0.19317 1.58972 -0.02510 -0.00464 -0.02531 0.00284 0.00254 -0.02009 0.07410 0.07190
0.12981 -0.09204 1.61701 -0.22499 -0.19432 1.59936 -0.01659 -0.00704 0.00503 -0.00136 -0.00115 0.00964 0.07369 0.06737
0.11307 -0.10038 1.61932 -0.22512 -0.19544 1.60434 -0.01674 -0.00834 0.00231 -0.00013 -0.00112 0.00498 0.05544 0.06997
0.07031 -0.12631 1.61896 -0.22532 -0.19629 1.60476 -0.04276 -0.02593 -0.00036 -0.00020 -0.00085 0.00042 0.05397 0.06308
0.06055 -0.1446 1.62142 -0.22234 -0.19625 1.60911 -0.00976 -0.01829 0.00246 0.00298 0.00004 0.00435 0.05964 0.06553
0.05774 -0.1602 1.60828 -0.22374 -0.19235 1.59702 -0.00281 -0.01560 -0.01314 -0.00140 0.00390 -0.01209 0.05663 0.05369
0.05296 -0.17332 1.62706 -0.22448 -0.19623 1.6144 -0.00478 -0.01312 0.01878 -0.00074 -0.00388 0.01738 0.07644 0.05230
0.04678 -0.18413 1.63515 -0.22516 -0.19801 1.62016 -0.00618 -0.01081 0.00809 -0.00068 -0.00178 0.00576 0.07146 0.06744
0.04536 -0.19113 1.64011 -0.22705 -0.19998 1.62203 -0.00142 -0.00700 0.00496 -0.00189 -0.00197 0.00187 0.06374 0.06377
0.05717 -0.19652 1.64167 -0.22775 -0.19988 1.62426 0.01181 -0.00539 0.00156 -0.00070 0.00010 0.00223 0.06210 0.06133
0.05542 -0.19793 1.64637 -0.22935 -0.20044 1.62882 -0.00175 -0.00141 0.00470 -0.00160 -0.00056 0.00456 0.05283 0.06798
0.04886 -0.19728 1.6488 -0.23333 -0.20142 1.63352 -0.00656 0.00065 0.00243 -0.00398 -0.00098 0.00470 0.06431 0.07399
0.05199 -0.19492 1.6479 -0.234 -0.20145 1.63482 0.00313 0.00236 -0.00090 -0.00067 -0.00003 0.00130 0.06817 0.06783
0.06364 -0.1978 1.64722 -0.23416 -0.20088 1.63674 0.01165 -0.00288 -0.00068 -0.00016 0.00057 0.00192 0.06483 0.06486
0.06189 -0.19573 1.64726 -0.23198 -0.20198 1.63758 -0.00175 0.00207 0.00004 0.00218 -0.00110 0.00084 0.06495 0.06527
0.06153 -0.1918 1.64606 -0.22977 -0.20279 1.6386 -0.00036 0.00393 -0.00120 0.00221 -0.00081 0.00102 0.05488 0.07301
0.07119 -0.1922 1.6438 -0.22812 -0.20129 1.63818 0.00966 -0.00040 -0.00226 0.00165 0.00150 -0.00042 0.06984 0.06906
0.07534 -0.18965 1.6443 -0.22587 -0.20185 1.64045 0.00415 0.00255 0.00050 0.00225 -0.00056 0.00227 0.06044 0.06804
0.08055 -0.18688 1.64208 -0.22528 -0.1999 1.64251 0.00521 0.00277 -0.00222 0.00059 0.00195 0.00206 0.08350 0.06987
0.08749 -0.18144 1.64072 -0.22574 -0.19953 1.63954 0.00694 0.00544 -0.00136 -0.00046 0.00037 -0.00297 0.07028 0.06970
0.09274 -0.17132 1.59721 -0.21919 -0.19587 1.59932 0.00525 0.01012 -0.04351 0.00655 0.00366 -0.04022 0.05510 0.05563
0.11118 -0.16735 1.58995 -0.21895 -0.19742 1.59441 0.01844 0.00397 -0.00726 0.00024 -0.00155 -0.00491 0.05494 0.07289
0.1661 -0.16709 1.51509 -0.21764 -0.18874 1.54504 0.05492 0.00026 -0.07486 0.00131 0.00868 -0.04937 0.05279 0.08534
0.24411 -0.19949 1.55978 -0.22767 -0.19708 1.59027 0.07801 -0.03240 0.04469 -0.01003 -0.00834 0.04523 0.05165 0.08422
0.29552 -0.2231 1.54776 -0.22464 -0.20379 1.57886 0.05141 -0.02361 -0.01202 0.00303 -0.00671 -0.01141 0.04960 0.06237
0.35979 -0.25791 1.5299 -0.22126 -0.21242 1.56364 0.06427 -0.03481 -0.01786 0.00338 -0.00863 -0.01522 0.04164 0.06167
0.42056 -0.2967 1.52482 -0.2152 -0.22572 1.53873 0.06077 -0.03879 -0.00508 0.00606 -0.01330 -0.02491 0.04258 0.07883
0.48906 -0.35616 1.59341 -0.20765 -0.25489 1.5566 0.06850 -0.05946 0.06859 0.00755 -0.02917 0.01787 0.04912 0.03972
0.54945 -0.41582 1.66736 -0.20586 -0.28006 1.59645 0.06039 -0.05966 0.07395 0.00179 -0.02517 0.03985 0.06318 0.07861
0.57917 -0.5565 1.97702 -0.19286 -0.36291 1.72676 0.02972 -0.14068 0.30966 0.01300 -0.08285 0.13031 0.12894 0.05484
0.60471 -0.58 1.90936 -0.15531 -0.4165 1.71351 0.02554 -0.02350 -0.06766 0.03755 -0.05359 -0.01325 0.06809 0.05852
0.65489 -0.63954 2.07694 -0.14779 -0.48319 1.86063 0.05018 -0.05954 0.16758 0.00752 -0.06669 0.14712 0.07589 0.09124
0.62104 -0.62546 1.98479 -0.10797 -0.51342 1.76221 -0.03385 0.01408 -0.09215 0.03982 -0.03023 -0.09842 0.07337 0.08597
0.60857 -0.65328 2.02177 -0.08942 -0.53531 1.78812 -0.01247 -0.02782 0.03698 0.01855 -0.02189 0.02591 0.13395 0.07083
0.60343 -0.73035 2.09339 -0.0739 -0.60293 1.82242 -0.00514 -0.07707 0.07162 0.01552 -0.06762 0.03430 0.13108 0.06850
0.59431 -0.73556 2.08693 -0.06585 -0.59118 1.84952 -0.00912 -0.00521 -0.00646 0.00805 0.01175 0.02710 0.13060 0.06632
0.5729 -0.71516 2.00829 -0.0496 -0.63015 1.79831 -0.02141 0.02040 -0.07864 0.01625 -0.03897 -0.05121 0.13348 0.07104
0.61888 -0.73857 1.95933 -0.0431 -0.66756 1.83756 0.04598 -0.02341 -0.04896 0.00650 -0.03741 0.03925 0.13294 0.08527
0.58057 -0.74141 2.03095 -0.0707 -0.65256 1.92058 -0.03831 -0.00284 0.07162 -0.02760 0.01500 0.08302 0.10787 0.08510
0.60292 -0.75374 1.98924 -0.06768 -0.65031 1.9287 0.02235 -0.01233 -0.04171 0.00302 0.00225 0.00812 0.10688 0.09283
0.58879 -0.74481 1.99502 -0.04362 -0.67132 1.9122 -0.01413 0.00893 0.00578 0.02406 -0.02101 -0.01650 0.12615 0.09353
0.58475 -0.74994 1.99177 -0.05483 -0.66255 1.91743 -0.00404 -0.00513 -0.00325 -0.01121 0.00877 0.00523 0.06245 0.09158
0.58543 -0.75132 1.9882 -0.04995 -0.66724 1.91185 0.00068 -0.00138 -0.00357 0.00488 -0.00469 -0.00558 0.08566 0.09144
0.61119 -0.76251 1.941 -0.04556 -0.66417 1.8948 0.02576 -0.01119 -0.04720 0.00439 0.00307 -0.01705 0.11443 0.09109
0.61345 -0.76453 1.9438 -0.0466 -0.66634 1.89996 0.00226 -0.00202 0.00280 -0.00104 -0.00217 0.00516 0.11118 0.09004
0.64136 -0.77083 1.91074 -0.03812 -0.67373 1.89147 0.02791 -0.00630 -0.03306 0.00848 -0.00739 -0.00849 0.09707 0.09223
0.63632 -0.76983 1.91261 -0.03718 -0.67386 1.89009 -0.00504 0.00100 0.00187 0.00094 -0.00013 -0.00138 0.10381 0.08990
0.63486 -0.76984 1.91287 -0.03354 -0.67727 1.88764 -0.00146 -0.00001 0.00026 0.00364 -0.00341 -0.00245 0.09797 0.09266
0.63165 -0.76845 1.91172 -0.03803 -0.67384 1.88963 -0.00321 0.00139 -0.00115 -0.00449 0.00343 0.00199 0.08703 0.09030
0.62748 -0.76668 1.91419 -0.03895 -0.6731 1.8892 -0.00417 0.00177 0.00247 -0.00092 0.00074 -0.00043 0.10759 0.09019
0.62439 -0.76555 1.91075 -0.03656 -0.67627 1.88551 -0.00309 0.00113 -0.00344 0.00239 -0.00317 -0.00369 0.09599 0.09170
0.6256 -0.76578 1.91703 -0.03933 -0.67521 1.89263 0.00121 -0.00023 0.00628 -0.00277 0.00106 0.00712 0.10263 0.09090
0.60689 -0.76022 1.93374 -0.04031 -0.67374 1.89183 -0.01871 0.00556 0.01671 -0.00098 0.00147 -0.00080 0.10475 0.08977
0.60659 -0.75937 1.9305 -0.04154 -0.67185 1.89032 -0.00030 0.00085 -0.00324 -0.00123 0.00189 -0.00151 0.10472 0.08988
0.60835 -0.75971 1.92805 -0.03998 -0.6719 1.88928 0.00176 -0.00034 -0.00245 0.00156 -0.00005 -0.00104 0.11098 0.09038
0.61875 -0.76285 1.90889 -0.03853 -0.67154 1.8876 0.01040 -0.00314 -0.01916 0.00145 0.00036 -0.00168 0.11001 0.09075
0.61942 -0.7641 1.91068 -0.03801 -0.67292 1.88864 0.00067 -0.00125 0.00179 0.00052 -0.00138 0.00104 0.11312 0.09170
0.6183 -0.76284 1.90846 -0.03703 -0.67192 1.88778 -0.00112 0.00126 -0.00222 0.00098 0.00100 -0.00086 0.12831 0.09073
0.61967 -0.76306 1.90746 -0.03703 -0.67163 1.88684 0.00137 -0.00022 -0.00100 0.00000 0.00029 -0.00094 0.11110 0.09251
0.61829 -0.76237 1.90531 -0.03727 -0.6718 1.88539 -0.00138 0.00069 -0.00215 -0.00024 -0.00017 -0.00145 0.11095 0.09131
0.61892 -0.76181 1.9048 -0.03699 -0.67068 1.88481 0.00063 0.00056 -0.00051 0.00028 0.00112 -0.00058 0.11275 0.09140
]
