classifier_Monkey_jumps_on_car_25508 [ 0.53375 -0.60643 1.6207 -0.41432 -0.65922 1.86564 0.53375 -0.60643 1.6207 -0.41432 -0.65922 1.86564 0.13325 0.09816
0.53415 -0.60645 1.62103 -0.41463 -0.65777 1.86327 0.00040 -0.00002 0.00033 -0.00031 0.00145 -0.00237 0.13558 0.11358
0.53688 -0.60784 1.62078 -0.41554 -0.66175 1.8682 0.00273 -0.00139 -0.00025 -0.00091 -0.00398 0.00493 0.13519 0.01553
0.53603 -0.60822 1.62069 -0.41569 -0.66134 1.8658 -0.00085 -0.00038 -0.00009 -0.00015 0.00041 -0.00240 0.13516 0.09282
0.53599 -0.60819 1.62146 -0.41473 -0.66086 1.86304 -0.00004 0.00003 0.00077 0.00096 0.00048 -0.00276 0.13523 0.09515
0.53575 -0.60838 1.62112 -0.41635 -0.66146 1.86462 -0.00024 -0.00019 -0.00034 -0.00162 -0.00060 0.00158 0.13472 0.08427
0.53141 -0.60305 1.60566 -0.45358 -0.7405 1.92082 -0.00434 0.00533 -0.01546 -0.03723 -0.07904 0.05620 0.13328 0.08316
0.53726 -0.60854 1.62232 -0.44057 -0.7172 1.88125 0.00585 -0.00549 0.01666 0.01301 0.02330 -0.03957 0.13603 0.06905
0.53663 -0.6085 1.62234 -0.40364 -0.62424 1.85294 -0.00063 0.00004 0.00002 0.03693 0.09296 -0.02831 0.13463 0.06528
0.53584 -0.60824 1.62007 -0.40744 -0.63172 1.84663 -0.00079 0.00026 -0.00227 -0.00380 -0.00748 -0.00631 0.13431 0.03534
0.53643 -0.60818 1.62019 -0.43957 -0.71754 1.81592 0.00059 0.00006 0.00012 -0.03213 -0.08582 -0.03071 0.13427 0.03578
0.53487 -0.60692 1.61911 -0.43822 -0.71597 1.79029 -0.00156 0.00126 -0.00108 0.00135 0.00157 -0.02563 0.13380 0.04791
0.53029 -0.60278 1.62064 -0.4309 -0.68489 1.7258 -0.00458 0.00414 0.00153 0.00732 0.03108 -0.06449 0.13451 0.04823
0.52794 -0.59867 1.62185 -0.42502 -0.6554 1.69689 -0.00235 0.00411 0.00121 0.00588 0.02949 -0.02891 0.12084 0.07285
0.44064 -0.43276 1.47746 -0.38301 -0.50226 1.51538 -0.08730 0.16591 -0.14439 0.04201 0.15314 -0.18151 0.06375 0.06252
0.32487 -0.32759 1.41896 -0.33769 -0.32489 1.41574 -0.11577 0.10517 -0.05850 0.04532 0.17737 -0.09964 0.04680 0.05445
0.30194 -0.31026 1.41986 -0.32143 -0.26205 1.41242 -0.02293 0.01733 0.00090 0.01626 0.06284 -0.00332 0.04991 0.05320
0.28601 -0.29698 1.41461 -0.3075 -0.20451 1.42171 -0.01593 0.01328 -0.00525 0.01393 0.05754 0.00929 0.06751 0.05063
0.26032 -0.2718 1.35353 -0.28431 -0.14343 1.37686 -0.02569 0.02518 -0.06108 0.02319 0.06108 -0.04485 0.04714 0.04559
0.24177 -0.24704 1.31245 -0.26926 -0.10018 1.35383 -0.01855 0.02476 -0.04108 0.01505 0.04325 -0.02303 0.05796 0.04728
0.24168 -0.21829 1.35819 -0.27317 -0.07534 1.39588 -0.00009 0.02875 0.04574 -0.00391 0.02484 0.04205 0.06188 0.04823
0.21529 -0.15151 1.26071 -0.24903 -0.0617 1.29093 -0.02639 0.06678 -0.09748 0.02414 0.01364 -0.10495 0.05973 0.04630
0.21205 -0.09267 1.3188 -0.24989 -0.06939 1.33656 -0.00324 0.05884 0.05809 -0.00086 -0.00769 0.04563 0.07758 0.04979
0.19465 -0.02517 1.33159 -0.23896 -0.08633 1.32945 -0.01740 0.06750 0.01279 0.01093 -0.01694 -0.00711 0.06658 0.05004
0.17353 0.03519 1.32269 -0.22121 -0.10348 1.29721 -0.02112 0.06036 -0.00890 0.01775 -0.01715 -0.03224 0.07632 0.05040
0.15581 0.0836 1.32975 -0.20403 -0.11746 1.28245 -0.01772 0.04841 0.00706 0.01718 -0.01398 -0.01476 0.10845 0.05109
0.15385 0.12202 1.40693 -0.20252 -0.12704 1.33846 -0.00196 0.03842 0.07718 0.00151 -0.00958 0.05601 0.10255 0.05220
0.14958 0.14486 1.41537 -0.19594 -0.11941 1.34108 -0.00427 0.02284 0.00844 0.00658 0.00763 0.00262 0.08570 0.05086
0.14987 0.15366 1.41311 -0.19683 -0.09853 1.33803 0.00029 0.00880 -0.00226 -0.00089 0.02088 -0.00305 0.09377 0.04632
0.16857 0.13098 1.41626 -0.21466 -0.018 1.37401 0.01870 -0.02268 0.00315 -0.01783 0.08053 0.03598 0.06086 0.06940
0.1811 0.09594 1.40283 -0.22462 0.02711 1.39015 0.01253 -0.03504 -0.01343 -0.00996 0.04511 0.01614 0.04747 0.06691
0.20706 -0.01157 1.37426 -0.24308 0.10056 1.41919 0.02596 -0.10751 -0.02857 -0.01846 0.07345 0.02904 0.05915 0.07360
0.21646 -0.05832 1.36938 -0.25134 0.12305 1.42352 0.00940 -0.04675 -0.00488 -0.00826 0.02249 0.00433 0.05656 0.07508
0.21888 -0.08303 1.36499 -0.25639 0.13217 1.41886 0.00242 -0.02471 -0.00439 -0.00505 0.00912 -0.00466 0.06928 0.08413
0.21604 -0.08186 1.36414 -0.26015 0.12787 1.40863 -0.00284 0.00117 -0.00085 -0.00376 -0.00430 -0.01023 0.06602 0.05594
0.21279 -0.05816 1.36529 -0.26166 0.11103 1.39851 -0.00325 0.02370 0.00115 -0.00151 -0.01684 -0.01012 0.06815 0.06942
0.2073 -0.02 1.38365 -0.26244 0.08047 1.39985 -0.00549 0.03816 0.01836 -0.00078 -0.03056 0.00134 0.06863 0.06402
0.19613 0.0274 1.39612 -0.25817 0.03941 1.39189 -0.01117 0.04740 0.01247 0.00427 -0.04106 -0.00796 0.07106 0.06941
0.18454 0.07489 1.41287 -0.24938 -0.00585 1.39248 -0.01159 0.04749 0.01675 0.00879 -0.04526 0.00059 0.08370 0.07244
0.17559 0.11338 1.42814 -0.23821 -0.05119 1.39267 -0.00895 0.03849 0.01527 0.01117 -0.04534 0.00019 0.06387 0.06493
0.16255 0.14292 1.42495 -0.22132 -0.08284 1.37738 -0.01304 0.02954 -0.00319 0.01689 -0.03165 -0.01529 0.08402 0.06297
0.15389 0.16261 1.42723 -0.20707 -0.1022 1.37442 -0.00866 0.01969 0.00228 0.01425 -0.01936 -0.00296 0.06743 0.05767
0.14642 0.17151 1.41191 -0.19143 -0.10752 1.36471 -0.00747 0.00890 -0.01532 0.01564 -0.00532 -0.00971 0.06481 0.06599
0.1339 0.15363 1.39097 -0.17591 -0.0792 1.36817 -0.01252 -0.01788 -0.02094 0.01552 0.02832 0.00346 0.07729 0.07622
0.13552 0.13179 1.406 -0.17988 -0.05762 1.39222 0.00162 -0.02184 0.01503 -0.00397 0.02158 0.02405 0.06772 0.07865
0.13726 0.09797 1.38787 -0.17882 -0.02818 1.3812 0.00174 -0.03382 -0.01813 0.00106 0.02944 -0.01102 0.06628 0.08613
0.15529 0.01755 1.38814 -0.17577 0.03248 1.38758 0.01803 -0.08042 0.00027 0.00305 0.06066 0.00638 0.08962 0.09871
0.17452 -0.02761 1.44053 -0.18052 0.05813 1.43829 0.01923 -0.04516 0.05239 -0.00475 0.02565 0.05071 0.07162 0.08764
0.19049 -0.07507 1.46002 -0.17665 0.07835 1.44877 0.01597 -0.04746 0.01949 0.00387 0.02022 0.01048 0.09663 0.09706
0.20608 -0.1266 1.50446 -0.17665 0.08981 1.47372 0.01559 -0.05153 0.04444 0.00000 0.01146 0.02495 0.09533 0.09641
0.21818 -0.17799 1.53544 -0.17404 0.0889 1.47743 0.01210 -0.05139 0.03098 0.00261 -0.00091 0.00371 0.09488 0.10303
0.22936 -0.22508 1.55166 -0.17144 0.07626 1.45899 0.01118 -0.04709 0.01622 0.00260 -0.01264 -0.01844 0.08365 0.10239
0.23564 -0.26541 1.55479 -0.16404 0.05221 1.42185 0.00628 -0.04033 0.00313 0.00740 -0.02405 -0.03714 0.10170 0.10267
0.24505 -0.29531 1.56889 -0.1643 0.0313 1.39982 0.00941 -0.02990 0.01410 -0.00026 -0.02091 -0.02203 0.08753 0.11605
0.25941 -0.33046 1.64945 -0.16756 0.01641 1.44601 0.01436 -0.03515 0.08056 -0.00326 -0.01489 0.04619 0.10138 0.11770
0.26524 -0.34974 1.69491 -0.17111 0.00759 1.46723 0.00583 -0.01928 0.04546 -0.00355 -0.00882 0.02122 0.09919 0.11394
0.25912 -0.35694 1.68493 -0.16775 0.00319 1.44588 -0.00612 -0.00720 -0.00998 0.00336 -0.00440 -0.02135 0.11123 0.10696
0.24954 -0.34272 1.61946 -0.15996 0.00507 1.38854 -0.00958 0.01422 -0.06547 0.00779 0.00188 -0.05734 0.11472 0.10226
0.25334 -0.32328 1.56873 -0.15479 0.00623 1.34844 0.00380 0.01944 -0.05073 0.00517 0.00116 -0.04010 0.11676 0.10270
0.28875 -0.32921 1.63587 -0.1634 0.0076 1.40784 0.03541 -0.00593 0.06714 -0.00861 0.00137 0.05940 0.08691 0.10514
0.30735 -0.32379 1.62676 -0.16389 0.00838 1.39746 0.01860 0.00542 -0.00911 -0.00049 0.00078 -0.01038 0.06691 0.10400
0.32945 -0.32621 1.64246 -0.1672 0.00818 1.40764 0.02210 -0.00242 0.01570 -0.00331 -0.00020 0.01018 0.05154 0.10079
0.35914 -0.33469 1.68161 -0.17403 0.00748 1.43091 0.02969 -0.00848 0.03915 -0.00683 -0.00070 0.02327 0.08391 0.10315
0.40004 -0.33547 1.72748 -0.18196 0.0056 1.45377 0.04090 -0.00078 0.04587 -0.00793 -0.00188 0.02286 0.04967 0.10607
0.41125 -0.33458 1.70471 -0.18292 0.00333 1.42411 0.01121 0.00089 -0.02277 -0.00096 -0.00227 -0.02966 0.06021 0.10255
0.45083 -0.3451 1.79134 -0.19329 0.00065 1.47906 0.03958 -0.01052 0.08663 -0.01037 -0.00268 0.05495 0.07257 0.11139
0.45146 -0.36567 1.80751 -0.19478 -0.00411 1.44811 0.00063 -0.02057 0.01617 -0.00149 -0.00476 -0.03095 0.10485 0.10996
0.44665 -0.3406 1.88442 -0.19983 -0.00496 1.47751 -0.00481 0.02507 0.07691 -0.00505 -0.00085 0.02940 0.04361 0.10510
0.41868 -0.3118 1.92067 -0.1993 -0.00474 1.47708 -0.02797 0.02880 0.03625 0.00053 0.00022 -0.00043 0.04187 0.10485
0.39973 -0.26914 1.94845 -0.20183 -0.00548 1.47836 -0.01895 0.04266 0.02778 -0.00253 -0.00074 0.00128 0.04914 0.11142
0.46639 -0.25025 2.11098 -0.21707 -0.00502 1.59578 0.06666 0.01889 0.16253 -0.01524 0.00046 0.11742 0.08480 0.12019
0.46214 -0.25151 2.10068 -0.2168 -0.00333 1.59518 -0.00425 -0.00126 -0.01030 0.00027 0.00169 -0.00060 0.07469 0.11799
0.46215 -0.26856 2.08047 -0.21635 -0.00074 1.58738 0.00001 -0.01705 -0.02021 0.00045 0.00259 -0.00780 0.10850 0.11408
0.43643 -0.32062 1.89984 -0.20111 0.00328 1.47772 -0.02572 -0.05206 -0.18063 0.01524 0.00402 -0.10966 0.04363 0.10557
0.44485 -0.3307 1.91356 -0.20223 0.00409 1.47974 0.00842 -0.01008 0.01372 -0.00112 0.00081 0.00202 0.04701 0.10162
0.42962 -0.31908 1.93882 -0.20188 0.00396 1.47833 -0.01523 0.01162 0.02526 0.00035 -0.00013 -0.00141 0.05135 0.10094
0.4353 -0.28032 1.96069 -0.20083 0.00318 1.47909 0.00568 0.03876 0.02187 0.00105 -0.00078 0.00076 0.06156 0.10508
0.4221 -0.27467 1.95858 -0.19924 0.00172 1.47809 -0.01320 0.00565 -0.00211 0.00159 -0.00146 -0.00100 0.05714 0.10642
0.42211 -0.27863 1.9457 -0.19938 0.001 1.47774 0.00001 -0.00396 -0.01288 -0.00014 -0.00072 -0.00035 0.08128 0.10520
0.41704 -0.30411 1.89389 -0.19922 0.00363 1.4803 -0.00507 -0.02548 -0.05181 0.00016 0.00263 0.00256 0.06879 0.10208
0.4163 -0.31207 1.86361 -0.19933 0.00437 1.48152 -0.00074 -0.00796 -0.03028 -0.00011 0.00074 0.00122 0.06418 0.10180
0.39784 -0.30844 1.78692 -0.19467 0.00597 1.44423 -0.01846 0.00363 -0.07669 0.00466 0.00160 -0.03729 0.09804 0.09764
0.40739 -0.31359 1.8007 -0.20046 0.00602 1.48314 0.00955 -0.00515 0.01378 -0.00579 0.00005 0.03891 0.06079 0.09815
0.38356 -0.29396 1.73315 -0.19973 0.00868 1.48439 -0.02383 0.01963 -0.06755 0.00073 0.00266 0.00125 0.07008 0.10018
0.36667 -0.26203 1.64647 -0.19944 0.01066 1.4762 -0.01689 0.03193 -0.08668 0.00029 0.00198 -0.00819 0.05534 0.10180
0.33657 -0.21528 1.60575 -0.19534 0.0107 1.45076 -0.03010 0.04675 -0.04072 0.00410 0.00004 -0.02544 0.05352 0.09892
0.32307 -0.17409 1.59163 -0.19564 0.01085 1.44637 -0.01350 0.04119 -0.01412 -0.00030 0.00015 -0.00439 0.06094 0.09852
0.31109 -0.12706 1.59261 -0.19656 0.0132 1.46981 -0.01198 0.04703 0.00098 -0.00092 0.00235 0.02344 0.04396 0.09875
0.29602 -0.08294 1.56243 -0.19355 0.01363 1.45394 -0.01507 0.04412 -0.03018 0.00301 0.00043 -0.01587 0.04292 0.10087
0.27314 -0.03701 1.50755 -0.18725 0.01389 1.41148 -0.02288 0.04593 -0.05488 0.00630 0.00026 -0.04246 0.05641 0.09627
0.26531 -0.00172 1.53539 -0.19085 0.01496 1.43957 -0.00783 0.03529 0.02784 -0.00360 0.00107 0.02809 0.05783 0.09718
0.23369 0.03516 1.45027 -0.17721 0.01664 1.36325 -0.03162 0.03688 -0.08512 0.01364 0.00168 -0.07632 0.05748 0.09563
0.22318 0.05898 1.47715 -0.1813 0.01743 1.3937 -0.01051 0.02382 0.02688 -0.00409 0.00079 0.03045 0.10814 0.09534
0.21304 0.07846 1.51861 -0.18485 0.01776 1.43862 -0.01014 0.01948 0.04146 -0.00355 0.00033 0.04492 0.08619 0.10344
0.17407 0.06484 1.47899 -0.17981 0.01619 1.43918 -0.03897 -0.01362 -0.03962 0.00504 -0.00157 0.00056 0.05726 0.10300
0.1604 0.04217 1.45861 -0.17879 0.01354 1.44718 -0.01367 -0.02267 -0.02038 0.00102 -0.00265 0.00800 0.05052 0.10434
0.15038 0.01903 1.43786 -0.17842 0.01189 1.45096 -0.01002 -0.02314 -0.02075 0.00037 -0.00165 0.00378 0.07512 0.10473
0.14786 0.00643 1.43084 -0.17773 0.01025 1.46258 -0.00252 -0.01260 -0.00702 0.00069 -0.00164 0.01162 0.07733 0.10296
0.14929 0.00733 1.43497 -0.17852 0.0112 1.46629 0.00143 0.00090 0.00413 -0.00079 0.00095 0.00371 0.05785 0.10466
0.15274 0.01305 1.44052 -0.17831 0.01265 1.4696 0.00345 0.00572 0.00555 0.00021 0.00145 0.00331 0.06160 0.10527
0.15467 0.01758 1.44735 -0.18035 0.01317 1.47449 0.00193 0.00453 0.00683 -0.00204 0.00052 0.00489 0.05762 0.10400
0.15705 0.01548 1.44758 -0.18104 0.01455 1.47418 0.00238 -0.00210 0.00023 -0.00069 0.00138 -0.00031 0.06724 0.10321
0.14873 0.00662 1.33783 -0.1732 0.01482 1.37101 -0.00832 -0.00886 -0.10975 0.00784 0.00027 -0.10317 0.04083 0.09321
0.14153 -0.005 1.25078 -0.16818 0.01249 1.29006 -0.00720 -0.01162 -0.08705 0.00502 -0.00233 -0.08095 0.05009 0.09135
0.142 -0.01266 1.22895 -0.1661 0.01065 1.27522 0.00047 -0.00766 -0.02183 0.00208 -0.00184 -0.01484 0.05419 0.09042
0.14761 -0.01518 1.2285 -0.16532 0.00913 1.28471 0.00561 -0.00252 -0.00045 0.00078 -0.00152 0.00949 0.06849 0.09253
0.15396 -0.01012 1.22616 -0.16722 0.0079 1.29004 0.00635 0.00506 -0.00234 -0.00190 -0.00123 0.00533 0.05463 0.09217
0.15701 0.0051 1.20721 -0.16391 0.00768 1.27615 0.00305 0.01522 -0.01895 0.00331 -0.00022 -0.01389 0.05483 0.09332
0.19957 0.05752 1.27453 -0.16833 0.00935 1.30883 0.04256 0.05242 0.06732 -0.00442 0.00167 0.03268 0.06169 0.08928
0.15766 0.18586 1.21176 -0.16482 0.01054 1.29641 -0.04191 0.12834 -0.06277 0.00351 0.00119 -0.01242 0.06464 0.09233
0.14331 0.23674 1.19582 -0.1625 0.01139 1.27483 -0.01435 0.05088 -0.01594 0.00232 0.00085 -0.02158 0.06242 0.09033
0.12427 0.28211 1.19138 -0.16016 0.0117 1.26197 -0.01904 0.04537 -0.00444 0.00234 0.00031 -0.01286 0.02278 0.08805
0.09873 0.32701 1.18484 -0.15678 0.01148 1.24379 -0.02554 0.04490 -0.00654 0.00338 -0.00022 -0.01818 0.06933 0.08663
0.07196 0.35923 1.20849 -0.15518 0.01141 1.25377 -0.02677 0.03222 0.02365 0.00160 -0.00007 0.00998 0.04183 0.08937
0.04077 0.38252 1.22457 -0.152 0.01053 1.25508 -0.03119 0.02329 0.01608 0.00318 -0.00088 0.00131 0.02462 0.08800
0.00566 0.39891 1.2524 -0.15065 0.01002 1.26783 -0.03511 0.01639 0.02783 0.00135 -0.00051 0.01275 0.08664 0.09219
-0.03108 0.39909 1.25662 -0.14472 0.00976 1.2546 -0.03674 0.00018 0.00422 0.00593 -0.00026 -0.01323 0.04756 0.08578
-0.06675 0.39104 1.26747 -0.13885 0.00897 1.25159 -0.03567 -0.00805 0.01085 0.00587 -0.00079 -0.00301 0.03852 0.08739
-0.10132 0.37254 1.28182 -0.13585 0.00782 1.25401 -0.03457 -0.01850 0.01435 0.00300 -0.00115 0.00242 0.04153 0.08951
-0.14953 0.36284 1.27441 -0.12654 0.00781 1.24055 -0.04821 -0.00970 -0.00741 0.00931 -0.00001 -0.01346 0.02862 0.09128
-0.20681 0.27308 1.19119 -0.07426 0.01204 1.1433 -0.05728 -0.08976 -0.08322 0.05228 0.00423 -0.09725 0.03845 0.09135
-0.2697 0.19967 1.23038 -0.05867 0.01383 1.18325 -0.06289 -0.07341 0.03919 0.01559 0.00179 0.03995 0.04009 0.09399
-0.2875 0.16452 1.23322 -0.07176 0.01591 1.19007 -0.01780 -0.03515 0.00284 -0.01309 0.00208 0.00682 0.04164 0.11886
-0.30236 0.14375 1.25103 -0.07881 0.01506 1.20603 -0.01486 -0.02077 0.01781 -0.00705 -0.00085 0.01596 0.05570 0.11728
-0.2976 0.11207 1.28921 -0.08107 0.01682 1.23628 0.00476 -0.03168 0.03818 -0.00226 0.00176 0.03025 0.05955 0.12657
-0.30652 0.12511 1.2554 -0.07853 0.01737 1.20996 -0.00892 0.01304 -0.03381 0.00254 0.00055 -0.02632 0.05855 0.12451
-0.30687 0.12513 1.25672 -0.07786 0.02028 1.21282 -0.00035 0.00002 0.00132 0.00067 0.00291 0.00286 0.05117 0.12283
-0.30602 0.1279 1.25337 -0.07434 0.02227 1.20998 0.00085 0.00277 -0.00335 0.00352 0.00199 -0.00284 0.05322 0.12847
-0.30559 0.12953 1.25326 -0.07476 0.02507 1.2116 0.00043 0.00163 -0.00011 -0.00042 0.00280 0.00162 0.05382 0.12171
-0.30537 0.13225 1.25354 -0.07771 0.02672 1.21279 0.00022 0.00272 0.00028 -0.00295 0.00165 0.00119 0.05733 0.11889
-0.30261 0.13362 1.24573 -0.0756 0.02917 1.20916 0.00276 0.00137 -0.00781 0.00211 0.00245 -0.00363 0.06330 0.12126
-0.30102 0.1354 1.24613 -0.07728 0.0295 1.21186 0.00159 0.00178 0.00040 -0.00168 0.00033 0.00270 0.05248 0.11607
-0.29743 0.1372 1.24302 -0.08635 0.02634 1.21137 0.00359 0.00180 -0.00311 -0.00907 -0.00316 -0.00049 0.05158 0.12400
-0.29377 0.14072 1.24604 -0.08636 0.02437 1.21375 0.00366 0.00352 0.00302 -0.00001 -0.00197 0.00238 0.06409 0.11956
-0.27499 0.1461 1.24661 -0.08709 0.01592 1.20414 0.01878 0.00538 0.00057 -0.00073 -0.00845 -0.00961 0.04751 0.12228
-0.1763 0.04514 1.3034 -0.11159 -0.00607 1.26632 0.09869 -0.10096 0.05679 -0.02450 -0.02199 0.06218 0.07549 0.11233
-0.19178 0.11365 1.35141 -0.11741 -0.02418 1.27779 -0.01548 0.06851 0.04801 -0.00582 -0.01811 0.01147 0.04186 0.11493
-0.1517 0.08711 1.38145 -0.16928 -0.05948 1.29306 0.04008 -0.02654 0.03004 -0.05187 -0.03530 0.01527 0.06798 0.09128
-0.11184 0.06639 1.48049 -0.16069 -0.10274 1.35961 0.03986 -0.02072 0.09904 0.00859 -0.04326 0.06655 0.14193 0.07364
-0.0451 0.03288 1.62055 -0.24553 -0.14158 1.5009 0.06674 -0.03351 0.14006 -0.08484 -0.03884 0.14129 0.05816 0.11579
0.0154 -0.00695 1.57805 -0.26387 -0.18232 1.46943 0.06050 -0.03983 -0.04250 -0.01834 -0.04074 -0.03147 0.07010 0.09577
0.07796 -0.05167 1.45881 -0.27543 -0.21186 1.36926 0.06256 -0.04472 -0.11924 -0.01156 -0.02954 -0.10017 0.07065 0.05551
0.14892 -0.105 1.43574 -0.3064 -0.25318 1.36531 0.07096 -0.05333 -0.02307 -0.03097 -0.04132 -0.00395 0.06706 0.07474
0.21398 -0.16268 1.35685 -0.33288 -0.28522 1.31884 0.06506 -0.05768 -0.07889 -0.02648 -0.03204 -0.04647 0.05785 0.05029
0.29956 -0.23007 1.41897 -0.39193 -0.34769 1.41177 0.08558 -0.06739 0.06212 -0.05905 -0.06247 0.09293 0.04659 0.04563
0.37214 -0.29736 1.46953 -0.43328 -0.40711 1.47794 0.07258 -0.06729 0.05056 -0.04135 -0.05942 0.06617 0.05492 0.05005
0.42856 -0.34891 1.47953 -0.45454 -0.45232 1.49128 0.05642 -0.05155 0.01000 -0.02126 -0.04521 0.01334 0.04497 0.05363
0.48181 -0.39658 1.51616 -0.47389 -0.49647 1.55723 0.05325 -0.04767 0.03663 -0.01935 -0.04415 0.06595 0.05249 0.06225
0.50768 -0.43214 1.56008 -0.4877 -0.54619 1.5807 0.02587 -0.03556 0.04392 -0.01381 -0.04972 0.02347 0.05488 0.05539
0.53005 -0.47399 1.60154 -0.49303 -0.5883 1.61402 0.02237 -0.04185 0.04146 -0.00533 -0.04211 0.03332 0.08573 0.06002
0.54298 -0.50823 1.65306 -0.49569 -0.62469 1.67837 0.01293 -0.03424 0.05152 -0.00266 -0.03639 0.06435 0.09835 0.06540
0.54751 -0.52981 1.6814 -0.48733 -0.63857 1.71396 0.00453 -0.02158 0.02834 0.00836 -0.01388 0.03559 0.08799 0.07437
0.53191 -0.58123 1.59034 -0.46085 -0.64762 1.63948 -0.01560 -0.05142 -0.09106 0.02648 -0.00905 -0.07448 0.06871 0.06453
0.53482 -0.6022 1.61427 -0.44624 -0.68707 1.7462 0.00291 -0.02097 0.02393 0.01461 -0.03945 0.10672 0.10581 0.05159
0.53549 -0.60631 1.61886 -0.44579 -0.70573 1.76001 0.00067 -0.00411 0.00459 0.00045 -0.01866 0.01381 0.09990 0.05154
0.5287 -0.60166 1.59928 -0.43654 -0.69885 1.75734 -0.00679 0.00465 -0.01958 0.00925 0.00688 -0.00267 0.08376 0.06576
0.53093 -0.6029 1.60247 -0.43426 -0.69957 1.77355 0.00223 -0.00124 0.00319 0.00228 -0.00072 0.01621 0.08365 0.06986
0.53625 -0.60567 1.61275 -0.43261 -0.69789 1.79457 0.00532 -0.00277 0.01028 0.00165 0.00168 0.02102 0.12405 0.07786
0.53749 -0.60361 1.61391 -0.43793 -0.71509 1.79919 0.00124 0.00206 0.00116 -0.00532 -0.01720 0.00462 0.09347 0.07022
0.53884 -0.60377 1.6112 -0.42917 -0.69604 1.80558 0.00135 -0.00016 -0.00271 0.00876 0.01905 0.00639 0.09745 0.06460
0.53933 -0.60554 1.6139 -0.40354 -0.62411 1.82921 0.00049 -0.00177 0.00270 0.02563 0.07193 0.02363 0.09672 0.04912
0.53635 -0.60354 1.607 -0.39626 -0.6126 1.8182 -0.00298 0.00200 -0.00690 0.00728 0.01151 -0.01101 0.09463 0.04802
0.53527 -0.60231 1.6122 -0.3957 -0.61233 1.81452 -0.00108 0.00123 0.00520 0.00056 0.00027 -0.00368 0.09117 0.05081
0.53456 -0.6023 1.61173 -0.43129 -0.70806 1.80204 -0.00071 0.00001 -0.00047 -0.03559 -0.09573 -0.01248 0.09175 0.09182
0.53866 -0.60723 1.61632 -0.42244 -0.68415 1.82186 0.00410 -0.00493 0.00459 0.00885 0.02391 0.01982 0.09557 0.09695
0.538 -0.60676 1.61666 -0.4342 -0.71064 1.85191 -0.00066 0.00047 0.00034 -0.01176 -0.02649 0.03005 0.09567 0.07457
]
