classifier_Car_bumps_into_man_19523 [ 0.63895 -0.76672 1.86428 -0.07048 -0.65556 1.80645 0.63895 -0.76672 1.86428 -0.07048 -0.65556 1.80645 0.07755 0.08051
0.60224 -0.75977 1.90498 -0.07007 -0.65669 1.80769 -0.03671 0.00695 0.04070 0.00041 -0.00113 0.00124 0.07054 0.08231
0.59943 -0.75753 1.90101 -0.06902 -0.65488 1.8023 -0.00281 0.00224 -0.00397 0.00105 0.00181 -0.00539 0.07818 0.07543
0.59805 -0.75781 1.90544 -0.07036 -0.6554 1.80498 -0.00138 -0.00028 0.00443 -0.00134 -0.00052 0.00268 0.07678 0.07260
0.62931 -0.76349 1.87374 -0.06985 -0.65538 1.80406 0.03126 -0.00568 -0.03170 0.00051 0.00002 -0.00092 0.08005 0.06914
0.6302 -0.76413 1.8743 -0.07083 -0.65476 1.80651 0.00089 -0.00064 0.00056 -0.00098 0.00062 0.00245 0.06514 0.06894
0.62937 -0.76329 1.87152 -0.07008 -0.65317 1.80328 -0.00083 0.00084 -0.00278 0.00075 0.00159 -0.00323 0.07793 0.07660
0.62867 -0.76296 1.87223 -0.071 -0.65009 1.804 -0.00070 0.00033 0.00071 -0.00092 0.00308 0.00072 0.07269 0.07964
0.62779 -0.76374 1.87865 -0.07202 -0.6401 1.80922 -0.00088 -0.00078 0.00642 -0.00102 0.00999 0.00522 0.08194 0.07661
0.62416 -0.76428 1.88737 -0.06128 -0.61272 1.81493 -0.00363 -0.00054 0.00872 0.01074 0.02738 0.00571 0.09233 0.06899
0.62609 -0.76727 1.89619 -0.03953 -0.56465 1.81046 0.00193 -0.00299 0.00882 0.02175 0.04807 -0.00447 0.06883 0.06329
0.63009 -0.77215 1.90845 -0.01679 -0.46652 1.79935 0.00400 -0.00488 0.01226 0.02274 0.09813 -0.01111 0.09448 0.10066
0.58333 -0.737 1.84867 0.00471 -0.34688 1.69974 -0.04676 0.03515 -0.05978 0.02150 0.11964 -0.09961 0.08703 0.08932
0.60166 -0.76087 1.9087 -0.03047 -0.1417 1.7395 0.01833 -0.02387 0.06003 -0.03518 0.20518 0.03976 0.08368 0.07946
0.60185 -0.75324 1.88424 -0.05726 -0.07341 1.72179 0.00019 0.00763 -0.02446 -0.02679 0.06829 -0.01771 0.08384 0.08157
0.66892 -0.8028 1.95322 -0.11887 -0.07274 1.83054 0.06707 -0.04956 0.06898 -0.06161 0.00067 0.10875 0.08124 0.05550
0.60848 -0.76052 1.8989 -0.07002 0.02823 1.72874 -0.06044 0.04228 -0.05432 0.04885 0.10097 -0.10180 0.08291 0.05061
0.593 -0.7494 1.87942 -0.00341 0.23187 1.70212 -0.01548 0.01112 -0.01948 0.06661 0.20364 -0.02662 0.07394 0.06514
0.60612 -0.76653 1.92277 -0.00349 0.24257 1.74505 0.01312 -0.01713 0.04335 -0.00008 0.01070 0.04293 0.07709 0.07621
0.605 -0.76547 1.92212 -0.00424 0.27041 1.73925 -0.00112 0.00106 -0.00065 -0.00075 0.02784 -0.00580 0.07714 0.08412
0.60667 -0.76845 1.93288 0.00637 0.27394 1.74384 0.00167 -0.00298 0.01076 0.01061 0.00353 0.00459 0.08075 0.06574
0.60411 -0.76471 1.92149 0.02007 0.26674 1.73548 -0.00256 0.00374 -0.01139 0.01370 -0.00720 -0.00836 0.07528 0.06904
0.60366 -0.76401 1.91959 0.03287 0.25643 1.72913 -0.00045 0.00070 -0.00190 0.01280 -0.01031 -0.00635 0.08977 0.06800
0.60093 -0.76218 1.91823 0.04401 0.2435 1.72656 -0.00273 0.00183 -0.00136 0.01114 -0.01293 -0.00257 0.08270 0.07082
0.66016 -0.78888 1.91186 0.05405 0.21673 1.7645 0.05923 -0.02670 -0.00637 0.01004 -0.02677 0.03794 0.07622 0.11260
0.62501 -0.74571 1.80675 0.04569 0.11399 1.66931 -0.03515 0.04317 -0.10511 -0.00836 -0.10274 -0.09519 0.08711 0.07244
0.61408 -0.73943 1.80138 0.0437 0.07407 1.66313 -0.01093 0.00628 -0.00537 -0.00199 -0.03992 -0.00618 0.07707 0.08662
0.60941 -0.73869 1.80881 0.03421 0.01369 1.67334 -0.00467 0.00074 0.00743 -0.00949 -0.06038 0.01021 0.07510 0.06387
0.60951 -0.76093 1.89667 -0.00997 -0.09495 1.76643 0.00010 -0.02224 0.08786 -0.04418 -0.10864 0.09309 0.09091 0.10775
0.59 -0.74799 1.88576 -0.04695 -0.18815 1.75373 -0.01951 0.01294 -0.01091 -0.03698 -0.09320 -0.01270 0.09428 0.11110
0.59606 -0.75165 1.88696 -0.08465 -0.22545 1.76372 0.00606 -0.00366 0.00120 -0.03770 -0.03730 0.00999 0.07044 0.12818
0.59573 -0.75224 1.89099 -0.13983 -0.25777 1.78473 -0.00033 -0.00059 0.00403 -0.05518 -0.03232 0.02101 0.06754 0.10608
0.68866 -0.79645 1.90398 -0.19533 -0.2745 1.8786 0.09293 -0.04421 0.01299 -0.05550 -0.01673 0.09387 0.07610 0.08704
0.59524 -0.74427 1.86202 -0.23797 -0.2375 1.78152 -0.09342 0.05218 -0.04196 -0.04264 0.03700 -0.09708 0.08851 0.04788
0.59611 -0.74485 1.86267 -0.28487 -0.20276 1.79417 0.00087 -0.00058 0.00065 -0.04690 0.03474 0.01265 0.08230 0.06357
0.59424 -0.74292 1.85606 -0.31992 -0.16391 1.81002 -0.00187 0.00193 -0.00661 -0.03505 0.03885 0.01585 0.08066 0.06662
0.63492 -0.75612 1.83037 -0.33917 -0.14467 1.84442 0.04068 -0.01320 -0.02569 -0.01925 0.01924 0.03440 0.06025 0.05505
0.60319 -0.75978 1.90273 -0.34894 -0.12787 1.88181 -0.03173 -0.00366 0.07236 -0.00977 0.01680 0.03739 0.08552 0.07332
0.60356 -0.75993 1.90314 -0.34539 -0.11035 1.88187 0.00037 -0.00015 0.00041 0.00355 0.01752 0.00006 0.09044 0.06837
0.62106 -0.77048 1.91326 -0.33889 -0.09945 1.89711 0.01750 -0.01055 0.01012 0.00650 0.01090 0.01524 0.08573 0.06418
0.6233 -0.76989 1.9094 -0.32466 -0.0895 1.88397 0.00224 0.00059 -0.00386 0.01423 0.00995 -0.01314 0.10110 0.07678
0.58593 -0.73662 1.84319 -0.27155 -0.11403 1.7478 -0.03737 0.03327 -0.06621 0.05311 -0.02453 -0.13617 0.09261 0.06184
0.60381 -0.75895 1.89934 -0.2724 -0.14431 1.77203 0.01788 -0.02233 0.05615 -0.00085 -0.03028 0.02423 0.08037 0.05120
0.5876 -0.73879 1.84985 -0.25603 -0.20144 1.66796 -0.01621 0.02016 -0.04949 0.01637 -0.05713 -0.10407 0.07663 0.05631
0.56809 -0.71307 1.7846 -0.2411 -0.20727 1.60403 -0.01951 0.02572 -0.06525 0.01493 -0.00583 -0.06393 0.09493 0.04842
0.56672 -0.71146 1.78061 -0.23459 -0.20842 1.61111 -0.00137 0.00161 -0.00399 0.00651 -0.00115 0.00708 0.08343 0.04090
0.62078 -0.74286 1.80764 -0.23956 -0.2045 1.67565 0.05406 -0.03140 0.02703 -0.00497 0.00392 0.06454 0.07489 0.05196
0.62602 -0.74987 1.8292 -0.24517 -0.19356 1.70799 0.00524 -0.00701 0.02156 -0.00561 0.01094 0.03234 0.09462 0.04759
0.61001 -0.7291 1.77983 -0.23698 -0.19095 1.67092 -0.01601 0.02077 -0.04937 0.00819 0.00261 -0.03707 0.07125 0.05445
0.61746 -0.729 1.80615 -0.24334 -0.18642 1.68892 0.00745 0.00010 0.02632 -0.00636 0.00453 0.01800 0.08556 0.04086
0.6193 -0.74143 1.90452 -0.25573 -0.17858 1.73935 0.00184 -0.01243 0.09837 -0.01239 0.00784 0.05043 0.10346 0.04693
0.60932 -0.719 1.87256 -0.25172 -0.17993 1.70858 -0.00998 0.02243 -0.03196 0.00401 -0.00135 -0.03077 0.10765 0.05427
0.60991 -0.71422 1.88185 -0.25698 -0.18161 1.71537 0.00059 0.00478 0.00929 -0.00526 -0.00168 0.00679 0.11668 0.04587
0.60314 -0.70061 1.98821 -0.26819 -0.17611 1.75772 -0.00677 0.01361 0.10636 -0.01121 0.00550 0.04235 0.12789 0.04918
0.67755 -0.66548 1.74722 -0.27137 -0.1774 1.75556 0.07441 0.03513 -0.24099 -0.00318 -0.00129 -0.00216 0.07100 0.05642
0.65242 -0.63252 1.88125 -0.27241 -0.17863 1.7603 -0.02513 0.03296 0.13403 -0.00104 -0.00123 0.00474 0.08643 0.06977
0.6607 -0.6175 1.87528 -0.27306 -0.17817 1.76311 0.00828 0.01502 -0.00597 -0.00065 0.00046 0.00281 0.08567 0.06904
0.66269 -0.61082 1.86534 -0.27336 -0.17932 1.7708 0.00199 0.00668 -0.00994 -0.00030 -0.00115 0.00769 0.06774 0.06753
0.64414 -0.56736 1.9338 -0.27204 -0.18035 1.77156 -0.01855 0.04346 0.06846 0.00132 -0.00103 0.00076 0.12444 0.06860
0.64396 -0.54586 1.94234 -0.27153 -0.18111 1.77633 -0.00018 0.02150 0.00854 0.00051 -0.00076 0.00477 0.12849 0.06356
0.64873 -0.5186 1.94659 -0.27151 -0.18164 1.77922 0.00477 0.02726 0.00425 0.00002 -0.00053 0.00289 0.14650 0.06493
0.65338 -0.49309 1.94489 -0.27129 -0.17793 1.7818 0.00465 0.02551 -0.00170 0.00022 0.00371 0.00258 0.06713 0.06354
0.65878 -0.47695 1.9377 -0.27113 -0.17953 1.79095 0.00540 0.01614 -0.00719 0.00016 -0.00160 0.00915 0.05051 0.06964
0.64655 -0.45303 1.88273 -0.26627 -0.16965 1.75959 -0.01223 0.02392 -0.05497 0.00486 0.00988 -0.03136 0.13637 0.06567
0.642 -0.43297 1.85259 -0.26411 -0.16679 1.75321 -0.00455 0.02006 -0.03014 0.00216 0.00286 -0.00638 0.16547 0.06636
0.62422 -0.41284 1.79067 -0.2577 -0.16148 1.71658 -0.01778 0.02013 -0.06192 0.00641 0.00531 -0.03663 0.13262 0.06525
0.62465 -0.39687 1.79608 -0.26232 -0.16277 1.74547 0.00043 0.01597 0.00541 -0.00462 -0.00129 0.02889 0.07639 0.06766
0.60388 -0.35182 1.78927 -0.2646 -0.16405 1.76423 -0.02077 0.04505 -0.00681 -0.00228 -0.00128 0.01876 0.09647 0.06844
0.56636 -0.29131 1.81028 -0.27105 -0.16732 1.81115 -0.03752 0.06051 0.02101 -0.00645 -0.00327 0.04692 0.07844 0.06981
0.50812 -0.22484 1.77365 -0.26698 -0.16515 1.80014 -0.05824 0.06647 -0.03663 0.00407 0.00217 -0.01101 0.07231 0.05777
0.44892 -0.15594 1.77072 -0.2617 -0.16346 1.7909 -0.05920 0.06890 -0.00293 0.00528 0.00169 -0.00924 0.08831 0.06978
0.43208 -0.08216 1.91596 -0.27374 -0.17571 1.92173 -0.01684 0.07378 0.14524 -0.01204 -0.01225 0.13083 0.07615 0.07441
0.35783 -0.00365 1.77643 -0.24659 -0.16437 1.78477 -0.07425 0.07851 -0.13953 0.02715 0.01134 -0.13696 0.05509 0.06876
0.34144 0.05158 1.80077 -0.23825 -0.16244 1.79434 -0.01639 0.05523 0.02434 0.00834 0.00193 0.00957 0.05889 0.07108
0.35893 0.06584 1.84092 -0.23378 -0.15927 1.82491 0.01749 0.01426 0.04015 0.00447 0.00317 0.03057 0.12433 0.07296
0.36948 0.05353 1.81924 -0.2275 -0.1495 1.8128 0.01055 -0.01231 -0.02168 0.00628 0.00977 -0.01211 0.08033 0.06907
0.3822 0.00368 1.80811 -0.22573 -0.14106 1.82944 0.01272 -0.04985 -0.01113 0.00177 0.00844 0.01664 0.07814 0.06889
0.37494 -0.07205 1.75154 -0.22511 -0.12818 1.81979 -0.00726 -0.07573 -0.05657 0.00062 0.01288 -0.00965 0.06478 0.07078
0.38719 -0.18968 1.80848 -0.23602 -0.12291 1.89566 0.01225 -0.11763 0.05694 -0.01091 0.00527 0.07587 0.04958 0.07852
0.35895 -0.27059 1.75928 -0.23073 -0.11506 1.84158 -0.02824 -0.08091 -0.04920 0.00529 0.00785 -0.05408 0.05935 0.07174
0.32392 -0.29092 1.68601 -0.22016 -0.10596 1.74589 -0.03503 -0.02033 -0.07327 0.01057 0.00910 -0.09569 0.04903 0.07035
0.31175 -0.27058 1.73328 -0.2244 -0.11083 1.77579 -0.01217 0.02034 0.04727 -0.00424 -0.00487 0.02990 0.05297 0.07121
0.30953 -0.20214 1.78014 -0.2293 -0.11966 1.81443 -0.00222 0.06844 0.04686 -0.00490 -0.00883 0.03864 0.05584 0.07067
0.33836 -0.01081 1.81154 -0.22875 -0.1349 1.81124 0.02883 0.19133 0.03140 0.00055 -0.01524 -0.00319 0.04848 0.07130
0.37419 0.02721 1.85129 -0.22881 -0.14071 1.81953 0.03583 0.03802 0.03975 -0.00006 -0.00581 0.00829 0.06121 0.07281
0.38304 0.02673 1.8565 -0.22827 -0.14147 1.82974 0.00885 -0.00048 0.00521 0.00054 -0.00076 0.01021 0.06038 0.07262
0.37116 -0.02356 1.8293 -0.22838 -0.13846 1.83647 -0.01188 -0.05029 -0.02720 -0.00011 0.00301 0.00673 0.05578 0.07129
0.34785 -0.1137 1.733 -0.22071 -0.12769 1.76661 -0.02331 -0.09014 -0.09630 0.00767 0.01077 -0.06986 0.05727 0.07116
0.35468 -0.21515 1.78793 -0.23289 -0.1286 1.84192 0.00683 -0.10145 0.05493 -0.01218 -0.00091 0.07531 0.05175 0.07021
0.35335 -0.26927 1.80616 -0.23739 -0.12594 1.85027 -0.00133 -0.05412 0.01823 -0.00450 0.00266 0.00835 0.05981 0.07067
0.34228 -0.25807 1.82232 -0.2411 -0.12593 1.84892 -0.01107 0.01120 0.01616 -0.00371 0.00001 -0.00135 0.05563 0.07045
0.34208 -0.20572 1.83148 -0.24367 -0.12425 1.84101 -0.00020 0.05235 0.00916 -0.00257 0.00168 -0.00791 0.04856 0.07052
0.37288 -0.13684 1.91767 -0.25627 -0.13263 1.91279 0.03080 0.06888 0.08619 -0.01260 -0.00838 0.07178 0.05130 0.07261
0.38444 -0.07147 1.84886 -0.24716 -0.12893 1.82664 0.01156 0.06537 -0.06881 0.00911 0.00370 -0.08615 0.05445 0.07108
0.41263 -0.03995 1.8803 -0.25166 -0.13307 1.84307 0.02819 0.03152 0.03144 -0.00450 -0.00414 0.01643 0.05583 0.06823
0.42336 -0.03862 1.8835 -0.25309 -0.13435 1.84317 0.01073 0.00133 0.00320 -0.00143 -0.00128 0.00010 0.06109 0.06889
0.42804 -0.05966 1.88397 -0.25307 -0.13501 1.84156 0.00468 -0.02104 0.00047 0.00002 -0.00066 -0.00161 0.06692 0.06782
0.43285 -0.10579 1.88336 -0.25285 -0.13557 1.84184 0.00481 -0.04613 -0.00061 0.00022 -0.00056 0.00028 0.06538 0.06889
0.37077 -0.17909 1.72358 -0.23145 -0.13004 1.69765 -0.06208 -0.07330 -0.15978 0.02140 0.00553 -0.14419 0.07831 0.05386
0.36989 -0.18998 1.73961 -0.2343 -0.1304 1.71381 -0.00088 -0.01089 0.01603 -0.00285 -0.00036 0.01616 0.08492 0.06097
0.39017 -0.19362 1.82293 -0.24751 -0.12647 1.79125 0.02028 -0.00364 0.08332 -0.01321 0.00393 0.07744 0.08393 0.04425
0.41089 -0.21134 1.83404 -0.24645 -0.12642 1.78529 0.02072 -0.01772 0.01111 0.00106 0.00005 -0.00596 0.06224 0.04929
0.41415 -0.20967 1.84388 -0.24771 -0.1257 1.79686 0.00326 0.00167 0.00984 -0.00126 0.00072 0.01157 0.11055 0.05574
0.4126 -0.20565 1.83383 -0.24512 -0.12656 1.78719 -0.00155 0.00402 -0.01005 0.00259 -0.00086 -0.00967 0.10664 0.06863
0.41265 -0.20319 1.83364 -0.24385 -0.12773 1.78744 0.00005 0.00246 -0.00019 0.00127 -0.00117 0.00025 0.10547 0.07034
0.41559 -0.2019 1.84543 -0.24459 -0.12681 1.79849 0.00294 0.00129 0.01179 -0.00074 0.00092 0.01105 0.10289 0.06817
0.44005 -0.21072 1.95615 -0.25765 -0.13571 1.90714 0.02446 -0.00882 0.11072 -0.01306 -0.00890 0.10865 0.10639 0.07494
0.43872 -0.2083 1.95776 -0.25673 -0.13699 1.90972 -0.00133 0.00242 0.00161 0.00092 -0.00128 0.00258 0.05828 0.07525
0.43032 -0.19641 1.96587 -0.25697 -0.13829 1.92642 -0.00840 0.01189 0.00811 -0.00024 -0.00130 0.01670 0.10568 0.05770
0.42738 -0.18729 2.01563 -0.26271 -0.14335 1.98536 -0.00294 0.00912 0.04976 -0.00574 -0.00506 0.05894 0.10912 0.07653
0.41403 -0.16938 2.03948 -0.26407 -0.14583 2.01987 -0.01335 0.01791 0.02385 -0.00136 -0.00248 0.03451 0.10759 0.07886
0.32284 -0.11938 1.6819 -0.21392 -0.12645 1.67598 -0.09119 0.05000 -0.35758 0.05015 0.01938 -0.34389 0.04885 0.06727
0.28695 -0.07744 1.80686 -0.22421 -0.1336 1.82956 -0.03589 0.04194 0.12496 -0.01029 -0.00715 0.15358 0.08858 0.07383
0.25634 -0.06313 1.76842 -0.21553 -0.13126 1.80217 -0.03061 0.01431 -0.03844 0.00868 0.00234 -0.02739 0.04944 0.07032
0.20897 -0.04466 1.74934 -0.20805 -0.13166 1.79413 -0.04737 0.01847 -0.01908 0.00748 -0.00040 -0.00804 0.04886 0.07107
0.17582 -0.0389 1.74049 -0.19854 -0.13285 1.79427 -0.03315 0.00576 -0.00885 0.00951 -0.00119 0.00014 0.07983 0.07317
0.12637 -0.03472 1.74266 -0.18319 -0.14008 1.80116 -0.04945 0.00418 0.00217 0.01535 -0.00723 0.00689 0.08935 0.06303
0.07454 -0.03695 1.76622 -0.16582 -0.13701 1.82844 -0.05183 -0.00223 0.02356 0.01737 0.00307 0.02728 0.06793 0.07519
0.00449 -0.02676 1.77008 -0.1519 -0.12851 1.82467 -0.07005 0.01019 0.00386 0.01392 0.00850 -0.00377 0.08012 0.07488
-0.00116 -0.02372 1.77094 -0.17079 -0.15699 1.859 -0.00565 0.00304 0.00086 -0.01889 -0.02848 0.03433 0.07507 0.07661
-0.00055 -0.00839 1.76106 -0.17459 -0.1205 1.83121 0.00061 0.01533 -0.00988 -0.00380 0.03649 -0.02779 0.06655 0.07933
0.02261 0.00276 1.70707 -0.19081 -0.09128 1.77273 0.02316 0.01115 -0.05399 -0.01622 0.02922 -0.05848 0.04364 0.10702
0.05747 0.0109 1.69443 -0.20942 -0.0956 1.76842 0.03486 0.00814 -0.01264 -0.01861 -0.00432 -0.00431 0.06524 0.05961
0.10002 0.01123 1.69725 -0.21697 -0.12521 1.79519 0.04255 0.00033 0.00282 -0.00755 -0.02961 0.02677 0.04471 0.06986
0.13184 0.01444 1.69314 -0.22487 -0.12248 1.78817 0.03182 0.00321 -0.00411 -0.00790 0.00273 -0.00702 0.12467 0.07141
0.16692 -0.00145 1.62845 -0.21997 -0.12728 1.71994 0.03508 -0.01589 -0.06469 0.00490 -0.00480 -0.06823 0.04847 0.06288
0.21767 -0.02629 1.74495 -0.24209 -0.12432 1.83828 0.05075 -0.02484 0.11650 -0.02212 0.00296 0.11834 0.09857 0.07167
0.25372 -0.09163 1.7903 -0.25607 -0.12822 1.87106 0.03605 -0.06534 0.04535 -0.01398 -0.00390 0.03278 0.07738 0.07443
0.33679 -0.17828 1.92825 -0.27026 -0.13616 1.97541 0.08307 -0.08665 0.13795 -0.01419 -0.00794 0.10435 0.11349 0.07404
0.30939 -0.18163 1.76632 -0.24462 -0.12476 1.80227 -0.02740 -0.00335 -0.16193 0.02564 0.01140 -0.17314 0.09854 0.06574
0.33631 -0.20984 1.91982 -0.26158 -0.13478 1.94798 0.02692 -0.02821 0.15350 -0.01696 -0.01002 0.14571 0.10233 0.07887
0.34192 -0.21964 1.93436 -0.25763 -0.13543 1.95673 0.00561 -0.00980 0.01454 0.00395 -0.00065 0.00875 0.10353 0.07703
0.34568 -0.22547 1.93686 -0.25267 -0.13435 1.95627 0.00376 -0.00583 0.00250 0.00496 0.00108 -0.00046 0.10432 0.07637
0.35495 -0.23188 1.94057 -0.24737 -0.13409 1.95868 0.00927 -0.00641 0.00371 0.00530 0.00026 0.00241 0.10576 0.07799
0.36626 -0.24088 1.92465 -0.24226 -0.13238 1.94701 0.01131 -0.00900 -0.01592 0.00511 0.00171 -0.01167 0.11497 0.07554
0.36094 -0.24163 1.78626 -0.22444 -0.12331 1.82042 -0.00532 -0.00075 -0.13839 0.01782 0.00907 -0.12659 0.09583 0.07177
0.38461 -0.26566 1.73795 -0.21956 -0.12051 1.78695 0.02367 -0.02403 -0.04831 0.00488 0.00280 -0.03347 0.08142 0.07244
0.43199 -0.31402 1.73161 -0.22127 -0.12117 1.78983 0.04738 -0.04836 -0.00634 -0.00171 -0.00066 0.00288 0.07544 0.07220
0.49807 -0.37983 1.76007 -0.2279 -0.12434 1.82477 0.06608 -0.06581 0.02846 -0.00663 -0.00317 0.03494 0.06981 0.07174
0.55679 -0.44924 1.79067 -0.23129 -0.12585 1.82124 0.05872 -0.06941 0.03060 -0.00339 -0.00151 -0.00353 0.06298 0.07109
0.5544 -0.48604 1.77925 -0.22266 -0.12115 1.72439 -0.00239 -0.03680 -0.01142 0.00863 0.00470 -0.09685 0.13131 0.06712
0.60842 -0.5565 1.8632 -0.2359 -0.1295 1.80367 0.05402 -0.07046 0.08395 -0.01324 -0.00835 0.07928 0.08764 0.05902
0.61378 -0.59648 1.90284 -0.23779 -0.13285 1.80338 0.00536 -0.03998 0.03964 -0.00189 -0.00335 -0.00029 0.05369 0.06318
0.61745 -0.62969 1.93148 -0.23866 -0.13827 1.80346 0.00367 -0.03321 0.02864 -0.00087 -0.00542 0.00008 0.05065 0.05547
0.59754 -0.63833 1.98104 -0.23844 -0.14397 1.80081 -0.01991 -0.00864 0.04956 0.00022 -0.00570 -0.00265 0.10160 0.04618
0.596 -0.65462 1.98699 -0.23867 -0.15058 1.79537 -0.00154 -0.01629 0.00595 -0.00023 -0.00661 -0.00544 0.09303 0.05847
0.60651 -0.72517 1.99869 -0.24116 -0.17438 1.78947 0.01051 -0.07055 0.01170 -0.00249 -0.02380 -0.00590 0.13981 0.05118
0.61328 -0.73076 1.91463 -0.23672 -0.19369 1.74398 0.00677 -0.00559 -0.08406 0.00444 -0.01931 -0.04549 0.13009 0.06525
0.61958 -0.74104 1.9365 -0.23941 -0.22166 1.75924 0.00630 -0.01028 0.02187 -0.00269 -0.02797 0.01526 0.12815 0.06127
0.61292 -0.73526 1.91411 -0.23626 -0.25829 1.73881 -0.00666 0.00578 -0.02239 0.00315 -0.03663 -0.02043 0.10865 0.06539
0.59915 -0.73093 1.89963 -0.23128 -0.29776 1.72088 -0.01377 0.00433 -0.01448 0.00498 -0.03947 -0.01793 0.09642 0.06493
0.61368 -0.75375 1.94934 -0.22913 -0.35193 1.75691 0.01453 -0.02282 0.04971 0.00215 -0.05417 0.03603 0.08707 0.05747
0.66097 -0.78102 1.90446 -0.22198 -0.40578 1.76211 0.04729 -0.02727 -0.04488 0.00715 -0.05385 0.00520 0.08547 0.05253
0.63859 -0.77598 1.93453 -0.20897 -0.45899 1.76772 -0.02238 0.00504 0.03007 0.01301 -0.05321 0.00561 0.08575 0.05024
0.62126 -0.75533 1.88884 -0.18982 -0.50007 1.72854 -0.01733 0.02065 -0.04569 0.01915 -0.04108 -0.03918 0.07393 0.05401
0.61493 -0.75313 1.89476 -0.17656 -0.59438 1.75285 -0.00633 0.00220 0.00592 0.01326 -0.09431 0.02431 0.08881 0.08662
0.61436 -0.75223 1.89005 -0.16723 -0.6347 1.71879 -0.00057 0.00090 -0.00471 0.00933 -0.04032 -0.03406 0.08730 0.04739
0.60771 -0.74141 1.85786 -0.14296 -0.65871 1.69582 -0.00665 0.01082 -0.03219 0.02427 -0.02401 -0.02297 0.07961 0.06640
0.64757 -0.75809 1.83211 -0.14395 -0.6426 1.77608 0.03986 -0.01668 -0.02575 -0.00099 0.01611 0.08026 0.09831 0.06674
0.64781 -0.75981 1.83729 -0.14641 -0.63839 1.77039 0.00024 -0.00172 0.00518 -0.00246 0.00421 -0.00569 0.11345 0.06923
0.64706 -0.75944 1.83733 -0.14848 -0.63723 1.75707 -0.00075 0.00037 0.00004 -0.00207 0.00116 -0.01332 0.10775 0.05938
0.64548 -0.7581 1.83313 -0.14949 -0.63808 1.75406 -0.00158 0.00134 -0.00420 -0.00101 -0.00085 -0.00301 0.09719 0.07002
0.64518 -0.75802 1.83193 -0.14835 -0.64045 1.75259 -0.00030 0.00008 -0.00120 0.00114 -0.00237 -0.00147 0.10309 0.05988
0.61161 -0.74935 1.87359 -0.14833 -0.64146 1.75548 -0.03357 0.00867 0.04166 0.00002 -0.00101 0.00289 0.08430 0.06798
0.61301 -0.74956 1.87137 -0.14947 -0.64189 1.75381 0.00140 -0.00021 -0.00222 -0.00114 -0.00043 -0.00167 0.07950 0.06342
0.6408 -0.75802 1.84289 -0.14851 -0.6423 1.75652 0.02779 -0.00846 -0.02848 0.00096 -0.00041 0.00271 0.07144 0.06680
0.60447 -0.74615 1.88597 -0.14864 -0.64357 1.75421 -0.03633 0.01187 0.04308 -0.00013 -0.00127 -0.00231 0.08623 0.06976
]
