classifier_Monkey_jumps_on_fence_23509 [ 0.56106 -0.62869 1.68871 -0.41593 -0.65877 1.88151 0.56106 -0.62869 1.68871 -0.41593 -0.65877 1.88151 0.13636 0.04179
0.56113 -0.62885 1.68957 -0.41787 -0.664 1.8879 0.00007 -0.00016 0.00086 -0.00194 -0.00523 0.00639 0.13640 0.04776
0.56085 -0.6292 1.68914 -0.41568 -0.65937 1.8852 -0.00028 -0.00035 -0.00043 0.00219 0.00463 -0.00270 0.13714 0.04340
0.56001 -0.62827 1.68684 -0.43272 -0.70083 1.91579 -0.00084 0.00093 -0.00230 -0.01704 -0.04146 0.03059 0.13500 0.15117
0.55923 -0.62756 1.68634 -0.44617 -0.73432 1.91177 -0.00078 0.00071 -0.00050 -0.01345 -0.03349 -0.00402 0.13294 0.08844
0.55884 -0.62616 1.68779 -0.45303 -0.75847 1.85099 -0.00039 0.00140 0.00145 -0.00686 -0.02415 -0.06078 0.13240 0.08800
0.55661 -0.62261 1.68511 -0.43958 -0.73004 1.77134 -0.00223 0.00355 -0.00268 0.01345 0.02843 -0.07965 0.12997 0.06203
0.55898 -0.61315 1.66184 -0.43089 -0.69449 1.73389 0.00237 0.00946 -0.02327 0.00869 0.03555 -0.03745 0.09318 0.06116
0.56365 -0.61676 1.67623 -0.43112 -0.65869 1.70538 0.00467 -0.00361 0.01439 -0.00023 0.03580 -0.02851 0.14292 0.06707
0.56033 -0.62424 1.70402 -0.44201 -0.62474 1.65843 -0.00332 -0.00748 0.02779 -0.01089 0.03395 -0.04695 0.16934 0.05734
0.5085 -0.50569 1.58158 -0.4282 -0.55196 1.54829 -0.05183 0.11855 -0.12244 0.01381 0.07278 -0.11014 0.14543 0.04283
0.499 -0.4259 1.5306 -0.42024 -0.49972 1.4734 -0.00950 0.07979 -0.05098 0.00796 0.05224 -0.07489 0.07373 0.03982
0.49988 -0.40814 1.5698 -0.42247 -0.45122 1.56155 0.00088 0.01776 0.03920 -0.00223 0.04850 0.08815 0.10434 0.04150
0.44248 -0.33969 1.54733 -0.38008 -0.38904 1.5264 -0.05740 0.06845 -0.02247 0.04239 0.06218 -0.03515 0.09067 0.06058
0.39591 -0.2812 1.50693 -0.35486 -0.30774 1.53624 -0.04657 0.05849 -0.04040 0.02522 0.08130 0.00984 0.06018 0.06868
0.30393 -0.20935 1.36412 -0.30035 -0.21687 1.40543 -0.09198 0.07185 -0.14281 0.05451 0.09087 -0.13081 0.08106 0.07564
0.25032 -0.16211 1.34428 -0.26128 -0.1571 1.37507 -0.05361 0.04724 -0.01984 0.03907 0.05977 -0.03036 0.08790 0.05979
0.22944 -0.13617 1.45113 -0.24931 -0.12127 1.48024 -0.02088 0.02594 0.10685 0.01197 0.03583 0.10517 0.06149 0.10331
0.1878 -0.10297 1.52573 -0.22443 -0.08352 1.55361 -0.04164 0.03320 0.07460 0.02488 0.03775 0.07337 0.11100 0.13020
0.12614 -0.04342 1.52083 -0.17739 -0.02927 1.53913 -0.06166 0.05955 -0.00490 0.04704 0.05425 -0.01448 0.10619 0.12643
0.09289 -0.01991 1.42388 -0.09904 -0.00397 1.42836 -0.03325 0.02351 -0.09695 0.07835 0.02530 -0.11077 0.10675 0.08886
-0.00615 0.00729 1.34407 0.02753 -0.00157 1.3446 -0.09904 0.02720 -0.07981 0.12657 0.00240 -0.08376 0.05637 0.06190
-0.02276 0.01548 1.30177 0.07579 0.00201 1.30717 -0.01661 0.00819 -0.04230 0.04826 0.00358 -0.03743 0.10449 0.04697
-0.1123 0.02745 1.30203 0.04791 0.01909 1.2957 -0.08954 0.01197 0.00026 -0.02788 0.01708 -0.01147 0.09713 0.05448
-0.11671 0.03207 1.31341 0.02699 0.02569 1.30352 -0.00441 0.00462 0.01138 -0.02092 0.00660 0.00782 0.09090 0.05873
-0.05567 0.03077 1.25959 0.06887 0.02142 1.26042 0.06104 -0.00130 -0.05382 0.04188 -0.00427 -0.04310 0.10716 0.07178
-0.044 0.031 1.26537 -0.00588 0.03448 1.26177 0.01167 0.00023 0.00578 -0.07475 0.01306 0.00135 0.05897 0.06848
-0.03958 0.0367 1.27624 -0.13477 0.0394 1.28356 0.00442 0.00570 0.01087 -0.12889 0.00492 0.02179 0.06205 0.06666
0.08238 0.0454 1.27161 -0.18986 0.04358 1.29388 0.12196 0.00870 -0.00463 -0.05509 0.00418 0.01032 0.09275 0.08386
0.11769 0.04602 1.23789 -0.21643 0.04616 1.26062 0.03531 0.00062 -0.03372 -0.02657 0.00258 -0.03326 0.09345 0.08876
0.16654 0.04639 1.23523 -0.25777 0.04212 1.2636 0.04885 0.00037 -0.00266 -0.04134 -0.00404 0.00298 0.09914 0.08888
0.2177 0.04965 1.27932 -0.30924 0.03972 1.31614 0.05116 0.00326 0.04409 -0.05147 -0.00240 0.05254 0.09526 0.09209
0.25493 0.04642 1.27518 -0.34317 0.03293 1.31743 0.03723 -0.00323 -0.00414 -0.03393 -0.00679 0.00129 0.09777 0.09962
0.29653 0.03502 1.23873 -0.37424 0.02491 1.28193 0.04160 -0.01140 -0.03645 -0.03107 -0.00802 -0.03550 0.09684 0.10080
0.3193 0.02573 1.29222 -0.39417 0.02868 1.3271 0.02277 -0.00929 0.05349 -0.01993 0.00377 0.04517 0.10945 0.10679
0.31984 0.01372 1.30864 -0.39555 0.03961 1.36426 0.00054 -0.01201 0.01642 -0.00138 0.01093 0.03716 0.11076 0.09071
0.31957 0.00181 1.32383 -0.38769 0.04378 1.41371 -0.00027 -0.01191 0.01519 0.00786 0.00417 0.04945 0.10856 0.07100
0.31238 -0.01571 1.32689 -0.36933 0.03894 1.40263 -0.00719 -0.01752 0.00306 0.01836 -0.00484 -0.01108 0.09627 0.07199
0.29691 -0.03383 1.3049 -0.33856 0.03859 1.3642 -0.01547 -0.01812 -0.02199 0.03077 -0.00035 -0.03843 0.09176 0.05948
0.30439 -0.06157 1.38461 -0.33 0.0473 1.42341 0.00748 -0.02774 0.07971 0.00856 0.00871 0.05921 0.09612 0.07726
0.28419 -0.08403 1.35749 -0.29604 0.05128 1.37657 -0.02020 -0.02246 -0.02712 0.03396 0.00398 -0.04684 0.08453 0.07099
0.26786 -0.11165 1.33667 -0.2641 0.05124 1.34639 -0.01633 -0.02762 -0.02082 0.03194 -0.00004 -0.03018 0.08140 0.06081
0.25084 -0.19842 1.37266 -0.19571 0.03732 1.33967 -0.01702 -0.08677 0.03599 0.06839 -0.01392 -0.00672 0.05780 0.07331
0.24357 -0.26445 1.38255 -0.17023 -0.03336 1.31558 -0.00727 -0.06603 0.00989 0.02548 -0.07068 -0.02409 0.05423 0.07654
0.23789 -0.27913 1.3664 -0.16343 -0.06598 1.28579 -0.00568 -0.01468 -0.01615 0.00680 -0.03262 -0.02979 0.03527 0.07752
0.24212 -0.29703 1.38891 -0.16393 -0.08968 1.28079 0.00423 -0.01790 0.02251 -0.00050 -0.02370 -0.00500 0.06282 0.06907
0.23903 -0.30161 1.37999 -0.16138 -0.08907 1.27277 -0.00309 -0.00458 -0.00892 0.00255 0.00061 -0.00802 0.06475 0.08428
0.24945 -0.30619 1.40091 -0.16488 -0.08892 1.28516 0.01042 -0.00458 0.02092 -0.00350 0.00015 0.01239 0.05598 0.07825
0.25161 -0.3029 1.3981 -0.16493 -0.08668 1.28263 0.00216 0.00329 -0.00281 -0.00005 0.00224 -0.00253 0.06450 0.07751
0.25321 -0.30206 1.39689 -0.16612 -0.08034 1.27872 0.00160 0.00084 -0.00121 -0.00119 0.00634 -0.00391 0.07024 0.07454
0.25407 -0.29603 1.38785 -0.16739 -0.07746 1.27323 0.00086 0.00603 -0.00904 -0.00127 0.00288 -0.00549 0.05298 0.06885
0.25603 -0.29274 1.38671 -0.16844 -0.07373 1.27368 0.00196 0.00329 -0.00114 -0.00105 0.00373 0.00045 0.05004 0.08495
0.2557 -0.28851 1.37948 -0.16925 -0.07114 1.2746 -0.00033 0.00423 -0.00723 -0.00081 0.00259 0.00092 0.05562 0.07133
0.25481 -0.28481 1.37541 -0.17028 -0.07266 1.27208 -0.00089 0.00370 -0.00407 -0.00103 -0.00152 -0.00252 0.05626 0.07315
0.25212 -0.28011 1.37122 -0.17129 -0.07171 1.27273 -0.00269 0.00470 -0.00419 -0.00101 0.00095 0.00065 0.06196 0.07296
0.24485 -0.26226 1.35973 -0.172 -0.07607 1.27327 -0.00727 0.01785 -0.01149 -0.00071 -0.00436 0.00054 0.06528 0.08332
0.24279 -0.22802 1.34443 -0.17168 -0.07622 1.27113 -0.00206 0.03424 -0.01530 0.00032 -0.00015 -0.00214 0.06402 0.08214
0.24174 -0.20947 1.3373 -0.1713 -0.0721 1.27433 -0.00105 0.01855 -0.00713 0.00038 0.00412 0.00320 0.05418 0.07568
0.24253 -0.19029 1.3429 -0.17248 -0.07241 1.2807 0.00079 0.01918 0.00560 -0.00118 -0.00031 0.00637 0.05079 0.07519
0.24462 -0.16762 1.34224 -0.17284 -0.06829 1.28228 0.00209 0.02267 -0.00066 -0.00036 0.00412 0.00158 0.05140 0.08265
0.23405 -0.1404 1.28668 -0.16522 -0.06268 1.23273 -0.01057 0.02722 -0.05556 0.00762 0.00561 -0.04955 0.05071 0.07593
0.24563 -0.12573 1.34713 -0.17261 -0.06539 1.2934 0.01158 0.01467 0.06045 -0.00739 -0.00271 0.06067 0.05274 0.07351
0.24463 -0.1041 1.35397 -0.17274 -0.06599 1.29699 -0.00100 0.02163 0.00684 -0.00013 -0.00060 0.00359 0.05412 0.08690
0.24238 -0.08498 1.35838 -0.17293 -0.06683 1.30165 -0.00225 0.01912 0.00441 -0.00019 -0.00084 0.00466 0.05491 0.07137
0.25096 -0.07279 1.41756 -0.17918 -0.07197 1.35825 0.00858 0.01219 0.05918 -0.00625 -0.00514 0.05660 0.05928 0.07367
0.24145 -0.06267 1.41018 -0.17772 -0.07093 1.34702 -0.00951 0.01012 -0.00738 0.00146 0.00104 -0.01123 0.05993 0.07142
0.23768 -0.06463 1.42467 -0.17794 -0.06598 1.35908 -0.00377 -0.00196 0.01449 -0.00022 0.00495 0.01206 0.05638 0.07608
0.2387 -0.07752 1.44495 -0.17941 -0.06614 1.3612 0.00102 -0.01289 0.02028 -0.00147 -0.00016 0.00212 0.05808 0.07100
0.23988 -0.09611 1.44085 -0.17756 -0.06498 1.34611 0.00118 -0.01859 -0.00410 0.00185 0.00116 -0.01509 0.05159 0.07101
0.2579 -0.1247 1.48858 -0.18121 -0.06564 1.36952 0.01802 -0.02859 0.04773 -0.00365 -0.00066 0.02341 0.07740 0.07178
0.28634 -0.18469 1.53357 -0.18161 -0.06136 1.36192 0.02844 -0.05999 0.04499 -0.00040 0.00428 -0.00760 0.09082 0.08298
0.29666 -0.2168 1.5828 -0.1825 -0.06255 1.36807 0.01032 -0.03211 0.04923 -0.00089 -0.00119 0.00615 0.08872 0.07037
0.30288 -0.22727 1.64726 -0.18362 -0.06461 1.37226 0.00622 -0.01047 0.06446 -0.00112 -0.00206 0.00419 0.10592 0.06879
0.30394 -0.21408 1.70649 -0.18467 -0.06478 1.37755 0.00106 0.01319 0.05923 -0.00105 -0.00017 0.00529 0.09887 0.07112
0.33678 -0.20404 1.85739 -0.1983 -0.06872 1.47406 0.03284 0.01004 0.15090 -0.01363 -0.00394 0.09651 0.09428 0.07910
0.33676 -0.19137 1.85397 -0.19883 -0.0676 1.46544 -0.00002 0.01267 -0.00342 -0.00053 0.00112 -0.00862 0.09723 0.09026
0.33654 -0.20138 1.83267 -0.19763 -0.06726 1.46029 -0.00022 -0.01001 -0.02130 0.00120 0.00034 -0.00515 0.08467 0.08617
0.31903 -0.21029 1.70703 -0.18474 -0.06595 1.37984 -0.01751 -0.00891 -0.12564 0.01289 0.00131 -0.08045 0.06827 0.09861
0.32806 -0.22343 1.70151 -0.18314 -0.06877 1.37931 0.00903 -0.01314 -0.00552 0.00160 -0.00282 -0.00053 0.05145 0.06157
0.33281 -0.21709 1.71784 -0.18077 -0.06536 1.3777 0.00475 0.00634 0.01633 0.00237 0.00341 -0.00161 0.04555 0.07353
0.34393 -0.18793 1.74336 -0.17905 -0.06691 1.38439 0.01112 0.02916 0.02552 0.00172 -0.00155 0.00669 0.05581 0.06246
0.36356 -0.18058 1.87368 -0.18777 -0.07309 1.48133 0.01963 0.00735 0.13032 -0.00872 -0.00618 0.09694 0.07443 0.06248
0.35806 -0.17173 1.86045 -0.1841 -0.06855 1.47013 -0.00550 0.00885 -0.01323 0.00367 0.00454 -0.01120 0.12418 0.06453
0.35829 -0.18001 1.83863 -0.18039 -0.06192 1.46559 0.00023 -0.00828 -0.02182 0.00371 0.00663 -0.00454 0.08547 0.06469
0.33971 -0.21748 1.70863 -0.16674 -0.06397 1.38759 -0.01858 -0.03747 -0.13000 0.01365 -0.00205 -0.07800 0.10431 0.06178
0.34594 -0.2083 1.73022 -0.16436 -0.06286 1.38999 0.00623 0.00918 0.02159 0.00238 0.00111 0.00240 0.09987 0.05641
0.34379 -0.19876 1.7666 -0.16272 -0.05886 1.40233 -0.00215 0.00954 0.03638 0.00164 0.00400 0.01234 0.07426 0.05649
0.33363 -0.18902 1.76887 -0.16217 -0.06281 1.40625 -0.01016 0.00974 0.00227 0.00055 -0.00395 0.00392 0.08300 0.07453
0.32845 -0.18333 1.76315 -0.16021 -0.06359 1.41615 -0.00518 0.00569 -0.00572 0.00196 -0.00078 0.00990 0.08538 0.06915
0.29798 -0.17812 1.69482 -0.15871 -0.06269 1.41116 -0.03047 0.00521 -0.06833 0.00150 0.00090 -0.00499 0.09916 0.06958
0.23349 -0.1724 1.53837 -0.15109 -0.0616 1.33762 -0.06449 0.00572 -0.15645 0.00762 0.00109 -0.07354 0.06731 0.07493
0.27803 -0.09539 1.51633 -0.15658 -0.05658 1.38389 0.04454 0.07701 -0.02204 -0.00549 0.00502 0.04627 0.07553 0.07402
0.2665 0.00083 1.49245 -0.15229 -0.05779 1.39362 -0.01153 0.09622 -0.02388 0.00429 -0.00121 0.00973 0.05866 0.06128
0.24119 0.04046 1.38834 -0.13869 -0.05108 1.29947 -0.02531 0.03963 -0.10411 0.01360 0.00671 -0.09415 0.07286 0.06450
0.23459 0.06938 1.42713 -0.14591 -0.05842 1.34701 -0.00660 0.02892 0.03879 -0.00722 -0.00734 0.04754 0.05562 0.06761
0.17752 0.11552 1.45307 -0.15154 -0.06864 1.40903 -0.05707 0.04614 0.02594 -0.00563 -0.01022 0.06202 0.05770 0.07204
0.15485 0.11088 1.42951 -0.15153 -0.06873 1.39688 -0.02267 -0.00464 -0.02356 0.00001 -0.00009 -0.01215 0.05929 0.07263
0.13265 0.09894 1.39318 -0.14873 -0.06318 1.37071 -0.02220 -0.01194 -0.03633 0.00280 0.00555 -0.02617 0.05330 0.08342
0.11641 0.07252 1.38072 -0.14547 -0.05208 1.36356 -0.01624 -0.02642 -0.01246 0.00326 0.01110 -0.00715 0.04821 0.09070
0.09873 0.03689 1.36018 -0.14587 -0.04738 1.36038 -0.01768 -0.03563 -0.02054 -0.00040 0.00470 -0.00318 0.05735 0.07095
0.0859 -0.0101 1.36755 -0.1499 -0.0507 1.38587 -0.01283 -0.04699 0.00737 -0.00403 -0.00332 0.02549 0.05901 0.07418
0.07246 -0.05692 1.3422 -0.14842 -0.0507 1.37417 -0.01344 -0.04682 -0.02535 0.00148 0.00000 -0.01170 0.04954 0.06975
0.06786 -0.08763 1.32769 -0.14942 -0.0527 1.38387 -0.00460 -0.03071 -0.01451 -0.00100 -0.00200 0.00970 0.06122 0.08265
0.07143 -0.09763 1.32225 -0.14873 -0.05207 1.38242 0.00357 -0.01000 -0.00544 0.00069 0.00063 -0.00145 0.06346 0.07077
0.09321 -0.06504 1.3336 -0.15527 -0.06743 1.39653 0.02178 0.03259 0.01135 -0.00654 -0.01536 0.01411 0.07930 0.07238
0.09433 -0.05717 1.32193 -0.15325 -0.06261 1.38101 0.00112 0.00787 -0.01167 0.00202 0.00482 -0.01552 0.06658 0.07953
0.09578 -0.05634 1.33171 -0.15285 -0.05872 1.38687 0.00145 0.00083 0.00978 0.00040 0.00389 0.00586 0.06479 0.07442
0.09658 -0.05802 1.33238 -0.15029 -0.05356 1.38186 0.00080 -0.00168 0.00067 0.00256 0.00516 -0.00501 0.08695 0.06979
0.09726 -0.06568 1.32347 -0.14678 -0.05317 1.36623 0.00068 -0.00766 -0.00891 0.00351 0.00039 -0.01563 0.07168 0.06649
0.09731 -0.07481 1.32198 -0.14539 -0.05116 1.37464 0.00005 -0.00913 -0.00149 0.00139 0.00201 0.00841 0.07625 0.06726
0.09821 -0.08955 1.31745 -0.14558 -0.04825 1.37158 0.00090 -0.01474 -0.00453 -0.00019 0.00291 -0.00306 0.06661 0.07357
0.09857 -0.0992 1.31588 -0.14461 -0.05139 1.37412 0.00036 -0.00965 -0.00157 0.00097 -0.00314 0.00254 0.07552 0.06982
0.0996 -0.1064 1.30931 -0.14672 -0.05074 1.3752 0.00103 -0.00720 -0.00657 -0.00211 0.00065 0.00108 0.08098 0.07402
0.10298 -0.10775 1.30011 -0.14737 -0.05568 1.37267 0.00338 -0.00135 -0.00920 -0.00065 -0.00494 -0.00253 0.06506 0.07277
0.10996 -0.09944 1.28956 -0.15431 -0.07743 1.39933 0.00698 0.00831 -0.01055 -0.00694 -0.02175 0.02666 0.05985 0.06653
0.11406 -0.06958 1.26672 -0.15085 -0.06452 1.3747 0.00410 0.02986 -0.02284 0.00346 0.01291 -0.02463 0.07087 0.06919
0.11887 -0.02655 1.25776 -0.15304 -0.06124 1.38046 0.00481 0.04303 -0.00896 -0.00219 0.00328 0.00576 0.06158 0.07480
0.11488 0.03183 1.20486 -0.14921 -0.06771 1.33927 -0.00399 0.05838 -0.05290 0.00383 -0.00647 -0.04119 0.06445 0.06359
0.09778 0.155 1.20847 -0.15322 -0.0762 1.36868 -0.01710 0.12317 0.00361 -0.00401 -0.00849 0.02941 0.06226 0.06838
0.07829 0.20921 1.20661 -0.15033 -0.07128 1.36134 -0.01949 0.05421 -0.00186 0.00289 0.00492 -0.00734 0.05575 0.09216
0.05352 0.25711 1.22124 -0.14883 -0.07805 1.36431 -0.02477 0.04790 0.01463 0.00150 -0.00677 0.00297 0.04875 0.09359
0.02221 0.30185 1.26337 -0.15006 -0.08949 1.39295 -0.03131 0.04474 0.04213 -0.00123 -0.01144 0.02864 0.04715 0.08289
-0.01198 0.3278 1.27587 -0.13964 -0.08366 1.37106 -0.03419 0.02595 0.01250 0.01042 0.00583 -0.02189 0.05009 0.08300
-0.12013 0.33556 1.34625 -0.1281 -0.08754 1.37323 -0.10815 0.00776 0.07038 0.01154 -0.00388 0.00217 0.07659 0.07890
-0.14837 0.31578 1.33591 -0.11755 -0.08246 1.33808 -0.02824 -0.01978 -0.01034 0.01055 0.00508 -0.03515 0.06430 0.07776
-0.18051 0.28856 1.27823 -0.10536 -0.08374 1.2632 -0.03214 -0.02722 -0.05768 0.01219 -0.00128 -0.07488 0.03737 0.07368
-0.241 0.30265 1.4488 -0.11938 -0.09178 1.42178 -0.06049 0.01409 0.17057 -0.01402 -0.00804 0.15858 0.04364 0.08676
-0.28103 0.26899 1.49351 -0.10313 -0.06899 1.41124 -0.04003 -0.03366 0.04471 0.01625 0.02279 -0.01054 0.04354 0.08754
-0.28496 0.19226 1.40923 -0.0898 -0.06402 1.27375 -0.00393 -0.07673 -0.08428 0.01333 0.00497 -0.13749 0.03903 0.04673
-0.30279 0.1303 1.40225 -0.09414 -0.0676 1.31248 -0.01783 -0.06196 -0.00698 -0.00434 -0.00358 0.03873 0.05527 0.08207
-0.32056 0.07441 1.41198 -0.09529 -0.06925 1.3206 -0.01777 -0.05589 0.00973 -0.00115 -0.00165 0.00812 0.08573 0.08230
-0.33289 0.03663 1.39977 -0.09577 -0.07153 1.30762 -0.01233 -0.03778 -0.01221 -0.00048 -0.00228 -0.01298 0.05324 0.07929
-0.33816 0.01233 1.39759 -0.09156 -0.07308 1.252 -0.00527 -0.02430 -0.00218 0.00421 -0.00155 -0.05562 0.07437 0.08614
-0.33953 0.00708 1.39675 -0.09162 -0.06826 1.25218 -0.00137 -0.00525 -0.00084 -0.00006 0.00482 0.00018 0.04877 0.04452
-0.33718 0.00891 1.39689 -0.09329 -0.06999 1.24744 0.00235 0.00183 0.00014 -0.00167 -0.00173 -0.00474 0.06408 0.06357
-0.33842 0.0169 1.41069 -0.10041 -0.05725 1.32665 -0.00124 0.00799 0.01380 -0.00712 0.01274 0.07921 0.05941 0.08018
-0.33564 0.02604 1.41122 -0.10074 -0.05483 1.32418 0.00278 0.00914 0.00053 -0.00033 0.00242 -0.00247 0.04790 0.08046
-0.33099 0.03438 1.40952 -0.10144 -0.05228 1.32304 0.00465 0.00834 -0.00170 -0.00070 0.00255 -0.00114 0.06758 0.07589
-0.3292 0.04231 1.40859 -0.10124 -0.05285 1.32471 0.00179 0.00793 -0.00093 0.00020 -0.00057 0.00167 0.04994 0.08046
-0.31659 0.04643 1.37387 -0.08933 -0.06602 1.19363 0.01261 0.00412 -0.03472 0.01191 -0.01317 -0.13108 0.05970 0.03902
-0.31078 0.05334 1.37409 -0.0882 -0.06979 1.1973 0.00581 0.00691 0.00022 0.00113 -0.00377 0.00367 0.06922 0.05956
-0.305 0.05903 1.37954 -0.08836 -0.07116 1.20066 0.00578 0.00569 0.00545 -0.00016 -0.00137 0.00336 0.06123 0.04448
-0.27932 0.06783 1.41167 -0.10369 -0.07698 1.2597 0.02568 0.00880 0.03213 -0.01533 -0.00582 0.05904 0.06321 0.07063
-0.25482 0.07369 1.37787 -0.11037 -0.08718 1.22869 0.02450 0.00586 -0.03380 -0.00668 -0.01020 -0.03101 0.07006 0.04916
-0.22894 0.06642 1.44277 -0.13159 -0.11315 1.32322 0.02588 -0.00727 0.06490 -0.02122 -0.02597 0.09453 0.05587 0.08230
-0.192 0.06308 1.4352 -0.144 -0.1306 1.31604 0.03694 -0.00334 -0.00757 -0.01241 -0.01745 -0.00718 0.06085 0.09289
-0.14048 0.0346 1.47467 -0.16952 -0.16485 1.34926 0.05152 -0.02848 0.03947 -0.02552 -0.03425 0.03322 0.05903 0.08957
-0.08685 0.00829 1.45895 -0.19653 -0.19887 1.3469 0.05363 -0.02631 -0.01572 -0.02701 -0.03402 -0.00236 0.04125 0.08486
-0.02196 -0.03335 1.45527 -0.22057 -0.24756 1.33902 0.06489 -0.04164 -0.00368 -0.02404 -0.04869 -0.00788 0.04584 0.06055
0.16491 -0.16066 1.39388 -0.33855 -0.37241 1.41905 0.18687 -0.12731 -0.06139 -0.11798 -0.12485 0.08003 0.05402 0.05959
0.31016 -0.26667 1.36344 -0.4187 -0.45441 1.47035 0.14525 -0.10601 -0.03044 -0.08015 -0.08200 0.05130 0.04802 0.04834
0.38639 -0.33011 1.45145 -0.45467 -0.51979 1.5888 0.07623 -0.06344 0.08801 -0.03597 -0.06538 0.11845 0.04788 0.06167
0.44264 -0.3695 1.45296 -0.47572 -0.55485 1.57069 0.05625 -0.03939 0.00151 -0.02105 -0.03506 -0.01811 0.06801 0.04936
0.4855 -0.39677 1.4875 -0.47688 -0.59494 1.62564 0.04286 -0.02727 0.03454 -0.00116 -0.04009 0.05495 0.05238 0.06100
0.52882 -0.44612 1.5518 -0.49196 -0.64428 1.70633 0.04332 -0.04935 0.06430 -0.01508 -0.04934 0.08069 0.05959 0.08860
0.52961 -0.50124 1.62984 -0.49163 -0.68284 1.74425 0.00079 -0.05512 0.07804 0.00033 -0.03856 0.03792 0.09622 0.07256
0.54311 -0.55656 1.6167 -0.47741 -0.70093 1.73679 0.01350 -0.05532 -0.01314 0.01422 -0.01809 -0.00746 0.15616 0.07013
0.56088 -0.57948 1.61363 -0.46769 -0.71801 1.75844 0.01777 -0.02292 -0.00307 0.00972 -0.01708 0.02165 0.16919 0.05981
0.55838 -0.59427 1.61685 -0.46074 -0.7151 1.77793 -0.00250 -0.01479 0.00322 0.00695 0.00291 0.01949 0.14799 0.05403
0.54104 -0.60177 1.62274 -0.44952 -0.72283 1.80867 -0.01734 -0.00750 0.00589 0.01122 -0.00773 0.03074 0.12091 0.05617
0.54508 -0.60538 1.62708 -0.44414 -0.71664 1.82867 0.00404 -0.00361 0.00434 0.00538 0.00619 0.02000 0.12517 0.05566
0.54619 -0.60771 1.62559 -0.44906 -0.73868 1.84119 0.00111 -0.00233 -0.00149 -0.00492 -0.02204 0.01252 0.12058 0.04160
0.54702 -0.61005 1.62589 -0.44471 -0.72937 1.86962 0.00083 -0.00234 0.00030 0.00435 0.00931 0.02843 0.12061 0.05287
0.54914 -0.61162 1.62741 -0.44357 -0.72548 1.87499 0.00212 -0.00157 0.00152 0.00114 0.00389 0.00537 0.11926 0.08902
0.55352 -0.61371 1.6279 -0.44191 -0.72614 1.87373 0.00438 -0.00209 0.00049 0.00166 -0.00066 -0.00126 0.12099 0.08649
0.55997 -0.61393 1.63126 -0.44031 -0.72306 1.8657 0.00645 -0.00022 0.00336 0.00160 0.00308 -0.00803 0.12606 0.08410
0.56208 -0.61514 1.63354 -0.43879 -0.7233 1.8493 0.00211 -0.00121 0.00228 0.00152 -0.00024 -0.01640 0.12863 0.08017
0.56773 -0.61379 1.63113 -0.43639 -0.71977 1.82955 0.00565 0.00135 -0.00241 0.00240 0.00353 -0.01975 0.13024 0.07490
0.56661 -0.61441 1.62943 -0.4349 -0.71835 1.81216 -0.00112 -0.00062 -0.00170 0.00149 0.00142 -0.01739 0.11703 0.05247
0.54804 -0.61843 1.64041 -0.42058 -0.67941 1.80087 -0.01857 -0.00402 0.01098 0.01432 0.03894 -0.01129 0.07569 0.05354
0.5479 -0.61824 1.63959 -0.4326 -0.71676 1.78431 -0.00014 0.00019 -0.00082 -0.01202 -0.03735 -0.01656 0.12284 0.04435
0.54812 -0.61649 1.63801 -0.41342 -0.6562 1.79037 0.00022 0.00175 -0.00158 0.01918 0.06056 0.00606 0.10964 0.09539
0.54856 -0.6165 1.63703 -0.43232 -0.71586 1.76826 0.00044 -0.00001 -0.00098 -0.01890 -0.05966 -0.02211 0.13254 0.05884
0.54711 -0.61585 1.63553 -0.43178 -0.71619 1.764 -0.00145 0.00065 -0.00150 0.00054 -0.00033 -0.00426 0.08804 0.05726
0.54659 -0.61649 1.63779 -0.42766 -0.70148 1.77275 -0.00052 -0.00064 0.00226 0.00412 0.01471 0.00875 0.11528 0.06537
0.54662 -0.61638 1.63747 -0.42685 -0.69707 1.77958 0.00003 0.00011 -0.00032 0.00081 0.00441 0.00683 0.08351 0.06989
0.5463 -0.61641 1.63614 -0.43372 -0.71761 1.78081 -0.00032 -0.00003 -0.00133 -0.00687 -0.02054 0.00123 0.08406 0.05868
0.54772 -0.61694 1.63801 -0.4378 -0.72422 1.81867 0.00142 -0.00053 0.00187 -0.00408 -0.00661 0.03786 0.12291 0.03589
0.54818 -0.61601 1.63636 -0.41774 -0.66789 1.82879 0.00046 0.00093 -0.00165 0.02006 0.05633 0.01012 0.11065 0.05881
0.54668 -0.61614 1.63513 -0.44051 -0.72614 1.84262 -0.00150 -0.00013 -0.00123 -0.02277 -0.05825 0.01383 0.09909 0.07954
0.54645 -0.61584 1.63596 -0.44562 -0.73499 1.86801 -0.00023 0.00030 0.00083 -0.00511 -0.00885 0.02539 0.09790 0.07840
0.54638 -0.61588 1.63518 -0.4441 -0.72899 1.87382 -0.00007 -0.00004 -0.00078 0.00152 0.00600 0.00581 0.11007 0.09214
0.5464 -0.61602 1.63606 -0.44431 -0.72989 1.8779 0.00002 -0.00014 0.00088 -0.00021 -0.00090 0.00408 0.09502 0.06015
]
