classifier_Car_goes_to_house_19204 [ 0.75505 -0.75773 1.927 -0.11339 -0.63871 1.71583 0.75505 -0.75773 1.927 -0.11339 -0.63871 1.71583 0.10571 0.08472
0.76817 -0.77093 1.95852 -0.12389 -0.62746 1.76918 0.01312 -0.01320 0.03152 -0.01050 0.01125 0.05335 0.10858 0.07265
0.76906 -0.7699 1.95951 -0.12361 -0.62707 1.76939 0.00089 0.00103 0.00099 0.00028 0.00039 0.00021 0.10796 0.07312
0.76831 -0.76785 1.95849 -0.12428 -0.62609 1.7753 -0.00075 0.00205 -0.00102 -0.00067 0.00098 0.00591 0.11374 0.07380
0.78099 -0.76708 1.96454 -0.12409 -0.62666 1.77507 0.01268 0.00077 0.00605 0.00019 -0.00057 -0.00023 0.12124 0.07294
0.7666 -0.76363 1.95679 -0.1236 -0.62524 1.77872 -0.01439 0.00345 -0.00775 0.00049 0.00142 0.00365 0.11999 0.07448
0.76158 -0.76007 1.94726 -0.12341 -0.62499 1.77884 -0.00502 0.00356 -0.00953 0.00019 0.00025 0.00012 0.13041 0.07433
0.74588 -0.76183 1.92573 -0.12323 -0.62929 1.76728 -0.01570 -0.00176 -0.02153 0.00018 -0.00430 -0.01156 0.11652 0.07358
0.68974 -0.71217 1.88764 -0.12418 -0.62971 1.77945 -0.05614 0.04966 -0.03809 -0.00095 -0.00042 0.01217 0.14481 0.07379
0.63012 -0.6803 1.86604 -0.12377 -0.62987 1.78668 -0.05962 0.03187 -0.02160 0.00041 -0.00016 0.00723 0.20489 0.07528
0.56395 -0.66891 1.86546 -0.12415 -0.63034 1.7977 -0.06617 0.01139 -0.00058 -0.00038 -0.00047 0.01102 0.03353 0.07559
0.51197 -0.65776 1.87223 -0.12504 -0.6329 1.80849 -0.05198 0.01115 0.00677 -0.00089 -0.00256 0.01079 0.03096 0.07414
0.44816 -0.62904 1.88789 -0.12548 -0.63254 1.81142 -0.06381 0.02872 0.01566 -0.00044 0.00036 0.00293 0.05992 0.07503
0.40441 -0.61542 1.8965 -0.1278 -0.63099 1.81628 -0.04375 0.01362 0.00861 -0.00232 0.00155 0.00486 0.04867 0.07208
0.29769 -0.67852 1.78463 -0.14122 -0.61776 1.75786 -0.10672 -0.06310 -0.11187 -0.01342 0.01323 -0.05842 0.06053 0.07539
0.28498 -0.66435 1.78323 -0.13771 -0.61457 1.75965 -0.01271 0.01417 -0.00140 0.00351 0.00319 0.00179 0.06204 0.07053
0.28833 -0.63307 1.87516 -0.14482 -0.63272 1.82491 0.00335 0.03128 0.09193 -0.00711 -0.01815 0.06526 0.05579 0.06932
0.25167 -0.63586 1.7658 -0.19282 -0.64554 1.76624 -0.03666 -0.00279 -0.10936 -0.04800 -0.01282 -0.05867 0.07012 0.07362
0.27109 -0.62973 1.87309 -0.17497 -0.64088 1.82873 0.01942 0.00613 0.10729 0.01785 0.00466 0.06249 0.05948 0.07249
0.27243 -0.62559 1.87741 -0.17228 -0.63769 1.82867 0.00134 0.00414 0.00432 0.00269 0.00319 -0.00006 0.06087 0.07268
0.27256 -0.62183 1.87651 -0.17054 -0.63311 1.82783 0.00013 0.00376 -0.00090 0.00174 0.00458 -0.00084 0.06243 0.06932
0.27337 -0.61465 1.8778 -0.16874 -0.63151 1.83184 0.00081 0.00718 0.00129 0.00180 0.00160 0.00401 0.06275 0.07044
0.26764 -0.60461 1.87276 -0.17099 -0.63507 1.8399 -0.00573 0.01004 -0.00504 -0.00225 -0.00356 0.00806 0.05536 0.06107
0.2725 -0.54182 1.87344 -0.19346 -0.53426 1.89924 0.00486 0.06279 0.00068 -0.02247 0.10081 0.05934 0.08753 0.12467
0.2814 -0.44328 1.85055 -0.21379 -0.43093 1.84878 0.00890 0.09854 -0.02289 -0.02033 0.10333 -0.05046 0.08014 0.06764
0.26028 -0.36341 1.78932 -0.19959 -0.35559 1.79107 -0.02112 0.07987 -0.06123 0.01420 0.07534 -0.05771 0.06926 0.07337
0.19327 -0.16531 1.70966 -0.13932 -0.15998 1.70666 -0.06701 0.19810 -0.07966 0.06027 0.19561 -0.08441 0.04717 0.09336
0.21291 -0.07888 1.7308 -0.17873 -0.07751 1.74238 0.01964 0.08643 0.02114 -0.03941 0.08247 0.03572 0.07681 0.09152
0.14585 0.0902 1.63087 -0.16202 0.04673 1.67529 -0.06706 0.16908 -0.09993 0.01671 0.12424 -0.06709 0.05828 0.06303
0.13407 0.14815 1.69733 -0.15985 0.09265 1.73824 -0.01178 0.05795 0.06646 0.00217 0.04592 0.06295 0.07849 0.09239
0.15842 0.15148 1.73853 -0.15311 0.12731 1.74738 0.02435 0.00333 0.04120 0.00674 0.03466 0.00914 0.10382 0.09524
0.14653 0.18261 1.75112 -0.12905 0.16851 1.75748 -0.01189 0.03113 0.01259 0.02406 0.04120 0.01010 0.09436 0.10719
0.1072 0.23881 1.72797 -0.11812 0.19686 1.73826 -0.03933 0.05620 -0.02315 0.01093 0.02835 -0.01922 0.06599 0.10611
0.11756 0.24834 1.7501 -0.12441 0.20976 1.75808 0.01036 0.00953 0.02213 -0.00629 0.01290 0.01982 0.08027 0.10585
0.13963 0.25865 1.81625 -0.13354 0.23092 1.82313 0.02207 0.01031 0.06615 -0.00913 0.02116 0.06505 0.09010 0.09357
0.1593 0.25871 1.81581 -0.14258 0.2435 1.82528 0.01967 0.00006 -0.00044 -0.00904 0.01258 0.00215 0.08871 0.09128
0.21328 0.2342 1.7872 -0.20391 0.22614 1.78257 0.05398 -0.02451 -0.02861 -0.06133 -0.01736 -0.04271 0.09167 0.07423
0.2457 0.22116 1.82592 -0.24133 0.21056 1.82282 0.03242 -0.01304 0.03872 -0.03742 -0.01558 0.04025 0.08864 0.08010
0.30668 0.15606 1.8433 -0.32749 0.09699 1.86971 0.06098 -0.06510 0.01738 -0.08616 -0.11357 0.04689 0.08070 0.07524
0.31705 0.05831 1.77152 -0.32009 0.0543 1.77832 0.01037 -0.09775 -0.07178 0.00740 -0.04269 -0.09139 0.06920 0.11252
0.34821 -0.04877 1.93847 -0.3418 -0.04981 1.94046 0.03116 -0.10708 0.16695 -0.02171 -0.10411 0.16214 0.07947 0.12845
0.33274 -0.08842 1.93722 -0.32807 -0.09184 1.93797 -0.01547 -0.03965 -0.00125 0.01373 -0.04203 -0.00249 0.07667 0.11960
0.32522 -0.13838 1.96189 -0.31611 -0.14549 1.94826 -0.00752 -0.04996 0.02467 0.01196 -0.05365 0.01029 0.06156 0.10604
0.32288 -0.24051 2.02226 -0.29805 -0.25308 1.97588 -0.00234 -0.10213 0.06037 0.01806 -0.10759 0.02762 0.11747 0.07997
0.31703 -0.2742 2.01029 -0.29014 -0.28931 1.96731 -0.00585 -0.03369 -0.01197 0.00791 -0.03623 -0.00857 0.12840 0.09560
0.3132 -0.32031 2.03191 -0.28056 -0.35038 2.00041 -0.00383 -0.04611 0.02162 0.00958 -0.06107 0.03310 0.13139 0.10093
0.31175 -0.32844 2.02582 -0.27884 -0.35855 1.99691 -0.00145 -0.00813 -0.00609 0.00172 -0.00817 -0.00350 0.12864 0.10583
0.31252 -0.33391 2.02107 -0.27889 -0.36098 1.99464 0.00077 -0.00547 -0.00475 -0.00005 -0.00243 -0.00227 0.12391 0.10419
0.3144 -0.33636 2.01984 -0.2791 -0.35802 1.99098 0.00188 -0.00245 -0.00123 -0.00021 0.00296 -0.00366 0.12501 0.10751
0.3153 -0.33434 2.01543 -0.27897 -0.35112 1.98473 0.00090 0.00202 -0.00441 0.00013 0.00690 -0.00625 0.12150 0.10588
0.31091 -0.32591 1.96902 -0.27261 -0.32987 1.95162 -0.00439 0.00843 -0.04641 0.00636 0.02125 -0.03311 0.12811 0.10375
0.31831 -0.33043 2.00852 -0.28191 -0.32141 1.9868 0.00740 -0.00452 0.03950 -0.00930 0.00846 0.03518 0.13063 0.10882
0.31998 -0.32843 2.0102 -0.29108 -0.29524 1.98291 0.00167 0.00200 0.00168 -0.00917 0.02617 -0.00389 0.13115 0.08854
0.33517 -0.34052 2.08215 -0.31312 -0.26429 2.06133 0.01519 -0.01209 0.07195 -0.02204 0.03095 0.07842 0.13168 0.10001
0.34559 -0.34809 2.13247 -0.33716 -0.21956 2.10222 0.01042 -0.00757 0.05032 -0.02404 0.04473 0.04089 0.13752 0.10851
0.28489 -0.33826 1.62805 -0.29337 -0.13222 1.71149 -0.06070 0.00983 -0.50442 0.04379 0.08734 -0.39073 0.03651 0.09187
0.28976 -0.29426 1.75774 -0.30164 -0.08049 1.69028 0.00487 0.04400 0.12969 -0.00827 0.05173 -0.02121 0.09339 0.10777
0.30837 -0.31816 1.8562 -0.32461 -0.02946 1.7716 0.01861 -0.02390 0.09846 -0.02297 0.05103 0.08132 0.09541 0.10414
0.32548 -0.35349 1.98498 -0.34775 0.02294 1.87684 0.01711 -0.03533 0.12878 -0.02314 0.05240 0.10524 0.10279 0.10448
0.31997 -0.38634 1.99699 -0.32866 0.10573 1.86897 -0.00551 -0.03285 0.01201 0.01909 0.08279 -0.00787 0.09789 0.11704
0.37053 -0.46483 2.29178 -0.37155 0.146 2.13332 0.05056 -0.07849 0.29479 -0.04289 0.04027 0.26435 0.09949 0.13392
0.31079 -0.47761 2.02999 -0.3061 0.15661 1.86403 -0.05974 -0.01278 -0.26179 0.06545 0.01061 -0.26929 0.06868 0.13318
0.3047 -0.48309 2.01072 -0.29835 0.14928 1.83614 -0.00609 -0.00548 -0.01927 0.00775 -0.00733 -0.02789 0.08791 0.12942
0.23591 -0.59784 1.88906 -0.27899 0.13206 1.72142 -0.06879 -0.11475 -0.12166 0.01936 -0.01722 -0.11472 0.04418 0.11421
0.2758 -0.5291 1.85513 -0.27733 0.12165 1.71581 0.03989 0.06874 -0.03393 0.00166 -0.01041 -0.00561 0.06283 0.11434
0.26982 -0.54811 1.85703 -0.27654 0.11664 1.71579 -0.00598 -0.01901 0.00190 0.00079 -0.00501 -0.00002 0.05240 0.10742
0.2739 -0.55218 1.85794 -0.26874 0.09867 1.70444 0.00408 -0.00407 0.00091 0.00780 -0.01797 -0.01135 0.05947 0.11963
0.27514 -0.55078 1.85197 -0.26754 0.09953 1.70265 0.00124 0.00140 -0.00597 0.00120 0.00086 -0.00179 0.06935 0.12274
0.30169 -0.5822 1.98198 -0.28446 0.10741 1.82227 0.02655 -0.03142 0.13001 -0.01692 0.00788 0.11962 0.06303 0.13067
0.28218 -0.54291 1.85119 -0.2666 0.1011 1.71123 -0.01951 0.03929 -0.13079 0.01786 -0.00631 -0.11104 0.06798 0.11591
0.30062 -0.48461 1.8935 -0.26791 0.09902 1.72808 0.01844 0.05830 0.04231 -0.00131 -0.00208 0.01685 0.08238 0.11409
0.30931 -0.47283 1.89337 -0.26609 0.09709 1.722 0.00869 0.01178 -0.00013 0.00182 -0.00193 -0.00608 0.08807 0.11672
0.31981 -0.46859 1.89957 -0.26817 0.09876 1.72559 0.01050 0.00424 0.00620 -0.00208 0.00167 0.00359 0.07988 0.11930
0.32903 -0.46689 1.89444 -0.26827 0.09814 1.72539 0.00922 0.00170 -0.00513 -0.00010 -0.00062 -0.00020 0.08381 0.12394
0.33399 -0.46257 1.8782 -0.2669 0.09708 1.71601 0.00496 0.00432 -0.01624 0.00137 -0.00106 -0.00938 0.07275 0.12322
0.36453 -0.49303 2.01624 -0.28593 0.10436 1.84481 0.03054 -0.03046 0.13804 -0.01903 0.00728 0.12880 0.08416 0.12852
0.34606 -0.45258 1.88876 -0.26858 0.09703 1.72773 -0.01847 0.04045 -0.12748 0.01735 -0.00733 -0.11708 0.08059 0.11834
0.36803 -0.3309 1.86614 -0.26887 0.0946 1.72381 0.02197 0.12168 -0.02262 -0.00029 -0.00243 -0.00392 0.10275 0.11639
0.38129 -0.27056 1.93011 -0.27974 0.0989 1.80054 0.01326 0.06034 0.06397 -0.01087 0.00430 0.07673 0.10934 0.12314
0.29607 -0.06318 1.79364 -0.26688 0.09185 1.71969 -0.08522 0.20738 -0.13647 0.01286 -0.00705 -0.08085 0.06136 0.12509
0.37069 0.00481 1.93003 -0.28373 0.09684 1.82872 0.07462 0.06799 0.13639 -0.01685 0.00499 0.10903 0.11107 0.13355
0.34732 0.06647 1.81604 -0.265 0.08987 1.71504 -0.02337 0.06166 -0.11399 0.01873 -0.00697 -0.11368 0.09572 0.11777
0.34468 0.09238 1.81587 -0.26308 0.09059 1.71336 -0.00264 0.02591 -0.00017 0.00192 0.00072 -0.00168 0.10398 0.12016
0.33733 0.07986 1.80663 -0.26195 0.09189 1.7099 -0.00735 -0.01252 -0.00924 0.00113 0.00130 -0.00346 0.08400 0.11857
0.38277 -0.03982 2.08696 -0.30599 0.11415 1.99528 0.04544 -0.11968 0.28033 -0.04404 0.02226 0.28538 0.11740 0.13523
0.3908 -0.12939 2.11788 -0.31289 0.11918 2.02053 0.00803 -0.08957 0.03092 -0.00690 0.00503 0.02525 0.11082 0.14157
0.35367 -0.05606 1.97461 -0.29297 0.10509 1.87198 -0.03713 0.07333 -0.14327 0.01992 -0.01409 -0.14855 0.12912 0.13254
0.37505 0.01702 2.07991 -0.30849 0.10708 1.9734 0.02138 0.07308 0.10530 -0.01552 0.00199 0.10142 0.12116 0.14068
0.33666 0.09432 1.81197 -0.26644 0.08855 1.71948 -0.03839 0.07730 -0.26794 0.04205 -0.01853 -0.25392 0.10000 0.11601
0.33935 0.09589 1.80804 -0.26431 0.08522 1.71707 0.00269 0.00157 -0.00393 0.00213 -0.00333 -0.00241 0.10235 0.11815
0.33909 0.07554 1.80094 -0.26417 0.08495 1.71397 -0.00026 -0.02035 -0.00710 0.00014 -0.00027 -0.00310 0.07781 0.13065
0.36369 0.03212 1.91347 -0.28244 0.0912 1.82297 0.02460 -0.04342 0.11253 -0.01827 0.00625 0.10900 0.10070 0.12695
0.30817 -0.01002 1.90334 -0.28419 0.09138 1.82895 -0.05552 -0.04214 -0.01013 -0.00175 0.00018 0.00598 0.07148 0.13253
0.27846 -0.08106 1.79215 -0.26831 0.08667 1.71641 -0.02971 -0.07104 -0.11119 0.01588 -0.00471 -0.11254 0.06097 0.12204
0.40549 -0.18572 2.11019 -0.30934 0.09917 1.98159 0.12703 -0.10466 0.31804 -0.04103 0.01250 0.26518 0.11654 0.14158
0.3745 -0.22323 1.9589 -0.28576 0.09235 1.82393 -0.03099 -0.03751 -0.15129 0.02358 -0.00682 -0.15766 0.13547 0.13112
0.37414 -0.25674 1.96581 -0.28384 0.09042 1.81425 -0.00036 -0.03351 0.00691 0.00192 -0.00193 -0.00968 0.08098 0.12884
0.36535 -0.26041 1.93579 -0.2774 0.08786 1.77845 -0.00879 -0.00367 -0.03002 0.00644 -0.00256 -0.03580 0.09434 0.12667
0.36007 -0.24189 1.91686 -0.27425 0.08564 1.76382 -0.00528 0.01852 -0.01893 0.00315 -0.00222 -0.01463 0.09082 0.12619
0.4007 -0.22998 2.16589 -0.31154 0.09545 2.00705 0.04063 0.01191 0.24903 -0.03729 0.00981 0.24323 0.10003 0.14136
0.37488 -0.15017 1.9927 -0.29007 0.08878 1.86649 -0.02582 0.07981 -0.17319 0.02147 -0.00667 -0.14056 0.12265 0.13394
0.35189 -0.07266 1.84662 -0.2705 0.08316 1.74585 -0.02299 0.07751 -0.14608 0.01957 -0.00562 -0.12064 0.12223 0.12514
0.35591 -0.00058 1.89825 -0.27908 0.08428 1.80695 0.00402 0.07208 0.05163 -0.00858 0.00112 0.06110 0.11197 0.12548
0.33901 0.0634 1.77768 -0.2612 0.07875 1.69459 -0.01690 0.06398 -0.12057 0.01788 -0.00553 -0.11236 0.09575 0.12112
0.34109 0.11644 1.78088 -0.25999 0.07877 1.69304 0.00208 0.05304 0.00320 0.00121 0.00002 -0.00155 0.10054 0.12271
0.3705 0.16121 1.91909 -0.27839 0.08582 1.81725 0.02941 0.04477 0.13821 -0.01840 0.00705 0.12421 0.09181 0.12434
0.3705 0.17732 1.91641 -0.27758 0.08801 1.81464 0.00000 0.01611 -0.00268 0.00081 0.00219 -0.00261 0.08783 0.12619
0.33689 0.15112 1.77831 -0.25825 0.08292 1.68753 -0.03361 -0.02620 -0.13810 0.01933 -0.00509 -0.12711 0.09538 0.11697
0.35878 0.12643 1.89723 -0.27491 0.08773 1.80342 0.02189 -0.02469 0.11892 -0.01666 0.00481 0.11589 0.09427 0.12415
0.33428 0.06632 1.75954 -0.25739 0.0827 1.67994 -0.02450 -0.06011 -0.13769 0.01752 -0.00503 -0.12348 0.10150 0.11685
0.38629 0.01376 2.0293 -0.29725 0.09264 1.93843 0.05201 -0.05256 0.26976 -0.03986 0.00994 0.25849 0.08387 0.13495
0.40336 -0.04205 2.09971 -0.30863 0.09528 2.00367 0.01707 -0.05581 0.07041 -0.01138 0.00264 0.06524 0.07922 0.14001
0.39502 -0.10943 2.13195 -0.31256 0.09312 2.02269 -0.00834 -0.06738 0.03224 -0.00393 -0.00216 0.01902 0.09143 0.14034
0.39558 -0.11752 2.13807 -0.31321 0.09222 2.02567 0.00056 -0.00809 0.00612 -0.00065 -0.00090 0.00298 0.13862 0.14066
0.39548 -0.11593 2.13743 -0.31269 0.0909 2.02304 -0.00010 0.00159 -0.00064 0.00052 -0.00132 -0.00263 0.07622 0.13967
0.39719 -0.09774 2.13583 -0.31224 0.09102 2.02456 0.00171 0.01819 -0.00160 0.00045 0.00012 0.00152 0.12790 0.14364
0.39752 -0.09187 2.13504 -0.31166 0.09017 2.02343 0.00033 0.00587 -0.00079 0.00058 -0.00085 -0.00113 0.13082 0.13945
0.39856 -0.08491 2.13423 -0.31198 0.09149 2.02544 0.00104 0.00696 -0.00081 -0.00032 0.00132 0.00201 0.12874 0.13963
0.36858 -0.07438 1.96662 -0.28863 0.08622 1.87016 -0.02998 0.01053 -0.16761 0.02335 -0.00527 -0.15528 0.07043 0.12977
0.37481 -0.07256 1.98381 -0.29106 0.08713 1.88714 0.00623 0.00182 0.01719 -0.00243 0.00091 0.01698 0.10245 0.12992
0.37582 -0.06891 1.98527 -0.29138 0.088 1.88811 0.00101 0.00365 0.00146 -0.00032 0.00087 0.00097 0.10279 0.13711
0.40559 -0.07135 2.1399 -0.3138 0.09368 2.0338 0.02977 -0.00244 0.15463 -0.02242 0.00568 0.14569 0.11092 0.14206
0.40768 -0.06729 2.15075 -0.31614 0.09455 2.04506 0.00209 0.00406 0.01085 -0.00234 0.00087 0.01126 0.10431 0.14886
0.4125 -0.06462 2.15262 -0.31729 0.0948 2.04793 0.00482 0.00267 0.00187 -0.00115 0.00025 0.00287 0.10324 0.14751
0.41331 -0.06125 2.15319 -0.31742 0.09487 2.049 0.00081 0.00337 0.00057 -0.00013 0.00007 0.00107 0.10664 0.14467
0.41205 -0.05847 2.15371 -0.31773 0.09411 2.05137 -0.00126 0.00278 0.00052 -0.00031 -0.00076 0.00237 0.10319 0.14378
0.4123 -0.05486 2.15648 -0.31906 0.09516 2.05618 0.00025 0.00361 0.00277 -0.00133 0.00105 0.00481 0.10331 0.14509
0.37668 -0.04696 1.98742 -0.29594 0.08775 1.898 -0.03562 0.00790 -0.16906 0.02312 -0.00741 -0.15818 0.09101 0.13369
0.40049 -0.04335 2.12642 -0.31737 0.09342 2.03474 0.02381 0.00361 0.13900 -0.02143 0.00567 0.13674 0.06186 0.14379
0.3829 -0.03647 2.11805 -0.31877 0.09147 2.034 -0.01759 0.00688 -0.00837 -0.00140 -0.00195 -0.00074 0.06002 0.14509
0.36385 -0.03211 2.10398 -0.31837 0.09105 2.02486 -0.01905 0.00436 -0.01407 0.00040 -0.00042 -0.00914 0.10682 0.14237
0.35149 -0.02998 2.0986 -0.31838 0.09042 2.02391 -0.01236 0.00213 -0.00538 -0.00001 -0.00063 -0.00095 0.10457 0.13853
0.31485 -0.02665 1.93298 -0.2951 0.08331 1.87012 -0.03664 0.00333 -0.16562 0.02328 -0.00711 -0.15379 0.09753 0.12913
0.30191 -0.02486 1.92026 -0.29478 0.08156 1.86282 -0.01294 0.00179 -0.01272 0.00032 -0.00175 -0.00730 0.09102 0.12476
0.28904 -0.02377 1.90964 -0.29323 0.08024 1.85709 -0.01287 0.00109 -0.01062 0.00155 -0.00132 -0.00573 0.05643 0.12767
0.28103 -0.02207 2.0316 -0.31269 0.08302 1.98871 -0.00801 0.00170 0.12196 -0.01946 0.00278 0.13162 0.09570 0.13263
0.2451 -0.02081 1.87237 -0.29007 0.07601 1.83896 -0.03593 0.00126 -0.15923 0.02262 -0.00701 -0.14975 0.06306 0.12285
0.22044 -0.02039 1.75153 -0.27165 0.07 1.72535 -0.02466 0.00042 -0.12084 0.01842 -0.00601 -0.11361 0.05182 0.12198
0.21872 -0.02118 1.82609 -0.28577 0.07248 1.8062 -0.00172 -0.00079 0.07456 -0.01412 0.00248 0.08085 0.06082 0.11882
0.20762 -0.02077 1.82677 -0.28594 0.07176 1.81216 -0.01110 0.00041 0.00068 -0.00017 -0.00072 0.00596 0.11308 0.11978
0.19635 -0.01956 1.82443 -0.28711 0.07105 1.81562 -0.01127 0.00121 -0.00234 -0.00117 -0.00071 0.00346 0.10361 0.11929
0.18332 -0.01624 1.82606 -0.28892 0.07107 1.82257 -0.01303 0.00332 0.00163 -0.00181 0.00002 0.00695 0.11508 0.12009
0.17133 -0.01594 1.82559 -0.28947 0.06997 1.82751 -0.01199 0.00030 -0.00047 -0.00055 -0.00110 0.00494 0.08686 0.11873
0.16235 -0.01449 1.8294 -0.29116 0.06957 1.83594 -0.00898 0.00145 0.00381 -0.00169 -0.00040 0.00843 0.09553 0.10988
0.15115 -0.0143 1.82731 -0.29051 0.0674 1.83567 -0.01120 0.00019 -0.00209 0.00065 -0.00217 -0.00027 0.10856 0.11552
0.13949 -0.01448 1.8192 -0.29014 0.06759 1.83259 -0.01166 -0.00018 -0.00811 0.00037 0.00019 -0.00308 0.09417 0.12618
0.13163 -0.01468 1.81824 -0.28903 0.06584 1.83346 -0.00786 -0.00020 -0.00096 0.00111 -0.00175 0.00087 0.09913 0.12154
0.03891 -0.00923 1.70504 -0.27094 0.06019 1.71169 -0.09272 0.00545 -0.11320 0.01809 -0.00565 -0.12177 0.06193 0.10900
0.02627 -0.00894 1.81152 -0.29048 0.06629 1.81983 -0.01264 0.00029 0.10648 -0.01954 0.00610 0.10814 0.10784 0.12293
0.02041 -0.01021 1.81009 -0.29277 0.06683 1.82031 -0.00586 -0.00127 -0.00143 -0.00229 0.00054 0.00048 0.09819 0.10307
0.01017 -0.01006 1.81126 -0.29292 0.06637 1.82012 -0.01024 0.00015 0.00117 -0.00015 -0.00046 -0.00019 0.10690 0.09926
0.01415 -0.00944 1.81157 -0.29403 0.0648 1.82259 0.00398 0.00062 0.00031 -0.00111 -0.00157 0.00247 0.10528 0.10311
-0.00146 -0.00672 1.81432 -0.29434 0.06474 1.82333 -0.01561 0.00272 0.00275 -0.00031 -0.00006 0.00074 0.09976 0.10194
-0.01006 -0.00517 1.81413 -0.291 0.06253 1.82189 -0.00860 0.00155 -0.00019 0.00334 -0.00221 -0.00144 0.10260 0.15465
-0.01422 -0.0036 1.70685 -0.19538 0.03675 1.66752 -0.00416 0.00157 -0.10728 0.09562 -0.02578 -0.15437 0.09370 0.09567
-0.02078 -0.00369 1.89835 -0.29842 0.06241 1.9048 -0.00656 -0.00009 0.19150 -0.10304 0.02566 0.23728 0.10690 0.13320
-0.02313 -0.00435 1.81769 -0.28958 0.06125 1.82743 -0.00235 -0.00066 -0.08066 0.00884 -0.00116 -0.07737 0.10167 0.12489
-0.16681 0.03114 1.65574 -0.21363 0.03718 1.61135 -0.14368 0.03549 -0.16195 0.07595 -0.02407 -0.21608 0.09007 0.06712
-0.01861 -0.01249 1.73542 -0.22546 0.03787 1.69436 0.14820 -0.04363 0.07968 -0.01183 0.00069 0.08301 0.05995 0.06896
-0.19615 0.03398 1.79532 -0.3014 0.0572 1.80839 -0.17754 0.04647 0.05990 -0.07594 0.01933 0.11403 0.10973 0.09488
-0.03153 -0.00831 1.87025 -0.30337 0.0612 1.88417 0.16462 -0.04229 0.07493 -0.00197 0.00400 0.07578 0.08009 0.13713
-0.17487 0.01764 1.68916 -0.21781 0.03321 1.65045 -0.14334 0.02595 -0.18109 0.08556 -0.02799 -0.23372 0.06549 0.06618
-0.17554 0.02574 1.69317 -0.21874 0.03435 1.64881 -0.00067 0.00810 0.00401 -0.00093 0.00114 -0.00164 0.05474 0.07179
-0.17565 0.027 1.69268 -0.21704 0.03298 1.64966 -0.00011 0.00126 -0.00049 0.00170 -0.00137 0.00085 0.06813 0.06746
-0.18906 0.03026 1.81806 -0.3043 0.05947 1.82991 -0.01341 0.00326 0.12538 -0.08726 0.02649 0.18025 0.05912 0.09431
-0.17774 0.0285 1.69358 -0.21223 0.03373 1.65036 0.01132 -0.00176 -0.12448 0.09207 -0.02574 -0.17955 0.08612 0.07170
-0.17793 0.0295 1.69441 -0.21308 0.03317 1.65106 -0.00019 0.00100 0.00083 -0.00085 -0.00056 0.00070 0.08547 0.06971
-0.19342 0.03206 1.81902 -0.30452 0.06068 1.83257 -0.01549 0.00256 0.12461 -0.09144 0.02751 0.18151 0.06566 0.09944
-0.07983 0.00141 1.73898 -0.21921 0.03604 1.69604 0.11359 -0.03065 -0.08004 0.08531 -0.02464 -0.13653 0.04506 0.06792
-0.02316 -0.00808 1.73743 -0.21703 0.03529 1.69511 0.05667 -0.00949 -0.00155 0.00218 -0.00075 -0.00093 0.04511 0.07080
-0.03799 -0.0005 1.8795 -0.29898 0.06736 1.89247 -0.01483 0.00758 0.14207 -0.08195 0.03207 0.19736 0.11115 0.05903
-0.03125 0.00356 1.88169 -0.30043 0.0689 1.89471 0.00674 0.00406 0.00219 -0.00145 0.00154 0.00224 0.10494 0.12274
0.01855 0.0118 1.83686 -0.29671 0.0659 1.84506 0.04980 0.00824 -0.04483 0.00372 -0.00300 -0.04965 0.06904 0.11897
0.12513 -0.01522 1.96877 -0.32307 0.06883 1.981 0.10658 -0.02702 0.13191 -0.02636 0.00293 0.13594 0.09987 0.10678
0.16814 -0.02428 1.98036 -0.33072 0.0642 1.98692 0.04301 -0.00906 0.01159 -0.00765 -0.00463 0.00592 0.06763 0.10522
0.26226 -0.06267 2.01698 -0.3532 0.04725 2.00746 0.09412 -0.03839 0.03662 -0.02248 -0.01695 0.02054 0.07175 0.10142
0.30887 -0.09173 1.97579 -0.35439 0.03198 1.96091 0.04661 -0.02906 -0.04119 -0.00119 -0.01527 -0.04655 0.16895 0.10323
0.39933 -0.14803 2.04186 -0.36806 0.01079 2.00819 0.09046 -0.05630 0.06607 -0.01367 -0.02119 0.04728 0.10247 0.10657
0.51109 -0.22269 2.24634 -0.40757 -0.00773 2.19987 0.11176 -0.07466 0.20448 -0.03951 -0.01852 0.19168 0.11133 0.11379
0.31692 -0.07613 1.41473 -0.31041 -0.02803 1.66333 -0.19417 0.14656 -0.83161 0.09716 -0.02030 -0.53654 0.08252 0.09048
0.62429 -0.41481 1.95698 -0.33134 -0.14651 1.89345 0.30737 -0.33868 0.54225 -0.02093 -0.11848 0.23012 0.06188 0.08738
0.62208 -0.45095 1.93948 -0.30459 -0.18448 1.79957 -0.00221 -0.03614 -0.01750 0.02675 -0.03797 -0.09388 0.05827 0.09138
0.63722 -0.52326 1.98117 -0.24981 -0.30403 1.75329 0.01514 -0.07231 0.04169 0.05478 -0.11955 -0.04628 0.13793 0.06569
0.64176 -0.55865 2.0116 -0.23171 -0.35941 1.77888 0.00454 -0.03539 0.03043 0.01810 -0.05538 0.02559 0.10316 0.08062
0.65772 -0.59717 2.03398 -0.19823 -0.4363 1.76412 0.01596 -0.03852 0.02238 0.03348 -0.07689 -0.01476 0.12373 0.06690
0.73252 -0.64629 1.9867 -0.1574 -0.61379 1.76049 0.07480 -0.04912 -0.04728 0.04083 -0.17749 -0.00363 0.10029 0.04506
0.73892 -0.67293 2.00653 -0.1519 -0.57099 1.78317 0.00640 -0.02664 0.01983 0.00550 0.04280 0.02268 0.12228 0.05250
0.72729 -0.69314 2.01802 -0.13751 -0.59382 1.79401 -0.01163 -0.02021 0.01149 0.01439 -0.02283 0.01084 0.10226 0.05276
0.7262 -0.70533 2.03003 -0.12384 -0.61337 1.7898 -0.00109 -0.01219 0.01201 0.01367 -0.01955 -0.00421 0.15022 0.06386
0.7297 -0.76598 2.02131 -0.11692 -0.61808 1.78579 0.00350 -0.06065 -0.00872 0.00692 -0.00471 -0.00401 0.10157 0.06735
0.72997 -0.76976 2.01529 -0.11292 -0.61632 1.78277 0.00027 -0.00378 -0.00602 0.00400 0.00176 -0.00302 0.10469 0.06761
0.72093 -0.77637 2.01915 -0.11289 -0.61288 1.77961 -0.00904 -0.00661 0.00386 0.00003 0.00344 -0.00316 0.09929 0.06679
0.71982 -0.77968 2.01624 -0.11394 -0.61708 1.78132 -0.00111 -0.00331 -0.00291 -0.00105 -0.00420 0.00171 0.10522 0.06876
0.70699 -0.77056 1.98237 -0.11362 -0.62524 1.72971 -0.01283 0.00912 -0.03387 0.00032 -0.00816 -0.05161 0.10298 0.08564
0.71528 -0.77486 1.99285 -0.1163 -0.62023 1.75424 0.00829 -0.00430 0.01048 -0.00268 0.00501 0.02453 0.09931 0.07344
0.717 -0.77686 1.9924 -0.11663 -0.61861 1.75795 0.00172 -0.00200 -0.00045 -0.00033 0.00162 0.00371 0.12443 0.07332
0.72248 -0.77466 1.98423 -0.11678 -0.61935 1.75865 0.00548 0.00220 -0.00817 -0.00015 -0.00074 0.00070 0.11910 0.07268
0.72905 -0.77648 1.98244 -0.11636 -0.61885 1.76009 0.00657 -0.00182 -0.00179 0.00042 0.00050 0.00144 0.11791 0.07202
0.7255 -0.76526 1.95284 -0.10933 -0.62621 1.7204 -0.00355 0.01122 -0.02960 0.00703 -0.00736 -0.03969 0.11367 0.08513
0.73761 -0.76969 1.96273 -0.1133 -0.62089 1.74334 0.01211 -0.00443 0.00989 -0.00397 0.00532 0.02294 0.11152 0.07802
0.74856 -0.77089 1.96161 -0.11446 -0.61954 1.75081 0.01095 -0.00120 -0.00112 -0.00116 0.00135 0.00747 0.12363 0.07223
0.75241 -0.77117 1.95879 -0.11511 -0.61742 1.75265 0.00385 -0.00028 -0.00282 -0.00065 0.00212 0.00184 0.09448 0.07211
0.7588 -0.77387 1.96519 -0.11516 -0.61895 1.75648 0.00639 -0.00270 0.00640 -0.00005 -0.00153 0.00383 0.09884 0.07128
0.76067 -0.77394 1.96934 -0.11619 -0.61844 1.75781 0.00187 -0.00007 0.00415 -0.00103 0.00051 0.00133 0.08137 0.07197
0.7659 -0.77618 1.9699 -0.11625 -0.61911 1.76071 0.00523 -0.00224 0.00056 -0.00006 -0.00067 0.00290 0.08971 0.07060
0.76734 -0.77608 1.97032 -0.11622 -0.61887 1.76133 0.00144 0.00010 0.00042 0.00003 0.00024 0.00062 0.09774 0.07286
0.76798 -0.77667 1.97238 -0.11685 -0.61874 1.76274 0.00064 -0.00059 0.00206 -0.00063 0.00013 0.00141 0.08515 0.07157
0.76833 -0.77668 1.97205 -0.11676 -0.61885 1.76144 0.00035 -0.00001 -0.00033 0.00009 -0.00011 -0.00130 0.08368 0.07238
0.76983 -0.77763 1.97443 -0.11703 -0.62004 1.76417 0.00150 -0.00095 0.00238 -0.00027 -0.00119 0.00273 0.09406 0.07199
0.77174 -0.77419 1.97123 -0.11726 -0.61935 1.76316 0.00191 0.00344 -0.00320 -0.00023 0.00069 -0.00101 0.07476 0.07080
0.77205 -0.77506 1.97214 -0.11711 -0.62039 1.76474 0.00031 -0.00087 0.00091 0.00015 -0.00104 0.00158 0.08259 0.07154
0.77409 -0.77653 1.97375 -0.11743 -0.62085 1.76786 0.00204 -0.00147 0.00161 -0.00032 -0.00046 0.00312 0.10621 0.07200
0.77519 -0.77679 1.97609 -0.11688 -0.62186 1.76882 0.00110 -0.00026 0.00234 0.00055 -0.00101 0.00096 0.10634 0.07252
0.77594 -0.7774 1.97374 -0.11764 -0.62105 1.76788 0.00075 -0.00061 -0.00235 -0.00076 0.00081 -0.00094 0.10479 0.07199
]
