classifier_Man_jumps_on_man_21423 [ 0.52046 -0.6309 1.67438 -0.45929 -0.68644 1.78699 0.52046 -0.6309 1.67438 -0.45929 -0.68644 1.78699 0.08932 0.08102
0.55745 -0.64888 1.69734 -0.47248 -0.69973 1.82873 0.03699 -0.01798 0.02296 -0.01319 -0.01329 0.04174 0.07229 0.07816
0.56606 -0.67152 1.78226 -0.48126 -0.61117 1.68565 0.00861 -0.02264 0.08492 -0.00878 0.08856 -0.14308 0.13512 0.05567
0.54467 -0.65358 1.74322 -0.44153 -0.53335 1.56288 -0.02139 0.01794 -0.03904 0.03973 0.07782 -0.12277 0.12330 0.10279
0.52479 -0.63282 1.71176 -0.38048 -0.33053 1.44199 -0.01988 0.02076 -0.03146 0.06105 0.20282 -0.12089 0.10616 0.06267
0.49609 -0.59207 1.73983 -0.25928 0.01825 1.47457 -0.02870 0.04075 0.02807 0.12120 0.34878 0.03258 0.10738 0.09206
0.49603 -0.59078 1.76647 -0.23355 0.11062 1.53703 -0.00006 0.00129 0.02664 0.02573 0.09237 0.06246 0.08670 0.08901
0.48617 -0.56229 1.70304 -0.20612 0.18227 1.53936 -0.00986 0.02849 -0.06343 0.02743 0.07165 0.00233 0.10231 0.08732
0.48835 -0.5367 1.67572 -0.15705 0.31341 1.58341 0.00218 0.02559 -0.02732 0.04907 0.13114 0.04405 0.08792 0.09601
0.52446 -0.57318 1.81066 -0.15912 0.37275 1.72023 0.03611 -0.03648 0.13494 -0.00207 0.05934 0.13682 0.09539 0.09457
0.52281 -0.56486 1.80297 -0.15257 0.40043 1.72338 -0.00165 0.00832 -0.00769 0.00655 0.02768 0.00315 0.08812 0.09052
0.50756 -0.54768 1.76082 -0.14751 0.4052 1.6834 -0.01525 0.01718 -0.04215 0.00506 0.00477 -0.03998 0.09239 0.09112
0.51123 -0.55088 1.77202 -0.14902 0.41436 1.6919 0.00367 -0.00320 0.01120 -0.00151 0.00916 0.00850 0.09315 0.09730
0.51789 -0.55624 1.77981 -0.14182 0.4159 1.69975 0.00666 -0.00536 0.00779 0.00720 0.00154 0.00785 0.09056 0.09512
0.52559 -0.56634 1.79966 -0.14261 0.39762 1.71738 0.00770 -0.01010 0.01985 -0.00079 -0.01828 0.01763 0.09799 0.10038
0.52652 -0.57004 1.79609 -0.14412 0.36283 1.71244 0.00093 -0.00370 -0.00357 -0.00151 -0.03479 -0.00494 0.10258 0.09651
0.51012 -0.55494 1.73839 -0.13742 0.31284 1.65394 -0.01640 0.01510 -0.05770 0.00670 -0.04999 -0.05850 0.09925 0.08786
0.51892 -0.56808 1.76639 -0.13285 0.27776 1.67919 0.00880 -0.01314 0.02800 0.00457 -0.03508 0.02525 0.09916 0.07297
0.52331 -0.57614 1.77544 -0.13625 0.21626 1.69938 0.00439 -0.00806 0.00905 -0.00340 -0.06150 0.02019 0.10220 0.08380
0.49634 -0.55014 1.68491 -0.12007 0.1654 1.62804 -0.02697 0.02600 -0.09053 0.01618 -0.05086 -0.07134 0.09718 0.05960
0.50075 -0.55701 1.73933 -0.12382 0.10354 1.69367 0.00441 -0.00687 0.05442 -0.00375 -0.06186 0.06563 0.08742 0.08358
0.50307 -0.56466 1.71317 -0.12396 0.04727 1.70585 0.00232 -0.00765 -0.02616 -0.00014 -0.05627 0.01218 0.10098 0.07747
0.49831 -0.57658 1.75683 -0.11515 0.025 1.74439 -0.00476 -0.01192 0.04366 0.00881 -0.02227 0.03854 0.09424 0.07952
0.48138 -0.55829 1.70044 -0.11586 -0.01521 1.70271 -0.01693 0.01829 -0.05639 -0.00071 -0.04021 -0.04168 0.09222 0.07628
0.48019 -0.5597 1.70159 -0.11783 -0.02407 1.68775 -0.00119 -0.00141 0.00115 -0.00197 -0.00886 -0.01496 0.09571 0.10252
0.47733 -0.56077 1.70556 -0.1252 -0.03112 1.66506 -0.00286 -0.00107 0.00397 -0.00737 -0.00705 -0.02269 0.09564 0.11431
0.46222 -0.54057 1.65352 -0.14451 -0.0434 1.5364 -0.01511 0.02020 -0.05204 -0.01931 -0.01228 -0.12866 0.07886 0.06658
0.46363 -0.54707 1.66402 -0.16368 -0.06309 1.50524 0.00141 -0.00650 0.01050 -0.01917 -0.01969 -0.03116 0.08363 0.06700
0.46658 -0.55193 1.67813 -0.18455 -0.09343 1.4723 0.00295 -0.00486 0.01411 -0.02087 -0.03034 -0.03294 0.07991 0.06030
0.47009 -0.56332 1.72559 -0.20807 -0.12214 1.45738 0.00351 -0.01139 0.04746 -0.02352 -0.02871 -0.01492 0.08524 0.10411
0.46319 -0.55223 1.68689 -0.22076 -0.14755 1.39697 -0.00690 0.01109 -0.03870 -0.01269 -0.02541 -0.06041 0.08397 0.09708
0.45289 -0.53033 1.6085 -0.22353 -0.15903 1.33488 -0.01030 0.02190 -0.07839 -0.00277 -0.01148 -0.06209 0.09164 0.10355
0.471 -0.55149 1.68554 -0.23881 -0.17626 1.38599 0.01811 -0.02116 0.07704 -0.01528 -0.01723 0.05111 0.09117 0.09878
0.4676 -0.54456 1.68196 -0.2385 -0.17592 1.38031 -0.00340 0.00693 -0.00358 0.00031 0.00034 -0.00568 0.09658 0.09434
0.46174 -0.53775 1.6808 -0.23652 -0.17269 1.38048 -0.00586 0.00681 -0.00116 0.00198 0.00323 0.00017 0.08684 0.09484
0.45546 -0.53099 1.67837 -0.23351 -0.17015 1.38123 -0.00628 0.00676 -0.00243 0.00301 0.00254 0.00075 0.09350 0.08629
0.44825 -0.52519 1.6765 -0.23084 -0.16696 1.38389 -0.00721 0.00580 -0.00187 0.00267 0.00319 0.00266 0.08354 0.09100
0.43621 -0.51762 1.67528 -0.22871 -0.16655 1.38824 -0.01204 0.00757 -0.00122 0.00213 0.00041 0.00435 0.07157 0.08986
0.42499 -0.50922 1.66846 -0.22612 -0.1658 1.39409 -0.01122 0.00840 -0.00682 0.00259 0.00075 0.00585 0.07069 0.08991
0.38774 -0.47019 1.57103 -0.21352 -0.1569 1.33067 -0.03725 0.03903 -0.09743 0.01260 0.00890 -0.06342 0.07012 0.08379
0.37053 -0.45224 1.54544 -0.21238 -0.15534 1.33477 -0.01721 0.01795 -0.02559 0.00114 0.00156 0.00410 0.07890 0.08548
0.36487 -0.45899 1.60959 -0.22196 -0.16154 1.40315 -0.00566 -0.00675 0.06415 -0.00958 -0.00620 0.06838 0.07762 0.08729
0.3268 -0.40506 1.50958 -0.21053 -0.15265 1.34256 -0.03807 0.05393 -0.10001 0.01143 0.00889 -0.06059 0.08217 0.08865
0.30399 -0.37285 1.49725 -0.21064 -0.1515 1.35506 -0.02281 0.03221 -0.01233 -0.00011 0.00115 0.01250 0.08944 0.08951
0.27839 -0.32423 1.49183 -0.21146 -0.1517 1.37197 -0.02560 0.04862 -0.00542 -0.00082 -0.00020 0.01691 0.08468 0.09058
0.25405 -0.26152 1.50741 -0.21344 -0.15132 1.39604 -0.02434 0.06271 0.01558 -0.00198 0.00038 0.02407 0.08541 0.09053
0.22309 -0.18441 1.47492 -0.20832 -0.14542 1.37944 -0.03096 0.07711 -0.03249 0.00512 0.00590 -0.01660 0.09105 0.08985
0.19259 -0.01071 1.55781 -0.21591 -0.14573 1.45494 -0.03050 0.17370 0.08289 -0.00759 -0.00031 0.07550 0.09577 0.09282
0.17402 0.07782 1.53687 -0.21077 -0.13975 1.43125 -0.01857 0.08853 -0.02094 0.00514 0.00598 -0.02369 0.08386 0.05832
0.15597 0.16141 1.54797 -0.20771 -0.13219 1.42416 -0.01805 0.08359 0.01110 0.00306 0.00756 -0.00709 0.07622 0.08585
0.13523 0.23944 1.57474 -0.20698 -0.12557 1.43096 -0.02074 0.07803 0.02677 0.00073 0.00662 0.00680 0.08374 0.08564
0.13097 0.29718 1.64818 -0.21264 -0.12448 1.48435 -0.00426 0.05774 0.07344 -0.00566 0.00109 0.05339 0.09208 0.06590
0.13093 0.32977 1.66457 -0.21253 -0.11735 1.49325 -0.00004 0.03259 0.01639 0.00011 0.00713 0.00890 0.11093 0.09542
0.13529 0.34634 1.67692 -0.21272 -0.1121 1.50322 0.00436 0.01657 0.01235 -0.00019 0.00525 0.00997 0.09859 0.09598
0.11746 0.37977 1.67889 -0.21231 -0.10856 1.51001 -0.01783 0.03343 0.00197 0.00041 0.00354 0.00679 0.10789 0.09396
0.11002 0.37661 1.68529 -0.21049 -0.10999 1.51548 -0.00744 -0.00316 0.00640 0.00182 -0.00143 0.00547 0.09656 0.10402
0.1023 0.37787 1.74673 -0.21778 -0.11575 1.56969 -0.00772 0.00126 0.06144 -0.00729 -0.00576 0.05421 0.09869 0.10420
0.08318 0.3458 1.70061 -0.21103 -0.11553 1.52682 -0.01912 -0.03207 -0.04612 0.00675 0.00022 -0.04287 0.10031 0.10150
0.0913 0.26504 1.6776 -0.20849 -0.11524 1.50618 0.00812 -0.08076 -0.02301 0.00254 0.00029 -0.02064 0.10384 0.10454
0.06498 0.23271 1.72669 -0.21276 -0.11638 1.5379 -0.02632 -0.03233 0.04909 -0.00427 -0.00114 0.03172 0.11295 0.10095
0.05213 0.17129 1.7605 -0.21604 -0.11816 1.5601 -0.01285 -0.06142 0.03381 -0.00328 -0.00178 0.02220 0.11054 0.10552
0.04454 0.09574 1.73605 -0.21211 -0.11807 1.52116 -0.00759 -0.07555 -0.02445 0.00393 0.00009 -0.03894 0.06518 0.10558
0.04061 0.02917 1.77818 -0.21764 -0.12274 1.53576 -0.00393 -0.06657 0.04213 -0.00553 -0.00467 0.01460 0.07164 0.10556
0.028 -0.01035 1.72132 -0.2105 -0.1171 1.47029 -0.01261 -0.03952 -0.05686 0.00714 0.00564 -0.06547 0.09299 0.10168
0.04796 -0.08905 1.7558 -0.21304 -0.12074 1.48237 0.01996 -0.07870 0.03448 -0.00254 -0.00364 0.01208 0.07940 0.10341
0.0584 -0.09323 1.70895 -0.20848 -0.11995 1.44821 0.01044 -0.00418 -0.04685 0.00456 0.00079 -0.03416 0.09282 0.10206
0.07535 -0.08848 1.69916 -0.20532 -0.12227 1.44722 0.01695 0.00475 -0.00979 0.00316 -0.00232 -0.00099 0.10224 0.10667
0.11615 -0.07917 1.72786 -0.20863 -0.12764 1.50206 0.04080 0.00931 0.02870 -0.00331 -0.00537 0.05484 0.09701 0.10438
0.16729 -0.02579 1.63655 -0.19449 -0.12759 1.48789 0.05114 0.05338 -0.09131 0.01414 0.00005 -0.01417 0.08255 0.10772
0.20717 0.02971 1.54317 -0.18105 -0.12429 1.47535 0.03988 0.05550 -0.09338 0.01344 0.00330 -0.01254 0.08694 0.09319
0.2264 0.05104 1.51794 -0.17982 -0.12516 1.52901 0.01923 0.02133 -0.02523 0.00123 -0.00087 0.05366 0.10278 0.09643
0.21879 0.04479 1.4182 -0.16979 -0.12103 1.46067 -0.00761 -0.00625 -0.09974 0.01003 0.00413 -0.06834 0.10742 0.09883
0.21268 0.00902 1.3445 -0.16204 -0.1201 1.42966 -0.00611 -0.03577 -0.07370 0.00775 0.00093 -0.03101 0.09148 0.09420
0.21774 0.00153 1.34591 -0.16275 -0.12188 1.442 0.00506 -0.00749 0.00141 -0.00071 -0.00178 0.01234 0.07993 0.09488
0.21439 -0.0091 1.33608 -0.16179 -0.12249 1.43754 -0.00335 -0.01063 -0.00983 0.00096 -0.00061 -0.00446 0.11935 0.09387
0.21224 -0.01172 1.33863 -0.1619 -0.12394 1.44146 -0.00215 -0.00262 0.00255 -0.00011 -0.00145 0.00392 0.10334 0.09979
0.21376 -0.00979 1.358 -0.16482 -0.1232 1.46196 0.00152 0.00193 0.01937 -0.00292 0.00074 0.02050 0.08338 0.09949
0.21165 -0.00882 1.35348 -0.16478 -0.12144 1.45563 -0.00211 0.00097 -0.00452 0.00004 0.00176 -0.00633 0.08835 0.09566
0.21707 -0.00956 1.39478 -0.17154 -0.12349 1.49772 0.00542 -0.00074 0.04130 -0.00676 -0.00205 0.04209 0.12807 0.09937
0.20973 -0.01297 1.35354 -0.16766 -0.11781 1.44499 -0.00734 -0.00341 -0.04124 0.00388 0.00568 -0.05273 0.10800 0.09400
0.21224 -0.01252 1.35863 -0.16777 -0.11769 1.44538 0.00251 0.00045 0.00509 -0.00011 0.00012 0.00039 0.11971 0.09361
0.20877 -0.0129 1.34374 -0.16381 -0.11414 1.4229 -0.00347 -0.00038 -0.01489 0.00396 0.00355 -0.02248 0.11036 0.09834
0.20937 -0.01408 1.34469 -0.16323 -0.11275 1.42016 0.00060 -0.00118 0.00095 0.00058 0.00139 -0.00274 0.06318 0.10043
0.22098 -0.0165 1.40036 -0.16765 -0.11882 1.47597 0.01161 -0.00242 0.05567 -0.00442 -0.00607 0.05581 0.07188 0.09674
0.22174 -0.03141 1.40611 -0.16634 -0.12056 1.47716 0.00076 -0.01491 0.00575 0.00131 -0.00174 0.00119 0.09517 0.10130
0.22424 -0.05075 1.41031 -0.16466 -0.12121 1.48171 0.00250 -0.01934 0.00420 0.00168 -0.00065 0.00455 0.07466 0.10946
0.20854 -0.07068 1.35277 -0.15562 -0.11817 1.42139 -0.01570 -0.01993 -0.05754 0.00904 0.00304 -0.06032 0.11908 0.10116
0.21464 -0.0699 1.36354 -0.15463 -0.11888 1.44084 0.00610 0.00078 0.01077 0.00099 -0.00071 0.01945 0.06381 0.10309
0.20905 -0.05813 1.34222 -0.15218 -0.11822 1.42883 -0.00559 0.01177 -0.02132 0.00245 0.00066 -0.01201 0.06183 0.09973
0.20074 -0.02928 1.31985 -0.1499 -0.1187 1.42453 -0.00831 0.02885 -0.02237 0.00228 -0.00048 -0.00430 0.06356 0.07249
0.20246 0.02199 1.3882 -0.15862 -0.12315 1.51496 0.00172 0.05127 0.06835 -0.00872 -0.00445 0.09043 0.12027 0.10135
0.18517 0.08649 1.38421 -0.15756 -0.12449 1.52802 -0.01729 0.06450 -0.00399 0.00106 -0.00134 0.01306 0.07686 0.11637
0.15612 0.15319 1.36743 -0.15277 -0.12179 1.52058 -0.02905 0.06670 -0.01678 0.00479 0.00270 -0.00744 0.11219 0.10058
0.12512 0.21273 1.27189 -0.13917 -0.11246 1.42107 -0.03100 0.05954 -0.09554 0.01360 0.00933 -0.09951 0.05361 0.10009
0.02887 0.37554 1.45317 -0.13326 -0.11393 1.51535 -0.09625 0.16281 0.18128 0.00591 -0.00147 0.09428 0.07185 0.05940
-0.06398 0.36537 1.44186 -0.1287 -0.11365 1.48896 -0.09285 -0.01017 -0.01131 0.00456 0.00028 -0.02639 0.05254 0.08941
-0.17589 0.22345 1.5145 -0.12164 -0.11898 1.51249 -0.11191 -0.14192 0.07264 0.00706 -0.00533 0.02353 0.02740 0.09496
-0.18928 0.12497 1.5288 -0.11727 -0.12121 1.50694 -0.01339 -0.09848 0.01430 0.00437 -0.00223 -0.00555 0.07386 0.09838
-0.15962 0.0842 1.50255 -0.09402 -0.0808 1.4389 0.02966 -0.04077 -0.02625 0.02325 0.04041 -0.06804 0.04292 0.10583
-0.19841 0.01756 1.48388 -0.09345 -0.08055 1.42632 -0.03879 -0.06664 -0.01867 0.00057 0.00025 -0.01258 0.06982 0.09819
-0.23012 0.0295 1.49638 -0.09492 -0.08312 1.43233 -0.03171 0.01194 0.01250 -0.00147 -0.00257 0.00601 0.06641 0.12049
-0.23827 0.03825 1.49917 -0.09759 -0.08881 1.43591 -0.00815 0.00875 0.00279 -0.00267 -0.00569 0.00358 0.06981 0.12891
-0.23269 0.05186 1.49511 -0.0982 -0.09337 1.43351 0.00558 0.01361 -0.00406 -0.00061 -0.00456 -0.00240 0.07165 0.11110
-0.23518 0.05904 1.49973 -0.09881 -0.09783 1.44017 -0.00249 0.00718 0.00462 -0.00061 -0.00446 0.00666 0.06492 0.12282
-0.24969 0.06528 1.49731 -0.09972 -0.10082 1.43491 -0.01451 0.00624 -0.00242 -0.00091 -0.00299 -0.00526 0.06949 0.10390
-0.24475 0.06966 1.49575 -0.10124 -0.09944 1.43187 0.00494 0.00438 -0.00156 -0.00152 0.00138 -0.00304 0.07156 0.12128
-0.23832 0.07404 1.49394 -0.10406 -0.09949 1.43113 0.00643 0.00438 -0.00181 -0.00282 -0.00005 -0.00074 0.06910 0.11522
-0.23684 0.08646 1.57005 -0.12297 -0.15247 1.52275 0.00148 0.01242 0.07611 -0.01891 -0.05298 0.09162 0.07133 0.07945
-0.16432 0.12232 1.51659 -0.12116 -0.1448 1.46996 0.07252 0.03586 -0.05346 0.00181 0.00767 -0.05279 0.06292 0.09023
-0.1354 0.13488 1.51769 -0.12222 -0.14478 1.47059 0.02892 0.01256 0.00110 -0.00106 0.00002 0.00063 0.06948 0.08288
-0.04382 0.17253 1.60674 -0.13459 -0.15719 1.54764 0.09158 0.03765 0.08905 -0.01237 -0.01241 0.07705 0.07617 0.08716
-0.0007 0.1736 1.54879 -0.13142 -0.14672 1.49575 0.04312 0.00107 -0.05795 0.00317 0.01047 -0.05189 0.07408 0.09364
0.06348 0.17301 1.5504 -0.13454 -0.14746 1.49491 0.06418 -0.00059 0.00161 -0.00312 -0.00074 -0.00084 0.07711 0.09772
0.12511 0.16416 1.55778 -0.13639 -0.14873 1.50187 0.06163 -0.00885 0.00738 -0.00185 -0.00127 0.00696 0.07945 0.06809
0.20145 0.13714 1.56089 -0.13778 -0.14854 1.50423 0.07634 -0.02702 0.00311 -0.00139 0.00019 0.00236 0.08033 0.09503
0.33588 0.03945 1.50711 -0.13549 -0.14193 1.45556 0.13443 -0.09769 -0.05378 0.00229 0.00661 -0.04867 0.07236 0.09128
0.41296 -0.02225 1.56328 -0.14033 -0.14823 1.50692 0.07708 -0.06170 0.05617 -0.00484 -0.00630 0.05136 0.06643 0.09722
0.4576 -0.09746 1.52112 -0.13647 -0.14544 1.45714 0.04464 -0.07521 -0.04216 0.00386 0.00279 -0.04978 0.06305 0.09356
0.5093 -0.17443 1.54519 -0.13698 -0.14894 1.46405 0.05170 -0.07697 0.02407 -0.00051 -0.00350 0.00691 0.08046 0.09708
0.53844 -0.24449 1.51395 -0.13218 -0.14879 1.41499 0.02914 -0.07006 -0.03124 0.00480 0.00015 -0.04906 0.04606 0.05963
0.57205 -0.32323 1.54387 -0.13156 -0.15285 1.41803 0.03361 -0.07874 0.02992 0.00062 -0.00406 0.00304 0.11056 0.06461
0.59589 -0.45694 1.69427 -0.13393 -0.17075 1.47217 0.02384 -0.13371 0.15040 -0.00237 -0.01790 0.05414 0.05060 0.09346
0.55778 -0.55914 1.79592 -0.13151 -0.18452 1.44721 -0.03811 -0.10220 0.10165 0.00242 -0.01377 -0.02496 0.09990 0.08144
0.54593 -0.59373 1.81164 -0.13475 -0.20276 1.4512 -0.01185 -0.03459 0.01572 -0.00324 -0.01824 0.00399 0.09508 0.11109
0.56138 -0.64577 1.7079 -0.14365 -0.24345 1.4465 0.01545 -0.05204 -0.10374 -0.00890 -0.04069 -0.00470 0.12771 0.08242
0.56126 -0.64998 1.71322 -0.14627 -0.25233 1.45587 -0.00012 -0.00421 0.00532 -0.00262 -0.00888 0.00937 0.12657 0.07252
0.56534 -0.65911 1.72453 -0.15043 -0.2636 1.4721 0.00408 -0.00913 0.01131 -0.00416 -0.01127 0.01623 0.12391 0.08193
0.58853 -0.68796 1.79416 -0.16 -0.28474 1.53526 0.02319 -0.02885 0.06963 -0.00957 -0.02114 0.06316 0.13010 0.09254
0.59015 -0.69159 1.79472 -0.16328 -0.29589 1.545 0.00162 -0.00363 0.00056 -0.00328 -0.01115 0.00974 0.11223 0.09221
0.5927 -0.69503 1.79914 -0.16689 -0.30583 1.5543 0.00255 -0.00344 0.00442 -0.00361 -0.00994 0.00930 0.09586 0.06643
0.57364 -0.67045 1.73342 -0.17118 -0.3203 1.51362 -0.01906 0.02458 -0.06572 -0.00429 -0.01447 -0.04068 0.11252 0.06509
0.57373 -0.67347 1.73935 -0.17663 -0.33152 1.52344 0.00009 -0.00302 0.00593 -0.00545 -0.01122 0.00982 0.08176 0.06818
0.57533 -0.67355 1.73857 -0.18561 -0.34578 1.52931 0.00160 -0.00008 -0.00078 -0.00898 -0.01426 0.00587 0.11054 0.06906
0.57639 -0.67441 1.7402 -0.19643 -0.35559 1.5349 0.00106 -0.00086 0.00163 -0.01082 -0.00981 0.00559 0.09895 0.06644
0.57634 -0.67656 1.74474 -0.21117 -0.37033 1.54184 -0.00005 -0.00215 0.00454 -0.01474 -0.01474 0.00694 0.10844 0.06847
0.57545 -0.6769 1.74889 -0.23254 -0.38454 1.54114 -0.00089 -0.00034 0.00415 -0.02137 -0.01421 -0.00070 0.10126 0.05246
0.57456 -0.67319 1.74253 -0.25916 -0.40849 1.5467 -0.00089 0.00371 -0.00636 -0.02662 -0.02395 0.00556 0.09934 0.06955
0.54811 -0.64209 1.65933 -0.29845 -0.41107 1.45773 -0.02645 0.03110 -0.08320 -0.03929 -0.00258 -0.08897 0.09835 0.06793
0.55841 -0.65189 1.69053 -0.32662 -0.44179 1.51205 0.01030 -0.00980 0.03120 -0.02817 -0.03072 0.05432 0.09582 0.07934
0.53671 -0.64723 1.73041 -0.33589 -0.47205 1.5554 -0.02170 0.00466 0.03988 -0.00927 -0.03026 0.04335 0.09633 0.08137
]
