classifier_Man_jumps_on_monkey_21294 [ 0.72039 -0.75574 2.02846 -0.10922 -0.59456 1.98905 0.72039 -0.75574 2.02846 -0.10922 -0.59456 1.98905 0.12569 0.06693
0.71981 -0.75655 2.02791 -0.11006 -0.59317 1.98874 -0.00058 -0.00081 -0.00055 -0.00084 0.00139 -0.00031 0.13167 0.06446
0.69001 -0.72831 1.96393 -0.10855 -0.587 1.9218 -0.02980 0.02824 -0.06398 0.00151 0.00617 -0.06694 0.13610 0.06685
0.6982 -0.73476 2.01087 -0.10965 -0.59304 1.9716 0.00819 -0.00645 0.04694 -0.00110 -0.00604 0.04980 0.15108 0.06394
0.68298 -0.71403 1.98458 -0.10574 -0.58818 1.94778 -0.01522 0.02073 -0.02629 0.00391 0.00486 -0.02382 0.07985 0.06638
0.60648 -0.6633 1.98963 -0.11599 -0.6541 1.87106 -0.07650 0.05073 0.00505 -0.01025 -0.06592 -0.07672 0.08033 0.08208
0.5719 -0.64907 1.99049 -0.11286 -0.66042 1.86677 -0.03458 0.01423 0.00086 0.00313 -0.00632 -0.00429 0.05832 0.07852
0.53831 -0.64368 2.02062 -0.1389 -0.65718 1.90811 -0.03359 0.00539 0.03013 -0.02604 0.00324 0.04134 0.05823 0.08271
0.49376 -0.63938 2.00695 -0.14983 -0.66699 1.89033 -0.04455 0.00430 -0.01367 -0.01093 -0.00981 -0.01778 0.05396 0.08476
0.4602 -0.63818 2.00928 -0.16129 -0.67156 1.88955 -0.03356 0.00120 0.00233 -0.01146 -0.00457 -0.00078 0.04540 0.07850
0.37884 -0.69679 1.87282 -0.16857 -0.64918 1.80604 -0.08136 -0.05861 -0.13646 -0.00728 0.02238 -0.08351 0.10693 0.05665
0.34423 -0.71577 1.85793 -0.20254 -0.64722 1.84423 -0.03461 -0.01898 -0.01489 -0.03397 0.00196 0.03819 0.05829 0.06252
0.33866 -0.71746 1.86142 -0.20786 -0.6436 1.86006 -0.00557 -0.00169 0.00349 -0.00532 0.00362 0.01583 0.07512 0.07123
0.33662 -0.71403 1.85445 -0.20956 -0.64537 1.85578 -0.00204 0.00343 -0.00697 -0.00170 -0.00177 -0.00428 0.05216 0.07471
0.33583 -0.71169 1.85005 -0.21134 -0.64445 1.85302 -0.00079 0.00234 -0.00440 -0.00178 0.00092 -0.00276 0.06694 0.06259
0.33675 -0.70691 1.85444 -0.21914 -0.64184 1.86358 0.00092 0.00478 0.00439 -0.00780 0.00261 0.01056 0.05022 0.05236
0.3448 -0.68171 1.87908 -0.22989 -0.64796 1.8542 0.00805 0.02520 0.02464 -0.01075 -0.00612 -0.00938 0.04887 0.05182
0.40645 -0.62526 1.97227 -0.25038 -0.67036 1.92009 0.06165 0.05645 0.09319 -0.02049 -0.02240 0.06589 0.06322 0.08023
0.4313 -0.61436 2.01338 -0.28568 -0.66807 1.96277 0.02485 0.01090 0.04111 -0.03530 0.00229 0.04268 0.06614 0.06840
0.45334 -0.59642 2.04138 -0.32913 -0.63315 1.99415 0.02204 0.01794 0.02800 -0.04345 0.03492 0.03138 0.07355 0.08915
0.47227 -0.59133 2.06215 -0.35373 -0.61268 2.02975 0.01893 0.00509 0.02077 -0.02460 0.02047 0.03560 0.06789 0.08610
0.48011 -0.58595 2.04627 -0.36886 -0.59242 2.02205 0.00784 0.00538 -0.01588 -0.01513 0.02026 -0.00770 0.07764 0.09764
0.48714 -0.5792 2.04766 -0.38075 -0.58104 2.02701 0.00703 0.00675 0.00139 -0.01189 0.01138 0.00496 0.07402 0.10166
0.49331 -0.57381 2.06412 -0.39297 -0.5666 2.04527 0.00617 0.00539 0.01646 -0.01222 0.01444 0.01826 0.06920 0.10057
0.47329 -0.55777 2.05791 -0.34659 -0.56629 2.03293 -0.02002 0.01604 -0.00621 0.04638 0.00031 -0.01234 0.07439 0.03741
0.48801 -0.55823 2.17159 -0.40646 -0.48075 2.14232 0.01472 -0.00046 0.11368 -0.05987 0.08554 0.10939 0.07733 0.05390
0.47624 -0.52673 2.1831 -0.38768 -0.45512 2.15892 -0.01177 0.03150 0.01151 0.01878 0.02563 0.01660 0.09247 0.05475
0.40791 -0.52607 2.22587 -0.37239 -0.40436 2.15936 -0.06833 0.00066 0.04277 0.01529 0.05076 0.00044 0.10681 0.05722
0.45757 -0.42619 2.19733 -0.40317 -0.33277 2.19038 0.04966 0.09988 -0.02854 -0.03078 0.07159 0.03102 0.09808 0.06915
0.48977 -0.30766 2.17729 -0.34885 -0.27733 2.1847 0.03220 0.11853 -0.02004 0.05432 0.05544 -0.00568 0.09249 0.07797
0.49289 -0.28646 2.16125 -0.41721 -0.23992 2.17112 0.00312 0.02120 -0.01604 -0.06836 0.03741 -0.01358 0.10359 0.08846
0.48549 -0.27972 2.11892 -0.41412 -0.24636 2.13087 -0.00740 0.00674 -0.04233 0.00309 -0.00644 -0.04025 0.09418 0.09044
0.48942 -0.29565 2.09133 -0.4226 -0.27214 2.10557 0.00393 -0.01593 -0.02759 -0.00848 -0.02578 -0.02530 0.08762 0.07690
0.47546 -0.35939 1.95891 -0.39376 -0.34203 1.96808 -0.01396 -0.06374 -0.13242 0.02884 -0.06989 -0.13749 0.08860 0.05822
0.48596 -0.39005 1.97236 -0.38249 -0.38232 1.97992 0.01050 -0.03066 0.01345 0.01127 -0.04029 0.01184 0.09719 0.06389
0.47064 -0.43349 1.95197 -0.3538 -0.428 1.96609 -0.01532 -0.04344 -0.02039 0.02869 -0.04568 -0.01383 0.05855 0.05622
0.4762 -0.59838 2.07894 -0.35197 -0.47171 2.09375 0.00556 -0.16489 0.12697 0.00183 -0.04371 0.12766 0.02015 0.06584
0.49345 -0.51829 2.18405 -0.33902 -0.50509 2.20445 0.01725 0.08009 0.10511 0.01295 -0.03338 0.11070 0.07981 0.06207
0.47673 -0.51727 2.20311 -0.32324 -0.49085 2.22347 -0.01672 0.00102 0.01906 0.01578 0.01424 0.01902 0.08501 0.07189
0.4705 -0.49366 2.22243 -0.31327 -0.46153 2.2419 -0.00623 0.02361 0.01932 0.00997 0.02932 0.01843 0.07608 0.06682
0.46283 -0.45196 2.25303 -0.33913 -0.3278 2.21977 -0.00767 0.04170 0.03060 -0.02586 0.13373 -0.02213 0.09514 0.09979
0.4604 -0.44243 2.2536 -0.34029 -0.24946 2.17785 -0.00243 0.00953 0.00057 -0.00116 0.07834 -0.04192 0.07199 0.09273
0.45563 -0.43354 2.2007 -0.30978 -0.04716 2.02859 -0.00477 0.00889 -0.05290 0.03051 0.20230 -0.14926 0.09066 0.09243
0.44318 -0.47475 2.21786 -0.33106 0.19845 2.04523 -0.01245 -0.04121 0.01716 -0.02128 0.24561 0.01664 0.09296 0.07876
0.44375 -0.49164 2.25283 -0.35162 0.20567 2.06099 0.00057 -0.01689 0.03497 -0.02056 0.00722 0.01576 0.08386 0.07879
0.42769 -0.48913 2.2072 -0.34035 0.22294 2.00505 -0.01606 0.00251 -0.04563 0.01127 0.01727 -0.05594 0.08132 0.08644
0.42218 -0.48858 2.19681 -0.33067 0.23369 1.98074 -0.00551 0.00055 -0.01039 0.00968 0.01075 -0.02431 0.08803 0.07919
0.41657 -0.49271 2.19681 -0.32023 0.23041 1.96529 -0.00561 -0.00413 0.00000 0.01044 -0.00328 -0.01545 0.06738 0.06850
0.4122 -0.49532 2.1954 -0.30655 0.21833 1.95114 -0.00437 -0.00261 -0.00141 0.01368 -0.01208 -0.01415 0.08881 0.07290
0.40934 -0.49549 2.18784 -0.29365 0.18856 1.93287 -0.00286 -0.00017 -0.00756 0.01290 -0.02977 -0.01827 0.07471 0.06790
0.39941 -0.49496 2.1669 -0.28072 0.138 1.89985 -0.00993 0.00053 -0.02094 0.01293 -0.05056 -0.03302 0.08171 0.08025
0.36761 -0.53022 2.20105 -0.27276 0.0882 1.91344 -0.03180 -0.03526 0.03415 0.00796 -0.04980 0.01359 0.09527 0.07559
0.37619 -0.55845 2.29299 -0.2659 -0.03257 1.98865 0.00858 -0.02823 0.09194 0.00686 -0.12077 0.07521 0.07962 0.09642
0.36578 -0.56878 2.30395 -0.25498 -0.05931 1.99514 -0.01041 -0.01033 0.01096 0.01092 -0.02674 0.00649 0.07950 0.08338
0.36271 -0.57415 2.31296 -0.24937 -0.08814 2.00582 -0.00307 -0.00537 0.00901 0.00561 -0.02883 0.01068 0.08566 0.08914
0.35872 -0.57202 2.29863 -0.24599 -0.10321 1.99473 -0.00399 0.00213 -0.01433 0.00338 -0.01507 -0.01109 0.08373 0.06070
0.35771 -0.57089 2.29955 -0.24829 -0.10813 1.99699 -0.00101 0.00113 0.00092 -0.00230 -0.00492 0.00226 0.08451 0.08386
0.37381 -0.6004 2.41843 -0.26709 -0.11389 2.10108 0.01610 -0.02951 0.11888 -0.01880 -0.00576 0.10409 0.08956 0.08476
0.37392 -0.6006 2.41983 -0.2739 -0.11005 2.10445 0.00011 -0.00020 0.00140 -0.00681 0.00384 0.00337 0.08849 0.06493
0.37388 -0.59917 2.41924 -0.27918 -0.10774 2.10408 -0.00004 0.00143 -0.00059 -0.00528 0.00231 -0.00037 0.09207 0.08367
0.37326 -0.6005 2.41533 -0.28259 -0.10368 2.1038 -0.00062 -0.00133 -0.00391 -0.00341 0.00406 -0.00028 0.09242 0.08304
0.35144 -0.56928 2.28666 -0.27085 -0.09278 1.99239 -0.02182 0.03122 -0.12867 0.01174 0.01090 -0.11141 0.09031 0.07712
0.34982 -0.56959 2.28439 -0.27094 -0.09169 1.98974 -0.00162 -0.00031 -0.00227 -0.00009 0.00109 -0.00265 0.08974 0.07667
0.36426 -0.59889 2.3757 -0.28352 -0.10087 2.08494 0.01444 -0.02930 0.09131 -0.01258 -0.00918 0.09520 0.10132 0.08041
0.35159 -0.55893 2.23939 -0.26873 -0.09441 1.98978 -0.01267 0.03996 -0.13631 0.01479 0.00646 -0.09516 0.09994 0.08003
0.39584 -0.47529 2.18022 -0.26968 -0.09521 1.99937 0.04425 0.08364 -0.05917 -0.00095 -0.00080 0.00959 0.08987 0.07760
0.40838 -0.34117 2.09817 -0.27592 -0.09642 2.0271 0.01254 0.13412 -0.08205 -0.00624 -0.00121 0.02773 0.07487 0.07430
0.43013 -0.26221 2.12853 -0.2894 -0.09873 2.1108 0.02175 0.07896 0.03036 -0.01348 -0.00231 0.08370 0.05188 0.08192
0.38708 -0.14747 1.91028 -0.26701 -0.10252 1.91747 -0.04305 0.11474 -0.21825 0.02239 -0.00379 -0.19333 0.05962 0.09427
0.38233 -0.05152 1.91063 -0.27083 -0.09403 1.93389 -0.00475 0.09595 0.00035 -0.00382 0.00849 0.01642 0.06817 0.07788
0.39654 0.04726 2.03502 -0.29388 -0.10661 2.06546 0.01421 0.09878 0.12439 -0.02305 -0.01258 0.13157 0.07674 0.09705
0.3753 0.12861 1.97678 -0.28619 -0.09297 2.00477 -0.02124 0.08135 -0.05824 0.00769 0.01364 -0.06069 0.07727 0.07339
0.3655 0.20737 2.02087 -0.2942 -0.08927 2.04192 -0.00980 0.07876 0.04409 -0.00801 0.00370 0.03715 0.07651 0.08072
0.31222 0.31233 1.96972 -0.28623 -0.0821 1.9617 -0.05328 0.10496 -0.05115 0.00797 0.00717 -0.08022 0.07936 0.07648
0.3051 0.33327 2.00257 -0.29041 -0.08342 1.97963 -0.00712 0.02094 0.03285 -0.00418 -0.00132 0.01793 0.07466 0.07506
0.29178 0.34603 2.01388 -0.29074 -0.07842 1.97566 -0.01332 0.01276 0.01131 -0.00033 0.00500 -0.00397 0.07331 0.07798
0.27799 0.36208 2.04467 -0.29332 -0.07724 1.9891 -0.01379 0.01605 0.03079 -0.00258 0.00118 0.01344 0.07903 0.07876
0.27793 0.36866 2.11244 -0.30122 -0.07481 2.04401 -0.00006 0.00658 0.06777 -0.00790 0.00243 0.05491 0.07754 0.07268
0.27291 0.36096 2.1241 -0.30136 -0.06857 2.04474 -0.00502 -0.00770 0.01166 -0.00014 0.00624 0.00073 0.07492 0.08084
0.27412 0.34081 2.13638 -0.30234 -0.06734 2.05009 0.00121 -0.02015 0.01228 -0.00098 0.00123 0.00535 0.07511 0.08126
0.2784 0.31809 2.14259 -0.30234 -0.06215 2.05039 0.00428 -0.02272 0.00621 0.00000 0.00519 0.00030 0.07525 0.07829
0.28539 0.28748 2.13948 -0.30128 -0.06152 2.04483 0.00699 -0.03061 -0.00311 0.00106 0.00063 -0.00556 0.07564 0.08247
0.29612 0.24193 2.14074 -0.30154 -0.06196 2.04403 0.01073 -0.04555 0.00126 -0.00026 -0.00044 -0.00080 0.08175 0.08150
0.30088 0.20792 2.12135 -0.29948 -0.06622 2.02418 0.00476 -0.03401 -0.01939 0.00206 -0.00426 -0.01985 0.07900 0.09523
0.30187 0.17744 2.10136 -0.29698 -0.06556 2.0037 0.00099 -0.03048 -0.01999 0.00250 0.00066 -0.02048 0.07611 0.07916
0.33582 0.08682 2.13906 -0.30107 -0.06554 2.03411 0.03395 -0.09062 0.03770 -0.00409 0.00002 0.03041 0.09313 0.08094
0.30081 0.03186 2.07792 -0.28818 -0.06335 1.95695 -0.03501 -0.05496 -0.06114 0.01289 0.00219 -0.07716 0.09109 0.08174
0.29164 -0.02845 2.09713 -0.28553 -0.06336 1.95582 -0.00917 -0.06031 0.01921 0.00265 -0.00001 -0.00113 0.09897 0.06809
0.28883 -0.04397 2.09994 -0.28232 -0.0625 1.95014 -0.00281 -0.01552 0.00281 0.00321 0.00086 -0.00568 0.10537 0.07408
0.29831 -0.0554 2.09608 -0.28113 -0.063 1.95079 0.00948 -0.01143 -0.00386 0.00119 -0.00050 0.00065 0.08303 0.07875
0.3483 -0.06597 2.0854 -0.28022 -0.06488 1.96347 0.04999 -0.01057 -0.01068 0.00091 -0.00188 0.01268 0.08511 0.07518
0.41383 -0.13848 2.141 -0.28596 -0.07005 2.01518 0.06553 -0.07251 0.05560 -0.00574 -0.00517 0.05171 0.09855 0.07398
0.43498 -0.13462 2.10866 -0.28201 -0.07084 1.99413 0.02115 0.00386 -0.03234 0.00395 -0.00079 -0.02105 0.08675 0.07459
0.46497 -0.1343 2.10325 -0.2819 -0.0709 2.00295 0.02999 0.00032 -0.00541 0.00011 -0.00006 0.00882 0.08406 0.07534
0.52003 -0.1352 2.09013 -0.28382 -0.07686 2.01426 0.05506 -0.00090 -0.01312 -0.00192 -0.00596 0.01131 0.12577 0.07789
0.54116 -0.14039 2.0779 -0.28345 -0.07821 2.00865 0.02113 -0.00519 -0.01223 0.00037 -0.00135 -0.00561 0.11916 0.08412
0.52854 -0.13594 1.94562 -0.26734 -0.07668 1.88506 -0.01262 0.00445 -0.13228 0.01611 0.00153 -0.12359 0.11327 0.07339
0.57861 -0.15363 1.94285 -0.27363 -0.08866 1.88421 0.05007 -0.01769 -0.00277 -0.00629 -0.01198 -0.00085 0.10367 0.07334
0.59421 -0.16176 1.92888 -0.27142 -0.08706 1.86763 0.01560 -0.00813 -0.01397 0.00221 0.00160 -0.01658 0.10861 0.06771
0.60378 -0.16851 1.93477 -0.27282 -0.09009 1.87413 0.00957 -0.00675 0.00589 -0.00140 -0.00303 0.00650 0.10793 0.07214
0.61075 -0.1735 1.94 -0.27386 -0.09181 1.87788 0.00697 -0.00499 0.00523 -0.00104 -0.00172 0.00375 0.10516 0.07042
0.62541 -0.1801 1.97756 -0.27982 -0.10138 1.91394 0.01466 -0.00660 0.03756 -0.00596 -0.00957 0.03606 0.11318 0.07324
0.62441 -0.18244 1.97308 -0.27856 -0.10177 1.90939 -0.00100 -0.00234 -0.00448 0.00126 -0.00039 -0.00455 0.10871 0.06391
0.61974 -0.18389 1.96029 -0.27476 -0.09907 1.89764 -0.00467 -0.00145 -0.01279 0.00380 0.00270 -0.01175 0.11007 0.07006
0.61285 -0.18522 1.95106 -0.27305 -0.10436 1.89585 -0.00689 -0.00133 -0.00923 0.00171 -0.00529 -0.00179 0.10520 0.08157
0.61364 -0.1827 1.95423 -0.2737 -0.10621 1.90573 0.00079 0.00252 0.00317 -0.00065 -0.00185 0.00988 0.09976 0.06862
0.6126 -0.17355 1.95343 -0.27456 -0.10955 1.91406 -0.00104 0.00915 -0.00080 -0.00086 -0.00334 0.00833 0.09973 0.07412
0.58918 -0.10322 1.91015 -0.27059 -0.11101 1.90408 -0.02342 0.07033 -0.04328 0.00397 -0.00146 -0.00998 0.10471 0.07718
0.58136 -0.05413 1.92074 -0.27202 -0.1139 1.93613 -0.00782 0.04909 0.01059 -0.00143 -0.00289 0.03205 0.08903 0.08255
0.55147 0.0166 1.887 -0.26295 -0.10304 1.92083 -0.02989 0.07073 -0.03374 0.00907 0.01086 -0.01530 0.10733 0.08224
0.54772 0.09024 1.97114 -0.26883 -0.10483 2.02753 -0.00375 0.07364 0.08414 -0.00588 -0.00179 0.10670 0.13645 0.07931
0.51863 0.19158 2.03495 -0.27105 -0.11208 2.11344 -0.02909 0.10134 0.06381 -0.00222 -0.00725 0.08591 0.10003 0.07027
0.45472 0.26882 2.01907 -0.25733 -0.10646 2.10751 -0.06391 0.07724 -0.01588 0.01372 0.00562 -0.00593 0.11776 0.08440
0.37819 0.32496 1.98189 -0.23936 -0.10606 2.07403 -0.07653 0.05614 -0.03718 0.01797 0.00040 -0.03348 0.06001 0.08395
0.29384 0.35806 1.92909 -0.22064 -0.10867 2.02191 -0.08435 0.03310 -0.05280 0.01872 -0.00261 -0.05212 0.05722 0.09351
0.21527 0.36661 1.89031 -0.20704 -0.11616 1.97686 -0.07857 0.00855 -0.03878 0.01360 -0.00749 -0.04505 0.05373 0.09993
0.14834 0.39391 1.95076 -0.19857 -0.10786 2.02906 -0.06693 0.02730 0.06045 0.00847 0.00830 0.05220 0.08005 0.09155
0.075 0.36558 1.85229 -0.17298 -0.08965 1.91226 -0.07334 -0.02833 -0.09847 0.02559 0.01821 -0.11680 0.06435 0.07604
0.00175 0.37014 1.85484 -0.16423 -0.08962 1.89941 -0.07325 0.00456 0.00255 0.00875 0.00003 -0.01285 0.06199 0.10381
-0.09898 0.27748 1.90849 -0.12355 -0.01323 1.8682 -0.10073 -0.09266 0.05365 0.04068 0.07639 -0.03121 0.05930 0.03609
-0.13686 0.23236 1.93675 -0.06667 0.08154 1.94013 -0.03788 -0.04512 0.02826 0.05688 0.09477 0.07193 0.07091 0.08571
-0.17475 0.18332 1.89949 -0.08939 0.08921 1.9064 -0.03789 -0.04904 -0.03726 -0.02272 0.00767 -0.03373 0.04581 0.07176
-0.20952 0.16133 1.91888 -0.10962 0.04776 1.90054 -0.03477 -0.02199 0.01939 -0.02023 -0.04145 -0.00586 0.06518 0.07922
-0.22467 0.10826 1.90687 -0.14809 -0.11434 1.84292 -0.01515 -0.05307 -0.01201 -0.03847 -0.16210 -0.05762 0.07458 0.08177
-0.26416 0.03888 2.05906 -0.15549 -0.10202 1.97518 -0.03949 -0.06938 0.15219 -0.00740 0.01232 0.13226 0.09656 0.10803
-0.27073 0.01436 2.06656 -0.15867 -0.09994 1.98334 -0.00657 -0.02452 0.00750 -0.00318 0.00208 0.00816 0.09136 0.11311
-0.25251 0.00845 1.95115 -0.15082 -0.0941 1.86946 0.01822 -0.00591 -0.11541 0.00785 0.00584 -0.11388 0.08708 0.10138
-0.2697 0.01799 1.84358 -0.14323 -0.08952 1.76895 -0.01719 0.00954 -0.10757 0.00759 0.00458 -0.10051 0.01938 0.09267
-0.27801 0.01816 1.9004 -0.14787 -0.09021 1.82807 -0.00831 0.00017 0.05682 -0.00464 -0.00069 0.05912 0.03514 0.10711
-0.27849 0.01839 1.91429 -0.14792 -0.08921 1.84054 -0.00048 0.00023 0.01389 -0.00005 0.00100 0.01247 0.03679 0.07212
-0.27535 0.03862 1.94881 -0.14463 -0.09326 1.86639 0.00314 0.02023 0.03452 0.00329 -0.00405 0.02585 0.05460 0.09811
-0.26627 0.03269 1.95751 -0.14436 -0.09212 1.87278 0.00908 -0.00593 0.00870 0.00027 0.00114 0.00639 0.08848 0.09878
-0.26618 0.03234 1.96384 -0.14492 -0.0923 1.87827 0.00009 -0.00035 0.00633 -0.00056 -0.00018 0.00549 0.08919 0.09915
-0.16116 -0.11301 1.90804 -0.1383 -0.06626 1.90045 0.10502 -0.14535 -0.05580 0.00662 0.02604 0.02218 0.07630 0.04702
-0.16096 -0.11241 1.91095 -0.1377 -0.06434 1.90257 0.00020 0.00060 0.00291 0.00060 0.00192 0.00212 0.06979 0.05794
-0.16131 -0.1122 1.91416 -0.13728 -0.06431 1.90651 -0.00035 0.00021 0.00321 0.00042 0.00003 0.00394 0.06934 0.04905
-0.1595 -0.11152 1.91144 -0.13485 -0.0651 1.91167 0.00181 0.00068 -0.00272 0.00243 -0.00079 0.00516 0.07039 0.07581
-0.15867 -0.11258 1.91239 -0.13287 -0.0646 1.91263 0.00083 -0.00106 0.00095 0.00198 0.00050 0.00096 0.07270 0.04336
-0.15612 -0.10948 1.9164 -0.13237 -0.06543 1.91761 0.00255 0.00310 0.00401 0.00050 -0.00083 0.00498 0.06855 0.04403
-0.15601 -0.11039 1.91281 -0.13083 -0.06471 1.91574 0.00011 -0.00091 -0.00359 0.00154 0.00072 -0.00187 0.06803 0.04844
-0.15755 -0.10955 1.91047 -0.13386 -0.07901 1.9163 -0.00154 0.00084 -0.00234 -0.00303 -0.01430 0.00056 0.06859 0.04935
-0.15814 -0.10358 1.8945 -0.13046 -0.0485 1.89843 -0.00059 0.00597 -0.01597 0.00340 0.03051 -0.01787 0.07407 0.03230
-0.1607 -0.0992 1.87087 -0.13023 -0.04014 1.8731 -0.00256 0.00438 -0.02363 0.00023 0.00836 -0.02533 0.08112 0.02070
-0.01442 0.07606 2.01779 -0.1399 -0.05257 1.89274 0.14628 0.17526 0.14692 -0.00967 -0.01243 0.01964 0.06233 0.04338
0.04763 0.07518 2.08958 -0.18272 -0.15887 1.98443 0.06205 -0.00088 0.07179 -0.04282 -0.10630 0.09169 0.09346 0.09513
0.15102 0.0494 1.94282 -0.20665 -0.21072 1.87548 0.10339 -0.02578 -0.14676 -0.02393 -0.05185 -0.10895 0.07023 0.07761
0.25822 -0.02684 2.15271 -0.25063 -0.29468 2.11113 0.10720 -0.07624 0.20989 -0.04398 -0.08396 0.23565 0.08546 0.07051
0.3204 -0.08217 2.00668 -0.24538 -0.32065 2.00806 0.06218 -0.05533 -0.14603 0.00525 -0.02597 -0.10307 0.04017 0.07363
0.41371 -0.20861 1.93418 -0.24164 -0.3557 1.93669 0.09331 -0.12644 -0.07250 0.00374 -0.03505 -0.07137 0.07087 0.06567
0.50426 -0.30077 1.97301 -0.2461 -0.40186 2.00328 0.09055 -0.09216 0.03883 -0.00446 -0.04616 0.06659 0.06581 0.06554
0.5648 -0.38382 1.95905 -0.23397 -0.42746 1.97635 0.06054 -0.08305 -0.01396 0.01213 -0.02560 -0.02693 0.05984 0.05242
0.60948 -0.45585 1.94735 -0.21827 -0.44332 1.92811 0.04468 -0.07203 -0.01170 0.01570 -0.01586 -0.04824 0.08422 0.05818
0.64711 -0.513 1.93847 -0.20091 -0.45654 1.90181 0.03763 -0.05715 -0.00888 0.01736 -0.01322 -0.02630 0.08144 0.05273
0.68868 -0.57637 2.05655 -0.18424 -0.49833 1.98348 0.04157 -0.06337 0.11808 0.01667 -0.04179 0.08167 0.07444 0.05273
0.70282 -0.60845 2.09972 -0.17145 -0.52649 2.01436 0.01414 -0.03208 0.04317 0.01279 -0.02816 0.03088 0.07638 0.09263
0.68394 -0.60781 2.0362 -0.13121 -0.64741 1.92081 -0.01888 0.00064 -0.06352 0.04024 -0.12092 -0.09355 0.08865 0.07555
0.6895 -0.62689 2.04441 -0.11809 -0.64597 1.89306 0.00556 -0.01908 0.00821 0.01312 0.00144 -0.02775 0.08580 0.06702
0.68692 -0.6374 2.0473 -0.11513 -0.64614 1.8748 -0.00258 -0.01051 0.00289 0.00296 -0.00017 -0.01826 0.06280 0.05831
0.70901 -0.7027 2.00258 -0.1097 -0.62671 1.81378 0.02209 -0.06530 -0.04472 0.00543 0.01943 -0.06102 0.13977 0.05502
0.6787 -0.69452 1.9886 -0.10984 -0.62693 1.80934 -0.03031 0.00818 -0.01398 -0.00014 -0.00022 -0.00444 0.14463 0.05511
0.68033 -0.70499 1.99021 -0.10913 -0.62749 1.80996 0.00163 -0.01047 0.00161 0.00071 -0.00056 0.00062 0.13593 0.05560
0.67763 -0.70771 1.98183 -0.10864 -0.62739 1.80595 -0.00270 -0.00272 -0.00838 0.00049 0.00010 -0.00401 0.11643 0.05663
0.67057 -0.70707 1.98092 -0.11328 -0.62745 1.81115 -0.00706 0.00064 -0.00091 -0.00464 -0.00006 0.00520 0.12649 0.07040
0.67352 -0.7107 1.97541 -0.11256 -0.62611 1.80748 0.00295 -0.00363 -0.00551 0.00072 0.00134 -0.00367 0.12147 0.06368
0.67423 -0.71379 1.97439 -0.11027 -0.62679 1.80533 0.00071 -0.00309 -0.00102 0.00229 -0.00068 -0.00215 0.12245 0.06065
0.6849 -0.72481 2.00714 -0.1 -0.57617 1.8901 0.01067 -0.01102 0.03275 0.01027 0.05062 0.08477 0.11997 0.06140
0.69048 -0.72952 2.01275 -0.09952 -0.58143 1.8938 0.00558 -0.00471 0.00561 0.00048 -0.00526 0.00370 0.10851 0.06216
0.68585 -0.72543 1.98991 -0.09088 -0.58438 1.88444 -0.00463 0.00409 -0.02284 0.00864 -0.00295 -0.00936 0.10976 0.09517
0.69072 -0.7327 2.01578 -0.09688 -0.58132 1.89325 0.00487 -0.00727 0.02587 -0.00600 0.00306 0.00881 0.11438 0.06292
0.68585 -0.72792 1.99775 -0.09317 -0.58762 1.88845 -0.00487 0.00478 -0.01803 0.00371 -0.00630 -0.00480 0.11082 0.09349
0.70292 -0.74087 2.01818 -0.0983 -0.58497 1.89756 0.01707 -0.01295 0.02043 -0.00513 0.00265 0.00911 0.12080 0.06479
0.70185 -0.74113 2.02414 -0.09918 -0.58767 1.90313 -0.00107 -0.00026 0.00596 -0.00088 -0.00270 0.00557 0.11491 0.06582
0.7009 -0.74186 2.02512 -0.10005 -0.58771 1.90381 -0.00095 -0.00073 0.00098 -0.00087 -0.00004 0.00068 0.10981 0.06602
0.70199 -0.74249 2.02687 -0.10056 -0.5891 1.90643 0.00109 -0.00063 0.00175 -0.00051 -0.00139 0.00262 0.11866 0.06544
0.68826 -0.72873 1.99007 -0.09006 -0.58733 1.88466 -0.01373 0.01376 -0.03680 0.01050 0.00177 -0.02177 0.11980 0.09562
0.69568 -0.73627 2.01114 -0.09291 -0.59366 1.88358 0.00742 -0.00754 0.02107 -0.00285 -0.00633 -0.00108 0.12026 0.06368
0.69469 -0.73634 2.01933 -0.09537 -0.59666 1.89386 -0.00099 -0.00007 0.00819 -0.00246 -0.00300 0.01028 0.11975 0.06398
0.6975 -0.73923 2.02448 -0.09684 -0.5963 1.90148 0.00281 -0.00289 0.00515 -0.00147 0.00036 0.00762 0.12535 0.06633
0.69698 -0.73789 2.0209 -0.09807 -0.59617 1.90175 -0.00052 0.00134 -0.00358 -0.00123 0.00013 0.00027 0.12948 0.06686
0.7006 -0.74101 2.02022 -0.09883 -0.59467 1.90285 0.00362 -0.00312 -0.00068 -0.00076 0.00150 0.00110 0.12370 0.06559
]
