classifier_Monkey_goes_to_monkey_21507 [ 0.53609 -0.6069 1.64751 -0.42799 -0.74773 1.79107 0.53609 -0.6069 1.64751 -0.42799 -0.74773 1.79107 0.12950 0.02823 0.12950 0.02823
0.53662 -0.60765 1.64831 -0.42872 -0.76009 1.82571 0.00053 -0.00075 0.00080 -0.00073 -0.01236 0.03464 0.11919 0.02652 -0.01031 -0.00171
0.53782 -0.60787 1.64835 -0.43258 -0.69346 1.94364 0.00120 -0.00022 0.00004 -0.00386 0.06663 0.11793 0.12632 0.02651 0.00713 -0.00001
0.53808 -0.60881 1.64955 -0.42973 -0.69571 1.94258 0.00026 -0.00094 0.00120 0.00285 -0.00225 -0.00106 0.12020 0.02593 -0.00612 -0.00058
0.53912 -0.60899 1.64936 -0.42312 -0.67898 1.89339 0.00104 -0.00018 -0.00019 0.00661 0.01673 -0.04919 0.12260 0.03575 0.00240 0.00982
0.53787 -0.60922 1.64762 -0.42344 -0.67905 1.8837 -0.00125 -0.00023 -0.00174 -0.00032 -0.00007 -0.00969 0.12451 0.05219 0.00191 0.01644
0.53908 -0.60993 1.64906 -0.4184 -0.67083 1.86 0.00121 -0.00071 0.00144 0.00504 0.00822 -0.02370 0.12495 0.05058 0.00044 -0.00161
0.54072 -0.60958 1.649 -0.42409 -0.68084 1.85928 0.00164 0.00035 -0.00006 -0.00569 -0.01001 -0.00072 0.12153 0.06451 -0.00342 0.01393
0.54078 -0.60777 1.64653 -0.43137 -0.6981 1.84791 0.00006 0.00181 -0.00247 -0.00728 -0.01726 -0.01137 0.12417 0.04427 0.00264 -0.02024
0.54338 -0.61012 1.65652 -0.42944 -0.68989 1.82496 0.00260 -0.00235 0.00999 0.00193 0.00821 -0.02295 0.11892 0.05347 -0.00525 0.00920
0.54362 -0.60756 1.68479 -0.4353 -0.68291 1.8146 0.00024 0.00256 0.02827 -0.00586 0.00698 -0.01036 0.11451 0.05056 -0.00441 -0.00291
0.52893 -0.60215 1.70791 -0.44161 -0.65541 1.77548 -0.01469 0.00541 0.02312 -0.00631 0.02750 -0.03912 0.12153 0.06088 0.00702 0.01032
0.52986 -0.57087 1.71228 -0.45051 -0.64285 1.76681 0.00093 0.03128 0.00437 -0.00890 0.01256 -0.00867 0.11846 0.05916 -0.00307 -0.00172
0.51482 -0.52957 1.70224 -0.45604 -0.60789 1.75038 -0.01504 0.04130 -0.01004 -0.00553 0.03496 -0.01643 0.13875 0.06948 0.02029 0.01032
0.49451 -0.4721 1.61273 -0.44565 -0.5725 1.66872 -0.02031 0.05747 -0.08951 0.01039 0.03539 -0.08166 0.13145 0.06609 -0.00730 -0.00339
0.48692 -0.45415 1.57606 -0.44883 -0.54741 1.64497 -0.00759 0.01795 -0.03667 -0.00318 0.02509 -0.02375 0.06208 0.06067 -0.06937 -0.00542
0.47019 -0.44549 1.57218 -0.44684 -0.51323 1.63227 -0.01673 0.00866 -0.00388 0.00199 0.03418 -0.01270 0.07575 0.05866 0.01367 -0.00201
0.45559 -0.44744 1.59494 -0.45659 -0.45724 1.67548 -0.01460 -0.00195 0.02276 -0.00975 0.05599 0.04321 0.05228 0.06458 -0.02347 0.00592
0.41826 -0.3754 1.64916 -0.42173 -0.41011 1.65828 -0.03733 0.07204 0.05422 0.03486 0.04713 -0.01720 0.06393 0.06176 0.01165 -0.00282
0.42092 -0.36253 1.66932 -0.42356 -0.40943 1.65454 0.00266 0.01287 0.02016 -0.00183 0.00068 -0.00374 0.07273 0.07135 0.00880 0.00959
0.40533 -0.34857 1.67293 -0.42753 -0.40796 1.64167 -0.01559 0.01396 0.00361 -0.00397 0.00147 -0.01287 0.08163 0.08110 0.00890 0.00975
0.38242 -0.3199 1.71478 -0.41487 -0.37714 1.66645 -0.02291 0.02867 0.04185 0.01266 0.03082 0.02478 0.11622 0.08102 0.03459 -0.00008
0.3597 -0.28287 1.77559 -0.39433 -0.33198 1.72359 -0.02272 0.03703 0.06081 0.02054 0.04516 0.05714 0.08302 0.03776 -0.03320 -0.04326
0.38769 -0.25224 1.93004 -0.38675 -0.31091 1.88635 0.02799 0.03063 0.15445 0.00758 0.02107 0.16276 0.09599 0.05784 0.01297 0.02008
0.37929 -0.23118 1.93678 -0.36414 -0.2804 1.91058 -0.00840 0.02106 0.00674 0.02261 0.03051 0.02423 0.08477 0.06737 -0.01122 0.00953
0.34812 -0.21645 1.81145 -0.33018 -0.27562 1.80281 -0.03117 0.01473 -0.12533 0.03396 0.00478 -0.10777 0.09266 0.04607 0.00789 -0.02130
0.34573 -0.23201 1.78355 -0.33682 -0.30227 1.78305 -0.00239 -0.01556 -0.02790 -0.00664 -0.02665 -0.01976 0.04812 0.03940 -0.04454 -0.00667
0.3614 -0.25905 1.73738 -0.35905 -0.34175 1.73333 0.01567 -0.02704 -0.04617 -0.02223 -0.03948 -0.04972 0.12583 0.04365 0.07771 0.00425
0.3704 -0.24872 1.81067 -0.41076 -0.29676 1.80917 0.00900 0.01033 0.07329 -0.05171 0.04499 0.07584 0.04400 0.07364 -0.08183 0.02999
0.36237 -0.22578 1.81164 -0.36085 -0.28567 1.80676 -0.00803 0.02294 0.00097 0.04991 0.01109 -0.00241 0.07547 0.04588 0.03147 -0.02776
0.35261 -0.21415 1.81206 -0.34295 -0.27659 1.80901 -0.00976 0.01163 0.00042 0.01790 0.00908 0.00225 0.07194 0.04480 -0.00353 -0.00108
0.34896 -0.21612 1.8426 -0.37206 -0.27445 1.84761 -0.00365 -0.00197 0.03054 -0.02911 0.00214 0.03860 0.05732 0.06684 -0.01462 0.02204
0.35215 -0.22833 1.87833 -0.34366 -0.29444 1.88308 0.00319 -0.01221 0.03573 0.02840 -0.01999 0.03547 0.05814 0.08336 0.00082 0.01652
0.3295 -0.22833 1.7571 -0.33296 -0.28657 1.76172 -0.02265 0.00000 -0.12123 0.01070 0.00787 -0.12136 0.05424 0.08422 -0.00390 0.00086
0.32902 -0.24183 1.73265 -0.33872 -0.29694 1.72835 -0.00048 -0.01350 -0.02445 -0.00576 -0.01037 -0.03337 0.05223 0.06724 -0.00201 -0.01698
0.30267 -0.27097 1.62329 -0.32589 -0.26567 1.55069 -0.02635 -0.02914 -0.10936 0.01283 0.03127 -0.17766 0.06061 0.05965 0.00838 -0.00759
0.29731 -0.27972 1.62337 -0.32681 -0.21769 1.54565 -0.00536 -0.00875 0.00008 -0.00092 0.04798 -0.00504 0.07537 0.05999 0.01476 0.00034
0.28589 -0.28769 1.60139 -0.32556 -0.15835 1.52374 -0.01142 -0.00797 -0.02198 0.00125 0.05934 -0.02191 0.06932 0.04789 -0.00605 -0.01210
0.27451 -0.31455 1.61585 -0.33292 -0.06185 1.54496 -0.01138 -0.02686 0.01446 -0.00736 0.09650 0.02122 0.06954 0.05947 0.00022 0.01158
0.25701 -0.31676 1.54576 -0.31876 -0.02852 1.48774 -0.01750 -0.00221 -0.07009 0.01416 0.03333 -0.05722 0.07068 0.05441 0.00114 -0.00506
0.27228 -0.35688 1.66072 -0.3398 0.0084 1.60098 0.01527 -0.04012 0.11496 -0.02104 0.03692 0.11324 0.06885 0.06428 -0.00183 0.00987
0.26393 -0.36823 1.63646 -0.33573 0.03636 1.57434 -0.00835 -0.01135 -0.02426 0.00407 0.02796 -0.02664 0.06593 0.06262 -0.00292 -0.00166
0.259 -0.37718 1.62861 -0.3367 0.0521 1.54725 -0.00493 -0.00895 -0.00785 -0.00097 0.01574 -0.02709 0.06202 0.06299 -0.00391 0.00037
0.24907 -0.39779 1.63567 -0.34498 0.05993 1.52644 -0.00993 -0.02061 0.00706 -0.00828 0.00783 -0.02081 0.06265 0.06412 0.00063 0.00113
0.24601 -0.40012 1.62915 -0.35105 0.05386 1.46572 -0.00306 -0.00233 -0.00652 -0.00607 -0.00607 -0.06072 0.06426 0.06434 0.00161 0.00022
0.24548 -0.39804 1.62563 -0.34613 0.05212 1.45185 -0.00053 0.00208 -0.00352 0.00492 -0.00174 -0.01387 0.06905 0.05987 0.00479 -0.00447
0.25547 -0.39713 1.64719 -0.34517 0.05336 1.46465 0.00999 0.00091 0.02156 0.00096 0.00124 0.01280 0.07243 0.05770 0.00338 -0.00217
0.27477 -0.38164 1.65939 -0.33945 0.05488 1.46414 0.01930 0.01549 0.01220 0.00572 0.00152 -0.00051 0.06733 0.05928 -0.00510 0.00158
0.28285 -0.37078 1.64122 -0.3316 0.05382 1.44534 0.00808 0.01086 -0.01817 0.00785 -0.00106 -0.01880 0.06705 0.06130 -0.00028 0.00202
0.29641 -0.36083 1.64244 -0.32795 0.05362 1.44079 0.01356 0.00995 0.00122 0.00365 -0.00020 -0.00455 0.06390 0.05972 -0.00315 -0.00158
0.30489 -0.35838 1.64459 -0.32721 0.05555 1.43921 0.00848 0.00245 0.00215 0.00074 0.00193 -0.00158 0.06520 0.06168 0.00130 0.00196
0.31863 -0.35004 1.64743 -0.32546 0.05587 1.43499 0.01374 0.00834 0.00284 0.00175 0.00032 -0.00422 0.07220 0.06271 0.00700 0.00103
0.33848 -0.34053 1.66206 -0.32566 0.05621 1.43781 0.01985 0.00951 0.01463 -0.00020 0.00034 0.00282 0.07466 0.06412 0.00246 0.00141
0.35745 -0.34786 1.69684 -0.33209 0.05717 1.46572 0.01897 -0.00733 0.03478 -0.00643 0.00096 0.02791 0.05061 0.06612 -0.02405 0.00200
0.37332 -0.34829 1.70986 -0.33333 0.05731 1.46549 0.01587 -0.00043 0.01302 -0.00124 0.00014 -0.00023 0.05351 0.07336 0.00290 0.00724
0.35167 -0.29791 1.81303 -0.33848 0.05398 1.46926 -0.02165 0.05038 0.10317 -0.00515 -0.00333 0.00377 0.04878 0.06268 -0.00473 -0.01068
0.34487 -0.25751 1.84168 -0.3389 0.05294 1.46863 -0.00680 0.04040 0.02865 -0.00042 -0.00104 -0.00063 0.08237 0.06224 0.03359 -0.00044
0.33209 -0.25536 1.8101 -0.33901 0.05193 1.47049 -0.01278 0.00215 -0.03158 -0.00011 -0.00101 0.00186 0.06562 0.06179 -0.01675 -0.00045
0.36231 -0.24812 1.77693 -0.33868 0.05221 1.46754 0.03022 0.00724 -0.03317 0.00033 0.00028 -0.00295 0.05359 0.06263 -0.01203 0.00084
0.37288 -0.24481 1.75687 -0.33772 0.05226 1.45914 0.01057 0.00331 -0.02006 0.00096 0.00005 -0.00840 0.10096 0.06156 0.04737 -0.00107
0.36585 -0.23434 1.78267 -0.33864 0.04917 1.45904 -0.00703 0.01047 0.02580 -0.00092 -0.00309 -0.00010 0.08421 0.07221 -0.01675 0.01065
0.34729 -0.21446 1.75235 -0.32897 0.04616 1.40896 -0.01856 0.01988 -0.03032 0.00967 -0.00301 -0.05008 0.09658 0.05997 0.01237 -0.01224
0.33915 -0.20847 1.76637 -0.32892 0.04479 1.41044 -0.00814 0.00599 0.01402 0.00005 -0.00137 0.00148 0.07454 0.05973 -0.02204 -0.00024
0.3347 -0.20624 1.77304 -0.33142 0.04449 1.41913 -0.00445 0.00223 0.00667 -0.00250 -0.00030 0.00869 0.09260 0.06071 0.01806 0.00098
0.3461 -0.21769 1.87495 -0.355 0.0461 1.51549 0.01140 -0.01145 0.10191 -0.02358 0.00161 0.09636 0.10556 0.07137 0.01296 0.01066
0.33074 -0.2116 1.8245 -0.35388 0.04617 1.50424 -0.01536 0.00609 -0.05045 0.00112 0.00007 -0.01125 0.10336 0.06327 -0.00220 -0.00810
0.3121 -0.18997 1.69506 -0.33831 0.04447 1.43606 -0.01864 0.02163 -0.12944 0.01557 -0.00170 -0.06818 0.07718 0.06116 -0.02618 -0.00211
0.29987 -0.1708 1.62151 -0.33318 0.04482 1.41328 -0.01223 0.01917 -0.07355 0.00513 0.00035 -0.02278 0.07722 0.06162 0.00004 0.00046
0.29286 -0.1364 1.56937 -0.3307 0.04426 1.40425 -0.00701 0.03440 -0.05214 0.00248 -0.00056 -0.00903 0.06372 0.06083 -0.01350 -0.00079
0.28468 -0.09725 1.49495 -0.32258 0.04477 1.36869 -0.00818 0.03915 -0.07442 0.00812 0.00051 -0.03556 0.06344 0.05868 -0.00028 -0.00215
0.28519 -0.05434 1.47252 -0.32167 0.04523 1.36466 0.00051 0.04291 -0.02243 0.00091 0.00046 -0.00403 0.05943 0.05839 -0.00401 -0.00029
0.28559 -0.01615 1.45703 -0.32162 0.04694 1.36445 0.00040 0.03819 -0.01549 0.00005 0.00171 -0.00021 0.04341 0.05989 -0.01602 0.00150
0.28798 0.01548 1.44975 -0.32196 0.04682 1.36875 0.00239 0.03163 -0.00728 -0.00034 -0.00012 0.00430 0.04850 0.05868 0.00509 -0.00121
0.2694 0.06679 1.39101 -0.31285 0.04792 1.34393 -0.01858 0.05131 -0.05874 0.00911 0.00110 -0.02482 0.05396 0.06129 0.00546 0.00261
0.26181 0.07124 1.3722 -0.31095 0.04722 1.33841 -0.00759 0.00445 -0.01881 0.00190 -0.00070 -0.00552 0.08650 0.06545 0.03254 0.00416
0.25272 0.0689 1.34959 -0.30859 0.04646 1.33077 -0.00909 -0.00234 -0.02261 0.00236 -0.00076 -0.00764 0.08540 0.05826 -0.00110 -0.00719
0.24149 0.06098 1.32082 -0.30555 0.04492 1.32031 -0.01123 -0.00792 -0.02877 0.00304 -0.00154 -0.01046 0.06303 0.06952 -0.02237 0.01126
0.24148 0.05107 1.34698 -0.31572 0.04362 1.36493 -0.00001 -0.00991 0.02616 -0.01017 -0.00130 0.04462 0.08308 0.06006 0.02005 -0.00946
0.2416 0.03185 1.36212 -0.32341 0.04245 1.39738 0.00012 -0.01922 0.01514 -0.00769 -0.00117 0.03245 0.06142 0.07924 -0.02166 0.01918
0.22277 0.00068 1.29813 -0.31368 0.03676 1.35313 -0.01883 -0.03117 -0.06399 0.00973 -0.00569 -0.04425 0.06699 0.05930 0.00557 -0.01994
0.221 0.00114 1.30116 -0.31424 0.03652 1.35551 -0.00177 0.00046 0.00303 -0.00056 -0.00024 0.00238 0.05117 0.05890 -0.01582 -0.00040
0.21706 0.00672 1.28742 -0.31175 0.03869 1.33521 -0.00394 0.00558 -0.01374 0.00249 0.00217 -0.02030 0.05709 0.06673 0.00592 0.00783
0.22721 0.01585 1.33008 -0.32568 0.04138 1.38066 0.01015 0.00913 0.04266 -0.01393 0.00269 0.04545 0.06072 0.06036 0.00363 -0.00637
0.23537 0.01396 1.37884 -0.33868 0.04428 1.43343 0.00816 -0.00189 0.04876 -0.01300 0.00290 0.05277 0.05661 0.06199 -0.00411 0.00163
0.21794 0.01557 1.27754 -0.31453 0.03973 1.33175 -0.01743 0.00161 -0.10130 0.02415 -0.00455 -0.10168 0.04924 0.07266 -0.00737 0.01067
0.23175 0.01492 1.36376 -0.33682 0.0415 1.42629 0.01381 -0.00065 0.08622 -0.02229 0.00177 0.09454 0.06666 0.06995 0.01742 -0.00271
0.22873 0.01524 1.36079 -0.33767 0.04243 1.42771 -0.00302 0.00032 -0.00297 -0.00085 0.00093 0.00142 0.06907 0.06933 0.00241 -0.00062
0.22311 0.0155 1.35412 -0.33794 0.04242 1.42646 -0.00562 0.00026 -0.00667 -0.00027 -0.00001 -0.00125 0.05442 0.06832 -0.01465 -0.00101
0.21654 0.01759 1.34641 -0.33778 0.04188 1.42371 -0.00657 0.00209 -0.00771 0.00016 -0.00054 -0.00275 0.06488 0.06848 0.01046 0.00016
0.19643 0.02211 1.32436 -0.33674 0.04406 1.41218 -0.02011 0.00452 -0.02205 0.00104 0.00218 -0.01153 0.06302 0.07055 -0.00186 0.00207
0.18094 0.02911 1.30567 -0.33431 0.04326 1.39834 -0.01549 0.00700 -0.01869 0.00243 -0.00080 -0.01384 0.06172 0.05982 -0.00130 -0.01073
0.16574 0.03493 1.29949 -0.33451 0.04439 1.39887 -0.01520 0.00582 -0.00618 -0.00020 0.00113 0.00053 0.06104 0.05974 -0.00068 -0.00008
0.1484 0.04743 1.31057 -0.33942 0.04587 1.41731 -0.01734 0.01250 0.01108 -0.00491 0.00148 0.01844 0.07216 0.06121 0.01112 0.00147
0.12531 0.05797 1.29394 -0.33592 0.04697 1.40495 -0.02309 0.01054 -0.01663 0.00350 0.00110 -0.01236 0.05975 0.06020 -0.01241 -0.00101
0.10054 0.0738 1.28585 -0.33442 0.04763 1.39916 -0.02477 0.01583 -0.00809 0.00150 0.00066 -0.00579 0.07224 0.05910 0.01249 -0.00110
0.07131 0.08696 1.26545 -0.32873 0.04822 1.3788 -0.02923 0.01316 -0.02040 0.00569 0.00059 -0.02036 0.06937 0.05787 -0.00287 -0.00123
0.04435 0.09744 1.2779 -0.3311 0.0473 1.39034 -0.02696 0.01048 0.01245 -0.00237 -0.00092 0.01154 0.05749 0.05906 -0.01188 0.00119
0.01372 0.11172 1.29066 -0.33288 0.05042 1.39978 -0.03063 0.01428 0.01276 -0.00178 0.00312 0.00944 0.06003 0.05871 0.00254 -0.00035
-0.0199 0.12324 1.29261 -0.3309 0.05116 1.39406 -0.03362 0.01152 0.00195 0.00198 0.00074 -0.00572 0.06581 0.05929 0.00578 0.00058
-0.05376 0.13004 1.30405 -0.33149 0.05084 1.39825 -0.03386 0.00680 0.01144 -0.00059 -0.00032 0.00419 0.05644 0.05893 -0.00937 -0.00036
-0.08545 0.12705 1.3256 -0.33335 0.05158 1.40813 -0.03169 -0.00299 0.02155 -0.00186 0.00074 0.00988 0.04369 0.05962 -0.01275 0.00069
-0.11344 0.1175 1.31852 -0.32813 0.05119 1.38489 -0.02799 -0.00955 -0.00708 0.00522 -0.00039 -0.02324 0.04363 0.05897 -0.00006 -0.00065
-0.17438 0.10174 1.3547 -0.33119 0.04827 1.38995 -0.06094 -0.01576 0.03618 -0.00306 -0.00292 0.00506 0.12890 0.05747 0.08527 -0.00150
-0.20809 0.09483 1.36022 -0.27981 0.09173 1.36236 -0.03371 -0.00691 0.00552 0.05138 0.04346 -0.02759 0.07786 0.06793 -0.05104 0.01046
-0.25118 0.08876 1.36638 -0.29115 0.08795 1.3689 -0.04309 -0.00607 0.00616 -0.01134 -0.00378 0.00654 0.06769 0.07397 -0.01017 0.00604
-0.27237 0.07913 1.37256 -0.29779 0.08068 1.37474 -0.02119 -0.00963 0.00618 -0.00664 -0.00727 0.00584 0.07631 0.07901 0.00862 0.00504
-0.28187 0.07365 1.38088 -0.3062 0.07593 1.38105 -0.00950 -0.00548 0.00832 -0.00841 -0.00475 0.00631 0.05578 0.08041 -0.02053 0.00140
-0.28571 0.06636 1.36985 -0.3114 0.06825 1.37043 -0.00384 -0.00729 -0.01103 -0.00520 -0.00768 -0.01062 0.05579 0.05306 0.00001 -0.02735
-0.29064 0.06639 1.37442 -0.31554 0.06683 1.3754 -0.00493 0.00003 0.00457 -0.00414 -0.00142 0.00497 0.07300 0.07659 0.01721 0.02353
-0.29187 0.06542 1.37591 -0.31637 0.06489 1.37795 -0.00123 -0.00097 0.00149 -0.00083 -0.00194 0.00255 0.05612 0.07740 -0.01688 0.00081
-0.29443 0.06415 1.37754 -0.32047 0.06454 1.37885 -0.00256 -0.00127 0.00163 -0.00410 -0.00035 0.00090 0.06200 0.07519 0.00588 -0.00221
-0.29457 0.06439 1.37877 -0.32105 0.06405 1.38055 -0.00014 0.00024 0.00123 -0.00058 -0.00049 0.00170 0.05943 0.07446 -0.00257 -0.00073
-0.29475 0.06395 1.37827 -0.32066 0.06372 1.38017 -0.00018 -0.00044 -0.00050 0.00039 -0.00033 -0.00038 0.06868 0.07426 0.00925 -0.00020
-0.29312 0.06381 1.37548 -0.32102 0.06004 1.3761 0.00163 -0.00014 -0.00279 -0.00036 -0.00368 -0.00407 0.06096 0.07246 -0.00772 -0.00180
-0.29241 0.06332 1.37746 -0.32138 0.05871 1.37804 0.00071 -0.00049 0.00198 -0.00036 -0.00133 0.00194 0.06561 0.06024 0.00465 -0.01222
-0.2907 0.06205 1.37628 -0.32064 0.05941 1.37732 0.00171 -0.00127 -0.00118 0.00074 0.00070 -0.00072 0.06371 0.05998 -0.00190 -0.00026
-0.28766 0.06071 1.37923 -0.32028 0.05593 1.37949 0.00304 -0.00134 0.00295 0.00036 -0.00348 0.00217 0.06812 0.07495 0.00441 0.01497
-0.27837 0.05442 1.38122 -0.31501 0.04633 1.38269 0.00929 -0.00629 0.00199 0.00527 -0.00960 0.00320 0.07566 0.07352 0.00754 -0.00143
-0.26699 0.04334 1.38375 -0.3123 0.03295 1.3852 0.01138 -0.01108 0.00253 0.00271 -0.01338 0.00251 0.08679 0.07625 0.01113 0.00273
-0.25008 0.02993 1.38129 -0.32196 -0.00751 1.38197 0.01691 -0.01341 -0.00246 -0.00966 -0.04046 -0.00323 0.09262 0.07469 0.00583 -0.00156
-0.22114 0.00177 1.42718 -0.34605 -0.06852 1.43571 0.02894 -0.02816 0.04589 -0.02409 -0.06101 0.05374 0.06457 0.06581 -0.02805 -0.00888
-0.16482 -0.0343 1.42197 -0.34384 -0.10226 1.40803 0.05632 -0.03607 -0.00521 0.00221 -0.03374 -0.02768 0.05839 0.07237 -0.00618 0.00656
-0.14366 -0.06757 1.47174 -0.36446 -0.16545 1.45516 0.02116 -0.03327 0.04977 -0.02062 -0.06319 0.04713 0.05327 0.07257 -0.00512 0.00020
-0.07785 -0.1403 1.41776 -0.38448 -0.29475 1.41018 0.06581 -0.07273 -0.05398 -0.02002 -0.12930 -0.04498 0.05223 0.04086 -0.00104 -0.03171
-0.03433 -0.18957 1.44155 -0.41314 -0.38021 1.45742 0.04352 -0.04927 0.02379 -0.02866 -0.08546 0.04724 0.05379 0.05081 0.00156 0.00995
0.06925 -0.29906 1.48618 -0.45638 -0.53376 1.58616 0.10358 -0.10949 0.04463 -0.04324 -0.15355 0.12874 0.06650 0.05549 0.01271 0.00468
0.13115 -0.4235 1.56308 -0.47712 -0.60148 1.67628 0.06190 -0.12444 0.07690 -0.02074 -0.06772 0.09012 0.12971 0.05215 0.06321 -0.00334
0.16175 -0.4283 1.49511 -0.46608 -0.6147 1.67105 0.03060 -0.00480 -0.06797 0.01104 -0.01322 -0.00523 0.11040 0.05402 -0.01931 0.00187
0.21492 -0.42697 1.47933 -0.4615 -0.64135 1.70224 0.05317 0.00133 -0.01578 0.00458 -0.02665 0.03119 0.08995 0.03474 -0.02045 -0.01928
0.28689 -0.42486 1.42639 -0.44953 -0.65664 1.69657 0.07197 0.00211 -0.05294 0.01197 -0.01529 -0.00567 0.06865 0.07196 -0.02130 0.03722
0.36551 -0.44687 1.48335 -0.45976 -0.68418 1.78819 0.07862 -0.02201 0.05696 -0.01023 -0.02754 0.09162 0.05988 0.06892 -0.00877 -0.00304
0.43025 -0.47313 1.54408 -0.4678 -0.71467 1.85642 0.06474 -0.02626 0.06073 -0.00804 -0.03049 0.06823 0.06962 0.06234 0.00974 -0.00658
0.45382 -0.45944 1.49116 -0.44011 -0.67075 1.78476 0.02357 0.01369 -0.05292 0.02769 0.04392 -0.07166 0.06696 0.05671 -0.00266 -0.00563
0.50565 -0.54217 1.62883 -0.45646 -0.69613 1.88775 0.05183 -0.08273 0.13767 -0.01635 -0.02538 0.10299 0.13475 0.05402 0.06779 -0.00269
0.55399 -0.60456 1.67838 -0.43638 -0.67373 1.88739 0.04834 -0.06239 0.04955 0.02008 0.02240 -0.00036 0.09649 0.05358 -0.03826 -0.00044
0.55128 -0.6052 1.67031 -0.43399 -0.68525 1.86532 -0.00271 -0.00064 -0.00807 0.00239 -0.01152 -0.02207 0.14557 0.02725 0.04908 -0.02633
0.54825 -0.6077 1.66932 -0.43155 -0.6822 1.85656 -0.00303 -0.00250 -0.00099 0.00244 0.00305 -0.00876 0.11883 0.07001 -0.02674 0.04276
0.54624 -0.60724 1.65861 -0.42566 -0.67358 1.84047 -0.00201 0.00046 -0.01071 0.00589 0.00862 -0.01609 0.11336 0.04737 -0.00547 -0.02264
0.54455 -0.60738 1.65344 -0.42616 -0.67804 1.83651 -0.00169 -0.00014 -0.00517 -0.00050 -0.00446 -0.00396 0.11030 0.03189 -0.00306 -0.01548
0.54238 -0.60585 1.65038 -0.40568 -0.61413 1.83128 -0.00217 0.00153 -0.00306 0.02048 0.06391 -0.00523 0.10704 0.06943 -0.00326 0.03754
0.53088 -0.59608 1.62199 -0.39732 -0.60221 1.79411 -0.01150 0.00977 -0.02839 0.00836 0.01192 -0.03717 0.13291 0.05688 0.02587 -0.01255
0.52733 -0.59643 1.61989 -0.41086 -0.65327 1.77613 -0.00355 -0.00035 -0.00210 -0.01354 -0.05106 -0.01798 0.10370 0.02429 -0.02921 -0.03259
0.52671 -0.59614 1.61797 -0.41891 -0.67935 1.7767 -0.00062 0.00029 -0.00192 -0.00805 -0.02608 0.00057 0.10608 0.09035 0.00238 0.06606
0.52651 -0.59636 1.6151 -0.40697 -0.64597 1.76229 -0.00020 -0.00022 -0.00287 0.01194 0.03338 -0.01441 0.12548 0.02177 0.01940 -0.06858
0.52643 -0.5966 1.61413 -0.40695 -0.6477 1.75444 -0.00008 -0.00024 -0.00097 0.00002 -0.00173 -0.00785 0.09875 0.02482 -0.02673 0.00305
0.53356 -0.6051 1.63682 -0.42001 -0.68089 1.77939 0.00713 -0.00850 0.02269 -0.01306 -0.03319 0.02495 0.08080 0.06194 -0.01795 0.03712
0.52599 -0.59647 1.60959 -0.41363 -0.67092 1.75162 -0.00757 0.00863 -0.02723 0.00638 0.00997 -0.02777 0.11976 0.05870 0.03896 -0.00324
0.52602 -0.597 1.60712 -0.41325 -0.66961 1.7513 0.00003 -0.00053 -0.00247 0.00038 0.00131 -0.00032 0.12255 0.01657 0.00279 -0.04213
0.5272 -0.59706 1.6082 -0.41324 -0.6682 1.75551 0.00118 -0.00006 0.00108 0.00001 0.00141 0.00421 0.12493 0.01482 0.00238 -0.00175
0.52631 -0.597 1.60753 -0.41541 -0.67165 1.76135 -0.00089 0.00006 -0.00067 -0.00217 -0.00345 0.00584 0.12718 0.02203 0.00225 0.00721
0.52667 -0.59693 1.60746 -0.39338 -0.5952 1.78295 0.00036 0.00007 -0.00007 0.02203 0.07645 0.02160 0.12266 0.05112 -0.00452 0.02909
0.52689 -0.59689 1.60631 -0.40768 -0.64646 1.76964 0.00022 0.00004 -0.00115 -0.01430 -0.05126 -0.01331 0.12377 0.01890 0.00111 -0.03222
0.52663 -0.5968 1.60462 -0.40738 -0.64258 1.77968 -0.00026 0.00009 -0.00169 0.00030 0.00388 0.01004 0.13041 0.02653 0.00664 0.00763
0.52679 -0.59711 1.60454 -0.40911 -0.64523 1.78676 0.00016 -0.00031 -0.00008 -0.00173 -0.00265 0.00708 0.12829 0.02325 -0.00212 -0.00328
0.52472 -0.59515 1.60045 -0.41537 -0.66163 1.79726 -0.00207 0.00196 -0.00409 -0.00626 -0.01640 0.01050 0.12057 0.02448 -0.00772 0.00123
]
