classifier_Monkey_goes_to_fence_23180 [ 0.5646 -0.72186 1.94581 -0.15593 -0.60394 1.81661 0.5646 -0.72186 1.94581 -0.15593 -0.60394 1.81661 0.07385 0.10427 0.07385 0.10427
0.56518 -0.72022 1.93849 -0.15705 -0.60192 1.81168 0.00058 0.00164 -0.00732 -0.00112 0.00202 -0.00493 0.08064 0.10344 0.00679 -0.00083
0.56522 -0.72003 1.94096 -0.15804 -0.60249 1.81083 0.00004 0.00019 0.00247 -0.00099 -0.00057 -0.00085 0.10888 0.08098 0.02824 -0.02246
0.56934 -0.7175 1.93741 -0.15619 -0.59658 1.80261 0.00412 0.00253 -0.00355 0.00185 0.00591 -0.00822 0.11957 0.08082 0.01069 -0.00016
0.57571 -0.70723 1.91413 -0.16598 -0.59277 1.79128 0.00637 0.01027 -0.02328 -0.00979 0.00381 -0.01133 0.09387 0.07346 -0.02570 -0.00736
0.5693 -0.69995 2.00432 -0.18384 -0.61277 1.83715 -0.00641 0.00728 0.09019 -0.01786 -0.02000 0.04587 0.16195 0.07732 0.06808 0.00386
0.58624 -0.60095 1.82391 -0.18131 -0.57435 1.73165 0.01694 0.09900 -0.18041 0.00253 0.03842 -0.10550 0.11602 0.07001 -0.04593 -0.00731
0.50826 -0.50481 1.9265 -0.22429 -0.55397 1.87788 -0.07798 0.09614 0.10259 -0.04298 0.02038 0.14623 0.07155 0.10386 -0.04447 0.03385
0.43219 -0.42518 1.94475 -0.24924 -0.47202 1.86648 -0.07607 0.07963 0.01825 -0.02495 0.08195 -0.01140 0.12464 0.13422 0.05309 0.03036
0.36031 -0.33165 1.85333 -0.2483 -0.41019 1.78812 -0.07188 0.09353 -0.09142 0.00094 0.06183 -0.07836 0.08497 0.06641 -0.03967 -0.06781
0.29704 -0.28316 1.82315 -0.23361 -0.35507 1.76606 -0.06327 0.04849 -0.03018 0.01469 0.05512 -0.02206 0.07672 0.09800 -0.00825 0.03159
0.25217 -0.24712 1.96354 -0.23441 -0.32338 1.89969 -0.04487 0.03604 0.14039 -0.00080 0.03169 0.13363 0.14768 0.13997 0.07096 0.04197
0.19928 -0.19491 2.0378 -0.22391 -0.27562 1.9765 -0.05289 0.05221 0.07426 0.01050 0.04776 0.07681 0.15941 0.15409 0.01173 0.01412
0.14188 -0.13301 1.91447 -0.20423 -0.20642 1.85509 -0.05740 0.06190 -0.12333 0.01968 0.06920 -0.12141 0.08405 0.14243 -0.07536 -0.01166
0.03317 -0.08757 1.78661 -0.18399 -0.14666 1.74094 -0.10871 0.04544 -0.12786 0.02024 0.05976 -0.11415 0.10618 0.13071 0.02213 -0.01172
-0.03437 -0.03975 1.63113 0.05814 -0.05774 1.64927 -0.06754 0.04782 -0.15548 0.24213 0.08892 -0.09167 0.07312 0.04212 -0.03306 -0.08859
-0.04988 -0.02651 1.63025 -0.05456 -0.01114 1.62638 -0.01551 0.01324 -0.00088 -0.11270 0.04660 -0.02289 0.05934 0.04793 -0.01378 0.00581
-0.07897 -0.00099 1.5643 -0.04989 0.00483 1.5631 -0.02909 0.02552 -0.06595 0.00467 0.01597 -0.06328 0.05584 0.04355 -0.00350 -0.00438
-0.11282 0.00579 1.58953 0.0163 0.02704 1.59926 -0.03385 0.00678 0.02523 0.06619 0.02221 0.03616 0.05497 0.05284 -0.00087 0.00929
0.13875 0.05547 1.7878 -0.17947 -0.00177 1.77456 0.25157 0.04968 0.19827 -0.19577 -0.02881 0.17530 0.09422 0.13015 0.03925 0.07731
0.25545 0.03943 1.68225 -0.21945 0.00184 1.68285 0.11670 -0.01604 -0.10555 -0.03998 0.00361 -0.09171 0.08644 0.12505 -0.00778 -0.00510
0.35994 0.01978 1.84145 -0.30399 -0.02399 1.8439 0.10449 -0.01965 0.15920 -0.08454 -0.02583 0.16105 0.10093 0.12651 0.01449 0.00146
0.37166 -0.00468 1.61973 -0.3167 -0.04694 1.6259 0.01172 -0.02446 -0.22172 -0.01271 -0.02295 -0.21800 0.07976 0.11189 -0.02117 -0.01462
0.45039 -0.03862 1.70993 -0.37668 -0.09222 1.71128 0.07873 -0.03394 0.09020 -0.05998 -0.04528 0.08538 0.07220 0.14302 -0.00756 0.03113
0.48167 -0.06739 1.69335 -0.39543 -0.12529 1.68768 0.03128 -0.02877 -0.01658 -0.01875 -0.03307 -0.02360 0.07245 0.11444 0.00025 -0.02858
0.51218 -0.09568 1.72904 -0.41023 -0.1567 1.70731 0.03051 -0.02829 0.03569 -0.01480 -0.03141 0.01963 0.07804 0.11000 0.00559 -0.00444
0.53369 -0.11371 1.78652 -0.42861 -0.17218 1.75709 0.02151 -0.01803 0.05748 -0.01838 -0.01548 0.04978 0.07466 0.10850 -0.00338 -0.00150
0.53431 -0.12131 1.80095 -0.42959 -0.16658 1.76471 0.00062 -0.00760 0.01443 -0.00098 0.00560 0.00762 0.07795 0.10444 0.00329 -0.00406
0.46353 -0.0822 1.80351 -0.44035 0.13176 1.79474 -0.07078 0.03911 0.00256 -0.01076 0.29834 0.03003 0.07566 0.13142 -0.00229 0.02698
0.44741 -0.07575 1.8056 -0.43435 0.13399 1.82601 -0.01612 0.00645 0.00209 0.00600 0.00223 0.03127 0.07702 0.10772 0.00136 -0.02370
0.44074 -0.07672 1.80628 -0.42813 0.06933 1.80886 -0.00667 -0.00097 0.00068 0.00622 -0.06466 -0.01715 0.07805 0.09830 0.00103 -0.00942
0.42044 -0.07932 1.75913 -0.41502 -0.03012 1.69511 -0.02030 -0.00260 -0.04715 0.01311 -0.09945 -0.11375 0.07486 0.03364 -0.00319 -0.06466
0.42964 -0.08661 1.81117 -0.43171 -0.15329 1.74412 0.00920 -0.00729 0.05204 -0.01669 -0.12317 0.04901 0.07926 0.08220 0.00440 0.04856
0.41179 -0.08525 1.75827 -0.42019 -0.08433 1.71884 -0.01785 0.00136 -0.05290 0.01152 0.06896 -0.02528 0.07194 0.09071 -0.00732 0.00851
0.40844 -0.08436 1.7574 -0.42296 -0.0756 1.71422 -0.00335 0.00089 -0.00087 -0.00277 0.00873 -0.00462 0.07749 0.10247 0.00555 0.01176
0.39902 -0.08358 1.72116 -0.41685 -0.06618 1.67961 -0.00942 0.00078 -0.03624 0.00611 0.00942 -0.03461 0.07143 0.09694 -0.00606 -0.00553
0.39235 -0.08617 1.70883 -0.41668 -0.06089 1.67066 -0.00667 -0.00259 -0.01233 0.00017 0.00529 -0.00895 0.06855 0.09192 -0.00288 -0.00502
0.39331 -0.09371 1.73278 -0.42201 -0.05956 1.70703 0.00096 -0.00754 0.02395 -0.00533 0.00133 0.03637 0.06248 0.09261 -0.00607 0.00069
0.38833 -0.10577 1.72604 -0.41994 -0.05788 1.7057 -0.00498 -0.01206 -0.00674 0.00207 0.00168 -0.00133 0.06326 0.09717 0.00078 0.00456
0.37983 -0.1225 1.7154 -0.42146 -0.05967 1.70589 -0.00850 -0.01673 -0.01064 -0.00152 -0.00179 0.00019 0.06294 0.10250 -0.00032 0.00533
0.35711 -0.14366 1.66474 -0.41708 -0.06387 1.66645 -0.02272 -0.02116 -0.05066 0.00438 -0.00420 -0.03944 0.05923 0.09314 -0.00371 -0.00936
0.35247 -0.17702 1.65852 -0.41905 -0.0602 1.68218 -0.00464 -0.03336 -0.00622 -0.00197 0.00367 0.01573 0.05539 0.09906 -0.00384 0.00592
0.36734 -0.24274 1.75682 -0.4458 -0.06777 1.78072 0.01487 -0.06572 0.09830 -0.02675 -0.00757 0.09854 0.05394 0.10489 -0.00145 0.00583
0.34521 -0.29629 1.68716 -0.41673 -0.06165 1.67606 -0.02213 -0.05355 -0.06966 0.02907 0.00612 -0.10466 0.05074 0.09908 -0.00320 -0.00581
0.34607 -0.39386 1.82405 -0.43102 -0.05806 1.74975 0.00086 -0.09757 0.13689 -0.01429 0.00359 0.07369 0.07855 0.11537 0.02781 0.01629
0.33665 -0.47226 1.91208 -0.42971 -0.05124 1.7625 -0.00942 -0.07840 0.08803 0.00131 0.00682 0.01275 0.09810 0.11669 0.01955 0.00132
0.35611 -0.47157 2.08747 -0.42795 -0.04936 1.78242 0.01946 0.00069 0.17539 0.00176 0.00188 0.01992 0.07661 0.11226 -0.02149 -0.00443
0.34389 -0.43661 2.12955 -0.42839 -0.05079 1.78823 -0.01222 0.03496 0.04208 -0.00044 -0.00143 0.00581 0.05904 0.10982 -0.01757 -0.00244
0.24511 -0.39725 2.17138 -0.43239 -0.05226 1.79858 -0.09878 0.03936 0.04183 -0.00400 -0.00147 0.01035 0.14856 0.12265 0.08952 0.01283
0.23706 -0.2827 2.12916 -0.43609 -0.05132 1.80298 -0.00805 0.11455 -0.04222 -0.00370 0.00094 0.00440 0.15273 0.12413 0.00417 0.00148
0.26406 -0.21539 2.05628 -0.42463 -0.04919 1.75075 0.02700 0.06731 -0.07288 0.01146 0.00213 -0.05223 0.05776 0.12254 -0.09497 -0.00159
0.24536 -0.19438 2.04515 -0.42702 -0.04968 1.75486 -0.01870 0.02101 -0.01113 -0.00239 -0.00049 0.00411 0.08114 0.12551 0.02338 0.00297
0.26426 -0.07176 1.82804 -0.39258 -0.0468 1.60669 0.01890 0.12262 -0.21711 0.03444 0.00288 -0.14817 0.08632 0.10757 0.00518 -0.01794
0.30727 -0.08969 1.84253 -0.40349 -0.04825 1.64402 0.04301 -0.01793 0.01449 -0.01091 -0.00145 0.03733 0.06957 0.11939 -0.01675 0.01182
0.33298 -0.15003 1.89648 -0.41382 -0.05243 1.67938 0.02571 -0.06034 0.05395 -0.01033 -0.00418 0.03536 0.06499 0.11648 -0.00458 -0.00291
0.33101 -0.2098 2.00176 -0.42724 -0.05846 1.72565 -0.00197 -0.05977 0.10528 -0.01342 -0.00603 0.04627 0.11213 0.11846 0.04714 0.00198
0.29986 -0.25917 2.13682 -0.44316 -0.06294 1.79089 -0.03115 -0.04937 0.13506 -0.01592 -0.00448 0.06524 0.13872 0.13095 0.02659 0.01249
0.25781 -0.2668 2.16203 -0.44368 -0.06216 1.80136 -0.04205 -0.00763 0.02521 -0.00052 0.00078 0.01047 0.13552 0.12376 -0.00320 -0.00719
0.21959 -0.29041 2.15794 -0.44805 -0.06105 1.81941 -0.03822 -0.02361 -0.00409 -0.00437 0.00111 0.01805 0.13794 0.12468 0.00242 0.00092
0.21256 -0.27374 2.10638 -0.44223 -0.05349 1.79841 -0.00703 0.01667 -0.05156 0.00582 0.00756 -0.02100 0.13444 0.12742 -0.00350 0.00274
0.25654 -0.16855 2.08236 -0.44496 -0.04753 1.8097 0.04398 0.10519 -0.02402 -0.00273 0.00596 0.01129 0.08145 0.12534 -0.05299 -0.00208
0.19502 -0.16874 1.94051 -0.43462 -0.04338 1.75505 -0.06152 -0.00019 -0.14185 0.01034 0.00415 -0.05465 0.03795 0.12621 -0.04350 0.00087
0.27635 -0.08489 1.78418 -0.42303 -0.0427 1.70734 0.08133 0.08385 -0.15633 0.01159 0.00068 -0.04771 0.02532 0.12200 -0.01263 -0.00421
0.35038 -0.01441 1.91597 -0.44561 -0.04604 1.80032 0.07403 0.07048 0.13179 -0.02258 -0.00334 0.09298 0.11067 0.12601 0.08535 0.00401
0.31693 0.01394 1.76729 -0.41414 -0.0437 1.67889 -0.03345 0.02835 -0.14868 0.03147 0.00234 -0.12143 0.05419 0.11392 -0.05648 -0.01209
0.31077 0.03183 1.76171 -0.41461 -0.04511 1.68744 -0.00616 0.01789 -0.00558 -0.00047 -0.00141 0.00855 0.05409 0.12000 -0.00010 0.00608
0.30794 0.04356 1.76135 -0.41628 -0.04645 1.70216 -0.00283 0.01173 -0.00036 -0.00167 -0.00134 0.01472 0.04945 0.12146 -0.00464 0.00146
0.32574 0.06461 1.87753 -0.44315 -0.04842 1.81259 0.01780 0.02105 0.11618 -0.02687 -0.00197 0.11043 0.06515 0.13361 0.01570 0.01215
0.29009 0.08881 1.77796 -0.41844 -0.04454 1.71084 -0.03565 0.02420 -0.09957 0.02471 0.00388 -0.10175 0.07040 0.12802 0.00525 -0.00559
0.30704 0.0968 1.86285 -0.43759 -0.04505 1.78555 0.01695 0.00799 0.08489 -0.01915 -0.00051 0.07471 0.06307 0.13400 -0.00733 0.00598
0.3066 0.08587 1.8542 -0.43609 -0.04537 1.77297 -0.00044 -0.01093 -0.00865 0.00150 -0.00032 -0.01258 0.05736 0.13560 -0.00571 0.00160
0.29726 0.0742 1.83984 -0.434 -0.04754 1.77095 -0.00934 -0.01167 -0.01436 0.00209 -0.00217 -0.00202 0.05322 0.13903 -0.00414 0.00343
0.27506 0.01189 1.79574 -0.4264 -0.04905 1.75559 -0.02220 -0.06231 -0.04410 0.00760 -0.00151 -0.01536 0.09079 0.12747 0.03757 -0.01156
0.26866 -0.01588 1.77845 -0.42284 -0.05015 1.75057 -0.00640 -0.02777 -0.01729 0.00356 -0.00110 -0.00502 0.05544 0.13530 -0.03535 0.00783
0.26909 -0.03314 1.76816 -0.42095 -0.04768 1.74499 0.00043 -0.01726 -0.01029 0.00189 0.00247 -0.00558 0.06883 0.13692 0.01339 0.00162
0.2734 -0.0418 1.76656 -0.42076 -0.04728 1.74504 0.00431 -0.00866 -0.00160 0.00019 0.00040 0.00005 0.06840 0.13426 -0.00043 -0.00266
0.2857 -0.04913 1.80072 -0.42827 -0.04694 1.7761 0.01230 -0.00733 0.03416 -0.00751 0.00034 0.03106 0.05796 0.13137 -0.01044 -0.00289
0.29437 -0.05125 1.82011 -0.43224 -0.04993 1.79047 0.00867 -0.00212 0.01939 -0.00397 -0.00299 0.01437 0.08059 0.13327 0.02263 0.00190
0.29851 -0.0524 1.81613 -0.4296 -0.0495 1.78082 0.00414 -0.00115 -0.00398 0.00264 0.00043 -0.00965 0.08914 0.13633 0.00855 0.00306
0.30499 -0.05331 1.82971 -0.4307 -0.05112 1.79033 0.00648 -0.00091 0.01358 -0.00110 -0.00162 0.00951 0.07673 0.14146 -0.01241 0.00513
0.31237 -0.05558 1.83315 -0.42358 -0.05035 1.77929 0.00738 -0.00227 0.00344 0.00712 0.00077 -0.01104 0.07954 0.14035 0.00281 -0.00111
0.31722 -0.05749 1.84757 -0.42567 -0.05187 1.78953 0.00485 -0.00191 0.01442 -0.00209 -0.00152 0.01024 0.07128 0.13891 -0.00826 -0.00144
0.31945 -0.06044 1.853 -0.42672 -0.05127 1.79019 0.00223 -0.00295 0.00543 -0.00105 0.00060 0.00066 0.07051 0.13669 -0.00077 -0.00222
0.32119 -0.06401 1.85842 -0.42889 -0.05213 1.7932 0.00174 -0.00357 0.00542 -0.00217 -0.00086 0.00301 0.06489 0.13723 -0.00562 0.00054
0.32205 -0.06976 1.86183 -0.43225 -0.05286 1.79464 0.00086 -0.00575 0.00341 -0.00336 -0.00073 0.00144 0.06747 0.13471 0.00258 -0.00252
0.31841 -0.07653 1.85004 -0.43118 -0.0553 1.78199 -0.00364 -0.00677 -0.01179 0.00107 -0.00244 -0.01265 0.06160 0.13288 -0.00587 -0.00183
0.31144 -0.08407 1.84753 -0.43307 -0.0588 1.77901 -0.00697 -0.00754 -0.00251 -0.00189 -0.00350 -0.00298 0.05846 0.13232 -0.00314 -0.00056
0.30023 -0.09272 1.86036 -0.4413 -0.06594 1.78959 -0.01121 -0.00865 0.01283 -0.00823 -0.00714 0.01058 0.05230 0.12553 -0.00616 -0.00679
0.2762 -0.09803 1.82318 -0.43786 -0.07027 1.76132 -0.02403 -0.00531 -0.03718 0.00344 -0.00433 -0.02827 0.05707 0.12662 0.00477 0.00109
0.2518 -0.10169 1.81995 -0.44211 -0.07276 1.77005 -0.02440 -0.00366 -0.00323 -0.00425 -0.00249 0.00873 0.05986 0.12576 0.00279 -0.00086
0.2149 -0.09623 1.78837 -0.43929 -0.07141 1.75634 -0.03690 0.00546 -0.03158 0.00282 0.00135 -0.01371 0.06498 0.12545 0.00512 -0.00031
0.16787 -0.08688 1.73192 -0.42939 -0.06724 1.71674 -0.04703 0.00935 -0.05645 0.00990 0.00417 -0.03960 0.06460 0.12210 -0.00038 -0.00335
0.11936 -0.07999 1.72591 -0.43182 -0.06363 1.72683 -0.04851 0.00689 -0.00601 -0.00243 0.00361 0.01009 0.04407 0.12620 -0.02053 0.00410
0.06441 -0.0733 1.71839 -0.43323 -0.0597 1.73384 -0.05495 0.00669 -0.00752 -0.00141 0.00393 0.00701 0.08169 0.12925 0.03762 0.00305
0.00505 -0.06981 1.70175 -0.43137 -0.05636 1.72946 -0.05936 0.00349 -0.01664 0.00186 0.00334 -0.00438 0.08642 0.12848 0.00473 -0.00077
-0.06325 -0.06033 1.65964 -0.41974 -0.05173 1.6967 -0.06830 0.00948 -0.04211 0.01163 0.00463 -0.03276 0.10658 0.12596 0.02016 -0.00252
-0.12089 -0.07364 1.66123 -0.41409 -0.0498 1.69347 -0.05764 -0.01331 0.00159 0.00565 0.00193 -0.00323 0.08740 0.12400 -0.01918 -0.00196
-0.14701 -0.14161 1.86583 -0.45079 -0.04467 1.87045 -0.02612 -0.06797 0.20460 -0.03670 0.00513 0.17698 0.08256 0.11752 -0.00484 -0.00648
-0.36251 -0.08156 1.74905 -0.37852 -0.06891 1.75578 -0.21550 0.06005 -0.11678 0.07227 -0.02424 -0.11467 0.04975 0.07033 -0.03281 -0.04719
-0.38666 -0.06591 1.72564 -0.38942 -0.06764 1.73551 -0.02415 0.01565 -0.02341 -0.01090 0.00127 -0.02027 0.03363 0.07330 -0.01612 0.00297
-0.39369 -0.0684 1.73918 -0.39307 -0.06941 1.7483 -0.00703 -0.00249 0.01354 -0.00365 -0.00177 0.01279 0.05778 0.06004 0.02415 -0.01326
-0.39575 -0.07238 1.7467 -0.39849 -0.07088 1.75553 -0.00206 -0.00398 0.00752 -0.00542 -0.00147 0.00723 0.03502 0.06504 -0.02276 0.00500
-0.39614 -0.07547 1.74637 -0.39948 -0.07345 1.7542 -0.00039 -0.00309 -0.00033 -0.00099 -0.00257 -0.00133 0.04291 0.05662 0.00789 -0.00842
-0.37654 -0.08982 1.7495 -0.39897 -0.07601 1.75497 0.01960 -0.01435 0.00313 0.00051 -0.00256 0.00077 0.07027 0.05580 0.02736 -0.00082
-0.37677 -0.08992 1.74917 -0.40069 -0.07489 1.75554 -0.00023 -0.00010 -0.00033 -0.00172 0.00112 0.00057 0.05347 0.07690 -0.01680 0.02110
-0.3766 -0.08849 1.74959 -0.40053 -0.07182 1.75438 0.00017 0.00143 0.00042 0.00016 0.00307 -0.00116 0.05195 0.09117 -0.00152 0.01427
-0.37804 -0.08051 1.73881 -0.39529 -0.06919 1.74665 -0.00144 0.00798 -0.01078 0.00524 0.00263 -0.00773 0.04998 0.05664 -0.00197 -0.03453
-0.37301 -0.08363 1.74568 -0.39453 -0.06965 1.75234 0.00503 -0.00312 0.00687 0.00076 -0.00046 0.00569 0.05675 0.06082 0.00677 0.00418
-0.37122 -0.07646 1.7382 -0.39198 -0.06656 1.74464 0.00179 0.00717 -0.00748 0.00255 0.00309 -0.00770 0.03512 0.06675 -0.02163 0.00593
-0.36483 -0.07061 1.69901 -0.37974 -0.06209 1.70843 0.00639 0.00585 -0.03919 0.01224 0.00447 -0.03621 0.04578 0.07165 0.01066 0.00490
-0.37468 -0.05656 1.69751 -0.37671 -0.05959 1.72129 -0.00985 0.01405 -0.00150 0.00303 0.00250 0.01286 0.03965 0.05682 -0.00613 -0.01483
-0.3975 -0.05511 1.77924 -0.39576 -0.06112 1.81205 -0.02282 0.00145 0.08173 -0.01905 -0.00153 0.09076 0.03875 0.09724 -0.00090 0.04042
-0.21833 -0.14774 1.79388 -0.3357 -0.11786 1.82321 0.17917 -0.09263 0.01464 0.06006 -0.05674 0.01116 0.08164 0.10789 0.04289 0.01065
-0.17826 -0.19366 1.79275 -0.38381 -0.11423 1.81994 0.04007 -0.04592 -0.00113 -0.04811 0.00363 -0.00327 0.05693 0.08696 -0.02471 -0.02093
-0.1542 -0.23604 1.79482 -0.37945 -0.13629 1.81565 0.02406 -0.04238 0.00207 0.00436 -0.02206 -0.00429 0.05555 0.09967 -0.00138 0.01271
-0.13777 -0.29128 1.8272 -0.3609 -0.20091 1.80418 0.01643 -0.05524 0.03238 0.01855 -0.06462 -0.01147 0.03205 0.04382 -0.02350 -0.05585
-0.04554 -0.43003 1.82796 -0.28837 -0.30037 1.75826 0.09223 -0.13875 0.00076 0.07253 -0.09946 -0.04592 0.10210 0.05922 0.07005 0.01540
-0.00364 -0.5004 1.83493 -0.25274 -0.38173 1.76774 0.04190 -0.07037 0.00697 0.03563 -0.08136 0.00948 0.11914 0.12683 0.01704 0.06761
0.0483 -0.5652 1.88747 -0.22216 -0.46349 1.83387 0.05194 -0.06480 0.05254 0.03058 -0.08176 0.06613 0.10071 0.15345 -0.01843 0.02662
0.07827 -0.56175 1.76871 -0.1654 -0.57625 1.72192 0.02997 0.00345 -0.11876 0.05676 -0.11276 -0.11195 0.06629 0.04111 -0.03442 -0.11234
0.1255 -0.59333 1.90058 -0.20223 -0.58928 1.90082 0.04723 -0.03158 0.13187 -0.03683 -0.01303 0.17890 0.06312 0.07271 -0.00317 0.03160
0.12989 -0.59097 1.88047 -0.1958 -0.59706 1.88544 0.00439 0.00236 -0.02011 0.00643 -0.00778 -0.01538 0.05497 0.07192 -0.00815 -0.00079
0.13593 -0.58578 1.82721 -0.19443 -0.58439 1.83034 0.00604 0.00519 -0.05326 0.00137 0.01267 -0.05510 0.06470 0.07075 0.00973 -0.00117
0.14411 -0.58524 1.85792 -0.19586 -0.58879 1.83638 0.00818 0.00054 0.03071 -0.00143 -0.00440 0.00604 0.06218 0.07361 -0.00252 0.00286
0.14758 -0.58688 1.75966 -0.19603 -0.57286 1.78506 0.00347 -0.00164 -0.09826 -0.00017 0.01593 -0.05132 0.06107 0.06912 -0.00111 -0.00449
0.22889 -0.62832 1.85763 -0.21342 -0.6077 1.89107 0.08131 -0.04144 0.09797 -0.01739 -0.03484 0.10601 0.05294 0.07184 -0.00813 0.00272
0.28415 -0.61555 1.84852 -0.21057 -0.59517 1.85556 0.05526 0.01277 -0.00911 0.00285 0.01253 -0.03551 0.08140 0.07305 0.02846 0.00121
0.35543 -0.60398 1.86017 -0.21041 -0.59102 1.84581 0.07128 0.01157 0.01165 0.00016 0.00415 -0.00975 0.07252 0.06782 -0.00888 -0.00523
0.41315 -0.60932 1.87646 -0.21005 -0.59437 1.8501 0.05772 -0.00534 0.01629 0.00036 -0.00335 0.00429 0.09349 0.06681 0.02097 -0.00101
0.45266 -0.61463 1.89896 -0.21198 -0.59639 1.85587 0.03951 -0.00531 0.02250 -0.00193 -0.00202 0.00577 0.08071 0.06765 -0.01278 0.00084
0.48658 -0.63268 1.93769 -0.21326 -0.6025 1.874 0.03392 -0.01805 0.03873 -0.00128 -0.00611 0.01813 0.07635 0.06863 -0.00436 0.00098
0.50855 -0.64182 1.96321 -0.2152 -0.60409 1.87983 0.02197 -0.00914 0.02552 -0.00194 -0.00159 0.00583 0.06372 0.06922 -0.01263 0.00059
0.53949 -0.66219 1.96941 -0.21647 -0.60674 1.88423 0.03094 -0.02037 0.00620 -0.00127 -0.00265 0.00440 0.11203 0.06634 0.04831 -0.00288
0.56037 -0.67327 1.9724 -0.21794 -0.60799 1.88295 0.02088 -0.01108 0.00299 -0.00147 -0.00125 -0.00128 0.11448 0.06739 0.00245 0.00105
0.57045 -0.70507 1.97517 -0.21756 -0.60441 1.87233 0.01008 -0.03180 0.00277 0.00038 0.00358 -0.01062 0.17471 0.06534 0.06023 -0.00205
0.57442 -0.71235 1.98362 -0.21721 -0.60415 1.87762 0.00397 -0.00728 0.00845 0.00035 0.00026 0.00529 0.16933 0.06598 -0.00538 0.00064
0.57817 -0.71906 1.9918 -0.21728 -0.60508 1.87942 0.00375 -0.00671 0.00818 -0.00007 -0.00093 0.00180 0.15632 0.06673 -0.01301 0.00075
0.57957 -0.72117 1.99115 -0.21789 -0.60623 1.87764 0.00140 -0.00211 -0.00065 -0.00061 -0.00115 -0.00178 0.14771 0.06725 -0.00861 0.00052
0.58313 -0.72399 1.98784 -0.21883 -0.60576 1.87379 0.00356 -0.00282 -0.00331 -0.00094 0.00047 -0.00385 0.14417 0.07136 -0.00354 0.00411
0.58091 -0.72463 1.98159 -0.21898 -0.60584 1.86983 -0.00222 -0.00064 -0.00625 -0.00015 -0.00008 -0.00396 0.15380 0.06454 0.00963 -0.00682
0.57997 -0.72062 1.97132 -0.21866 -0.6046 1.86146 -0.00094 0.00401 -0.01027 0.00032 0.00124 -0.00837 0.13705 0.06610 -0.01675 0.00156
0.58143 -0.71969 1.96049 -0.21902 -0.60301 1.85812 0.00146 0.00093 -0.01083 -0.00036 0.00159 -0.00334 0.14854 0.06402 0.01149 -0.00208
0.58155 -0.72133 1.96358 -0.22004 -0.60449 1.85989 0.00012 -0.00164 0.00309 -0.00102 -0.00148 0.00177 0.12814 0.06363 -0.02040 -0.00039
0.5809 -0.72112 1.96572 -0.22076 -0.60518 1.86202 -0.00065 0.00021 0.00214 -0.00072 -0.00069 0.00213 0.13735 0.06692 0.00921 0.00329
0.58382 -0.72327 1.96925 -0.22187 -0.60665 1.86765 0.00292 -0.00215 0.00353 -0.00111 -0.00147 0.00563 0.12120 0.06539 -0.01615 -0.00153
0.58382 -0.72323 1.9671 -0.22347 -0.6062 1.87067 0.00000 0.00004 -0.00215 -0.00160 0.00045 0.00302 0.11469 0.06361 -0.00651 -0.00178
0.5832 -0.72387 1.96833 -0.22408 -0.6068 1.86821 -0.00062 -0.00064 0.00123 -0.00061 -0.00060 -0.00246 0.11887 0.06261 0.00418 -0.00100
0.57805 -0.71591 1.94411 -0.13433 -0.59403 1.79643 -0.00515 0.00796 -0.02422 0.08975 0.01277 -0.07178 0.11833 0.07263 -0.00054 0.01002
0.58437 -0.72467 1.96703 -0.20161 -0.56936 1.92006 0.00632 -0.00876 0.02292 -0.06728 0.02467 0.12363 0.12562 0.08473 0.00729 0.01210
0.58558 -0.72433 1.96536 -0.19032 -0.57566 1.9055 0.00121 0.00034 -0.00167 0.01129 -0.00630 -0.01456 0.12004 0.08145 -0.00558 -0.00328
0.58425 -0.72289 1.96182 -0.19006 -0.57507 1.90547 -0.00133 0.00144 -0.00354 0.00026 0.00059 -0.00003 0.13588 0.08143 0.01584 -0.00002
0.58432 -0.72303 1.96123 -0.19388 -0.57284 1.91058 0.00007 -0.00014 -0.00059 -0.00382 0.00223 0.00511 0.12488 0.08299 -0.01100 0.00156
0.58448 -0.72366 1.96168 -0.19 -0.57417 1.90708 0.00016 -0.00063 0.00045 0.00388 -0.00133 -0.00350 0.12756 0.08347 0.00268 0.00048
]
