classifier_Monkey_goes_to_fence_15374 [ 0.48256 -0.67962 1.6346 -0.03073 -0.54611 1.74566 0.48256 -0.67962 1.6346 -0.03073 -0.54611 1.74566 0.10660 0.06555 0.10660 0.06555
0.48264 -0.67985 1.63497 -0.02792 -0.54473 1.74343 0.00008 -0.00023 0.00037 0.00281 0.00138 -0.00223 0.10681 0.06809 0.00021 0.00254
0.48887 -0.68622 1.83908 -0.03021 -0.57421 1.83895 0.00623 -0.00637 0.20411 -0.00229 -0.02948 0.09552 0.09962 0.07066 -0.00719 0.00257
0.50995 -0.72218 1.89345 -0.03525 -0.59819 1.90626 0.02108 -0.03596 0.05437 -0.00504 -0.02398 0.06731 0.09977 0.07112 0.00015 0.00046
0.51176 -0.7235 1.88144 -0.03342 -0.59708 1.9027 0.00181 -0.00132 -0.01201 0.00183 0.00111 -0.00356 0.12614 0.07084 0.02637 -0.00028
0.48102 -0.74023 1.80134 -0.03607 -0.57204 1.85216 -0.03074 -0.01673 -0.08010 -0.00265 0.02504 -0.05054 0.08181 0.07380 -0.04433 0.00296
0.40572 -0.58014 1.80965 -0.04703 -0.56578 1.93337 -0.07530 0.16009 0.00831 -0.01096 0.00626 0.08121 0.09597 0.07296 0.01416 -0.00084
0.29951 -0.50461 1.81944 -0.03894 -0.50942 1.95891 -0.10621 0.07553 0.00979 0.00809 0.05636 0.02554 0.06907 0.13222 -0.02690 0.05926
0.19807 -0.41812 1.86272 -0.04577 -0.41055 1.95617 -0.10144 0.08649 0.04328 -0.00683 0.09887 -0.00274 0.04194 0.10195 -0.02713 -0.03027
0.16559 -0.36741 1.86129 -0.06363 -0.36349 1.91977 -0.03248 0.05071 -0.00143 -0.01786 0.04706 -0.03640 0.04366 0.11467 0.00172 0.01272
0.14219 -0.33603 1.90842 -0.08208 -0.33194 1.9425 -0.02340 0.03138 0.04713 -0.01845 0.03155 0.02273 0.05779 0.12984 0.01413 0.01517
0.14065 -0.3115 1.927 -0.10877 -0.29303 1.9451 -0.00154 0.02453 0.01858 -0.02669 0.03891 0.00260 0.06750 0.11624 0.00971 -0.01360
0.15436 -0.28042 1.85642 0.01124 -0.24637 1.84601 0.01371 0.03108 -0.07058 0.12001 0.04666 -0.09909 0.05630 0.08929 -0.01120 -0.02695
0.13693 -0.26465 1.90897 -0.12152 -0.24231 1.91337 -0.01743 0.01577 0.05255 -0.13276 0.00406 0.06736 0.04186 0.10914 -0.01444 0.01985
0.15321 -0.25074 1.87938 -0.14031 -0.22253 1.88111 0.01628 0.01391 -0.02959 -0.01879 0.01978 -0.03226 0.10456 0.09316 0.06270 -0.01598
0.15985 -0.24458 1.93485 -0.06762 -0.21196 1.94125 0.00664 0.00616 0.05547 0.07269 0.01057 0.06014 0.09358 0.04830 -0.01098 -0.04486
0.17717 -0.24306 1.94258 -0.07099 -0.2043 1.95714 0.01732 0.00152 0.00773 -0.00337 0.00766 0.01589 0.10221 0.06994 0.00863 0.02164
0.26908 -0.24461 1.94769 -0.13667 -0.23931 2.04309 0.09191 -0.00155 0.00511 -0.06568 -0.03501 0.08595 0.10136 0.14297 -0.00085 0.07303
0.31038 -0.25204 1.97775 -0.29748 -0.22623 2.00034 0.04130 -0.00743 0.03006 -0.16081 0.01308 -0.04275 0.08741 0.11444 -0.01395 -0.02853
0.3268 -0.25295 1.94267 -0.30622 -0.21815 1.96868 0.01642 -0.00091 -0.03508 -0.00874 0.00808 -0.03166 0.07748 0.10343 -0.00993 -0.01101
0.35444 -0.26686 1.99671 -0.35064 -0.22508 2.03092 0.02764 -0.01391 0.05404 -0.04442 -0.00693 0.06224 0.07935 0.09871 0.00187 -0.00472
0.3765 -0.28077 2.04971 -0.37451 -0.23217 2.08586 0.02206 -0.01391 0.05300 -0.02387 -0.00709 0.05494 0.08699 0.06692 0.00764 -0.03179
0.38673 -0.29155 2.06951 -0.40722 -0.21913 2.11835 0.01023 -0.01078 0.01980 -0.03271 0.01304 0.03249 0.08198 0.10310 -0.00501 0.03618
0.35618 -0.28886 1.95738 -0.40688 -0.18048 2.01554 -0.03055 0.00269 -0.11213 0.00034 0.03865 -0.10281 0.06394 0.10241 -0.01804 -0.00069
0.36919 -0.30797 2.0348 -0.42617 -0.16577 2.09262 0.01301 -0.01911 0.07742 -0.01929 0.01471 0.07708 0.08251 0.10425 0.01857 0.00184
0.35946 -0.31754 2.0348 -0.42833 -0.15148 2.09464 -0.00973 -0.00957 0.00000 -0.00216 0.01429 0.00202 0.08240 0.10267 -0.00011 -0.00158
0.33192 -0.3124 1.94361 -0.40788 -0.13143 2.00662 -0.02754 0.00514 -0.09119 0.02045 0.02005 -0.08802 0.08161 0.08092 -0.00079 -0.02175
0.32266 -0.32501 1.95785 -0.4061 -0.1233 2.05195 -0.00926 -0.01261 0.01424 0.00178 0.00813 0.04533 0.07528 0.06992 -0.00633 -0.01100
0.32876 -0.36025 2.0974 -0.41966 -0.09974 2.18388 0.00610 -0.03524 0.13955 -0.01356 0.02356 0.13193 0.07870 0.08594 0.00342 0.01602
0.30409 -0.3621 2.037 -0.39729 -0.07268 2.09604 -0.02467 -0.00185 -0.06040 0.02237 0.02706 -0.08784 0.06780 0.08824 -0.01090 0.00230
0.28565 -0.37275 2.01462 -0.38761 -0.06558 2.05231 -0.01844 -0.01065 -0.02238 0.00968 0.00710 -0.04373 0.07265 0.10566 0.00485 0.01742
0.24005 -0.38464 1.93541 -0.35442 -0.07987 1.8924 -0.04560 -0.01189 -0.07921 0.03319 -0.01429 -0.15991 0.10934 0.09049 0.03669 -0.01517
0.22822 -0.39997 1.95311 -0.34932 -0.11242 1.87009 -0.01183 -0.01533 0.01770 0.00510 -0.03255 -0.02231 0.09875 0.09990 -0.01059 0.00941
0.22084 -0.42145 2.01057 -0.35411 -0.16895 1.88319 -0.00738 -0.02148 0.05746 -0.00479 -0.05653 0.01310 0.09291 0.08620 -0.00584 -0.01370
0.20244 -0.43421 2.00008 -0.34933 -0.27682 1.8115 -0.01840 -0.01276 -0.01049 0.00478 -0.10787 -0.07169 0.09453 0.08255 0.00162 -0.00365
0.19386 -0.4392 2.00851 -0.3482 -0.30918 1.80432 -0.00858 -0.00499 0.00843 0.00113 -0.03236 -0.00718 0.07148 0.09362 -0.02305 0.01107
0.195 -0.44475 2.02933 -0.34871 -0.32502 1.82 0.00114 -0.00555 0.02082 -0.00051 -0.01584 0.01568 0.06903 0.09730 -0.00245 0.00368
0.19412 -0.44063 2.01393 -0.3435 -0.31818 1.80462 -0.00088 0.00412 -0.01540 0.00521 0.00684 -0.01538 0.06485 0.09519 -0.00418 -0.00211
0.18972 -0.43431 1.97567 -0.33704 -0.30301 1.77072 -0.00440 0.00632 -0.03826 0.00646 0.01517 -0.03390 0.07006 0.08529 0.00521 -0.00990
0.20114 -0.45814 2.07747 -0.35711 -0.30689 1.86154 0.01142 -0.02383 0.10180 -0.02007 -0.00388 0.09082 0.06748 0.08245 -0.00258 -0.00284
0.19778 -0.44764 2.03052 -0.35257 -0.2891 1.81795 -0.00336 0.01050 -0.04695 0.00454 0.01779 -0.04359 0.07806 0.07708 0.01058 -0.00537
0.19841 -0.44963 2.04947 -0.36231 -0.28161 1.83593 0.00063 -0.00199 0.01895 -0.00974 0.00749 0.01798 0.09641 0.07769 0.01835 0.00061
0.18809 -0.42814 1.98193 -0.35285 -0.27321 1.77599 -0.01032 0.02149 -0.06754 0.00946 0.00840 -0.05994 0.11127 0.07352 0.01486 -0.00417
0.20542 -0.42074 2.06184 -0.36982 -0.2872 1.85384 0.01733 0.00740 0.07991 -0.01697 -0.01399 0.07785 0.09907 0.08360 -0.01220 0.01008
0.23826 -0.35428 1.89661 -0.35468 -0.27892 1.76897 0.03284 0.06646 -0.16523 0.01514 0.00828 -0.08487 0.05173 0.08348 -0.04734 -0.00012
0.26893 -0.33277 1.93073 -0.36287 -0.28965 1.80531 0.03067 0.02151 0.03412 -0.00819 -0.01073 0.03634 0.05102 0.08962 -0.00071 0.00614
0.28575 -0.29103 1.88445 -0.35468 -0.28806 1.76973 0.01682 0.04174 -0.04628 0.00819 0.00159 -0.03558 0.04959 0.08696 -0.00143 -0.00266
0.30088 -0.26008 1.88233 -0.35302 -0.29223 1.77063 0.01513 0.03095 -0.00212 0.00166 -0.00417 0.00090 0.04989 0.09027 0.00030 0.00331
0.33713 -0.23466 2.00795 -0.36835 -0.31425 1.88465 0.03625 0.02542 0.12562 -0.01533 -0.02202 0.11402 0.05767 0.09750 0.00778 0.00723
0.33116 -0.21728 1.97611 -0.36086 -0.31125 1.86201 -0.00597 0.01738 -0.03184 0.00749 0.00300 -0.02264 0.05779 0.09646 0.00012 -0.00104
0.32856 -0.21149 1.97229 -0.35883 -0.31069 1.8649 -0.00260 0.00579 -0.00382 0.00203 0.00056 0.00289 0.05236 0.09545 -0.00543 -0.00101
0.32881 -0.21479 1.99914 -0.36314 -0.31489 1.89298 0.00025 -0.00330 0.02685 -0.00431 -0.00420 0.02808 0.05130 0.09606 -0.00106 0.00061
0.32185 -0.21984 1.99781 -0.36343 -0.31426 1.89416 -0.00696 -0.00505 -0.00133 -0.00029 0.00063 0.00118 0.05574 0.09497 0.00444 -0.00109
0.30082 -0.21697 1.9065 -0.34816 -0.29903 1.80806 -0.02103 0.00287 -0.09131 0.01527 0.01523 -0.08610 0.05222 0.09061 -0.00352 -0.00436
0.31181 -0.23484 1.99739 -0.36626 -0.31308 1.89268 0.01099 -0.01787 0.09089 -0.01810 -0.01405 0.08462 0.05451 0.09470 0.00229 0.00409
0.30719 -0.24304 1.98657 -0.36451 -0.31089 1.87782 -0.00462 -0.00820 -0.01082 0.00175 0.00219 -0.01486 0.05592 0.09467 0.00141 -0.00003
0.2985 -0.25615 1.93469 -0.35484 -0.30127 1.82257 -0.00869 -0.01311 -0.05188 0.00967 0.00962 -0.05525 0.05199 0.09136 -0.00393 -0.00331
0.30525 -0.28347 1.96042 -0.35815 -0.3017 1.83418 0.00675 -0.02732 0.02573 -0.00331 -0.00043 0.01161 0.06132 0.09137 0.00933 0.00001
0.33656 -0.32192 2.05335 -0.37243 -0.31027 1.89741 0.03131 -0.03845 0.09293 -0.01428 -0.00857 0.06323 0.04838 0.09029 -0.01294 -0.00108
0.35136 -0.43958 2.14485 -0.38017 -0.31326 1.92358 0.01480 -0.11766 0.09150 -0.00774 -0.00299 0.02617 0.06199 0.08699 0.01361 -0.00330
0.32032 -0.47848 2.16652 -0.37943 -0.31241 1.91941 -0.03104 -0.03890 0.02167 0.00074 0.00085 -0.00417 0.09838 0.08742 0.03639 0.00043
0.30264 -0.46988 2.205 -0.37988 -0.31215 1.92133 -0.01768 0.00860 0.03848 -0.00045 0.00026 0.00192 0.08929 0.08949 -0.00909 0.00207
0.35019 -0.45988 2.23066 -0.38652 -0.31817 1.95786 0.04755 0.01000 0.02566 -0.00664 -0.00602 0.03653 0.02023 0.09158 -0.06906 0.00209
0.35161 -0.45329 2.23454 -0.38527 -0.31844 1.95704 0.00142 0.00659 0.00388 0.00125 -0.00027 -0.00082 0.07462 0.09137 0.05439 -0.00021
0.33153 -0.45994 2.22428 -0.38078 -0.31625 1.93561 -0.02008 -0.00665 -0.01026 0.00449 0.00219 -0.02143 0.06908 0.09136 -0.00554 -0.00001
0.40251 -0.478 2.25652 -0.38425 -0.32212 1.96689 0.07098 -0.01806 0.03224 -0.00347 -0.00587 0.03128 0.10277 0.09371 0.03369 0.00235
0.3983 -0.50732 2.23806 -0.37899 -0.31845 1.94643 -0.00421 -0.02932 -0.01846 0.00526 0.00367 -0.02046 0.11135 0.09171 0.00858 -0.00200
0.39306 -0.51035 2.24225 -0.37659 -0.31661 1.94052 -0.00524 -0.00303 0.00419 0.00240 0.00184 -0.00591 0.12649 0.09121 0.01514 -0.00050
0.38228 -0.49009 2.25088 -0.37622 -0.31495 1.94048 -0.01078 0.02026 0.00863 0.00037 0.00166 -0.00004 0.11181 0.08977 -0.01468 -0.00144
0.36219 -0.47197 2.24761 -0.37668 -0.31361 1.9381 -0.02009 0.01812 -0.00327 -0.00046 0.00134 -0.00238 0.10828 0.08879 -0.00353 -0.00098
0.37092 -0.44411 2.25369 -0.38145 -0.31695 1.95819 0.00873 0.02786 0.00608 -0.00477 -0.00334 0.02009 0.08335 0.09022 -0.02493 0.00143
0.33407 -0.41905 2.15761 -0.37167 -0.30776 1.90416 -0.03685 0.02506 -0.09608 0.00978 0.00919 -0.05403 0.14419 0.08723 0.06084 -0.00299
0.35466 -0.3905 2.14381 -0.37574 -0.31073 1.92505 0.02059 0.02855 -0.01380 -0.00407 -0.00297 0.02089 0.07802 0.08751 -0.06617 0.00028
0.32767 -0.32385 1.96383 -0.35355 -0.29235 1.81433 -0.02699 0.06665 -0.17998 0.02219 0.01838 -0.11072 0.06837 0.08255 -0.00965 -0.00496
0.35229 -0.2794 2.04238 -0.36986 -0.30711 1.91019 0.02462 0.04445 0.07855 -0.01631 -0.01476 0.09586 0.07896 0.08619 0.01059 0.00364
0.33759 -0.22247 1.99044 -0.35766 -0.29882 1.86031 -0.01470 0.05693 -0.05194 0.01220 0.00829 -0.04988 0.08353 0.08382 0.00457 -0.00237
0.33549 -0.18273 1.99456 -0.35583 -0.2978 1.86606 -0.00210 0.03974 0.00412 0.00183 0.00102 0.00575 0.06204 0.08493 -0.02149 0.00111
0.33494 -0.1553 2.02844 -0.36081 -0.30199 1.90574 -0.00055 0.02743 0.03388 -0.00498 -0.00419 0.03968 0.06241 0.08651 0.00037 0.00158
0.3186 -0.12952 1.97257 -0.35106 -0.29389 1.86105 -0.01634 0.02578 -0.05587 0.00975 0.00810 -0.04469 0.06758 0.08261 0.00517 -0.00390
0.32322 -0.12943 2.02818 -0.36168 -0.30151 1.92179 0.00462 0.00009 0.05561 -0.01062 -0.00762 0.06074 0.07826 0.08451 0.01068 0.00190
0.31553 -0.13696 2.01754 -0.3613 -0.30097 1.92196 -0.00769 -0.00753 -0.01064 0.00038 0.00054 0.00017 0.06366 0.08459 -0.01460 0.00008
0.29069 -0.19355 1.97765 -0.35888 -0.29458 1.89936 -0.02484 -0.05659 -0.03989 0.00242 0.00639 -0.02260 0.06403 0.08327 0.00037 -0.00132
0.2779 -0.23308 1.97102 -0.36004 -0.2951 1.90166 -0.01279 -0.03953 -0.00663 -0.00116 -0.00052 0.00230 0.06576 0.08416 0.00173 0.00089
0.26993 -0.27165 1.97125 -0.36172 -0.29585 1.90368 -0.00797 -0.03857 0.00023 -0.00168 -0.00075 0.00202 0.05943 0.08337 -0.00633 -0.00079
0.26195 -0.2917 1.96562 -0.36055 -0.29501 1.8977 -0.00798 -0.02005 -0.00563 0.00117 0.00084 -0.00598 0.06605 0.08289 0.00662 -0.00048
0.25615 -0.299 1.96695 -0.36053 -0.29453 1.89632 -0.00580 -0.00730 0.00133 0.00002 0.00048 -0.00138 0.05917 0.08316 -0.00688 0.00027
0.2587 -0.30664 2.03126 -0.37264 -0.30218 1.95816 0.00255 -0.00764 0.06431 -0.01211 -0.00765 0.06184 0.06541 0.08802 0.00624 0.00486
0.24168 -0.2877 1.95692 -0.36259 -0.28826 1.896 -0.01702 0.01894 -0.07434 0.01005 0.01392 -0.06216 0.06124 0.08237 -0.00417 -0.00565
0.23376 -0.28253 1.94697 -0.36343 -0.2847 1.89088 -0.00792 0.00517 -0.00995 -0.00084 0.00356 -0.00512 0.06152 0.08670 0.00028 0.00433
0.1955 -0.27524 1.9271 -0.367 -0.28198 1.89162 -0.03826 0.00729 -0.01987 -0.00357 0.00272 0.00074 0.06022 0.08400 -0.00130 -0.00270
0.17818 -0.27669 1.92386 -0.36618 -0.28185 1.89438 -0.01732 -0.00145 -0.00324 0.00082 0.00013 0.00276 0.06599 0.08317 0.00577 -0.00083
0.15742 -0.27802 1.9204 -0.36498 -0.28143 1.89554 -0.02076 -0.00133 -0.00346 0.00120 0.00042 0.00116 0.06506 0.08215 -0.00093 -0.00102
0.13614 -0.28156 1.91372 -0.36282 -0.2793 1.89219 -0.02128 -0.00354 -0.00668 0.00216 0.00213 -0.00335 0.10475 0.08581 0.03969 0.00366
0.03419 -0.28127 1.8884 -0.35538 -0.27769 1.89101 -0.10195 0.00029 -0.02532 0.00744 0.00161 -0.00118 0.07902 0.08336 -0.02573 -0.00245
0.00227 -0.27703 1.84342 -0.34377 -0.27139 1.84858 -0.03192 0.00424 -0.04498 0.01161 0.00630 -0.04243 0.08253 0.08120 0.00351 -0.00216
-0.01265 -0.30146 1.8845 -0.34672 -0.27759 1.88965 -0.01492 -0.02443 0.04108 -0.00295 -0.00620 0.04107 0.06955 0.08361 -0.01298 0.00241
-0.03321 -0.3159 1.90267 -0.33449 -0.27745 1.93846 -0.02056 -0.01444 0.01817 0.01223 0.00014 0.04881 0.05624 0.17159 -0.01331 0.08798
-0.08158 -0.3077 1.85633 -0.30844 -0.27057 1.89484 -0.04837 0.00820 -0.04634 0.02605 0.00688 -0.04362 0.06674 0.15303 0.01050 -0.01856
-0.08518 -0.32183 1.86765 -0.27777 -0.27111 1.89088 -0.00360 -0.01413 0.01132 0.03067 -0.00054 -0.00396 0.06036 0.12979 -0.00638 -0.02324
-0.05961 -0.34625 1.88634 -0.27358 -0.27433 1.89685 0.02557 -0.02442 0.01869 0.00419 -0.00322 0.00597 0.07689 0.12457 0.01653 -0.00522
-0.06282 -0.3541 1.89145 -0.26565 -0.28388 1.88926 -0.00321 -0.00785 0.00511 0.00793 -0.00955 -0.00759 0.08320 0.11129 0.00631 -0.01328
-0.14521 -0.33077 1.85146 -0.30196 -0.27454 1.82361 -0.08239 0.02333 -0.03999 -0.03631 0.00934 -0.06565 0.06917 0.08758 -0.01403 -0.02371
-0.1478 -0.32919 1.82933 -0.29322 -0.27389 1.80287 -0.00259 0.00158 -0.02213 0.00874 0.00065 -0.02074 0.04355 0.06850 -0.02562 -0.01908
-0.24849 -0.28347 1.76024 -0.29451 -0.27175 1.73567 -0.10069 0.04572 -0.06909 -0.00129 0.00214 -0.06720 0.05942 0.06915 0.01587 0.00065
-0.25814 -0.29053 1.79002 -0.30274 -0.28162 1.7637 -0.00965 -0.00706 0.02978 -0.00823 -0.00987 0.02803 0.05002 0.07438 -0.00940 0.00523
-0.25657 -0.29158 1.78258 -0.29046 -0.28209 1.76251 0.00157 -0.00105 -0.00744 0.01228 -0.00047 -0.00119 0.05037 0.06795 0.00035 -0.00643
-0.25579 -0.29106 1.76955 -0.29502 -0.28119 1.74907 0.00078 0.00052 -0.01303 -0.00456 0.00090 -0.01344 0.04970 0.07538 -0.00067 0.00743
-0.14346 -0.34295 1.85253 -0.30737 -0.28697 1.82837 0.11233 -0.05189 0.08298 -0.01235 -0.00578 0.07930 0.05349 0.06605 0.00379 -0.00933
-0.14352 -0.34283 1.85229 -0.30682 -0.28711 1.82939 -0.00006 0.00012 -0.00024 0.00055 -0.00014 0.00102 0.05042 0.05967 -0.00307 -0.00638
-0.12152 -0.34969 1.85738 -0.30806 -0.28638 1.83164 0.02200 -0.00686 0.00509 -0.00124 0.00073 0.00225 0.06923 0.05320 0.01881 -0.00647
-0.12152 -0.35342 1.88156 -0.31259 -0.28802 1.85447 0.00000 -0.00373 0.02418 -0.00453 -0.00164 0.02283 0.05588 0.05986 -0.01335 0.00666
-0.1203 -0.34646 1.86571 -0.3109 -0.27895 1.83817 0.00122 0.00696 -0.01585 0.00169 0.00907 -0.01630 0.08813 0.05945 0.03225 -0.00041
-0.12041 -0.34456 1.86227 -0.3102 -0.27596 1.83672 -0.00011 0.00190 -0.00344 0.00070 0.00299 -0.00145 0.06706 0.05767 -0.02107 -0.00178
-0.13027 -0.3414 1.87307 -0.28943 -0.28208 1.86359 -0.00986 0.00316 0.01080 0.02077 -0.00612 0.02687 0.06638 0.09415 -0.00068 0.03648
-0.10751 -0.33132 1.80267 -0.20306 -0.3095 1.82499 0.02276 0.01008 -0.07040 0.08637 -0.02742 -0.03860 0.06218 0.04076 -0.00420 -0.05339
-0.08765 -0.34062 1.77432 -0.18947 -0.31895 1.81345 0.01986 -0.00930 -0.02835 0.01359 -0.00945 -0.01154 0.07390 0.07479 0.01172 0.03403
-0.04163 -0.36573 1.74504 -0.27059 -0.2902 1.82186 0.04602 -0.02511 -0.02928 -0.08112 0.02875 0.00841 0.07653 0.18328 0.00263 0.10849
0.03063 -0.39224 1.6726 -0.26224 -0.30283 1.73697 0.07226 -0.02651 -0.07244 0.00835 -0.01263 -0.08489 0.05359 0.06649 -0.02294 -0.11679
0.08629 -0.44529 1.69287 -0.25407 -0.34175 1.80745 0.05566 -0.05305 0.02027 0.00817 -0.03892 0.07048 0.04555 0.06950 -0.00804 0.00301
0.16058 -0.53065 1.71303 -0.23102 -0.37643 1.81537 0.07429 -0.08536 0.02016 0.02305 -0.03468 0.00792 0.07771 0.06447 0.03216 -0.00503
0.22972 -0.55013 1.71569 -0.19953 -0.40881 1.81039 0.06914 -0.01948 0.00266 0.03149 -0.03238 -0.00498 0.06987 0.06909 -0.00784 0.00462
0.29077 -0.5344 1.60548 -0.15514 -0.42545 1.70376 0.06105 0.01573 -0.11021 0.04439 -0.01664 -0.10663 0.04202 0.06173 -0.02785 -0.00736
0.37329 -0.61258 1.76915 -0.13022 -0.4901 1.87356 0.08252 -0.07818 0.16367 0.02492 -0.06465 0.16980 0.07450 0.11666 0.03248 0.05493
0.39811 -0.63496 1.79327 -0.09445 -0.51337 1.87012 0.02482 -0.02238 0.02412 0.03577 -0.02327 -0.00344 0.08484 0.10086 0.01034 -0.01580
0.48068 -0.65623 1.69826 -0.03149 -0.53541 1.77151 0.08257 -0.02127 -0.09501 0.06296 -0.02204 -0.09861 0.09564 0.05793 0.01080 -0.04293
0.50298 -0.68195 1.85386 -0.02111 -0.58258 1.86472 0.02230 -0.02572 0.15560 0.01038 -0.04717 0.09321 0.11915 0.06420 0.02351 0.00627
0.51375 -0.69467 1.83521 -0.02156 -0.57914 1.84582 0.01077 -0.01272 -0.01865 -0.00045 0.00344 -0.01890 0.10412 0.06798 -0.01503 0.00378
0.50139 -0.6997 1.87914 -0.02699 -0.57719 1.84316 -0.01236 -0.00503 0.04393 -0.00543 0.00195 -0.00266 0.10964 0.06401 0.00552 -0.00397
0.5044 -0.68539 1.90903 -0.03516 -0.58075 1.84998 0.00301 0.01431 0.02989 -0.00817 -0.00356 0.00682 0.07574 0.06206 -0.03390 -0.00195
0.50278 -0.68526 1.9077 -0.04283 -0.59108 1.84394 -0.00162 0.00013 -0.00133 -0.00767 -0.01033 -0.00604 0.08094 0.06330 0.00520 0.00124
0.49828 -0.70507 1.88895 -0.04457 -0.59804 1.84531 -0.00450 -0.01981 -0.01875 -0.00174 -0.00696 0.00137 0.08788 0.06525 0.00694 0.00195
0.48028 -0.68063 1.82474 -0.038 -0.57538 1.78653 -0.01800 0.02444 -0.06421 0.00657 0.02266 -0.05878 0.08320 0.06000 -0.00468 -0.00525
0.4761 -0.67612 1.81588 -0.0373 -0.57409 1.77639 -0.00418 0.00451 -0.00886 0.00070 0.00129 -0.01014 0.08071 0.05996 -0.00249 -0.00004
0.49471 -0.70465 1.89292 -0.04216 -0.60183 1.84856 0.01861 -0.02853 0.07704 -0.00486 -0.02774 0.07217 0.08833 0.06521 0.00762 0.00525
0.4765 -0.68331 1.82753 -0.03608 -0.57775 1.78324 -0.01821 0.02134 -0.06539 0.00608 0.02408 -0.06532 0.07897 0.06043 -0.00936 -0.00478
0.49251 -0.70653 1.88834 -0.04218 -0.60177 1.84208 0.01601 -0.02322 0.06081 -0.00610 -0.02402 0.05884 0.08122 0.06771 0.00225 0.00728
0.47559 -0.679 1.82309 -0.03795 -0.57842 1.77464 -0.01692 0.02753 -0.06525 0.00423 0.02335 -0.06744 0.08888 0.06276 0.00766 -0.00495
0.49529 -0.70562 1.90437 -0.04288 -0.60517 1.84995 0.01970 -0.02662 0.08128 -0.00493 -0.02675 0.07531 0.08729 0.06365 -0.00159 0.00089
0.49584 -0.70438 1.90488 -0.04305 -0.60489 1.84996 0.00055 0.00124 0.00051 -0.00017 0.00028 0.00001 0.08801 0.06622 0.00072 0.00257
0.4965 -0.70544 1.90407 -0.04249 -0.60453 1.84946 0.00066 -0.00106 -0.00081 0.00056 0.00036 -0.00050 0.08669 0.06714 -0.00132 0.00092
0.47641 -0.67918 1.82872 -0.04042 -0.58123 1.77835 -0.02009 0.02626 -0.07535 0.00207 0.02330 -0.07111 0.08702 0.06307 0.00033 -0.00407
0.4951 -0.70471 1.90228 -0.0447 -0.60784 1.8458 0.01869 -0.02553 0.07356 -0.00428 -0.02661 0.06745 0.08764 0.06628 0.00062 0.00321
0.49496 -0.6914 1.9769 -0.04453 -0.61859 1.88468 -0.00014 0.01331 0.07462 0.00017 -0.01075 0.03888 0.08552 0.06812 -0.00212 0.00184
0.49646 -0.69331 1.95736 -0.04324 -0.61527 1.87264 0.00150 -0.00191 -0.01954 0.00129 0.00332 -0.01204 0.05769 0.06350 -0.02783 -0.00462
]
