classifier_Man_goes_to_monkey_26160 [ 0.56458 -0.72543 1.98733 -0.20834 -0.57722 1.92308 0.56458 -0.72543 1.98733 -0.20834 -0.57722 1.92308 0.15181 0.08892 0.15181 0.08892
0.56845 -0.72474 1.98466 -0.2153 -0.57432 1.93556 0.00387 0.00069 -0.00267 -0.00696 0.00290 0.01248 0.15243 0.09866 0.00062 0.00974
0.55795 -0.7401 2.02402 -0.21904 -0.57755 1.96119 -0.01050 -0.01536 0.03936 -0.00374 -0.00323 0.02563 0.13111 0.10154 -0.02132 0.00288
0.57482 -0.71745 2.01288 -0.19486 -0.56008 1.8931 0.01687 0.02265 -0.01114 0.02418 0.01747 -0.06809 0.12865 0.09020 -0.00246 -0.01134
0.62405 -0.75815 2.06964 -0.18153 -0.54991 1.86143 0.04923 -0.04070 0.05676 0.01333 0.01017 -0.03167 0.09152 0.07936 -0.03713 -0.01084
0.5279 -0.67078 2.03858 -0.18048 -0.54932 1.89801 -0.09615 0.08737 -0.03106 0.00105 0.00059 0.03658 0.10442 0.08194 0.01290 0.00258
0.49503 -0.61412 1.95494 -0.16524 -0.51292 1.88624 -0.03287 0.05666 -0.08364 0.01524 0.03640 -0.01177 0.06749 0.09234 -0.03693 0.01040
0.39933 -0.53457 1.87943 -0.22982 -0.43776 1.77391 -0.09570 0.07955 -0.07551 -0.06458 0.07516 -0.11233 0.07466 0.12901 0.00717 0.03667
0.36799 -0.52244 1.80631 -0.25671 -0.4198 1.75145 -0.03134 0.01213 -0.07312 -0.02689 0.01796 -0.02246 0.05556 0.04785 -0.01910 -0.08116
0.32706 -0.53008 1.85861 -0.29937 -0.42595 1.80782 -0.04093 -0.00764 0.05230 -0.04266 -0.00615 0.05637 0.05745 0.07102 0.00189 0.02317
0.32901 -0.5011 2.0169 -0.3417 -0.47321 1.82765 0.00195 0.02898 0.15829 -0.04233 -0.04726 0.01983 0.09511 0.02942 0.03766 -0.04160
0.28432 -0.53001 1.96415 -0.36995 -0.45994 1.83198 -0.04469 -0.02891 -0.05275 -0.02825 0.01327 0.00433 0.10508 0.07355 0.00997 0.04413
0.23566 -0.59246 1.91167 -0.39805 -0.47962 1.83842 -0.04866 -0.06245 -0.05248 -0.02810 -0.01968 0.00644 0.13467 0.08063 0.02959 0.00708
0.24893 -0.59897 1.95824 -0.41682 -0.50096 1.86954 0.01327 -0.00651 0.04657 -0.01877 -0.02134 0.03112 0.12613 0.09330 -0.00854 0.01267
0.28024 -0.60189 2.0401 -0.42043 -0.50905 1.92067 0.03131 -0.00292 0.08186 -0.00361 -0.00809 0.05113 0.04721 0.08908 -0.07892 -0.00422
0.32622 -0.52302 2.2019 -0.4204 -0.52146 2.0635 0.04598 0.07887 0.16180 0.00003 -0.01241 0.14283 0.09075 0.10311 0.04354 0.01403
0.26571 -0.48817 2.24877 -0.38475 -0.4799 2.11561 -0.06051 0.03485 0.04687 0.03565 0.04156 0.05211 0.07446 0.09807 -0.01629 -0.00504
0.2231 -0.38003 2.26974 -0.2943 -0.43491 2.22334 -0.04261 0.10814 0.02097 0.09045 0.04499 0.10773 0.07829 0.06115 0.00383 -0.03692
0.22484 -0.29128 2.24845 -0.26156 -0.35102 2.21639 0.00174 0.08875 -0.02129 0.03274 0.08389 -0.00695 0.08965 0.06480 0.01136 0.00365
0.13801 -0.2106 2.01779 -0.25225 -0.20797 2.03721 -0.08683 0.08068 -0.23066 0.00931 0.14305 -0.17918 0.11277 0.10487 0.02312 0.04007
0.29618 -0.13209 2.14467 -0.27155 -0.18431 2.10213 0.15817 0.07851 0.12688 -0.01930 0.02366 0.06492 0.06042 0.08987 -0.05235 -0.01500
0.31024 -0.14411 2.15722 -0.27908 -0.21073 2.11585 0.01406 -0.01202 0.01255 -0.00753 -0.02642 0.01372 0.12133 0.09820 0.06091 0.00833
0.22216 -0.24261 2.11536 -0.30457 -0.25915 2.10913 -0.08808 -0.09850 -0.04186 -0.02549 -0.04842 -0.00672 0.06728 0.09565 -0.05405 -0.00255
0.3211 -0.27889 2.28603 -0.26208 -0.35365 2.20997 0.09894 -0.03628 0.17067 0.04249 -0.09450 0.10084 0.07806 0.14083 0.01078 0.04518
0.28953 -0.28311 2.33376 -0.26475 -0.33407 2.24614 -0.03157 -0.00422 0.04773 -0.00267 0.01958 0.03617 0.07665 0.12336 -0.00141 -0.01747
0.2583 -0.25543 2.31673 -0.24343 -0.3234 2.21944 -0.03123 0.02768 -0.01703 0.02132 0.01067 -0.02670 0.10528 0.08677 0.02863 -0.03659
0.12714 -0.27221 2.05845 -0.23675 -0.23393 2.0725 -0.13116 -0.01678 -0.25828 0.00668 0.08947 -0.14694 0.13347 0.11960 0.02819 0.03283
0.15173 -0.24533 2.06823 -0.22683 -0.23363 2.06295 0.02459 0.02688 0.00978 0.00992 0.00030 -0.00955 0.12235 0.09832 -0.01112 -0.02128
0.16153 -0.23517 2.05802 -0.21552 -0.21032 2.03141 0.00980 0.01016 -0.01021 0.01131 0.02331 -0.03154 0.11309 0.08962 -0.00926 -0.00870
0.18689 -0.24205 2.12285 -0.24493 -0.11648 2.06602 0.02536 -0.00688 0.06483 -0.02941 0.09384 0.03461 0.10238 0.06594 -0.01071 -0.02368
0.27223 -0.27054 2.18804 -0.30212 -0.0118 1.97166 0.08534 -0.02849 0.06519 -0.05719 0.10468 -0.09436 0.07793 0.01566 -0.02445 -0.05028
0.30132 -0.31116 2.2166 -0.35969 0.01671 1.97001 0.02909 -0.04062 0.02856 -0.05757 0.02851 -0.00165 0.08269 0.06992 0.00476 0.05426
0.19127 -0.51187 2.04523 -0.40472 0.04132 1.80593 -0.11005 -0.20071 -0.17137 -0.04503 0.02461 -0.16408 0.12239 0.05717 0.03970 -0.01275
0.32234 -0.4585 2.10535 -0.41928 0.03653 1.82594 0.13107 0.05337 0.06012 -0.01456 -0.00479 0.02001 0.08628 0.06513 -0.03611 0.00796
0.33149 -0.47401 2.11382 -0.41715 0.02902 1.80768 0.00915 -0.01551 0.00847 0.00213 -0.00751 -0.01826 0.08796 0.07129 0.00168 0.00616
0.33183 -0.48981 2.10691 -0.41256 0.02043 1.78729 0.00034 -0.01580 -0.00691 0.00459 -0.00859 -0.02039 0.07756 0.06966 -0.01040 -0.00163
0.3444 -0.50091 2.10079 -0.41353 0.01542 1.77415 0.01257 -0.01110 -0.00612 -0.00097 -0.00501 -0.01314 0.07930 0.06684 0.00174 -0.00282
0.35904 -0.49483 2.10391 -0.41978 0.01485 1.7787 0.01464 0.00608 0.00312 -0.00625 -0.00057 0.00455 0.07849 0.06165 -0.00081 -0.00519
0.36098 -0.48566 2.07441 -0.4238 0.01178 1.76874 0.00194 0.00917 -0.02950 -0.00402 -0.00307 -0.00996 0.08318 0.06027 0.00469 -0.00138
0.35008 -0.47481 2.01655 -0.42438 0.00813 1.74957 -0.01090 0.01085 -0.05786 -0.00058 -0.00365 -0.01917 0.07632 0.05823 -0.00686 -0.00204
0.30232 -0.40341 1.84163 -0.42217 -0.00832 1.70817 -0.04776 0.07140 -0.17492 0.00221 -0.01645 -0.04140 0.07434 0.05392 -0.00198 -0.00431
0.28942 -0.31484 1.82559 -0.43077 -0.01768 1.72942 -0.01290 0.08857 -0.01604 -0.00860 -0.00936 0.02125 0.07535 0.06138 0.00101 0.00746
0.21466 -0.10112 1.86328 -0.46344 -0.03708 1.84829 -0.07476 0.21372 0.03769 -0.03267 -0.01940 0.11887 0.07171 0.07140 -0.00364 0.01002
0.18788 -0.0118 1.90467 -0.45714 -0.04398 1.8304 -0.02678 0.08932 0.04139 0.00630 -0.00690 -0.01789 0.12298 0.05307 0.05127 -0.01833
0.14408 0.07309 1.88871 -0.44974 -0.04725 1.80618 -0.04380 0.08489 -0.01596 0.00740 -0.00327 -0.02422 0.13730 0.06734 0.01432 0.01427
0.08433 0.21526 1.91313 -0.45624 -0.04819 1.83865 -0.05975 0.14217 0.02442 -0.00650 -0.00094 0.03247 0.12541 0.06485 -0.01189 -0.00249
0.05222 0.28142 1.90625 -0.45345 -0.04806 1.83485 -0.03211 0.06616 -0.00688 0.00279 0.00013 -0.00380 0.09198 0.05021 -0.03343 -0.01464
0.0266 0.33745 1.93627 -0.4576 -0.04835 1.86284 -0.02562 0.05603 0.03002 -0.00415 -0.00029 0.02799 0.13022 0.06887 0.03824 0.01866
0.00608 0.38456 1.94377 -0.45615 -0.04702 1.86183 -0.02052 0.04711 0.00750 0.00145 0.00133 -0.00101 0.11397 0.05543 -0.01625 -0.01344
0.0015 0.40303 1.95257 -0.45247 -0.04793 1.8465 -0.00458 0.01847 0.00880 0.00368 -0.00091 -0.01533 0.11838 0.05782 0.00441 0.00239
-0.00028 0.41251 1.96414 -0.4546 -0.04831 1.84608 -0.00178 0.00948 0.01157 -0.00213 -0.00038 -0.00042 0.10785 0.06857 -0.01053 0.01075
-0.01376 0.4736 1.98666 -0.45671 -0.05006 1.84738 -0.01348 0.06109 0.02252 -0.00211 -0.00175 0.00130 0.10653 0.05579 -0.00132 -0.01278
-0.01309 0.48737 1.99693 -0.45864 -0.05012 1.84752 0.00067 0.01377 0.01027 -0.00193 -0.00006 0.00014 0.11977 0.05883 0.01324 0.00304
-0.00846 0.44129 2.01996 -0.46055 -0.05239 1.84684 0.00463 -0.04608 0.02303 -0.00191 -0.00227 -0.00068 0.08691 0.06332 -0.03286 0.00449
-0.00929 0.43938 2.02718 -0.46172 -0.05316 1.84669 -0.00083 -0.00191 0.00722 -0.00117 -0.00077 -0.00015 0.08423 0.06720 -0.00268 0.00388
-0.01107 0.43968 2.03448 -0.46303 -0.05458 1.84795 -0.00178 0.00030 0.00730 -0.00131 -0.00142 0.00126 0.08607 0.05985 0.00184 -0.00735
-0.012 0.43421 2.03589 -0.46298 -0.05449 1.84822 -0.00093 -0.00547 0.00141 0.00005 0.00009 0.00027 0.08174 0.06391 -0.00433 0.00406
-0.01258 0.43539 2.03474 -0.46293 -0.05403 1.84871 -0.00058 0.00118 -0.00115 0.00005 0.00046 0.00049 0.08352 0.06381 0.00178 -0.00010
-0.01302 0.43487 2.03025 -0.46553 -0.05367 1.85351 -0.00044 -0.00052 -0.00449 -0.00260 0.00036 0.00480 0.08648 0.06319 0.00296 -0.00062
-0.0185 0.46307 2.02742 -0.46808 -0.05386 1.85423 -0.00548 0.02820 -0.00283 -0.00255 -0.00019 0.00072 0.09429 0.06193 0.00781 -0.00126
-0.01037 0.45256 2.0112 -0.47201 -0.053 1.85631 0.00813 -0.01051 -0.01622 -0.00393 0.00086 0.00208 0.09759 0.06204 0.00330 0.00011
0.0466 0.40896 1.94311 -0.47347 -0.05397 1.85313 0.05697 -0.04360 -0.06809 -0.00146 -0.00097 -0.00318 0.11731 0.05803 0.01972 -0.00401
0.09284 0.37091 1.92937 -0.4783 -0.05559 1.86712 0.04624 -0.03805 -0.01374 -0.00483 -0.00162 0.01399 0.14575 0.06078 0.02844 0.00275
0.14879 0.30118 1.8913 -0.47533 -0.05497 1.85515 0.05595 -0.06973 -0.03807 0.00297 0.00062 -0.01197 0.07294 0.05593 -0.07281 -0.00485
0.19914 0.22669 1.86618 -0.47293 -0.05713 1.85134 0.05035 -0.07449 -0.02512 0.00240 -0.00216 -0.00381 0.08916 0.06805 0.01622 0.01212
0.24587 0.1513 1.87881 -0.47878 -0.06238 1.88111 0.04673 -0.07539 0.01263 -0.00585 -0.00525 0.02977 0.07002 0.06678 -0.01914 -0.00127
0.27013 0.07465 1.80689 -0.4587 -0.06324 1.8167 0.02426 -0.07665 -0.07192 0.02008 -0.00086 -0.06441 0.07262 0.05984 0.00260 -0.00694
0.2994 -0.01049 1.80734 -0.45507 -0.06813 1.81851 0.02927 -0.08514 0.00045 0.00363 -0.00489 0.00181 0.06480 0.06278 -0.00782 0.00294
0.32569 -0.0878 1.83817 -0.45784 -0.07279 1.84261 0.02629 -0.07731 0.03083 -0.00277 -0.00466 0.02410 0.11413 0.05584 0.04933 -0.00694
0.31729 -0.14115 1.7333 -0.42614 -0.07049 1.72945 -0.00840 -0.05335 -0.10487 0.03170 0.00230 -0.11316 0.09745 0.05405 -0.01668 -0.00179
0.31967 -0.1832 1.72284 -0.41658 -0.07119 1.70557 0.00238 -0.04205 -0.01046 0.00956 -0.00070 -0.02388 0.09335 0.05279 -0.00410 -0.00126
0.33873 -0.2191 1.82796 -0.43453 -0.07577 1.79654 0.01906 -0.03590 0.10512 -0.01795 -0.00458 0.09097 0.10022 0.06564 0.00687 0.01285
0.33584 -0.22714 1.82741 -0.42933 -0.07381 1.78347 -0.00289 -0.00804 -0.00055 0.00520 0.00196 -0.01307 0.08909 0.05692 -0.01113 -0.00872
0.33325 -0.22441 1.81462 -0.42198 -0.07085 1.76002 -0.00259 0.00273 -0.01279 0.00735 0.00296 -0.02345 0.08234 0.05844 -0.00675 0.00152
0.33915 -0.21263 1.85225 -0.42801 -0.06877 1.79151 0.00590 0.01178 0.03763 -0.00603 0.00208 0.03149 0.09074 0.05626 0.00840 -0.00218
0.34841 -0.20536 1.89005 -0.43497 -0.06674 1.82436 0.00926 0.00727 0.03780 -0.00696 0.00203 0.03285 0.08968 0.05281 -0.00106 -0.00345
0.35101 -0.19427 1.89484 -0.43513 -0.06355 1.82847 0.00260 0.01109 0.00479 -0.00016 0.00319 0.00411 0.09144 0.06534 0.00176 0.01253
0.35236 -0.18329 1.89962 -0.43326 -0.0616 1.8304 0.00135 0.01098 0.00478 0.00187 0.00195 0.00193 0.08931 0.05423 -0.00213 -0.01111
0.35314 -0.17201 1.90598 -0.43251 -0.06075 1.83607 0.00078 0.01128 0.00636 0.00075 0.00085 0.00567 0.09921 0.06095 0.00990 0.00672
0.35254 -0.1651 1.90924 -0.43187 -0.05974 1.8376 -0.00060 0.00691 0.00326 0.00064 0.00101 0.00153 0.10425 0.06030 0.00504 -0.00065
0.35231 -0.15952 1.9127 -0.43107 -0.0591 1.83828 -0.00023 0.00558 0.00346 0.00080 0.00064 0.00068 0.10116 0.05835 -0.00309 -0.00195
0.35191 -0.15523 1.91759 -0.43171 -0.05782 1.84065 -0.00040 0.00429 0.00489 -0.00064 0.00128 0.00237 0.11407 0.05932 0.01291 0.00097
0.35315 -0.15158 1.91953 -0.43144 -0.05776 1.84052 0.00124 0.00365 0.00194 0.00027 0.00006 -0.00013 0.11427 0.06776 0.00020 0.00844
0.3541 -0.14957 1.9217 -0.4322 -0.05717 1.84069 0.00095 0.00201 0.00217 -0.00076 0.00059 0.00017 0.10593 0.06237 -0.00834 -0.00539
0.34869 -0.14101 1.89181 -0.42429 -0.05621 1.80908 -0.00541 0.00856 -0.02989 0.00791 0.00096 -0.03161 0.10906 0.05797 0.00313 -0.00440
0.35004 -0.1388 1.89149 -0.42379 -0.05575 1.808 0.00135 0.00221 -0.00032 0.00050 0.00046 -0.00108 0.10676 0.05850 -0.00230 0.00053
0.35061 -0.13719 1.89385 -0.42501 -0.05611 1.80958 0.00057 0.00161 0.00236 -0.00122 -0.00036 0.00158 0.10894 0.05733 0.00218 -0.00117
0.34933 -0.13375 1.896 -0.42588 -0.05522 1.80999 -0.00128 0.00344 0.00215 -0.00087 0.00089 0.00041 0.11814 0.05966 0.00920 0.00233
0.34752 -0.13412 1.89686 -0.42733 -0.05334 1.81134 -0.00181 -0.00037 0.00086 -0.00145 0.00188 0.00135 0.10725 0.05799 -0.01089 -0.00167
0.34324 -0.13163 1.89625 -0.4293 -0.05304 1.81154 -0.00428 0.00249 -0.00061 -0.00197 0.00030 0.00020 0.11657 0.05927 0.00932 0.00128
0.33761 -0.13133 1.89523 -0.43096 -0.05232 1.81369 -0.00563 0.00030 -0.00102 -0.00166 0.00072 0.00215 0.11729 0.05844 0.00072 -0.00083
0.33001 -0.13213 1.89131 -0.43369 -0.05154 1.81491 -0.00760 -0.00080 -0.00392 -0.00273 0.00078 0.00122 0.12113 0.06039 0.00384 0.00195
0.29633 -0.12746 1.84582 -0.43226 -0.05073 1.78969 -0.03368 0.00467 -0.04549 0.00143 0.00081 -0.02522 0.11603 0.05561 -0.00510 -0.00478
0.27581 -0.12599 1.85535 -0.44124 -0.05341 1.81027 -0.02052 0.00147 0.00953 -0.00898 -0.00268 0.02058 0.10443 0.05718 -0.01160 0.00157
0.14281 -0.10423 1.79033 -0.43982 -0.0562 1.78538 -0.13300 0.02176 -0.06502 0.00142 -0.00279 -0.02489 0.07026 0.05734 -0.03417 0.00016
0.01765 -0.08847 1.8095 -0.44766 -0.06033 1.82839 -0.12516 0.01576 0.01917 -0.00784 -0.00413 0.04301 0.07932 0.05811 0.00906 0.00077
-0.10955 -0.07088 1.78854 -0.43731 -0.06185 1.80869 -0.12720 0.01759 -0.02096 0.01035 -0.00152 -0.01970 0.04845 0.05854 -0.03087 0.00043
-0.15663 -0.07924 1.80504 -0.43582 -0.06195 1.81688 -0.04708 -0.00836 0.01650 0.00149 -0.00010 0.00819 0.05060 0.06676 0.00215 0.00822
-0.22219 -0.06337 1.78053 -0.426 -0.06122 1.78886 -0.06556 0.01587 -0.02451 0.00982 0.00073 -0.02802 0.03849 0.05795 -0.01211 -0.00881
-0.33839 -0.04259 1.71348 -0.40219 -0.06124 1.72302 -0.11620 0.02078 -0.06705 0.02381 -0.00002 -0.06584 0.05823 0.06751 0.01974 0.00956
-0.34785 -0.04331 1.65322 -0.36756 -0.0535 1.65797 -0.00946 -0.00072 -0.06026 0.03463 0.00774 -0.06505 0.06726 0.09750 0.00903 0.02999
-0.35516 -0.04248 1.68509 -0.37694 -0.05357 1.69145 -0.00731 0.00083 0.03187 -0.00938 -0.00007 0.03348 0.07158 0.10650 0.00432 0.00900
-0.35418 -0.04142 1.68429 -0.37667 -0.05296 1.69034 0.00098 0.00106 -0.00080 0.00027 0.00061 -0.00111 0.07365 0.10380 0.00207 -0.00270
-0.35095 -0.04064 1.67978 -0.37439 -0.05153 1.686 0.00323 0.00078 -0.00451 0.00228 0.00143 -0.00434 0.07582 0.10382 0.00217 0.00002
-0.34999 -0.04133 1.68039 -0.37456 -0.05153 1.68745 0.00096 -0.00069 0.00061 -0.00017 0.00000 0.00145 0.07093 0.10270 -0.00489 -0.00112
-0.34734 -0.0416 1.66832 -0.37145 -0.05074 1.67458 0.00265 -0.00027 -0.01207 0.00311 0.00079 -0.01287 0.06966 0.10050 -0.00127 -0.00220
-0.34472 -0.04122 1.66989 -0.37266 -0.05128 1.67661 0.00262 0.00038 0.00157 -0.00121 -0.00054 0.00203 0.07036 0.10023 0.00070 -0.00027
-0.34474 -0.04076 1.67081 -0.37291 -0.05185 1.67788 -0.00002 0.00046 0.00092 -0.00025 -0.00057 0.00127 0.06883 0.10046 -0.00153 0.00023
-0.3442 -0.03937 1.66553 -0.37312 -0.05194 1.67284 0.00054 0.00139 -0.00528 -0.00021 -0.00009 -0.00504 0.07064 0.09604 0.00181 -0.00442
-0.34525 -0.03804 1.67248 -0.3738 -0.05193 1.68074 -0.00105 0.00133 0.00695 -0.00068 0.00001 0.00790 0.06977 0.09689 -0.00087 0.00085
-0.32755 -0.04356 1.70329 -0.38067 -0.05255 1.71278 0.01770 -0.00552 0.03081 -0.00687 -0.00062 0.03204 0.06444 0.09155 -0.00533 -0.00534
-0.32663 -0.04049 1.69497 -0.3908 -0.06333 1.70689 0.00092 0.00307 -0.00832 -0.01013 -0.01078 -0.00589 0.07381 0.09100 0.00937 -0.00055
-0.25692 -0.04307 1.76534 -0.40991 -0.05664 1.75757 0.06971 -0.00258 0.07037 -0.01911 0.00669 0.05068 0.12187 0.10438 0.04806 0.01338
-0.23655 -0.03962 1.79934 -0.42099 -0.06539 1.78179 0.02037 0.00345 0.03400 -0.01108 -0.00875 0.02422 0.08192 0.05786 -0.03995 -0.04652
-0.18859 -0.09467 2.01134 -0.46486 -0.08164 1.97402 0.04796 -0.05505 0.21200 -0.04387 -0.01625 0.19223 0.10643 0.08117 0.02451 0.02331
-0.15452 -0.08849 1.88964 -0.43511 -0.08855 1.8399 0.03407 0.00618 -0.12170 0.02975 -0.00691 -0.13412 0.06499 0.06827 -0.04144 -0.01290
-0.12059 -0.10378 1.88195 -0.42821 -0.10767 1.817 0.03393 -0.01529 -0.00769 0.00690 -0.01912 -0.02290 0.06610 0.05134 0.00111 -0.01693
-0.08594 -0.13887 1.93821 -0.43125 -0.14001 1.85261 0.03465 -0.03509 0.05626 -0.00304 -0.03234 0.03561 0.07657 0.05344 0.01047 0.00210
-0.07371 -0.14976 1.87832 -0.37991 -0.20612 1.75019 0.01223 -0.01089 -0.05989 0.05134 -0.06611 -0.10242 0.10300 0.04952 0.02643 -0.00392
-0.00794 -0.2939 1.88354 -0.36987 -0.25945 1.81679 0.06577 -0.14414 0.00522 0.01004 -0.05333 0.06660 0.07125 0.04583 -0.03175 -0.00369
-0.0041 -0.34593 1.92344 -0.3418 -0.31252 1.84182 0.00384 -0.05203 0.03990 0.02807 -0.05307 0.02503 0.09561 0.06500 0.02436 0.01917
0.01234 -0.41536 1.84549 -0.29521 -0.35563 1.79684 0.01644 -0.06943 -0.07795 0.04659 -0.04311 -0.04498 0.08558 0.06251 -0.01003 -0.00249
0.05537 -0.51226 1.85846 -0.24988 -0.3946 1.76495 0.04303 -0.09690 0.01297 0.04533 -0.03897 -0.03189 0.09031 0.04436 0.00473 -0.01815
0.08832 -0.54069 1.8156 -0.20419 -0.46709 1.79673 0.03295 -0.02843 -0.04286 0.04569 -0.07249 0.03178 0.06686 0.05171 -0.02345 0.00735
0.11098 -0.59992 1.9069 -0.2162 -0.59406 1.95837 0.02266 -0.05923 0.09130 -0.01201 -0.12697 0.16164 0.06286 0.08651 -0.00400 0.03480
0.12078 -0.58726 1.92167 -0.21478 -0.58936 1.96316 0.00980 0.01266 0.01477 0.00142 0.00470 0.00479 0.05586 0.07543 -0.00700 -0.01108
0.12256 -0.59305 1.90868 -0.20458 -0.5751 1.96668 0.00178 -0.00579 -0.01299 0.01020 0.01426 0.00352 0.06849 0.07282 0.01263 -0.00261
0.12556 -0.59421 1.91156 -0.20219 -0.57095 1.9802 0.00300 -0.00116 0.00288 0.00239 0.00415 0.01352 0.07127 0.06928 0.00278 -0.00354
0.12681 -0.59657 1.92525 -0.20806 -0.5864 1.97888 0.00125 -0.00236 0.01369 -0.00587 -0.01545 -0.00132 0.06968 0.06175 -0.00159 -0.00753
0.16437 -0.60128 1.81736 -0.22055 -0.57198 1.9601 0.03756 -0.00471 -0.10789 -0.01249 0.01442 -0.01878 0.06002 0.09031 -0.00966 0.02856
0.15947 -0.61087 1.70391 -0.2354 -0.5612 1.90039 -0.00490 -0.00959 -0.11345 -0.01485 0.01078 -0.05971 0.05379 0.08429 -0.00623 -0.00602
0.24458 -0.6152 1.78622 -0.24309 -0.57865 1.92895 0.08511 -0.00433 0.08231 -0.00769 -0.01745 0.02856 0.08376 0.08251 0.02997 -0.00178
0.25417 -0.63447 1.78719 -0.25313 -0.58815 1.92066 0.00959 -0.01927 0.00097 -0.01004 -0.00950 -0.00829 0.06200 0.08243 -0.02176 -0.00008
0.39874 -0.61003 1.87569 -0.25494 -0.59425 1.94875 0.14457 0.02444 0.08850 -0.00181 -0.00610 0.02809 0.06134 0.08478 -0.00066 0.00235
0.44784 -0.63274 1.95131 -0.26456 -0.61313 1.99855 0.04910 -0.02271 0.07562 -0.00962 -0.01888 0.04980 0.06325 0.08711 0.00191 0.00233
0.46249 -0.63649 1.96329 -0.26362 -0.60973 1.99066 0.01465 -0.00375 0.01198 0.00094 0.00340 -0.00789 0.08221 0.09179 0.01896 0.00468
0.56699 -0.70016 1.96187 -0.26008 -0.60426 1.98508 0.10450 -0.06367 -0.00142 0.00354 0.00547 -0.00558 0.08627 0.08677 0.00406 -0.00502
0.57546 -0.72113 1.9741 -0.26508 -0.60913 1.98435 0.00847 -0.02097 0.01223 -0.00500 -0.00487 -0.00073 0.09293 0.08965 0.00666 0.00288
0.57789 -0.72396 1.97012 -0.26095 -0.60375 1.98464 0.00243 -0.00283 -0.00398 0.00413 0.00538 0.00029 0.08463 0.08976 -0.00830 0.00011
0.58241 -0.72801 1.97874 -0.25514 -0.5988 1.99542 0.00452 -0.00405 0.00862 0.00581 0.00495 0.01078 0.08400 0.08972 -0.00063 -0.00004
0.58373 -0.72929 1.97214 -0.25147 -0.59558 1.98768 0.00132 -0.00128 -0.00660 0.00367 0.00322 -0.00774 0.08366 0.08596 -0.00034 -0.00376
0.58028 -0.72839 1.96961 -0.24937 -0.59309 1.98862 -0.00345 0.00090 -0.00253 0.00210 0.00249 0.00094 0.06835 0.08525 -0.01531 -0.00071
0.58457 -0.73198 1.97691 -0.24704 -0.59053 2.00151 0.00429 -0.00359 0.00730 0.00233 0.00256 0.01289 0.07092 0.09264 0.00257 0.00739
0.58491 -0.73389 1.98095 -0.24826 -0.59455 2.00045 0.00034 -0.00191 0.00404 -0.00122 -0.00402 -0.00106 0.07263 0.08392 0.00171 -0.00872
0.58644 -0.7342 1.9813 -0.24901 -0.59446 2.00128 0.00153 -0.00031 0.00035 -0.00075 0.00009 0.00083 0.07231 0.08675 -0.00032 0.00283
0.58562 -0.73359 1.9823 -0.25081 -0.59545 1.99919 -0.00082 0.00061 0.00100 -0.00180 -0.00099 -0.00209 0.07166 0.08567 -0.00065 -0.00108
0.58672 -0.73474 1.9827 -0.25002 -0.59376 2.00523 0.00110 -0.00115 0.00040 0.00079 0.00169 0.00604 0.07287 0.08952 0.00121 0.00385
0.58511 -0.73435 1.98302 -0.2519 -0.59722 2.00484 -0.00161 0.00039 0.00032 -0.00188 -0.00346 -0.00039 0.07285 0.08935 -0.00002 -0.00017
0.58519 -0.73447 1.98363 -0.25327 -0.5994 2.00202 0.00008 -0.00012 0.00061 -0.00137 -0.00218 -0.00282 0.07157 0.08923 -0.00128 -0.00012
0.58451 -0.73482 1.98421 -0.24895 -0.5933 2.00736 -0.00068 -0.00035 0.00058 0.00432 0.00610 0.00534 0.07113 0.08857 -0.00044 -0.00066
]
