classifier_Man_weaves_and_bumps_into_monkey_17366 [ 0.53995 -0.66573 1.63059 -0.05898 -0.53151 1.73726 0.53995 -0.66573 1.63059 -0.05898 -0.53151 1.73726 0.05262 0.05879 0.05262 0.05879
0.54202 -0.66765 1.63467 -0.05897 -0.53429 1.74294 0.00207 -0.00192 0.00408 0.00001 -0.00278 0.00568 0.05289 0.06025 0.00027 0.00146
0.54073 -0.66707 1.63464 -0.06044 -0.53362 1.74009 -0.00129 0.00058 -0.00003 -0.00147 0.00067 -0.00285 0.05938 0.05865 0.00649 -0.00160
0.53946 -0.6658 1.63154 -0.06046 -0.53271 1.73649 -0.00127 0.00127 -0.00310 -0.00002 0.00091 -0.00360 0.05184 0.05818 -0.00754 -0.00047
0.54102 -0.66535 1.63437 -0.05899 -0.53251 1.73633 0.00156 0.00045 0.00283 0.00147 0.00020 -0.00016 0.12767 0.06124 0.07583 0.00306
0.53856 -0.66475 1.63887 -0.0595 -0.53221 1.73613 -0.00246 0.00060 0.00450 -0.00051 0.00030 -0.00020 0.08072 0.07302 -0.04695 0.01178
0.54762 -0.67175 1.66968 -0.06389 -0.53896 1.7596 0.00906 -0.00700 0.03081 -0.00439 -0.00675 0.02347 0.10842 0.06618 0.02770 -0.00684
0.54435 -0.66467 1.67715 -0.06165 -0.53533 1.76346 -0.00327 0.00708 0.00747 0.00224 0.00363 0.00386 0.11492 0.06774 0.00650 0.00156
0.53587 -0.65449 1.68074 -0.06263 -0.52186 1.76032 -0.00848 0.01018 0.00359 -0.00098 0.01347 -0.00314 0.12637 0.06386 0.01145 -0.00388
0.54031 -0.66196 1.75282 -0.07727 -0.53191 1.83367 0.00444 -0.00747 0.07208 -0.01464 -0.01005 0.07335 0.13697 0.07001 0.01060 0.00615
0.49405 -0.61575 1.73357 -0.08584 -0.48791 1.81558 -0.04626 0.04621 -0.01925 -0.00857 0.04400 -0.01809 0.14024 0.06061 0.00327 -0.00940
0.48343 -0.60962 1.78857 -0.10198 -0.50525 1.90337 -0.01062 0.00613 0.05500 -0.01614 -0.01734 0.08779 0.15128 0.11120 0.01104 0.05059
0.44829 -0.58685 1.79417 -0.14588 -0.45917 1.91132 -0.03514 0.02277 0.00560 -0.04390 0.04608 0.00795 0.04555 0.09524 -0.10573 -0.01596
0.43725 -0.58877 2.03195 -0.26285 -0.46633 2.06649 -0.01104 -0.00192 0.23778 -0.11697 -0.00716 0.15517 0.05534 0.11689 0.00979 0.02165
0.40883 -0.5348 1.9896 -0.27768 -0.46573 1.97695 -0.02842 0.05397 -0.04235 -0.01483 0.00060 -0.08954 0.07262 0.06478 0.01728 -0.05211
0.43016 -0.53083 2.17826 -0.43986 -0.45702 2.19912 0.02133 0.00397 0.18866 -0.16218 0.00871 0.22217 0.12060 0.09316 0.04798 0.02838
0.44879 -0.48381 2.17201 -0.4093 -0.52609 2.14195 0.01863 0.04702 -0.00625 0.03056 -0.06907 -0.05717 0.09234 0.07336 -0.02826 -0.01980
0.46052 -0.49757 2.21844 -0.43923 -0.46887 2.22474 0.01173 -0.01376 0.04643 -0.02993 0.05722 0.08279 0.08517 0.05489 -0.00717 -0.01847
0.45898 -0.49756 2.226 -0.43412 -0.46455 2.23404 -0.00154 0.00001 0.00756 0.00511 0.00432 0.00930 0.06361 0.05293 -0.02156 -0.00196
0.4644 -0.48715 2.23477 -0.43296 -0.45975 2.2436 0.00542 0.01041 0.00877 0.00116 0.00480 0.00956 0.04578 0.05446 -0.01783 0.00153
0.46398 -0.48073 2.23712 -0.43644 -0.4522 2.24904 -0.00042 0.00642 0.00235 -0.00348 0.00755 0.00544 0.04843 0.04899 0.00265 -0.00547
0.45993 -0.48153 2.23413 -0.43429 -0.44733 2.25016 -0.00405 -0.00080 -0.00299 0.00215 0.00487 0.00112 0.04365 0.10189 -0.00478 0.05290
0.45718 -0.4922 2.2311 -0.43422 -0.45161 2.2466 -0.00275 -0.01067 -0.00303 0.00007 -0.00428 -0.00356 0.05818 0.10657 0.01453 0.00468
0.46288 -0.50147 2.2306 -0.40804 -0.48737 2.23348 0.00570 -0.00927 -0.00050 0.02618 -0.03576 -0.01312 0.06777 0.05990 0.00959 -0.04667
0.46662 -0.5074 2.2305 -0.43156 -0.48139 2.2375 0.00374 -0.00593 -0.00010 -0.02352 0.00598 0.00402 0.08388 0.11217 0.01611 0.05227
0.46744 -0.50473 2.2314 -0.43481 -0.48054 2.24409 0.00082 0.00267 0.00090 -0.00325 0.00085 0.00659 0.05210 0.07036 -0.03178 -0.04181
0.46315 -0.4891 2.23885 -0.42107 -0.46057 2.26097 -0.00429 0.01563 0.00745 0.01374 0.01997 0.01688 0.05455 0.06042 0.00245 -0.00994
0.45797 -0.48235 2.2383 -0.41359 -0.45281 2.25801 -0.00518 0.00675 -0.00055 0.00748 0.00776 -0.00296 0.04251 0.05848 -0.01204 -0.00194
0.40948 -0.49268 2.19404 -0.40788 -0.41811 2.16423 -0.04849 -0.01033 -0.04426 0.00571 0.03470 -0.09378 0.04353 0.04983 0.00102 -0.00865
0.366 -0.47783 2.07062 -0.37807 -0.37739 2.01688 -0.04348 0.01485 -0.12342 0.02981 0.04072 -0.14735 0.04041 0.08717 -0.00312 0.03734
0.41585 -0.48191 2.18938 -0.38762 -0.34798 2.07779 0.04985 -0.00408 0.11876 -0.00955 0.02941 0.06091 0.04323 0.07583 0.00282 -0.01134
0.35199 -0.48696 2.14591 -0.35954 -0.27832 2.01836 -0.06386 -0.00505 -0.04347 0.02808 0.06966 -0.05943 0.04340 0.06258 0.00017 -0.01325
0.3869 -0.5148 2.30818 -0.38645 -0.21883 2.18191 0.03491 -0.02784 0.16227 -0.02691 0.05949 0.16355 0.04815 0.05393 0.00475 -0.00865
0.32484 -0.47598 2.14173 -0.36504 -0.15392 2.06201 -0.06206 0.03882 -0.16645 0.02141 0.06491 -0.11990 0.04256 0.06776 -0.00559 0.01383
0.31779 -0.47454 2.13531 -0.36614 -0.1202 2.07648 -0.00705 0.00144 -0.00642 -0.00110 0.03372 0.01447 0.06166 0.06732 0.01910 -0.00044
0.28534 -0.48653 2.1646 -0.37105 -0.10901 2.11309 -0.03245 -0.01199 0.02929 -0.00491 0.01119 0.03661 0.10782 0.08592 0.04616 0.01860
0.29016 -0.4867 2.11526 -0.36438 -0.10451 2.08919 0.00482 -0.00017 -0.04934 0.00667 0.00450 -0.02390 0.11240 0.09513 0.00458 0.00921
0.26181 -0.47535 2.04727 -0.34543 -0.10683 2.01222 -0.02835 0.01135 -0.06799 0.01895 -0.00232 -0.07697 0.10206 0.09372 -0.01034 -0.00141
0.24434 -0.47524 2.00078 -0.31527 -0.16913 1.92743 -0.01747 0.00011 -0.04649 0.03016 -0.06230 -0.08479 0.09742 0.08109 -0.00464 -0.01263
0.23747 -0.47486 1.99107 -0.28739 -0.24652 1.87825 -0.00687 0.00038 -0.00971 0.02788 -0.07739 -0.04918 0.09464 0.06244 -0.00278 -0.01865
0.23749 -0.46548 1.98369 -0.28645 -0.22389 1.88724 0.00002 0.00938 -0.00738 0.00094 0.02263 0.00899 0.10289 0.05978 0.00825 -0.00266
0.23081 -0.45522 1.97 -0.28804 -0.21214 1.88594 -0.00668 0.01026 -0.01369 -0.00159 0.01175 -0.00130 0.10829 0.07054 0.00540 0.01076
0.21884 -0.45381 2.04218 -0.30141 -0.21253 1.96538 -0.01197 0.00141 0.07218 -0.01337 -0.00039 0.07944 0.10598 0.07913 -0.00231 0.00859
0.19066 -0.40305 2.02467 -0.29945 -0.2048 1.9567 -0.02818 0.05076 -0.01751 0.00196 0.00773 -0.00868 0.09412 0.07743 -0.01186 -0.00170
0.15683 -0.32833 1.99386 -0.29553 -0.19821 1.93859 -0.03383 0.07472 -0.03081 0.00392 0.00659 -0.01811 0.09472 0.07618 0.00060 -0.00125
0.14054 -0.23251 1.93884 -0.2877 -0.19498 1.90164 -0.01629 0.09582 -0.05502 0.00783 0.00323 -0.03695 0.09603 0.06149 0.00131 -0.01469
0.12304 -0.16282 1.93594 -0.28104 -0.19237 1.88037 -0.01750 0.06969 -0.00290 0.00666 0.00261 -0.02127 0.09018 0.07008 -0.00585 0.00859
0.11312 -0.07971 1.90821 -0.27402 -0.19257 1.85162 -0.00992 0.08311 -0.02773 0.00702 -0.00020 -0.02875 0.08504 0.06325 -0.00514 -0.00683
0.10879 -0.02409 1.92343 -0.27059 -0.19478 1.84876 -0.00433 0.05562 0.01522 0.00343 -0.00221 -0.00286 0.07084 0.06616 -0.01420 0.00291
0.09038 0.07557 1.95471 -0.26748 -0.19973 1.85013 -0.01841 0.09966 0.03128 0.00311 -0.00495 0.00137 0.08805 0.05471 0.01721 -0.01145
0.08973 0.0963 1.95375 -0.26598 -0.2023 1.84548 -0.00065 0.02073 -0.00096 0.00150 -0.00257 -0.00465 0.08345 0.05577 -0.00460 0.00106
0.0822 0.11727 1.9526 -0.26537 -0.20382 1.84316 -0.00753 0.02097 -0.00115 0.00061 -0.00152 -0.00232 0.07959 0.05923 -0.00386 0.00346
0.06565 0.14209 1.96118 -0.26602 -0.20681 1.84238 -0.01655 0.02482 0.00858 -0.00065 -0.00299 -0.00078 0.07242 0.06770 -0.00717 0.00847
0.05557 0.13251 1.9688 -0.26787 -0.20915 1.84289 -0.01008 -0.00958 0.00762 -0.00185 -0.00234 0.00051 0.06675 0.05181 -0.00567 -0.01589
0.05232 0.0891 1.96649 -0.27006 -0.21087 1.84433 -0.00325 -0.04341 -0.00231 -0.00219 -0.00172 0.00144 0.07813 0.05364 0.01138 0.00183
0.0355 0.05611 1.97599 -0.27247 -0.2137 1.84351 -0.01682 -0.03299 0.00950 -0.00241 -0.00283 -0.00082 0.06536 0.07570 -0.01277 0.02206
0.03134 -0.00928 1.9653 -0.27463 -0.21462 1.84261 -0.00416 -0.06539 -0.01069 -0.00216 -0.00092 -0.00090 0.07300 0.06412 0.00764 -0.01158
0.05177 -0.10827 1.95327 -0.27622 -0.21579 1.8425 0.02043 -0.09899 -0.01203 -0.00159 -0.00117 -0.00011 0.06902 0.06481 -0.00398 0.00069
0.05052 -0.17345 1.96188 -0.27933 -0.21702 1.85018 -0.00125 -0.06518 0.00861 -0.00311 -0.00123 0.00768 0.07077 0.05718 0.00175 -0.00763
0.04716 -0.19286 1.96166 -0.28284 -0.21633 1.86232 -0.00336 -0.01941 -0.00022 -0.00351 0.00069 0.01214 0.07162 0.06191 0.00085 0.00473
0.09743 -0.23134 2.07022 -0.30115 -0.2273 1.97414 0.05027 -0.03848 0.10856 -0.01831 -0.01097 0.11182 0.08465 0.05876 0.01303 -0.00315
0.1077 -0.20795 1.95673 -0.28608 -0.21439 1.87151 0.01027 0.02339 -0.11349 0.01507 0.01291 -0.10263 0.07192 0.05823 -0.01273 -0.00053
0.12686 -0.17714 1.93981 -0.2857 -0.21374 1.87082 0.01916 0.03081 -0.01692 0.00038 0.00065 -0.00069 0.10337 0.07331 0.03145 0.01508
0.15985 -0.14735 1.91566 -0.28507 -0.21275 1.86899 0.03299 0.02979 -0.02415 0.00063 0.00099 -0.00183 0.10982 0.05711 0.00645 -0.01620
0.25221 -0.1237 1.98643 -0.29467 -0.22521 1.96539 0.09236 0.02365 0.07077 -0.00960 -0.01246 0.09640 0.09755 0.06097 -0.01227 0.00386
0.27474 -0.13282 1.97118 -0.29113 -0.22703 1.96772 0.02253 -0.00912 -0.01525 0.00354 -0.00182 0.00233 0.10065 0.07037 0.00310 0.00940
0.26463 -0.27322 1.76415 -0.25691 -0.21958 1.83918 -0.01011 -0.14040 -0.20703 0.03422 0.00745 -0.12854 0.09083 0.06182 -0.00982 -0.00855
0.2492 -0.30727 1.76421 -0.25399 -0.21832 1.82663 -0.01543 -0.03405 0.00006 0.00292 0.00126 -0.01255 0.09443 0.05780 0.00360 -0.00402
0.24323 -0.33522 1.78769 -0.2559 -0.21915 1.84286 -0.00597 -0.02795 0.02348 -0.00191 -0.00083 0.01623 0.07327 0.06375 -0.02116 0.00595
0.23715 -0.34515 1.82169 -0.25925 -0.21978 1.86022 -0.00608 -0.00993 0.03400 -0.00335 -0.00063 0.01736 0.09560 0.05882 0.02233 -0.00493
0.24732 -0.34927 1.83392 -0.26216 -0.21967 1.87803 0.01017 -0.00412 0.01223 -0.00291 0.00011 0.01781 0.07804 0.07330 -0.01756 0.01448
0.24731 -0.33569 1.82845 -0.26147 -0.21786 1.86925 -0.00001 0.01358 -0.00547 0.00069 0.00181 -0.00878 0.10756 0.06433 0.02952 -0.00897
0.24865 -0.31214 1.82178 -0.26189 -0.21549 1.8635 0.00134 0.02355 -0.00667 -0.00042 0.00237 -0.00575 0.09552 0.06256 -0.01204 -0.00177
0.24575 -0.30621 1.81724 -0.26194 -0.21591 1.8585 -0.00290 0.00593 -0.00454 -0.00005 -0.00042 -0.00500 0.09566 0.07010 0.00014 0.00754
0.25317 -0.31275 1.89869 -0.27454 -0.22614 1.94154 0.00742 -0.00654 0.08145 -0.01260 -0.01023 0.08304 0.11089 0.06641 0.01523 -0.00369
0.241 -0.30036 1.8046 -0.26201 -0.21608 1.85115 -0.01217 0.01239 -0.09409 0.01253 0.01006 -0.09039 0.08083 0.05197 -0.03006 -0.01444
0.23724 -0.2961 1.79862 -0.26106 -0.21649 1.84527 -0.00376 0.00426 -0.00598 0.00095 -0.00041 -0.00588 0.07612 0.05914 -0.00471 0.00717
0.24401 -0.30132 1.93546 -0.2797 -0.23226 1.98083 0.00677 -0.00522 0.13684 -0.01864 -0.01577 0.13556 0.11263 0.05933 0.03651 0.00019
0.22605 -0.28154 1.80269 -0.26069 -0.21699 1.85542 -0.01796 0.01978 -0.13277 0.01901 0.01527 -0.12541 0.08083 0.06847 -0.03180 0.00914
0.21154 -0.26109 1.77919 -0.2582 -0.21709 1.85073 -0.01451 0.02045 -0.02350 0.00249 -0.00010 -0.00469 0.08444 0.07308 0.00361 0.00461
0.20249 -0.25003 1.75984 -0.25657 -0.21614 1.84521 -0.00905 0.01106 -0.01935 0.00163 0.00095 -0.00552 0.09184 0.06584 0.00740 -0.00724
0.19386 -0.24296 1.73992 -0.2553 -0.21448 1.84402 -0.00863 0.00707 -0.01992 0.00127 0.00166 -0.00119 0.08942 0.05503 -0.00242 -0.01081
0.18128 -0.236 1.72078 -0.25301 -0.21418 1.84509 -0.01258 0.00696 -0.01914 0.00229 0.00030 0.00107 0.09999 0.06814 0.01057 0.01311
0.17622 -0.24495 1.79694 -0.26628 -0.22357 1.94627 -0.00506 -0.00895 0.07616 -0.01327 -0.00939 0.10118 0.10271 0.08734 0.00272 0.01920
0.15892 -0.24476 1.78918 -0.26593 -0.22353 1.94647 -0.01730 0.00019 -0.00776 0.00035 0.00004 0.00020 0.09873 0.06621 -0.00398 -0.02113
0.13901 -0.24349 1.79741 -0.26696 -0.22355 1.95003 -0.01991 0.00127 0.00823 -0.00103 -0.00002 0.00356 0.10663 0.07254 0.00790 0.00633
0.11363 -0.23517 1.81988 -0.26823 -0.22384 1.95268 -0.02538 0.00832 0.02247 -0.00127 -0.00029 0.00265 0.10328 0.07195 -0.00335 -0.00059
0.09413 -0.2326 1.84408 -0.26947 -0.22436 1.95405 -0.01950 0.00257 0.02420 -0.00124 -0.00052 0.00137 0.05985 0.06656 -0.04343 -0.00539
0.07674 -0.23113 1.86235 -0.26904 -0.22413 1.94312 -0.01739 0.00147 0.01827 0.00043 0.00023 -0.01093 0.08892 0.06925 0.02907 0.00269
0.05624 -0.2184 1.84044 -0.25818 -0.21735 1.85897 -0.02050 0.01273 -0.02191 0.01086 0.00678 -0.08415 0.09616 0.05449 0.00724 -0.01476
0.06445 -0.24215 2.09185 -0.29106 -0.24479 2.09203 0.00821 -0.02375 0.25141 -0.03288 -0.02744 0.23306 0.09630 0.07764 0.00014 0.02315
0.07246 -0.21862 1.97569 -0.27403 -0.23068 1.9607 0.00801 0.02353 -0.11616 0.01703 0.01411 -0.13133 0.08099 0.06285 -0.01531 -0.01479
0.07767 -0.21378 1.96726 -0.27649 -0.23118 1.95918 0.00521 0.00484 -0.00843 -0.00246 -0.00050 -0.00152 0.08072 0.05668 -0.00027 -0.00617
0.081 -0.19757 1.82606 -0.26476 -0.22081 1.86034 0.00333 0.01621 -0.14120 0.01173 0.01037 -0.09884 0.07885 0.05474 -0.00187 -0.00194
0.08298 -0.20529 1.80661 -0.26585 -0.22145 1.86594 0.00198 -0.00772 -0.01945 -0.00109 -0.00064 0.00560 0.08528 0.05144 0.00643 -0.00330
0.07186 -0.22603 1.76947 -0.26549 -0.22184 1.86752 -0.01112 -0.02074 -0.03714 0.00036 -0.00039 0.00158 0.09923 0.05464 0.01395 0.00320
0.03778 -0.24114 1.80331 -0.26768 -0.22462 1.91413 -0.03408 -0.01511 0.03384 -0.00219 -0.00278 0.04661 0.09892 0.05232 -0.00031 -0.00232
0.01679 -0.24032 1.78344 -0.26236 -0.22058 1.88905 -0.02099 0.00082 -0.01987 0.00532 0.00404 -0.02508 0.08819 0.05518 -0.01073 0.00286
-0.009 -0.2425 1.82451 -0.26442 -0.22608 1.92394 -0.02579 -0.00218 0.04107 -0.00206 -0.00550 0.03489 0.08480 0.05742 -0.00339 0.00224
-0.03472 -0.22185 1.73896 -0.24701 -0.21655 1.81807 -0.02572 0.02065 -0.08555 0.01741 0.00953 -0.10587 0.08679 0.05460 0.00199 -0.00282
-0.05388 -0.25385 1.75036 -0.12726 -0.18872 1.7403 -0.01916 -0.03200 0.01140 0.11975 0.02783 -0.07777 0.06671 0.06224 -0.02008 0.00764
-0.05038 -0.27409 1.7741 -0.14639 -0.21043 1.76109 0.00350 -0.02024 0.02374 -0.01913 -0.02171 0.02079 0.09076 0.05843 0.02405 -0.00381
-0.15 -0.2188 1.75941 -0.19158 -0.20543 1.77163 -0.09962 0.05529 -0.01469 -0.04519 0.00500 0.01054 0.05143 0.05290 -0.03933 -0.00553
-0.07219 -0.25896 1.7733 -0.18167 -0.20494 1.77663 0.07781 -0.04016 0.01389 0.00991 0.00049 0.00500 0.07701 0.05897 0.02558 0.00607
-0.0766 -0.27299 1.90129 -0.17401 -0.22368 1.90425 -0.00441 -0.01403 0.12799 0.00766 -0.01874 0.12762 0.08426 0.06428 0.00725 0.00531
-0.06302 -0.24485 1.70318 -0.168 -0.18909 1.71491 0.01358 0.02814 -0.19811 0.00601 0.03459 -0.18934 0.06887 0.05750 -0.01539 -0.00678
-0.05599 -0.23868 1.73417 -0.12922 -0.18242 1.74745 0.00703 0.00617 0.03099 0.03878 0.00667 0.03254 0.04855 0.04956 -0.02032 -0.00794
-0.00355 -0.21294 1.73777 -0.03489 -0.16688 1.74212 0.05244 0.02574 0.00360 0.09433 0.01554 -0.00533 0.05051 0.07412 0.00196 0.02456
0.0099 -0.20527 1.76516 -0.25912 -0.14592 1.8126 0.01345 0.00767 0.02739 -0.22423 0.02096 0.07048 0.05350 0.02634 0.00299 -0.04778
0.03146 -0.21323 1.7773 -0.26478 -0.21018 1.84894 0.02156 -0.00796 0.01214 -0.00566 -0.06426 0.03634 0.06000 0.05934 0.00650 0.03300
0.04874 -0.22224 1.78068 -0.26517 -0.21213 1.85513 0.01728 -0.00901 0.00338 -0.00039 -0.00195 0.00619 0.05834 0.05330 -0.00166 -0.00604
0.05816 -0.22643 1.78233 -0.26288 -0.21379 1.85685 0.00942 -0.00419 0.00165 0.00229 -0.00166 0.00172 0.05928 0.06743 0.00094 0.01413
0.06116 -0.23104 1.78634 -0.24808 -0.21947 1.85444 0.00300 -0.00461 0.00401 0.01480 -0.00568 -0.00241 0.05803 0.05551 -0.00125 -0.01192
0.05783 -0.23166 1.78624 -0.24248 -0.22165 1.85359 -0.00333 -0.00062 -0.00010 0.00560 -0.00218 -0.00085 0.05874 0.06014 0.00071 0.00463
0.05854 -0.2468 1.87495 -0.24883 -0.23003 1.9441 0.00071 -0.01514 0.08871 -0.00635 -0.00838 0.09051 0.06082 0.05079 0.00208 -0.00935
0.05372 -0.23475 1.76869 -0.23029 -0.22118 1.8336 -0.00482 0.01205 -0.10626 0.01854 0.00885 -0.11050 0.05507 0.06396 -0.00575 0.01317
0.0535 -0.23677 1.76766 -0.22653 -0.22168 1.83061 -0.00022 -0.00202 -0.00103 0.00376 -0.00050 -0.00299 0.10115 0.05472 0.04608 -0.00924
0.0565 -0.25095 1.86235 -0.23591 -0.23107 1.92802 0.00300 -0.01418 0.09469 -0.00938 -0.00939 0.09741 0.10054 0.06271 -0.00061 0.00799
0.05958 -0.25397 1.8649 -0.23535 -0.23237 1.92804 0.00308 -0.00302 0.00255 0.00056 -0.00130 0.00002 0.10530 0.06644 0.00476 0.00373
0.05992 -0.24296 1.76641 -0.22253 -0.22231 1.82595 0.00034 0.01101 -0.09849 0.01282 0.01006 -0.10209 0.09831 0.06502 -0.00699 -0.00142
0.06475 -0.24688 1.77074 -0.22366 -0.2241 1.8305 0.00483 -0.00392 0.00433 -0.00113 -0.00179 0.00455 0.10117 0.06777 0.00286 0.00275
0.07132 -0.25378 1.76699 -0.22391 -0.22464 1.8303 0.00657 -0.00690 -0.00375 -0.00025 -0.00054 -0.00020 0.09279 0.06298 -0.00838 -0.00479
0.0773 -0.25794 1.76824 -0.22428 -0.22582 1.83201 0.00598 -0.00416 0.00125 -0.00037 -0.00118 0.00171 0.09492 0.05841 0.00213 -0.00457
0.08544 -0.26844 1.76246 -0.22472 -0.22799 1.83354 0.00814 -0.01050 -0.00578 -0.00044 -0.00217 0.00153 0.08715 0.06985 -0.00777 0.01144
0.09553 -0.28569 1.86684 -0.23595 -0.24121 1.93645 0.01009 -0.01725 0.10438 -0.01123 -0.01322 0.10291 0.11060 0.06286 0.02345 -0.00699
0.10386 -0.29909 1.86135 -0.23459 -0.24623 1.93798 0.00833 -0.01340 -0.00549 0.00136 -0.00502 0.00153 0.09002 0.05468 -0.02058 -0.00818
0.12656 -0.33316 1.852 -0.22413 -0.26344 1.94217 0.02270 -0.03407 -0.00935 0.01046 -0.01721 0.00419 0.09952 0.06213 0.00950 0.00745
0.14255 -0.35427 1.84574 -0.21545 -0.28177 1.94326 0.01599 -0.02111 -0.00626 0.00868 -0.01833 0.00109 0.08551 0.06113 -0.01401 -0.00100
0.15707 -0.35787 1.71864 -0.19036 -0.28795 1.81561 0.01452 -0.00360 -0.12710 0.02509 -0.00618 -0.12765 0.08343 0.05411 -0.00208 -0.00702
0.18899 -0.39568 1.73725 -0.1788 -0.32084 1.83717 0.03192 -0.03781 0.01861 0.01156 -0.03289 0.02156 0.08262 0.05400 -0.00081 -0.00011
0.21885 -0.42622 1.70342 -0.15899 -0.34472 1.79962 0.02986 -0.03054 -0.03383 0.01981 -0.02388 -0.03755 0.06506 0.03933 -0.01756 -0.01467
0.254 -0.46701 1.71424 -0.14302 -0.3834 1.79865 0.03515 -0.04079 0.01082 0.01597 -0.03868 -0.00097 0.06934 0.06683 0.00428 0.02750
0.29232 -0.50313 1.71723 -0.11784 -0.44338 1.80968 0.03832 -0.03612 0.00299 0.02518 -0.05998 0.01103 0.06900 0.07045 -0.00034 0.00362
0.32767 -0.52809 1.6852 -0.1046 -0.49935 1.79311 0.03535 -0.02496 -0.03203 0.01324 -0.05597 -0.01657 0.06655 0.09021 -0.00245 0.01976
0.35753 -0.56243 1.71642 -0.10605 -0.51224 1.81214 0.02986 -0.03434 0.03122 -0.00145 -0.01289 0.01903 0.06576 0.06966 -0.00079 -0.02055
0.38541 -0.57743 1.73174 -0.09683 -0.53701 1.81949 0.02788 -0.01500 0.01532 0.00922 -0.02477 0.00735 0.05662 0.07118 -0.00914 0.00152
0.39871 -0.5936 1.72682 -0.08044 -0.5417 1.79132 0.01330 -0.01617 -0.00492 0.01639 -0.00469 -0.02817 0.04856 0.06974 -0.00806 -0.00144
0.42036 -0.61164 1.73319 -0.06868 -0.56741 1.79183 0.02165 -0.01804 0.00637 0.01176 -0.02571 0.00051 0.05968 0.06466 0.01112 -0.00508
0.44045 -0.61016 1.66727 -0.06406 -0.55338 1.73762 0.02009 0.00148 -0.06592 0.00462 0.01403 -0.05421 0.11408 0.05725 0.05440 -0.00741
0.45465 -0.62304 1.67311 -0.06223 -0.55318 1.73166 0.01420 -0.01288 0.00584 0.00183 0.00020 -0.00596 0.07694 0.06446 -0.03714 0.00721
0.47343 -0.64324 1.68652 -0.06463 -0.55748 1.73951 0.01878 -0.02020 0.01341 -0.00240 -0.00430 0.00785 0.09706 0.06246 0.02012 -0.00200
0.50657 -0.65862 1.65626 -0.06353 -0.55473 1.72615 0.03314 -0.01538 -0.03026 0.00110 0.00275 -0.01336 0.12542 0.06106 0.02836 -0.00140
0.51192 -0.66301 1.65829 -0.0639 -0.55752 1.72726 0.00535 -0.00439 0.00203 -0.00037 -0.00279 0.00111 0.07633 0.06109 -0.04909 0.00003
0.51544 -0.66664 1.65319 -0.06423 -0.5567 1.72621 0.00352 -0.00363 -0.00510 -0.00033 0.00082 -0.00105 0.08637 0.05976 0.01004 -0.00133
0.51949 -0.66794 1.65508 -0.06383 -0.55643 1.72562 0.00405 -0.00130 0.00189 0.00040 0.00027 -0.00059 0.08220 0.06626 -0.00417 0.00650
0.52308 -0.67055 1.65787 -0.06518 -0.55683 1.72481 0.00359 -0.00261 0.00279 -0.00135 -0.00040 -0.00081 0.08339 0.06110 0.00119 -0.00516
0.5271 -0.6675 1.65773 -0.0655 -0.55763 1.7245 0.00402 0.00305 -0.00014 -0.00032 -0.00080 -0.00031 0.07745 0.05577 -0.00594 -0.00533
0.53017 -0.66871 1.66182 -0.06778 -0.56491 1.72149 0.00307 -0.00121 0.00409 -0.00228 -0.00728 -0.00301 0.07155 0.06900 -0.00590 0.01323
0.53254 -0.66417 1.65243 -0.06441 -0.55503 1.71373 0.00237 0.00454 -0.00939 0.00337 0.00988 -0.00776 0.10799 0.07526 0.03644 0.00626
0.53507 -0.66587 1.6548 -0.0629 -0.5538 1.71112 0.00253 -0.00170 0.00237 0.00151 0.00123 -0.00261 0.10777 0.05815 -0.00022 -0.01711
0.5437 -0.66928 1.653 -0.06414 -0.55357 1.71415 0.00863 -0.00341 -0.00180 -0.00124 0.00023 0.00303 0.10351 0.05908 -0.00426 0.00093
0.54906 -0.66975 1.6532 -0.06545 -0.55566 1.71678 0.00536 -0.00047 0.00020 -0.00131 -0.00209 0.00263 0.05356 0.06223 -0.04995 0.00315
0.54886 -0.67122 1.65433 -0.06412 -0.55676 1.7184 -0.00020 -0.00147 0.00113 0.00133 -0.00110 0.00162 0.05583 0.06183 0.00227 -0.00040
0.5527 -0.67418 1.66261 -0.066 -0.55998 1.72602 0.00384 -0.00296 0.00828 -0.00188 -0.00322 0.00762 0.05225 0.06068 -0.00358 -0.00115
0.55405 -0.67533 1.65652 -0.06342 -0.55921 1.72092 0.00135 -0.00115 -0.00609 0.00258 0.00077 -0.00510 0.07618 0.06161 0.02393 0.00093
0.55481 -0.67593 1.65603 -0.06485 -0.55999 1.72334 0.00076 -0.00060 -0.00049 -0.00143 -0.00078 0.00242 0.07392 0.06162 -0.00226 0.00001
0.55622 -0.67692 1.6557 -0.06284 -0.55904 1.72391 0.00141 -0.00099 -0.00033 0.00201 0.00095 0.00057 0.07561 0.06129 0.00169 -0.00033
0.55638 -0.67786 1.65334 -0.06348 -0.55796 1.72472 0.00016 -0.00094 -0.00236 -0.00064 0.00108 0.00081 0.07344 0.06036 -0.00217 -0.00093
0.55507 -0.6781 1.65491 -0.06225 -0.55881 1.72218 -0.00131 -0.00024 0.00157 0.00123 -0.00085 -0.00254 0.07149 0.06065 -0.00195 0.00029
0.55397 -0.67775 1.65634 -0.06471 -0.55923 1.72334 -0.00110 0.00035 0.00143 -0.00246 -0.00042 0.00116 0.08861 0.05884 0.01712 -0.00181
0.55791 -0.67663 1.65656 -0.06417 -0.56059 1.72253 0.00394 0.00112 0.00022 0.00054 -0.00136 -0.00081 0.07204 0.05917 -0.01657 0.00033
0.55771 -0.6796 1.66085 -0.06859 -0.56651 1.72646 -0.00020 -0.00297 0.00429 -0.00442 -0.00592 0.00393 0.06968 0.06889 -0.00236 0.00972
0.55637 -0.67953 1.65919 -0.06833 -0.56562 1.72601 -0.00134 0.00007 -0.00166 0.00026 0.00089 -0.00045 0.07194 0.06563 0.00226 -0.00326
]
