classifier_Man_goes_to_house_26157 [ 0.56606 -0.73597 2.01504 -0.19898 -0.59547 1.92709 0.56606 -0.73597 2.01504 -0.19898 -0.59547 1.92709 0.08712 0.17290 0.08712 0.17290
0.56633 -0.73645 2.01641 -0.1949 -0.59433 1.92612 0.00027 -0.00048 0.00137 0.00408 0.00114 -0.00097 0.09724 0.16669 0.01012 -0.00621
0.56023 -0.73456 2.01396 -0.18657 -0.5969 1.91754 -0.00610 0.00189 -0.00245 0.00833 -0.00257 -0.00858 0.08386 0.16397 -0.01338 -0.00272
0.56208 -0.7357 2.01927 -0.18681 -0.59417 1.91703 0.00185 -0.00114 0.00531 -0.00024 0.00273 -0.00051 0.09505 0.16120 0.01119 -0.00277
0.56607 -0.73608 2.02871 -0.18138 -0.59691 1.89172 0.00399 -0.00038 0.00944 0.00543 -0.00274 -0.02531 0.09054 0.13829 -0.00451 -0.02291
0.57668 -0.72561 2.01532 -0.18134 -0.59412 1.86691 0.01061 0.01047 -0.01339 0.00004 0.00279 -0.02481 0.11366 0.12869 0.02312 -0.00960
0.56929 -0.72872 2.05405 -0.18555 -0.60293 1.87018 -0.00739 -0.00311 0.03873 -0.00421 -0.00881 0.00327 0.08823 0.11879 -0.02543 -0.00990
0.54999 -0.59157 2.00886 -0.19591 -0.57051 1.78442 -0.01930 0.13715 -0.04519 -0.01036 0.03242 -0.08576 0.12248 0.08905 0.03425 -0.02974
0.52222 -0.53291 2.00891 -0.20819 -0.51605 1.80009 -0.02777 0.05866 0.00005 -0.01228 0.05446 0.01567 0.11182 0.08141 -0.01066 -0.00764
0.44409 -0.34247 1.88311 -0.21678 -0.3925 1.75695 -0.07813 0.19044 -0.12580 -0.00859 0.12355 -0.04314 0.13230 0.10097 0.02048 0.01956
0.37269 -0.27659 1.89973 -0.21474 -0.32694 1.78014 -0.07140 0.06588 0.01662 0.00204 0.06556 0.02319 0.14938 0.09919 0.01708 -0.00178
0.3117 -0.20968 1.95428 -0.21356 -0.25922 1.8327 -0.06099 0.06691 0.05455 0.00118 0.06772 0.05256 0.16479 0.10821 0.01541 0.00902
0.23937 -0.13683 1.89737 -0.19743 -0.17628 1.77816 -0.07233 0.07285 -0.05691 0.01613 0.08294 -0.05454 0.17676 0.11196 0.01197 0.00375
0.19612 -0.09968 1.85548 -0.18424 -0.10636 1.74605 -0.04325 0.03715 -0.04189 0.01319 0.06992 -0.03211 0.14838 0.12416 -0.02838 0.01220
0.13995 -0.02825 1.84639 -0.18968 -0.06682 1.75956 -0.05617 0.07143 -0.00909 -0.00544 0.03954 0.01351 0.14199 0.11797 -0.00639 -0.00619
0.10615 0.0366 1.99015 -0.23876 -0.04505 1.95388 -0.03380 0.06485 0.14376 -0.04908 0.02177 0.19432 0.15763 0.16002 0.01564 0.04205
0.09495 0.06251 1.99551 -0.24916 -0.04489 1.97824 -0.01120 0.02591 0.00536 -0.01040 0.00016 0.02436 0.16317 0.15533 0.00554 -0.00469
0.08569 0.09999 2.01187 -0.25384 -0.03213 2.00551 -0.00926 0.03748 0.01636 -0.00468 0.01276 0.02727 0.15567 0.15811 -0.00750 0.00278
0.08931 0.10623 2.02056 -0.25165 -0.01461 2.0065 0.00362 0.00624 0.00869 0.00219 0.01752 0.00099 0.15139 0.16217 -0.00428 0.00406
0.08631 0.10035 1.80959 -0.13938 0.14371 1.75112 -0.00300 -0.00588 -0.21097 0.11227 0.15832 -0.25538 0.13342 0.12975 -0.01797 -0.03242
0.11023 0.08831 1.82129 -0.15434 0.14458 1.76332 0.02392 -0.01204 0.01170 -0.01496 0.00087 0.01220 0.12604 0.12654 -0.00738 -0.00321
0.13524 0.07919 1.85118 -0.18072 0.13843 1.80582 0.02501 -0.00912 0.02989 -0.02638 -0.00615 0.04250 0.12209 0.11988 -0.00395 -0.00666
0.17161 0.0655 1.96136 -0.24003 0.05936 1.92648 0.03637 -0.01369 0.11018 -0.05931 -0.07907 0.12066 0.13126 0.13691 0.00917 0.01703
0.20967 0.00647 2.01755 -0.25941 0.04194 1.9797 0.03806 -0.05903 0.05619 -0.01938 -0.01742 0.05322 0.12040 0.13473 -0.01086 -0.00218
0.22994 -0.01028 2.04179 -0.27594 -0.03221 2.01733 0.02027 -0.01675 0.02424 -0.01653 -0.07415 0.03763 0.13550 0.13919 0.01510 0.00446
0.22904 -0.06431 1.90022 -0.25676 -0.05995 1.8863 -0.00090 -0.05403 -0.14157 0.01918 -0.02774 -0.13103 0.12995 0.13256 -0.00555 -0.00663
0.23011 -0.10875 1.83174 -0.24438 -0.11444 1.82484 0.00107 -0.04444 -0.06848 0.01238 -0.05449 -0.06146 0.12316 0.12439 -0.00679 -0.00817
0.22314 -0.14902 1.7486 -0.23089 -0.16032 1.73978 -0.00697 -0.04027 -0.08314 0.01349 -0.04588 -0.08506 0.11488 0.12206 -0.00828 -0.00233
0.26309 -0.21938 2.06993 -0.27176 -0.21661 2.06061 0.03995 -0.07036 0.32133 -0.04087 -0.05629 0.32083 0.14607 0.14646 0.03119 0.02440
0.2469 -0.22544 1.95107 -0.25641 -0.20911 1.93889 -0.01619 -0.00606 -0.11886 0.01535 0.00750 -0.12172 0.13882 0.14220 -0.00725 -0.00426
0.24828 -0.22814 1.95971 -0.25617 -0.20319 1.94469 0.00138 -0.00270 0.00864 0.00024 0.00592 0.00580 0.14262 0.14022 0.00380 -0.00198
0.24779 -0.22314 1.9589 -0.25307 -0.19432 1.94257 -0.00049 0.00500 -0.00081 0.00310 0.00887 -0.00212 0.13902 0.13966 -0.00360 -0.00056
0.24919 -0.21633 1.97267 -0.25115 -0.18831 1.95205 0.00140 0.00681 0.01377 0.00192 0.00601 0.00948 0.13896 0.14592 -0.00006 0.00626
0.24676 -0.20947 1.9624 -0.2457 -0.18079 1.93685 -0.00243 0.00686 -0.01027 0.00545 0.00752 -0.01520 0.14329 0.14174 0.00433 -0.00418
0.23663 -0.19777 1.88781 -0.23201 -0.17008 1.86094 -0.01013 0.01170 -0.07459 0.01369 0.01071 -0.07591 0.13564 0.13553 -0.00765 -0.00621
0.22211 -0.18762 1.77939 -0.21321 -0.15277 1.756 -0.01452 0.01015 -0.10842 0.01880 0.01731 -0.10494 0.10593 0.12617 -0.02971 -0.00936
0.22699 -0.18622 1.80944 -0.21472 -0.16514 1.78394 0.00488 0.00140 0.03005 -0.00151 -0.01237 0.02794 0.11307 0.13560 0.00714 0.00943
0.24872 -0.19304 1.96018 -0.2321 -0.17793 1.93389 0.02173 -0.00682 0.15074 -0.01738 -0.01279 0.14995 0.14300 0.15209 0.02993 0.01649
0.23023 -0.16733 1.79965 -0.21623 -0.14791 1.77519 -0.01849 0.02571 -0.16053 0.01587 0.03002 -0.15870 0.12777 0.13309 -0.01523 -0.01900
0.235 -0.17394 1.82657 -0.23235 -0.13512 1.79496 0.00477 -0.00661 0.02692 -0.01612 0.01279 0.01977 0.12833 0.13621 0.00056 0.00312
0.23923 -0.16747 1.84627 -0.24192 -0.12629 1.81316 0.00423 0.00647 0.01970 -0.00957 0.00883 0.01820 0.13335 0.14070 0.00502 0.00449
0.24367 -0.16736 1.87306 -0.27488 -0.08958 1.82118 0.00444 0.00011 0.02679 -0.03296 0.03671 0.00802 0.13219 0.14249 -0.00116 0.00179
0.24288 -0.16545 1.85845 -0.29801 -0.04352 1.79479 -0.00079 0.00191 -0.01461 -0.02313 0.04606 -0.02639 0.13730 0.12369 0.00511 -0.01880
0.24456 -0.16194 1.87382 -0.32261 0.02476 1.78678 0.00168 0.00351 0.01537 -0.02460 0.06828 -0.00801 0.13334 0.11777 -0.00396 -0.00592
0.24821 -0.16164 1.91242 -0.34363 0.07867 1.80662 0.00365 0.00030 0.03860 -0.02102 0.05391 0.01984 0.13867 0.12244 0.00533 0.00467
0.24566 -0.15003 1.90225 -0.35355 0.10736 1.78627 -0.00255 0.01161 -0.01017 -0.00992 0.02869 -0.02035 0.13545 0.13290 -0.00322 0.01046
0.24631 -0.15326 1.92481 -0.36589 0.11053 1.80741 0.00065 -0.00323 0.02256 -0.01234 0.00317 0.02114 0.13573 0.14886 0.00028 0.01596
0.24825 -0.16202 1.98946 -0.36267 0.07942 1.79005 0.00194 -0.00876 0.06465 0.00322 -0.03111 -0.01736 0.13851 0.12989 0.00278 -0.01897
0.24373 -0.16836 1.97322 -0.35111 0.04566 1.75187 -0.00452 -0.00634 -0.01624 0.01156 -0.03376 -0.03818 0.13562 0.12770 -0.00289 -0.00219
0.24058 -0.17041 1.97486 -0.3497 0.02609 1.74315 -0.00315 -0.00205 0.00164 0.00141 -0.01957 -0.00872 0.13676 0.12344 0.00114 -0.00426
0.2293 -0.16343 1.89662 -0.33095 0.02012 1.67013 -0.01128 0.00698 -0.07824 0.01875 -0.00597 -0.07302 0.12919 0.11821 -0.00757 -0.00523
0.23911 -0.16939 1.98906 -0.34586 0.02867 1.74357 0.00981 -0.00596 0.09244 -0.01491 0.00855 0.07344 0.13340 0.12117 0.00421 0.00296
0.24099 -0.16769 2.00138 -0.34745 0.03433 1.74693 0.00188 0.00170 0.01232 -0.00159 0.00566 0.00336 0.13467 0.12731 0.00127 0.00614
0.24062 -0.16609 1.99148 -0.34682 0.03112 1.73252 -0.00037 0.00160 -0.00990 0.00063 -0.00321 -0.01441 0.13314 0.11731 -0.00153 -0.01000
0.24351 -0.16642 1.98351 -0.35164 0.02801 1.728 0.00289 -0.00033 -0.00797 -0.00482 -0.00311 -0.00452 0.13546 0.11804 0.00232 0.00073
0.24404 -0.1673 1.98197 -0.35379 0.02561 1.72894 0.00053 -0.00088 -0.00154 -0.00215 -0.00240 0.00094 0.13381 0.11678 -0.00165 -0.00126
0.24296 -0.16982 1.97903 -0.35702 0.0251 1.72391 -0.00108 -0.00252 -0.00294 -0.00323 -0.00051 -0.00503 0.13250 0.12200 -0.00131 0.00522
0.24058 -0.17652 1.97564 -0.35718 0.01986 1.72388 -0.00238 -0.00670 -0.00339 -0.00016 -0.00524 -0.00003 0.13629 0.12393 0.00379 0.00193
0.23627 -0.18175 1.97418 -0.36152 0.0164 1.71959 -0.00431 -0.00523 -0.00146 -0.00434 -0.00346 -0.00429 0.13647 0.11893 0.00018 -0.00500
0.23325 -0.18304 1.96919 -0.36419 0.00922 1.72147 -0.00302 -0.00129 -0.00499 -0.00267 -0.00718 0.00188 0.13424 0.11588 -0.00223 -0.00305
0.22441 -0.16862 1.96923 -0.36801 0.0002 1.73367 -0.00884 0.01442 0.00004 -0.00382 -0.00902 0.01220 0.13134 0.11591 -0.00290 0.00003
0.11655 -0.03432 1.84018 -0.35236 -0.02997 1.66371 -0.10786 0.13430 -0.12905 0.01565 -0.03017 -0.06996 0.10265 0.11618 -0.02869 0.00027
0.07774 0.0454 1.79259 -0.34183 -0.04276 1.64226 -0.03881 0.07972 -0.04759 0.01053 -0.01279 -0.02145 0.11304 0.11768 0.01039 0.00150
0.04089 0.15363 1.78915 -0.3382 -0.0495 1.65696 -0.03685 0.10823 -0.00344 0.00363 -0.00674 0.01470 0.11515 0.11800 0.00211 0.00032
0.01221 0.23621 1.77921 -0.32626 -0.05635 1.63903 -0.02868 0.08258 -0.00994 0.01194 -0.00685 -0.01793 0.12784 0.11416 0.01269 -0.00384
-0.00626 0.30029 1.79727 -0.32248 -0.05524 1.63982 -0.01847 0.06408 0.01806 0.00378 0.00111 0.00079 0.12116 0.11570 -0.00668 0.00154
-0.02647 0.38786 1.83233 -0.32219 -0.05315 1.64052 -0.02021 0.08757 0.03506 0.00029 0.00209 0.00070 0.12783 0.11806 0.00667 0.00236
-0.02373 0.40938 1.87688 -0.31819 -0.05268 1.61982 0.00274 0.02152 0.04455 0.00400 0.00047 -0.02070 0.13834 0.11748 0.01051 -0.00058
-0.0113 0.3938 1.94571 -0.32595 -0.05077 1.64019 0.01243 -0.01558 0.06883 -0.00776 0.00191 0.02037 0.13412 0.11767 -0.00422 0.00019
-0.01412 0.41279 2.0052 -0.33107 -0.0474 1.6494 -0.00282 0.01899 0.05949 -0.00512 0.00337 0.00921 0.16081 0.12116 0.02669 0.00349
-0.01183 0.39485 2.002 -0.34033 -0.03891 1.65948 0.00229 -0.01794 -0.00320 -0.00926 0.00849 0.01008 0.11742 0.13224 -0.04339 0.01108
0.04457 0.32375 1.98468 -0.35615 -0.03527 1.69783 0.05640 -0.07110 -0.01732 -0.01582 0.00364 0.03835 0.13474 0.12723 0.01732 -0.00501
0.1368 0.22308 1.88904 -0.35282 -0.0321 1.64682 0.09223 -0.10067 -0.09564 0.00333 0.00317 -0.05101 0.10355 0.12469 -0.03119 -0.00254
0.19821 0.11218 1.82209 -0.34566 -0.02829 1.61594 0.06141 -0.11090 -0.06695 0.00716 0.00381 -0.03088 0.07333 0.11891 -0.03022 -0.00578
0.26649 0.03119 1.87392 -0.36131 -0.02937 1.67288 0.06828 -0.08099 0.05183 -0.01565 -0.00108 0.05694 0.08662 0.12734 0.01329 0.00843
0.36068 -0.10037 1.8599 -0.36043 -0.03327 1.67539 0.09419 -0.13156 -0.01402 0.00088 -0.00390 0.00251 0.08130 0.12509 -0.00532 -0.00225
0.3706 -0.15069 1.74833 -0.33974 -0.03474 1.58052 0.00992 -0.05032 -0.11157 0.02069 -0.00147 -0.09487 0.07145 0.12410 -0.00985 -0.00099
0.39724 -0.20071 1.77526 -0.34476 -0.03863 1.60642 0.02664 -0.05002 0.02693 -0.00502 -0.00389 0.02590 0.07227 0.11937 0.00082 -0.00473
0.41323 -0.23134 1.80545 -0.34855 -0.04538 1.63041 0.01599 -0.03063 0.03019 -0.00379 -0.00675 0.02399 0.07405 0.12734 0.00178 0.00797
0.41581 -0.24312 1.81522 -0.34667 -0.04584 1.63742 0.00258 -0.01178 0.00977 0.00188 -0.00046 0.00701 0.07512 0.12196 0.00107 -0.00538
0.41049 -0.24045 1.80762 -0.34323 -0.04565 1.62258 -0.00532 0.00267 -0.00760 0.00344 0.00019 -0.01484 0.07431 0.12406 -0.00081 0.00210
0.4109 -0.2383 1.82789 -0.34586 -0.04491 1.63973 0.00041 0.00215 0.02027 -0.00263 0.00074 0.01715 0.07672 0.13026 0.00241 0.00620
0.39345 -0.22602 1.77017 -0.33604 -0.03998 1.58918 -0.01745 0.01228 -0.05772 0.00982 0.00493 -0.05055 0.07339 0.11074 -0.00333 -0.01952
0.38853 -0.2223 1.7691 -0.33633 -0.03909 1.58916 -0.00492 0.00372 -0.00107 -0.00029 0.00089 -0.00002 0.07410 0.11462 0.00071 0.00388
0.38108 -0.22201 1.7805 -0.33883 -0.0352 1.60229 -0.00745 0.00029 0.01140 -0.00250 0.00389 0.01313 0.07326 0.11132 -0.00084 -0.00330
0.37484 -0.2239 1.77905 -0.33983 -0.03464 1.59617 -0.00624 -0.00189 -0.00145 -0.00100 0.00056 -0.00612 0.07462 0.10776 0.00136 -0.00356
0.36232 -0.22418 1.77472 -0.34198 -0.02903 1.59729 -0.01252 -0.00028 -0.00433 -0.00215 0.00561 0.00112 0.07103 0.11501 -0.00359 0.00725
0.3559 -0.23029 1.8072 -0.34846 -0.03235 1.62396 -0.00642 -0.00611 0.03248 -0.00648 -0.00332 0.02667 0.07455 0.10479 0.00352 -0.01022
0.34185 -0.22356 1.77845 -0.34645 -0.02764 1.605 -0.01405 0.00673 -0.02875 0.00201 0.00471 -0.01896 0.07241 0.10749 -0.00214 0.00270
0.3111 -0.20915 1.68013 -0.32681 -0.03011 1.51753 -0.03075 0.01441 -0.09832 0.01964 -0.00247 -0.08747 0.07408 0.09722 0.00167 -0.01027
0.32444 -0.21565 1.84017 -0.36017 -0.03242 1.66759 0.01334 -0.00650 0.16004 -0.03336 -0.00231 0.15006 0.07521 0.10387 0.00113 0.00665
0.29513 -0.20169 1.81059 -0.36023 -0.03066 1.65339 -0.02931 0.01396 -0.02958 -0.00006 0.00176 -0.01420 0.07609 0.10641 0.00088 0.00254
0.25486 -0.18255 1.75475 -0.35344 -0.03003 1.61554 -0.04027 0.01914 -0.05584 0.00679 0.00063 -0.03785 0.07420 0.09840 -0.00189 -0.00801
0.16745 -0.12868 1.78876 -0.36229 -0.03091 1.67571 -0.08741 0.05387 0.03401 -0.00885 -0.00088 0.06017 0.06592 0.10156 -0.00828 0.00316
0.11556 -0.12426 1.79292 -0.36444 -0.02898 1.68917 -0.05189 0.00442 0.00416 -0.00215 0.00193 0.01346 0.08614 0.10430 0.02022 0.00274
0.05788 -0.10244 1.68659 -0.34298 -0.02395 1.60299 -0.05768 0.02182 -0.10633 0.02146 0.00503 -0.08618 0.08631 0.09956 0.00017 -0.00474
0.00618 -0.0875 1.76736 -0.35784 -0.02427 1.68801 -0.05170 0.01494 0.08077 -0.01486 -0.00032 0.08502 0.09153 0.10240 0.00522 0.00284
-0.04729 -0.07459 1.78713 -0.35997 -0.02399 1.71713 -0.05347 0.01291 0.01977 -0.00213 0.00028 0.02912 0.09233 0.10317 0.00080 0.00077
-0.09366 -0.06736 1.77421 -0.35621 -0.01846 1.71288 -0.04637 0.00723 -0.01292 0.00376 0.00553 -0.00425 0.09430 0.10707 0.00197 0.00390
-0.14687 -0.05444 1.75895 -0.35146 -0.01751 1.71035 -0.05321 0.01292 -0.01526 0.00475 0.00095 -0.00253 0.08209 0.10793 -0.01221 0.00086
-0.24789 -0.03022 1.64655 -0.31855 -0.01559 1.63611 -0.10102 0.02422 -0.11240 0.03291 0.00192 -0.07424 0.10525 0.08752 0.02316 -0.02041
-0.25162 -0.02346 1.5698 -0.2711 -0.03059 1.52468 -0.00373 0.00676 -0.07675 0.04745 -0.01500 -0.11143 0.10261 0.06444 -0.00264 -0.02308
-0.2755 -0.02273 1.69476 -0.30686 -0.02615 1.65184 -0.02388 0.00073 0.12496 -0.03576 0.00444 0.12716 0.10609 0.09158 0.00348 0.02714
-0.27647 -0.02191 1.70427 -0.31363 -0.02019 1.66503 -0.00097 0.00082 0.00951 -0.00677 0.00596 0.01319 0.10607 0.08867 -0.00002 -0.00291
-0.26799 -0.02074 1.67357 -0.31039 -0.01781 1.63431 0.00848 0.00117 -0.03070 0.00324 0.00238 -0.03072 0.10183 0.08404 -0.00424 -0.00463
-0.27249 -0.01792 1.70215 -0.35592 -0.00825 1.69079 -0.00450 0.00282 0.02858 -0.04553 0.00956 0.05648 0.10357 0.10617 0.00174 0.02213
-0.27505 -0.01824 1.68639 -0.35755 -0.01221 1.67208 -0.00256 -0.00032 -0.01576 -0.00163 -0.00396 -0.01871 0.09747 0.10309 -0.00610 -0.00308
-0.2753 -0.01843 1.68434 -0.35068 -0.01213 1.67085 -0.00025 -0.00019 -0.00205 0.00687 0.00008 -0.00123 0.10015 0.10013 0.00268 -0.00296
-0.2785 -0.01632 1.68261 -0.31056 -0.00466 1.69009 -0.00320 0.00211 -0.00173 0.04012 0.00747 0.01924 0.09517 0.10704 -0.00498 0.00691
-0.27931 -0.01481 1.68381 -0.34852 -0.00892 1.6711 -0.00081 0.00151 0.00120 -0.03796 -0.00426 -0.01899 0.09634 0.10805 0.00117 0.00101
-0.27898 -0.0143 1.68306 -0.34766 -0.01061 1.66793 0.00033 0.00051 -0.00075 0.00086 -0.00169 -0.00317 0.09628 0.10658 -0.00006 -0.00147
-0.27201 -0.01332 1.62997 -0.34028 -0.0089 1.62054 0.00697 0.00098 -0.05309 0.00738 0.00171 -0.04739 0.09090 0.10281 -0.00538 -0.00377
-0.27291 -0.01393 1.62893 -0.33673 -0.00805 1.61923 -0.00090 -0.00061 -0.00104 0.00355 0.00085 -0.00131 0.08455 0.10030 -0.00635 -0.00251
-0.26804 -0.01702 1.56055 -0.29751 -0.01943 1.51586 0.00487 -0.00309 -0.06838 0.03922 -0.01138 -0.10337 0.07526 0.08006 -0.00929 -0.02024
-0.2794 -0.02415 1.64652 -0.29958 -0.03447 1.58695 -0.01136 -0.00713 0.08597 -0.00207 -0.01504 0.07109 0.07655 0.07267 0.00129 -0.00739
-0.30858 -0.03319 1.65875 -0.35088 -0.02794 1.67766 -0.02918 -0.00904 0.01223 -0.05130 0.00653 0.09071 0.05163 0.11384 -0.02492 0.04117
-0.29152 -0.05414 1.62445 -0.34092 -0.04268 1.65439 0.01706 -0.02095 -0.03430 0.00996 -0.01474 -0.02327 0.03528 0.10041 -0.01635 -0.01343
-0.30438 -0.08932 1.73906 -0.34621 -0.08174 1.76881 -0.01286 -0.03518 0.11461 -0.00529 -0.03906 0.11442 0.03994 0.11282 0.00466 0.01241
-0.00397 -0.29223 1.85461 -0.15598 -0.28196 1.80959 0.30041 -0.20291 0.11555 0.19023 -0.20022 0.04078 0.09668 0.11062 0.05674 -0.00220
0.01392 -0.36888 1.8991 -0.19182 -0.36704 1.90987 0.01789 -0.07665 0.04449 -0.03584 -0.08508 0.10028 0.07989 0.13873 -0.01679 0.02811
0.04102 -0.42465 1.81603 -0.16142 -0.42233 1.84716 0.02710 -0.05577 -0.08307 0.03040 -0.05529 -0.06271 0.07838 0.12169 -0.00151 -0.01704
0.09341 -0.53442 1.81542 -0.14413 -0.54009 1.86917 0.05239 -0.10977 -0.00061 0.01729 -0.11776 0.02201 0.06900 0.11344 -0.00938 -0.00825
0.19912 -0.60665 2.00895 -0.1634 -0.57867 1.98779 0.10571 -0.07223 0.19353 -0.01927 -0.03858 0.11862 0.14163 0.14045 0.07263 0.02701
0.20643 -0.60737 2.01649 -0.19437 -0.5756 2.04304 0.00731 -0.00072 0.00754 -0.03097 0.00307 0.05525 0.13887 0.08615 -0.00276 -0.05430
0.20568 -0.60175 1.99314 -0.19366 -0.5722 2.03755 -0.00075 0.00562 -0.02335 0.00071 0.00340 -0.00549 0.13557 0.09700 -0.00330 0.01085
0.20329 -0.60388 1.97958 -0.19533 -0.57236 2.03549 -0.00239 -0.00213 -0.01356 -0.00167 -0.00016 -0.00206 0.13617 0.09817 0.00060 0.00117
0.21641 -0.61056 1.9947 -0.19794 -0.57355 2.03676 0.01312 -0.00668 0.01512 -0.00261 -0.00119 0.00127 0.13674 0.09466 0.00057 -0.00351
0.15274 -0.61779 1.83973 -0.19691 -0.5682 2.0113 -0.06367 -0.00723 -0.15497 0.00103 0.00535 -0.02546 0.12973 0.09609 -0.00701 0.00143
0.19467 -0.62568 1.84932 -0.19814 -0.5717 2.02443 0.04193 -0.00789 0.00959 -0.00123 -0.00350 0.01313 0.12792 0.09486 -0.00181 -0.00123
0.23265 -0.62131 1.85641 -0.19656 -0.56854 2.01195 0.03798 0.00437 0.00709 0.00158 0.00316 -0.01248 0.12826 0.09582 0.00034 0.00096
0.25522 -0.59392 1.79414 -0.18538 -0.53781 1.90326 0.02257 0.02739 -0.06227 0.01118 0.03073 -0.10869 0.09329 0.09010 -0.03497 -0.00572
0.36538 -0.58935 1.87825 -0.18828 -0.55787 1.96561 0.11016 0.00457 0.08411 -0.00290 -0.02006 0.06235 0.09089 0.09479 -0.00240 0.00469
0.42536 -0.59719 1.88533 -0.18788 -0.55464 1.95733 0.05998 -0.00784 0.00708 0.00040 0.00323 -0.00828 0.08824 0.09227 -0.00265 -0.00252
0.49388 -0.64828 1.96031 -0.19157 -0.56506 1.994 0.06852 -0.05109 0.07498 -0.00369 -0.01042 0.03667 0.08140 0.09323 -0.00684 0.00096
0.52611 -0.68585 2.02093 -0.19168 -0.56668 1.99789 0.03223 -0.03757 0.06062 -0.00011 -0.00162 0.00389 0.10982 0.09150 0.02842 -0.00173
0.53931 -0.69497 2.02287 -0.19239 -0.56779 2.00238 0.01320 -0.00912 0.00194 -0.00071 -0.00111 0.00449 0.09429 0.09156 -0.01553 0.00006
0.56535 -0.72272 2.03904 -0.19189 -0.56889 2.00663 0.02604 -0.02775 0.01617 0.00050 -0.00110 0.00425 0.08504 0.09179 -0.00925 0.00023
0.56304 -0.72775 2.03203 -0.18852 -0.57047 1.99473 -0.00231 -0.00503 -0.00701 0.00337 -0.00158 -0.01190 0.07999 0.09358 -0.00505 0.00179
0.55752 -0.73103 2.02872 -0.18829 -0.56968 1.99733 -0.00552 -0.00328 -0.00331 0.00023 0.00079 0.00260 0.08042 0.09464 0.00043 0.00106
0.55431 -0.73448 2.02634 -0.18542 -0.57126 1.99436 -0.00321 -0.00345 -0.00238 0.00287 -0.00158 -0.00297 0.08148 0.09429 0.00106 -0.00035
0.55541 -0.73568 2.02868 -0.18959 -0.56669 2.00671 0.00110 -0.00120 0.00234 -0.00417 0.00457 0.01235 0.07263 0.08792 -0.00885 -0.00637
0.55602 -0.73645 2.02703 -0.18999 -0.56688 2.00789 0.00061 -0.00077 -0.00165 -0.00040 -0.00019 0.00118 0.07352 0.08810 0.00089 0.00018
0.55807 -0.73748 2.02741 -0.19045 -0.56697 2.01174 0.00205 -0.00103 0.00038 -0.00046 -0.00009 0.00385 0.07254 0.08992 -0.00098 0.00182
0.56035 -0.73868 2.0267 -0.19437 -0.56595 2.01899 0.00228 -0.00120 -0.00071 -0.00392 0.00102 0.00725 0.07831 0.08781 0.00577 -0.00211
0.56012 -0.73954 2.02763 -0.18729 -0.57148 2.00846 -0.00023 -0.00086 0.00093 0.00708 -0.00553 -0.01053 0.07731 0.09274 -0.00100 0.00493
0.56184 -0.74021 2.02883 -0.18458 -0.57326 2.00324 0.00172 -0.00067 0.00120 0.00271 -0.00178 -0.00522 0.07918 0.09126 0.00187 -0.00148
0.56312 -0.74099 2.02992 -0.18552 -0.57167 2.00446 0.00128 -0.00078 0.00109 -0.00094 0.00159 0.00122 0.08162 0.09251 0.00244 0.00125
0.56621 -0.74031 2.02804 -0.18326 -0.57387 2.00003 0.00309 0.00068 -0.00188 0.00226 -0.00220 -0.00443 0.08267 0.09170 0.00105 -0.00081
0.56584 -0.74036 2.02815 -0.18288 -0.57468 2.00054 -0.00037 -0.00005 0.00011 0.00038 -0.00081 0.00051 0.08410 0.09421 0.00143 0.00251
0.56562 -0.74047 2.02832 -0.18892 -0.56869 2.01662 -0.00022 -0.00011 0.00017 -0.00604 0.00599 0.01608 0.08340 0.08980 -0.00070 -0.00441
0.56493 -0.73989 2.02775 -0.18521 -0.57173 2.00812 -0.00069 0.00058 -0.00057 0.00371 -0.00304 -0.00850 0.08196 0.09390 -0.00144 0.00410
0.56595 -0.74018 2.0304 -0.18794 -0.57089 2.01336 0.00102 -0.00029 0.00265 -0.00273 0.00084 0.00524 0.08378 0.09273 0.00182 -0.00117
0.56461 -0.74074 2.03146 -0.18898 -0.57028 2.01548 -0.00134 -0.00056 0.00106 -0.00104 0.00061 0.00212 0.08257 0.09535 -0.00121 0.00262
]
