classifier_Car_man_bumps_into_each_other_7466 [ 0.5611 -0.62615 1.66814 -0.40953 -0.64744 1.86186 0.5611 -0.62615 1.66814 -0.40953 -0.64744 1.86186 0.12905 0.04615 0.12905 0.04615
0.56072 -0.62622 1.66776 -0.41201 -0.65423 1.86744 -0.00038 -0.00007 -0.00038 -0.00248 -0.00679 0.00558 0.12801 0.08324 -0.00104 0.03709
0.55999 -0.62706 1.66699 -0.41022 -0.65152 1.86249 -0.00073 -0.00084 -0.00077 0.00179 0.00271 -0.00495 0.12756 0.07244 -0.00045 -0.01080
0.56021 -0.62624 1.66611 -0.41036 -0.65034 1.86351 0.00022 0.00082 -0.00088 -0.00014 0.00118 0.00102 0.12713 0.11461 -0.00043 0.04217
0.56244 -0.62797 1.66018 -0.4108 -0.65178 1.86389 0.00223 -0.00173 -0.00593 -0.00044 -0.00144 0.00038 0.11836 0.06978 -0.00877 -0.04483
0.56309 -0.62951 1.65685 -0.42569 -0.68534 1.89721 0.00065 -0.00154 -0.00333 -0.01489 -0.03356 0.03332 0.14348 0.11745 0.02512 0.04767
0.56359 -0.62807 1.65603 -0.41208 -0.65663 1.86046 0.00050 0.00144 -0.00082 0.01361 0.02871 -0.03675 0.14327 0.06906 -0.00021 -0.04839
0.56357 -0.62943 1.65584 -0.41046 -0.65068 1.85824 -0.00002 -0.00136 -0.00019 0.00162 0.00595 -0.00222 0.14330 0.04800 0.00003 -0.02106
0.563 -0.62963 1.65594 -0.41375 -0.66266 1.8637 -0.00057 -0.00020 0.00010 -0.00329 -0.01198 0.00546 0.12018 0.14582 -0.02312 0.09782
0.56327 -0.62894 1.65388 -0.42683 -0.69187 1.86222 0.00027 0.00069 -0.00206 -0.01308 -0.02921 -0.00148 0.14036 0.11217 0.02018 -0.03365
0.56401 -0.62806 1.65153 -0.43656 -0.72701 1.8102 0.00074 0.00088 -0.00235 -0.00973 -0.03514 -0.05202 0.14008 0.06848 -0.00028 -0.04369
0.56214 -0.62659 1.65007 -0.42509 -0.70457 1.74449 -0.00187 0.00147 -0.00146 0.01147 0.02244 -0.06571 0.14227 0.07210 0.00219 0.00362
0.56357 -0.62388 1.6472 -0.4195 -0.68038 1.70375 0.00143 0.00271 -0.00287 0.00559 0.02419 -0.04074 0.14132 0.08686 -0.00095 0.01476
0.56155 -0.62332 1.64923 -0.41279 -0.64633 1.67372 -0.00202 0.00056 0.00203 0.00671 0.03405 -0.03003 0.08044 0.10165 -0.06088 0.01479
0.55909 -0.61991 1.66796 -0.39577 -0.56597 1.59528 -0.00246 0.00341 0.01873 0.01702 0.08036 -0.07844 0.09178 0.09631 0.01134 -0.00534
0.56018 -0.6244 1.68066 -0.38219 -0.50907 1.57859 0.00109 -0.00449 0.01270 0.01358 0.05690 -0.01669 0.13978 0.10517 0.04800 0.00886
0.56182 -0.62808 1.69583 -0.35418 -0.44584 1.49405 0.00164 -0.00368 0.01517 0.02801 0.06323 -0.08454 0.14447 0.06182 0.00469 -0.04335
0.53223 -0.60048 1.62391 -0.31392 -0.32819 1.40277 -0.02959 0.02760 -0.07192 0.04026 0.11765 -0.09128 0.13594 0.05855 -0.00853 -0.00327
0.51717 -0.59822 1.63449 -0.28297 -0.22657 1.4021 -0.01506 0.00226 0.01058 0.03095 0.10162 -0.00067 0.10471 0.06931 -0.03123 0.01076
0.51404 -0.59618 1.65076 -0.25283 -0.1253 1.43684 -0.00313 0.00204 0.01627 0.03014 0.10127 0.03474 0.11542 0.07618 0.01071 0.00687
0.49951 -0.56918 1.60515 -0.22053 -0.0309 1.43405 -0.01453 0.02700 -0.04561 0.03230 0.09440 -0.00279 0.12802 0.06729 0.01260 -0.00889
0.49848 -0.57465 1.59397 -0.19533 0.05012 1.43813 -0.00103 -0.00547 -0.01118 0.02520 0.08102 0.00408 0.12339 0.09186 -0.00463 0.02457
0.48487 -0.55627 1.60239 -0.17995 0.11583 1.49566 -0.01361 0.01838 0.00842 0.01538 0.06571 0.05753 0.14974 0.08018 0.02635 -0.01168
0.47884 -0.55629 1.57148 -0.15902 0.17194 1.48742 -0.00603 -0.00002 -0.03091 0.02093 0.05611 -0.00824 0.14679 0.07770 -0.00295 -0.00248
0.47017 -0.55899 1.57147 -0.13803 0.24456 1.51283 -0.00867 -0.00270 -0.00001 0.02099 0.07262 0.02541 0.15053 0.08906 0.00374 0.01136
0.47211 -0.56523 1.59058 -0.13664 0.2629 1.53999 0.00194 -0.00624 0.01911 0.00139 0.01834 0.02716 0.15557 0.09430 0.00504 0.00524
0.48596 -0.56402 1.51113 -0.1268 0.25835 1.54704 0.01385 0.00121 -0.07945 0.00984 -0.00455 0.00705 0.10564 0.09352 -0.04993 -0.00078
0.47663 -0.57056 1.57942 -0.11823 0.2431 1.55495 -0.00933 -0.00654 0.06829 0.00857 -0.01525 0.00791 0.09479 0.08593 -0.01085 -0.00759
0.47723 -0.57873 1.59176 -0.11682 0.20301 1.56555 0.00060 -0.00817 0.01234 0.00141 -0.04009 0.01060 0.07533 0.09333 -0.01946 0.00740
0.47747 -0.62854 1.72644 -0.10783 0.17175 1.66031 0.00024 -0.04981 0.13468 0.00899 -0.03126 0.09476 0.10822 0.09146 0.03289 -0.00187
0.46625 -0.61206 1.67388 -0.04631 0.19286 1.65122 -0.01122 0.01648 -0.05256 0.06152 0.02111 -0.00909 0.10415 0.08260 -0.00407 -0.00886
0.49241 -0.64621 1.7611 -0.06214 0.09946 1.70742 0.02616 -0.03415 0.08722 -0.01583 -0.09340 0.05620 0.11125 0.05065 0.00710 -0.03195
0.49445 -0.64401 1.75068 -0.05525 0.0352 1.69272 0.00204 0.00220 -0.01042 0.00689 -0.06426 -0.01470 0.11266 0.04678 0.00141 -0.00387
0.50536 -0.62276 1.68325 -0.05612 -0.07241 1.6378 0.01091 0.02125 -0.06743 -0.00087 -0.10761 -0.05492 0.11209 0.04828 -0.00057 0.00150
0.51018 -0.6231 1.68666 -0.0776 -0.10769 1.62939 0.00482 -0.00034 0.00341 -0.02148 -0.03528 -0.00841 0.11438 0.05040 0.00229 0.00212
0.50479 -0.643 1.7571 -0.09424 -0.09863 1.67012 -0.00539 -0.01990 0.07044 -0.01664 0.00906 0.04073 0.11414 0.04990 -0.00024 -0.00050
0.50674 -0.63943 1.7471 -0.11922 -0.0757 1.66555 0.00195 0.00357 -0.01000 -0.02498 0.02293 -0.00457 0.11205 0.05289 -0.00209 0.00299
0.49629 -0.62394 1.7019 -0.19848 0.06073 1.58971 -0.01045 0.01549 -0.04520 -0.07926 0.13643 -0.07584 0.10816 0.11202 -0.00389 0.05913
0.48368 -0.63442 1.73698 -0.22423 0.01505 1.5896 -0.01261 -0.01048 0.03508 -0.02575 -0.04568 -0.00011 0.11347 0.06807 0.00531 -0.04395
0.49482 -0.62241 1.71345 -0.24398 0.01454 1.56324 0.01114 0.01201 -0.02353 -0.01975 -0.00051 -0.02636 0.11456 0.06869 0.00109 0.00062
0.47684 -0.63562 1.74402 -0.26593 0.00545 1.53743 -0.01798 -0.01321 0.03057 -0.02195 -0.00909 -0.02581 0.11157 0.06637 -0.00299 -0.00232
0.47292 -0.61747 1.6908 -0.28153 -0.00537 1.49778 -0.00392 0.01815 -0.05322 -0.01560 -0.01082 -0.03965 0.13414 0.06471 0.02257 -0.00166
0.4557 -0.59948 1.65314 -0.28911 -0.01567 1.46391 -0.01722 0.01799 -0.03766 -0.00758 -0.01030 -0.03387 0.12231 0.07144 -0.01183 0.00673
0.43488 -0.58514 1.63327 -0.29128 -0.01962 1.45047 -0.02082 0.01434 -0.01987 -0.00217 -0.00395 -0.01344 0.12920 0.07304 0.00689 0.00160
0.41306 -0.54962 1.54632 -0.27831 -0.02235 1.39361 -0.02182 0.03552 -0.08695 0.01297 -0.00273 -0.05686 0.10573 0.05999 -0.02347 -0.01305
0.40223 -0.52087 1.53037 -0.27471 -0.02423 1.38733 -0.01083 0.02875 -0.01595 0.00360 -0.00188 -0.00628 0.09813 0.05831 -0.00760 -0.00168
0.38569 -0.54048 1.42909 -0.26812 -0.02549 1.37022 -0.01654 -0.01961 -0.10128 0.00659 -0.00126 -0.01711 0.09794 0.05949 -0.00019 0.00118
0.38918 -0.45301 1.48696 -0.26966 -0.02539 1.38755 0.00349 0.08747 0.05787 -0.00154 0.00010 0.01733 0.07117 0.05892 -0.02677 -0.00057
0.37896 -0.42596 1.47472 -0.27052 -0.02523 1.39623 -0.01022 0.02705 -0.01224 -0.00086 0.00016 0.00868 0.05581 0.05857 -0.01536 -0.00035
0.38183 -0.37388 1.53315 -0.28595 -0.02504 1.48199 0.00287 0.05208 0.05843 -0.01543 0.00019 0.08576 0.05222 0.06147 -0.00359 0.00290
0.34592 -0.25605 1.40204 -0.26516 -0.02102 1.38073 -0.03591 0.11783 -0.13111 0.02079 0.00402 -0.10126 0.04114 0.05871 -0.01108 -0.00276
0.34275 -0.21353 1.41087 -0.26799 -0.02071 1.40234 -0.00317 0.04252 0.00883 -0.00283 0.00031 0.02161 0.04494 0.05907 0.00380 0.00036
0.32903 -0.15717 1.39375 -0.26552 -0.01939 1.3976 -0.01372 0.05636 -0.01712 0.00247 0.00132 -0.00474 0.04169 0.05779 -0.00325 -0.00128
0.32141 -0.10501 1.41553 -0.27015 -0.02084 1.42796 -0.00762 0.05216 0.02178 -0.00463 -0.00145 0.03036 0.04805 0.06115 0.00636 0.00336
0.30652 -0.04561 1.46535 -0.27723 -0.01964 1.48169 -0.01489 0.05940 0.04982 -0.00708 0.00120 0.05373 0.05602 0.06130 0.00797 0.00015
0.26422 0.01238 1.42064 -0.26483 -0.02152 1.42972 -0.04230 0.05799 -0.04471 0.01240 -0.00188 -0.05197 0.05632 0.06193 0.00030 0.00063
0.24051 0.05694 1.49192 -0.26983 -0.02157 1.47555 -0.02371 0.04456 0.07128 -0.00500 -0.00005 0.04583 0.05960 0.06153 0.00328 -0.00040
0.20723 0.0842 1.44866 -0.25631 -0.02158 1.41148 -0.03328 0.02726 -0.04326 0.01352 -0.00001 -0.06407 0.06648 0.06003 0.00688 -0.00150
0.18867 0.10554 1.45113 -0.25195 -0.02089 1.4003 -0.01856 0.02134 0.00247 0.00436 0.00069 -0.01118 0.07049 0.05959 0.00401 -0.00044
0.17259 0.12191 1.44575 -0.24874 -0.01876 1.38931 -0.01608 0.01637 -0.00538 0.00321 0.00213 -0.01099 0.06742 0.05901 -0.00307 -0.00058
0.17917 0.13503 1.52249 -0.26137 -0.01809 1.46312 0.00658 0.01312 0.07674 -0.01263 0.00067 0.07381 0.07124 0.06443 0.00382 0.00542
0.18437 0.13159 1.51605 -0.26238 -0.01555 1.46273 0.00520 -0.00344 -0.00644 -0.00101 0.00254 -0.00039 0.07213 0.06475 0.00089 0.00032
0.2024 0.12322 1.55212 -0.27398 -0.01296 1.50925 0.01803 -0.00837 0.03607 -0.01160 0.00259 0.04652 0.06589 0.06007 -0.00624 -0.00468
0.21822 0.09228 1.48934 -0.26852 -0.01326 1.46984 0.01582 -0.03094 -0.06278 0.00546 -0.00030 -0.03941 0.05529 0.06115 -0.01060 0.00108
0.2634 -0.06573 1.36208 -0.26326 -0.01312 1.3968 0.04518 -0.15801 -0.12726 0.00526 0.00014 -0.07304 0.03825 0.05928 -0.01704 -0.00187
0.26843 -0.09844 1.36698 -0.266 -0.01355 1.39897 0.00503 -0.03271 0.00490 -0.00274 -0.00043 0.00217 0.04713 0.05795 0.00888 -0.00133
0.28844 -0.10973 1.45023 -0.28327 -0.01466 1.48616 0.02001 -0.01129 0.08325 -0.01727 -0.00111 0.08719 0.04964 0.06157 0.00251 0.00362
0.289 -0.08766 1.44047 -0.28092 -0.01488 1.47336 0.00056 0.02207 -0.00976 0.00235 -0.00022 -0.01280 0.04767 0.06198 -0.00197 0.00041
0.27628 0.00332 1.45448 -0.27831 -0.01319 1.46873 -0.01272 0.09098 0.01401 0.00261 0.00169 -0.00463 0.05917 0.06177 0.01150 -0.00021
0.26119 0.04667 1.46779 -0.27473 -0.01427 1.46107 -0.01509 0.04335 0.01331 0.00358 -0.00108 -0.00766 0.06973 0.06139 0.01056 -0.00038
0.24515 0.08544 1.49872 -0.27612 -0.01444 1.48035 -0.01604 0.03877 0.03093 -0.00139 -0.00017 0.01928 0.07233 0.06244 0.00260 0.00105
0.2249 0.1121 1.50713 -0.27349 -0.01449 1.47865 -0.02025 0.02666 0.00841 0.00263 -0.00005 -0.00170 0.07446 0.06140 0.00213 -0.00104
0.20558 0.12796 1.50966 -0.27066 -0.01608 1.47277 -0.01932 0.01586 0.00253 0.00283 -0.00159 -0.00588 0.07761 0.06319 0.00315 0.00179
0.19226 0.13886 1.51557 -0.26842 -0.01647 1.47799 -0.01332 0.01090 0.00591 0.00224 -0.00039 0.00522 0.07288 0.06259 -0.00473 -0.00060
0.18828 0.13864 1.51428 -0.26617 -0.01796 1.47577 -0.00398 -0.00022 -0.00129 0.00225 -0.00149 -0.00222 0.07371 0.06371 0.00083 0.00112
0.19771 0.13281 1.53063 -0.27031 -0.01865 1.50145 0.00943 -0.00583 0.01635 -0.00414 -0.00069 0.02568 0.07160 0.06281 -0.00211 -0.00090
0.23461 0.08633 1.48287 -0.27122 -0.01947 1.48837 0.03690 -0.04648 -0.04776 -0.00091 -0.00082 -0.01308 0.05971 0.06203 -0.01189 -0.00078
0.25303 0.04456 1.41821 -0.26484 -0.01965 1.44833 0.01842 -0.04177 -0.06466 0.00638 -0.00018 -0.04004 0.05336 0.06084 -0.00635 -0.00119
0.28194 -0.00013 1.41485 -0.27173 -0.02082 1.47198 0.02891 -0.04469 -0.00336 -0.00689 -0.00117 0.02365 0.04717 0.06193 -0.00619 0.00109
0.29023 -0.04152 1.37907 -0.26916 -0.01957 1.45134 0.00829 -0.04139 -0.03578 0.00257 0.00125 -0.02064 0.04447 0.06155 -0.00270 -0.00038
0.29561 -0.07045 1.37564 -0.27024 -0.02129 1.45261 0.00538 -0.02893 -0.00343 -0.00108 -0.00172 0.00127 0.04663 0.06260 0.00216 0.00105
0.29067 -0.07925 1.35405 -0.26771 -0.02039 1.42947 -0.00494 -0.00880 -0.02159 0.00253 0.00090 -0.02314 0.04657 0.06200 -0.00006 -0.00060
0.28754 -0.07473 1.35632 -0.26938 -0.0177 1.42822 -0.00313 0.00452 0.00227 -0.00167 0.00269 -0.00125 0.04503 0.05919 -0.00154 -0.00281
0.28559 -0.06029 1.37523 -0.27363 -0.01815 1.44049 -0.00195 0.01444 0.01891 -0.00425 -0.00045 0.01227 0.05036 0.05928 0.00533 0.00009
0.2891 -0.04043 1.38715 -0.27406 -0.01784 1.44149 0.00351 0.01986 0.01192 -0.00043 0.00031 0.00100 0.06752 0.06097 0.01716 0.00169
0.28988 -0.01518 1.40637 -0.27545 -0.0171 1.44979 0.00078 0.02525 0.01922 -0.00139 0.00074 0.00830 0.07305 0.06200 0.00553 0.00103
0.29597 0.00586 1.44199 -0.27892 -0.01625 1.47065 0.00609 0.02104 0.03562 -0.00347 0.00085 0.02086 0.07881 0.06406 0.00576 0.00206
0.29809 0.02749 1.45544 -0.27799 -0.01339 1.4739 0.00212 0.02163 0.01345 0.00093 0.00286 0.00325 0.09313 0.06403 0.01432 -0.00003
0.29695 0.04597 1.46812 -0.27737 -0.01485 1.4775 -0.00114 0.01848 0.01268 0.00062 -0.00146 0.00360 0.09150 0.06305 -0.00163 -0.00098
0.2866 0.0671 1.47639 -0.27499 -0.01615 1.47462 -0.01035 0.02113 0.00827 0.00238 -0.00130 -0.00288 0.10429 0.06320 0.01279 0.00015
0.28051 0.05808 1.46568 -0.27525 -0.016 1.47287 -0.00609 -0.00902 -0.01071 -0.00026 0.00015 -0.00175 0.11806 0.06398 0.01377 0.00078
0.27777 0.03752 1.45257 -0.27675 -0.01621 1.47704 -0.00274 -0.02056 -0.01311 -0.00150 -0.00021 0.00417 0.13041 0.06406 0.01235 0.00008
0.27598 0.01752 1.43486 -0.27778 -0.0171 1.47767 -0.00179 -0.02000 -0.01771 -0.00103 -0.00089 0.00063 0.12965 0.06254 -0.00076 -0.00152
0.27607 0.00322 1.41706 -0.27755 -0.01754 1.47151 0.00009 -0.01430 -0.01780 0.00023 -0.00044 -0.00616 0.12817 0.06239 -0.00148 -0.00015
0.27739 -0.00348 1.41604 -0.27846 -0.01895 1.47445 0.00132 -0.00670 -0.00102 -0.00091 -0.00141 0.00294 0.12561 0.06272 -0.00256 0.00033
0.27738 -0.00416 1.41362 -0.27846 -0.01878 1.47258 -0.00001 -0.00068 -0.00242 0.00000 0.00017 -0.00187 0.12197 0.06035 -0.00364 -0.00237
0.27833 -0.00331 1.41911 -0.28013 -0.01818 1.47751 0.00095 0.00085 0.00549 -0.00167 0.00060 0.00493 0.12741 0.06207 0.00544 0.00172
0.27828 -0.00047 1.41967 -0.28028 -0.01944 1.47663 -0.00005 0.00284 0.00056 -0.00015 -0.00126 -0.00088 0.12842 0.06390 0.00101 0.00183
0.27706 0.00228 1.41814 -0.28002 -0.01887 1.474 -0.00122 0.00275 -0.00153 0.00026 0.00057 -0.00263 0.12681 0.06231 -0.00161 -0.00159
0.27748 0.00369 1.41919 -0.28065 -0.01802 1.47559 0.00042 0.00141 0.00105 -0.00063 0.00085 0.00159 0.12717 0.06137 0.00036 -0.00094
0.27696 0.00338 1.41918 -0.27972 -0.01776 1.47647 -0.00052 -0.00031 -0.00001 0.00093 0.00026 0.00088 0.12737 0.06201 0.00020 0.00064
0.2735 0.00141 1.41141 -0.27601 -0.01584 1.47525 -0.00346 -0.00197 -0.00777 0.00371 0.00192 -0.00122 0.13159 0.06356 0.00422 0.00155
0.26685 -0.00051 1.40719 -0.26967 -0.01578 1.47081 -0.00665 -0.00192 -0.00422 0.00634 0.00006 -0.00444 0.12577 0.06289 -0.00582 -0.00067
0.26329 -0.0026 1.42249 -0.26776 -0.01609 1.48671 -0.00356 -0.00209 0.01530 0.00191 -0.00031 0.01590 0.12868 0.06361 0.00291 0.00072
0.239 -0.00036 1.38788 -0.25166 -0.01254 1.45575 -0.02429 0.00224 -0.03461 0.01610 0.00355 -0.03096 0.12757 0.06357 -0.00111 -0.00004
0.17793 0.00038 1.36776 -0.21049 -0.00551 1.44015 -0.06107 0.00074 -0.02012 0.04117 0.00703 -0.01560 0.12548 0.06077 -0.00209 -0.00280
0.15323 -0.00484 1.49593 -0.19401 0.00045 1.57316 -0.02470 -0.00522 0.12817 0.01648 0.00596 0.13301 0.14970 0.06967 0.02422 0.00890
0.10113 -0.00941 1.48886 -0.14506 0.01206 1.55041 -0.05210 -0.00457 -0.00707 0.04895 0.01161 -0.02275 0.13770 0.11551 -0.01200 0.04584
-0.0404 0.03173 1.41938 -0.00656 0.01037 1.42066 -0.14153 0.04114 -0.06948 0.13850 -0.00169 -0.12975 0.07538 0.06021 -0.06232 -0.05530
-0.03015 0.03299 1.43396 -0.03677 0.02605 1.43749 0.01025 0.00126 0.01458 -0.03021 0.01568 0.01683 0.12163 0.09740 0.04625 0.03719
-0.0118 0.04957 1.41149 -0.03097 0.04857 1.41772 0.01835 0.01658 -0.02247 0.00580 0.02252 -0.01977 0.09601 0.09270 -0.02562 -0.00470
-0.00102 0.08772 1.36057 -0.00757 0.08524 1.36394 0.01078 0.03815 -0.05092 0.02340 0.03667 -0.05378 0.12262 0.09373 0.02661 0.00103
0.00949 0.11355 1.28848 -0.00586 0.12648 1.29428 0.01051 0.02583 -0.07209 0.00171 0.04124 -0.06966 0.11498 0.08579 -0.00764 -0.00794
0.03049 0.14169 1.33345 0.02732 0.15466 1.33354 0.02100 0.02814 0.04497 0.03318 0.02818 0.03926 0.12150 0.09062 0.00652 0.00483
0.0835 0.15678 1.35587 -0.12898 0.17446 1.42532 0.05301 0.01509 0.02242 -0.15630 0.01980 0.09178 0.13247 0.14407 0.01097 0.05345
0.11485 0.18639 1.42474 -0.17164 0.18616 1.49905 0.03135 0.02961 0.06887 -0.04266 0.01170 0.07373 0.13729 0.14609 0.00482 0.00202
0.22246 0.20904 1.47942 -0.27515 0.17535 1.56686 0.10761 0.02265 0.05468 -0.10351 -0.01081 0.06781 0.13206 0.07123 -0.00523 -0.07486
0.23562 0.19087 1.39859 -0.28484 0.15807 1.48484 0.01316 -0.01817 -0.08083 -0.00969 -0.01728 -0.08202 0.11640 0.06216 -0.01566 -0.00907
0.26938 0.17445 1.41086 -0.31032 0.13676 1.49645 0.03376 -0.01642 0.01227 -0.02548 -0.02131 0.01161 0.11780 0.06465 0.00140 0.00249
0.29345 0.15295 1.41159 -0.32761 0.11668 1.49754 0.02407 -0.02150 0.00073 -0.01729 -0.02008 0.00109 0.11588 0.06205 -0.00192 -0.00260
0.31586 0.12446 1.41536 -0.34204 0.09747 1.50265 0.02241 -0.02849 0.00377 -0.01443 -0.01921 0.00511 0.11808 0.11175 0.00220 0.04970
0.32921 0.10041 1.41917 -0.35029 0.07443 1.50725 0.01335 -0.02405 0.00381 -0.00825 -0.02304 0.00460 0.11577 0.11382 -0.00231 0.00207
0.33987 0.05755 1.41301 -0.35235 0.02974 1.49501 0.01066 -0.04286 -0.00616 -0.00206 -0.04469 -0.01224 0.11746 0.11081 0.00169 -0.00301
0.34294 0.04579 1.42087 -0.35243 0.01033 1.50031 0.00307 -0.01176 0.00786 -0.00008 -0.01941 0.00530 0.11335 0.11824 -0.00411 0.00743
0.34483 0.03527 1.42684 -0.35194 -0.0088 1.50047 0.00189 -0.01052 0.00597 0.00049 -0.01913 0.00016 0.11219 0.11919 -0.00116 0.00095
0.34626 0.02972 1.43518 -0.35432 -0.02999 1.50713 0.00143 -0.00555 0.00834 -0.00238 -0.02119 0.00666 0.10460 0.11863 -0.00759 -0.00056
0.35592 0.02263 1.45646 -0.36122 -0.05391 1.5256 0.00966 -0.00709 0.02128 -0.00690 -0.02392 0.01847 0.09891 0.09716 -0.00569 -0.02147
0.35237 -0.01237 1.36895 -0.35057 -0.10519 1.43001 -0.00355 -0.03500 -0.08751 0.01065 -0.05128 -0.09559 0.07176 0.05701 -0.02715 -0.04015
0.37405 -0.04007 1.39428 -0.36417 -0.14034 1.44569 0.02168 -0.02770 0.02533 -0.01360 -0.03515 0.01568 0.07570 0.05624 0.00394 -0.00077
0.43201 -0.13425 1.48166 -0.4092 -0.24317 1.5137 0.05796 -0.09418 0.08738 -0.04503 -0.10283 0.06801 0.05390 0.05296 -0.02180 -0.00328
0.45634 -0.19214 1.48951 -0.4248 -0.30024 1.50826 0.02433 -0.05789 0.00785 -0.01560 -0.05707 -0.00544 0.05487 0.04433 0.00097 -0.00863
0.48069 -0.24893 1.48226 -0.43756 -0.36397 1.50549 0.02435 -0.05679 -0.00725 -0.01276 -0.06373 -0.00277 0.06362 0.06409 0.00875 0.01976
0.502 -0.29756 1.45831 -0.43699 -0.42492 1.48556 0.02131 -0.04863 -0.02395 0.00057 -0.06095 -0.01993 0.06273 0.05933 -0.00089 -0.00476
0.55081 -0.38528 1.52688 -0.45394 -0.55255 1.56706 0.04881 -0.08772 0.06857 -0.01695 -0.12763 0.08150 0.07823 0.05828 0.01550 -0.00105
0.56209 -0.41463 1.53445 -0.45749 -0.58297 1.61602 0.01128 -0.02935 0.00757 -0.00355 -0.03042 0.04896 0.09659 0.08962 0.01836 0.03134
0.58184 -0.4591 1.66234 -0.47668 -0.64971 1.71897 0.01975 -0.04447 0.12789 -0.01919 -0.06674 0.10295 0.13915 0.09289 0.04256 0.00327
0.60711 -0.59686 1.66605 -0.46111 -0.72046 1.78849 0.02527 -0.13776 0.00371 0.01557 -0.07075 0.06952 0.07956 0.09716 -0.05959 0.00427
0.59604 -0.59224 1.64107 -0.45161 -0.71012 1.78916 -0.01107 0.00462 -0.02498 0.00950 0.01034 0.00067 0.11385 0.09459 0.03429 -0.00257
0.59977 -0.60538 1.64436 -0.44959 -0.7092 1.84536 0.00373 -0.01314 0.00329 0.00202 0.00092 0.05620 0.14573 0.10236 0.03188 0.00777
0.58307 -0.6002 1.62361 -0.44428 -0.71147 1.83227 -0.01670 0.00518 -0.02075 0.00531 -0.00227 -0.01309 0.10911 0.07793 -0.03662 -0.02443
0.58271 -0.60228 1.61978 -0.44872 -0.73102 1.84248 -0.00036 -0.00208 -0.00383 -0.00444 -0.01955 0.01021 0.14057 0.08591 0.03146 0.00798
0.58039 -0.61068 1.62656 -0.43821 -0.70986 1.84682 -0.00232 -0.00840 0.00678 0.01051 0.02116 0.00434 0.12884 0.08864 -0.01173 0.00273
0.57785 -0.61342 1.6301 -0.43326 -0.70009 1.83319 -0.00254 -0.00274 0.00354 0.00495 0.00977 -0.01363 0.13054 0.07761 0.00170 -0.01103
0.57861 -0.61421 1.63413 -0.41848 -0.66634 1.82302 0.00076 -0.00079 0.00403 0.01478 0.03375 -0.01017 0.11108 0.11024 -0.01946 0.03263
0.58122 -0.61859 1.64187 -0.44119 -0.72928 1.828 0.00261 -0.00438 0.00774 -0.02271 -0.06294 0.00498 0.12997 0.06098 0.01889 -0.04926
0.57772 -0.62086 1.64505 -0.43885 -0.72545 1.81937 -0.00350 -0.00227 0.00318 0.00234 0.00383 -0.00863 0.10918 0.05927 -0.02079 -0.00171
0.58015 -0.62198 1.64653 -0.43538 -0.72123 1.80977 0.00243 -0.00112 0.00148 0.00347 0.00422 -0.00960 0.11126 0.05800 0.00208 -0.00127
0.57702 -0.62249 1.65045 -0.43448 -0.7227 1.80322 -0.00313 -0.00051 0.00392 0.00090 -0.00147 -0.00655 0.10668 0.05749 -0.00458 -0.00051
0.57907 -0.62361 1.65125 -0.43182 -0.71671 1.80552 0.00205 -0.00112 0.00080 0.00266 0.00599 0.00230 0.13481 0.06202 0.02813 0.00453
0.57799 -0.6248 1.65443 -0.43248 -0.71918 1.81092 -0.00108 -0.00119 0.00318 -0.00066 -0.00247 0.00540 0.13454 0.06016 -0.00027 -0.00186
0.57982 -0.6248 1.65381 -0.43288 -0.72048 1.81467 0.00183 0.00000 -0.00062 -0.00040 -0.00130 0.00375 0.11106 0.05874 -0.02348 -0.00142
0.57512 -0.62599 1.65587 -0.43349 -0.72104 1.82528 -0.00470 -0.00119 0.00206 -0.00061 -0.00056 0.01061 0.11049 0.06478 -0.00057 0.00604
0.58173 -0.62414 1.65291 -0.43715 -0.72739 1.83596 0.00661 0.00185 -0.00296 -0.00366 -0.00635 0.01068 0.11150 0.06592 0.00101 0.00114
0.58084 -0.62426 1.65136 -0.41871 -0.67803 1.82419 -0.00089 -0.00012 -0.00155 0.01844 0.04936 -0.01177 0.11356 0.06351 0.00206 -0.00241
0.57873 -0.62525 1.65368 -0.43062 -0.70565 1.84352 -0.00211 -0.00099 0.00232 -0.01191 -0.02762 0.01933 0.13475 0.08317 0.02119 0.01966
0.57949 -0.6247 1.65225 -0.43108 -0.70638 1.84701 0.00076 0.00055 -0.00143 -0.00046 -0.00073 0.00349 0.11058 0.08419 -0.02417 0.00102
0.58081 -0.62446 1.65059 -0.43522 -0.71306 1.85641 0.00132 0.00024 -0.00166 -0.00414 -0.00668 0.00940 0.13107 0.07817 0.02049 -0.00602
0.58477 -0.62354 1.65067 -0.43591 -0.71154 1.85997 0.00396 0.00092 0.00008 -0.00069 0.00152 0.00356 0.12987 0.08352 -0.00120 0.00535
0.57835 -0.62506 1.65455 -0.44376 -0.7326 1.86521 -0.00642 -0.00152 0.00388 -0.00785 -0.02106 0.00524 0.11611 0.06613 -0.01376 -0.01739
]
