classifier_Monkey_goes_to_fence_21504 [ 0.53515 -0.61283 1.60925 -0.38605 -0.59025 1.84174 0.53515 -0.61283 1.60925 -0.38605 -0.59025 1.84174 0.13567 0.07554 0.13567 0.07554
0.53645 -0.61379 1.61129 -0.38799 -0.59474 1.83843 0.00130 -0.00096 0.00204 -0.00194 -0.00449 -0.00331 0.14056 0.09859 0.00489 0.02305
0.53844 -0.61776 1.62066 -0.43672 -0.72116 1.84052 0.00199 -0.00397 0.00937 -0.04873 -0.12642 0.00209 0.13848 0.06962 -0.00208 -0.02897
0.54057 -0.61638 1.62253 -0.43393 -0.72085 1.77369 0.00213 0.00138 0.00187 0.00279 0.00031 -0.06683 0.14032 0.09347 0.00184 0.02385
0.5406 -0.61244 1.6219 -0.43197 -0.70163 1.72836 0.00003 0.00394 -0.00063 0.00196 0.01922 -0.04533 0.13717 0.09526 -0.00315 0.00179
0.53834 -0.61298 1.63284 -0.43439 -0.67337 1.69569 -0.00226 -0.00054 0.01094 -0.00242 0.02826 -0.03267 0.14819 0.09744 0.01102 0.00218
0.51646 -0.58359 1.65118 -0.44787 -0.63777 1.66591 -0.02188 0.02939 0.01834 -0.01348 0.03560 -0.02978 0.11139 0.10365 -0.03680 0.00621
0.45794 -0.41832 1.47309 -0.41864 -0.51549 1.46463 -0.05852 0.16527 -0.17809 0.02923 0.12228 -0.20128 0.10560 0.06764 -0.00579 -0.03601
0.44459 -0.39596 1.54362 -0.42475 -0.45254 1.56322 -0.01335 0.02236 0.07053 -0.00611 0.06295 0.09859 0.12036 0.08768 0.01476 0.02004
0.39888 -0.33118 1.51408 -0.40013 -0.36822 1.56272 -0.04571 0.06478 -0.02954 0.02462 0.08432 -0.00050 0.10958 0.07407 -0.01078 -0.01361
0.29294 -0.23239 1.47295 -0.33033 -0.21762 1.52765 -0.10594 0.09879 -0.04113 0.06980 0.15060 -0.03507 0.12303 0.07375 0.01345 -0.00032
0.23408 -0.17456 1.38636 -0.27577 -0.14912 1.42867 -0.05886 0.05783 -0.08659 0.05456 0.06850 -0.09898 0.10657 0.09763 -0.01646 0.02388
0.20899 -0.14503 1.43332 -0.24511 -0.11145 1.46992 -0.02509 0.02953 0.04696 0.03066 0.03767 0.04125 0.11639 0.10595 0.00982 0.00832
0.09221 -0.06491 1.50344 -0.16623 -0.04556 1.51658 -0.11678 0.08012 0.07012 0.07888 0.06589 0.04666 0.13918 0.11388 0.02279 0.00793
-0.06072 -0.03433 1.35063 0.05804 -0.04425 1.35529 -0.15293 0.03058 -0.15281 0.22427 0.00131 -0.16129 0.09378 0.09957 -0.04540 -0.01431
-0.10531 -0.02753 1.33469 0.04538 -0.03829 1.33478 -0.04459 0.00680 -0.01594 -0.01266 0.00596 -0.02051 0.10175 0.10257 0.00797 0.00300
-0.11374 -0.02068 1.32286 0.02384 -0.0245 1.31938 -0.00843 0.00685 -0.01183 -0.02154 0.01379 -0.01540 0.10019 0.09930 -0.00156 -0.00327
-0.07409 -0.01573 1.36234 -0.14691 -0.01996 1.36511 0.03965 0.00495 0.03948 -0.17075 0.00454 0.04573 0.10306 0.06393 0.00287 -0.03537
0.01702 -0.01428 1.41426 -0.13435 -0.00906 1.42092 0.09111 0.00145 0.05192 0.01256 0.01090 0.05581 0.11608 0.07616 0.01302 0.01223
0.01338 -0.01246 1.37584 -0.1365 0.00552 1.3839 -0.00364 0.00182 -0.03842 -0.00215 0.01458 -0.03702 0.12660 0.13109 0.01052 0.05493
0.11549 -0.00789 1.39837 -0.21215 -0.00214 1.41543 0.10211 0.00457 0.02253 -0.07565 -0.00766 0.03153 0.11318 0.13199 -0.01342 0.00090
0.16649 -0.00474 1.39841 -0.24631 0.00079 1.41787 0.05100 0.00315 0.00004 -0.03416 0.00293 0.00244 0.11712 0.12241 0.00394 -0.00958
0.20885 -0.00566 1.36884 -0.28631 -0.00018 1.39453 0.04236 -0.00092 -0.02957 -0.04000 -0.00097 -0.02334 0.11808 0.12242 0.00096 0.00001
0.25451 -0.00961 1.38183 -0.32102 -0.00431 1.41362 0.04566 -0.00395 0.01299 -0.03471 -0.00413 0.01909 0.11994 0.12248 0.00186 0.00006
0.28669 -0.01295 1.39869 -0.34707 -0.01269 1.43567 0.03218 -0.00334 0.01686 -0.02605 -0.00838 0.02205 0.12533 0.12392 0.00539 0.00144
0.30145 -0.01545 1.39498 -0.35721 -0.01691 1.43211 0.01476 -0.00250 -0.00371 -0.01014 -0.00422 -0.00356 0.12147 0.12371 -0.00386 -0.00021
0.29411 -0.02482 1.35162 -0.34587 -0.02097 1.37741 -0.00734 -0.00937 -0.04336 0.01134 -0.00406 -0.05470 0.11285 0.11863 -0.00862 -0.00508
0.29049 -0.03178 1.36085 -0.34644 -0.021 1.38268 -0.00362 -0.00696 0.00923 -0.00057 -0.00003 0.00527 0.10229 0.12784 -0.01056 0.00921
0.28231 -0.04467 1.35975 -0.3371 -0.0003 1.39322 -0.00818 -0.01289 -0.00110 0.00934 0.02070 0.01054 0.08703 0.13375 -0.01526 0.00591
0.28344 -0.0566 1.39533 -0.34157 0.0115 1.44353 0.00113 -0.01193 0.03558 -0.00447 0.01180 0.05031 0.07836 0.13703 -0.00867 0.00328
0.28365 -0.07302 1.42514 -0.34122 0.0228 1.46076 0.00021 -0.01642 0.02981 0.00035 0.01130 0.01723 0.06299 0.13710 -0.01537 0.00007
0.27061 -0.09254 1.38423 -0.32484 0.03197 1.39395 -0.01304 -0.01952 -0.04091 0.01638 0.00917 -0.06681 0.05095 0.12326 -0.01204 -0.01384
0.27304 -0.12404 1.40333 -0.32265 0.03199 1.39163 0.00243 -0.03150 0.01910 0.00219 0.00002 -0.00232 0.04726 0.12742 -0.00369 0.00416
0.26492 -0.15439 1.36717 -0.30846 0.02481 1.33912 -0.00812 -0.03035 -0.03616 0.01419 -0.00718 -0.05251 0.04147 0.12356 -0.00579 -0.00386
0.26795 -0.19853 1.40682 -0.31095 0.00823 1.35351 0.00303 -0.04414 0.03965 -0.00249 -0.01658 0.01439 0.04132 0.14209 -0.00015 0.01853
0.26216 -0.2429 1.39688 -0.30515 -0.0231 1.3174 -0.00579 -0.04437 -0.00994 0.00580 -0.03133 -0.03611 0.04456 0.13979 0.00324 -0.00230
0.25742 -0.28837 1.40295 -0.30464 -0.05449 1.28571 -0.00474 -0.04547 0.00607 0.00051 -0.03139 -0.03169 0.04103 0.14082 -0.00353 0.00103
0.24085 -0.32984 1.38837 -0.2992 -0.07727 1.23052 -0.01657 -0.04147 -0.01458 0.00544 -0.02278 -0.05519 0.04684 0.12601 0.00581 -0.01481
0.23706 -0.37395 1.44373 -0.30659 -0.08735 1.2513 -0.00379 -0.04411 0.05536 -0.00739 -0.01008 0.02078 0.05399 0.11932 0.00715 -0.00669
0.24611 -0.40577 1.51511 -0.31809 -0.09687 1.29676 0.00905 -0.03182 0.07138 -0.01150 -0.00952 0.04546 0.05801 0.12411 0.00402 0.00479
0.23991 -0.39058 1.45288 -0.30123 -0.0902 1.23726 -0.00620 0.01519 -0.06223 0.01686 0.00667 -0.05950 0.04991 0.11935 -0.00810 -0.00476
0.19111 -0.40743 1.39842 -0.29458 -0.08514 1.21377 -0.04880 -0.01685 -0.05446 0.00665 0.00506 -0.02349 0.13036 0.11600 0.08045 -0.00335
0.16309 -0.43318 1.42869 -0.30008 -0.08557 1.23965 -0.02802 -0.02575 0.03027 -0.00550 -0.00043 0.02588 0.12587 0.12075 -0.00449 0.00475
0.16582 -0.44234 1.45786 -0.30418 -0.08103 1.27136 0.00273 -0.00916 0.02917 -0.00410 0.00454 0.03171 0.12739 0.12521 0.00152 0.00446
0.16064 -0.43192 1.42177 -0.29773 -0.07869 1.23605 -0.00518 0.01042 -0.03609 0.00645 0.00234 -0.03531 0.12323 0.12303 -0.00416 -0.00218
0.19525 -0.40455 1.44009 -0.2975 -0.07799 1.23977 0.03461 0.02737 0.01832 0.00023 0.00070 0.00372 0.10922 0.12239 -0.01401 -0.00064
0.19126 -0.42243 1.47797 -0.30501 -0.07661 1.27343 -0.00399 -0.01788 0.03788 -0.00751 0.00138 0.03366 0.10474 0.12381 -0.00448 0.00142
0.19355 -0.38396 1.40558 -0.2894 -0.07165 1.21903 0.00229 0.03847 -0.07239 0.01561 0.00496 -0.05440 0.11626 0.11645 0.01152 -0.00736
0.19956 -0.37637 1.40523 -0.28841 -0.0708 1.22298 0.00601 0.00759 -0.00035 0.00099 0.00085 0.00395 0.11558 0.12221 -0.00068 0.00576
0.20617 -0.37446 1.43195 -0.29514 -0.07263 1.24505 0.00661 0.00191 0.02672 -0.00673 -0.00183 0.02207 0.11685 0.12174 0.00127 -0.00047
0.23445 -0.34131 1.42179 -0.29443 -0.07398 1.24649 0.02828 0.03315 -0.01016 0.00071 -0.00135 0.00144 0.13995 0.12510 0.02310 0.00336
0.27993 -0.28194 1.37297 -0.29393 -0.07212 1.24738 0.04548 0.05937 -0.04882 0.00050 0.00186 0.00089 0.04595 0.12561 -0.09400 0.00051
0.28702 -0.25733 1.3663 -0.2949 -0.07074 1.25321 0.00709 0.02461 -0.00667 -0.00097 0.00138 0.00583 0.04396 0.12388 -0.00199 -0.00173
0.2957 -0.17378 1.33716 -0.2935 -0.06555 1.25452 0.00868 0.08355 -0.02914 0.00140 0.00519 0.00131 0.04790 0.12741 0.00394 0.00353
0.28869 -0.12643 1.31476 -0.29016 -0.06344 1.24423 -0.00701 0.04735 -0.02240 0.00334 0.00211 -0.01029 0.04832 0.12687 0.00042 -0.00054
0.28388 -0.11287 1.32606 -0.29336 -0.06352 1.25835 -0.00481 0.01356 0.01130 -0.00320 -0.00008 0.01412 0.05061 0.12628 0.00229 -0.00059
0.28927 -0.10806 1.38674 -0.30641 -0.06945 1.31314 0.00539 0.00481 0.06068 -0.01305 -0.00593 0.05479 0.05340 0.13153 0.00279 0.00525
0.2576 -0.1032 1.29313 -0.28406 -0.06383 1.20661 -0.03167 0.00486 -0.09361 0.02235 0.00562 -0.10653 0.05140 0.12371 -0.00200 -0.00782
0.28319 -0.14357 1.45725 -0.3053 -0.06724 1.29757 0.02559 -0.04037 0.16412 -0.02124 -0.00341 0.09096 0.06818 0.13054 0.01678 0.00683
0.2882 -0.14588 1.56317 -0.31134 -0.06917 1.32171 0.00501 -0.00231 0.10592 -0.00604 -0.00193 0.02414 0.07746 0.13308 0.00928 0.00254
0.32313 -0.14056 1.75384 -0.33401 -0.07437 1.41902 0.03493 0.00532 0.19067 -0.02267 -0.00520 0.09731 0.06267 0.14243 -0.01479 0.00935
0.33707 -0.13818 1.82319 -0.33414 -0.07552 1.42134 0.01394 0.00238 0.06935 -0.00013 -0.00115 0.00232 0.07856 0.14687 0.01589 0.00444
0.33189 -0.15488 1.64114 -0.30347 -0.06805 1.30425 -0.00518 -0.01670 -0.18205 0.03067 0.00747 -0.11709 0.09028 0.13427 0.01172 -0.01260
0.38085 -0.21442 1.64024 -0.30738 -0.07235 1.32075 0.04896 -0.05954 -0.00090 -0.00391 -0.00430 0.01650 0.09633 0.13919 0.00605 0.00492
0.38304 -0.216 1.6586 -0.30632 -0.07323 1.31648 0.00219 -0.00158 0.01836 0.00106 -0.00088 -0.00427 0.09237 0.13950 -0.00396 0.00031
0.38931 -0.17048 1.86508 -0.325 -0.08577 1.42389 0.00627 0.04552 0.20648 -0.01868 -0.01254 0.10741 0.07427 0.14897 -0.01810 0.00947
0.38512 -0.17455 1.85978 -0.3233 -0.08244 1.42217 -0.00419 -0.00407 -0.00530 0.00170 0.00333 -0.00172 0.08527 0.15200 0.01100 0.00303
0.351 -0.20778 1.66945 -0.28994 -0.07305 1.29388 -0.03412 -0.03323 -0.19033 0.03336 0.00939 -0.12829 0.09884 0.13801 0.01357 -0.01399
0.3466 -0.19289 1.67901 -0.28773 -0.071 1.29163 -0.00440 0.01489 0.00956 0.00221 0.00205 -0.00225 0.07041 0.13844 -0.02843 0.00043
0.33715 -0.18754 1.70884 -0.29181 -0.0762 1.30359 -0.00945 0.00535 0.02983 -0.00408 -0.00520 0.01196 0.05839 0.14124 -0.01202 0.00280
0.3309 -0.18471 1.7087 -0.29289 -0.07673 1.31021 -0.00625 0.00283 -0.00014 -0.00108 -0.00053 0.00662 0.06539 0.13795 0.00700 -0.00329
0.29555 -0.17534 1.59556 -0.29152 -0.07031 1.30129 -0.03535 0.00937 -0.11314 0.00137 0.00642 -0.00892 0.08311 0.14140 0.01772 0.00345
0.30159 -0.15641 1.55868 -0.293 -0.07097 1.30741 0.00604 0.01893 -0.03688 -0.00148 -0.00066 0.00612 0.08316 0.13987 0.00005 -0.00153
0.29026 -0.12594 1.52558 -0.2936 -0.0695 1.30938 -0.01133 0.03047 -0.03310 -0.00060 0.00147 0.00197 0.08710 0.13946 0.00394 -0.00041
0.27615 -0.07914 1.43805 -0.2829 -0.06686 1.2639 -0.01411 0.04680 -0.08753 0.01070 0.00264 -0.04548 0.07610 0.13656 -0.01100 -0.00290
0.2881 -0.03407 1.48619 -0.29423 -0.06743 1.31886 0.01195 0.04507 0.04814 -0.01133 -0.00057 0.05496 0.07971 0.14307 0.00361 0.00651
0.30596 0.00718 1.5615 -0.31111 -0.06889 1.39796 0.01786 0.04125 0.07531 -0.01688 -0.00146 0.07910 0.07690 0.15392 -0.00281 0.01085
0.31092 0.04123 1.5529 -0.31035 -0.06241 1.39954 0.00496 0.03405 -0.00860 0.00076 0.00648 0.00158 0.08316 0.15250 0.00626 -0.00142
0.30502 0.06411 1.5184 -0.30272 -0.05537 1.37181 -0.00590 0.02288 -0.03450 0.00763 0.00704 -0.02773 0.09338 0.14107 0.01022 -0.01143
0.29246 0.07712 1.44103 -0.28786 -0.05175 1.30667 -0.01256 0.01301 -0.07737 0.01486 0.00362 -0.06514 0.09331 0.13823 -0.00007 -0.00284
0.30491 0.09024 1.49867 -0.29947 -0.05286 1.3732 0.01245 0.01312 0.05764 -0.01161 -0.00111 0.06653 0.10188 0.15014 0.00857 0.01191
0.30655 0.08826 1.50297 -0.30159 -0.05099 1.38614 0.00164 -0.00198 0.00430 -0.00212 0.00187 0.01294 0.10296 0.14960 0.00108 -0.00054
0.29217 0.07235 1.43339 -0.29039 -0.0497 1.32344 -0.01438 -0.01591 -0.06958 0.01120 0.00129 -0.06270 0.09541 0.13813 -0.00755 -0.01147
0.28912 0.00264 1.43075 -0.29576 -0.05141 1.36426 -0.00305 -0.06971 -0.00264 -0.00537 -0.00171 0.04082 0.09846 0.15054 0.00305 0.01241
0.27523 -0.03513 1.37174 -0.28713 -0.05355 1.3295 -0.01389 -0.03777 -0.05901 0.00863 -0.00214 -0.03476 0.09447 0.14591 -0.00399 -0.00463
0.27319 -0.06529 1.37294 -0.28967 -0.05316 1.33561 -0.00204 -0.03016 0.00120 -0.00254 0.00039 0.00611 0.09673 0.14355 0.00226 -0.00236
0.2745 -0.07876 1.38567 -0.29443 -0.05151 1.35078 0.00131 -0.01347 0.01273 -0.00476 0.00165 0.01517 0.09299 0.14656 -0.00374 0.00301
0.27652 -0.07523 1.39274 -0.29686 -0.05346 1.35448 0.00202 0.00353 0.00707 -0.00243 -0.00195 0.00370 0.09622 0.15143 0.00323 0.00487
0.27292 -0.06704 1.35902 -0.29144 -0.04919 1.32095 -0.00360 0.00819 -0.03372 0.00542 0.00427 -0.03353 0.09365 0.14591 -0.00257 -0.00552
0.27558 -0.06287 1.36693 -0.29314 -0.04904 1.33548 0.00266 0.00417 0.00791 -0.00170 0.00015 0.01453 0.09688 0.14005 0.00323 -0.00586
0.2756 -0.05475 1.36275 -0.29364 -0.04759 1.32803 0.00002 0.00812 -0.00418 -0.00050 0.00145 -0.00745 0.10010 0.14469 0.00322 0.00464
0.27515 -0.05222 1.36214 -0.29264 -0.0467 1.33005 -0.00045 0.00253 -0.00061 0.00100 0.00089 0.00202 0.09752 0.14519 -0.00258 0.00050
0.27402 -0.05302 1.35832 -0.29058 -0.04584 1.33214 -0.00113 -0.00080 -0.00382 0.00206 0.00086 0.00209 0.09854 0.14719 0.00102 0.00200
0.27126 -0.05435 1.35209 -0.28984 -0.05249 1.33283 -0.00276 -0.00133 -0.00623 0.00074 -0.00665 0.00069 0.09568 0.15364 -0.00286 0.00645
0.27557 -0.05741 1.38023 -0.29487 -0.04917 1.35984 0.00431 -0.00306 0.02814 -0.00503 0.00332 0.02701 0.09586 0.15190 0.00018 -0.00174
0.27004 -0.06108 1.37767 -0.29489 -0.0545 1.36753 -0.00553 -0.00367 -0.00256 -0.00002 -0.00533 0.00769 0.09470 0.14684 -0.00116 -0.00506
0.27624 -0.06262 1.43364 -0.30757 -0.05808 1.42764 0.00620 -0.00154 0.05597 -0.01268 -0.00358 0.06011 0.09909 0.15592 0.00439 0.00908
0.26446 -0.05624 1.40142 -0.30242 -0.05764 1.3997 -0.01178 0.00638 -0.03222 0.00515 0.00044 -0.02794 0.09466 0.15213 -0.00443 -0.00379
0.22107 -0.03444 1.31788 -0.28908 -0.04927 1.33722 -0.04339 0.02180 -0.08354 0.01334 0.00837 -0.06248 0.08974 0.13243 -0.00492 -0.01970
0.20926 -0.02808 1.31733 -0.29146 -0.04953 1.33941 -0.01181 0.00636 -0.00055 -0.00238 -0.00026 0.00219 0.09159 0.14476 0.00185 0.01233
0.18931 -0.01511 1.29031 -0.28597 -0.04933 1.32074 -0.01995 0.01297 -0.02702 0.00549 0.00020 -0.01867 0.08672 0.13343 -0.00487 -0.01133
0.17608 -0.01057 1.31084 -0.29157 -0.05035 1.34413 -0.01323 0.00454 0.02053 -0.00560 -0.00102 0.02339 0.09221 0.14827 0.00549 0.01484
0.13559 0.01027 1.29921 -0.28926 -0.046 1.34859 -0.04049 0.02084 -0.01163 0.00231 0.00435 0.00446 0.08722 0.15335 -0.00499 0.00508
0.11392 0.01547 1.27504 -0.28264 -0.04249 1.33072 -0.02167 0.00520 -0.02417 0.00662 0.00351 -0.01787 0.08873 0.14948 0.00151 -0.00387
0.09365 0.02355 1.30738 -0.28841 -0.03989 1.3644 -0.02027 0.00808 0.03234 -0.00577 0.00260 0.03368 0.08837 0.15328 -0.00036 0.00380
0.01725 0.03817 1.2812 -0.27977 -0.03929 1.34764 -0.07640 0.01462 -0.02618 0.00864 0.00060 -0.01676 0.09004 0.14697 0.00167 -0.00631
-0.03197 0.03817 1.30505 -0.28255 -0.03596 1.36385 -0.04922 0.00000 0.02385 -0.00278 0.00333 0.01621 0.09747 0.15636 0.00743 0.00939
-0.08012 0.02702 1.32578 -0.28332 -0.02133 1.37285 -0.04815 -0.01115 0.02073 -0.00077 0.01463 0.00900 0.10460 0.14932 0.00713 -0.00704
-0.10278 0.02064 1.32414 -0.28054 -0.0213 1.36663 -0.02266 -0.00638 -0.00164 0.00278 0.00003 -0.00622 0.10517 0.15085 0.00057 0.00153
-0.12345 0.01251 1.29731 -0.25969 -0.01106 1.32564 -0.02067 -0.00813 -0.02683 0.02085 0.01024 -0.04099 0.09994 0.13269 -0.00523 -0.01816
-0.16111 -0.00218 1.31739 -0.24371 -0.00022 1.29944 -0.03766 -0.01469 0.02008 0.01598 0.01084 -0.02620 0.11743 0.13961 0.01749 0.00692
-0.2195 -0.02275 1.28487 -0.23267 -0.01093 1.24248 -0.05839 -0.02057 -0.03252 0.01104 -0.01071 -0.05696 0.13761 0.12127 0.02018 -0.01834
-0.22587 -0.02571 1.2922 -0.24485 -0.0147 1.24573 -0.00637 -0.00296 0.00733 -0.01218 -0.00377 0.00325 0.14153 0.11701 0.00392 -0.00426
-0.23204 -0.02839 1.29765 -0.24773 -0.01675 1.25454 -0.00617 -0.00268 0.00545 -0.00288 -0.00205 0.00881 0.14096 0.11526 -0.00057 -0.00175
-0.23004 -0.03289 1.3053 -0.26524 -0.03214 1.27925 0.00200 -0.00450 0.00765 -0.01751 -0.01539 0.02471 0.10848 0.12971 -0.03248 0.01445
-0.23137 -0.03456 1.30672 -0.26655 -0.03504 1.28233 -0.00133 -0.00167 0.00142 -0.00131 -0.00290 0.00308 0.11679 0.13070 0.00831 0.00099
-0.23267 -0.03842 1.31416 -0.26813 -0.03742 1.29137 -0.00130 -0.00386 0.00744 -0.00158 -0.00238 0.00904 0.11951 0.13155 0.00272 0.00085
-0.2327 -0.03962 1.31416 -0.2677 -0.03943 1.28901 -0.00003 -0.00120 0.00000 0.00043 -0.00201 -0.00236 0.11482 0.13134 -0.00469 -0.00021
-0.23195 -0.03939 1.31343 -0.26739 -0.03921 1.28624 0.00075 0.00023 -0.00073 0.00031 0.00022 -0.00277 0.11255 0.12948 -0.00227 -0.00186
-0.23223 -0.03873 1.31666 -0.26827 -0.03787 1.28915 -0.00028 0.00066 0.00323 -0.00088 0.00134 0.00291 0.11938 0.12653 0.00683 -0.00295
-0.23167 -0.03838 1.32558 -0.26809 -0.0397 1.29973 0.00056 0.00035 0.00892 0.00018 -0.00183 0.01058 0.10832 0.13202 -0.01106 0.00549
-0.23538 -0.0389 1.3481 -0.27148 -0.04163 1.32442 -0.00371 -0.00052 0.02252 -0.00339 -0.00193 0.02469 0.11095 0.13257 0.00263 0.00055
-0.23035 -0.03982 1.32009 -0.26569 -0.04029 1.29763 0.00503 -0.00092 -0.02801 0.00579 0.00134 -0.02679 0.11112 0.13192 0.00017 -0.00065
-0.23023 -0.04002 1.31971 -0.26524 -0.04067 1.29585 0.00012 -0.00020 -0.00038 0.00045 -0.00038 -0.00178 0.11369 0.12960 0.00257 -0.00232
-0.2272 -0.04084 1.30641 -0.23871 -0.05352 1.29294 0.00303 -0.00082 -0.01330 0.02653 -0.01285 -0.00291 0.10827 0.12011 -0.00542 -0.00949
-0.22784 -0.04377 1.32641 -0.26307 -0.04303 1.30389 -0.00064 -0.00293 0.02000 -0.02436 0.01049 0.01095 0.10662 0.13192 -0.00165 0.01181
-0.22942 -0.04797 1.3635 -0.26929 -0.05544 1.34113 -0.00158 -0.00420 0.03709 -0.00622 -0.01241 0.03724 0.11056 0.13467 0.00394 0.00275
-0.22613 -0.05456 1.37693 -0.23553 -0.05283 1.3796 0.00329 -0.00659 0.01343 0.03376 0.00261 0.03847 0.10985 0.04661 -0.00071 -0.08806
-0.21437 -0.0617 1.38161 -0.2152 -0.0574 1.38964 0.01176 -0.00714 0.00468 0.02033 -0.00457 0.01004 0.10999 0.04423 0.00014 -0.00238
-0.19697 -0.07425 1.36338 -0.19513 -0.09026 1.36133 0.01740 -0.01255 -0.01823 0.02007 -0.03286 -0.02831 0.10995 0.05295 -0.00004 0.00872
-0.1543 -0.09138 1.33317 -0.14992 -0.08445 1.33903 0.04267 -0.01713 -0.03021 0.04521 0.00581 -0.02230 0.13017 0.03768 0.02022 -0.01527
-0.09292 -0.12127 1.37528 -0.28729 -0.17813 1.33405 0.06138 -0.02989 0.04211 -0.13737 -0.09368 -0.00498 0.06959 0.03530 -0.06058 -0.00238
-0.06118 -0.13791 1.39438 -0.33164 -0.22155 1.39636 0.03174 -0.01664 0.01910 -0.04435 -0.04342 0.06231 0.05917 0.08893 -0.01042 0.05363
-0.00661 -0.16083 1.34564 -0.34033 -0.27525 1.36026 0.05457 -0.02292 -0.04874 -0.00869 -0.05370 -0.03610 0.05746 0.05902 -0.00171 -0.02991
0.04769 -0.1911 1.36034 -0.37041 -0.34796 1.39797 0.05430 -0.03027 0.01470 -0.03008 -0.07271 0.03771 0.05891 0.05228 0.00145 -0.00674
0.1073 -0.22939 1.3708 -0.39369 -0.42269 1.44543 0.05961 -0.03829 0.01046 -0.02328 -0.07473 0.04746 0.05611 0.05117 -0.00280 -0.00111
0.17195 -0.27273 1.36582 -0.41209 -0.48515 1.50046 0.06465 -0.04334 -0.00498 -0.01840 -0.06246 0.05503 0.08061 0.06268 0.02450 0.01151
0.24279 -0.31692 1.37247 -0.41952 -0.54192 1.53524 0.07084 -0.04419 0.00665 -0.00743 -0.05677 0.03478 0.07516 0.06128 -0.00545 -0.00140
0.31211 -0.3522 1.40094 -0.42479 -0.59189 1.615 0.06932 -0.03528 0.02847 -0.00527 -0.04997 0.07976 0.04817 0.07997 -0.02699 0.01869
0.37037 -0.38166 1.42725 -0.42614 -0.6292 1.66341 0.05826 -0.02946 0.02631 -0.00135 -0.03731 0.04841 0.05317 0.08874 0.00500 0.00877
0.402 -0.38525 1.37762 -0.41 -0.63602 1.61033 0.03163 -0.00359 -0.04963 0.01614 -0.00682 -0.05308 0.05518 0.07828 0.00201 -0.01046
0.49688 -0.45463 1.55635 -0.44303 -0.69859 1.8146 0.09488 -0.06938 0.17873 -0.03303 -0.06257 0.20427 0.10443 0.10723 0.04925 0.02895
0.50797 -0.47569 1.59943 -0.44014 -0.69332 1.84312 0.01109 -0.02106 0.04308 0.00289 0.00527 0.02852 0.07596 0.09322 -0.02847 -0.01401
0.52469 -0.53753 1.67302 -0.43621 -0.67075 1.88883 0.01672 -0.06184 0.07359 0.00393 0.02257 0.04571 0.13677 0.12277 0.06081 0.02955
0.54492 -0.58186 1.66963 -0.43061 -0.66466 1.89573 0.02023 -0.04433 -0.00339 0.00560 0.00609 0.00690 0.11540 0.13290 -0.02137 0.01013
0.5462 -0.60323 1.67511 -0.42803 -0.67476 1.89933 0.00128 -0.02137 0.00548 0.00258 -0.01010 0.00360 0.10303 0.11788 -0.01237 -0.01502
0.54479 -0.60633 1.67535 -0.40919 -0.6258 1.90191 -0.00141 -0.00310 0.00024 0.01884 0.04896 0.00258 0.10859 0.12983 0.00556 0.01195
0.54021 -0.60817 1.66775 -0.41136 -0.63968 1.88382 -0.00458 -0.00184 -0.00760 -0.00217 -0.01388 -0.01809 0.10468 0.11169 -0.00391 -0.01814
0.53647 -0.60656 1.65973 -0.40641 -0.63307 1.87244 -0.00374 0.00161 -0.00802 0.00495 0.00661 -0.01138 0.10354 0.12174 -0.00114 0.01005
0.51658 -0.59351 1.61552 -0.39579 -0.6183 1.82171 -0.01989 0.01305 -0.04421 0.01062 0.01477 -0.05073 0.10565 0.13866 0.00211 0.01692
0.53186 -0.60892 1.64681 -0.3911 -0.59917 1.86422 0.01528 -0.01541 0.03129 0.00469 0.01913 0.04251 0.10009 0.11465 -0.00556 -0.02401
0.52951 -0.61079 1.6427 -0.38935 -0.59643 1.85351 -0.00235 -0.00187 -0.00411 0.00175 0.00274 -0.01071 0.10159 0.11972 0.00150 0.00507
0.52847 -0.61203 1.64205 -0.38835 -0.59332 1.84335 -0.00104 -0.00124 -0.00065 0.00100 0.00311 -0.01016 0.10609 0.11403 0.00450 -0.00569
0.52909 -0.61189 1.63892 -0.40586 -0.64369 1.83138 0.00062 0.00014 -0.00313 -0.01751 -0.05037 -0.01197 0.10753 0.07929 0.00144 -0.03474
0.52915 -0.61284 1.64049 -0.40698 -0.64789 1.82331 0.00006 -0.00095 0.00157 -0.00112 -0.00420 -0.00807 0.10903 0.10794 0.00150 0.02865
0.53031 -0.61461 1.64364 -0.41193 -0.65477 1.8245 0.00116 -0.00177 0.00315 -0.00495 -0.00688 0.00119 0.11216 0.13424 0.00313 0.02630
0.52996 -0.61634 1.63644 -0.41301 -0.65728 1.82644 -0.00035 -0.00173 -0.00720 -0.00108 -0.00251 0.00194 0.10492 0.11893 -0.00724 -0.01531
0.53364 -0.61501 1.63985 -0.41407 -0.6578 1.83354 0.00368 0.00133 0.00341 -0.00106 -0.00052 0.00710 0.10831 0.11564 0.00339 -0.00329
0.53372 -0.61509 1.64006 -0.41489 -0.65748 1.8447 0.00008 -0.00008 0.00021 -0.00082 0.00032 0.01116 0.11100 0.12410 0.00269 0.00846
0.53161 -0.61567 1.64059 -0.4151 -0.65819 1.84923 -0.00211 -0.00058 0.00053 -0.00021 -0.00071 0.00453 0.11262 0.11477 0.00162 -0.00933
0.53164 -0.61647 1.63957 -0.42703 -0.68565 1.86791 0.00003 -0.00080 -0.00102 -0.01193 -0.02746 0.01868 0.14665 0.11329 0.03403 -0.00148
0.53032 -0.61584 1.64025 -0.43209 -0.6956 1.88694 -0.00132 0.00063 0.00068 -0.00506 -0.00995 0.01903 0.14396 0.12374 -0.00269 0.01045
]
