classifier_Monkey_weaves_and_bumps_into_fence_25192 [ 0.57157 -0.73537 2.01281 -0.2299 -0.58195 1.96536 0.57157 -0.73537 2.01281 -0.2299 -0.58195 1.96536 0.09287 0.15001 0.09287 0.15001
0.56904 -0.73616 2.01406 -0.22803 -0.58007 1.96114 -0.00253 -0.00079 0.00125 0.00187 0.00188 -0.00422 0.08825 0.14284 -0.00462 -0.00717
0.56878 -0.73573 2.0203 -0.22603 -0.58045 1.95477 -0.00026 0.00043 0.00624 0.00200 -0.00038 -0.00637 0.11102 0.13946 0.02277 -0.00338
0.57079 -0.73654 2.03496 -0.22662 -0.58031 1.95257 0.00201 -0.00081 0.01466 -0.00059 0.00014 -0.00220 0.11680 0.14022 0.00578 0.00076
0.57152 -0.73959 2.04891 -0.2235 -0.58342 1.94196 0.00073 -0.00305 0.01395 0.00312 -0.00311 -0.01061 0.09812 0.13780 -0.01868 -0.00242
0.5801 -0.7438 2.0729 -0.22173 -0.5818 1.93035 0.00858 -0.00421 0.02399 0.00177 0.00162 -0.01161 0.09778 0.13277 -0.00034 -0.00503
0.58752 -0.75491 2.10583 -0.21895 -0.57914 1.9125 0.00742 -0.01111 0.03293 0.00278 0.00266 -0.01785 0.12969 0.13142 0.03191 -0.00135
0.6127 -0.77412 2.11924 -0.21005 -0.55196 1.81541 0.02518 -0.01921 0.01341 0.00890 0.02718 -0.09709 0.11972 0.12049 -0.00997 -0.01093
0.54523 -0.59574 1.97483 -0.19227 -0.57489 1.82474 -0.06747 0.17838 -0.14441 0.01778 -0.02293 0.00933 0.13520 0.13573 0.01548 0.01524
0.49856 -0.54774 1.95747 -0.2029 -0.51926 1.84051 -0.04667 0.04800 -0.01736 -0.01063 0.05563 0.01577 0.12272 0.12943 -0.01248 -0.00630
0.4263 -0.46439 1.92592 -0.20784 -0.48063 1.82117 -0.07226 0.08335 -0.03155 -0.00494 0.03863 -0.01934 0.13550 0.12740 0.01278 -0.00203
0.35607 -0.38332 1.84156 -0.21878 -0.4125 1.76769 -0.07023 0.08107 -0.08436 -0.01094 0.06813 -0.05348 0.15258 0.10922 0.01708 -0.01818
0.30052 -0.33478 1.8716 -0.22883 -0.361 1.79604 -0.05555 0.04854 0.03004 -0.01005 0.05150 0.02835 0.15956 0.09076 0.00698 -0.01846
0.22821 -0.2571 1.75482 -0.20358 -0.28348 1.67705 -0.07231 0.07768 -0.11678 0.02525 0.07752 -0.11899 0.08444 0.08132 -0.07512 -0.00944
0.17481 -0.20509 1.78834 -0.20144 -0.23081 1.70656 -0.05340 0.05201 0.03352 0.00214 0.05267 0.02951 0.10141 0.10560 0.01697 0.02428
0.12926 -0.15448 1.76528 -0.18715 -0.17829 1.68823 -0.04555 0.05061 -0.02306 0.01429 0.05252 -0.01833 0.12273 0.11183 0.02132 0.00623
-0.01585 -0.11461 1.73027 -0.18228 -0.13505 1.69017 -0.14511 0.03987 -0.03501 0.00487 0.04324 0.00194 0.12351 0.11359 0.00078 0.00176
-0.13588 -0.07571 1.63456 -0.19584 -0.10967 1.63801 -0.12003 0.03890 -0.09571 -0.01356 0.02538 -0.05216 0.10430 0.10439 -0.01921 -0.00920
-0.12133 -0.0444 1.51176 -0.15695 -0.05921 1.50827 0.01455 0.03131 -0.12280 0.03889 0.05046 -0.12974 0.09271 0.08669 -0.01159 -0.01770
-0.14385 -0.03182 1.46478 -0.05861 0.00087 1.47255 -0.02252 0.01258 -0.04698 0.09834 0.06008 -0.03572 0.10619 0.09281 0.01348 0.00612
-0.11663 -0.02108 1.47992 -0.00742 0.00119 1.49513 0.02722 0.01074 0.01514 0.05119 0.00032 0.02258 0.10086 0.13791 -0.00533 0.04510
-0.1406 -0.01021 1.61611 0.12605 0.00405 1.64049 -0.02397 0.01087 0.13619 0.13347 0.00286 0.14536 0.10060 0.10630 -0.00026 -0.03161
0.14172 0.00842 1.6309 -0.1347 0.01609 1.61009 0.28232 0.01863 0.01479 -0.26075 0.01204 -0.03040 0.15499 0.10266 0.05439 -0.00364
0.22221 -0.00278 1.66938 -0.20983 -0.00851 1.64709 0.08049 -0.01120 0.03848 -0.07513 -0.02460 0.03700 0.12102 0.12829 -0.03397 0.02563
0.3028 -0.01624 1.80748 -0.28063 -0.02212 1.78329 0.08059 -0.01346 0.13810 -0.07080 -0.01361 0.13620 0.12779 0.14094 0.00677 0.01265
0.33029 -0.02738 1.68375 -0.31364 -0.03661 1.66289 0.02749 -0.01114 -0.12373 -0.03301 -0.01449 -0.12040 0.11558 0.13069 -0.01221 -0.01025
0.35792 -0.04459 1.62022 -0.33828 -0.048 1.60179 0.02763 -0.01721 -0.06353 -0.02464 -0.01139 -0.06110 0.11405 0.12789 -0.00153 -0.00280
0.46604 -0.07652 1.75741 -0.44642 0.05016 1.74581 0.10812 -0.03193 0.13719 -0.10814 0.09816 0.14402 0.07321 0.10588 -0.04084 -0.02201
0.49687 -0.08307 1.88737 -0.48086 0.10479 1.87405 0.03083 -0.00655 0.12996 -0.03444 0.05463 0.12824 0.12390 0.12182 0.05069 0.01594
0.46764 -0.08537 1.80679 -0.45598 0.1467 1.79333 -0.02923 -0.00230 -0.08058 0.02488 0.04191 -0.08072 0.11052 0.13926 -0.01338 0.01744
0.46803 -0.07519 1.84347 -0.46359 0.16557 1.82875 0.00039 0.01018 0.03668 -0.00761 0.01887 0.03542 0.10337 0.11825 -0.00715 -0.02101
0.48511 -0.09501 1.93926 -0.49458 0.14419 1.92785 0.01708 -0.01982 0.09579 -0.03099 -0.02138 0.09910 0.11062 0.12441 0.00725 0.00616
0.47818 -0.10071 1.93827 -0.50072 0.05445 1.88856 -0.00693 -0.00570 -0.00099 -0.00614 -0.08974 -0.03929 0.11596 0.14080 0.00534 0.01639
0.45149 -0.08575 1.86184 -0.48842 -0.0486 1.7848 -0.02669 0.01496 -0.07643 0.01230 -0.10305 -0.10376 0.08198 0.16115 -0.03398 0.02035
0.42248 -0.08501 1.767 -0.47133 -0.12118 1.664 -0.02901 0.00074 -0.09484 0.01709 -0.07258 -0.12080 0.08528 0.13770 0.00330 -0.02345
0.42511 -0.09025 1.80249 -0.47875 -0.15156 1.69143 0.00263 -0.00524 0.03549 -0.00742 -0.03038 0.02743 0.08153 0.11765 -0.00375 -0.02005
0.41916 -0.09075 1.793 -0.47199 -0.13869 1.69233 -0.00595 -0.00050 -0.00949 0.00676 0.01287 0.00090 0.08350 0.12998 0.00197 0.01233
0.41209 -0.09051 1.7755 -0.46857 -0.11417 1.68302 -0.00707 0.00024 -0.01750 0.00342 0.02452 -0.00931 0.08818 0.13024 0.00468 0.00026
0.40516 -0.09286 1.76016 -0.47349 -0.09695 1.6672 -0.00693 -0.00235 -0.01534 -0.00492 0.01722 -0.01582 0.08743 0.12870 -0.00075 -0.00154
0.39989 -0.09346 1.75322 -0.4777 -0.08893 1.65989 -0.00527 -0.00060 -0.00694 -0.00421 0.00802 -0.00731 0.08877 0.12205 0.00134 -0.00665
0.39907 -0.10022 1.76126 -0.48242 -0.08471 1.66107 -0.00082 -0.00676 0.00804 -0.00472 0.00422 0.00118 0.10009 0.12196 0.01132 -0.00009
0.39655 -0.10137 1.76135 -0.48148 -0.08139 1.66085 -0.00252 -0.00115 0.00009 0.00094 0.00332 -0.00022 0.10995 0.12266 0.00986 0.00070
0.38941 -0.11362 1.75958 -0.48085 -0.08451 1.65761 -0.00714 -0.01225 -0.00177 0.00063 -0.00312 -0.00324 0.09983 0.12084 -0.01012 -0.00182
0.38675 -0.11707 1.75942 -0.48084 -0.08409 1.66048 -0.00266 -0.00345 -0.00016 0.00001 0.00042 0.00287 0.10550 0.12252 0.00567 0.00168
0.38474 -0.12007 1.75938 -0.48184 -0.08659 1.66012 -0.00201 -0.00300 -0.00004 -0.00100 -0.00250 -0.00036 0.10404 0.12134 -0.00146 -0.00118
0.38056 -0.12162 1.75232 -0.47932 -0.085 1.65814 -0.00418 -0.00155 -0.00706 0.00252 0.00159 -0.00198 0.09852 0.12003 -0.00552 -0.00131
0.37974 -0.1219 1.74907 -0.48005 -0.08505 1.65938 -0.00082 -0.00028 -0.00325 -0.00073 -0.00005 0.00124 0.09220 0.12305 -0.00632 0.00302
0.37561 -0.1204 1.73843 -0.47946 -0.0849 1.65992 -0.00413 0.00150 -0.01064 0.00059 0.00015 0.00054 0.08461 0.12497 -0.00759 0.00192
0.37175 -0.11987 1.72645 -0.47739 -0.08299 1.66157 -0.00386 0.00053 -0.01198 0.00207 0.00191 0.00165 0.07757 0.12810 -0.00704 0.00313
0.3705 -0.1269 1.72666 -0.47794 -0.08104 1.66427 -0.00125 -0.00703 0.00021 -0.00055 0.00195 0.00270 0.07953 0.12643 0.00196 -0.00167
0.36942 -0.14085 1.73036 -0.47937 -0.08285 1.66659 -0.00108 -0.01395 0.00370 -0.00143 -0.00181 0.00232 0.07955 0.12576 0.00002 -0.00067
0.36863 -0.15787 1.73893 -0.48039 -0.08424 1.67178 -0.00079 -0.01702 0.00857 -0.00102 -0.00139 0.00519 0.07846 0.12934 -0.00109 0.00358
0.35248 -0.2113 1.71285 -0.47332 -0.08641 1.64727 -0.01615 -0.05343 -0.02608 0.00707 -0.00217 -0.02451 0.07959 0.12637 0.00113 -0.00297
0.3339 -0.2438 1.64978 -0.4548 -0.08554 1.5865 -0.01858 -0.03250 -0.06307 0.01852 0.00087 -0.06077 0.05874 0.12696 -0.02085 0.00059
0.33512 -0.30065 1.71161 -0.46566 -0.08856 1.62788 0.00122 -0.05685 0.06183 -0.01086 -0.00302 0.04138 0.06735 0.12483 0.00861 -0.00213
0.33978 -0.35993 1.75134 -0.46312 -0.09041 1.63748 0.00466 -0.05928 0.03973 0.00254 -0.00185 0.00960 0.07832 0.12740 0.01097 0.00257
0.35794 -0.45209 1.88305 -0.48466 -0.09658 1.71748 0.01816 -0.09216 0.13171 -0.02154 -0.00617 0.08000 0.06881 0.14079 -0.00951 0.01339
0.32946 -0.55113 1.86977 -0.47122 -0.09902 1.67637 -0.02848 -0.09904 -0.01328 0.01344 -0.00244 -0.04111 0.17387 0.13573 0.10506 -0.00506
0.37121 -0.53221 2.02962 -0.4921 -0.10518 1.75208 0.04175 0.01892 0.15985 -0.02088 -0.00616 0.07571 0.08640 0.14386 -0.08747 0.00813
0.30209 -0.56187 2.03161 -0.47822 -0.1083 1.69966 -0.06912 -0.02966 0.00199 0.01388 -0.00312 -0.05242 0.11971 0.13697 0.03331 -0.00689
0.28436 -0.55027 2.03963 -0.48069 -0.11287 1.70059 -0.01773 0.01160 0.00802 -0.00247 -0.00457 0.00093 0.11435 0.13938 -0.00536 0.00241
0.27379 -0.45685 2.144 -0.50337 -0.12095 1.7757 -0.01057 0.09342 0.10437 -0.02268 -0.00808 0.07511 0.15437 0.14411 0.04002 0.00473
0.25129 -0.33481 2.09676 -0.50366 -0.12301 1.77314 -0.02250 0.12204 -0.04724 -0.00029 -0.00206 -0.00256 0.09229 0.13995 -0.06208 -0.00416
0.26624 -0.23164 2.07011 -0.50411 -0.12301 1.77728 0.01495 0.10317 -0.02665 -0.00045 0.00000 0.00414 0.08393 0.14368 -0.00836 0.00373
0.22939 -0.1793 1.98953 -0.49012 -0.11632 1.72842 -0.03685 0.05234 -0.08058 0.01399 0.00669 -0.04886 0.08350 0.13990 -0.00043 -0.00378
0.20859 -0.16866 1.96128 -0.48369 -0.11057 1.70734 -0.02080 0.01064 -0.02825 0.00643 0.00575 -0.02108 0.07863 0.13661 -0.00487 -0.00329
0.22818 -0.16011 1.9037 -0.47063 -0.10178 1.65855 0.01959 0.00855 -0.05758 0.01306 0.00879 -0.04879 0.08649 0.13125 0.00786 -0.00536
0.24833 -0.19215 1.91908 -0.47826 -0.09744 1.68046 0.02015 -0.03204 0.01538 -0.00763 0.00434 0.02191 0.10092 0.13738 0.01443 0.00613
0.34908 -0.25254 1.95531 -0.49013 -0.09472 1.71426 0.10075 -0.06039 0.03623 -0.01187 0.00272 0.03380 0.06025 0.13701 -0.04067 -0.00037
0.36499 -0.32007 2.01906 -0.49528 -0.09603 1.72485 0.01591 -0.06753 0.06375 -0.00515 -0.00131 0.01059 0.06548 0.13352 0.00523 -0.00349
0.30009 -0.30239 2.14613 -0.50226 -0.09836 1.75629 -0.06490 0.01768 0.12707 -0.00698 -0.00233 0.03144 0.11600 0.13457 0.05052 0.00105
0.2629 -0.27789 2.14481 -0.50032 -0.09702 1.76535 -0.03719 0.02450 -0.00132 0.00194 0.00134 0.00906 0.16594 0.13912 0.04994 0.00455
0.24892 -0.27645 2.12584 -0.497 -0.09463 1.76723 -0.01398 0.00144 -0.01897 0.00332 0.00239 0.00188 0.15188 0.13918 -0.01406 0.00006
0.27328 -0.17967 2.08094 -0.495 -0.09273 1.77187 0.02436 0.09678 -0.04490 0.00200 0.00190 0.00464 0.12532 0.14195 -0.02656 0.00277
0.20965 -0.18737 1.97703 -0.4771 -0.08902 1.71038 -0.06363 -0.00770 -0.10391 0.01790 0.00371 -0.06149 0.11768 0.13542 -0.00764 -0.00653
0.22564 -0.14805 1.94102 -0.47127 -0.08798 1.68987 0.01599 0.03932 -0.03601 0.00583 0.00104 -0.02051 0.08537 0.13182 -0.03231 -0.00360
0.30678 -0.06227 1.86795 -0.4745 -0.08908 1.70721 0.08114 0.08578 -0.07307 -0.00323 -0.00110 0.01734 0.05346 0.13626 -0.03191 0.00444
0.34737 -0.01996 1.91108 -0.48334 -0.0913 1.74776 0.04059 0.04231 0.04313 -0.00884 -0.00222 0.04055 0.09411 0.14049 0.04065 0.00423
0.33926 0.02133 1.89747 -0.48472 -0.08986 1.76127 -0.00811 0.04129 -0.01361 -0.00138 0.00144 0.01351 0.09831 0.13859 0.00420 -0.00190
0.33746 0.06829 1.91221 -0.48696 -0.08703 1.77841 -0.00180 0.04696 0.01474 -0.00224 0.00283 0.01714 0.10200 0.14242 0.00369 0.00383
0.34299 0.08895 1.91555 -0.48531 -0.08403 1.78119 0.00553 0.02066 0.00334 0.00165 0.00300 0.00278 0.10901 0.14847 0.00701 0.00605
0.34068 0.09855 1.88494 -0.47751 -0.07806 1.75333 -0.00231 0.00960 -0.03061 0.00780 0.00597 -0.02786 0.10783 0.14383 -0.00118 -0.00464
0.35644 0.10498 1.96218 -0.49903 -0.07881 1.83222 0.01576 0.00643 0.07724 -0.02152 -0.00075 0.07889 0.11089 0.15280 0.00306 0.00897
0.33275 0.0753 1.8679 -0.48351 -0.06981 1.76694 -0.02369 -0.02968 -0.09428 0.01552 0.00900 -0.06528 0.10046 0.14355 -0.01043 -0.00925
0.31373 0.04186 1.78231 -0.46524 -0.06869 1.70147 -0.01902 -0.03344 -0.08559 0.01827 0.00112 -0.06547 0.09421 0.13839 -0.00625 -0.00516
0.31639 0.01147 1.81572 -0.47654 -0.072 1.75232 0.00266 -0.03039 0.03341 -0.01130 -0.00331 0.05085 0.09450 0.14378 0.00029 0.00539
0.29046 -0.0133 1.68429 -0.44289 -0.06696 1.63403 -0.02593 -0.02477 -0.13143 0.03365 0.00504 -0.11829 0.08836 0.13120 -0.00614 -0.01258
0.29212 -0.029 1.69205 -0.44388 -0.06661 1.64723 0.00166 -0.01570 0.00776 -0.00099 0.00035 0.01320 0.09095 0.13222 0.00259 0.00102
0.29334 -0.03441 1.68903 -0.44236 -0.06441 1.64238 0.00122 -0.00541 -0.00302 0.00152 0.00220 -0.00485 0.09154 0.13621 0.00059 0.00399
0.29638 -0.03249 1.69127 -0.44197 -0.06192 1.64077 0.00304 0.00192 0.00224 0.00039 0.00249 -0.00161 0.08970 0.13439 -0.00184 -0.00182
0.29991 -0.02883 1.69032 -0.44264 -0.05837 1.63348 0.00353 0.00366 -0.00095 -0.00067 0.00355 -0.00729 0.09166 0.13351 0.00196 -0.00088
0.30532 -0.0232 1.67337 -0.43625 -0.055 1.60898 0.00541 0.00563 -0.01695 0.00639 0.00337 -0.02450 0.09329 0.13175 0.00163 -0.00176
0.31134 -0.01985 1.6894 -0.43937 -0.05464 1.62208 0.00602 0.00335 0.01603 -0.00312 0.00036 0.01310 0.09240 0.13262 -0.00089 0.00087
0.31998 -0.02195 1.70201 -0.44155 -0.0542 1.63018 0.00864 -0.00210 0.01261 -0.00218 0.00044 0.00810 0.09331 0.12909 0.00091 -0.00353
0.32392 -0.02252 1.70932 -0.44185 -0.05457 1.63512 0.00394 -0.00057 0.00731 -0.00030 -0.00037 0.00494 0.09139 0.13354 -0.00192 0.00445
0.32711 -0.02505 1.71264 -0.44197 -0.05619 1.6366 0.00319 -0.00253 0.00332 -0.00012 -0.00162 0.00148 0.09293 0.12978 0.00154 -0.00376
0.33144 -0.02948 1.71206 -0.44148 -0.05673 1.6302 0.00433 -0.00443 -0.00058 0.00049 -0.00054 -0.00640 0.09245 0.13334 -0.00048 0.00356
0.33284 -0.03018 1.7144 -0.44119 -0.05374 1.63085 0.00140 -0.00070 0.00234 0.00029 0.00299 0.00065 0.09143 0.13334 -0.00102 0.00000
0.3513 -0.03579 1.79435 -0.46213 -0.05537 1.69879 0.01846 -0.00561 0.07995 -0.02094 -0.00163 0.06794 0.09585 0.14275 0.00442 0.00941
0.34435 -0.03752 1.75008 -0.4489 -0.05168 1.65715 -0.00695 -0.00173 -0.04427 0.01323 0.00369 -0.04164 0.09482 0.13701 -0.00103 -0.00574
0.34642 -0.03989 1.75101 -0.44756 -0.05101 1.65504 0.00207 -0.00237 0.00093 0.00134 0.00067 -0.00211 0.09426 0.13639 -0.00056 -0.00062
0.34413 -0.04232 1.75009 -0.44621 -0.05182 1.65247 -0.00229 -0.00243 -0.00092 0.00135 -0.00081 -0.00257 0.09310 0.13771 -0.00116 0.00132
0.33524 -0.04569 1.74947 -0.44498 -0.05199 1.65344 -0.00889 -0.00337 -0.00062 0.00123 -0.00017 0.00097 0.09472 0.13480 0.00162 -0.00291
0.31577 -0.0518 1.74536 -0.44281 -0.05433 1.64944 -0.01947 -0.00611 -0.00411 0.00217 -0.00234 -0.00400 0.09421 0.13688 -0.00051 0.00208
0.28748 -0.05845 1.74668 -0.44273 -0.05531 1.64725 -0.02829 -0.00665 0.00132 0.00008 -0.00098 -0.00219 0.09562 0.13707 0.00141 0.00019
0.20597 -0.06308 1.69514 -0.43139 -0.05863 1.60197 -0.08151 -0.00463 -0.05154 0.01134 -0.00332 -0.04528 0.09360 0.12984 -0.00202 -0.00723
0.18449 -0.06787 1.80291 -0.45955 -0.06795 1.71378 -0.02148 -0.00479 0.10777 -0.02816 -0.00932 0.11181 0.10641 0.14473 0.01281 0.01489
0.09073 -0.04215 1.68256 -0.45285 -0.07948 1.70771 -0.09376 0.02572 -0.12035 0.00670 -0.01153 -0.00607 0.11616 0.14528 0.00975 0.00055
0.07003 -0.0347 1.632 -0.44771 -0.08377 1.69461 -0.02070 0.00745 -0.05056 0.00514 -0.00429 -0.01310 0.11136 0.14131 -0.00480 -0.00397
0.05077 -0.03587 1.6044 -0.44376 -0.08549 1.69065 -0.01926 -0.00117 -0.02760 0.00395 -0.00172 -0.00396 0.10699 0.13957 -0.00437 -0.00174
0.03383 -0.03657 1.58882 -0.43794 -0.08735 1.67615 -0.01694 -0.00070 -0.01558 0.00582 -0.00186 -0.01450 0.11187 0.14003 0.00488 0.00046
0.01549 -0.03811 1.6082 -0.43652 -0.08909 1.67324 -0.01834 -0.00154 0.01938 0.00142 -0.00174 -0.00291 0.11459 0.13798 0.00272 -0.00205
-0.00856 -0.03932 1.63877 -0.43694 -0.09206 1.67856 -0.02405 -0.00121 0.03057 -0.00042 -0.00297 0.00532 0.10835 0.14167 -0.00624 0.00369
-0.03534 -0.04241 1.67185 -0.4377 -0.09543 1.68067 -0.02678 -0.00309 0.03308 -0.00076 -0.00337 0.00211 0.10731 0.13981 -0.00104 -0.00186
-0.05725 -0.05466 1.69622 -0.43518 -0.09721 1.66793 -0.02191 -0.01225 0.02437 0.00252 -0.00178 -0.01274 0.10938 0.13945 0.00207 -0.00036
-0.10111 -0.07251 1.74022 -0.43632 -0.10114 1.66855 -0.04386 -0.01785 0.04400 -0.00114 -0.00393 0.00062 0.11862 0.14266 0.00924 0.00321
-0.12341 -0.07921 1.76495 -0.44092 -0.10362 1.68991 -0.02230 -0.00670 0.02473 -0.00460 -0.00248 0.02136 0.12446 0.14255 0.00584 -0.00011
-0.14175 -0.08215 1.73207 -0.43474 -0.1021 1.66735 -0.01834 -0.00294 -0.03288 0.00618 0.00152 -0.02256 0.12730 0.14630 0.00284 0.00375
-0.15673 -0.09277 1.72471 -0.43747 -0.10025 1.67696 -0.01498 -0.01062 -0.00736 -0.00273 0.00185 0.00961 0.13452 0.14168 0.00722 -0.00462
-0.1751 -0.10149 1.6921 -0.43213 -0.09628 1.68006 -0.01837 -0.00872 -0.03261 0.00534 0.00397 0.00310 0.13808 0.14525 0.00356 0.00357
-0.22414 -0.0953 1.66047 -0.42125 -0.09732 1.68771 -0.04904 0.00619 -0.03163 0.01088 -0.00104 0.00765 0.11776 0.06771 -0.02032 -0.07754
-0.35924 -0.1018 1.69319 -0.38238 -0.08775 1.69181 -0.13510 -0.00650 0.03272 0.03887 0.00957 0.00410 0.11228 0.06347 -0.00548 -0.00424
-0.37215 -0.09524 1.69954 -0.39131 -0.08381 1.69921 -0.01291 0.00656 0.00635 -0.00893 0.00394 0.00740 0.11516 0.06981 0.00288 0.00634
-0.3911 -0.06663 1.67087 -0.3971 -0.06713 1.68192 -0.01895 0.02861 -0.02867 -0.00579 0.01668 -0.01729 0.12071 0.08328 0.00555 0.01347
-0.47456 -0.04274 1.75515 -0.47388 -0.05217 1.77107 -0.08346 0.02389 0.08428 -0.07678 0.01496 0.08915 0.09860 0.06866 -0.02211 -0.01462
-0.24997 -0.02021 1.65797 -0.46282 -0.05058 1.69826 0.22459 0.02253 -0.09718 0.01106 0.00159 -0.07281 0.10443 0.08190 0.00583 0.01324
-0.21534 0.03529 1.65516 -0.48752 -0.04009 1.69941 0.03463 0.05550 -0.00281 -0.02470 0.01049 0.00115 0.07188 0.13577 -0.03255 0.05387
-0.16307 0.02389 1.691 -0.5009 -0.04128 1.72973 0.05227 -0.01140 0.03584 -0.01338 -0.00119 0.03032 0.10651 0.13322 0.03463 -0.00255
-0.13934 0.03784 1.71722 -0.51276 -0.04338 1.76628 0.02373 0.01395 0.02622 -0.01186 -0.00210 0.03655 0.10588 0.14248 -0.00063 0.00926
-0.12284 0.04339 1.71857 -0.51397 -0.04466 1.76779 0.01650 0.00555 0.00135 -0.00121 -0.00128 0.00151 0.10472 0.13367 -0.00116 -0.00881
-0.11363 0.04318 1.72385 -0.51339 -0.04339 1.76987 0.00921 -0.00021 0.00528 0.00058 0.00127 0.00208 0.10625 0.14050 0.00153 0.00683
-0.11171 0.04225 1.7299 -0.51011 -0.04278 1.77595 0.00192 -0.00093 0.00605 0.00328 0.00061 0.00608 0.10470 0.14317 -0.00155 0.00267
-0.11192 0.04118 1.73783 -0.50803 -0.03979 1.77637 -0.00021 -0.00107 0.00793 0.00208 0.00299 0.00042 0.10473 0.14267 0.00003 -0.00050
-0.1129 0.03937 1.74736 -0.50436 -0.03846 1.78247 -0.00098 -0.00181 0.00953 0.00367 0.00133 0.00610 0.10284 0.14551 -0.00189 0.00284
-0.11353 0.03518 1.75223 -0.49974 -0.03674 1.78515 -0.00063 -0.00419 0.00487 0.00462 0.00172 0.00268 0.10603 0.14236 0.00319 -0.00315
-0.11473 0.03067 1.76021 -0.49586 -0.03444 1.78769 -0.00120 -0.00451 0.00798 0.00388 0.00230 0.00254 0.10880 0.13951 0.00277 -0.00285
-0.11527 0.02893 1.76328 -0.49108 -0.03464 1.79403 -0.00054 -0.00174 0.00307 0.00478 -0.00020 0.00634 0.10853 0.14588 -0.00027 0.00637
-0.11649 0.03017 1.76343 -0.48654 -0.03393 1.79603 -0.00122 0.00124 0.00015 0.00454 0.00071 0.00200 0.10577 0.15094 -0.00276 0.00506
-0.11497 0.02694 1.77946 -0.48546 -0.03087 1.81352 0.00152 -0.00323 0.01603 0.00108 0.00306 0.01749 0.10254 0.15202 -0.00323 0.00108
-0.11108 0.0209 1.77948 -0.48392 -0.03011 1.81271 0.00389 -0.00604 0.00002 0.00154 0.00076 -0.00081 0.09992 0.15056 -0.00262 -0.00146
-0.09263 -0.02918 1.77643 -0.47436 -0.03356 1.79411 0.01845 -0.05008 -0.00305 0.00956 -0.00345 -0.01860 0.11020 0.14181 0.01028 -0.00875
-0.0834 -0.11852 1.79373 -0.46035 -0.06073 1.8182 0.00923 -0.08934 0.01730 0.01401 -0.02717 0.02409 0.10321 0.15521 -0.00699 0.01340
-0.08775 -0.17545 1.79758 -0.44583 -0.09236 1.83876 -0.00435 -0.05693 0.00385 0.01452 -0.03163 0.02056 0.09346 0.15259 -0.00975 -0.00262
-0.07762 -0.23651 1.72073 -0.40467 -0.13197 1.77257 0.01013 -0.06106 -0.07685 0.04116 -0.03961 -0.06619 0.08468 0.14139 -0.00878 -0.01120
-0.06017 -0.31826 1.74752 -0.37761 -0.19424 1.79897 0.01745 -0.08175 0.02679 0.02706 -0.06227 0.02640 0.07826 0.15736 -0.00642 0.01597
-0.02277 -0.39794 1.77636 -0.33411 -0.25772 1.79196 0.03740 -0.07968 0.02884 0.04350 -0.06348 -0.00701 0.09152 0.15318 0.01326 -0.00418
0.00302 -0.4494 1.71726 -0.27579 -0.30927 1.70567 0.02579 -0.05146 -0.05910 0.05832 -0.05155 -0.08629 0.09277 0.13531 0.00125 -0.01787
0.06142 -0.58808 1.88149 -0.24599 -0.41872 1.8372 0.05840 -0.13868 0.16423 0.02980 -0.10945 0.13153 0.13454 0.10913 0.04177 -0.02618
0.07984 -0.5983 1.88273 -0.20272 -0.549 1.88498 0.01842 -0.01022 0.00124 0.04327 -0.13028 0.04778 0.09478 0.12018 -0.03976 0.01105
0.13168 -0.6398 1.92353 -0.15681 -0.62745 1.88756 0.05184 -0.04150 0.04080 0.04591 -0.07845 0.00258 0.12807 0.12887 0.03329 0.00869
0.12789 -0.62891 1.9335 -0.1601 -0.63797 1.89724 -0.00379 0.01089 0.00997 -0.00329 -0.01052 0.00968 0.12617 0.12390 -0.00190 -0.00497
0.12676 -0.62231 1.92396 -0.16002 -0.63665 1.88972 -0.00113 0.00660 -0.00954 0.00008 0.00132 -0.00752 0.12583 0.12195 -0.00034 -0.00195
0.1231 -0.63537 1.86447 -0.15712 -0.6303 1.87703 -0.00366 -0.01306 -0.05949 0.00290 0.00635 -0.01269 0.15754 0.12202 0.03171 0.00007
0.12544 -0.61748 1.80748 -0.18591 -0.62731 1.78686 0.00234 0.01789 -0.05699 -0.02879 0.00299 -0.09017 0.14836 0.12272 -0.00918 0.00070
0.16227 -0.61075 1.79323 -0.1526 -0.61176 1.79157 0.03683 0.00673 -0.01425 0.03331 0.01555 0.00471 0.13355 0.12085 -0.01481 -0.00187
0.19303 -0.60783 1.79019 -0.1507 -0.60644 1.77593 0.03076 0.00292 -0.00304 0.00190 0.00532 -0.01564 0.12212 0.11961 -0.01143 -0.00124
0.24854 -0.62526 1.85417 -0.15164 -0.6163 1.81192 0.05551 -0.01743 0.06398 -0.00094 -0.00986 0.03599 0.10528 0.11887 -0.01684 -0.00074
0.34387 -0.63701 1.90261 -0.15454 -0.62892 1.85033 0.09533 -0.01175 0.04844 -0.00290 -0.01262 0.03841 0.09788 0.12368 -0.00740 0.00481
0.39949 -0.63277 1.89796 -0.15139 -0.62016 1.82267 0.05562 0.00424 -0.00465 0.00315 0.00876 -0.02766 0.10683 0.12168 0.00895 -0.00200
0.44109 -0.62729 1.8822 -0.14788 -0.60842 1.79088 0.04160 0.00548 -0.01576 0.00351 0.01174 -0.03179 0.10704 0.11847 0.00021 -0.00321
0.46347 -0.64497 1.88322 -0.20201 -0.61415 1.79546 0.02238 -0.01768 0.00102 -0.05413 -0.00573 0.00458 0.10702 0.14369 -0.00002 0.02522
0.49698 -0.64689 1.93913 -0.15276 -0.6076 1.78645 0.03351 -0.00192 0.05591 0.04925 0.00655 -0.00901 0.13911 0.12222 0.03209 -0.02147
0.55057 -0.65615 1.91771 -0.16179 -0.59497 1.80187 0.05359 -0.00926 -0.02142 -0.00903 0.01263 0.01542 0.06351 0.12042 -0.07560 -0.00180
0.56679 -0.67489 1.97418 -0.14878 -0.60934 1.82231 0.01622 -0.01874 0.05647 0.01301 -0.01437 0.02044 0.07571 0.11737 0.01220 -0.00305
0.57079 -0.69845 1.99631 -0.14074 -0.60837 1.8144 0.00400 -0.02356 0.02213 0.00804 0.00097 -0.00791 0.08775 0.11983 0.01204 0.00246
0.57961 -0.71578 2.00182 -0.13197 -0.61372 1.75129 0.00882 -0.01733 0.00551 0.00877 -0.00535 -0.06311 0.11083 0.13413 0.02308 0.01430
0.60249 -0.72699 1.99676 -0.13073 -0.61558 1.78493 0.02288 -0.01121 -0.00506 0.00124 -0.00186 0.03364 0.08823 0.13142 -0.02260 -0.00271
0.59813 -0.73093 1.99602 -0.13061 -0.61609 1.7928 -0.00436 -0.00394 -0.00074 0.00012 -0.00051 0.00787 0.14225 0.12912 0.05402 -0.00230
0.5814 -0.72296 1.97451 -0.09458 -0.60838 1.80682 -0.01673 0.00797 -0.02151 0.03603 0.00771 0.01402 0.11931 0.12671 -0.02294 -0.00241
0.58408 -0.72183 1.96928 -0.09331 -0.60769 1.80473 0.00268 0.00113 -0.00523 0.00127 0.00069 -0.00209 0.13274 0.12521 0.01343 -0.00150
0.58806 -0.73241 2.00024 -0.13035 -0.59851 1.86077 0.00398 -0.01058 0.03096 -0.03704 0.00918 0.05604 0.14538 0.12358 0.01264 -0.00163
0.58648 -0.73213 1.99962 -0.13049 -0.59883 1.86041 -0.00158 0.00028 -0.00062 -0.00014 -0.00032 -0.00036 0.14413 0.12464 -0.00125 0.00106
0.58534 -0.73101 1.99893 -0.12673 -0.59859 1.86324 -0.00114 0.00112 -0.00069 0.00376 0.00024 0.00283 0.14548 0.12478 0.00135 0.00014
0.5876 -0.73136 1.99693 -0.12626 -0.60091 1.86079 0.00226 -0.00035 -0.00200 0.00047 -0.00232 -0.00245 0.14066 0.12074 -0.00482 -0.00404
0.55974 -0.73149 2.01774 -0.12898 -0.60129 1.85855 -0.02786 -0.00013 0.02081 -0.00272 -0.00038 -0.00224 0.12110 0.12148 -0.01956 0.00074
0.5605 -0.73116 2.01546 -0.1286 -0.60129 1.86063 0.00076 0.00033 -0.00228 0.00038 0.00000 0.00208 0.08460 0.12293 -0.03650 0.00145
0.55052 -0.71652 1.97371 -0.08776 -0.60663 1.80216 -0.00998 0.01464 -0.04175 0.04084 -0.00534 -0.05847 0.08412 0.12779 -0.00048 0.00486
0.55406 -0.71792 1.97721 -0.09318 -0.60597 1.80524 0.00354 -0.00140 0.00350 -0.00542 0.00066 0.00308 0.12157 0.13020 0.03745 0.00241
0.5651 -0.72849 2.00508 -0.12448 -0.60143 1.85313 0.01104 -0.01057 0.02787 -0.03130 0.00454 0.04789 0.08331 0.11979 -0.03826 -0.01041
0.56692 -0.7296 2.00827 -0.1238 -0.60266 1.85321 0.00182 -0.00111 0.00319 0.00068 -0.00123 0.00008 0.08300 0.11863 -0.00031 -0.00116
0.5962 -0.73047 1.99135 -0.12525 -0.60141 1.85239 0.02928 -0.00087 -0.01692 -0.00145 0.00125 -0.00082 0.13267 0.12084 0.04967 0.00221
0.59403 -0.73196 1.99662 -0.12653 -0.60299 1.85661 -0.00217 -0.00149 0.00527 -0.00128 -0.00158 0.00422 0.13434 0.12093 0.00167 0.00009
0.59294 -0.73142 1.99607 -0.12971 -0.60282 1.85714 -0.00109 0.00054 -0.00055 -0.00318 0.00017 0.00053 0.13510 0.12271 0.00076 0.00178
]
