classifier_Car_bumps_into_fence_172 [ 0.58645 -0.69784 1.83149 -0.09033 -0.48851 1.83036 0.58645 -0.69784 1.83149 -0.09033 -0.48851 1.83036 0.12854 0.13252 0.12854 0.13252
0.57997 -0.68584 1.79756 -0.09077 -0.47753 1.78713 -0.00648 0.01200 -0.03393 -0.00044 0.01098 -0.04323 0.13081 0.12894 0.00227 -0.00358
0.58607 -0.68544 1.81591 -0.09737 -0.47417 1.78614 0.00610 0.00040 0.01835 -0.00660 0.00336 -0.00099 0.14518 0.12461 0.01437 -0.00433
0.58568 -0.66966 1.80115 -0.10962 -0.46071 1.75107 -0.00039 0.01578 -0.01476 -0.01225 0.01346 -0.03507 0.14652 0.11523 0.00134 -0.00938
0.59577 -0.66307 1.82625 -0.11633 -0.48394 1.75761 0.01009 0.00659 0.02510 -0.00671 -0.02323 0.00654 0.14691 0.10623 0.00039 -0.00900
0.52027 -0.55202 1.64833 -0.13342 -0.40858 1.5982 -0.07550 0.11105 -0.17792 -0.01709 0.07536 -0.15941 0.13666 0.09987 -0.01025 -0.00636
0.53918 -0.53036 1.74206 -0.16483 -0.38649 1.68906 0.01891 0.02166 0.09373 -0.03141 0.02209 0.09086 0.09427 0.09772 -0.04239 -0.00215
0.54829 -0.49736 1.71064 -0.18157 -0.32967 1.70064 0.00911 0.03300 -0.03142 -0.01674 0.05682 0.01158 0.04987 0.09137 -0.04440 -0.00635
0.44793 -0.3564 1.61665 -0.19541 -0.26831 1.6359 -0.10036 0.14096 -0.09399 -0.01384 0.06136 -0.06474 0.10135 0.09096 0.05148 -0.00041
0.43852 -0.30879 1.69048 -0.21268 -0.22545 1.68587 -0.00941 0.04761 0.07383 -0.01727 0.04286 0.04997 0.11300 0.09392 0.01165 0.00296
0.33227 -0.17255 1.59215 -0.19733 -0.1177 1.57805 -0.10625 0.13624 -0.09833 0.01535 0.10775 -0.10782 0.11207 0.11041 -0.00093 0.01649
0.3289 -0.13649 1.60008 -0.19162 -0.08403 1.57846 -0.00337 0.03606 0.00793 0.00571 0.03367 0.00041 0.10172 0.11071 -0.01035 0.00030
0.29497 -0.09987 1.5988 -0.18526 -0.05821 1.57359 -0.03393 0.03662 -0.00128 0.00636 0.02582 -0.00487 0.10642 0.11819 0.00470 0.00748
0.28095 -0.07423 1.66437 -0.18252 -0.04251 1.64146 -0.01402 0.02564 0.06557 0.00274 0.01570 0.06787 0.11138 0.11870 0.00496 0.00051
0.27293 -0.05439 1.79474 -0.18398 -0.0361 1.77135 -0.00802 0.01984 0.13037 -0.00146 0.00641 0.12989 0.12978 0.13105 0.01840 0.01235
0.24715 -0.03887 1.62943 -0.16543 -0.02633 1.61231 -0.02578 0.01552 -0.16531 0.01855 0.00977 -0.15904 0.11371 0.11466 -0.01607 -0.01639
0.22235 -0.02883 1.61415 -0.15908 -0.02417 1.5925 -0.02480 0.01004 -0.01528 0.00635 0.00216 -0.01981 0.11508 0.11271 0.00137 -0.00195
0.24084 -0.02819 1.78325 -0.16694 -0.02912 1.76319 0.01849 0.00064 0.16910 -0.00786 -0.00495 0.17069 0.12722 0.12021 0.01214 0.00750
0.01457 -0.02101 1.63662 -0.14936 -0.02883 1.60543 -0.22627 0.00718 -0.14663 0.01758 0.00029 -0.15776 0.12205 0.10926 -0.00517 -0.01095
0.00806 -0.02069 1.62991 -0.15029 -0.03095 1.60261 -0.00651 0.00032 -0.00671 -0.00093 -0.00212 -0.00282 0.11858 0.11125 -0.00347 0.00199
0.0042 -0.02125 1.62232 -0.15757 -0.03212 1.59932 -0.00386 -0.00056 -0.00759 -0.00728 -0.00117 -0.00329 0.11602 0.11193 -0.00256 0.00068
-0.00384 -0.02748 1.59421 -0.15305 -0.03657 1.57309 -0.00804 -0.00623 -0.02811 0.00452 -0.00445 -0.02623 0.10901 0.10868 -0.00701 -0.00325
-0.00813 -0.03418 1.6199 -0.15464 -0.03838 1.59829 -0.00429 -0.00670 0.02569 -0.00159 -0.00181 0.02520 0.08458 0.11387 -0.02443 0.00519
-0.00688 -0.03155 1.61443 -0.14981 -0.03915 1.59868 0.00125 0.00263 -0.00547 0.00483 -0.00077 0.00039 0.08152 0.10868 -0.00306 -0.00519
0.24299 -0.05748 1.77527 -0.15821 -0.03898 1.74995 0.24987 -0.02593 0.16084 -0.00840 0.00017 0.15127 0.13018 0.12431 0.04866 0.01563
0.25229 -0.06093 1.83779 -0.15394 -0.03549 1.8069 0.00930 -0.00345 0.06252 0.00427 0.00349 0.05695 0.12947 0.12906 -0.00071 0.00475
0.21481 -0.05493 1.71004 -0.13826 -0.02392 1.66646 -0.03748 0.00600 -0.12775 0.01568 0.01157 -0.14044 0.12208 0.13169 -0.00739 0.00263
0.1361 -0.04126 1.61003 -0.13693 -0.01165 1.5474 -0.07871 0.01367 -0.10001 0.00133 0.01227 -0.11906 0.05961 0.12481 -0.06247 -0.00688
0.15575 -0.04258 1.64416 -0.15742 -0.00153 1.56357 0.01965 -0.00132 0.03413 -0.02049 0.01012 0.01617 0.06620 0.13358 0.00659 0.00877
0.20774 -0.05811 1.67452 -0.19216 -0.00835 1.58778 0.05199 -0.01553 0.03036 -0.03474 -0.00682 0.02421 0.10927 0.14285 0.04307 0.00927
0.18147 -0.0563 1.62075 -0.21487 0.01981 1.53344 -0.02627 0.00181 -0.05377 -0.02271 0.02816 -0.05434 0.07206 0.10107 -0.03721 -0.04178
0.16566 -0.05763 1.61759 -0.2168 0.01046 1.5115 -0.01581 -0.00133 -0.00316 -0.00193 -0.00935 -0.02194 0.05719 0.12184 -0.01487 0.02077
0.23126 -0.07774 1.62417 -0.21234 -0.00529 1.51283 0.06560 -0.02011 0.00658 0.00446 -0.01575 0.00133 0.11463 0.12603 0.05744 0.00419
0.22822 -0.07584 1.61439 -0.20589 -0.00672 1.50417 -0.00304 0.00190 -0.00978 0.00645 -0.00143 -0.00866 0.11342 0.13807 -0.00121 0.01204
0.22887 -0.0753 1.61796 -0.20508 -0.00729 1.50721 0.00065 0.00054 0.00357 0.00081 -0.00057 0.00304 0.11187 0.13557 -0.00155 -0.00250
0.23297 -0.07672 1.60895 -0.20516 -0.00952 1.50028 0.00410 -0.00142 -0.00901 -0.00008 -0.00223 -0.00693 0.11305 0.13763 0.00118 0.00206
0.23617 -0.07264 1.61357 -0.20672 -0.0063 1.50546 0.00320 0.00408 0.00462 -0.00156 0.00322 0.00518 0.11655 0.13697 0.00350 -0.00066
0.23779 -0.07189 1.61386 -0.20963 -0.0071 1.50385 0.00162 0.00075 0.00029 -0.00291 -0.00080 -0.00161 0.10947 0.13857 -0.00708 0.00160
0.24613 -0.07293 1.66579 -0.21919 -0.0084 1.55715 0.00834 -0.00104 0.05193 -0.00956 -0.00130 0.05330 0.11369 0.13254 0.00422 -0.00603
0.24797 -0.06704 1.61929 -0.21652 -0.00543 1.51854 0.00184 0.00589 -0.04650 0.00267 0.00297 -0.03861 0.09938 0.14140 -0.01431 0.00886
0.26177 -0.06708 1.59198 -0.21531 -0.00481 1.49739 0.01380 -0.00004 -0.02731 0.00121 0.00062 -0.02115 0.07851 0.14202 -0.02087 0.00062
0.27426 -0.07021 1.58314 -0.21616 -0.0034 1.49846 0.01249 -0.00313 -0.00884 -0.00085 0.00141 0.00107 0.07523 0.13334 -0.00328 -0.00868
0.29644 -0.08317 1.63893 -0.22733 -0.00407 1.57306 0.02218 -0.01296 0.05579 -0.01117 -0.00067 0.07460 0.08081 0.14616 0.00558 0.01282
0.3041 -0.08531 1.6225 -0.22735 -0.00137 1.57151 0.00766 -0.00214 -0.01643 -0.00002 0.00270 -0.00155 0.07442 0.14589 -0.00639 -0.00027
0.31451 -0.07653 1.61096 -0.22732 -0.00559 1.57149 0.01041 0.00878 -0.01154 0.00003 -0.00422 -0.00002 0.07397 0.15506 -0.00045 0.00917
0.33148 -0.04946 1.62761 -0.23063 -0.0061 1.59629 0.01697 0.02707 0.01665 -0.00331 -0.00051 0.02480 0.07492 0.15336 0.00095 -0.00170
0.33086 0.07118 1.60549 -0.22596 -0.00583 1.56917 -0.00062 0.12064 -0.02212 0.00467 0.00027 -0.02712 0.07626 0.13812 0.00134 -0.01524
0.33131 0.1263 1.61462 -0.22657 -0.00714 1.56416 0.00045 0.05512 0.00913 -0.00061 -0.00131 -0.00501 0.07673 0.14824 0.00047 0.01012
0.32668 0.16893 1.61663 -0.22686 -0.00804 1.55425 -0.00463 0.04263 0.00201 -0.00029 -0.00090 -0.00991 0.07551 0.15587 -0.00122 0.00763
0.32345 0.18099 1.6268 -0.22977 -0.00671 1.54936 -0.00323 0.01206 0.01017 -0.00291 0.00133 -0.00489 0.07697 0.14496 0.00146 -0.01091
0.31995 0.15909 1.62214 -0.23252 -0.00839 1.5549 -0.00350 -0.02190 -0.00466 -0.00275 -0.00168 0.00554 0.06678 0.14479 -0.01019 -0.00017
0.32844 0.10254 1.63057 -0.23733 -0.00576 1.56836 0.00849 -0.05655 0.00843 -0.00481 0.00263 0.01346 0.07251 0.14702 0.00573 0.00223
0.33779 -0.04289 1.63186 -0.24878 -0.00289 1.58854 0.00935 -0.14543 0.00129 -0.01145 0.00287 0.02018 0.06644 0.15289 -0.00607 0.00587
0.32302 -0.0908 1.58879 -0.24686 -0.00276 1.55531 -0.01477 -0.04791 -0.04307 0.00192 0.00013 -0.03323 0.06430 0.14927 -0.00214 -0.00362
0.32406 -0.08222 1.591 -0.24849 -0.00579 1.55118 0.00104 0.00858 0.00221 -0.00163 -0.00303 -0.00413 0.06867 0.15118 0.00437 0.00191
0.34079 -0.03398 1.64732 -0.25581 -0.00731 1.5945 0.01673 0.04824 0.05632 -0.00732 -0.00152 0.04332 0.07236 0.15374 0.00369 0.00256
0.3329 0.03385 1.61664 -0.25047 -0.01129 1.55546 -0.00789 0.06783 -0.03068 0.00534 -0.00398 -0.03904 0.07328 0.14917 0.00092 -0.00457
0.33516 0.08953 1.60848 -0.2471 -0.01168 1.54012 0.00226 0.05568 -0.00816 0.00337 -0.00039 -0.01534 0.07948 0.15019 0.00620 0.00102
0.33238 0.13862 1.60065 -0.24484 -0.01207 1.52938 -0.00278 0.04909 -0.00783 0.00226 -0.00039 -0.01074 0.07883 0.15030 -0.00065 0.00011
0.33385 0.16637 1.60875 -0.24597 -0.01888 1.53735 0.00147 0.02775 0.00810 -0.00113 -0.00681 0.00797 0.07953 0.14717 0.00070 -0.00313
0.32758 0.14283 1.60382 -0.24887 -0.02022 1.53738 -0.00627 -0.02354 -0.00493 -0.00290 -0.00134 0.00003 0.06771 0.14625 -0.01182 -0.00092
0.33272 0.09393 1.61836 -0.25437 -0.0212 1.55764 0.00514 -0.04890 0.01454 -0.00550 -0.00098 0.02026 0.06848 0.14722 0.00077 0.00097
0.33244 0.03904 1.60682 -0.25663 -0.02254 1.5481 -0.00028 -0.05489 -0.01154 -0.00226 -0.00134 -0.00954 0.06757 0.15538 -0.00091 0.00816
0.33728 -0.01317 1.60056 -0.25847 -0.02415 1.55405 0.00484 -0.05221 -0.00626 -0.00184 -0.00161 0.00595 0.06245 0.15247 -0.00512 -0.00291
0.34217 -0.04775 1.6092 -0.26158 -0.02522 1.56065 0.00489 -0.03458 0.00864 -0.00311 -0.00107 0.00660 0.06312 0.15682 0.00067 0.00435
0.35902 -0.06195 1.64259 -0.26837 -0.02251 1.58478 0.01685 -0.01420 0.03339 -0.00679 0.00271 0.02413 0.06744 0.15241 0.00432 -0.00441
0.36453 -0.05251 1.634 -0.26699 -0.01881 1.56804 0.00551 0.00944 -0.00859 0.00138 0.00370 -0.01674 0.07606 0.14215 0.00862 -0.01026
0.35539 -0.03058 1.59422 -0.25904 -0.02007 1.51935 -0.00914 0.02193 -0.03978 0.00795 -0.00126 -0.04869 0.08317 0.14862 0.00711 0.00647
0.37099 0.00101 1.62625 -0.26252 -0.01612 1.53766 0.01560 0.03159 0.03203 -0.00348 0.00395 0.01831 0.12918 0.14784 0.04601 -0.00078
0.37352 0.01231 1.62721 -0.26148 -0.01539 1.5325 0.00253 0.01130 0.00096 0.00104 0.00073 -0.00516 0.13797 0.14672 0.00879 -0.00112
0.37134 0.01939 1.6009 -0.25551 -0.01479 1.51965 -0.00218 0.00708 -0.02631 0.00597 0.00060 -0.01285 0.14732 0.14902 0.00935 0.00230
0.37206 0.02315 1.59065 -0.25382 -0.01428 1.51285 0.00072 0.00376 -0.01025 0.00169 0.00051 -0.00680 0.14329 0.14889 -0.00403 -0.00013
0.37434 0.02326 1.5859 -0.2528 -0.01445 1.51107 0.00228 0.00011 -0.00475 0.00102 -0.00017 -0.00178 0.14571 0.15018 0.00242 0.00129
0.37273 0.02016 1.57076 -0.25151 -0.01595 1.50272 -0.00161 -0.00310 -0.01514 0.00129 -0.00150 -0.00835 0.14188 0.14412 -0.00383 -0.00606
0.37378 0.01436 1.57128 -0.25296 -0.01757 1.50386 0.00105 -0.00580 0.00052 -0.00145 -0.00162 0.00114 0.14710 0.13997 0.00522 -0.00415
0.37923 0.00966 1.5942 -0.25891 -0.01828 1.52341 0.00545 -0.00470 0.02292 -0.00595 -0.00071 0.01955 0.14516 0.15152 -0.00194 0.01155
0.37634 0.00399 1.57825 -0.25676 -0.01698 1.51421 -0.00289 -0.00567 -0.01595 0.00215 0.00130 -0.00920 0.13985 0.14545 -0.00531 -0.00607
0.37528 0.00043 1.5798 -0.25784 -0.01952 1.51698 -0.00106 -0.00356 0.00155 -0.00108 -0.00254 0.00277 0.14003 0.14682 0.00018 0.00137
0.37799 -0.00329 1.5792 -0.25884 -0.02074 1.51761 0.00271 -0.00372 -0.00060 -0.00100 -0.00122 0.00063 0.14106 0.14130 0.00103 -0.00552
0.37855 -0.00357 1.57736 -0.25929 -0.01997 1.51385 0.00056 -0.00028 -0.00184 -0.00045 0.00077 -0.00376 0.13959 0.14424 -0.00147 0.00294
0.37655 -0.00265 1.57643 -0.25877 -0.01861 1.51556 -0.00200 0.00092 -0.00093 0.00052 0.00136 0.00171 0.14474 0.14490 0.00515 0.00066
0.39044 -0.00446 1.61963 -0.26465 -0.01619 1.55525 0.01389 -0.00181 0.04320 -0.00588 0.00242 0.03969 0.13954 0.15468 -0.00520 0.00978
0.36973 -0.00464 1.57255 -0.25681 -0.01606 1.51722 -0.02071 -0.00018 -0.04708 0.00784 0.00013 -0.03803 0.14847 0.15336 0.00893 -0.00132
0.36863 -0.00429 1.57207 -0.25638 -0.01749 1.51503 -0.00110 0.00035 -0.00048 0.00043 -0.00143 -0.00219 0.14069 0.15215 -0.00778 -0.00121
0.36454 -0.00569 1.57043 -0.25612 -0.01875 1.51375 -0.00409 -0.00140 -0.00164 0.00026 -0.00126 -0.00128 0.14266 0.15296 0.00197 0.00081
0.35785 -0.00793 1.56504 -0.25547 -0.01916 1.50959 -0.00669 -0.00224 -0.00539 0.00065 -0.00041 -0.00416 0.13088 0.14750 -0.01178 -0.00546
0.35128 -0.00742 1.55921 -0.25428 -0.01905 1.50365 -0.00657 0.00051 -0.00583 0.00119 0.00011 -0.00594 0.13386 0.13683 0.00298 -0.01067
0.34557 -0.00869 1.55623 -0.25411 -0.01931 1.50337 -0.00571 -0.00127 -0.00298 0.00017 -0.00026 -0.00028 0.13526 0.15075 0.00140 0.01392
0.33706 -0.00999 1.5531 -0.2533 -0.01648 1.50441 -0.00851 -0.00130 -0.00313 0.00081 0.00283 0.00104 0.13186 0.14854 -0.00340 -0.00221
0.32485 -0.01036 1.54752 -0.25249 -0.01855 1.5019 -0.01221 -0.00037 -0.00558 0.00081 -0.00207 -0.00251 0.12815 0.14824 -0.00371 -0.00030
0.31324 -0.00957 1.56299 -0.25578 -0.0207 1.5101 -0.01161 0.00079 0.01547 -0.00329 -0.00215 0.00820 0.12947 0.14554 0.00132 -0.00270
0.26916 -0.00976 1.53153 -0.25058 -0.01921 1.48614 -0.04408 -0.00019 -0.03146 0.00520 0.00149 -0.02396 0.13544 0.14550 0.00597 -0.00004
0.25106 -0.01287 1.55198 -0.25246 -0.01874 1.50966 -0.01810 -0.00311 0.02045 -0.00188 0.00047 0.02352 0.13084 0.14812 -0.00460 0.00262
0.2246 -0.01397 1.56235 -0.25245 -0.01879 1.5157 -0.02646 -0.00110 0.01037 0.00001 -0.00005 0.00604 0.12680 0.14780 -0.00404 -0.00032
0.19641 -0.01794 1.57307 -0.25183 -0.02161 1.53062 -0.02819 -0.00397 0.01072 0.00062 -0.00282 0.01492 0.12751 0.15073 0.00071 0.00293
0.15679 -0.02057 1.54169 -0.2419 -0.02191 1.49956 -0.03962 -0.00263 -0.03138 0.00993 -0.00030 -0.03106 0.12975 0.15029 0.00224 -0.00044
0.11056 -0.01888 1.61394 -0.2467 -0.02403 1.57089 -0.04623 0.00169 0.07225 -0.00480 -0.00212 0.07133 0.14168 0.15545 0.01193 0.00516
0.06967 -0.02797 1.58622 -0.23442 -0.02735 1.53683 -0.04089 -0.00909 -0.02772 0.01228 -0.00332 -0.03406 0.12736 0.16092 -0.01432 0.00547
0.02826 -0.03322 1.6226 -0.22375 -0.02761 1.56988 -0.04141 -0.00525 0.03638 0.01067 -0.00026 0.03305 0.11906 0.15713 -0.00830 -0.00379
-0.04309 -0.02227 1.63291 -0.21302 -0.02146 1.57211 -0.07135 0.01095 0.01031 0.01073 0.00615 0.00223 0.15565 0.16538 0.03659 0.00825
-0.03491 -0.03386 1.62792 -0.20693 -0.0254 1.57943 0.00818 -0.01159 -0.00499 0.00609 -0.00394 0.00732 0.13744 0.17346 -0.01821 0.00808
-0.04597 -0.024 1.62671 -0.21016 -0.01899 1.57655 -0.01106 0.00986 -0.00121 -0.00323 0.00641 -0.00288 0.15460 0.17570 0.01716 0.00224
-0.01156 -0.02924 1.61802 -0.21671 -0.01593 1.57508 0.03441 -0.00524 -0.00869 -0.00655 0.00306 -0.00147 0.14174 0.17144 -0.01286 -0.00426
0.04693 -0.01536 1.59143 -0.24496 -0.01841 1.55065 0.05849 0.01388 -0.02659 -0.02825 -0.00248 -0.02443 0.14624 0.15349 0.00450 -0.01795
0.08844 -0.00913 1.54114 -0.24667 -0.02417 1.52409 0.04151 0.00623 -0.05029 -0.00171 -0.00576 -0.02656 0.13760 0.14508 -0.00864 -0.00841
0.13253 -0.00826 1.5726 -0.26239 -0.02509 1.56473 0.04409 0.00087 0.03146 -0.01572 -0.00092 0.04064 0.14991 0.15488 0.01231 0.00980
0.18038 -0.0075 1.52249 -0.26006 -0.02339 1.52891 0.04785 0.00076 -0.05011 0.00233 0.00170 -0.03582 0.14047 0.14536 -0.00944 -0.00952
0.21961 -0.00771 1.52769 -0.26754 -0.02036 1.53924 0.03923 -0.00021 0.00520 -0.00748 0.00303 0.01033 0.14363 0.14478 0.00316 -0.00058
0.26288 -0.00932 1.52187 -0.27121 -0.01976 1.53369 0.04327 -0.00161 -0.00582 -0.00367 0.00060 -0.00555 0.13659 0.14918 -0.00704 0.00440
0.29578 -0.00908 1.4915 -0.27061 -0.02065 1.50131 0.03290 0.00024 -0.03037 0.00060 -0.00089 -0.03238 0.14276 0.14390 0.00617 -0.00528
0.33189 -0.01134 1.50609 -0.27503 -0.02027 1.51386 0.03611 -0.00226 0.01459 -0.00442 0.00038 0.01255 0.14025 0.14627 -0.00251 0.00237
0.35947 -0.01272 1.5127 -0.27865 -0.0165 1.51542 0.02758 -0.00138 0.00661 -0.00362 0.00377 0.00156 0.14035 0.14610 0.00010 -0.00017
0.39119 -0.01583 1.54711 -0.28769 -0.02256 1.53661 0.03172 -0.00311 0.03441 -0.00904 -0.00606 0.02119 0.14005 0.15138 -0.00030 0.00528
0.41542 -0.01883 1.56629 -0.2916 -0.02418 1.55 0.02423 -0.00300 0.01918 -0.00391 -0.00162 0.01339 0.14443 0.15111 0.00438 -0.00027
0.42876 -0.02242 1.56551 -0.29166 -0.02427 1.54519 0.01334 -0.00359 -0.00078 -0.00006 -0.00009 -0.00481 0.14364 0.15389 -0.00079 0.00278
0.43941 -0.02859 1.56579 -0.29195 -0.02526 1.54423 0.01065 -0.00617 0.00028 -0.00029 -0.00099 -0.00096 0.14064 0.15190 -0.00300 -0.00199
0.43743 -0.02982 1.542 -0.28588 -0.02124 1.52578 -0.00198 -0.00123 -0.02379 0.00607 0.00402 -0.01845 0.13525 0.14980 -0.00539 -0.00210
0.44603 -0.03367 1.56468 -0.29138 -0.02484 1.53675 0.00860 -0.00385 0.02268 -0.00550 -0.00360 0.01097 0.14391 0.14858 0.00866 -0.00122
0.44436 -0.03604 1.56223 -0.29052 -0.0249 1.53295 -0.00167 -0.00237 -0.00245 0.00086 -0.00006 -0.00380 0.13601 0.14931 -0.00790 0.00073
0.43936 -0.03718 1.54021 -0.28386 -0.02218 1.51965 -0.00500 -0.00114 -0.02202 0.00666 0.00272 -0.01330 0.13695 0.15158 0.00094 0.00227
0.43414 -0.04007 1.54156 -0.28443 -0.02128 1.52512 -0.00522 -0.00289 0.00135 -0.00057 0.00090 0.00547 0.13041 0.15523 -0.00654 0.00365
0.43183 -0.04006 1.54004 -0.28483 -0.0199 1.52285 -0.00231 0.00001 -0.00152 -0.00040 0.00138 -0.00227 0.12854 0.14793 -0.00187 -0.00730
0.42956 -0.04136 1.5394 -0.28867 -0.02114 1.52504 -0.00227 -0.00130 -0.00064 -0.00384 -0.00124 0.00219 0.12937 0.14504 0.00083 -0.00289
0.42758 -0.04215 1.53887 -0.2913 -0.02179 1.52759 -0.00198 -0.00079 -0.00053 -0.00263 -0.00065 0.00255 0.12709 0.15745 -0.00228 0.01241
0.42633 -0.04379 1.53796 -0.29355 -0.01994 1.52672 -0.00125 -0.00164 -0.00091 -0.00225 0.00185 -0.00087 0.12782 0.15276 0.00073 -0.00469
0.42449 -0.04383 1.53637 -0.29361 -0.02285 1.52516 -0.00184 -0.00004 -0.00159 -0.00006 -0.00291 -0.00156 0.12938 0.15366 0.00156 0.00090
0.42521 -0.04444 1.53511 -0.29349 -0.02241 1.52427 0.00072 -0.00061 -0.00126 0.00012 0.00044 -0.00089 0.13384 0.15590 0.00446 0.00224
0.42648 -0.04426 1.53687 -0.29431 -0.02432 1.52419 0.00127 0.00018 0.00176 -0.00082 -0.00191 -0.00008 0.13061 0.14365 -0.00323 -0.01225
0.42533 -0.04413 1.53766 -0.29423 -0.02347 1.52627 -0.00115 0.00013 0.00079 0.00008 0.00085 0.00208 0.13111 0.14397 0.00050 0.00032
0.42452 -0.04504 1.53962 -0.29393 -0.0244 1.52465 -0.00081 -0.00091 0.00196 0.00030 -0.00093 -0.00162 0.13056 0.14499 -0.00055 0.00102
0.42189 -0.04484 1.54148 -0.29374 -0.0223 1.52428 -0.00263 0.00020 0.00186 0.00019 0.00210 -0.00037 0.12063 0.14623 -0.00993 0.00124
0.41658 -0.04828 1.54149 -0.29318 -0.02312 1.52437 -0.00531 -0.00344 0.00001 0.00056 -0.00082 0.00009 0.08654 0.15281 -0.03409 0.00658
0.40587 -0.05509 1.54361 -0.29062 -0.02824 1.52933 -0.01071 -0.00681 0.00212 0.00256 -0.00512 0.00496 0.06807 0.15524 -0.01847 0.00243
0.40388 -0.06964 1.556 -0.28544 -0.03741 1.52922 -0.00199 -0.01455 0.01239 0.00518 -0.00917 -0.00011 0.06110 0.14199 -0.00697 -0.01325
0.42025 -0.13831 1.59788 -0.26465 -0.08087 1.50865 0.01637 -0.06867 0.04188 0.02079 -0.04346 -0.02057 0.05599 0.06924 -0.00511 -0.07275
0.4254 -0.17996 1.57425 -0.24187 -0.1121 1.50064 0.00515 -0.04165 -0.02363 0.02278 -0.03123 -0.00801 0.05012 0.06364 -0.00587 -0.00560
0.45007 -0.23052 1.59012 -0.21976 -0.16348 1.52595 0.02467 -0.05056 0.01587 0.02211 -0.05138 0.02531 0.04448 0.05940 -0.00564 -0.00424
0.46487 -0.27953 1.56205 -0.1904 -0.21407 1.50995 0.01480 -0.04901 -0.02807 0.02936 -0.05059 -0.01600 0.04757 0.05497 0.00309 -0.00443
0.49619 -0.34029 1.58522 -0.16779 -0.26805 1.54653 0.03132 -0.06076 0.02317 0.02261 -0.05398 0.03658 0.04683 0.05763 -0.00074 0.00266
0.52424 -0.39664 1.60761 -0.14594 -0.31803 1.57965 0.02805 -0.05635 0.02239 0.02185 -0.04998 0.03312 0.06783 0.06373 0.02100 0.00610
0.53433 -0.44597 1.64075 -0.12608 -0.35916 1.60532 0.01009 -0.04933 0.03314 0.01986 -0.04113 0.02567 0.10195 0.07220 0.03412 0.00847
0.53914 -0.48224 1.65368 -0.10972 -0.40453 1.60587 0.00481 -0.03627 0.01293 0.01636 -0.04537 0.00055 0.10242 0.08324 0.00047 0.01104
0.5277 -0.5031 1.66297 -0.10058 -0.43291 1.5886 -0.01144 -0.02086 0.00929 0.00914 -0.02838 -0.01727 0.12060 0.09692 0.01818 0.01368
0.55639 -0.55645 1.77548 -0.09333 -0.47653 1.68514 0.02869 -0.05335 0.11251 0.00725 -0.04362 0.09654 0.12334 0.10108 0.00274 0.00416
0.5851 -0.65143 1.75152 -0.08362 -0.4868 1.69371 0.02871 -0.09498 -0.02396 0.00971 -0.01027 0.00857 0.13352 0.10035 0.01018 -0.00073
0.57997 -0.64616 1.80886 -0.07426 -0.49073 1.72538 -0.00513 0.00527 0.05734 0.00936 -0.00393 0.03167 0.13624 0.10341 0.00272 0.00306
0.58552 -0.66159 1.74105 -0.06944 -0.48674 1.71045 0.00555 -0.01543 -0.06781 0.00482 0.00399 -0.01493 0.11501 0.09949 -0.02123 -0.00392
0.58072 -0.66306 1.73692 -0.0664 -0.48342 1.70862 -0.00480 -0.00147 -0.00413 0.00304 0.00332 -0.00183 0.11700 0.09922 0.00199 -0.00027
0.58289 -0.66834 1.74703 -0.07048 -0.48885 1.71308 0.00217 -0.00528 0.01011 -0.00408 -0.00543 0.00446 0.11569 0.09614 -0.00131 -0.00308
0.5819 -0.66803 1.76009 -0.07004 -0.48787 1.71375 -0.00099 0.00031 0.01306 0.00044 0.00098 0.00067 0.12560 0.09830 0.00991 0.00216
0.58448 -0.67236 1.78203 -0.06906 -0.49052 1.72649 0.00258 -0.00433 0.02194 0.00098 -0.00265 0.01274 0.13246 0.09639 0.00686 -0.00191
0.58293 -0.67493 1.7795 -0.07347 -0.49266 1.72351 -0.00155 -0.00257 -0.00253 -0.00441 -0.00214 -0.00298 0.13407 0.09677 0.00161 0.00038
0.58153 -0.67575 1.76713 -0.07552 -0.49582 1.72695 -0.00140 -0.00082 -0.01237 -0.00205 -0.00316 0.00344 0.11433 0.09514 -0.01974 -0.00163
0.54826 -0.64417 1.69232 -0.08153 -0.4779 1.63548 -0.03327 0.03158 -0.07481 -0.00601 0.01792 -0.09147 0.11747 0.09016 0.00314 -0.00498
0.57503 -0.6771 1.78267 -0.08434 -0.50086 1.72371 0.02677 -0.03293 0.09035 -0.00281 -0.02296 0.08823 0.12466 0.09400 0.00719 0.00384
0.58682 -0.68427 1.77837 -0.08503 -0.50438 1.73844 0.01179 -0.00717 -0.00430 -0.00069 -0.00352 0.01473 0.15183 0.09342 0.02717 -0.00058
0.58266 -0.68349 1.7851 -0.08351 -0.50436 1.73519 -0.00416 0.00078 0.00673 0.00152 0.00002 -0.00325 0.11841 0.09461 -0.03342 0.00119
0.57994 -0.68127 1.78569 -0.08322 -0.505 1.73244 -0.00272 0.00222 0.00059 0.00029 -0.00064 -0.00275 0.12216 0.09394 0.00375 -0.00067
0.58055 -0.68117 1.78684 -0.08247 -0.50393 1.73103 0.00061 0.00010 0.00115 0.00075 0.00107 -0.00141 0.12586 0.09566 0.00370 0.00172
0.58012 -0.68148 1.78498 -0.08359 -0.50408 1.73089 -0.00043 -0.00031 -0.00186 -0.00112 -0.00015 -0.00014 0.12368 0.09548 -0.00218 -0.00018
0.57937 -0.68085 1.78757 -0.08237 -0.50611 1.73094 -0.00075 0.00063 0.00259 0.00122 -0.00203 0.00005 0.12917 0.09365 0.00549 -0.00183
0.57864 -0.68052 1.7867 -0.08306 -0.50555 1.72997 -0.00073 0.00033 -0.00087 -0.00069 0.00056 -0.00097 0.12925 0.09385 0.00008 0.00020
0.57893 -0.68158 1.78227 -0.08209 -0.50547 1.7288 0.00029 -0.00106 -0.00443 0.00097 0.00008 -0.00117 0.12397 0.09348 -0.00528 -0.00037
0.57843 -0.68087 1.78398 -0.08174 -0.50529 1.72928 -0.00050 0.00071 0.00171 0.00035 0.00018 0.00048 0.12417 0.09234 0.00020 -0.00114
0.57735 -0.68036 1.78615 -0.08276 -0.50484 1.72856 -0.00108 0.00051 0.00217 -0.00102 0.00045 -0.00072 0.12874 0.09332 0.00457 0.00098
0.57738 -0.68028 1.78482 -0.08159 -0.50581 1.72851 0.00003 0.00008 -0.00133 0.00117 -0.00097 -0.00005 0.13036 0.09395 0.00162 0.00063
0.5548 -0.65364 1.71672 -0.08081 -0.48591 1.65804 -0.02258 0.02664 -0.06810 0.00078 0.01990 -0.07047 0.12107 0.09074 -0.00929 -0.00321
0.57644 -0.67923 1.7884 -0.0804 -0.50622 1.72839 0.02164 -0.02559 0.07168 0.00041 -0.02031 0.07035 0.13005 0.09350 0.00898 0.00276
0.57629 -0.67885 1.78816 -0.08153 -0.50616 1.72774 -0.00015 0.00038 -0.00024 -0.00113 0.00006 -0.00065 0.13116 0.09439 0.00111 0.00089
0.57776 -0.67919 1.78591 -0.08035 -0.50689 1.72798 0.00147 -0.00034 -0.00225 0.00118 -0.00073 0.00024 0.12737 0.09310 -0.00379 -0.00129
0.57625 -0.67893 1.78529 -0.08163 -0.50514 1.72637 -0.00151 0.00026 -0.00062 -0.00128 0.00175 -0.00161 0.12665 0.09461 -0.00072 0.00151
]
