classifier_Monkey_monkey_bumps_into_each_other_23514 [ 0.45525 -0.60246 1.5972 -0.44366 -0.71541 1.82036 0.45525 -0.60246 1.5972 -0.44366 -0.71541 1.82036 0.10275 0.11755
0.46582 -0.61052 1.62106 -0.44576 -0.70618 1.83979 0.01057 -0.00806 0.02386 -0.00210 0.00923 0.01943 0.10478 0.11783
0.46401 -0.6044 1.6098 -0.44755 -0.70719 1.78468 -0.00181 0.00612 -0.01126 -0.00179 -0.00101 -0.05511 0.11206 0.10760
0.48059 -0.62006 1.65239 -0.46417 -0.70562 1.81696 0.01658 -0.01566 0.04259 -0.01662 0.00157 0.03228 0.10804 0.09715
0.48811 -0.61908 1.66626 -0.48436 -0.66692 1.77809 0.00752 0.00098 0.01387 -0.02019 0.03870 -0.03887 0.11721 0.09397
0.47009 -0.5573 1.56854 -0.48415 -0.56611 1.65265 -0.01802 0.06178 -0.09772 0.00021 0.10081 -0.12544 0.10474 0.09132
0.50334 -0.52593 1.61041 -0.51715 -0.56428 1.71835 0.03325 0.03137 0.04187 -0.03300 0.00183 0.06570 0.10272 0.10024
0.50046 -0.49115 1.61713 -0.52318 -0.51303 1.71274 -0.00288 0.03478 0.00672 -0.00603 0.05125 -0.00561 0.09696 0.10755
0.4976 -0.46224 1.62804 -0.53075 -0.46094 1.73213 -0.00286 0.02891 0.01091 -0.00757 0.05209 0.01939 0.09744 0.11140
0.47819 -0.42121 1.58994 -0.51696 -0.40556 1.70203 -0.01941 0.04103 -0.03810 0.01379 0.05538 -0.03010 0.07648 0.11243
0.47892 -0.37886 1.68274 -0.51867 -0.34414 1.78499 0.00073 0.04235 0.09280 -0.00171 0.06142 0.08296 0.07354 0.10692
0.4679 -0.35088 1.68221 -0.50878 -0.31276 1.77091 -0.01102 0.02798 -0.00053 0.00989 0.03138 -0.01408 0.07547 0.09748
0.46834 -0.31994 1.75669 -0.47294 -0.33305 1.79729 0.00044 0.03094 0.07448 0.03584 -0.02029 0.02638 0.09371 0.11566
0.46048 -0.30111 1.77966 -0.45897 -0.32172 1.80604 -0.00786 0.01883 0.02297 0.01397 0.01133 0.00875 0.10511 0.12381
0.44376 -0.26239 1.85286 -0.47991 -0.2657 1.87998 -0.01672 0.03872 0.07320 -0.02094 0.05602 0.07394 0.09575 0.09567
0.40919 -0.20925 1.81526 -0.41045 -0.2361 1.83506 -0.03457 0.05314 -0.03760 0.06946 0.02960 -0.04492 0.07282 0.07896
0.39514 -0.19107 1.96542 -0.41777 -0.22914 1.97226 -0.01405 0.01818 0.15016 -0.00732 0.00696 0.13720 0.08596 0.07689
0.39219 -0.20838 1.96144 -0.42115 -0.25459 1.96589 -0.00295 -0.01731 -0.00398 -0.00338 -0.02545 -0.00637 0.10209 0.10711
0.37637 -0.23271 1.84007 -0.40309 -0.28219 1.83996 -0.01582 -0.02433 -0.12137 0.01806 -0.02760 -0.12593 0.10629 0.10708
0.38177 -0.24859 1.80856 -0.39233 -0.32692 1.79022 0.00540 -0.01588 -0.03151 0.01076 -0.04473 -0.04974 0.09942 0.09710
0.38631 -0.23888 1.8493 -0.43213 -0.29637 1.83323 0.00454 0.00971 0.04074 -0.03980 0.03055 0.04301 0.10065 0.11198
0.34724 -0.22528 1.83162 -0.37374 -0.27859 1.82602 -0.03907 0.01360 -0.01768 0.05839 0.01778 -0.00721 0.07737 0.07733
0.36462 -0.20051 1.87578 -0.36657 -0.25304 1.87787 0.01738 0.02477 0.04416 0.00717 0.02555 0.05185 0.07425 0.08273
0.35638 -0.19753 1.87172 -0.39142 -0.2408 1.86431 -0.00824 0.00298 -0.00406 -0.02485 0.01224 -0.01356 0.08533 0.07127
0.34497 -0.20596 1.85581 -0.3802 -0.24205 1.8369 -0.01141 -0.00843 -0.01591 0.01122 -0.00125 -0.02741 0.09604 0.08747
0.32003 -0.21159 1.72569 -0.34712 -0.23414 1.69267 -0.02494 -0.00563 -0.13012 0.03308 0.00791 -0.14423 0.09451 0.08819
0.31761 -0.26639 1.72819 -0.34263 -0.23688 1.63448 -0.00242 -0.05480 0.00250 0.00449 -0.00274 -0.05819 0.08623 0.09357
0.32962 -0.29582 1.77697 -0.34848 -0.20522 1.65328 0.01201 -0.02943 0.04878 -0.00585 0.03166 0.01880 0.08827 0.08459
0.29675 -0.28307 1.60618 -0.32242 -0.1419 1.49337 -0.03287 0.01275 -0.17079 0.02606 0.06332 -0.15991 0.08346 0.07044
0.30473 -0.3008 1.65914 -0.34087 -0.08518 1.5417 0.00798 -0.01773 0.05296 -0.01845 0.05672 0.04833 0.08769 0.09133
0.28824 -0.29592 1.58484 -0.331 -0.03786 1.48627 -0.01649 0.00488 -0.07430 0.00987 0.04732 -0.05543 0.08160 0.11112
0.28769 -0.30382 1.59729 -0.33442 0.00103 1.51057 -0.00055 -0.00790 0.01245 -0.00342 0.03889 0.02430 0.08190 0.12010
0.28938 -0.31414 1.61367 -0.33937 0.02886 1.52482 0.00169 -0.01032 0.01638 -0.00495 0.02783 0.01425 0.08143 0.11515
0.2936 -0.33377 1.66165 -0.35203 0.04305 1.55696 0.00422 -0.01963 0.04798 -0.01266 0.01419 0.03214 0.08108 0.12037
0.29354 -0.33941 1.66115 -0.35521 0.05279 1.52795 -0.00006 -0.00564 -0.00050 -0.00318 0.00974 -0.02901 0.08257 0.12371
0.28831 -0.33944 1.62929 -0.35426 0.05771 1.44681 -0.00523 -0.00003 -0.03186 0.00095 0.00492 -0.08114 0.08107 0.12392
0.29567 -0.34682 1.64763 -0.34938 0.05867 1.44096 0.00736 -0.00738 0.01834 0.00488 0.00096 -0.00585 0.08087 0.12211
0.30055 -0.35292 1.66201 -0.34551 0.06225 1.4518 0.00488 -0.00610 0.01438 0.00387 0.00358 0.01084 0.07887 0.11812
0.30387 -0.35463 1.66341 -0.33973 0.06348 1.44876 0.00332 -0.00171 0.00140 0.00578 0.00123 -0.00304 0.07716 0.12183
0.31031 -0.3583 1.66981 -0.33663 0.06553 1.45112 0.00644 -0.00367 0.00640 0.00310 0.00205 0.00236 0.07842 0.12002
0.31376 -0.36002 1.67509 -0.33409 0.06687 1.45047 0.00345 -0.00172 0.00528 0.00254 0.00134 -0.00065 0.08035 0.12126
0.32101 -0.36694 1.70213 -0.33616 0.06804 1.47008 0.00725 -0.00692 0.02704 -0.00207 0.00117 0.01961 0.08296 0.12313
0.318 -0.36505 1.67984 -0.33044 0.06683 1.4473 -0.00301 0.00189 -0.02229 0.00572 -0.00121 -0.02278 0.07834 0.11754
0.32384 -0.36468 1.68575 -0.32858 0.06778 1.44737 0.00584 0.00037 0.00591 0.00186 0.00095 0.00007 0.08115 0.11329
0.33376 -0.35949 1.68963 -0.32643 0.06902 1.44446 0.00992 0.00519 0.00388 0.00215 0.00124 -0.00291 0.08589 0.11390
0.34582 -0.35616 1.69391 -0.32646 0.07044 1.44795 0.01206 0.00333 0.00428 -0.00003 0.00142 0.00349 0.09034 0.11245
0.3616 -0.35246 1.69853 -0.32593 0.07084 1.44855 0.01578 0.00370 0.00462 0.00053 0.00040 0.00060 0.09781 0.11253
0.38445 -0.35607 1.72948 -0.32986 0.07327 1.47068 0.02285 -0.00361 0.03095 -0.00393 0.00243 0.02213 0.10725 0.11297
0.39967 -0.35997 1.74704 -0.32917 0.07533 1.47458 0.01522 -0.00390 0.01756 0.00069 0.00206 0.00390 0.11002 0.11143
0.3872 -0.35158 1.75275 -0.32533 0.07555 1.4636 -0.01247 0.00839 0.00571 0.00384 0.00022 -0.01098 0.09517 0.11359
0.37233 -0.31554 1.8132 -0.32707 0.07806 1.47796 -0.01487 0.03604 0.06045 -0.00174 0.00251 0.01436 0.09011 0.11251
0.346 -0.27401 1.85349 -0.32661 0.07609 1.48208 -0.02633 0.04153 0.04029 0.00046 -0.00197 0.00412 0.06419 0.11553
0.32999 -0.23822 1.86432 -0.32462 0.07714 1.47756 -0.01601 0.03579 0.01083 0.00199 0.00105 -0.00452 0.05731 0.11400
0.32498 -0.23522 1.86712 -0.3256 0.07716 1.48449 -0.00501 0.00300 0.00280 -0.00098 0.00002 0.00693 0.07145 0.11435
0.34286 -0.25382 1.87534 -0.32756 0.07714 1.50247 0.01788 -0.01860 0.00822 -0.00196 -0.00002 0.01798 0.07597 0.11655
0.39073 -0.31719 1.82905 -0.32412 0.07804 1.48369 0.04787 -0.06337 -0.04629 0.00344 0.00090 -0.01878 0.08988 0.11384
0.38721 -0.29892 1.84795 -0.3249 0.07936 1.4817 -0.00352 0.01827 0.01890 -0.00078 0.00132 -0.00199 0.08267 0.11278
0.36507 -0.27032 1.86918 -0.32536 0.07727 1.48023 -0.02214 0.02860 0.02123 -0.00046 -0.00209 -0.00147 0.07718 0.11035
0.33763 -0.2458 1.88454 -0.32483 0.07673 1.47874 -0.02744 0.02452 0.01536 0.00053 -0.00054 -0.00149 0.06391 0.11440
0.32358 -0.23969 1.87254 -0.32348 0.07549 1.47695 -0.01405 0.00611 -0.01200 0.00135 -0.00124 -0.00179 0.07612 0.11181
0.31869 -0.23339 1.85467 -0.32303 0.07508 1.47764 -0.00489 0.00630 -0.01787 0.00045 -0.00041 0.00069 0.08538 0.11425
0.33805 -0.22506 1.82016 -0.32324 0.07711 1.48104 0.01936 0.00833 -0.03451 -0.00021 0.00203 0.00340 0.09487 0.11443
0.32415 -0.22093 1.73703 -0.31661 0.07357 1.45377 -0.01390 0.00413 -0.08313 0.00663 -0.00354 -0.02727 0.09365 0.11253
0.32911 -0.21208 1.68347 -0.31758 0.07612 1.46189 0.00496 0.00885 -0.05356 -0.00097 0.00255 0.00812 0.09322 0.11296
0.31483 -0.14423 1.62457 -0.31979 0.07916 1.48249 -0.01428 0.06785 -0.05890 -0.00221 0.00304 0.02060 0.09170 0.11341
0.31621 -0.09562 1.58894 -0.31738 0.07914 1.47969 0.00138 0.04861 -0.03563 0.00241 -0.00002 -0.00280 0.09080 0.11533
0.28352 -0.03657 1.44095 -0.29072 0.07365 1.35959 -0.03269 0.05905 -0.14799 0.02666 -0.00549 -0.12010 0.07772 0.10569
0.30671 0.00682 1.55115 -0.31277 0.0798 1.47625 0.02319 0.04339 0.11020 -0.02205 0.00615 0.11666 0.08684 0.11497
0.29376 0.04949 1.513 -0.3042 0.07922 1.45078 -0.01295 0.04267 -0.03815 0.00857 -0.00058 -0.02547 0.08805 0.11295
0.28999 0.07751 1.5079 -0.30208 0.0824 1.45172 -0.00377 0.02802 -0.00510 0.00212 0.00318 0.00094 0.09771 0.11367
0.28458 0.1013 1.51074 -0.30077 0.08395 1.46169 -0.00541 0.02379 0.00284 0.00131 0.00155 0.00997 0.10437 0.11391
0.27839 0.12196 1.51766 -0.29953 0.08409 1.47402 -0.00619 0.02066 0.00692 0.00124 0.00014 0.01233 0.10539 0.11452
0.27177 0.13598 1.5086 -0.29695 0.08479 1.4723 -0.00662 0.01402 -0.00906 0.00258 0.00070 -0.00172 0.10612 0.11365
0.25886 0.13607 1.49528 -0.29284 0.08274 1.47379 -0.01291 0.00009 -0.01332 0.00411 -0.00205 0.00149 0.10901 0.11142
0.25 0.12798 1.47472 -0.29156 0.08081 1.46889 -0.00886 -0.00809 -0.02056 0.00128 -0.00193 -0.00490 0.10285 0.10998
0.24126 0.11423 1.44922 -0.28978 0.07858 1.46464 -0.00874 -0.01375 -0.02550 0.00178 -0.00223 -0.00425 0.09873 0.10855
0.23586 0.10105 1.43111 -0.28977 0.07456 1.46096 -0.00540 -0.01318 -0.01811 0.00001 -0.00402 -0.00368 0.09802 0.11021
0.23056 0.08716 1.42148 -0.29237 0.07357 1.46401 -0.00530 -0.01389 -0.00963 -0.00260 -0.00099 0.00305 0.09835 0.11052
0.23275 0.08878 1.42806 -0.2949 0.07602 1.46898 0.00219 0.00162 0.00658 -0.00253 0.00245 0.00497 0.10023 0.10909
0.23293 0.09111 1.42557 -0.29539 0.07647 1.46615 0.00018 0.00233 -0.00249 -0.00049 0.00045 -0.00283 0.09790 0.10769
0.23419 0.09411 1.42749 -0.2965 0.07619 1.46439 0.00126 0.00300 0.00192 -0.00111 -0.00028 -0.00176 0.09932 0.10785
0.23488 0.09378 1.42612 -0.2969 0.07492 1.46224 0.00069 -0.00033 -0.00137 -0.00040 -0.00127 -0.00215 0.10117 0.10926
0.23839 0.09283 1.42995 -0.29787 0.07495 1.4642 0.00351 -0.00095 0.00383 -0.00097 0.00003 0.00196 0.10019 0.10862
0.23952 0.09356 1.4317 -0.29793 0.0749 1.46521 0.00113 0.00073 0.00175 -0.00006 -0.00005 0.00101 0.10112 0.10854
0.24069 0.09244 1.42398 -0.29568 0.07244 1.45872 0.00117 -0.00112 -0.00772 0.00225 -0.00246 -0.00649 0.09707 0.10990
0.24246 0.09029 1.42766 -0.29539 0.07084 1.4629 0.00177 -0.00215 0.00368 0.00029 -0.00160 0.00418 0.09839 0.10817
0.24544 0.08768 1.42868 -0.29522 0.07016 1.46374 0.00298 -0.00261 0.00102 0.00017 -0.00068 0.00084 0.09985 0.10933
0.24574 0.08501 1.42644 -0.29466 0.06998 1.46338 0.00030 -0.00267 -0.00224 0.00056 -0.00018 -0.00036 0.09728 0.10915
0.24526 0.07793 1.42316 -0.29308 0.07171 1.46291 -0.00048 -0.00708 -0.00328 0.00158 0.00173 -0.00047 0.09858 0.11084
0.23971 0.07642 1.41763 -0.29063 0.07377 1.45826 -0.00555 -0.00151 -0.00553 0.00245 0.00206 -0.00465 0.09652 0.10763
0.23147 0.07578 1.41796 -0.28633 0.07287 1.46044 -0.00824 -0.00064 0.00033 0.00430 -0.00090 0.00218 0.09592 0.10975
0.21622 0.07466 1.41421 -0.27571 0.0754 1.45659 -0.01525 -0.00112 -0.00375 0.01062 0.00253 -0.00385 0.09554 0.10926
0.19014 0.07633 1.41877 -0.25888 0.07693 1.45954 -0.02608 0.00167 0.00456 0.01683 0.00153 0.00295 0.09570 0.11212
0.15292 0.08424 1.41585 -0.23168 0.08357 1.45438 -0.03722 0.00791 -0.00292 0.02720 0.00664 -0.00516 0.09293 0.10797
0.10601 0.08869 1.40132 -0.1917 0.08838 1.43525 -0.04691 0.00445 -0.01453 0.03998 0.00481 -0.01913 0.09302 0.10914
0.01053 0.12892 1.25342 -0.04965 0.12503 1.26544 -0.09548 0.04023 -0.14790 0.14205 0.03665 -0.16981 0.03857 0.09675
-0.05309 0.12359 1.2906 -0.02782 0.14535 1.2812 -0.06362 -0.00533 0.03718 0.02183 0.02032 0.01576 0.11859 0.09053
-0.0017 0.15056 1.27958 0.00564 0.17573 1.2739 0.05139 0.02697 -0.01102 0.03346 0.03038 -0.00730 0.07462 0.08645
0.03089 0.20606 1.33509 0.03212 0.2256 1.32595 0.03259 0.05550 0.05551 0.02648 0.04987 0.05205 0.10653 0.07843
0.06204 0.23087 1.3728 -0.16122 0.24202 1.40633 0.03115 0.02481 0.03771 -0.19334 0.01642 0.08038 0.09439 0.11111
0.10282 0.25129 1.35286 -0.18338 0.24062 1.38468 0.04078 0.02042 -0.01994 -0.02216 -0.00140 -0.02165 0.08757 0.07118
0.20576 0.30064 1.49765 -0.27261 0.28926 1.53006 0.10294 0.04935 0.14479 -0.08923 0.04864 0.14538 0.10509 0.12375
0.24532 0.28058 1.51744 -0.30488 0.27726 1.5484 0.03956 -0.02006 0.01979 -0.03227 -0.01200 0.01834 0.11920 0.13354
0.27768 0.25923 1.46119 -0.32519 0.25366 1.49279 0.03236 -0.02135 -0.05625 -0.02031 -0.02360 -0.05561 0.10707 0.12165
0.32207 0.24134 1.51074 -0.36509 0.24211 1.54575 0.04439 -0.01789 0.04955 -0.03990 -0.01155 0.05296 0.10838 0.12587
0.35693 0.21186 1.52023 -0.39491 0.22245 1.55973 0.03486 -0.02948 0.00949 -0.02982 -0.01966 0.01398 0.10477 0.12010
0.36756 0.17029 1.46243 -0.39917 0.18549 1.50259 0.01063 -0.04157 -0.05780 -0.00426 -0.03696 -0.05714 0.10162 0.11645
0.40775 0.11533 1.49981 -0.43456 0.13924 1.54419 0.04019 -0.05496 0.03738 -0.03539 -0.04625 0.04160 0.10425 0.11605
0.40096 0.09615 1.45068 -0.42447 0.12188 1.49173 -0.00679 -0.01918 -0.04913 0.01009 -0.01736 -0.05246 0.10055 0.10988
0.40411 0.08756 1.45397 -0.4255 0.10605 1.49569 0.00315 -0.00859 0.00329 -0.00103 -0.01583 0.00396 0.09925 0.11151
0.40328 0.08272 1.45231 -0.42325 0.09821 1.49257 -0.00083 -0.00484 -0.00166 0.00225 -0.00784 -0.00312 0.09967 0.11141
0.39843 0.07941 1.44858 -0.41771 0.09045 1.48796 -0.00485 -0.00331 -0.00373 0.00554 -0.00776 -0.00461 0.09872 0.11195
0.38978 0.07286 1.45146 -0.40887 0.0733 1.4848 -0.00865 -0.00655 0.00288 0.00884 -0.01715 -0.00316 0.09855 0.10888
0.3916 0.06282 1.47857 -0.41241 0.06081 1.50818 0.00182 -0.01004 0.02711 -0.00354 -0.01249 0.02338 0.10123 0.11182
0.38756 0.05026 1.47895 -0.41009 0.04166 1.50465 -0.00404 -0.01256 0.00038 0.00232 -0.01915 -0.00353 0.09624 0.10984
0.37728 0.02837 1.45125 -0.40194 0.01508 1.46881 -0.01028 -0.02189 -0.02770 0.00815 -0.02658 -0.03584 0.09417 0.10453
0.36543 0.00197 1.40844 -0.39093 -0.01797 1.41871 -0.01185 -0.02640 -0.04281 0.01101 -0.03305 -0.05010 0.08393 0.09406
0.36871 -0.03381 1.41372 -0.39439 -0.05521 1.41629 0.00328 -0.03578 0.00528 -0.00346 -0.03724 -0.00242 0.08127 0.08208
0.38621 -0.17641 1.40917 -0.41562 -0.19145 1.39321 0.01750 -0.14260 -0.00455 -0.02123 -0.13624 -0.02308 0.06851 0.05070
0.393 -0.2264 1.39505 -0.42407 -0.24422 1.38532 0.00679 -0.04999 -0.01412 -0.00845 -0.05277 -0.00789 0.05617 0.05124
0.41491 -0.27915 1.42805 -0.44344 -0.30885 1.42853 0.02191 -0.05275 0.03300 -0.01937 -0.06463 0.04321 0.05341 0.06175
0.41715 -0.31904 1.39347 -0.43984 -0.35588 1.40303 0.00224 -0.03989 -0.03458 0.00360 -0.04703 -0.02550 0.05175 0.05330
0.46476 -0.38745 1.50435 -0.47904 -0.44336 1.52674 0.04761 -0.06841 0.11088 -0.03920 -0.08748 0.12371 0.06042 0.06535
0.48636 -0.46832 1.54754 -0.47633 -0.53831 1.58343 0.02160 -0.08087 0.04319 0.00271 -0.09495 0.05669 0.08989 0.07917
0.50639 -0.50721 1.58455 -0.48735 -0.58712 1.64324 0.02003 -0.03889 0.03701 -0.01102 -0.04881 0.05981 0.09508 0.08821
0.51443 -0.54785 1.61717 -0.48737 -0.59992 1.70589 0.00804 -0.04064 0.03262 -0.00002 -0.01280 0.06265 0.11139 0.10612
0.49936 -0.59423 1.66167 -0.48553 -0.63487 1.72281 -0.01507 -0.04638 0.04450 0.00184 -0.03495 0.01692 0.13712 0.10591
0.52415 -0.58124 1.60752 -0.48051 -0.6526 1.73924 0.02479 0.01299 -0.05415 0.00502 -0.01773 0.01643 0.16330 0.10124
0.50438 -0.61141 1.6504 -0.47107 -0.69172 1.77779 -0.01977 -0.03017 0.04288 0.00944 -0.03912 0.03855 0.11710 0.09369
0.5041 -0.61374 1.648 -0.4689 -0.70197 1.7925 -0.00028 -0.00233 -0.00240 0.00217 -0.01025 0.01471 0.11059 0.09273
0.48723 -0.59243 1.58539 -0.45208 -0.70784 1.72711 -0.01687 0.02131 -0.06261 0.01682 -0.00587 -0.06539 0.09909 0.09399
0.48439 -0.59201 1.58024 -0.45089 -0.71421 1.7339 -0.00284 0.00042 -0.00515 0.00119 -0.00637 0.00679 0.09797 0.09404
0.4804 -0.59357 1.58193 -0.45236 -0.71984 1.74586 -0.00399 -0.00156 0.00169 -0.00147 -0.00563 0.01196 0.09388 0.09758
0.47999 -0.60234 1.60478 -0.45748 -0.71339 1.78829 -0.00041 -0.00877 0.02285 -0.00512 0.00645 0.04243 0.09656 0.09297
0.4721 -0.59908 1.59282 -0.45583 -0.71938 1.77615 -0.00789 0.00326 -0.01196 0.00165 -0.00599 -0.01214 0.09833 0.09550
0.47292 -0.59904 1.58809 -0.45618 -0.72316 1.77737 0.00082 0.00004 -0.00473 -0.00035 -0.00378 0.00122 0.09474 0.09424
0.46762 -0.59896 1.58739 -0.4556 -0.7236 1.77733 -0.00530 0.00008 -0.00070 0.00058 -0.00044 -0.00004 0.09343 0.09479
0.46934 -0.60007 1.59013 -0.45633 -0.72385 1.77873 0.00172 -0.00111 0.00274 -0.00073 -0.00025 0.00140 0.09331 0.09510
0.46928 -0.59936 1.58433 -0.45457 -0.72089 1.77047 -0.00006 0.00071 -0.00580 0.00176 0.00296 -0.00826 0.09765 0.09458
0.46767 -0.59837 1.57888 -0.45474 -0.71985 1.76573 -0.00161 0.00099 -0.00545 -0.00017 0.00104 -0.00474 0.09284 0.09463
0.4661 -0.59568 1.57191 -0.45344 -0.71855 1.75561 -0.00157 0.00269 -0.00697 0.00130 0.00130 -0.01012 0.08869 0.09527
0.46537 -0.5944 1.57206 -0.45411 -0.71786 1.75384 -0.00073 0.00128 0.00015 -0.00067 0.00069 -0.00177 0.09654 0.09508
0.47261 -0.60544 1.60197 -0.45974 -0.71131 1.79524 0.00724 -0.01104 0.02991 -0.00563 0.00655 0.04140 0.10016 0.09425
0.4702 -0.60205 1.59337 -0.45988 -0.71798 1.78133 -0.00241 0.00339 -0.00860 -0.00014 -0.00667 -0.01391 0.09877 0.09488
0.46924 -0.60352 1.58895 -0.46079 -0.72015 1.77815 -0.00096 -0.00147 -0.00442 -0.00091 -0.00217 -0.00318 0.09360 0.09565
0.46834 -0.60141 1.58526 -0.46151 -0.72255 1.77457 -0.00090 0.00211 -0.00369 -0.00072 -0.00240 -0.00358 0.09176 0.09699
0.4731 -0.60744 1.60153 -0.46473 -0.71651 1.79799 0.00476 -0.00603 0.01627 -0.00322 0.00604 0.02342 0.09648 0.09532
0.47057 -0.60357 1.59571 -0.46504 -0.72169 1.79116 -0.00253 0.00387 -0.00582 -0.00031 -0.00518 -0.00683 0.09959 0.09587
0.47458 -0.6095 1.61268 -0.46831 -0.71422 1.82178 0.00401 -0.00593 0.01697 -0.00327 0.00747 0.03062 0.09727 0.09424
0.47388 -0.60924 1.61016 -0.46858 -0.71678 1.82262 -0.00070 0.00026 -0.00252 -0.00027 -0.00256 0.00084 0.09637 0.09223
0.47427 -0.60935 1.60981 -0.46948 -0.7177 1.82408 0.00039 -0.00011 -0.00035 -0.00090 -0.00092 0.00146 0.09575 0.09234
0.47389 -0.60917 1.60899 -0.4691 -0.71741 1.82351 -0.00038 0.00018 -0.00082 0.00038 0.00029 -0.00057 0.09639 0.09332
]
