classifier_Car_weaves_and_bumps_into_car_1914 [ 0.61988 -0.67958 1.91598 -0.17671 -0.47473 1.73978 0.61988 -0.67958 1.91598 -0.17671 -0.47473 1.73978 0.14076 0.10654
0.60258 -0.64804 1.86886 -0.19571 -0.40812 1.69057 -0.01730 0.03154 -0.04712 -0.01900 0.06661 -0.04921 0.14489 0.10581
0.57725 -0.58118 1.87061 -0.22141 -0.30856 1.67314 -0.02533 0.06686 0.00175 -0.02570 0.09956 -0.01743 0.06278 0.07905
0.56329 -0.54409 1.84349 -0.25206 -0.23363 1.67902 -0.01396 0.03709 -0.02712 -0.03065 0.07493 0.00588 0.06794 0.08768
0.5085 -0.46763 1.66196 -0.26792 -0.14474 1.57593 -0.05479 0.07646 -0.18153 -0.01586 0.08889 -0.10309 0.09199 0.06141
0.47764 -0.43157 1.64126 -0.30314 -0.07557 1.61738 -0.03086 0.03606 -0.02070 -0.03522 0.06917 0.04145 0.05406 0.06370
0.42728 -0.38507 1.61192 -0.32761 -0.02816 1.62808 -0.05036 0.04650 -0.02934 -0.02447 0.04741 0.01070 0.04988 0.06121
0.39404 -0.3201 1.63975 -0.35415 0.00064 1.67631 -0.03324 0.06497 0.02783 -0.02654 0.02880 0.04823 0.05653 0.06128
0.35623 -0.23023 1.61908 -0.35996 0.00162 1.65661 -0.03781 0.08987 -0.02067 -0.00581 0.00098 -0.01970 0.06882 0.06547
0.33409 -0.13655 1.62564 -0.36432 -0.02878 1.65017 -0.02214 0.09368 0.00656 -0.00436 -0.03040 -0.00644 0.07510 0.07488
0.31608 -0.04849 1.60033 -0.34843 -0.09048 1.59144 -0.01801 0.08806 -0.02531 0.01589 -0.06170 -0.05873 0.07705 0.04654
0.29724 0.0215 1.53997 -0.32238 -0.14183 1.50148 -0.01884 0.06999 -0.06036 0.02605 -0.05135 -0.08996 0.07219 0.02675
0.30565 0.06745 1.61229 -0.33242 -0.23277 1.56194 0.00841 0.04595 0.07232 -0.01004 -0.09094 0.06046 0.07433 0.04518
0.30172 0.06819 1.61004 -0.3409 -0.24172 1.56647 -0.00393 0.00074 -0.00225 -0.00848 -0.00895 0.00453 0.07222 0.04984
0.29984 0.02534 1.60642 -0.35522 -0.18344 1.58101 -0.00188 -0.04285 -0.00362 -0.01432 0.05828 0.01454 0.07002 0.06213
0.29675 -0.04411 1.5904 -0.36923 -0.09662 1.59264 -0.00309 -0.06945 -0.01602 -0.01401 0.08682 0.01163 0.07413 0.06345
0.28836 -0.11832 1.56689 -0.38493 -0.00654 1.61147 -0.00839 -0.07421 -0.02351 -0.01570 0.09008 0.01883 0.06661 0.06393
0.27708 -0.17087 1.56658 -0.41082 0.0688 1.65464 -0.01128 -0.05255 -0.00031 -0.02589 0.07534 0.04317 0.04848 0.06967
0.2742 -0.18369 1.57898 -0.43423 0.11074 1.68596 -0.00288 -0.01282 0.01240 -0.02341 0.04194 0.03132 0.05202 0.08598
0.28697 -0.15813 1.60758 -0.44234 0.12495 1.70372 0.01277 0.02556 0.02860 -0.00811 0.01421 0.01776 0.05536 0.09151
0.32943 0.0167 1.72857 -0.3774 -0.03391 1.69108 0.04246 0.17483 0.12099 0.06494 -0.15886 -0.01264 0.06953 0.05884
0.34531 0.0604 1.78023 -0.32858 -0.14463 1.71753 0.01588 0.04370 0.05166 0.04882 -0.11072 0.02645 0.08347 0.05797
0.32216 0.11581 1.71664 -0.23596 -0.2436 1.68386 -0.02315 0.05541 -0.06359 0.09262 -0.09897 -0.03367 0.07649 0.06146
0.32402 0.10994 1.76209 -0.23439 -0.23972 1.73902 0.00186 -0.00587 0.04545 0.00157 0.00388 0.05516 0.08114 0.06069
0.3014 0.0838 1.7011 -0.24073 -0.19722 1.67881 -0.02262 -0.02614 -0.06099 -0.00634 0.04250 -0.06021 0.07393 0.06835
0.3 0.04634 1.7183 -0.26517 -0.14631 1.69529 -0.00140 -0.03746 0.01720 -0.02444 0.05091 0.01648 0.07689 0.06472
0.30389 0.00669 1.76612 -0.30418 -0.09292 1.75555 0.00389 -0.03965 0.04782 -0.03901 0.05339 0.06026 0.07849 0.06628
0.30197 -0.03262 1.77953 -0.33565 -0.03478 1.78321 -0.00192 -0.03931 0.01341 -0.03147 0.05814 0.02766 0.08047 0.09952
0.29534 -0.06713 1.77706 -0.36167 0.02266 1.79403 -0.00663 -0.03451 -0.00247 -0.02602 0.05744 0.01082 0.07452 0.13831
0.28943 -0.09559 1.77332 -0.3854 0.07827 1.79277 -0.00591 -0.02846 -0.00374 -0.02373 0.05561 -0.00126 0.07436 0.11829
0.27238 -0.13276 1.7288 -0.4358 0.12726 1.70383 -0.01705 -0.03717 -0.04452 -0.05040 0.04899 -0.08894 0.07037 0.11166
0.25375 -0.13453 1.63915 -0.43661 0.12055 1.5958 -0.01863 -0.00177 -0.08965 -0.00081 -0.00671 -0.10803 0.06676 0.10228
0.25076 -0.13916 1.6437 -0.44182 0.12218 1.59296 -0.00299 -0.00463 0.00455 -0.00521 0.00163 -0.00284 0.06326 0.09890
0.2505 -0.13921 1.64281 -0.43257 0.1236 1.59261 -0.00026 -0.00005 -0.00089 0.00925 0.00142 -0.00035 0.05979 0.09886
0.25361 -0.139 1.64892 -0.42215 0.13124 1.59422 0.00311 0.00021 0.00611 0.01042 0.00764 0.00161 0.06201 0.11042
0.25931 -0.13449 1.64776 -0.41819 0.12273 1.58537 0.00570 0.00451 -0.00116 0.00396 -0.00851 -0.00885 0.06337 0.11446
0.2628 -0.13132 1.64727 -0.41891 0.12079 1.58317 0.00349 0.00317 -0.00049 -0.00072 -0.00194 -0.00220 0.06229 0.10726
0.26616 -0.13016 1.6515 -0.42052 0.11971 1.59003 0.00336 0.00116 0.00423 -0.00161 -0.00108 0.00686 0.06789 0.11046
0.27003 -0.12507 1.65429 -0.4209 0.12274 1.60038 0.00387 0.00509 0.00279 -0.00038 0.00303 0.01035 0.06912 0.11893
0.27194 -0.12342 1.65683 -0.42126 0.12446 1.60607 0.00191 0.00165 0.00254 -0.00036 0.00172 0.00569 0.06931 0.11478
0.27415 -0.12224 1.65854 -0.42259 0.12224 1.60912 0.00221 0.00118 0.00171 -0.00133 -0.00222 0.00305 0.07071 0.11789
0.27484 -0.12055 1.65849 -0.42472 0.12179 1.60932 0.00069 0.00169 -0.00005 -0.00213 -0.00045 0.00020 0.07141 0.12172
0.27405 -0.12105 1.65396 -0.42525 0.12112 1.60822 -0.00079 -0.00050 -0.00453 -0.00053 -0.00067 -0.00110 0.06959 0.10967
0.27331 -0.12154 1.65011 -0.42236 0.12049 1.6048 -0.00074 -0.00049 -0.00385 0.00289 -0.00063 -0.00342 0.07085 0.10819
0.2727 -0.12377 1.6477 -0.42218 0.11927 1.60414 -0.00061 -0.00223 -0.00241 0.00018 -0.00122 -0.00066 0.07091 0.10719
0.27193 -0.12371 1.64717 -0.42253 0.11768 1.60673 -0.00077 0.00006 -0.00053 -0.00035 -0.00159 0.00259 0.07101 0.10358
0.27023 -0.12322 1.64469 -0.4248 0.11851 1.60696 -0.00170 0.00049 -0.00248 -0.00227 0.00083 0.00023 0.07082 0.10436
0.27029 -0.12398 1.64329 -0.4262 0.1198 1.60724 0.00006 -0.00076 -0.00140 -0.00140 0.00129 0.00028 0.07107 0.10371
0.27017 -0.12351 1.6402 -0.42785 0.11871 1.6067 -0.00012 0.00047 -0.00309 -0.00165 -0.00109 -0.00054 0.07026 0.10510
0.27677 -0.10102 1.6187 -0.43034 0.11819 1.60791 0.00660 0.02249 -0.02150 -0.00249 -0.00052 0.00121 0.07821 0.10532
0.28931 -0.05286 1.63854 -0.43879 0.11926 1.65089 0.01254 0.04816 0.01984 -0.00845 0.00107 0.04298 0.07548 0.10868
0.29453 0.02131 1.60895 -0.43294 0.11397 1.63358 0.00522 0.07417 -0.02959 0.00585 -0.00529 -0.01731 0.08213 0.10828
0.29674 0.09773 1.61055 -0.43192 0.11042 1.62902 0.00221 0.07642 0.00160 0.00102 -0.00355 -0.00456 0.08348 0.10554
0.29217 0.16099 1.61637 -0.43077 0.10849 1.62603 -0.00457 0.06326 0.00582 0.00115 -0.00193 -0.00299 0.08017 0.10743
0.2803 0.17422 1.62338 -0.4324 0.10806 1.63175 -0.01187 0.01323 0.00701 -0.00163 -0.00043 0.00572 0.07522 0.10622
0.27077 0.11881 1.61528 -0.4364 0.10922 1.63767 -0.00953 -0.05541 -0.00810 -0.00400 0.00116 0.00592 0.07042 0.10430
0.2654 0.03238 1.6221 -0.44394 0.11049 1.65695 -0.00537 -0.08643 0.00682 -0.00754 0.00127 0.01928 0.07601 0.11345
0.25056 -0.06073 1.58394 -0.43669 0.10782 1.6208 -0.01484 -0.09311 -0.03816 0.00725 -0.00267 -0.03615 0.07477 0.10790
0.25829 -0.13214 1.6999 -0.46553 0.11219 1.72381 0.00773 -0.07141 0.11596 -0.02884 0.00437 0.10301 0.07311 0.11406
0.25444 -0.02126 1.66014 -0.43743 0.09411 1.64438 -0.00385 0.11088 -0.03976 0.02810 -0.01808 -0.07943 0.07950 0.10532
0.26318 0.05684 1.68595 -0.43948 0.09128 1.65951 0.00874 0.07810 0.02581 -0.00205 -0.00283 0.01513 0.08365 0.09985
0.27245 0.15026 1.70532 -0.44079 0.08938 1.67253 0.00927 0.09342 0.01937 -0.00131 -0.00190 0.01302 0.07845 0.10324
0.27238 0.09915 1.68513 -0.4459 0.09575 1.68778 -0.00007 -0.05111 -0.02019 -0.00511 0.00637 0.01525 0.06953 0.10205
0.27841 0.03762 1.68755 -0.4548 0.09323 1.70664 0.00603 -0.06153 0.00242 -0.00890 -0.00252 0.01886 0.07047 0.10820
0.28456 -0.01987 1.67283 -0.4567 0.09135 1.69898 0.00615 -0.05749 -0.01472 -0.00190 -0.00188 -0.00766 0.07112 0.11157
0.29176 -0.05326 1.67943 -0.4637 0.088 1.70681 0.00720 -0.03339 0.00660 -0.00700 -0.00335 0.00783 0.06475 0.11351
0.30314 -0.06811 1.67803 -0.46336 0.08674 1.69847 0.01138 -0.01485 -0.00140 0.00034 -0.00126 -0.00834 0.06428 0.10354
0.31788 -0.0692 1.67826 -0.46379 0.08475 1.69443 0.01474 -0.00109 0.00023 -0.00043 -0.00199 -0.00404 0.06594 0.10613
0.33164 -0.06208 1.69036 -0.46429 0.08444 1.69546 0.01376 0.00712 0.01210 -0.00050 -0.00031 0.00103 0.06962 0.11145
0.34346 -0.04969 1.69375 -0.46405 0.08233 1.69227 0.01182 0.01239 0.00339 0.00024 -0.00211 -0.00319 0.07521 0.10594
0.34547 -0.0333 1.68874 -0.46011 0.08027 1.67865 0.00201 0.01639 -0.00501 0.00394 -0.00206 -0.01362 0.08729 0.10775
0.35604 -0.01783 1.69076 -0.45643 0.07962 1.67321 0.01057 0.01547 0.00202 0.00368 -0.00065 -0.00544 0.11187 0.10481
0.36876 -0.0042 1.68525 -0.45318 0.07949 1.66852 0.01272 0.01363 -0.00551 0.00325 -0.00013 -0.00469 0.13281 0.10158
0.37564 0.00706 1.67326 -0.44838 0.07497 1.661 0.00688 0.01126 -0.01199 0.00480 -0.00452 -0.00752 0.14635 0.09912
0.38868 0.00426 1.66438 -0.44941 0.07254 1.65908 0.01304 -0.00280 -0.00888 -0.00103 -0.00243 -0.00192 0.14292 0.10250
0.38647 -3E-05 1.63577 -0.4396 0.07145 1.634 -0.00221 -0.00429 -0.02861 0.00981 -0.00109 -0.02508 0.14428 0.09813
0.38744 -0.00384 1.63362 -0.43868 0.07133 1.63071 0.00097 -0.00381 -0.00215 0.00092 -0.00012 -0.00329 0.14248 0.09597
0.38769 -0.00713 1.63266 -0.43683 0.07137 1.62469 0.00025 -0.00329 -0.00096 0.00185 0.00004 -0.00602 0.13905 0.09952
0.38683 -0.00787 1.63153 -0.43904 0.07092 1.62207 -0.00086 -0.00074 -0.00113 -0.00221 -0.00045 -0.00262 0.14001 0.10144
0.38538 -0.00722 1.63183 -0.43758 0.07191 1.62252 -0.00145 0.00065 0.00030 0.00146 0.00099 0.00045 0.13865 0.10096
0.386 -0.00592 1.6335 -0.43742 0.07301 1.62156 0.00062 0.00130 0.00167 0.00016 0.00110 -0.00096 0.14255 0.09928
0.38355 -0.00534 1.63187 -0.43808 0.07345 1.62151 -0.00245 0.00058 -0.00163 -0.00066 0.00044 -0.00005 0.14528 0.09939
0.38203 -0.00075 1.6369 -0.4363 0.07586 1.62445 -0.00152 0.00459 0.00503 0.00178 0.00241 0.00294 0.14580 0.09661
0.37811 0.00071 1.63605 -0.43581 0.0748 1.62248 -0.00392 0.00146 -0.00085 0.00049 -0.00106 -0.00197 0.14062 0.09694
0.37341 0.00797 1.6375 -0.4368 0.07339 1.62418 -0.00470 0.00726 0.00145 -0.00099 -0.00141 0.00170 0.13842 0.09652
0.36534 0.01487 1.63277 -0.43646 0.07282 1.62453 -0.00807 0.00690 -0.00473 0.00034 -0.00057 0.00035 0.13280 0.09429
0.34746 0.02978 1.59886 -0.43552 0.06769 1.6207 -0.01788 0.01491 -0.03391 0.00094 -0.00513 -0.00383 0.13319 0.10069
0.33736 0.03204 1.55626 -0.43068 0.06537 1.60388 -0.01010 0.00226 -0.04260 0.00484 -0.00232 -0.01682 0.12969 0.09571
0.32139 0.03044 1.4783 -0.42659 0.06124 1.60164 -0.01597 -0.00160 -0.07796 0.00409 -0.00413 -0.00224 0.13327 0.09620
0.32408 0.0233 1.45993 -0.43132 0.0615 1.62673 0.00269 -0.00714 -0.01837 -0.00473 0.00026 0.02509 0.14044 0.09681
0.3257 0.01462 1.45227 -0.43555 0.06484 1.6528 0.00162 -0.00868 -0.00766 -0.00423 0.00334 0.02607 0.13937 0.10690
0.31535 0.01 1.4391 -0.4351 0.06583 1.65045 -0.01035 -0.00462 -0.01317 0.00045 0.00099 -0.00235 0.13975 0.10131
0.31934 0.00611 1.50495 -0.4493 0.06973 1.71165 0.00399 -0.00389 0.06585 -0.01420 0.00390 0.06120 0.13023 0.09854
0.28229 0.01137 1.46685 -0.43273 0.06864 1.64175 -0.03705 0.00526 -0.03810 0.01657 -0.00109 -0.06990 0.13141 0.09651
0.26103 0.01433 1.4936 -0.43056 0.06944 1.63209 -0.02126 0.00296 0.02675 0.00217 0.00080 -0.00966 0.13122 0.09304
0.24084 0.01964 1.54067 -0.4321 0.07352 1.63735 -0.02019 0.00531 0.04707 -0.00154 0.00408 0.00526 0.13226 0.09097
0.23 0.02428 1.59911 -0.43754 0.07422 1.6577 -0.01084 0.00464 0.05844 -0.00544 0.00070 0.02035 0.12668 0.09375
0.21138 0.02844 1.57937 -0.42311 0.06971 1.60436 -0.01862 0.00416 -0.01974 0.01443 -0.00451 -0.05334 0.11713 0.09324
0.21129 0.03507 1.62354 -0.43245 0.07014 1.63776 -0.00009 0.00663 0.04417 -0.00934 0.00043 0.03340 0.10959 0.09488
0.19658 0.03928 1.5563 -0.41001 0.06864 1.57239 -0.01471 0.00421 -0.06724 0.02244 -0.00150 -0.06537 0.11367 0.10732
0.19103 0.04897 1.54786 -0.41039 0.06777 1.57892 -0.00555 0.00969 -0.00844 -0.00038 -0.00087 0.00653 0.11523 0.10719
0.18013 0.06001 1.53181 -0.41128 0.06767 1.59058 -0.01090 0.01104 -0.01605 -0.00089 -0.00010 0.01166 0.12454 0.10591
0.17104 0.06383 1.48472 -0.40743 0.065 1.57233 -0.00909 0.00382 -0.04709 0.00385 -0.00267 -0.01825 0.12627 0.10658
0.15682 0.06733 1.42751 -0.41116 0.06168 1.58542 -0.01422 0.00350 -0.05721 -0.00373 -0.00332 0.01309 0.12719 0.10716
0.14224 0.06089 1.35915 -0.39999 0.05834 1.53922 -0.01458 -0.00644 -0.06836 0.01117 -0.00334 -0.04620 0.12202 0.10359
0.12871 0.05886 1.33529 -0.39624 0.05592 1.52805 -0.01353 -0.00203 -0.02386 0.00375 -0.00242 -0.01117 0.12154 0.10241
0.11907 0.05658 1.33738 -0.39519 0.05697 1.52696 -0.00964 -0.00228 0.00209 0.00105 0.00105 -0.00109 0.11895 0.10087
0.10289 0.05532 1.35329 -0.39413 0.0556 1.52749 -0.01618 -0.00126 0.01591 0.00106 -0.00137 0.00053 0.11618 0.10201
0.07572 0.05622 1.38809 -0.39125 0.05458 1.54159 -0.02717 0.00090 0.03480 0.00288 -0.00102 0.01410 0.11912 0.10925
-0.00912 0.05335 1.44283 -0.3621 0.04713 1.5411 -0.08484 -0.00287 0.05474 0.02915 -0.00745 -0.00049 0.12957 0.10478
-0.0516 0.0489 1.52622 -0.35414 0.04961 1.60449 -0.04248 -0.00445 0.08339 0.00796 0.00248 0.06339 0.12734 0.11055
-0.07721 0.04222 1.62053 -0.35733 0.04845 1.69011 -0.02561 -0.00668 0.09431 -0.00319 -0.00116 0.08562 0.12842 0.09275
-0.15803 0.06978 1.64026 -0.34678 0.05322 1.67789 -0.08082 0.02756 0.01973 0.01055 0.00477 -0.01222 0.13450 0.09604
-0.08392 0.05187 1.62098 -0.35402 0.06593 1.68076 0.07411 -0.01791 -0.01928 -0.00724 0.01271 0.00287 0.13394 0.10852
-0.0618 0.06296 1.5525 -0.35066 0.07551 1.61134 0.02212 0.01109 -0.06848 0.00336 0.00958 -0.06942 0.13998 0.11375
-0.02618 0.07392 1.53269 -0.37168 0.0779 1.59754 0.03562 0.01096 -0.01981 -0.02102 0.00239 -0.01380 0.14116 0.11677
0.03164 0.07198 1.5373 -0.38947 0.08427 1.62106 0.05782 -0.00194 0.00461 -0.01779 0.00637 0.02352 0.13637 0.11103
0.08576 0.07193 1.55121 -0.41309 0.08294 1.645 0.05412 -0.00005 0.01391 -0.02362 -0.00133 0.02394 0.14234 0.11374
0.13536 0.07849 1.55836 -0.43376 0.08074 1.64528 0.04960 0.00656 0.00715 -0.02067 -0.00220 0.00028 0.10797 0.10702
0.23665 0.03726 1.57512 -0.44597 0.07748 1.67045 0.10129 -0.04123 0.01676 -0.01221 -0.00326 0.02517 0.15479 0.10597
0.23445 0.03493 1.47638 -0.41663 0.07022 1.55561 -0.00220 -0.00233 -0.09874 0.02934 -0.00726 -0.11484 0.14091 0.09651
0.25505 0.02612 1.48027 -0.41191 0.0694 1.55267 0.02060 -0.00881 0.00389 0.00472 -0.00082 -0.00294 0.14198 0.10072
0.26011 0.02556 1.47741 -0.40857 0.06432 1.54364 0.00506 -0.00056 -0.00286 0.00334 -0.00508 -0.00903 0.14075 0.10101
0.26345 0.02666 1.48322 -0.40705 0.0661 1.54447 0.00334 0.00110 0.00581 0.00152 0.00178 0.00083 0.13903 0.10041
0.2655 0.02674 1.48304 -0.40335 0.06609 1.54207 0.00205 0.00008 -0.00018 0.00370 -0.00001 -0.00240 0.13757 0.10043
0.26233 0.03154 1.49573 -0.40451 0.06463 1.55384 -0.00317 0.00480 0.01269 -0.00116 -0.00146 0.01177 0.14109 0.10546
0.26156 0.03227 1.49316 -0.40142 0.06541 1.55152 -0.00077 0.00073 -0.00257 0.00309 0.00078 -0.00232 0.14030 0.10580
0.28111 0.03023 1.57124 -0.41923 0.07004 1.63488 0.01955 -0.00204 0.07808 -0.01781 0.00463 0.08336 0.14439 0.11197
0.25961 0.02966 1.47591 -0.39444 0.06691 1.53834 -0.02150 -0.00057 -0.09533 0.02479 -0.00313 -0.09654 0.13396 0.10531
0.26501 0.03099 1.52366 -0.40903 0.06834 1.58972 0.00540 0.00133 0.04775 -0.01459 0.00143 0.05138 0.14626 0.11022
0.26692 0.0221 1.48717 -0.39992 0.06513 1.54977 0.00191 -0.00889 -0.03649 0.00911 -0.00321 -0.03995 0.14246 0.10699
0.26766 0.02511 1.52515 -0.41034 0.06743 1.58575 0.00074 0.00301 0.03798 -0.01042 0.00230 0.03598 0.14001 0.10868
0.26839 0.01886 1.48557 -0.40097 0.06422 1.54522 0.00073 -0.00625 -0.03958 0.00937 -0.00321 -0.04053 0.13750 0.10375
0.26904 0.01655 1.48629 -0.39948 0.06373 1.5405 0.00065 -0.00231 0.00072 0.00149 -0.00049 -0.00472 0.13654 0.09988
0.27337 0.01399 1.48971 -0.40069 0.06266 1.54072 0.00433 -0.00256 0.00342 -0.00121 -0.00107 0.00022 0.13401 0.09736
0.28225 0.00813 1.49666 -0.4002 0.06124 1.5435 0.00888 -0.00586 0.00695 0.00049 -0.00142 0.00278 0.13213 0.09881
0.29391 0.00294 1.51419 -0.40611 0.06069 1.55864 0.01166 -0.00519 0.01753 -0.00591 -0.00055 0.01514 0.12016 0.10674
0.30931 -0.0072 1.52062 -0.40636 0.05996 1.56165 0.01540 -0.01014 0.00643 -0.00025 -0.00073 0.00301 0.09907 0.10197
0.33952 -0.02045 1.57039 -0.41746 0.05833 1.60953 0.03021 -0.01325 0.04977 -0.01110 -0.00163 0.04788 0.08162 0.10519
0.36687 -0.04337 1.57426 -0.4187 0.05364 1.60883 0.02735 -0.02292 0.00387 -0.00124 -0.00469 -0.00070 0.07267 0.10598
0.39276 -0.07075 1.57744 -0.41753 0.04839 1.61083 0.02589 -0.02738 0.00318 0.00117 -0.00525 0.00200 0.05761 0.10236
0.46894 -0.17733 1.56403 -0.4152 0.01907 1.60169 0.07618 -0.10658 -0.01341 0.00233 -0.02932 -0.00914 0.06342 0.09676
0.49661 -0.23581 1.52946 -0.40462 -0.00267 1.55819 0.02767 -0.05848 -0.03457 0.01058 -0.02174 -0.04350 0.06203 0.09024
0.54383 -0.30516 1.56387 -0.39915 -0.02576 1.56892 0.04722 -0.06935 0.03441 0.00547 -0.02309 0.01073 0.06908 0.08582
0.5927 -0.38257 1.63317 -0.40168 -0.05819 1.61305 0.04887 -0.07741 0.06930 -0.00253 -0.03243 0.04413 0.09041 0.08127
0.58748 -0.432 1.56785 -0.36739 -0.09269 1.54015 -0.00522 -0.04943 -0.06532 0.03429 -0.03450 -0.07290 0.08675 0.07095
0.60371 -0.49387 1.61737 -0.35207 -0.13529 1.55404 0.01623 -0.06187 0.04952 0.01532 -0.04260 0.01389 0.08357 0.06942
0.59758 -0.53259 1.78224 -0.33743 -0.18949 1.60661 -0.00613 -0.03872 0.16487 0.01464 -0.05420 0.05257 0.14535 0.05550
0.60947 -0.57427 1.85602 -0.31375 -0.2455 1.65073 0.01189 -0.04168 0.07378 0.02368 -0.05601 0.04412 0.14252 0.05456
0.5877 -0.57855 1.89468 -0.26674 -0.28707 1.63445 -0.02177 -0.00428 0.03866 0.04701 -0.04157 -0.01628 0.12931 0.09120
0.6009 -0.65807 1.88199 -0.16062 -0.42332 1.69458 0.01320 -0.07952 -0.01269 0.10612 -0.13625 0.06013 0.12422 0.11718
0.60365 -0.66842 1.89944 -0.13778 -0.44358 1.73578 0.00275 -0.01035 0.01745 0.02284 -0.02026 0.04120 0.13190 0.11363
0.61048 -0.67911 1.92285 -0.07639 -0.43491 1.79508 0.00683 -0.01069 0.02341 0.06139 0.00867 0.05930 0.12677 0.11667
0.60068 -0.67201 1.9069 -0.06935 -0.43419 1.7868 -0.00980 0.00710 -0.01595 0.00704 0.00072 -0.00828 0.13700 0.11177
0.59057 -0.66059 1.88027 -0.06395 -0.431 1.76916 -0.01011 0.01142 -0.02663 0.00540 0.00319 -0.01764 0.13493 0.10970
0.58936 -0.66452 1.8898 -0.04991 -0.49128 1.74857 -0.00121 -0.00393 0.00953 0.01404 -0.06028 -0.02059 0.12606 0.09080
0.58862 -0.66512 1.88902 -0.05376 -0.49781 1.74308 -0.00074 -0.00060 -0.00078 -0.00385 -0.00653 -0.00549 0.12594 0.09315
0.58761 -0.66375 1.88503 -0.05278 -0.50403 1.73705 -0.00101 0.00137 -0.00399 0.00098 -0.00622 -0.00603 0.12821 0.09702
0.58743 -0.66464 1.88713 -0.05504 -0.50835 1.73635 -0.00018 -0.00089 0.00210 -0.00226 -0.00432 -0.00070 0.13071 0.09684
0.58913 -0.66418 1.88466 -0.05346 -0.50959 1.73888 0.00170 0.00046 -0.00247 0.00158 -0.00124 0.00253 0.12897 0.09265
0.58934 -0.66364 1.87627 -0.05289 -0.50843 1.73519 0.00021 0.00054 -0.00839 0.00057 0.00116 -0.00369 0.14717 0.09598
0.61201 -0.69283 1.95576 -0.06852 -0.46858 1.84424 0.02267 -0.02919 0.07949 -0.01563 0.03985 0.10905 0.15369 0.10772
0.58714 -0.66444 1.87114 -0.05126 -0.50815 1.73467 -0.02487 0.02839 -0.08462 0.01726 -0.03957 -0.10957 0.14093 0.09969
0.58436 -0.66497 1.87359 -0.05091 -0.50862 1.73453 -0.00278 -0.00053 0.00245 0.00035 -0.00047 -0.00014 0.15312 0.09894
0.58984 -0.66499 1.8715 -0.05108 -0.50899 1.73699 0.00548 -0.00002 -0.00209 -0.00017 -0.00037 0.00246 0.14328 0.10011
0.61791 -0.6976 1.96391 -0.07281 -0.47271 1.85506 0.02807 -0.03261 0.09241 -0.02173 0.03628 0.11807 0.14828 0.10863
]
