classifier_Man_weaves_and_bumps_into_fence_23493 [ 0.53752 -0.61044 1.63293 -0.42182 -0.75582 1.80043 0.53752 -0.61044 1.63293 -0.42182 -0.75582 1.80043 0.11855 0.03311
0.53959 -0.61092 1.63259 -0.42721 -0.68914 1.90012 0.00207 -0.00048 -0.00034 -0.00539 0.06668 0.09969 0.11713 0.05523
0.53885 -0.6084 1.63156 -0.43532 -0.70573 1.88264 -0.00074 0.00252 -0.00103 -0.00811 -0.01659 -0.01748 0.11151 0.09444
0.53403 -0.60636 1.62944 -0.42899 -0.69823 1.79429 -0.00482 0.00204 -0.00212 0.00633 0.00750 -0.08835 0.11198 0.07041
0.53251 -0.59786 1.66578 -0.44277 -0.62884 1.70211 -0.00152 0.00850 0.03634 -0.01378 0.06939 -0.09218 0.13022 0.10215
0.47608 -0.43522 1.50331 -0.42479 -0.56821 1.4793 -0.05643 0.16264 -0.16247 0.01798 0.06063 -0.22281 0.08916 0.07141
0.42744 -0.37803 1.47742 -0.41043 -0.44356 1.52107 -0.04864 0.05719 -0.02589 0.01436 0.12465 0.04177 0.09966 0.10207
0.35959 -0.31908 1.3873 -0.36902 -0.35877 1.4386 -0.06785 0.05895 -0.09012 0.04141 0.08479 -0.08247 0.11333 0.09551
0.29875 -0.27762 1.32546 -0.30289 -0.328 1.35667 -0.06084 0.04146 -0.06184 0.06613 0.03077 -0.08193 0.09351 0.14648
0.25874 -0.23891 1.34634 -0.29556 -0.24154 1.38329 -0.04001 0.03871 0.02088 0.00733 0.08646 0.02662 0.10265 0.11873
0.22739 -0.21063 1.39029 -0.26938 -0.19886 1.41568 -0.03135 0.02828 0.04395 0.02618 0.04268 0.03239 0.11225 0.08504
0.19817 -0.18018 1.39011 -0.2349 -0.15687 1.41005 -0.02922 0.03045 -0.00018 0.03448 0.04199 -0.00563 0.10835 0.09186
0.15972 -0.15451 1.4101 -0.21222 -0.12605 1.42872 -0.03845 0.02567 0.01999 0.02268 0.03082 0.01867 0.11728 0.10049
0.10729 -0.11185 1.43504 -0.14192 -0.08584 1.43955 -0.05243 0.04266 0.02494 0.07030 0.04021 0.01083 0.11535 0.12324
0.09551 -0.09768 1.40064 0.0357 -0.08844 1.39264 -0.01178 0.01417 -0.03440 0.17762 -0.00260 -0.04691 0.06411 0.06445
-0.07933 -0.05541 1.32475 0.0178 -0.06682 1.32575 -0.17484 0.04227 -0.07589 -0.01790 0.02162 -0.06689 0.06529 0.10222
-0.07442 -0.0385 1.3324 0.01514 -0.0492 1.33011 0.00491 0.01691 0.00765 -0.00266 0.01762 0.00436 0.09944 0.10583
-0.05536 -0.03722 1.33734 0.04805 -0.04748 1.34039 0.01906 0.00128 0.00494 0.03291 0.00172 0.01028 0.09929 0.09688
-0.05945 -0.03393 1.32454 0.05373 -0.04329 1.32872 -0.00409 0.00329 -0.01280 0.00568 0.00419 -0.01167 0.10070 0.09958
-0.06626 -0.02664 1.30834 0.08162 -0.04285 1.31604 -0.00681 0.00729 -0.01620 0.02789 0.00044 -0.01268 0.09394 0.08402
-0.01856 -0.02347 1.27925 0.10381 -0.03966 1.28716 0.04770 0.00317 -0.02909 0.02219 0.00319 -0.02888 0.10400 0.09256
0.10332 -0.03619 1.34718 -0.17045 -0.0074 1.35771 0.12188 -0.01272 0.06793 -0.27426 0.03226 0.07055 0.11397 0.10510
0.13307 -0.03609 1.31193 -0.21722 -0.00752 1.32943 0.02975 0.00010 -0.03525 -0.04677 -0.00012 -0.02828 0.10772 0.11454
0.17667 -0.04108 1.38753 -0.26684 -0.0095 1.40752 0.04360 -0.00499 0.07560 -0.04962 -0.00198 0.07809 0.11231 0.11215
0.20552 -0.04483 1.32976 -0.294 -0.01384 1.34849 0.02885 -0.00375 -0.05777 -0.02716 -0.00434 -0.05903 0.10431 0.10770
0.22704 -0.05021 1.29043 -0.31327 -0.01951 1.30438 0.02152 -0.00538 -0.03933 -0.01927 -0.00567 -0.04411 0.10128 0.09792
0.25309 -0.06122 1.32117 -0.33889 -0.01613 1.33597 0.02605 -0.01101 0.03074 -0.02562 0.00338 0.03159 0.10124 0.11258
0.26363 -0.06942 1.30286 -0.34762 -0.00576 1.36226 0.01054 -0.00820 -0.01831 -0.00873 0.01037 0.02629 0.09290 0.15868
0.27891 -0.09657 1.31135 -0.34473 -0.01711 1.35778 0.01528 -0.02715 0.00849 0.00289 -0.01135 -0.00448 0.07777 0.15685
0.27946 -0.10803 1.30681 -0.3302 -0.01027 1.34245 0.00055 -0.01146 -0.00454 0.01453 0.00684 -0.01533 0.06474 0.14514
0.27588 -0.12376 1.27346 -0.30417 0.00033 1.29465 -0.00358 -0.01573 -0.03335 0.02603 0.01060 -0.04780 0.05292 0.13381
0.29249 -0.14823 1.34358 -0.29807 0.01379 1.34926 0.01661 -0.02447 0.07012 0.00610 0.01346 0.05461 0.05396 0.13714
0.2849 -0.16733 1.29714 -0.26447 0.02878 1.28907 -0.00759 -0.01910 -0.04644 0.03360 0.01499 -0.06019 0.04989 0.13320
0.31534 -0.20777 1.43118 -0.26705 0.05025 1.40021 0.03044 -0.04044 0.13404 -0.00258 0.02147 0.11114 0.04935 0.14631
0.30817 -0.28191 1.41255 -0.1948 0.07113 1.34988 -0.00717 -0.07414 -0.01863 0.07225 0.02088 -0.05033 0.03859 0.12960
0.30952 -0.31385 1.42749 -0.17636 0.06893 1.34413 0.00135 -0.03194 0.01494 0.01844 -0.00220 -0.00575 0.04276 0.13250
0.30732 -0.34055 1.4363 -0.15725 0.05094 1.32992 -0.00220 -0.02670 0.00881 0.01911 -0.01799 -0.01421 0.04334 0.12770
0.29907 -0.39136 1.45383 -0.1273 -0.02369 1.30373 -0.00825 -0.05081 0.01753 0.02995 -0.07463 -0.02619 0.04320 0.11976
0.30185 -0.41639 1.49085 -0.13378 -0.07101 1.34007 0.00278 -0.02503 0.03702 -0.00648 -0.04732 0.03634 0.04467 0.11662
0.29943 -0.42559 1.49661 -0.11847 -0.08335 1.32616 -0.00242 -0.00920 0.00576 0.01531 -0.01234 -0.01391 0.04959 0.14470
0.30161 -0.43168 1.50154 -0.12202 -0.10652 1.33697 0.00218 -0.00609 0.00493 -0.00355 -0.02317 0.01081 0.04879 0.15196
0.30333 -0.43282 1.50812 -0.1268 -0.12122 1.35273 0.00172 -0.00114 0.00658 -0.00478 -0.01470 0.01576 0.04973 0.14871
0.30577 -0.43339 1.50941 -0.12517 -0.12012 1.35381 0.00244 -0.00057 0.00129 0.00163 0.00110 0.00108 0.04712 0.15689
0.30872 -0.43213 1.50615 -0.12522 -0.11924 1.35375 0.00295 0.00126 -0.00326 -0.00005 0.00088 -0.00006 0.04817 0.14584
0.31066 -0.43211 1.50445 -0.12594 -0.11905 1.3488 0.00194 0.00002 -0.00170 -0.00072 0.00019 -0.00495 0.05144 0.14427
0.31062 -0.42813 1.49952 -0.12552 -0.11386 1.34394 -0.00004 0.00398 -0.00493 0.00042 0.00519 -0.00486 0.05228 0.13093
0.30927 -0.42533 1.49035 -0.12689 -0.11089 1.34372 -0.00135 0.00280 -0.00917 -0.00137 0.00297 -0.00022 0.05380 0.14322
0.30827 -0.4253 1.49274 -0.13154 -0.11066 1.35343 -0.00100 0.00003 0.00239 -0.00465 0.00023 0.00971 0.05432 0.15622
0.30415 -0.42209 1.48698 -0.13101 -0.10626 1.35038 -0.00412 0.00321 -0.00576 0.00053 0.00440 -0.00305 0.05223 0.13814
0.29994 -0.42357 1.49351 -0.13371 -0.10585 1.35242 -0.00421 -0.00148 0.00653 -0.00270 0.00041 0.00204 0.05519 0.15014
0.29132 -0.41905 1.47999 -0.13241 -0.10541 1.34701 -0.00862 0.00452 -0.01352 0.00130 0.00044 -0.00541 0.05569 0.11144
0.28601 -0.4199 1.48468 -0.13666 -0.10592 1.35179 -0.00531 -0.00085 0.00469 -0.00425 -0.00051 0.00478 0.05815 0.12609
0.27743 -0.41388 1.47577 -0.13813 -0.10522 1.34613 -0.00858 0.00602 -0.00891 -0.00147 0.00070 -0.00566 0.05872 0.14703
0.27303 -0.41269 1.47964 -0.14034 -0.10517 1.34871 -0.00440 0.00119 0.00387 -0.00221 0.00005 0.00258 0.06270 0.13643
0.27021 -0.41047 1.47889 -0.14082 -0.10281 1.35544 -0.00282 0.00222 -0.00075 -0.00048 0.00236 0.00673 0.05809 0.10990
0.26566 -0.40615 1.46659 -0.13894 -0.0987 1.34151 -0.00455 0.00432 -0.01230 0.00188 0.00411 -0.01393 0.06545 0.14745
0.26627 -0.40248 1.47283 -0.14157 -0.09983 1.34952 0.00061 0.00367 0.00624 -0.00263 -0.00113 0.00801 0.06262 0.15008
0.26438 -0.39169 1.45529 -0.14067 -0.09756 1.33648 -0.00189 0.01079 -0.01754 0.00090 0.00227 -0.01304 0.06377 0.10726
0.26723 -0.38727 1.46539 -0.14169 -0.09521 1.34971 0.00285 0.00442 0.01010 -0.00102 0.00235 0.01323 0.06477 0.15244
0.27993 -0.35995 1.44813 -0.14193 -0.0931 1.35229 0.01270 0.02732 -0.01726 -0.00024 0.00211 0.00258 0.05353 0.10381
0.27925 -0.34555 1.44147 -0.14387 -0.09335 1.35015 -0.00068 0.01440 -0.00666 -0.00194 -0.00025 -0.00214 0.05126 0.14655
0.27733 -0.32946 1.437 -0.14258 -0.09105 1.35 -0.00192 0.01609 -0.00447 0.00129 0.00230 -0.00015 0.05110 0.13917
0.27455 -0.31074 1.43807 -0.14438 -0.09018 1.3529 -0.00278 0.01872 0.00107 -0.00180 0.00087 0.00290 0.05287 0.15290
0.27064 -0.2868 1.42761 -0.14398 -0.08749 1.35397 -0.00391 0.02394 -0.01046 0.00040 0.00269 0.00107 0.05531 0.15613
0.26016 -0.22254 1.41431 -0.14646 -0.08904 1.35199 -0.01048 0.06426 -0.01330 -0.00248 -0.00155 -0.00198 0.05782 0.15241
0.24562 -0.17859 1.36482 -0.14004 -0.08829 1.30702 -0.01454 0.04395 -0.04949 0.00642 0.00075 -0.04497 0.06237 0.11663
0.23845 -0.13406 1.38245 -0.14351 -0.08771 1.32911 -0.00717 0.04453 0.01763 -0.00347 0.00058 0.02209 0.05898 0.12364
0.2154 -0.03823 1.42119 -0.14464 -0.08254 1.34283 -0.02305 0.09583 0.03874 -0.00113 0.00517 0.01372 0.07752 0.14023
0.20443 0.00817 1.44961 -0.14777 -0.0847 1.36019 -0.01097 0.04640 0.02842 -0.00313 -0.00216 0.01736 0.08757 0.15150
0.178 0.11038 1.55107 -0.15813 -0.09342 1.42494 -0.02643 0.10221 0.10146 -0.01036 -0.00872 0.06475 0.09263 0.15109
0.15991 0.15416 1.58171 -0.15794 -0.09519 1.42361 -0.01809 0.04378 0.03064 0.00019 -0.00177 -0.00133 0.10177 0.13512
0.14179 0.19318 1.57891 -0.15778 -0.08994 1.40188 -0.01812 0.03902 -0.00280 0.00016 0.00525 -0.02173 0.10014 0.15710
0.13013 0.23495 1.63199 -0.15901 -0.08934 1.42069 -0.01166 0.04177 0.05308 -0.00123 0.00060 0.01881 0.10288 0.15237
0.12868 0.25688 1.66041 -0.16207 -0.09307 1.43738 -0.00145 0.02193 0.02842 -0.00306 -0.00373 0.01669 0.11191 0.16110
0.1155 0.30434 1.71023 -0.16359 -0.08963 1.44208 -0.01318 0.04746 0.04982 -0.00152 0.00344 0.00470 0.11252 0.15832
0.11653 0.31002 1.72686 -0.16571 -0.09075 1.45647 0.00103 0.00568 0.01663 -0.00212 -0.00112 0.01439 0.10942 0.15001
0.12448 0.23757 1.68901 -0.16528 -0.09245 1.44888 0.00795 -0.07245 -0.03785 0.00043 -0.00170 -0.00759 0.10882 0.16691
0.11589 0.21052 1.6858 -0.16501 -0.09175 1.45195 -0.00859 -0.02705 -0.00321 0.00027 0.00070 0.00307 0.09879 0.16520
0.10726 0.17588 1.66752 -0.16356 -0.09243 1.43432 -0.00863 -0.03464 -0.01828 0.00145 -0.00068 -0.01763 0.09106 0.16543
0.09821 0.13567 1.65216 -0.16342 -0.09402 1.41781 -0.00905 -0.04021 -0.01536 0.00014 -0.00159 -0.01651 0.08472 0.14024
0.07757 0.11878 1.64606 -0.15466 -0.07278 1.38547 -0.02064 -0.01689 -0.00610 0.00876 0.02124 -0.03234 0.13781 0.15434
0.09711 0.03359 1.67272 -0.15875 -0.07444 1.40067 0.01954 -0.08519 0.02666 -0.00409 -0.00166 0.01520 0.08931 0.14727
0.08312 -0.00386 1.68267 -0.16219 -0.07775 1.40284 -0.01399 -0.03745 0.00995 -0.00344 -0.00331 0.00217 0.07580 0.15599
0.07988 -0.05311 1.64565 -0.15794 -0.07761 1.37019 -0.00324 -0.04925 -0.03702 0.00425 0.00014 -0.03265 0.07475 0.15135
0.07597 -0.09119 1.68472 -0.16329 -0.0811 1.40155 -0.00391 -0.03808 0.03907 -0.00535 -0.00349 0.03136 0.06922 0.14583
0.07642 -0.12175 1.56996 -0.15447 -0.07667 1.30309 0.00045 -0.03056 -0.11476 0.00882 0.00443 -0.09846 0.06121 0.13143
0.08919 -0.15768 1.67589 -0.16985 -0.08943 1.41178 0.01277 -0.03593 0.10593 -0.01538 -0.01276 0.10869 0.05684 0.13867
0.10289 -0.17378 1.63369 -0.16692 -0.08094 1.38615 0.01370 -0.01610 -0.04220 0.00293 0.00849 -0.02563 0.05640 0.14012
0.12156 -0.17985 1.63098 -0.1698 -0.0848 1.39075 0.01867 -0.00607 -0.00271 -0.00288 -0.00386 0.00460 0.05929 0.15449
0.14529 -0.17431 1.62448 -0.17132 -0.08494 1.40548 0.02373 0.00554 -0.00650 -0.00152 -0.00014 0.01473 0.05684 0.14362
0.16899 -0.16425 1.59876 -0.16932 -0.08039 1.39655 0.02370 0.01006 -0.02572 0.00200 0.00455 -0.00893 0.05705 0.12582
0.19293 -0.14714 1.58564 -0.16282 -0.0734 1.37769 0.02394 0.01711 -0.01312 0.00650 0.00699 -0.01886 0.06261 0.15174
0.21538 -0.1259 1.57281 -0.16275 -0.07469 1.3861 0.02245 0.02124 -0.01283 0.00007 -0.00129 0.00841 0.06801 0.15172
0.25143 -0.08235 1.49579 -0.15776 -0.07279 1.35167 0.03605 0.04355 -0.07702 0.00499 0.00190 -0.03443 0.06899 0.14474
0.26452 -0.0735 1.46559 -0.15754 -0.07386 1.35306 0.01309 0.00885 -0.03020 0.00022 -0.00107 0.00139 0.06748 0.11376
0.27542 -0.07149 1.42912 -0.15662 -0.07435 1.3405 0.01090 0.00201 -0.03647 0.00092 -0.00049 -0.01256 0.06641 0.12975
0.29143 -0.08304 1.36263 -0.15518 -0.07199 1.33706 0.01601 -0.01155 -0.06649 0.00144 0.00236 -0.00344 0.06497 0.14692
0.28586 -0.10257 1.33727 -0.15662 -0.07027 1.34049 -0.00557 -0.01953 -0.02536 -0.00144 0.00172 0.00343 0.06439 0.14133
0.28134 -0.10432 1.35324 -0.15935 -0.07717 1.36147 -0.00452 -0.00175 0.01597 -0.00273 -0.00690 0.02098 0.06683 0.15532
0.27465 -0.10444 1.34941 -0.15908 -0.07672 1.35204 -0.00669 -0.00012 -0.00383 0.00027 0.00045 -0.00943 0.06407 0.12613
0.26644 -0.10918 1.35168 -0.16036 -0.06932 1.34595 -0.00821 -0.00474 0.00227 -0.00128 0.00740 -0.00609 0.06317 0.13366
0.26194 -0.11302 1.34259 -0.16016 -0.07121 1.33131 -0.00450 -0.00384 -0.00909 0.00020 -0.00189 -0.01464 0.06359 0.13479
0.26162 -0.11504 1.33827 -0.15956 -0.069 1.33033 -0.00032 -0.00202 -0.00432 0.00060 0.00221 -0.00098 0.06419 0.13051
0.26307 -0.11936 1.33131 -0.1605 -0.0699 1.33139 0.00145 -0.00432 -0.00696 -0.00094 -0.00090 0.00106 0.06497 0.12682
0.26843 -0.12025 1.32963 -0.16091 -0.0729 1.34339 0.00536 -0.00089 -0.00168 -0.00041 -0.00300 0.01200 0.06409 0.14435
0.27111 -0.11916 1.30309 -0.1607 -0.07449 1.34116 0.00268 0.00109 -0.02654 0.00021 -0.00159 -0.00223 0.06526 0.14032
0.27509 -0.10414 1.22001 -0.15491 -0.07112 1.30339 0.00398 0.01502 -0.08308 0.00579 0.00337 -0.03777 0.06088 0.14152
0.28098 -0.09961 1.21151 -0.15638 -0.07227 1.31387 0.00589 0.00453 -0.00850 -0.00147 -0.00115 0.01048 0.06029 0.12000
0.2767 -0.09341 1.1882 -0.15696 -0.07214 1.30932 -0.00428 0.00620 -0.02331 -0.00058 0.00013 -0.00455 0.06026 0.13643
0.26717 -0.0861 1.17732 -0.15471 -0.07417 1.31099 -0.00953 0.00731 -0.01088 0.00225 -0.00203 0.00167 0.05989 0.14887
0.25094 -0.07584 1.17646 -0.15277 -0.0694 1.30858 -0.01623 0.01026 -0.00086 0.00194 0.00477 -0.00241 0.05879 0.13792
0.23225 -0.07181 1.19761 -0.15463 -0.07314 1.32304 -0.01869 0.00403 0.02115 -0.00186 -0.00374 0.01446 0.06226 0.14813
0.18368 -0.07044 1.24567 -0.15617 -0.07398 1.3337 -0.04857 0.00137 0.04806 -0.00154 -0.00084 0.01066 0.06088 0.12237
0.16323 -0.07976 1.30015 -0.15861 -0.07778 1.36278 -0.02045 -0.00932 0.05448 -0.00244 -0.00380 0.02908 0.06331 0.14626
0.14348 -0.09215 1.35221 -0.16207 -0.08126 1.38228 -0.01975 -0.01239 0.05206 -0.00346 -0.00348 0.01950 0.06411 0.13994
0.1227 -0.10127 1.38329 -0.16318 -0.08302 1.40089 -0.02078 -0.00912 0.03108 -0.00111 -0.00176 0.01861 0.06390 0.15953
0.10636 -0.10954 1.39671 -0.16235 -0.08651 1.40091 -0.01634 -0.00827 0.01342 0.00083 -0.00349 0.00002 0.06044 0.14878
0.09432 -0.11115 1.38294 -0.161 -0.09238 1.38961 -0.01204 -0.00161 -0.01377 0.00135 -0.00587 -0.01130 0.05848 0.14515
0.08902 -0.11226 1.37176 -0.1613 -0.09525 1.38524 -0.00530 -0.00111 -0.01118 -0.00030 -0.00287 -0.00437 0.05728 0.14533
0.08995 -0.11299 1.36548 -0.15695 -0.08086 1.37945 0.00093 -0.00073 -0.00628 0.00435 0.01439 -0.00579 0.06107 0.14492
0.09137 -0.10828 1.34471 -0.16312 -0.0889 1.39442 0.00142 0.00471 -0.02077 -0.00617 -0.00804 0.01497 0.06181 0.14921
0.09324 -0.1049 1.30917 -0.16466 -0.08989 1.39834 0.00187 0.00338 -0.03554 -0.00154 -0.00099 0.00392 0.06340 0.15876
0.09094 -0.09085 1.23465 -0.15804 -0.08822 1.35511 -0.00230 0.01405 -0.07452 0.00662 0.00167 -0.04323 0.05963 0.14495
0.09204 -0.08759 1.23496 -0.16214 -0.08944 1.38274 0.00110 0.00326 0.00031 -0.00410 -0.00122 0.02763 0.06040 0.13639
0.08448 -0.07808 1.16446 -0.15443 -0.08601 1.32239 -0.00756 0.00951 -0.07050 0.00771 0.00343 -0.06035 0.05789 0.13613
0.0673 -0.06545 1.16558 -0.14718 -0.0677 1.31238 -0.01718 0.01263 0.00112 0.00725 0.01831 -0.01001 0.05679 0.13014
0.05344 -0.06139 1.17594 -0.14854 -0.06511 1.31896 -0.01386 0.00406 0.01036 -0.00136 0.00259 0.00658 0.05869 0.13491
0.03498 -0.05597 1.17137 -0.14609 -0.06959 1.29194 -0.01846 0.00542 -0.00457 0.00245 -0.00448 -0.02702 0.05866 0.12676
-0.02005 -0.07106 1.25909 -0.12862 -0.06509 1.31537 -0.05503 -0.01509 0.08772 0.01747 0.00450 0.02343 0.13826 0.12191
-0.09557 -0.10212 1.3111 -0.1095 -0.08573 1.31535 -0.07552 -0.03106 0.05201 0.01912 -0.02064 -0.00002 0.10559 0.04441
-0.10705 -0.10146 1.31286 -0.11644 -0.08151 1.30549 -0.01148 0.00066 0.00176 -0.00694 0.00422 -0.00986 0.10417 0.10605
-0.10566 -0.09884 1.33691 -0.11627 -0.07616 1.33687 0.00139 0.00262 0.02405 0.00017 0.00535 0.03138 0.12854 0.03637
-0.1012 -0.07798 1.25507 -0.12284 -0.07232 1.24677 0.00446 0.02086 -0.08184 -0.00657 0.00384 -0.09010 0.11233 0.03916
-0.09563 -0.06191 1.30343 -0.10224 -0.04268 1.31857 0.00557 0.01607 0.04836 0.02060 0.02964 0.07180 0.12537 0.05156
-0.06837 -0.02429 1.29942 -0.07836 -0.02108 1.31428 0.02726 0.03762 -0.00401 0.02388 0.02160 -0.00429 0.14409 0.05736
-0.01745 -0.00119 1.35092 -0.09278 -0.00669 1.36667 0.05092 0.02310 0.05150 -0.01442 0.01439 0.05239 0.07408 0.09630
0.01641 0.04368 1.30886 -0.16975 -0.03179 1.33638 0.03386 0.04487 -0.04206 -0.07697 -0.02510 -0.03029 0.05967 0.13726
0.13592 0.07406 1.30956 -0.17735 -0.02389 1.33259 0.11951 0.03038 0.00070 -0.00760 0.00790 -0.00379 0.06616 0.13213
0.17673 0.06988 1.32058 -0.1813 -0.02853 1.34375 0.04081 -0.00418 0.01102 -0.00395 -0.00464 0.01116 0.06522 0.13888
0.23991 0.02939 1.30272 -0.1834 -0.03374 1.32563 0.06318 -0.04049 -0.01786 -0.00210 -0.00521 -0.01812 0.06814 0.13680
0.26468 0.00339 1.29942 -0.18507 -0.03998 1.32141 0.02477 -0.02600 -0.00330 -0.00167 -0.00624 -0.00422 0.06759 0.13596
0.28608 -0.02944 1.31725 -0.18946 -0.04428 1.33593 0.02140 -0.03283 0.01783 -0.00439 -0.00430 0.01452 0.07178 0.14173
0.31986 -0.06019 1.4058 -0.20334 -0.05486 1.42063 0.03378 -0.03075 0.08855 -0.01388 -0.01058 0.08470 0.07311 0.15629
0.33761 -0.1149 1.4285 -0.2095 -0.06812 1.43768 0.01775 -0.05471 0.02270 -0.00616 -0.01326 0.01705 0.07399 0.11593
0.32788 -0.12461 1.37594 -0.20272 -0.06872 1.381 -0.00973 -0.00971 -0.05256 0.00678 -0.00060 -0.05668 0.07019 0.10986
0.31402 -0.12532 1.31189 -0.19368 -0.0675 1.31254 -0.01386 -0.00071 -0.06405 0.00904 0.00122 -0.06846 0.06873 0.13832
0.31297 -0.12431 1.30843 -0.19346 -0.06819 1.31023 -0.00105 0.00101 -0.00346 0.00022 -0.00069 -0.00231 0.06794 0.12575
0.31172 -0.11713 1.31523 -0.19616 -0.0677 1.31451 -0.00125 0.00718 0.00680 -0.00270 0.00049 0.00428 0.06943 0.13814
0.3124 -0.11369 1.31822 -0.19719 -0.07129 1.31737 0.00068 0.00344 0.00299 -0.00103 -0.00359 0.00286 0.06715 0.13884
0.32844 -0.12372 1.37661 -0.2077 -0.07757 1.37434 0.01604 -0.01003 0.05839 -0.01051 -0.00628 0.05697 0.07019 0.15761
0.32621 -0.12629 1.35612 -0.20628 -0.07994 1.35029 -0.00223 -0.00257 -0.02049 0.00142 -0.00237 -0.02405 0.07099 0.15465
0.33793 -0.1387 1.37893 -0.21136 -0.09662 1.36861 0.01172 -0.01241 0.02281 -0.00508 -0.01668 0.01832 0.07062 0.15014
0.33203 -0.14778 1.3213 -0.20437 -0.1054 1.28132 -0.00590 -0.00908 -0.05763 0.00699 -0.00878 -0.08729 0.06569 0.12007
0.36428 -0.18347 1.40851 -0.22338 -0.15019 1.34691 0.03225 -0.03569 0.08721 -0.01901 -0.04479 0.06559 0.07346 0.10655
0.3742 -0.21005 1.38424 -0.22845 -0.18856 1.30999 0.00992 -0.02658 -0.02427 -0.00507 -0.03837 -0.03692 0.07072 0.08693
0.39591 -0.24713 1.40135 -0.24634 -0.22679 1.32278 0.02171 -0.03708 0.01711 -0.01789 -0.03823 0.01279 0.07157 0.08057
0.41053 -0.2791 1.38046 -0.262 -0.2666 1.30335 0.01462 -0.03197 -0.02089 -0.01566 -0.03981 -0.01943 0.07237 0.08327
0.44389 -0.32747 1.41904 -0.29432 -0.31734 1.34105 0.03336 -0.04837 0.03858 -0.03232 -0.05074 0.03770 0.07067 0.08677
0.46879 -0.36842 1.44762 -0.30429 -0.39132 1.39266 0.02490 -0.04095 0.02858 -0.00997 -0.07398 0.05161 0.07582 0.09917
0.50375 -0.42227 1.54465 -0.35365 -0.44326 1.46202 0.03496 -0.05385 0.09703 -0.04936 -0.05194 0.06936 0.09481 0.09540
0.5206 -0.50506 1.67365 -0.41882 -0.52682 1.54851 0.01685 -0.08279 0.12900 -0.06517 -0.08356 0.08649 0.12064 0.09605
0.54896 -0.61881 1.68435 -0.45259 -0.61695 1.63715 0.02836 -0.11375 0.01070 -0.03377 -0.09013 0.08864 0.12074 0.10702
0.53667 -0.60296 1.63876 -0.44447 -0.62138 1.63072 -0.01229 0.01585 -0.04559 0.00812 -0.00443 -0.00643 0.11010 0.10199
0.53546 -0.6041 1.63793 -0.44712 -0.64303 1.66166 -0.00121 -0.00114 -0.00083 -0.00265 -0.02165 0.03094 0.11468 0.10438
0.52295 -0.5961 1.60531 -0.44201 -0.67952 1.67638 -0.01251 0.00800 -0.03262 0.00511 -0.03649 0.01472 0.10885 0.10430
0.52336 -0.59797 1.60746 -0.44224 -0.68794 1.7058 0.00041 -0.00187 0.00215 -0.00023 -0.00842 0.02942 0.10791 0.10538
0.53868 -0.61607 1.65326 -0.44766 -0.68611 1.79711 0.01532 -0.01810 0.04580 -0.00542 0.00183 0.09131 0.11149 0.10532
0.53448 -0.61388 1.64359 -0.45433 -0.72299 1.78505 -0.00420 0.00219 -0.00967 -0.00667 -0.03688 -0.01206 0.11045 0.10031
0.53674 -0.61202 1.63935 -0.45222 -0.72815 1.79122 0.00226 0.00186 -0.00424 0.00211 -0.00516 0.00617 0.10652 0.09392
0.53814 -0.61293 1.63976 -0.45111 -0.73127 1.80188 0.00140 -0.00091 0.00041 0.00111 -0.00312 0.01066 0.10507 0.08648
0.54042 -0.6141 1.64209 -0.44855 -0.73436 1.81044 0.00228 -0.00117 0.00233 0.00256 -0.00309 0.00856 0.10724 0.08670
0.54353 -0.61446 1.6384 -0.44766 -0.73289 1.82031 0.00311 -0.00036 -0.00369 0.00089 0.00147 0.00987 0.11322 0.07232
0.54522 -0.61451 1.63809 -0.44833 -0.73707 1.83314 0.00169 -0.00005 -0.00031 -0.00067 -0.00418 0.01283 0.11489 0.07627
0.53927 -0.6107 1.62977 -0.44187 -0.7227 1.83704 -0.00595 0.00381 -0.00832 0.00646 0.01437 0.00390 0.11116 0.08518
0.54537 -0.61674 1.64331 -0.43251 -0.69895 1.86585 0.00610 -0.00604 0.01354 0.00936 0.02375 0.02881 0.10957 0.09895
0.54556 -0.61771 1.6469 -0.44996 -0.73932 1.88505 0.00019 -0.00097 0.00359 -0.01745 -0.04037 0.01920 0.11110 0.06407
0.54578 -0.6186 1.64845 -0.45282 -0.74586 1.893 0.00022 -0.00089 0.00155 -0.00286 -0.00654 0.00795 0.11070 0.06282
0.54517 -0.61831 1.64776 -0.44872 -0.73785 1.88539 -0.00061 0.00029 -0.00069 0.00410 0.00801 -0.00761 0.10862 0.06409
0.54631 -0.61788 1.64613 -0.44754 -0.73455 1.88209 0.00114 0.00043 -0.00163 0.00118 0.00330 -0.00330 0.10859 0.07519
0.54559 -0.618 1.64538 -0.44819 -0.73651 1.88415 -0.00072 -0.00012 -0.00075 -0.00065 -0.00196 0.00206 0.10920 0.07278
0.54608 -0.61802 1.64596 -0.44956 -0.73906 1.89327 0.00049 -0.00002 0.00058 -0.00137 -0.00255 0.00912 0.10641 0.04855
0.54703 -0.61831 1.64768 -0.43845 -0.71504 1.88387 0.00095 -0.00029 0.00172 0.01111 0.02402 -0.00940 0.11521 0.06944
0.54557 -0.61791 1.64802 -0.43847 -0.71849 1.87457 -0.00146 0.00040 0.00034 -0.00002 -0.00345 -0.00930 0.11054 0.08108
0.546 -0.61809 1.64824 -0.43316 -0.70723 1.87203 0.00043 -0.00018 0.00022 0.00531 0.01126 -0.00254 0.10665 0.08357
0.54574 -0.61793 1.64693 -0.42656 -0.68948 1.88247 -0.00026 0.00016 -0.00131 0.00660 0.01775 0.01044 0.10998 0.10426
0.54443 -0.61747 1.64581 -0.43176 -0.7029 1.88801 -0.00131 0.00046 -0.00112 -0.00520 -0.01342 0.00554 0.10835 0.09910
0.54588 -0.61842 1.64934 -0.42899 -0.69443 1.89067 0.00145 -0.00095 0.00353 0.00277 0.00847 0.00266 0.10976 0.11984
]
