classifier_Monkey_car_bumps_into_each_other_24113 [ 0.60438 -0.76158 2.01641 -0.1695 -0.62279 1.82451 0.60438 -0.76158 2.01641 -0.1695 -0.62279 1.82451 0.12589 0.11278
0.60719 -0.76198 2.01709 -0.16816 -0.62329 1.82396 0.00281 -0.00040 0.00068 0.00134 -0.00050 -0.00055 0.12523 0.11305
0.60786 -0.76233 2.01877 -0.16814 -0.62256 1.82495 0.00067 -0.00035 0.00168 0.00002 0.00073 0.00099 0.12422 0.11434
0.60526 -0.7617 2.01897 -0.16199 -0.62509 1.81507 -0.00260 0.00063 0.00020 0.00615 -0.00253 -0.00988 0.12770 0.11173
0.60724 -0.76035 2.01994 -0.16004 -0.62369 1.81173 0.00198 0.00135 0.00097 0.00195 0.00140 -0.00334 0.12928 0.11471
0.60894 -0.76122 2.02313 -0.15789 -0.62272 1.81143 0.00170 -0.00087 0.00319 0.00215 0.00097 -0.00030 0.12826 0.11376
0.60953 -0.76026 2.02647 -0.1565 -0.62046 1.80981 0.00059 0.00096 0.00334 0.00139 0.00226 -0.00162 0.13031 0.11420
0.60851 -0.75972 2.03706 -0.15425 -0.61511 1.80898 -0.00102 0.00054 0.01059 0.00225 0.00535 -0.00083 0.13462 0.11675
0.61437 -0.75775 2.04827 -0.15698 -0.6028 1.80794 0.00586 0.00197 0.01121 -0.00273 0.01231 -0.00104 0.14551 0.11836
0.61607 -0.75313 2.05199 -0.16474 -0.56074 1.82394 0.00170 0.00462 0.00372 -0.00776 0.04206 0.01600 0.14461 0.11674
0.61075 -0.73192 2.014 -0.15582 -0.49843 1.78915 -0.00532 0.02121 -0.03799 0.00892 0.06231 -0.03479 0.14554 0.07135
0.60586 -0.67202 2.03472 -0.15812 -0.42474 1.787 -0.00489 0.05990 0.02072 -0.00230 0.07369 -0.00215 0.14243 0.05336
0.52574 -0.50802 2.01115 -0.16328 -0.30341 1.7671 -0.08012 0.16400 -0.02357 -0.00516 0.12133 -0.01990 0.08725 0.05385
0.52867 -0.41764 1.94616 -0.17085 -0.24333 1.7708 0.00293 0.09038 -0.06499 -0.00757 0.06008 0.00370 0.08549 0.05378
0.50527 -0.35231 1.90179 -0.18616 -0.18857 1.77032 -0.02340 0.06533 -0.04437 -0.01531 0.05476 -0.00048 0.07233 0.05612
0.46109 -0.2969 1.85275 -0.20316 -0.14381 1.74847 -0.04418 0.05541 -0.04904 -0.01700 0.04476 -0.02185 0.07436 0.06042
0.42935 -0.24671 1.81457 -0.22089 -0.11262 1.74489 -0.03174 0.05019 -0.03818 -0.01773 0.03119 -0.00358 0.06902 0.06686
0.38463 -0.17742 1.77222 -0.24481 -0.0709 1.7384 -0.04472 0.06929 -0.04235 -0.02392 0.04172 -0.00649 0.06625 0.07788
0.37369 -0.15208 1.78868 -0.2545 -0.06013 1.76202 -0.01094 0.02534 0.01646 -0.00969 0.01077 0.02362 0.06753 0.07227
0.35886 -0.12296 1.78029 -0.26279 -0.06082 1.7608 -0.01483 0.02912 -0.00839 -0.00829 -0.00069 -0.00122 0.06896 0.07332
0.34584 -0.09227 1.76915 -0.27021 -0.07256 1.75274 -0.01302 0.03069 -0.01114 -0.00742 -0.01174 -0.00806 0.06997 0.06448
0.3317 -0.06002 1.74865 -0.27385 -0.10018 1.72818 -0.01414 0.03225 -0.02050 -0.00364 -0.02762 -0.02456 0.07430 0.05687
0.33561 -0.02455 1.83331 -0.29469 -0.15207 1.80938 0.00391 0.03547 0.08466 -0.02084 -0.05189 0.08120 0.08565 0.05485
0.32032 0.01918 1.82844 -0.29801 -0.20657 1.80355 -0.01529 0.04373 -0.00487 -0.00332 -0.05450 -0.00583 0.08861 0.04334
0.29644 0.06133 1.79924 -0.29699 -0.25226 1.76762 -0.02388 0.04215 -0.02920 0.00102 -0.04569 -0.03593 0.09280 0.05029
0.27779 0.1016 1.80886 -0.29791 -0.28294 1.76805 -0.01865 0.04027 0.00962 -0.00092 -0.03068 0.00043 0.09202 0.04303
0.25264 0.12723 1.76622 -0.2862 -0.28038 1.71209 -0.02515 0.02563 -0.04264 0.01171 0.00256 -0.05596 0.08603 0.04277
0.24643 0.13823 1.82803 -0.28819 -0.26991 1.75049 -0.00621 0.01100 0.06181 -0.00199 0.01047 0.03840 0.09101 0.04914
0.24765 0.13038 1.91508 -0.29306 -0.24159 1.80878 0.00122 -0.00785 0.08705 -0.00487 0.02832 0.05829 0.08831 0.05217
0.25416 0.09775 1.98528 -0.29506 -0.18976 1.85519 0.00651 -0.03263 0.07020 -0.00200 0.05183 0.04641 0.08309 0.05366
0.24582 0.00311 1.84586 -0.27099 -0.05792 1.74779 -0.00834 -0.09464 -0.13942 0.02407 0.13184 -0.10740 0.04061 0.06513
0.24983 -0.07181 1.7723 -0.25486 -0.00176 1.69385 0.00401 -0.07492 -0.07356 0.01613 0.05616 -0.05394 0.04570 0.07343
0.2671 -0.12431 1.85224 -0.25812 0.04235 1.78482 0.01727 -0.05250 0.07994 -0.00326 0.04411 0.09097 0.04689 0.07524
0.26115 -0.12638 1.801 -0.2464 0.06744 1.74807 -0.00595 -0.00207 -0.05124 0.01172 0.02509 -0.03675 0.04884 0.07779
0.25789 -0.10429 1.80524 -0.24342 0.07022 1.752 -0.00326 0.02209 0.00424 0.00298 0.00278 0.00393 0.05233 0.07528
0.2603 -0.0707 1.82456 -0.23863 0.05635 1.75736 0.00241 0.03359 0.01932 0.00479 -0.01387 0.00536 0.07043 0.06651
0.26589 -0.02825 1.85171 -0.23629 0.02244 1.77248 0.00559 0.04245 0.02715 0.00234 -0.03391 0.01512 0.08851 0.06136
0.27225 0.03662 1.92498 -0.25568 -0.043 1.85446 0.00636 0.06487 0.07327 -0.01939 -0.06544 0.08198 0.08758 0.06572
0.27416 0.08746 1.94795 -0.25194 -0.10814 1.86679 0.00191 0.05084 0.02297 0.00374 -0.06514 0.01233 0.09554 0.05116
0.26786 0.12708 1.90236 -0.2409 -0.1673 1.82569 -0.00630 0.03962 -0.04559 0.01104 -0.05916 -0.04110 0.09782 0.04293
0.31655 0.15501 2.11223 -0.24912 -0.24357 2.01716 0.04869 0.02793 0.20987 -0.00822 -0.07627 0.19147 0.11968 0.05647
0.30104 0.16136 2.01507 -0.24571 -0.20961 1.92693 -0.01551 0.00635 -0.09716 0.00341 0.03396 -0.09023 0.10685 0.05197
0.2888 0.14616 1.90759 -0.24932 -0.15202 1.83191 -0.01224 -0.01520 -0.10748 -0.00361 0.05759 -0.09502 0.08946 0.05830
0.29802 0.10449 1.87814 -0.3113 -0.03632 1.81328 0.00922 -0.04167 -0.02945 -0.06198 0.11570 -0.01863 0.07381 0.08319
0.30229 0.08015 1.85763 -0.34179 0.00881 1.79431 0.00427 -0.02434 -0.02051 -0.03049 0.04513 -0.01897 0.06885 0.11208
0.29116 0.05558 1.76147 -0.3502 0.05084 1.69818 -0.01113 -0.02457 -0.09616 -0.00841 0.04203 -0.09613 0.06409 0.09411
0.29534 0.04086 1.75974 -0.37342 0.0729 1.69604 0.00418 -0.01472 -0.00173 -0.02322 0.02206 -0.00214 0.05810 0.11262
0.3027 0.02234 1.7689 -0.39829 0.07805 1.69889 0.00736 -0.01852 0.00916 -0.02487 0.00515 0.00285 0.06028 0.11101
0.30292 0.01313 1.75955 -0.41502 0.05815 1.68823 0.00022 -0.00921 -0.00935 -0.01673 -0.01990 -0.01066 0.05242 0.11784
0.3068 -0.01356 1.74044 -0.42846 0.0088 1.65267 0.00388 -0.02669 -0.01911 -0.01344 -0.04935 -0.03556 0.07017 0.07156
0.31598 -0.02014 1.7893 -0.44279 -0.03988 1.69495 0.00918 -0.00658 0.04886 -0.01433 -0.04868 0.04228 0.06451 0.07906
0.31441 -0.02417 1.78186 -0.4438 -0.08731 1.69187 -0.00157 -0.00403 -0.00744 -0.00101 -0.04743 -0.00308 0.06073 0.07639
0.31067 -0.02734 1.77597 -0.44004 -0.11296 1.68824 -0.00374 -0.00317 -0.00589 0.00376 -0.02565 -0.00363 0.05625 0.08309
0.3069 -0.02855 1.77202 -0.44272 -0.11864 1.69145 -0.00377 -0.00121 -0.00395 -0.00268 -0.00568 0.00321 0.05447 0.11365
0.30209 -0.02682 1.76936 -0.44581 -0.1118 1.69369 -0.00481 0.00173 -0.00266 -0.00309 0.00684 0.00224 0.05439 0.11520
0.29863 -0.02515 1.766 -0.44735 -0.10131 1.69196 -0.00346 0.00167 -0.00336 -0.00154 0.01049 -0.00173 0.05937 0.11339
0.29608 -0.02235 1.76345 -0.44831 -0.08965 1.68924 -0.00255 0.00280 -0.00255 -0.00096 0.01166 -0.00272 0.05982 0.12233
0.2946 -0.01995 1.77238 -0.45469 -0.08429 1.68843 -0.00148 0.00240 0.00893 -0.00638 0.00536 -0.00081 0.06241 0.12375
0.29454 -0.02175 1.77521 -0.45811 -0.07823 1.68995 -0.00006 -0.00180 0.00283 -0.00342 0.00606 0.00152 0.06260 0.12519
0.29399 -0.02587 1.77546 -0.45889 -0.08179 1.68602 -0.00055 -0.00412 0.00025 -0.00078 -0.00356 -0.00393 0.06243 0.11330
0.29118 -0.02605 1.7702 -0.45869 -0.08342 1.68453 -0.00281 -0.00018 -0.00526 0.00020 -0.00163 -0.00149 0.05604 0.11902
0.28979 -0.02867 1.76371 -0.46041 -0.08301 1.68435 -0.00139 -0.00262 -0.00649 -0.00172 0.00041 -0.00018 0.05122 0.11008
0.28993 -0.03355 1.76184 -0.46278 -0.08434 1.68026 0.00014 -0.00488 -0.00187 -0.00237 -0.00133 -0.00409 0.05276 0.13252
0.29072 -0.03658 1.75783 -0.46403 -0.08264 1.681 0.00079 -0.00303 -0.00401 -0.00125 0.00170 0.00074 0.05162 0.11284
0.29192 -0.03899 1.75541 -0.465 -0.08328 1.6821 0.00120 -0.00241 -0.00242 -0.00097 -0.00064 0.00110 0.05049 0.12013
0.29299 -0.04435 1.75341 -0.46703 -0.0835 1.68374 0.00107 -0.00536 -0.00200 -0.00203 -0.00022 0.00164 0.05013 0.12456
0.29275 -0.05264 1.75352 -0.4691 -0.08392 1.68305 -0.00024 -0.00829 0.00011 -0.00207 -0.00042 -0.00069 0.05229 0.11666
0.28078 -0.10851 1.74999 -0.46762 -0.08596 1.68204 -0.01197 -0.05587 -0.00353 0.00148 -0.00204 -0.00101 0.05087 0.10779
0.28772 -0.20061 1.83305 -0.47253 -0.09662 1.73454 0.00694 -0.09210 0.08306 -0.00491 -0.01066 0.05250 0.10380 0.09834
0.28113 -0.2284 1.76052 -0.44454 -0.0932 1.62642 -0.00659 -0.02779 -0.07253 0.02799 0.00342 -0.10812 0.10248 0.08304
0.29041 -0.28348 1.81446 -0.44924 -0.09585 1.63742 0.00928 -0.05508 0.05394 -0.00470 -0.00265 0.01100 0.10438 0.07114
0.29869 -0.31718 1.85889 -0.44477 -0.10015 1.62619 0.00828 -0.03370 0.04443 0.00447 -0.00430 -0.01123 0.10718 0.07991
0.2944 -0.36067 1.91786 -0.44674 -0.10309 1.62912 -0.00429 -0.04349 0.05897 -0.00197 -0.00294 0.00293 0.08533 0.07799
0.29932 -0.32928 1.99676 -0.45018 -0.10864 1.65631 0.00492 0.03139 0.07890 -0.00344 -0.00555 0.02719 0.06883 0.07200
0.2522 -0.32762 2.13632 -0.47176 -0.11783 1.7385 -0.04712 0.00166 0.13956 -0.02158 -0.00919 0.08219 0.10747 0.07806
0.23261 -0.18131 2.15861 -0.4756 -0.10958 1.7619 -0.01959 0.14631 0.02229 -0.00384 0.00825 0.02340 0.09296 0.09101
0.23959 -0.1246 2.1424 -0.47068 -0.10701 1.75535 0.00698 0.05671 -0.01621 0.00492 0.00257 -0.00655 0.09957 0.09921
0.27619 -0.07538 2.14636 -0.47751 -0.10158 1.79167 0.03660 0.04922 0.00396 -0.00683 0.00543 0.03632 0.06061 0.09460
0.09878 -0.03567 1.82666 -0.4481 -0.08825 1.68202 -0.17741 0.03971 -0.31970 0.02941 0.01333 -0.10965 0.05633 0.09417
0.30513 -0.05455 2.04359 -0.47348 -0.08436 1.78216 0.20635 -0.01888 0.21693 -0.02538 0.00389 0.10014 0.06506 0.09829
0.33312 -0.09735 2.03281 -0.46867 -0.08197 1.78344 0.02799 -0.04280 -0.01078 0.00481 0.00239 0.00128 0.04897 0.10069
0.36007 -0.15639 2.01703 -0.46238 -0.07986 1.76747 0.02695 -0.05904 -0.01578 0.00629 0.00211 -0.01597 0.07102 0.09931
0.39371 -0.22124 2.07239 -0.46844 -0.08389 1.79077 0.03364 -0.06485 0.05536 -0.00606 -0.00403 0.02330 0.07799 0.10102
0.39876 -0.27289 2.12069 -0.46463 -0.08866 1.78801 0.00505 -0.05165 0.04830 0.00381 -0.00477 -0.00276 0.08849 0.09851
0.37134 -0.29425 2.18297 -0.46073 -0.09268 1.79449 -0.02742 -0.02136 0.06228 0.00390 -0.00402 0.00648 0.08015 0.09720
0.26625 -0.27671 2.13904 -0.4365 -0.07683 1.72469 -0.10509 0.01754 -0.04393 0.02423 0.01585 -0.06980 0.10264 0.09100
0.24529 -0.19531 2.2865 -0.48706 -0.09757 1.89038 -0.02096 0.08140 0.14746 -0.05056 -0.02074 0.16569 0.09461 0.09461
0.2417 -0.1697 2.15284 -0.4655 -0.09085 1.79817 -0.00359 0.02561 -0.13366 0.02156 0.00672 -0.09221 0.09565 0.09212
0.22815 -0.16516 2.09007 -0.46107 -0.08654 1.77399 -0.01355 0.00454 -0.06277 0.00443 0.00431 -0.02418 0.11547 0.10441
0.32742 -0.09429 2.01604 -0.46174 -0.08567 1.77935 0.09927 0.07087 -0.07403 -0.00067 0.00087 0.00536 0.06301 0.09510
0.38607 -0.04939 2.09757 -0.48628 -0.08714 1.86041 0.05865 0.04490 0.08153 -0.02454 -0.00147 0.08106 0.11049 0.11030
0.34821 0.03815 1.82465 -0.44407 -0.07637 1.68912 -0.03786 0.08754 -0.27292 0.04221 0.01077 -0.17129 0.07523 0.09389
0.34844 0.06954 1.83231 -0.44602 -0.0747 1.689 0.00023 0.03139 0.00766 -0.00195 0.00167 -0.00012 0.08736 0.09644
0.33583 0.09419 1.78152 -0.42962 -0.06224 1.6179 -0.01261 0.02465 -0.05079 0.01640 0.01246 -0.07110 0.10983 0.10300
0.3418 0.08714 1.80174 -0.43076 -0.06968 1.63481 0.00597 -0.00705 0.02022 -0.00114 -0.00744 0.01691 0.11979 0.09467
0.35667 0.08792 1.91804 -0.45905 -0.07252 1.74586 0.01487 0.00078 0.11630 -0.02829 -0.00284 0.11105 0.12180 0.11492
0.34386 0.06862 1.89203 -0.45117 -0.07312 1.73979 -0.01281 -0.01930 -0.02601 0.00788 -0.00060 -0.00607 0.10278 0.11394
0.33204 0.0252 1.87388 -0.44572 -0.07324 1.74485 -0.01182 -0.04342 -0.01815 0.00545 -0.00012 0.00506 0.09946 0.11404
0.31917 -0.01809 1.84692 -0.43846 -0.07491 1.74072 -0.01287 -0.04329 -0.02696 0.00726 -0.00167 -0.00413 0.09818 0.10721
0.31007 -0.05286 1.82288 -0.43119 -0.07579 1.73336 -0.00910 -0.03477 -0.02404 0.00727 -0.00088 -0.00736 0.09632 0.09879
0.30621 -0.07159 1.8122 -0.42732 -0.07163 1.72668 -0.00386 -0.01873 -0.01068 0.00387 0.00416 -0.00668 0.09500 0.10400
0.30876 -0.07534 1.81733 -0.42754 -0.06878 1.72869 0.00255 -0.00375 0.00513 -0.00022 0.00285 0.00201 0.09449 0.11075
0.31439 -0.06972 1.82269 -0.42933 -0.06474 1.7302 0.00563 0.00562 0.00536 -0.00179 0.00404 0.00151 0.09641 0.11227
0.32045 -0.0627 1.82962 -0.42434 -0.06 1.72881 0.00606 0.00702 0.00693 0.00499 0.00474 -0.00139 0.09608 0.10675
0.32486 -0.05584 1.83326 -0.42521 -0.05902 1.73154 0.00441 0.00686 0.00364 -0.00087 0.00098 0.00273 0.09708 0.11477
0.32898 -0.05054 1.8412 -0.4302 -0.05562 1.73456 0.00412 0.00530 0.00794 -0.00499 0.00340 0.00302 0.10037 0.11020
0.33205 -0.04681 1.84625 -0.42782 -0.05411 1.73547 0.00307 0.00373 0.00505 0.00238 0.00151 0.00091 0.09763 0.10418
0.33624 -0.04599 1.8501 -0.4289 -0.0539 1.73773 0.00419 0.00082 0.00385 -0.00108 0.00021 0.00226 0.10058 0.10710
0.33893 -0.04623 1.85046 -0.43159 -0.05698 1.73943 0.00269 -0.00024 0.00036 -0.00269 -0.00308 0.00170 0.09970 0.12580
0.34671 -0.05042 1.85077 -0.42942 -0.05665 1.73701 0.00778 -0.00419 0.00031 0.00217 0.00033 -0.00242 0.10088 0.11614
0.35079 -0.05281 1.84933 -0.43273 -0.05562 1.73949 0.00408 -0.00239 -0.00144 -0.00331 0.00103 0.00248 0.09946 0.11992
0.35452 -0.0548 1.85046 -0.43485 -0.05547 1.74204 0.00373 -0.00199 0.00113 -0.00212 0.00015 0.00255 0.10035 0.11619
0.34916 -0.05916 1.8364 -0.43756 -0.0494 1.74628 -0.00536 -0.00436 -0.01406 -0.00271 0.00607 0.00424 0.10938 0.11419
0.33497 -0.06049 1.82552 -0.43067 -0.04339 1.74685 -0.01419 -0.00133 -0.01088 0.00689 0.00601 0.00057 0.11279 0.11160
0.31043 -0.06041 1.81064 -0.42052 -0.03917 1.74836 -0.02454 0.00008 -0.01488 0.01015 0.00422 0.00151 0.11366 0.11644
0.27137 -0.05616 1.7863 -0.3939 -0.0325 1.73826 -0.03906 0.00425 -0.02434 0.02662 0.00667 -0.01010 0.11235 0.10646
0.09919 -0.0336 1.71669 -0.25958 0.00204 1.70103 -0.17218 0.02256 -0.06961 0.13432 0.03454 -0.03723 0.09962 0.12464
0.06153 -0.04335 1.71664 -0.2227 0.00289 1.69963 -0.03766 -0.00975 -0.00005 0.03688 0.00085 -0.00140 0.11842 0.10844
0.03383 -0.04236 1.77777 -0.20683 0.00922 1.76696 -0.02770 0.00099 0.06113 0.01587 0.00633 0.06733 0.12801 0.09819
0.00467 0.00291 1.76028 -0.20414 0.02539 1.75854 -0.02916 0.04527 -0.01749 0.00269 0.01617 -0.00842 0.13747 0.10970
0.1317 0.01636 1.79034 -0.25556 0.0412 1.77956 0.12703 0.01345 0.03006 -0.05142 0.01581 0.02102 0.11313 0.12470
0.16922 0.02359 1.74442 -0.27156 0.04215 1.73122 0.03752 0.00723 -0.04592 -0.01600 0.00095 -0.04834 0.10562 0.12274
0.19738 0.02505 1.65505 -0.28285 0.03884 1.64 0.02816 0.00146 -0.08937 -0.01129 -0.00331 -0.09122 0.09904 0.10573
0.22718 0.02513 1.6656 -0.31072 0.03388 1.64792 0.02980 0.00008 0.01055 -0.02787 -0.00496 0.00792 0.09932 0.11140
0.25031 0.02684 1.6785 -0.3262 0.03347 1.66078 0.02313 0.00171 0.01290 -0.01548 -0.00041 0.01286 0.09718 0.10949
0.26184 0.0256 1.68506 -0.33402 0.03029 1.66357 0.01153 -0.00124 0.00656 -0.00782 -0.00318 0.00279 0.09828 0.10955
0.26617 0.02634 1.68713 -0.33651 0.02816 1.66707 0.00433 0.00074 0.00207 -0.00249 -0.00213 0.00350 0.09663 0.10725
0.26298 0.02644 1.69191 -0.33655 0.02491 1.67014 -0.00319 0.00010 0.00478 -0.00004 -0.00325 0.00307 0.09816 0.11176
0.25634 0.02481 1.69477 -0.33396 0.01962 1.67203 -0.00664 -0.00163 0.00286 0.00259 -0.00529 0.00189 0.09900 0.11095
0.24852 0.02438 1.69662 -0.3297 0.02067 1.67193 -0.00782 -0.00043 0.00185 0.00426 0.00105 -0.00010 0.09971 0.10602
0.24118 0.02527 1.69427 -0.32652 0.01885 1.66724 -0.00734 0.00089 -0.00235 0.00318 -0.00182 -0.00469 0.10169 0.10866
0.23465 0.02685 1.69238 -0.32345 0.02043 1.66487 -0.00653 0.00158 -0.00189 0.00307 0.00158 -0.00237 0.09876 0.10309
0.23008 0.02596 1.68905 -0.32256 0.02203 1.66475 -0.00457 -0.00089 -0.00333 0.00089 0.00160 -0.00012 0.10098 0.10426
0.22744 0.02515 1.69489 -0.32169 0.02214 1.66997 -0.00264 -0.00081 0.00584 0.00087 0.00011 0.00522 0.10262 0.10796
0.22609 0.02385 1.69359 -0.32116 0.02557 1.67015 -0.00135 -0.00130 -0.00130 0.00053 0.00343 0.00018 0.10188 0.10677
0.22481 0.02074 1.69129 -0.31939 0.02672 1.66999 -0.00128 -0.00311 -0.00230 0.00177 0.00115 -0.00016 0.10054 0.10363
0.22305 0.01869 1.69191 -0.321 0.02489 1.66849 -0.00176 -0.00205 0.00062 -0.00161 -0.00183 -0.00150 0.09988 0.10130
0.22295 0.01637 1.68977 -0.3234 0.02366 1.66519 -0.00010 -0.00232 -0.00214 -0.00240 -0.00123 -0.00330 0.10042 0.09882
0.22207 0.01456 1.69013 -0.32314 0.02093 1.66452 -0.00088 -0.00181 0.00036 0.00026 -0.00273 -0.00067 0.09833 0.10976
0.22121 0.01093 1.68872 -0.32092 0.01869 1.66256 -0.00086 -0.00363 -0.00141 0.00222 -0.00224 -0.00196 0.10061 0.10743
0.21139 -0.02795 1.66773 -0.30825 -0.01731 1.63525 -0.00982 -0.03888 -0.02099 0.01267 -0.03600 -0.02731 0.09870 0.07762
0.20609 -0.05392 1.65134 -0.29832 -0.04625 1.61923 -0.00530 -0.02597 -0.01639 0.00993 -0.02894 -0.01602 0.09504 0.08102
0.21754 -0.10111 1.78561 -0.31003 -0.09458 1.75194 0.01145 -0.04719 0.13427 -0.01171 -0.04833 0.13271 0.10300 0.07571
0.2129 -0.16185 1.82417 -0.29882 -0.15746 1.78165 -0.00464 -0.06074 0.03856 0.01121 -0.06288 0.02971 0.10697 0.07993
0.19836 -0.22885 1.80479 -0.26113 -0.23528 1.75435 -0.01454 -0.06700 -0.01938 0.03769 -0.07782 -0.02730 0.09889 0.07992
0.18154 -0.30657 1.79883 -0.24462 -0.32073 1.76371 -0.01682 -0.07772 -0.00596 0.01651 -0.08545 0.00936 0.07886 0.08635
0.15948 -0.39619 1.76891 -0.22109 -0.40351 1.77159 -0.02206 -0.08962 -0.02992 0.02353 -0.08278 0.00788 0.05991 0.10509
0.14984 -0.49021 1.76476 -0.1983 -0.47643 1.7959 -0.00964 -0.09402 -0.00415 0.02279 -0.07292 0.02431 0.07604 0.12114
0.14233 -0.5919 1.79745 -0.18111 -0.53897 1.8275 -0.00751 -0.10169 0.03269 0.01719 -0.06254 0.03160 0.08172 0.11897
0.13289 -0.66096 1.63189 -0.14837 -0.58601 1.75422 -0.00944 -0.06906 -0.16556 0.03274 -0.04704 -0.07328 0.13020 0.11098
0.13274 -0.66922 1.65676 -0.14666 -0.60633 1.78851 -0.00015 -0.00826 0.02487 0.00171 -0.02032 0.03429 0.13101 0.11774
0.17247 -0.64206 1.86395 -0.1523 -0.63622 1.88008 0.03973 0.02716 0.20719 -0.00564 -0.02989 0.09157 0.12520 0.11655
0.1923 -0.64654 1.88023 -0.15094 -0.6355 1.88454 0.01983 -0.00448 0.01628 0.00136 0.00072 0.00446 0.13074 0.12268
0.16832 -0.68803 1.63197 -0.14439 -0.60153 1.78172 -0.02398 -0.04149 -0.24826 0.00655 0.03397 -0.10282 0.13087 0.11452
0.26609 -0.60772 1.8202 -0.14333 -0.60004 1.77444 0.09777 0.08031 0.18823 0.00106 0.00149 -0.00728 0.09831 0.11344
0.33978 -0.61178 1.87076 -0.14824 -0.61631 1.81801 0.07369 -0.00406 0.05056 -0.00491 -0.01627 0.04357 0.08967 0.11396
0.39947 -0.6339 1.95163 -0.19157 -0.61326 1.92532 0.05969 -0.02212 0.08087 -0.04333 0.00305 0.10731 0.10042 0.12929
0.43347 -0.63346 1.9812 -0.19162 -0.60889 1.92004 0.03400 0.00044 0.02957 -0.00005 0.00437 -0.00528 0.11998 0.12720
0.46676 -0.6393 2.01341 -0.191 -0.6054 1.91286 0.03329 -0.00584 0.03221 0.00062 0.00349 -0.00718 0.12654 0.12619
0.48625 -0.65622 2.06258 -0.19317 -0.61123 1.9303 0.01949 -0.01692 0.04917 -0.00217 -0.00583 0.01744 0.10513 0.13120
0.49015 -0.64932 2.05854 -0.15411 -0.61266 1.84648 0.00390 0.00690 -0.00404 0.03906 -0.00143 -0.08382 0.12858 0.12087
0.53214 -0.68369 2.02501 -0.15296 -0.6064 1.82826 0.04199 -0.03437 -0.03353 0.00115 0.00626 -0.01822 0.12095 0.12416
0.57133 -0.70937 2.04896 -0.15115 -0.60995 1.83173 0.03919 -0.02568 0.02395 0.00181 -0.00355 0.00347 0.10429 0.12022
0.561 -0.70109 2.01138 -0.1442 -0.59724 1.79409 -0.01033 0.00828 -0.03758 0.00695 0.01271 -0.03764 0.09921 0.11728
0.59367 -0.73555 2.02375 -0.14555 -0.60393 1.81491 0.03267 -0.03446 0.01237 -0.00135 -0.00669 0.02082 0.13421 0.11833
0.59563 -0.74576 2.01 -0.14552 -0.60493 1.81375 0.00196 -0.01021 -0.01375 0.00003 -0.00100 -0.00116 0.13178 0.11723
0.59555 -0.75203 2.02172 -0.14659 -0.60936 1.82239 -0.00008 -0.00627 0.01172 -0.00107 -0.00443 0.00864 0.13218 0.11677
0.60632 -0.74428 1.96841 -0.14362 -0.59862 1.79111 0.01077 0.00775 -0.05331 0.00297 0.01074 -0.03128 0.11760 0.11570
0.61011 -0.74496 1.965 -0.15179 -0.59135 1.80714 0.00379 -0.00068 -0.00341 -0.00817 0.00727 0.01603 0.11363 0.12434
0.60977 -0.74512 1.96486 -0.14898 -0.59463 1.7989 -0.00034 -0.00016 -0.00014 0.00281 -0.00328 -0.00824 0.11270 0.11775
0.61062 -0.74636 1.96824 -0.15001 -0.59519 1.80183 0.00085 -0.00124 0.00338 -0.00103 -0.00056 0.00293 0.11364 0.12013
0.61111 -0.74654 1.96896 -0.15368 -0.59294 1.80882 0.00049 -0.00018 0.00072 -0.00367 0.00225 0.00699 0.11422 0.12120
0.61337 -0.74856 1.97319 -0.159 -0.58905 1.83042 0.00226 -0.00202 0.00423 -0.00532 0.00389 0.02160 0.11028 0.13367
0.61544 -0.75042 1.97571 -0.16103 -0.58717 1.8409 0.00207 -0.00186 0.00252 -0.00203 0.00188 0.01048 0.11004 0.13751
0.60979 -0.75484 1.99498 -0.16341 -0.59105 1.85524 -0.00565 -0.00442 0.01927 -0.00238 -0.00388 0.01434 0.12116 0.14039
0.61389 -0.75495 1.99277 -0.16694 -0.58893 1.86226 0.00410 -0.00011 -0.00221 -0.00353 0.00212 0.00702 0.11759 0.14575
0.61131 -0.75754 2.00351 -0.16594 -0.59266 1.86721 -0.00258 -0.00259 0.01074 0.00100 -0.00373 0.00495 0.12221 0.14256
0.6079 -0.7599 2.01413 -0.15654 -0.60327 1.85287 -0.00341 -0.00236 0.01062 0.00940 -0.01061 -0.01434 0.12840 0.13027
0.61062 -0.75696 2.00294 -0.15648 -0.60023 1.84637 0.00272 0.00294 -0.01119 0.00006 0.00304 -0.00650 0.12334 0.13018
]
