classifier_Car_bumps_into_car_24131 [ 0.57533 -0.72908 1.86153 -0.15053 -0.45043 1.80692 0.57533 -0.72908 1.86153 -0.15053 -0.45043 1.80692 0.10222 0.06928
0.5656 -0.71328 1.82321 -0.12637 -0.41527 1.75387 -0.00973 0.01580 -0.03832 0.02416 0.03516 -0.05305 0.09987 0.04199
0.57729 -0.73006 1.86833 -0.15313 -0.43117 1.82168 0.01169 -0.01678 0.04512 -0.02676 -0.01590 0.06781 0.10281 0.06415
0.58037 -0.72986 1.86669 -0.15527 -0.42868 1.81891 0.00308 0.00020 -0.00164 -0.00214 0.00249 -0.00277 0.10164 0.06516
0.58133 -0.72832 1.86518 -0.15691 -0.4265 1.8158 0.00096 0.00154 -0.00151 -0.00164 0.00218 -0.00311 0.10221 0.06798
0.58374 -0.72869 1.86879 -0.16539 -0.4164 1.79828 0.00241 -0.00037 0.00361 -0.00848 0.01010 -0.01752 0.10212 0.06031
0.58388 -0.72882 1.86834 -0.17972 -0.40256 1.78151 0.00014 -0.00013 -0.00045 -0.01433 0.01384 -0.01677 0.10073 0.05548
0.58726 -0.72657 1.87369 -0.20114 -0.38695 1.77409 0.00338 0.00225 0.00535 -0.02142 0.01561 -0.00742 0.10439 0.06025
0.57237 -0.69663 1.81726 -0.21837 -0.35439 1.70233 -0.01489 0.02994 -0.05643 -0.01723 0.03256 -0.07176 0.10249 0.05738
0.65588 -0.77741 2.05371 -0.23809 -0.32477 1.67267 0.08351 -0.08078 0.23645 -0.01972 0.02962 -0.02966 0.09079 0.05413
0.53679 -0.52677 1.75129 -0.28817 -0.21466 1.64381 -0.11909 0.25064 -0.30242 -0.05008 0.11011 -0.02886 0.18925 0.05937
0.53191 -0.49744 1.83687 -0.31201 -0.17904 1.72858 -0.00488 0.02933 0.08558 -0.02384 0.03562 0.08477 0.06039 0.06903
0.48699 -0.37844 1.8128 -0.30597 -0.08076 1.72949 -0.04492 0.11900 -0.02407 0.00604 0.09828 0.00091 0.07230 0.07488
0.47369 -0.32409 1.8216 -0.30087 -0.03955 1.75089 -0.01330 0.05435 0.00880 0.00510 0.04121 0.02140 0.07066 0.08541
0.43654 -0.26287 1.7668 -0.27419 0.00447 1.70176 -0.03715 0.06122 -0.05480 0.02668 0.04402 -0.04913 0.07126 0.08123
0.32606 -0.088 1.63443 -0.21699 0.07793 1.63738 -0.11048 0.17487 -0.13237 0.05720 0.07346 -0.06438 0.02532 0.08189
0.32466 -0.08779 1.75203 -0.21709 0.0898 1.70619 -0.00140 0.00021 0.11760 -0.00010 0.01187 0.06881 0.08469 0.09444
0.2948 -0.04851 1.75056 -0.21053 0.09183 1.70577 -0.02986 0.03928 -0.00147 0.00656 0.00203 -0.00042 0.09231 0.09651
0.24588 0.04011 1.74756 -0.22087 0.08388 1.7077 -0.04892 0.08862 -0.00300 -0.01034 -0.00795 0.00193 0.09739 0.08507
0.23269 0.08074 1.76625 -0.23475 0.0669 1.71841 -0.01319 0.04063 0.01869 -0.01388 -0.01698 0.01071 0.10602 0.07561
0.18902 0.22382 1.73906 -0.28616 -0.07332 1.66206 -0.04367 0.14308 -0.02719 -0.05141 -0.14022 -0.05635 0.09466 0.07384
0.20196 0.24162 1.85798 -0.36588 -0.15361 1.76538 0.01294 0.01780 0.11892 -0.07972 -0.08029 0.10332 0.10193 0.05237
0.20605 0.23216 1.87194 -0.37839 -0.15648 1.77051 0.00409 -0.00946 0.01396 -0.01251 -0.00287 0.00513 0.09935 0.05662
0.21718 0.19698 1.88618 -0.38443 -0.13803 1.78273 0.01113 -0.03518 0.01424 -0.00604 0.01845 0.01222 0.09988 0.06457
0.21883 0.13376 1.77795 -0.35291 -0.09114 1.67884 0.00165 -0.06322 -0.10823 0.03152 0.04689 -0.10389 0.09569 0.07224
0.24002 0.09191 1.86409 -0.35953 -0.04881 1.76669 0.02119 -0.04185 0.08614 -0.00662 0.04233 0.08785 0.08797 0.08883
0.24363 -0.00094 1.81065 -0.2782 0.08113 1.75062 0.00361 -0.09285 -0.05344 0.08133 0.12994 -0.01607 0.04229 0.08536
0.24696 -0.05189 1.86947 -0.26132 0.09366 1.77475 0.00333 -0.05095 0.05882 0.01688 0.01253 0.02413 0.09410 0.09694
0.23591 -0.04136 1.8378 -0.24022 0.09482 1.7387 -0.01105 0.01053 -0.03167 0.02110 0.00116 -0.03605 0.10434 0.09156
0.22502 0.00794 1.82297 -0.23271 0.08445 1.73557 -0.01089 0.04930 -0.01483 0.00751 -0.01037 -0.00313 0.08245 0.09217
0.24087 0.07984 1.84227 -0.26575 -0.02166 1.72972 0.01585 0.07190 0.01930 -0.03304 -0.10611 -0.00585 0.10880 0.06560
0.23998 0.1095 1.76128 -0.29928 -0.07616 1.68207 -0.00089 0.02966 -0.08099 -0.03353 -0.05450 -0.04765 0.09581 0.10048
0.24791 0.10529 1.75865 -0.32922 -0.06926 1.69773 0.00793 -0.00421 -0.00263 -0.02994 0.00690 0.01566 0.08898 0.10350
0.25545 0.09394 1.74008 -0.35274 -0.03394 1.6999 0.00754 -0.01135 -0.01857 -0.02352 0.03532 0.00217 0.08468 0.10785
0.2822 0.08975 1.86024 -0.40894 0.00991 1.84293 0.02675 -0.00419 0.12016 -0.05620 0.04385 0.14303 0.07867 0.12214
0.2883 0.07413 1.84778 -0.42532 0.06194 1.84675 0.00610 -0.01562 -0.01246 -0.01638 0.05203 0.00382 0.07488 0.11773
0.29272 0.06078 1.82884 -0.43403 0.09844 1.84091 0.00442 -0.01335 -0.01894 -0.00871 0.03650 -0.00584 0.06725 0.12921
0.28741 0.0461 1.75287 -0.41772 0.11279 1.76689 -0.00531 -0.01468 -0.07597 0.01631 0.01435 -0.07402 0.06286 0.13914
0.29876 0.02559 1.76806 -0.42629 0.10783 1.76779 0.01135 -0.02051 0.01519 -0.00857 -0.00496 0.00090 0.07353 0.14078
0.29861 0.01086 1.73483 -0.42435 0.07623 1.71885 -0.00015 -0.01473 -0.03323 0.00194 -0.03160 -0.04894 0.07724 0.11867
0.30416 -0.00212 1.74144 -0.43861 -0.00733 1.7219 0.00555 -0.01298 0.00661 -0.01426 -0.08356 0.00305 0.06697 0.10700
0.29343 -0.01686 1.63738 -0.4124 0.00726 1.64605 -0.01073 -0.01474 -0.10406 0.02621 0.01459 -0.07585 0.05436 0.12701
0.2999 -0.03077 1.65169 -0.41911 0.00923 1.65142 0.00647 -0.01391 0.01431 -0.00671 0.00197 0.00537 0.05476 0.13078
0.30758 -0.04089 1.66365 -0.41859 0.00903 1.66182 0.00768 -0.01012 0.01196 0.00052 -0.00020 0.01040 0.05118 0.12748
0.3171 -0.05241 1.67334 -0.41795 0.01068 1.66935 0.00952 -0.01152 0.00969 0.00064 0.00165 0.00753 0.05098 0.12471
0.31539 -0.05072 1.66258 -0.41522 0.00857 1.6573 -0.00171 0.00169 -0.01076 0.00273 -0.00211 -0.01205 0.04901 0.12764
0.31281 -0.03563 1.67102 -0.41362 0.00496 1.65891 -0.00258 0.01509 0.00844 0.00160 -0.00361 0.00161 0.05051 0.11625
0.30376 -0.00873 1.67581 -0.40933 -0.00113 1.64704 -0.00905 0.02690 0.00479 0.00429 -0.00609 -0.01187 0.07326 0.11480
0.29799 0.03669 1.77519 -0.43802 -0.0091 1.72661 -0.00577 0.04542 0.09938 -0.02869 -0.00797 0.07957 0.09548 0.12887
0.2673 0.08324 1.77317 -0.4312 -0.01754 1.71039 -0.03069 0.04655 -0.00202 0.00682 -0.00844 -0.01622 0.10686 0.13258
0.23268 0.14066 1.83748 -0.45728 -0.03086 1.78338 -0.03462 0.05742 0.06431 -0.02608 -0.01332 0.07299 0.10240 0.13194
0.16245 0.19506 1.77931 -0.45218 -0.04315 1.75128 -0.07023 0.05440 -0.05817 0.00510 -0.01229 -0.03210 0.07191 0.09682
0.11986 0.21266 1.84148 -0.46473 -0.05146 1.8138 -0.04259 0.01760 0.06217 -0.01255 -0.00831 0.06252 0.07654 0.10130
0.29703 0.0475 2.21469 -0.54215 -0.07733 2.11987 0.17717 -0.16516 0.37321 -0.07742 -0.02587 0.30607 0.17560 0.12267
0.06469 0.18219 1.85809 -0.47423 -0.06739 1.8164 -0.23234 0.13469 -0.35660 0.06792 0.00994 -0.30347 0.07603 0.12253
0.09745 0.17885 1.82907 -0.47671 -0.0678 1.79931 0.03276 -0.00334 -0.02902 -0.00248 -0.00041 -0.01709 0.06375 0.13400
0.18417 0.12263 1.8735 -0.48868 -0.06676 1.81308 0.08672 -0.05622 0.04443 -0.01197 0.00104 0.01377 0.09114 0.15458
0.23798 0.09199 1.85153 -0.48882 -0.0599 1.79713 0.05381 -0.03064 -0.02197 -0.00014 0.00686 -0.01595 0.07895 0.12729
0.29224 0.04463 1.85658 -0.4909 -0.06111 1.79528 0.05426 -0.04736 0.00505 -0.00208 -0.00121 -0.00185 0.08190 0.12159
0.35118 -0.03077 1.85688 -0.49727 -0.06234 1.81429 0.05894 -0.07540 0.00030 -0.00637 -0.00123 0.01901 0.06516 0.13470
0.33464 -0.04527 1.77479 -0.47879 -0.06521 1.74008 -0.01654 -0.01450 -0.08209 0.01848 -0.00287 -0.07421 0.05719 0.11820
0.31805 -0.04583 1.77601 -0.47804 -0.06826 1.74544 -0.01659 -0.00056 0.00122 0.00075 -0.00305 0.00536 0.05717 0.13011
0.29367 -0.03709 1.77676 -0.47604 -0.07242 1.74509 -0.02438 0.00874 0.00075 0.00200 -0.00416 -0.00035 0.06955 0.12395
0.26244 -0.01226 1.77607 -0.4753 -0.07776 1.75552 -0.03123 0.02483 -0.00069 0.00074 -0.00534 0.01043 0.07811 0.10371
0.18795 0.04322 1.89196 -0.49671 -0.08696 1.88599 -0.07449 0.05548 0.11589 -0.02141 -0.00920 0.13047 0.09454 0.11231
0.14713 0.04971 1.78537 -0.45803 -0.08061 1.77696 -0.04082 0.00649 -0.10659 0.03868 0.00635 -0.10903 0.10750 0.09362
0.12909 0.05842 1.78272 -0.45558 -0.08523 1.77281 -0.01804 0.00871 -0.00265 0.00245 -0.00462 -0.00415 0.10845 0.09989
0.09268 0.08818 1.71845 -0.43492 -0.07929 1.70844 -0.03641 0.02976 -0.06427 0.02066 0.00594 -0.06437 0.10094 0.09293
0.0981 0.10525 1.74339 -0.44193 -0.0803 1.73664 0.00542 0.01707 0.02494 -0.00701 -0.00101 0.02820 0.09719 0.09987
0.1039 0.12602 1.74135 -0.44236 -0.07829 1.73945 0.00580 0.02077 -0.00204 -0.00043 0.00201 0.00281 0.07501 0.11795
0.17255 0.16257 1.84681 -0.4717 -0.0839 1.83537 0.06865 0.03655 0.10546 -0.02934 -0.00561 0.09592 0.07980 0.10388
0.21279 0.16734 1.8318 -0.4668 -0.08247 1.81158 0.04024 0.00477 -0.01501 0.00490 0.00143 -0.02379 0.09164 0.11181
0.2767 0.15787 1.87064 -0.47349 -0.07711 1.834 0.06391 -0.00947 0.03884 -0.00669 0.00536 0.02242 0.10741 0.10572
0.40561 0.03643 1.89276 -0.46981 -0.07259 1.83155 0.12891 -0.12144 0.02212 0.00368 0.00452 -0.00245 0.11330 0.11328
0.43042 -0.02088 1.89349 -0.46899 -0.07259 1.82987 0.02481 -0.05731 0.00073 0.00082 0.00000 -0.00168 0.10117 0.11869
0.41756 -0.09362 1.80003 -0.44172 -0.07125 1.73853 -0.01286 -0.07274 -0.09346 0.02727 0.00134 -0.09134 0.08766 0.11076
0.41458 -0.10888 1.80261 -0.44212 -0.07006 1.73757 -0.00298 -0.01526 0.00258 -0.00040 0.00119 -0.00096 0.08069 0.10639
0.41427 -0.11245 1.8047 -0.43639 -0.06875 1.73317 -0.00031 -0.00357 0.00209 0.00573 0.00131 -0.00440 0.08003 0.11185
0.41607 -0.1063 1.80718 -0.44004 -0.06546 1.73406 0.00180 0.00615 0.00248 -0.00365 0.00329 0.00089 0.07996 0.11268
0.42214 -0.09798 1.80776 -0.44238 -0.05995 1.7341 0.00607 0.00832 0.00058 -0.00234 0.00551 0.00004 0.07905 0.11564
0.42997 -0.0902 1.80551 -0.44189 -0.0576 1.7344 0.00783 0.00778 -0.00225 0.00049 0.00235 0.00030 0.08176 0.11082
0.43566 -0.08525 1.80247 -0.44158 -0.05381 1.73144 0.00569 0.00495 -0.00304 0.00031 0.00379 -0.00296 0.08276 0.10913
0.42872 -0.07931 1.76264 -0.43176 -0.04905 1.69307 -0.00694 0.00594 -0.03983 0.00982 0.00476 -0.03837 0.07763 0.12459
0.43687 -0.08012 1.79395 -0.44221 -0.04875 1.72556 0.00815 -0.00081 0.03131 -0.01045 0.00030 0.03249 0.08280 0.11202
0.43603 -0.08042 1.79778 -0.44603 -0.04843 1.72789 -0.00084 -0.00030 0.00383 -0.00382 0.00032 0.00233 0.08434 0.11771
0.4287 -0.07884 1.79945 -0.44716 -0.05114 1.7286 -0.00733 0.00158 0.00167 -0.00113 -0.00271 0.00071 0.08574 0.12808
0.41233 -0.07144 1.79616 -0.45065 -0.04846 1.72872 -0.01637 0.00740 -0.00329 -0.00349 0.00268 0.00012 0.08766 0.12151
0.38365 -0.05864 1.77738 -0.44794 -0.05203 1.71677 -0.02868 0.01280 -0.01878 0.00271 -0.00357 -0.01195 0.09776 0.12758
0.3603 -0.0463 1.78615 -0.45623 -0.05272 1.73726 -0.02335 0.01234 0.00877 -0.00829 -0.00069 0.02049 0.09719 0.11491
0.32105 -0.0298 1.75822 -0.45115 -0.05295 1.72317 -0.03925 0.01650 -0.02793 0.00508 -0.00023 -0.01409 0.11469 0.11654
0.29341 -0.01703 1.8366 -0.4741 -0.05468 1.8161 -0.02764 0.01277 0.07838 -0.02295 -0.00173 0.09293 0.11457 0.11892
0.22096 0.00498 1.78737 -0.46399 -0.05678 1.78512 -0.07245 0.02201 -0.04923 0.01011 -0.00210 -0.03098 0.12963 0.11328
0.16219 0.00881 1.75525 -0.45677 -0.05738 1.76591 -0.05877 0.00383 -0.03212 0.00722 -0.00060 -0.01921 0.13144 0.10656
0.10235 0.01066 1.77125 -0.46113 -0.06079 1.79248 -0.05984 0.00185 0.01600 -0.00436 -0.00341 0.02657 0.12037 0.10801
0.03132 0.01383 1.77193 -0.45985 -0.06241 1.80336 -0.07103 0.00317 0.00068 0.00128 -0.00162 0.01088 0.12289 0.10772
-0.12402 0.00101 1.74393 -0.44151 -0.06387 1.769 -0.15534 -0.01282 -0.02800 0.01834 -0.00146 -0.03436 0.11487 0.09618
-0.14103 -0.00519 1.75699 -0.44114 -0.06403 1.7736 -0.01701 -0.00620 0.01306 0.00037 -0.00016 0.00460 0.10094 0.09722
-0.15379 -0.00821 1.76235 -0.43986 -0.06328 1.77377 -0.01276 -0.00302 0.00536 0.00128 0.00075 0.00017 0.09715 0.09804
-0.15886 -0.00832 1.79 -0.44706 -0.06465 1.80088 -0.00507 -0.00011 0.02765 -0.00720 -0.00137 0.02711 0.10231 0.10048
-0.15931 -0.00652 1.78948 -0.45138 -0.0607 1.80308 -0.00045 0.00180 -0.00052 -0.00432 0.00395 0.00220 0.10538 0.10365
-0.15924 -0.00622 1.78871 -0.45138 -0.06128 1.80246 0.00007 0.00030 -0.00077 0.00000 -0.00058 -0.00062 0.10519 0.10538
-0.15326 0.00447 1.86032 -0.46493 -0.0614 1.87355 0.00598 0.01069 0.07161 -0.01355 -0.00012 0.07109 0.12597 0.11728
-0.13241 0.01033 1.72626 -0.43483 -0.05635 1.73648 0.02085 0.00586 -0.13406 0.03010 0.00505 -0.13707 0.11857 0.11009
-0.03858 0.01843 1.78469 -0.45924 -0.05195 1.79679 0.09383 0.00810 0.05843 -0.02441 0.00440 0.06031 0.13537 0.11367
-0.01188 0.01868 1.77881 -0.46014 -0.0514 1.79462 0.02670 0.00025 -0.00588 -0.00090 0.00055 -0.00217 0.13560 0.11341
0.01484 0.01366 1.77907 -0.46231 -0.05027 1.79634 0.02672 -0.00502 0.00026 -0.00217 0.00113 0.00172 0.13498 0.11188
0.03972 0.00925 1.77881 -0.46141 -0.05087 1.79684 0.02488 -0.00441 -0.00026 0.00090 -0.00060 0.00050 0.13743 0.10764
0.05694 0.00586 1.77673 -0.46268 -0.05255 1.79737 0.01722 -0.00339 -0.00208 -0.00127 -0.00168 0.00053 0.13491 0.11225
0.06708 0.00564 1.77558 -0.46151 -0.05359 1.79891 0.01014 -0.00022 -0.00115 0.00117 -0.00104 0.00154 0.13372 0.11035
0.07321 0.00528 1.77664 -0.45958 -0.0527 1.79906 0.00613 -0.00036 0.00106 0.00193 0.00089 0.00015 0.13297 0.10079
0.07727 0.00637 1.77655 -0.45603 -0.055 1.79378 0.00406 0.00109 -0.00009 0.00355 -0.00230 -0.00528 0.13441 0.10399
0.07762 0.006 1.77986 -0.45331 -0.05575 1.79184 0.00035 -0.00037 0.00331 0.00272 -0.00075 -0.00194 0.13488 0.10314
0.07676 0.00532 1.78073 -0.45371 -0.05503 1.79117 -0.00086 -0.00068 0.00087 -0.00040 0.00072 -0.00067 0.13767 0.10435
0.0775 0.00535 1.7794 -0.45286 -0.05375 1.78908 0.00074 0.00003 -0.00133 0.00085 0.00128 -0.00209 0.13592 0.10373
0.07852 0.00505 1.77868 -0.45378 -0.05301 1.78806 0.00102 -0.00030 -0.00072 -0.00092 0.00074 -0.00102 0.13705 0.10613
0.07949 0.00468 1.77688 -0.45246 -0.05353 1.78508 0.00097 -0.00037 -0.00180 0.00132 -0.00052 -0.00298 0.13797 0.10750
0.08298 0.00276 1.78084 -0.45296 -0.05564 1.78783 0.00349 -0.00192 0.00396 -0.00050 -0.00211 0.00275 0.13256 0.10363
0.08465 -0.00167 1.78452 -0.4522 -0.05704 1.78734 0.00167 -0.00443 0.00368 0.00076 -0.00140 -0.00049 0.12586 0.11296
0.08888 -0.01239 1.78828 -0.45084 -0.06122 1.79226 0.00423 -0.01072 0.00376 0.00136 -0.00418 0.00492 0.12071 0.11039
0.09707 -0.03678 1.78602 -0.44757 -0.06686 1.79162 0.00819 -0.02439 -0.00226 0.00327 -0.00564 -0.00064 0.11523 0.10986
0.10628 -0.10966 1.6752 -0.39759 -0.08164 1.68019 0.00921 -0.07288 -0.11082 0.04998 -0.01478 -0.11143 0.07070 0.09804
0.10267 -0.16357 1.70782 -0.39621 -0.10784 1.71966 -0.00361 -0.05391 0.03262 0.00138 -0.02620 0.03947 0.05059 0.09549
0.13943 -0.45698 1.84079 -0.33474 -0.28418 1.80384 0.03676 -0.29341 0.13297 0.06147 -0.17634 0.08418 0.09387 0.09804
0.15644 -0.53419 1.863 -0.3217 -0.34155 1.83304 0.01701 -0.07721 0.02221 0.01304 -0.05737 0.02920 0.08132 0.10585
0.16406 -0.51122 1.68618 -0.26874 -0.3514 1.6501 0.00762 0.02297 -0.17682 0.05296 -0.00985 -0.18294 0.07136 0.09613
0.16316 -0.62064 1.67212 -0.25649 -0.40669 1.71453 -0.00090 -0.10942 -0.01406 0.01225 -0.05529 0.06443 0.08861 0.10469
0.27461 -0.57691 1.78469 -0.19688 -0.52342 1.71577 0.11145 0.04373 0.11257 0.05961 -0.11673 0.00124 0.09952 0.13536
0.3564 -0.59133 1.79893 -0.19628 -0.52443 1.76985 0.08179 -0.01442 0.01424 0.00060 -0.00101 0.05408 0.07422 0.12988
0.40828 -0.61769 1.90533 -0.18682 -0.56795 1.83903 0.05188 -0.02636 0.10640 0.00946 -0.04352 0.06918 0.10780 0.11818
0.43979 -0.61115 1.8661 -0.17113 -0.56839 1.785 0.03151 0.00654 -0.03923 0.01569 -0.00044 -0.05403 0.10675 0.10907
0.46488 -0.61713 1.86241 -0.16627 -0.57316 1.76586 0.02509 -0.00598 -0.00369 0.00486 -0.00477 -0.01914 0.10541 0.10474
0.47575 -0.64947 1.93587 -0.16757 -0.59554 1.80015 0.01087 -0.03234 0.07346 -0.00130 -0.02238 0.03429 0.08235 0.10276
0.51778 -0.68684 1.94182 -0.16785 -0.60584 1.80683 0.04203 -0.03737 0.00595 -0.00028 -0.01030 0.00668 0.11560 0.10683
0.55027 -0.69073 1.81753 -0.16053 -0.58005 1.72242 0.03249 -0.00389 -0.12429 0.00732 0.02579 -0.08441 0.11389 0.09910
0.55666 -0.69941 1.82224 -0.16675 -0.58088 1.73225 0.00639 -0.00868 0.00471 -0.00622 -0.00083 0.00983 0.10827 0.10072
0.55967 -0.70978 1.83452 -0.16875 -0.58178 1.74241 0.00301 -0.01037 0.01228 -0.00200 -0.00090 0.01016 0.10621 0.10353
0.55896 -0.7118 1.83131 -0.16959 -0.58182 1.74562 -0.00071 -0.00202 -0.00321 -0.00084 -0.00004 0.00321 0.10584 0.10493
0.55589 -0.71233 1.83183 -0.17042 -0.58308 1.74992 -0.00307 -0.00053 0.00052 -0.00083 -0.00126 0.00430 0.10477 0.10584
0.55735 -0.71371 1.82549 -0.17216 -0.58283 1.74833 0.00146 -0.00138 -0.00634 -0.00174 0.00025 -0.00159 0.10367 0.10284
0.55701 -0.7147 1.82863 -0.17593 -0.58475 1.75158 -0.00034 -0.00099 0.00314 -0.00377 -0.00192 0.00325 0.10571 0.10322
0.55945 -0.719 1.83289 -0.17552 -0.58738 1.75729 0.00244 -0.00430 0.00426 0.00041 -0.00263 0.00571 0.10000 0.10183
0.56017 -0.72078 1.84056 -0.15404 -0.58964 1.76019 0.00072 -0.00178 0.00767 0.02148 -0.00226 0.00290 0.10216 0.10390
0.56306 -0.72218 1.84664 -0.15069 -0.59049 1.76538 0.00289 -0.00140 0.00608 0.00335 -0.00085 0.00519 0.10193 0.10288
0.56632 -0.72324 1.85244 -0.15744 -0.58126 1.79256 0.00326 -0.00106 0.00580 -0.00675 0.00923 0.02718 0.10186 0.10246
0.56696 -0.7245 1.85582 -0.15788 -0.58182 1.7947 0.00064 -0.00126 0.00338 -0.00044 -0.00056 0.00214 0.10211 0.10297
0.56729 -0.72486 1.85618 -0.15686 -0.58133 1.7976 0.00033 -0.00036 0.00036 0.00102 0.00049 0.00290 0.10180 0.10338
0.56363 -0.72513 1.8593 -0.15782 -0.5813 1.79959 -0.00366 -0.00027 0.00312 -0.00096 0.00003 0.00199 0.10442 0.10386
0.56557 -0.72583 1.8588 -0.15776 -0.58148 1.8002 0.00194 -0.00070 -0.00050 0.00006 -0.00018 0.00061 0.10322 0.10262
0.5651 -0.72457 1.86038 -0.15772 -0.58078 1.80065 -0.00047 0.00126 0.00158 0.00004 0.00070 0.00045 0.10458 0.10306
0.56824 -0.72662 1.85764 -0.15716 -0.57974 1.80093 0.00314 -0.00205 -0.00274 0.00056 0.00104 0.00028 0.10158 0.10228
]
