classifier_Monkey_bumps_into_monkey_23306 [ 0.67106 -0.71638 1.9288 -0.1087 -0.64573 1.81142 0.67106 -0.71638 1.9288 -0.1087 -0.64573 1.81142 0.12617 0.12358
0.67098 -0.71437 1.91957 -0.10742 -0.64506 1.81028 -0.00008 0.00201 -0.00923 0.00128 0.00067 -0.00114 0.11903 0.12667
0.65959 -0.69888 1.91845 -0.10673 -0.64965 1.81568 -0.01139 0.01549 -0.00112 0.00069 -0.00459 0.00540 0.13506 0.12571
0.63745 -0.68214 1.92231 -0.10644 -0.65442 1.82831 -0.02214 0.01674 0.00386 0.00029 -0.00477 0.01263 0.15353 0.12665
0.58152 -0.64346 1.96937 -0.10735 -0.66062 1.84683 -0.05593 0.03868 0.04706 -0.00091 -0.00620 0.01852 0.15171 0.12865
0.47403 -0.62833 2.01961 -0.14174 -0.66209 1.93423 -0.10749 0.01513 0.05024 -0.03439 -0.00147 0.08740 0.09516 0.12872
0.4332 -0.61763 1.99171 -0.14629 -0.66699 1.90249 -0.04083 0.01070 -0.02790 -0.00455 -0.00490 -0.03174 0.07544 0.12794
0.34333 -0.66925 1.84954 -0.14087 -0.64581 1.81651 -0.08987 -0.05162 -0.14217 0.00542 0.02118 -0.08598 0.10639 0.12161
0.32079 -0.67213 1.85113 -0.14302 -0.64721 1.80507 -0.02254 -0.00288 0.00159 -0.00215 -0.00140 -0.01144 0.12078 0.12097
0.32318 -0.63238 1.92962 -0.14978 -0.65976 1.83052 0.00239 0.03975 0.07849 -0.00676 -0.01255 0.02545 0.13505 0.12266
0.26668 -0.63953 1.8506 -0.15031 -0.64969 1.79942 -0.05650 -0.00715 -0.07902 -0.00053 0.01007 -0.03110 0.12093 0.12106
0.2629 -0.64007 1.84537 -0.15079 -0.64854 1.7949 -0.00378 -0.00054 -0.00523 -0.00048 0.00115 -0.00452 0.12106 0.11994
0.2629 -0.6425 1.85195 -0.21826 -0.69027 1.83069 0.00000 -0.00243 0.00658 -0.06747 -0.04173 0.03579 0.12149 0.10534
0.26291 -0.6405 1.84729 -0.21534 -0.68738 1.82173 0.00001 0.00200 -0.00466 0.00292 0.00289 -0.00896 0.12022 0.10464
0.27067 -0.65844 1.89908 -0.17496 -0.61968 1.9126 0.00776 -0.01794 0.05179 0.04038 0.06770 0.09087 0.12458 0.11380
0.29911 -0.63155 1.90504 -0.16358 -0.65583 1.82351 0.02844 0.02689 0.00596 0.01138 -0.03615 -0.08909 0.12019 0.12330
0.31615 -0.6328 1.9294 -0.1852 -0.63912 1.87486 0.01704 -0.00125 0.02436 -0.02162 0.01671 0.05135 0.12444 0.11534
0.33297 -0.6264 1.92027 -0.21403 -0.59329 1.91284 0.01682 0.00640 -0.00913 -0.02883 0.04583 0.03798 0.12741 0.10942
0.40932 -0.5954 1.90008 -0.29961 -0.53781 1.88144 0.07635 0.03100 -0.02019 -0.08558 0.05548 -0.03140 0.06620 0.10766
0.49176 -0.56716 2.12192 -0.40207 -0.51926 2.08813 0.08244 0.02824 0.22184 -0.10246 0.01855 0.20669 0.11897 0.13740
0.49652 -0.56622 2.11925 -0.41068 -0.50752 2.08441 0.00476 0.00094 -0.00267 -0.00861 0.01174 -0.00372 0.11305 0.13674
0.49097 -0.55968 2.09066 -0.40816 -0.49012 2.05676 -0.00555 0.00654 -0.02859 0.00252 0.01740 -0.02765 0.11389 0.13068
0.48652 -0.55097 2.09289 -0.40964 -0.47139 2.06214 -0.00445 0.00871 0.00223 -0.00148 0.01873 0.00538 0.08989 0.12270
0.4886 -0.50753 2.15572 -0.41658 -0.4246 2.13366 0.00208 0.04344 0.06283 -0.00694 0.04679 0.07152 0.10595 0.09778
0.47775 -0.47417 2.17173 -0.41109 -0.38955 2.15402 -0.01085 0.03336 0.01601 0.00549 0.03505 0.02036 0.09998 0.09329
0.46062 -0.42691 2.16629 -0.40673 -0.34685 2.15725 -0.01713 0.04726 -0.00544 0.00436 0.04270 0.00323 0.09564 0.09090
0.4784 -0.35989 2.16313 -0.40613 -0.30784 2.15848 0.01778 0.06702 -0.00316 0.00060 0.03901 0.00123 0.11488 0.09191
0.44933 -0.30157 2.02741 -0.38551 -0.25944 2.0297 -0.02907 0.05832 -0.13572 0.02062 0.04840 -0.12878 0.09212 0.08962
0.44759 -0.27872 2.00839 -0.38213 -0.24333 2.01229 -0.00174 0.02285 -0.01902 0.00338 0.01611 -0.01741 0.09576 0.09026
0.4484 -0.27392 2.00226 -0.38125 -0.24756 2.01213 0.00081 0.00480 -0.00613 0.00088 -0.00423 -0.00016 0.09091 0.09161
0.42325 -0.27185 1.8826 -0.35907 -0.25264 1.89095 -0.02515 0.00207 -0.11966 0.02218 -0.00508 -0.12118 0.08279 0.10156
0.42724 -0.29962 1.86563 -0.35751 -0.28561 1.87444 0.00399 -0.02777 -0.01697 0.00156 -0.03297 -0.01651 0.09328 0.11760
0.43612 -0.33668 1.86786 -0.35934 -0.32483 1.88247 0.00888 -0.03706 0.00223 -0.00183 -0.03922 0.00803 0.11664 0.12412
0.4491 -0.36234 1.8802 -0.35126 -0.36793 1.8916 0.01298 -0.02566 0.01234 0.00808 -0.04310 0.00913 0.10904 0.11565
0.45229 -0.39384 1.90054 -0.33983 -0.41068 1.91082 0.00319 -0.03150 0.02034 0.01143 -0.04275 0.01922 0.09742 0.10939
0.47003 -0.45272 2.02309 -0.35119 -0.45867 2.03704 0.01774 -0.05888 0.12255 -0.01136 -0.04799 0.12622 0.09948 0.11143
0.45321 -0.58558 2.07116 -0.34648 -0.47612 2.07462 -0.01682 -0.13286 0.04807 0.00471 -0.01745 0.03758 0.06376 0.11372
0.45066 -0.58733 2.09476 -0.33671 -0.48581 2.09023 -0.00255 -0.00175 0.02360 0.00977 -0.00969 0.01561 0.05560 0.10740
0.38191 -0.53101 2.21005 -0.32539 -0.44116 2.16153 -0.06875 0.05632 0.11529 0.01132 0.04465 0.07130 0.17176 0.10600
0.45342 -0.43502 2.2027 -0.32618 -0.41333 2.20724 0.07151 0.09599 -0.00735 -0.00079 0.02783 0.04571 0.08592 0.09127
0.45453 -0.40268 2.20288 -0.36425 -0.3317 2.19592 0.00111 0.03234 0.00018 -0.03807 0.08163 -0.01132 0.08127 0.08932
0.47744 -0.33776 2.17239 -0.34807 -0.20719 2.10836 0.02291 0.06492 -0.03049 0.01618 0.12451 -0.08756 0.09105 0.10639
0.43857 -0.30943 1.96128 -0.30635 -0.06112 1.84845 -0.03887 0.02833 -0.21111 0.04172 0.14607 -0.25991 0.08272 0.10381
0.42741 -0.31512 1.9113 -0.29696 0.00219 1.79943 -0.01116 -0.00569 -0.04998 0.00939 0.06331 -0.04902 0.07896 0.13412
0.44353 -0.36673 2.02637 -0.29754 0.12801 1.8886 0.01612 -0.05161 0.11507 -0.00058 0.12582 0.08917 0.09063 0.12945
0.417 -0.38634 1.9939 -0.29169 0.15202 1.84642 -0.02653 -0.01961 -0.03247 0.00585 0.02401 -0.04218 0.07917 0.10542
0.43709 -0.43043 2.14356 -0.30154 0.194 1.96716 0.02009 -0.04409 0.14966 -0.00985 0.04198 0.12074 0.08590 0.10986
0.43175 -0.44531 2.1657 -0.29158 0.21037 1.96847 -0.00534 -0.01488 0.02214 0.00996 0.01637 0.00131 0.08760 0.10814
0.42777 -0.45599 2.17979 -0.27842 0.21813 1.96362 -0.00398 -0.01068 0.01409 0.01316 0.00776 -0.00485 0.09267 0.10821
0.41649 -0.47468 2.20184 -0.2458 0.20461 1.95528 -0.01128 -0.01869 0.02205 0.03262 -0.01352 -0.00834 0.09197 0.12093
0.41213 -0.47983 2.20084 -0.23122 0.17546 1.9397 -0.00436 -0.00515 -0.00100 0.01458 -0.02915 -0.01558 0.08114 0.11538
0.41428 -0.47333 2.18625 -0.21927 0.13093 1.91299 0.00215 0.00650 -0.01459 0.01195 -0.04453 -0.02671 0.08132 0.11281
0.37584 -0.50091 2.16685 -0.21295 0.08372 1.88202 -0.03844 -0.02758 -0.01940 0.00632 -0.04721 -0.03097 0.07493 0.11423
0.37314 -0.50447 2.16917 -0.20717 0.05081 1.87595 -0.00270 -0.00356 0.00232 0.00578 -0.03291 -0.00607 0.07088 0.10909
0.38252 -0.53044 2.26802 -0.21545 0.00206 1.95688 0.00938 -0.02597 0.09885 -0.00828 -0.04875 0.08093 0.07664 0.11495
0.38358 -0.53073 2.26984 -0.21723 0.00231 1.96046 0.00106 -0.00029 0.00182 -0.00178 0.00025 0.00358 0.08350 0.11458
0.38527 -0.53075 2.27185 -0.22083 0.00472 1.96746 0.00169 -0.00002 0.00201 -0.00360 0.00241 0.00700 0.07938 0.11837
0.38549 -0.53094 2.27245 -0.22478 0.00688 1.97059 0.00022 -0.00019 0.00060 -0.00395 0.00216 0.00313 0.07921 0.12074
0.38582 -0.52991 2.27045 -0.22838 0.00687 1.97275 0.00033 0.00103 -0.00200 -0.00360 -0.00001 0.00216 0.07373 0.12252
0.38532 -0.52992 2.27033 -0.23103 0.00782 1.9754 -0.00050 -0.00001 -0.00012 -0.00265 0.00095 0.00265 0.07512 0.12307
0.38573 -0.52918 2.26855 -0.23392 0.0072 1.97605 0.00041 0.00074 -0.00178 -0.00289 -0.00062 0.00065 0.07063 0.12374
0.38791 -0.52903 2.26358 -0.23707 0.00746 1.97564 0.00218 0.00015 -0.00497 -0.00315 0.00026 -0.00041 0.06918 0.12152
0.39138 -0.52918 2.26044 -0.23793 0.00708 1.97801 0.00347 -0.00015 -0.00314 -0.00086 -0.00038 0.00237 0.06995 0.12225
0.3993 -0.52932 2.26187 -0.24068 0.00284 1.98729 0.00792 -0.00014 0.00143 -0.00275 -0.00424 0.00928 0.06833 0.12394
0.44185 -0.50157 2.24724 -0.24365 0.00708 2.00428 0.04255 0.02775 -0.01463 -0.00297 0.00424 0.01699 0.08295 0.12485
0.45634 -0.48383 2.2128 -0.24298 0.00686 1.98662 0.01449 0.01774 -0.03444 0.00067 -0.00022 -0.01766 0.08203 0.12327
0.47188 -0.48704 2.2221 -0.24726 0.00762 2.01353 0.01554 -0.00321 0.00930 -0.00428 0.00076 0.02691 0.09163 0.12552
0.50292 -0.47688 2.18288 -0.24841 0.00663 2.01509 0.03104 0.01016 -0.03922 -0.00115 -0.00099 0.00156 0.09305 0.12692
0.52112 -0.47187 2.15438 -0.24821 0.00694 2.00949 0.01820 0.00501 -0.02850 0.00020 0.00031 -0.00560 0.10452 0.12651
0.54093 -0.46971 2.13595 -0.24794 0.01171 2.00661 0.01981 0.00216 -0.01843 0.00027 0.00477 -0.00288 0.11383 0.12635
0.56589 -0.45424 2.13379 -0.24821 0.0121 2.0077 0.02496 0.01547 -0.00216 -0.00027 0.00039 0.00109 0.11707 0.12540
0.58263 -0.46316 2.13451 -0.24892 0.01281 2.00981 0.01674 -0.00892 0.00072 -0.00071 0.00071 0.00211 0.11371 0.12627
0.59296 -0.50294 2.13931 -0.24848 0.01194 1.99959 0.01033 -0.03978 0.00480 0.00044 -0.00087 -0.01022 0.11059 0.12786
0.5626 -0.60138 2.05852 -0.23837 0.01092 1.9168 -0.03036 -0.09844 -0.08079 0.01011 -0.00102 -0.08279 0.06975 0.12335
0.55401 -0.61336 2.09435 -0.24054 0.00241 1.92291 -0.00859 -0.01198 0.03583 -0.00217 -0.00851 0.00611 0.06850 0.12012
0.54921 -0.55714 2.18825 -0.2467 0.01162 1.98198 -0.00480 0.05622 0.09390 -0.00616 0.00921 0.05907 0.11625 0.12729
0.49499 -0.62242 2.16314 -0.23889 0.01105 1.91338 -0.05422 -0.06528 -0.02511 0.00781 -0.00057 -0.06860 0.07197 0.12325
0.48925 -0.50225 2.25245 -0.25244 0.0117 2.01097 -0.00574 0.12017 0.08931 -0.01355 0.00065 0.09759 0.08124 0.12866
0.47276 -0.34797 2.1819 -0.25792 0.01045 2.02326 -0.01649 0.15428 -0.07055 -0.00548 -0.00125 0.01229 0.11208 0.13110
0.47912 -0.30251 2.15595 -0.25889 0.01009 2.02906 0.00636 0.04546 -0.02595 -0.00097 -0.00036 0.00580 0.09348 0.13086
0.4769 -0.25801 2.06528 -0.25063 0.01011 1.96797 -0.00222 0.04450 -0.09067 0.00826 0.00002 -0.06109 0.09149 0.12587
0.50842 -0.25114 2.11696 -0.2571 0.01575 2.02997 0.03152 0.00687 0.05168 -0.00647 0.00564 0.06200 0.08875 0.13195
0.51631 -0.2537 2.07177 -0.25248 0.01516 1.99192 0.00789 -0.00256 -0.04519 0.00462 -0.00059 -0.03805 0.08634 0.12858
0.53707 -0.28177 2.07635 -0.25182 0.01519 1.99028 0.02076 -0.02807 0.00458 0.00066 0.00003 -0.00164 0.09594 0.12824
0.57019 -0.38223 2.11004 -0.25109 0.01483 1.98557 0.03312 -0.10046 0.03369 0.00073 -0.00036 -0.00471 0.13687 0.12879
0.56224 -0.4211 2.09124 -0.24532 0.01521 1.94385 -0.00795 -0.03887 -0.01880 0.00577 0.00038 -0.04172 0.11771 0.12473
0.57113 -0.49025 2.19096 -0.25235 0.01554 1.99951 0.00889 -0.06915 0.09972 -0.00703 0.00033 0.05566 0.11334 0.12854
0.5102 -0.51189 2.29734 -0.25444 0.01562 2.0132 -0.06093 -0.02164 0.10638 -0.00209 0.00008 0.01369 0.12397 0.13049
0.38515 -0.55571 2.27156 -0.24892 0.01454 1.9489 -0.12505 -0.04382 -0.02578 0.00552 -0.00108 -0.06430 0.16171 0.12619
0.46346 -0.3441 2.18138 -0.26169 0.01621 2.02951 0.07831 0.21161 -0.09018 -0.01277 0.00167 0.08061 0.10545 0.12384
0.41613 -0.23731 1.97706 -0.24282 0.01897 1.89129 -0.04733 0.10679 -0.20432 0.01887 0.00276 -0.13822 0.10920 0.11987
0.43648 -0.14657 1.99229 -0.24907 0.01982 1.94494 0.02035 0.09074 0.01523 -0.00625 0.00085 0.05365 0.10630 0.11624
0.42027 -0.04681 1.9012 -0.24044 0.02427 1.89293 -0.01621 0.09976 -0.09109 0.00863 0.00445 -0.05201 0.12027 0.11512
0.45974 0.1872 2.06051 -0.25994 0.03026 2.03362 0.03947 0.23401 0.15931 -0.01950 0.00599 0.14069 0.12399 0.10556
0.46756 0.21126 2.07273 -0.26345 0.03614 2.03993 0.00782 0.02406 0.01222 -0.00351 0.00588 0.00631 0.11315 0.10630
0.45897 0.24098 2.06995 -0.26515 0.0411 2.03127 -0.00859 0.02972 -0.00278 -0.00170 0.00496 -0.00866 0.11613 0.10966
0.45503 0.24606 2.07581 -0.26887 0.04572 2.03269 -0.00394 0.00508 0.00586 -0.00372 0.00462 0.00142 0.11575 0.11692
0.45132 0.24447 2.0827 -0.27217 0.04663 2.03589 -0.00371 -0.00159 0.00689 -0.00330 0.00091 0.00320 0.12372 0.11591
0.45614 0.15145 2.11031 -0.28022 0.04778 2.06165 0.00482 -0.09302 0.02761 -0.00805 0.00115 0.02576 0.12537 0.12472
0.45083 0.1206 2.11307 -0.27879 0.04744 2.06573 -0.00531 -0.03085 0.00276 0.00143 -0.00034 0.00408 0.11618 0.12799
0.43751 0.07873 2.0715 -0.2726 0.04119 2.02818 -0.01332 -0.04187 -0.04157 0.00619 -0.00625 -0.03755 0.10584 0.12499
0.42887 0.02992 2.04867 -0.26799 0.03226 2.00835 -0.00864 -0.04881 -0.02283 0.00461 -0.00893 -0.01983 0.10753 0.12234
0.43827 -0.00674 2.10945 -0.27653 0.01651 2.07066 0.00940 -0.03666 0.06078 -0.00854 -0.01575 0.06231 0.11822 0.12669
0.43756 -0.02364 2.1097 -0.27597 0.00966 2.06841 -0.00071 -0.01690 0.00025 0.00056 -0.00685 -0.00225 0.12122 0.12719
0.43719 -0.03013 2.109 -0.27578 0.00466 2.06773 -0.00037 -0.00649 -0.00070 0.00019 -0.00500 -0.00068 0.12096 0.12949
0.43833 -0.02718 2.1098 -0.2755 -0.00049 2.06787 0.00114 0.00295 0.00080 0.00028 -0.00515 0.00014 0.12511 0.12873
0.44611 -0.02188 2.11278 -0.27504 -0.00144 2.07037 0.00778 0.00530 0.00298 0.00046 -0.00095 0.00250 0.12911 0.12889
0.44759 -0.01607 2.11326 -0.27507 -0.00206 2.07151 0.00148 0.00581 0.00048 -0.00003 -0.00062 0.00114 0.12475 0.12926
0.44769 -0.01304 2.11375 -0.27488 -0.0032 2.07231 0.00010 0.00303 0.00049 0.00019 -0.00114 0.00080 0.12075 0.12980
0.44599 -0.00907 2.11126 -0.27464 -0.00334 2.07183 -0.00170 0.00397 -0.00249 0.00024 -0.00014 -0.00048 0.12243 0.12915
0.44231 -0.00312 2.10726 -0.27153 0.00866 2.06852 -0.00368 0.00595 -0.00400 0.00311 0.01200 -0.00331 0.13299 0.13126
0.41761 0.00479 2.01072 -0.26092 -0.00294 1.97799 -0.02470 0.00791 -0.09654 0.01061 -0.01160 -0.09053 0.12821 0.12376
0.43619 -0.00325 2.09444 -0.27158 -0.0034 2.06192 0.01858 -0.00804 0.08372 -0.01066 -0.00046 0.08393 0.13281 0.12865
0.4333 -0.00152 2.09781 -0.27251 0.00212 2.06677 -0.00289 0.00173 0.00337 -0.00093 0.00552 0.00485 0.13017 0.13073
0.43086 -0.00171 2.09642 -0.27507 -0.00317 2.06882 -0.00244 -0.00019 -0.00139 -0.00256 -0.00529 0.00205 0.13011 0.13169
0.42747 0.00133 2.09666 -0.27642 -0.00293 2.07382 -0.00339 0.00304 0.00024 -0.00135 0.00024 0.00500 0.13294 0.12994
0.42033 0.00066 2.09265 -0.28106 -0.00178 2.07628 -0.00714 -0.00067 -0.00401 -0.00464 0.00115 0.00246 0.13391 0.12676
0.41519 0.00103 2.08843 -0.28261 -0.00353 2.07728 -0.00514 0.00037 -0.00422 -0.00155 -0.00175 0.00100 0.13275 0.12872
0.40967 0.00056 2.08471 -0.28406 -0.00349 2.07782 -0.00552 -0.00047 -0.00372 -0.00145 0.00004 0.00054 0.13440 0.12862
0.40183 0.00041 2.08051 -0.28538 -0.0023 2.07862 -0.00784 -0.00015 -0.00420 -0.00132 0.00119 0.00080 0.13524 0.12966
0.39434 -0.00242 2.07654 -0.28737 -0.00243 2.08019 -0.00749 -0.00283 -0.00397 -0.00199 -0.00013 0.00157 0.13702 0.12891
0.38311 -0.0033 2.07079 -0.28802 0.00202 2.08005 -0.01123 -0.00088 -0.00575 -0.00065 0.00445 -0.00014 0.13636 0.13312
0.36974 -0.00472 2.06367 -0.29079 -0.00199 2.08035 -0.01337 -0.00142 -0.00712 -0.00277 -0.00401 0.00030 0.13757 0.12979
0.33698 -0.01021 2.03032 -0.29075 0.00411 2.05817 -0.03276 -0.00549 -0.03335 0.00004 0.00610 -0.02218 0.13668 0.12835
0.32204 -0.01032 2.05361 -0.29835 -0.00667 2.09 -0.01494 -0.00011 0.02329 -0.00760 -0.01078 0.03183 0.13765 0.12817
0.2606 -0.00706 2.0384 -0.29691 -0.00658 2.08706 -0.06144 0.00326 -0.01521 0.00144 0.00009 -0.00294 0.13584 0.12872
0.22083 -0.00931 2.00835 -0.28492 0.00374 2.06265 -0.03977 -0.00225 -0.03005 0.01199 0.01032 -0.02441 0.13606 0.12937
0.17175 -0.01354 2.02878 -0.27808 -0.01291 2.09189 -0.04908 -0.00423 0.02043 0.00684 -0.01665 0.02924 0.13727 0.12530
0.09595 -0.00663 2.01535 -0.2521 -0.01643 2.08144 -0.07580 0.00691 -0.01343 0.02598 -0.00352 -0.01045 0.13303 0.12860
-0.1078 0.03758 2.00328 -0.14573 0.06427 2.00539 -0.20375 0.04421 -0.01207 0.10637 0.08070 -0.07605 0.11129 0.07395
-0.13379 0.07136 1.88698 -0.13602 0.0723 1.88847 -0.02599 0.03378 -0.11630 0.00971 0.00803 -0.11692 0.09079 0.08928
-0.062 0.09112 1.9054 -0.08068 0.13657 1.90289 0.07179 0.01976 0.01842 0.05534 0.06427 0.01442 0.11345 0.07418
-0.03108 0.12792 1.91751 -0.05398 0.1789 1.91876 0.03092 0.03680 0.01211 0.02670 0.04233 0.01587 0.10606 0.06040
0.01427 0.14692 2.09892 -0.30511 0.0358 2.21196 0.04535 0.01900 0.18141 -0.25113 -0.14310 0.29320 0.12451 0.10874
0.08511 0.20918 1.99832 -0.31306 0.04583 2.11693 0.07084 0.06226 -0.10060 -0.00795 0.01003 -0.09503 0.09724 0.11412
0.12035 0.2178 2.00923 -0.32136 0.04538 2.12683 0.03524 0.00862 0.01091 -0.00830 -0.00045 0.00990 0.10023 0.12639
0.18209 0.22729 2.01334 -0.32544 0.04532 2.12504 0.06174 0.00949 0.00411 -0.00408 -0.00006 -0.00179 0.09459 0.13015
0.22286 0.15609 2.0227 -0.32423 0.04555 2.12349 0.04077 -0.07120 0.00936 0.00121 0.00023 -0.00155 0.11446 0.13155
0.25052 0.14291 2.02072 -0.32244 0.04018 2.11576 0.02766 -0.01318 -0.00198 0.00179 -0.00537 -0.00773 0.11886 0.12951
0.2757 0.14278 2.02373 -0.31825 0.04002 2.1119 0.02518 -0.00013 0.00301 0.00419 -0.00016 -0.00386 0.11729 0.13190
0.30358 0.14464 2.04108 -0.31664 0.03988 2.12265 0.02788 0.00186 0.01735 0.00161 -0.00014 0.01075 0.11663 0.13429
0.33197 0.14325 2.05139 -0.31428 0.04035 2.12668 0.02839 -0.00139 0.01031 0.00236 0.00047 0.00403 0.11410 0.13428
0.36122 0.14002 2.06781 -0.31327 0.04048 2.13518 0.02925 -0.00323 0.01642 0.00101 0.00013 0.00850 0.11796 0.13450
0.4177 0.10929 2.06154 -0.30857 0.03977 2.1149 0.05648 -0.03073 -0.00627 0.00470 -0.00071 -0.02028 0.12205 0.13483
0.43881 0.09857 2.02047 -0.30192 0.03919 2.0697 0.02111 -0.01072 -0.04107 0.00665 -0.00058 -0.04520 0.12021 0.13104
0.53112 -0.01452 2.05443 -0.3032 0.03344 2.08695 0.09231 -0.11309 0.03396 -0.00128 -0.00575 0.01725 0.12925 0.13366
0.52786 -0.03315 1.92924 -0.28408 0.02654 1.96148 -0.00326 -0.01863 -0.12519 0.01912 -0.00690 -0.12547 0.11363 0.12408
0.55805 -0.07501 1.94673 -0.28481 0.02663 1.97432 0.03019 -0.04186 0.01749 -0.00073 0.00009 0.01284 0.11274 0.12594
0.57674 -0.12626 1.93892 -0.28223 0.02235 1.95647 0.01869 -0.05125 -0.00781 0.00258 -0.00428 -0.01785 0.11802 0.12438
0.60589 -0.17799 1.96339 -0.28327 0.02127 1.97223 0.02915 -0.05173 0.02447 -0.00104 -0.00108 0.01576 0.12188 0.12416
0.63298 -0.27402 1.91641 -0.2724 0.01621 1.9112 0.02709 -0.09603 -0.04698 0.01087 -0.00506 -0.06103 0.11687 0.11778
0.68749 -0.33566 2.01165 -0.28682 0.00244 2.00311 0.05451 -0.06164 0.09524 -0.01442 -0.01377 0.09191 0.12893 0.12282
0.69405 -0.3862 1.99789 -0.2803 0.0061 1.97259 0.00656 -0.05054 -0.01376 0.00652 0.00366 -0.03052 0.12077 0.12360
0.68423 -0.42877 1.96344 -0.27393 -0.00723 1.91956 -0.00982 -0.04257 -0.03445 0.00637 -0.01333 -0.05303 0.11749 0.11774
0.73261 -0.49271 2.05986 -0.28544 -0.01138 2.00463 0.04838 -0.06394 0.09642 -0.01151 -0.00415 0.08507 0.12128 0.12298
0.72888 -0.52967 2.08573 -0.28449 -0.01423 2.00234 -0.00373 -0.03696 0.02587 0.00095 -0.00285 -0.00229 0.14243 0.12615
0.72096 -0.56537 2.11898 -0.28538 -0.02356 2.0075 -0.00792 -0.03570 0.03325 -0.00089 -0.00933 0.00516 0.12200 0.12608
0.71606 -0.62271 2.14354 -0.28267 -0.03611 1.99933 -0.00490 -0.05734 0.02456 0.00271 -0.01255 -0.00817 0.12269 0.12241
0.71328 -0.64206 2.14459 -0.28282 -0.05227 1.99575 -0.00278 -0.01935 0.00105 -0.00015 -0.01616 -0.00358 0.10056 0.12516
0.71189 -0.6605 2.13794 -0.28149 -0.06454 1.99164 -0.00139 -0.01844 -0.00665 0.00133 -0.01227 -0.00411 0.14977 0.12653
0.69348 -0.70238 2.05935 -0.27296 -0.11459 1.92099 -0.01841 -0.04188 -0.07859 0.00853 -0.05005 -0.07065 0.13041 0.11185
0.70471 -0.73844 2.07249 -0.27413 -0.1389 1.93165 0.01123 -0.03606 0.01314 -0.00117 -0.02431 0.01066 0.14136 0.10558
0.71049 -0.75568 2.08453 -0.27522 -0.173 1.94432 0.00578 -0.01724 0.01204 -0.00109 -0.03410 0.01267 0.13467 0.10733
0.70216 -0.75707 2.06334 -0.27005 -0.20606 1.92592 -0.00833 -0.00139 -0.02119 0.00517 -0.03306 -0.01840 0.12849 0.10141
0.67388 -0.72884 1.9776 -0.23831 -0.30719 1.82692 -0.02828 0.02823 -0.08574 0.03174 -0.10113 -0.09900 0.12005 0.05863
0.68511 -0.7414 1.99924 -0.21653 -0.38558 1.89589 0.01123 -0.01256 0.02164 0.02178 -0.07839 0.06897 0.12506 0.09740
0.69363 -0.74685 2.01137 -0.19968 -0.42728 1.91103 0.00852 -0.00545 0.01213 0.01685 -0.04170 0.01514 0.12273 0.08328
0.69166 -0.74694 2.01742 -0.19436 -0.45715 1.925 -0.00197 -0.00009 0.00605 0.00532 -0.02987 0.01397 0.11474 0.07923
0.67991 -0.73292 1.96357 -0.15414 -0.66291 1.83331 -0.01175 0.01402 -0.05385 0.04022 -0.20576 -0.09169 0.10692 0.08926
0.67897 -0.73191 1.95948 -0.15517 -0.64876 1.8341 -0.00094 0.00101 -0.00409 -0.00103 0.01415 0.00079 0.10697 0.10501
0.67693 -0.73034 1.95403 -0.12646 -0.63143 1.84204 -0.00204 0.00157 -0.00545 0.02871 0.01733 0.00794 0.10942 0.12632
0.69713 -0.75011 2.00683 -0.15035 -0.6124 1.96161 0.02020 -0.01977 0.05280 -0.02389 0.01903 0.11957 0.10900 0.12126
0.67515 -0.72732 1.94193 -0.11492 -0.63123 1.83534 -0.02198 0.02279 -0.06490 0.03543 -0.01883 -0.12627 0.10415 0.12715
0.67543 -0.72758 1.94604 -0.11395 -0.63451 1.83472 0.00028 -0.00026 0.00411 0.00097 -0.00328 -0.00062 0.10642 0.12683
0.67511 -0.72885 1.94261 -0.1163 -0.63448 1.83127 -0.00032 -0.00127 -0.00343 -0.00235 0.00003 -0.00345 0.10793 0.12367
0.67437 -0.72817 1.94175 -0.11502 -0.63493 1.82817 -0.00074 0.00068 -0.00086 0.00128 -0.00045 -0.00310 0.10442 0.12450
0.67457 -0.72755 1.93931 -0.11404 -0.63544 1.82631 0.00020 0.00062 -0.00244 0.00098 -0.00051 -0.00186 0.10636 0.12435
0.68876 -0.7409 1.9768 -0.13008 -0.62759 1.89796 0.01419 -0.01335 0.03749 -0.01604 0.00785 0.07165 0.10656 0.11104
]
