classifier_Man_weaves_and_bumps_into_fence_25169 [ 0.56738 -0.72648 1.83381 -0.20615 -0.56077 1.91093 0.56738 -0.72648 1.83381 -0.20615 -0.56077 1.91093 0.10911 0.07715
0.56813 -0.72796 1.83315 -0.20564 -0.5605 1.90969 0.00075 -0.00148 -0.00066 0.00051 0.00027 -0.00124 0.10838 0.07719
0.57112 -0.72736 1.83607 -0.20659 -0.55752 1.91073 0.00299 0.00060 0.00292 -0.00095 0.00298 0.00104 0.10903 0.07494
0.57134 -0.72544 1.83235 -0.20485 -0.55621 1.9053 0.00022 0.00192 -0.00372 0.00174 0.00131 -0.00543 0.10888 0.07690
0.56708 -0.71816 1.83127 -0.20684 -0.54633 1.89177 -0.00426 0.00728 -0.00108 -0.00199 0.00988 -0.01353 0.11599 0.07254
0.57569 -0.71024 1.82623 -0.2007 -0.55231 1.8225 0.00861 0.00792 -0.00504 0.00614 -0.00598 -0.06927 0.11306 0.12588
0.58645 -0.7065 1.82915 -0.20905 -0.49572 1.73987 0.01076 0.00374 0.00292 -0.00835 0.05659 -0.08263 0.10408 0.10831
0.5701 -0.56381 1.91773 -0.25079 -0.44517 1.80483 -0.01635 0.14269 0.08858 -0.04174 0.05055 0.06496 0.07900 0.14298
0.52823 -0.50331 1.85754 -0.26172 -0.38813 1.76797 -0.04187 0.06050 -0.06019 -0.01093 0.05704 -0.03686 0.10458 0.13269
0.44051 -0.41452 1.76169 -0.24911 -0.32569 1.67953 -0.08772 0.08879 -0.09585 0.01261 0.06244 -0.08844 0.07152 0.10059
0.36049 -0.26546 1.73391 -0.2383 -0.27124 1.63893 -0.08002 0.14906 -0.02778 0.01081 0.05445 -0.04060 0.11173 0.09528
0.33581 -0.25872 1.94507 -0.25831 -0.25326 1.83309 -0.02468 0.00674 0.21116 -0.02001 0.01798 0.19416 0.11725 0.12687
0.23979 -0.17822 1.8621 -0.2221 -0.19581 1.75585 -0.09602 0.08050 -0.08297 0.03621 0.05745 -0.07724 0.11226 0.13358
0.19743 -0.1297 1.87427 -0.19973 -0.15657 1.76452 -0.04236 0.04852 0.01217 0.02237 0.03924 0.00867 0.13028 0.14424
0.06471 -0.06326 1.84424 -0.17486 -0.12079 1.75301 -0.13272 0.06644 -0.03003 0.02487 0.03578 -0.01151 0.14680 0.13032
-0.08867 -0.05797 1.58428 -0.064 -0.04206 1.57819 -0.15338 0.00529 -0.25996 0.11086 0.07873 -0.17482 0.09837 0.09556
-0.09126 -0.03713 1.56379 -0.05196 -0.03067 1.56443 -0.00259 0.02084 -0.02049 0.01204 0.01139 -0.01376 0.08493 0.09621
-0.06279 -0.01861 1.56012 0.07596 -0.01284 1.57447 0.02847 0.01852 -0.00367 0.12792 0.01783 0.01004 0.10809 0.10884
-0.07708 -0.00146 1.55912 0.07917 0.00318 1.57159 -0.01429 0.01715 -0.00100 0.00321 0.01602 -0.00288 0.10594 0.09538
-0.08323 0.00674 1.57137 -0.00693 0.0165 1.58017 -0.00615 0.00820 0.01225 -0.08610 0.01332 0.00858 0.10867 0.12283
0.1711 0.0195 1.60462 -0.01104 0.03175 1.61333 0.25433 0.01276 0.03325 -0.00411 0.01525 0.03316 0.09231 0.12875
0.21435 0.01484 1.6418 -0.13573 0.02479 1.63289 0.04325 -0.00466 0.03718 -0.12469 -0.00696 0.01956 0.12132 0.10072
0.25109 0.00836 1.6153 -0.21955 -0.00615 1.60123 0.03674 -0.00648 -0.02650 -0.08382 -0.03094 -0.03166 0.11488 0.12830
0.31182 -0.00974 1.62978 -0.2719 -0.02389 1.61978 0.06073 -0.01810 0.01448 -0.05235 -0.01774 0.01855 0.11270 0.13013
0.36646 -0.03287 1.65119 -0.31954 -0.04793 1.65174 0.05464 -0.02313 0.02141 -0.04764 -0.02404 0.03196 0.10833 0.12493
0.39563 -0.05707 1.57589 -0.33251 -0.07495 1.57851 0.02917 -0.02420 -0.07530 -0.01297 -0.02702 -0.07323 0.10688 0.12048
0.48425 -0.10725 1.69938 -0.38899 -0.15729 1.70389 0.08862 -0.05018 0.12349 -0.05648 -0.08234 0.12538 0.10587 0.10593
0.52137 -0.11483 1.8208 -0.41679 -0.15398 1.80465 0.03712 -0.00758 0.12142 -0.02780 0.00331 0.10076 0.10948 0.11693
0.47867 -0.10604 1.70931 -0.42294 -0.05997 1.74502 -0.04270 0.00879 -0.11149 -0.00615 0.09401 -0.05963 0.10404 0.14321
0.44939 -0.0917 1.70373 -0.398 0.17076 1.76873 -0.02928 0.01434 -0.00558 0.02494 0.23073 0.02371 0.08989 0.10936
0.45806 -0.09142 1.75867 -0.41756 0.14911 1.85197 0.00867 0.00028 0.05494 -0.01956 -0.02165 0.08324 0.10132 0.11646
0.43474 -0.09125 1.70372 -0.41946 -0.0101 1.74253 -0.02332 0.00017 -0.05495 -0.00190 -0.15921 -0.10944 0.09156 0.15505
0.44702 -0.08579 1.75635 -0.42398 -0.12624 1.76261 0.01228 0.00546 0.05263 -0.00452 -0.11614 0.02008 0.10480 0.16600
0.44082 -0.09485 1.74606 -0.42393 -0.17116 1.73643 -0.00620 -0.00906 -0.01029 0.00005 -0.04492 -0.02618 0.08496 0.13247
0.4402 -0.09417 1.75045 -0.41882 -0.16099 1.75104 -0.00062 0.00068 0.00439 0.00511 0.01017 0.01461 0.09152 0.12834
0.42159 -0.08577 1.69998 -0.41427 -0.1067 1.69707 -0.01861 0.00840 -0.05047 0.00455 0.05429 -0.05397 0.08888 0.12441
0.41685 -0.08738 1.68989 -0.41005 -0.11153 1.68643 -0.00474 -0.00161 -0.01009 0.00422 -0.00483 -0.01064 0.09202 0.12788
0.41569 -0.09019 1.6849 -0.4078 -0.11056 1.68313 -0.00116 -0.00281 -0.00499 0.00225 0.00097 -0.00330 0.07901 0.12820
0.4121 -0.09072 1.68085 -0.40628 -0.10739 1.67943 -0.00359 -0.00053 -0.00405 0.00152 0.00317 -0.00370 0.08645 0.13378
0.41499 -0.09032 1.68672 -0.40466 -0.10562 1.67643 0.00289 0.00040 0.00587 0.00162 0.00177 -0.00300 0.09876 0.13435
0.40827 -0.09383 1.67687 -0.40314 -0.10493 1.66626 -0.00672 -0.00351 -0.00985 0.00152 0.00069 -0.01017 0.09149 0.12886
0.40573 -0.10246 1.67458 -0.40363 -0.10476 1.66305 -0.00254 -0.00863 -0.00229 -0.00049 0.00017 -0.00321 0.08168 0.13019
0.40196 -0.10753 1.67768 -0.40689 -0.10539 1.6651 -0.00377 -0.00507 0.00310 -0.00326 -0.00063 0.00205 0.09159 0.12908
0.40238 -0.10871 1.6782 -0.40862 -0.10476 1.66685 0.00042 -0.00118 0.00052 -0.00173 0.00063 0.00175 0.08677 0.12975
0.39965 -0.1138 1.6878 -0.40904 -0.10323 1.67972 -0.00273 -0.00509 0.00960 -0.00042 0.00153 0.01287 0.09680 0.12923
0.39887 -0.11823 1.68511 -0.40865 -0.102 1.68181 -0.00078 -0.00443 -0.00269 0.00039 0.00123 0.00209 0.08944 0.13707
0.39925 -0.11278 1.68658 -0.40853 -0.1024 1.68731 0.00038 0.00545 0.00147 0.00012 -0.00040 0.00550 0.08557 0.13489
0.39897 -0.11664 1.68479 -0.40805 -0.09787 1.68854 -0.00028 -0.00386 -0.00179 0.00048 0.00453 0.00123 0.09156 0.13176
0.39628 -0.1161 1.67524 -0.40599 -0.09577 1.68429 -0.00269 0.00054 -0.00955 0.00206 0.00210 -0.00425 0.08477 0.13242
0.3964 -0.10714 1.67249 -0.40824 -0.09402 1.6816 0.00012 0.00896 -0.00275 -0.00225 0.00175 -0.00269 0.08758 0.12814
0.39817 -0.10592 1.67698 -0.41033 -0.09327 1.68452 0.00177 0.00122 0.00449 -0.00209 0.00075 0.00292 0.07902 0.13004
0.39729 -0.10523 1.6758 -0.41241 -0.09299 1.68833 -0.00088 0.00069 -0.00118 -0.00208 0.00028 0.00381 0.07988 0.13346
0.39069 -0.10897 1.67197 -0.41349 -0.08992 1.68961 -0.00660 -0.00374 -0.00383 -0.00108 0.00307 0.00128 0.07963 0.13821
0.38306 -0.11732 1.66542 -0.41711 -0.0902 1.69357 -0.00763 -0.00835 -0.00655 -0.00362 -0.00028 0.00396 0.06585 0.13497
0.37475 -0.13421 1.67164 -0.41891 -0.08667 1.70042 -0.00831 -0.01689 0.00622 -0.00180 0.00353 0.00685 0.07191 0.13420
0.33681 -0.16535 1.70015 -0.4226 -0.08491 1.7073 -0.03794 -0.03114 0.02851 -0.00369 0.00176 0.00688 0.09585 0.13005
0.30319 -0.18848 1.7301 -0.42777 -0.08974 1.73888 -0.03362 -0.02313 0.02995 -0.00517 -0.00483 0.03158 0.10311 0.14246
0.24439 -0.19276 1.66587 -0.41822 -0.0943 1.69995 -0.05880 -0.00428 -0.06423 0.00955 -0.00456 -0.03893 0.07993 0.12952
0.20047 -0.20607 1.69982 -0.42793 -0.10169 1.7459 -0.04392 -0.01331 0.03395 -0.00971 -0.00739 0.04595 0.07892 0.13524
0.16371 -0.19436 1.73802 -0.42653 -0.11026 1.74512 -0.03676 0.01171 0.03820 0.00140 -0.00857 -0.00078 0.12172 0.14051
0.12263 -0.1145 1.7022 -0.42298 -0.11214 1.73937 -0.04108 0.07986 -0.03582 0.00355 -0.00188 -0.00575 0.12296 0.13620
0.10322 -0.05519 1.70535 -0.41036 -0.11074 1.70336 -0.01941 0.05931 0.00315 0.01262 0.00140 -0.03601 0.14917 0.14004
0.07562 0.0515 1.69661 -0.40853 -0.11094 1.70451 -0.02760 0.10669 -0.00874 0.00183 -0.00020 0.00115 0.11877 0.13387
0.05405 0.17109 1.68418 -0.40495 -0.10905 1.69732 -0.02157 0.11959 -0.01243 0.00358 0.00189 -0.00719 0.12696 0.13527
0.03619 0.25517 1.71853 -0.40305 -0.10824 1.7062 -0.01786 0.08408 0.03435 0.00190 0.00081 0.00888 0.12855 0.13418
0.01808 0.33166 1.7377 -0.39518 -0.10367 1.6882 -0.01811 0.07649 0.01917 0.00787 0.00457 -0.01800 0.11483 0.13822
0.00527 0.38005 1.79214 -0.3937 -0.10022 1.69346 -0.01281 0.04839 0.05444 0.00148 0.00345 0.00526 0.12988 0.13777
0.01888 0.33875 1.81377 -0.3945 -0.0996 1.69792 0.01361 -0.04130 0.02163 -0.00080 0.00062 0.00446 0.11994 0.13857
0.0015 0.41282 1.87511 -0.39388 -0.09766 1.69151 -0.01738 0.07407 0.06134 0.00062 0.00194 -0.00641 0.14655 0.13818
0.00088 0.41527 1.88721 -0.39473 -0.10004 1.69595 -0.00062 0.00245 0.01210 -0.00085 -0.00238 0.00444 0.13360 0.13569
0.01828 0.3386 1.86066 -0.39637 -0.10145 1.69374 0.01740 -0.07667 -0.02655 -0.00164 -0.00141 -0.00221 0.11003 0.13828
0.02364 0.33032 1.85409 -0.39682 -0.10069 1.69664 0.00536 -0.00828 -0.00657 -0.00045 0.00076 0.00290 0.11444 0.13247
0.03347 0.32661 1.85608 -0.40198 -0.10356 1.70542 0.00983 -0.00371 0.00199 -0.00516 -0.00287 0.00878 0.12890 0.14244
0.03564 0.33252 1.86889 -0.40511 -0.10507 1.70533 0.00217 0.00591 0.01281 -0.00313 -0.00151 -0.00009 0.10339 0.13724
0.0941 0.27374 1.82318 -0.41032 -0.10497 1.72515 0.05846 -0.05878 -0.04571 -0.00521 0.00010 0.01982 0.10823 0.13862
0.14545 0.18287 1.78315 -0.41159 -0.10807 1.71836 0.05135 -0.09087 -0.04003 -0.00127 -0.00310 -0.00679 0.06950 0.13314
0.2013 0.08443 1.74616 -0.4097 -0.10656 1.69894 0.05585 -0.09844 -0.03699 0.00189 0.00151 -0.01942 0.08888 0.13559
0.25095 0.01208 1.7597 -0.41658 -0.10657 1.71938 0.04965 -0.07235 0.01354 -0.00688 -0.00001 0.02044 0.09008 0.13534
0.28818 -0.06096 1.72164 -0.40935 -0.10442 1.68872 0.03723 -0.07304 -0.03806 0.00723 0.00215 -0.03066 0.08346 0.13549
0.3336 -0.13842 1.74951 -0.41727 -0.10711 1.71663 0.04542 -0.07746 0.02787 -0.00792 -0.00269 0.02791 0.07218 0.13347
0.34166 -0.19886 1.62947 -0.38777 -0.10025 1.60077 0.00806 -0.06044 -0.12004 0.02950 0.00686 -0.11586 0.05963 0.12893
0.36886 -0.25801 1.65764 -0.39144 -0.10522 1.6289 0.02720 -0.05915 0.02817 -0.00367 -0.00497 0.02813 0.05612 0.12989
0.37932 -0.28359 1.66956 -0.38666 -0.10637 1.62215 0.01046 -0.02558 0.01192 0.00478 -0.00115 -0.00675 0.05552 0.12785
0.38132 -0.28657 1.68895 -0.38335 -0.10851 1.63051 0.00200 -0.00298 0.01939 0.00331 -0.00214 0.00836 0.05603 0.13170
0.38132 -0.27655 1.70582 -0.38264 -0.11073 1.62951 0.00000 0.01002 0.01687 0.00071 -0.00222 -0.00100 0.05904 0.12808
0.381 -0.25784 1.71041 -0.37925 -0.1091 1.62832 -0.00032 0.01871 0.00459 0.00339 0.00163 -0.00119 0.05866 0.12889
0.37645 -0.23487 1.69169 -0.37334 -0.10582 1.60648 -0.00455 0.02297 -0.01872 0.00591 0.00328 -0.02184 0.06036 0.12309
0.37632 -0.21499 1.68867 -0.37028 -0.09912 1.60195 -0.00013 0.01988 -0.00302 0.00306 0.00670 -0.00453 0.06279 0.12472
0.37563 -0.19879 1.68592 -0.36885 -0.09929 1.60007 -0.00069 0.01620 -0.00275 0.00143 -0.00017 -0.00188 0.06384 0.12866
0.36786 -0.18395 1.65779 -0.36165 -0.09367 1.57057 -0.00777 0.01484 -0.02813 0.00720 0.00562 -0.02950 0.06291 0.12003
0.3607 -0.17442 1.63938 -0.35586 -0.09248 1.55088 -0.00716 0.00953 -0.01841 0.00579 0.00119 -0.01969 0.06363 0.11808
0.36497 -0.17338 1.68478 -0.36389 -0.0956 1.59786 0.00427 0.00104 0.04540 -0.00803 -0.00312 0.04698 0.06237 0.12571
0.37691 -0.17909 1.76306 -0.38114 -0.10073 1.67115 0.01194 -0.00571 0.07828 -0.01725 -0.00513 0.07329 0.06760 0.12786
0.37892 -0.18276 1.79252 -0.38821 -0.10234 1.69642 0.00201 -0.00367 0.02946 -0.00707 -0.00161 0.02527 0.06699 0.12803
0.37531 -0.18331 1.79878 -0.38903 -0.10114 1.6994 -0.00361 -0.00055 0.00626 -0.00082 0.00120 0.00298 0.06664 0.12586
0.3709 -0.18213 1.80083 -0.39034 -0.10103 1.7005 -0.00441 0.00118 0.00205 -0.00131 0.00011 0.00110 0.06692 0.12731
0.36694 -0.18127 1.80466 -0.39055 -0.10143 1.7016 -0.00396 0.00086 0.00383 -0.00021 -0.00040 0.00110 0.06452 0.12916
0.35397 -0.17873 1.81264 -0.39203 -0.09952 1.7046 -0.01297 0.00254 0.00798 -0.00148 0.00191 0.00300 0.06467 0.13704
0.3405 -0.17609 1.78767 -0.3867 -0.09673 1.67924 -0.01347 0.00264 -0.02497 0.00533 0.00279 -0.02536 0.06492 0.13353
0.33059 -0.17637 1.78865 -0.38534 -0.09952 1.67873 -0.00991 -0.00028 0.00098 0.00136 -0.00279 -0.00051 0.06518 0.13425
0.32187 -0.17804 1.91586 -0.40878 -0.10482 1.78103 -0.00872 -0.00167 0.12721 -0.02344 -0.00530 0.10230 0.06181 0.13586
0.30047 -0.17143 1.92518 -0.40768 -0.10527 1.7788 -0.02140 0.00661 0.00932 0.00110 -0.00045 -0.00223 0.06280 0.14542
0.19918 -0.14312 1.83271 -0.38506 -0.09741 1.68257 -0.10129 0.02831 -0.09247 0.02262 0.00786 -0.09623 0.02715 0.13402
0.10949 -0.20837 1.90858 -0.39153 -0.10047 1.73537 -0.08969 -0.06525 0.07587 -0.00647 -0.00306 0.05280 0.08251 0.13965
0.10961 -0.18902 1.73401 -0.36642 -0.09481 1.62995 0.00012 0.01935 -0.17457 0.02511 0.00566 -0.10542 0.07581 0.13144
0.10535 -0.19549 1.69279 -0.36829 -0.09513 1.64762 -0.00426 -0.00647 -0.04122 -0.00187 -0.00032 0.01767 0.05720 0.12893
0.10112 -0.19836 1.68992 -0.37721 -0.09877 1.69474 -0.00423 -0.00287 -0.00287 -0.00892 -0.00364 0.04712 0.05961 0.13032
0.08745 -0.19193 1.55361 -0.35679 -0.09319 1.61063 -0.01367 0.00643 -0.13631 0.02042 0.00558 -0.08411 0.05833 0.12358
0.07985 -0.20128 1.57642 -0.36963 -0.09781 1.68095 -0.00760 -0.00935 0.02281 -0.01284 -0.00462 0.07032 0.05596 0.12913
0.06582 -0.18744 1.49753 -0.35381 -0.0956 1.6316 -0.01403 0.01384 -0.07889 0.01582 0.00221 -0.04935 0.05401 0.12279
0.05626 -0.19034 1.54159 -0.36248 -0.09955 1.68588 -0.00956 -0.00290 0.04406 -0.00867 -0.00395 0.05428 0.05811 0.12326
0.03718 -0.16993 1.49122 -0.34495 -0.09881 1.61716 -0.01908 0.02041 -0.05037 0.01753 0.00074 -0.06872 0.05944 0.12715
0.01888 -0.16611 1.51877 -0.34188 -0.09962 1.61637 -0.01830 0.00382 0.02755 0.00307 -0.00081 -0.00079 0.06043 0.12328
-0.03557 -0.15682 1.60594 -0.33841 -0.09957 1.61644 -0.05445 0.00929 0.08717 0.00347 0.00005 0.00007 0.10545 0.12846
-0.07337 -0.16408 1.67913 -0.34228 -0.10086 1.62201 -0.03780 -0.00726 0.07319 -0.00387 -0.00129 0.00557 0.07288 0.13319
-0.07925 -0.16044 1.67938 -0.34638 -0.09662 1.61961 -0.00588 0.00364 0.00025 -0.00410 0.00424 -0.00240 0.07242 0.12706
-0.08197 -0.15831 1.66857 -0.35341 -0.09849 1.61858 -0.00272 0.00213 -0.01081 -0.00703 -0.00187 -0.00103 0.07669 0.13331
-0.09247 -0.15023 1.65803 -0.36331 -0.09851 1.62809 -0.01050 0.00808 -0.01054 -0.00990 -0.00002 0.00951 0.07827 0.13371
-0.11976 -0.15515 1.64799 -0.36175 -0.10097 1.63659 -0.02729 -0.00492 -0.01004 0.00156 -0.00246 0.00850 0.08877 0.10980
-0.17556 -0.16236 1.69048 -0.35276 -0.10523 1.67499 -0.05580 -0.00721 0.04249 0.00899 -0.00426 0.03840 0.08880 0.06417
-0.30753 -0.13418 1.6955 -0.30883 -0.13241 1.72381 -0.13197 0.02818 0.00502 0.04393 -0.02718 0.04882 0.13024 0.09210
-0.3063 -0.12691 1.65598 -0.31539 -0.12684 1.66037 0.00123 0.00727 -0.03952 -0.00656 0.00557 -0.06344 0.12133 0.08232
-0.1624 -0.05931 1.67152 -0.41667 -0.07106 1.66329 0.14390 0.06760 0.01554 -0.10128 0.05578 0.00292 0.05418 0.13025
-0.08939 -0.06444 1.67883 -0.42869 -0.07095 1.67865 0.07301 -0.00513 0.00731 -0.01202 0.00011 0.01536 0.07554 0.13574
-0.04547 -0.04672 1.66457 -0.43403 -0.06822 1.66512 0.04392 0.01772 -0.01426 -0.00534 0.00273 -0.01353 0.06803 0.12968
-0.01022 -0.0419 1.67877 -0.4431 -0.07038 1.68568 0.03525 0.00482 0.01420 -0.00907 -0.00216 0.02056 0.06576 0.12879
0.02406 -0.04581 1.69673 -0.44795 -0.07267 1.70316 0.03428 -0.00391 0.01796 -0.00485 -0.00229 0.01748 0.09419 0.12889
0.01988 -0.05112 1.70206 -0.44573 -0.07357 1.703 -0.00418 -0.00531 0.00533 0.00222 -0.00090 -0.00016 0.10308 0.13126
0.00263 -0.05447 1.71369 -0.43628 -0.07288 1.69605 -0.01725 -0.00335 0.01163 0.00945 0.00069 -0.00695 0.09559 0.13264
-0.00463 -0.05599 1.72027 -0.42997 -0.07531 1.70156 -0.00726 -0.00152 0.00658 0.00631 -0.00243 0.00551 0.10015 0.13364
-0.01204 -0.05807 1.72527 -0.42717 -0.07252 1.70043 -0.00741 -0.00208 0.00500 0.00280 0.00279 -0.00113 0.09329 0.13928
-0.01855 -0.059 1.72858 -0.42385 -0.07124 1.70099 -0.00651 -0.00093 0.00331 0.00332 0.00128 0.00056 0.08238 0.13638
-0.0274 -0.06366 1.71381 -0.41634 -0.06969 1.6832 -0.00885 -0.00466 -0.01477 0.00751 0.00155 -0.01779 0.08846 0.13299
-0.0312 -0.07057 1.72145 -0.41609 -0.06959 1.68901 -0.00380 -0.00691 0.00764 0.00025 0.00010 0.00581 0.08571 0.13948
-0.03932 -0.07271 1.71775 -0.41365 -0.06992 1.68568 -0.00812 -0.00214 -0.00370 0.00244 -0.00033 -0.00333 0.08379 0.13546
-0.0465 -0.08318 1.78315 -0.42845 -0.07366 1.74284 -0.00718 -0.01047 0.06540 -0.01480 -0.00374 0.05716 0.09919 0.13773
-0.04855 -0.09375 1.78338 -0.42595 -0.07631 1.73674 -0.00205 -0.01057 0.00023 0.00250 -0.00265 -0.00610 0.12801 0.14106
-0.05066 -0.10782 1.78807 -0.42356 -0.07656 1.73771 -0.00211 -0.01407 0.00469 0.00239 -0.00025 0.00097 0.09999 0.13899
-0.03058 -0.25611 2.03612 -0.46576 -0.08952 1.92565 0.02008 -0.14829 0.24805 -0.04220 -0.01296 0.18794 0.14059 0.15838
-0.01224 -0.3248 2.09905 -0.47404 -0.09689 1.97505 0.01834 -0.06869 0.06293 -0.00828 -0.00737 0.04940 0.11379 0.16281
-0.00167 -0.40226 2.11839 -0.47627 -0.11455 2.01324 0.01057 -0.07746 0.01934 -0.00223 -0.01766 0.03819 0.10392 0.16547
-0.15643 -0.07984 1.73538 -0.3955 -0.11918 1.74633 -0.15476 0.32242 -0.38301 0.08077 -0.00463 -0.26691 0.08851 0.14523
-0.15385 -0.08612 1.72783 -0.36544 -0.15378 1.74776 0.00258 -0.00628 -0.00755 0.03006 -0.03460 0.00143 0.08974 0.13263
-0.15442 -0.10124 1.85299 -0.31473 -0.26734 1.83645 -0.00057 -0.01512 0.12516 0.05071 -0.11356 0.08869 0.09176 0.14969
-0.14593 -0.10127 1.81783 -0.26249 -0.33305 1.78649 0.00849 -0.00003 -0.03516 0.05224 -0.06571 -0.04996 0.08934 0.09283
-0.13648 -0.09901 1.75555 -0.21803 -0.37749 1.74608 0.00945 0.00226 -0.06228 0.04446 -0.04444 -0.04041 0.08563 0.08544
0.15531 -0.57217 1.66501 -0.17888 -0.39609 1.65437 0.29179 -0.47316 -0.09054 0.03915 -0.01860 -0.09171 0.12615 0.08271
0.18527 -0.58803 1.75574 -0.157 -0.47476 1.73911 0.02996 -0.01586 0.09073 0.02188 -0.07867 0.08474 0.11971 0.09978
0.20926 -0.62993 1.87911 -0.15192 -0.56964 1.87671 0.02399 -0.04190 0.12337 0.00508 -0.09488 0.13760 0.13889 0.10610
0.21603 -0.63499 1.8846 -0.13636 -0.61618 1.86442 0.00677 -0.00506 0.00549 0.01556 -0.04654 -0.01229 0.14750 0.11566
0.21532 -0.62125 1.84141 -0.13413 -0.60447 1.80644 -0.00071 0.01374 -0.04319 0.00223 0.01171 -0.05798 0.13066 0.11654
0.24743 -0.64074 1.96095 -0.12254 -0.61814 1.85698 0.03211 -0.01949 0.11954 0.01159 -0.01367 0.05054 0.13090 0.12563
0.21722 -0.63312 1.89594 -0.11964 -0.60796 1.83379 -0.03021 0.00762 -0.06501 0.00290 0.01018 -0.02319 0.12422 0.12470
0.2458 -0.63595 1.97316 -0.12124 -0.61944 1.87085 0.02858 -0.00283 0.07722 -0.00160 -0.01148 0.03706 0.12761 0.12283
0.23904 -0.64013 1.94195 -0.1194 -0.61973 1.86603 -0.00676 -0.00418 -0.03121 0.00184 -0.00029 -0.00482 0.11917 0.12327
0.21558 -0.62944 1.81727 -0.11529 -0.5993 1.79261 -0.02346 0.01069 -0.12468 0.00411 0.02043 -0.07342 0.13318 0.11859
0.28468 -0.65237 1.97104 -0.12015 -0.6264 1.86941 0.06910 -0.02293 0.15377 -0.00486 -0.02710 0.07680 0.11670 0.12208
0.31032 -0.64019 1.8437 -0.11612 -0.6013 1.79708 0.02564 0.01218 -0.12734 0.00403 0.02510 -0.07233 0.08297 0.11848
0.35641 -0.65489 1.90644 -0.11924 -0.61662 1.84264 0.04609 -0.01470 0.06274 -0.00312 -0.01532 0.04556 0.10809 0.12365
0.3934 -0.6603 1.94913 -0.11886 -0.62477 1.85767 0.03699 -0.00541 0.04269 0.00038 -0.00815 0.01503 0.11781 0.12290
0.43263 -0.66069 1.9321 -0.11646 -0.6212 1.85168 0.03923 -0.00039 -0.01703 0.00240 0.00357 -0.00599 0.11504 0.12322
0.53754 -0.70089 1.78843 -0.11207 -0.59141 1.77023 0.10491 -0.04020 -0.14367 0.00439 0.02979 -0.08145 0.10547 0.12032
0.54806 -0.70285 1.78607 -0.11327 -0.59106 1.77284 0.01052 -0.00196 -0.00236 -0.00120 0.00035 0.00261 0.09982 0.11754
0.55404 -0.71052 1.80322 -0.11434 -0.59357 1.78317 0.00598 -0.00767 0.01715 -0.00107 -0.00251 0.01033 0.10614 0.12100
0.55747 -0.72385 1.8275 -0.11548 -0.59872 1.79831 0.00343 -0.01333 0.02428 -0.00114 -0.00515 0.01514 0.10592 0.11917
0.55803 -0.73063 1.84099 -0.11648 -0.60131 1.80824 0.00056 -0.00678 0.01349 -0.00100 -0.00259 0.00993 0.10744 0.12061
0.56082 -0.73284 1.84528 -0.11992 -0.60027 1.81784 0.00279 -0.00221 0.00429 -0.00344 0.00104 0.00960 0.10623 0.12057
0.56137 -0.73525 1.84953 -0.12091 -0.60104 1.82416 0.00055 -0.00241 0.00425 -0.00099 -0.00077 0.00632 0.10865 0.11849
0.56264 -0.73679 1.85535 -0.11943 -0.60284 1.82759 0.00127 -0.00154 0.00582 0.00148 -0.00180 0.00343 0.11169 0.11543
0.56169 -0.73433 1.84569 -0.11869 -0.60138 1.81956 -0.00095 0.00246 -0.00966 0.00074 0.00146 -0.00803 0.11101 0.11861
0.56671 -0.74211 1.87112 -0.11958 -0.61033 1.84067 0.00502 -0.00778 0.02543 -0.00089 -0.00895 0.02111 0.11049 0.12007
0.56696 -0.74276 1.87298 -0.11959 -0.61082 1.84169 0.00025 -0.00065 0.00186 -0.00001 -0.00049 0.00102 0.11032 0.11931
0.57446 -0.74517 1.86688 -0.11968 -0.611 1.84337 0.00750 -0.00241 -0.00610 -0.00009 -0.00018 0.00168 0.11471 0.12118
0.57304 -0.74456 1.86776 -0.11784 -0.61325 1.84095 -0.00142 0.00061 0.00088 0.00184 -0.00225 -0.00242 0.11323 0.12162
0.57254 -0.74558 1.87162 -0.11595 -0.61647 1.83766 -0.00050 -0.00102 0.00386 0.00189 -0.00322 -0.00329 0.11248 0.12400
0.57165 -0.74623 1.87136 -0.11599 -0.61699 1.83744 -0.00089 -0.00065 -0.00026 -0.00004 -0.00052 -0.00022 0.11427 0.12455
0.57184 -0.74606 1.87422 -0.11666 -0.61655 1.84019 0.00019 0.00017 0.00286 -0.00067 0.00044 0.00275 0.11475 0.12402
0.57026 -0.74578 1.877 -0.11679 -0.61771 1.84019 -0.00158 0.00028 0.00278 -0.00013 -0.00116 0.00000 0.11588 0.12442
]
