classifier_Car_weaves_and_bumps_into_fence_7469 [ 0.53138 -0.60893 1.60764 -0.42257 -0.67631 1.86977 0.53138 -0.60893 1.60764 -0.42257 -0.67631 1.86977 0.12496 0.09304 0.12496 0.09304 0.13532 0.05401 0.13532 0.05401 -0.2880295 0.7062994 0.5472448 -0.3445334 0.4400828 0.8879667 -0.1235302 0.0508191
0.52854 -0.60892 1.60837 -0.41926 -0.67164 1.8563 -0.00284 0.00001 0.00073 0.00331 0.00467 -0.01347 0.11992 0.07180 -0.00504 -0.02124 0.13357 0.05671 -0.00175 0.00270 -0.2895596 0.7055029 0.543303 -0.3510596 0.416869 0.8989978 -0.1255313 0.0475935
0.53095 -0.61027 1.59997 -0.41833 -0.67215 1.84578 0.00241 -0.00135 -0.00840 0.00093 -0.00051 -0.01052 0.11386 0.08112 -0.00606 0.00932 0.13919 0.05818 0.00562 0.00147 -0.276804 0.6881094 0.5505356 -0.3831391 0.3645242 0.9203504 -0.1276626 0.0614775
0.53121 -0.60928 1.60141 -0.42029 -0.67403 1.84069 0.00026 0.00099 0.00144 -0.00196 -0.00188 -0.00509 0.12145 0.12853 0.00759 0.04741 0.12426 0.01675 -0.01493 -0.04143 -0.2372243 0.6612775 0.5721954 -0.4231185 0.3319458 0.8999987 -0.0851744 0.2693692
0.53678 -0.61639 1.62165 -0.42946 -0.68953 1.85966 0.00557 -0.00711 0.02024 -0.00917 -0.01550 0.01897 0.11647 0.12627 -0.00498 -0.00226 0.13247 0.03151 0.00821 0.01476 -0.3454526 0.5990783 0.5706847 -0.4428168 0.2683499 0.9253899 -0.1278048 0.2351762
0.52434 -0.60878 1.60248 -0.42614 -0.68845 1.81597 -0.01244 0.00761 -0.01917 0.00332 0.00108 -0.04369 0.11601 0.08906 -0.00046 -0.03721 0.12957 0.05385 -0.00290 0.02234 -0.2765962 0.6840733 0.5360706 -0.4100811 0.126768 0.9709027 -0.1751909 0.1028882
0.53424 -0.61106 1.61713 -0.43163 -0.70083 1.79921 0.00990 -0.00228 0.01465 -0.00549 -0.01238 -0.01676 0.11564 0.06904 -0.00037 -0.02002 0.13384 0.04339 0.00427 -0.01046 -0.4200441 0.6338818 0.5352441 -0.3677915 -0.0715068 0.9650036 -0.149139 0.2035006
0.53281 -0.60772 1.61524 -0.42414 -0.66157 1.77979 -0.00143 0.00334 -0.00189 0.00749 0.03926 -0.01942 0.11693 0.09600 0.00129 0.02696 0.13498 0.05023 0.00114 0.00684 -0.3959442 0.6046557 0.560321 -0.4045492 -0.2266179 0.9181487 -0.1554841 0.285433
0.53468 -0.60467 1.62231 -0.43229 -0.66006 1.751 0.00187 0.00305 0.00707 -0.00815 0.00151 -0.02879 0.11987 0.09368 0.00294 -0.00232 0.14308 0.07319 0.00810 0.02296 -0.3687401 0.5965112 0.5795813 -0.4150791 -0.3229474 0.8811603 -0.1926575 0.2866086
0.50548 -0.52044 1.59503 -0.45747 -0.6264 1.68812 -0.02920 0.08423 -0.02728 -0.02518 0.03366 -0.06288 0.11785 0.09944 -0.00202 0.00576 0.07681 0.06618 -0.06627 -0.00701 -0.4127741 0.596375 0.5444128 -0.4213894 -0.3474922 0.81467 -0.2421664 0.3961279
0.49558 -0.48847 1.5867 -0.46749 -0.5999 1.63736 -0.00990 0.03197 -0.00833 -0.01002 0.02650 -0.05076 0.11721 0.09416 -0.00064 -0.00528 0.08414 0.05489 0.00733 -0.01129 -0.5233412 0.5487999 0.5365345 -0.3702206 -0.3359411 0.7008511 -0.3534965 0.5205685
0.47429 -0.42502 1.47701 -0.45357 -0.51673 1.56226 -0.02129 0.06345 -0.10969 0.01392 0.08317 -0.07510 0.10061 0.09668 -0.01660 0.00252 0.06068 0.06792 -0.02346 0.01303 0.4672227 -0.3873992 0.6167045 -0.5012987 -0.4236766 0.6308296 -0.3956454 0.5157683
0.43652 -0.32512 1.42314 -0.43834 -0.41604 1.44575 -0.03777 0.09990 -0.05387 0.01523 0.10069 -0.11651 0.10313 0.08211 0.00252 -0.01457 0.06555 0.05672 0.00487 -0.01120 0.5083052 -0.162671 0.6813775 -0.5008876 0.6075395 -0.6280254 0.3181265 -0.3677982
0.3913 -0.26956 1.40479 -0.41184 -0.33786 1.40119 -0.04522 0.05556 -0.01835 0.02650 0.07818 -0.04456 0.11059 0.07249 0.00746 -0.00962 0.09866 0.06988 0.03311 0.01316 0.4631402 -0.2109783 0.6756017 -0.5334338 0.6691648 -0.5450256 0.3467014 -0.3673739
0.36945 -0.22257 1.46398 -0.40121 -0.27106 1.45045 -0.02185 0.04699 0.05919 0.01063 0.06680 0.04926 0.10694 0.08183 -0.00365 0.00934 0.07025 0.05514 -0.02841 -0.01474 0.4753474 -0.3459559 0.6874695 -0.4263158 0.7049975 -0.4775787 0.3613133 -0.3799339
0.27417 -0.08905 1.42547 -0.32168 -0.11974 1.40198 -0.09528 0.13352 -0.03851 0.07953 0.15132 -0.04847 0.10305 0.04742 -0.00389 -0.03441 0.07105 0.05174 0.00080 -0.00340 0.4618422 -0.3855808 0.7318236 -0.3200993 0.7716315 -0.4034213 0.3232128 -0.3706339
0.23865 -0.04717 1.44742 -0.27947 -0.06 1.4086 -0.03552 0.04188 0.02195 0.04221 0.05974 0.00662 0.12471 0.04903 0.02166 0.00161 0.08891 0.05241 0.01786 0.00067 0.3985038 -0.2821729 0.8642864 -0.1207572 0.7566225 -0.2757629 0.3629 -0.4688077
0.20087 0.00128 1.46017 -0.24841 -0.01518 1.4392 -0.03778 0.04845 0.01275 0.03106 0.04482 0.03060 0.12794 0.11093 0.00323 0.06190 0.08043 0.04917 -0.00848 -0.00324 0.4167339 -0.3631755 0.8088731 -0.2004019 0.7262719 -0.2588318 0.3925905 -0.501406
0.16605 0.03847 1.45089 -0.21654 0.02356 1.44122 -0.03482 0.03719 -0.00928 0.03187 0.03874 0.00202 0.12218 0.11218 -0.00576 0.00125 0.10194 0.06003 0.02151 0.01086 0.3277488 -0.3447566 0.8655319 -0.1567738 0.7888336 -0.1684637 0.3324799 -0.4886908
0.13371 0.07315 1.46959 -0.20094 0.05661 1.46971 -0.03234 0.03468 0.01870 0.01560 0.03305 0.02849 0.12554 0.12263 0.00336 0.01045 0.09132 0.07393 -0.01062 0.01390 0.3351662 -0.3830793 0.8394576 -0.190328 0.7751606 -0.1808041 0.3195377 -0.5141318
0.10816 0.09785 1.48144 -0.18204 0.08727 1.48291 -0.02555 0.02470 0.01185 0.01890 0.03066 0.01320 0.12757 0.12437 0.00203 0.00174 0.10325 0.06010 0.01193 -0.01383 0.2413778 -0.3941683 0.8570842 -0.2275406 0.7992057 -0.1992079 0.3121362 -0.4734526
0.0724 0.12449 1.45865 -0.1545 0.11322 1.46435 -0.03576 0.02664 -0.02279 0.02754 0.02595 -0.01856 0.10582 0.09705 -0.02175 -0.02732 0.09124 0.04487 -0.01201 -0.01523 0.1208676 -0.418244 0.870042 -0.2312791 0.8278012 -0.2445712 0.1890652 -0.4681713
0.05594 0.12741 1.43237 -0.15185 0.121 1.45654 -0.01646 0.00292 -0.02628 0.00265 0.00778 -0.00781 0.10597 0.09040 0.00015 -0.00665 0.07945 0.07843 -0.01179 0.03356 0.0336065 -0.4474168 0.850472 -0.2745654 0.8541583 -0.344987 -0.1480468 -0.3598329
-0.03468 0.1273 1.33408 -0.15316 0.1151 1.36001 -0.09062 -0.00011 -0.09829 -0.00131 -0.00590 -0.09653 0.09631 0.10208 -0.00966 0.01168 0.09093 0.03434 0.01148 -0.04409 -0.3650441 -0.5270618 0.6858221 -0.3443787 0.7870868 -0.3384202 -0.434893 -0.2771901
-0.03103 0.12718 1.28369 -0.14221 0.11885 1.29511 0.00365 -0.00012 -0.05039 0.01095 0.00375 -0.06490 0.08635 0.06129 -0.00996 -0.04079 0.06377 0.03695 -0.02716 0.00261 -0.4985217 -0.5086243 0.6012121 -0.3623832 0.7301174 -0.4028697 -0.3885938 -0.3919434
-0.02295 0.12573 1.26932 -0.10919 0.13135 1.27373 0.00808 -0.00145 -0.01437 0.03302 0.01250 -0.02138 0.08684 0.06395 0.00049 0.00266 0.05983 0.04062 -0.00394 0.00367 -0.5380706 -0.502755 0.5671141 -0.3689159 0.6253947 -0.4472226 -0.4130136 -0.4881527
-0.10878 0.12092 1.23264 -0.10571 0.13004 1.23139 -0.08583 -0.00481 -0.03668 0.00348 -0.00131 -0.04234 0.08155 0.06763 -0.00529 0.00368 0.06173 0.03806 0.00190 -0.00256 0.587848 0.4545771 -0.4580162 0.4878683 0.6547605 -0.3972671 -0.4093388 -0.4958925
-0.10499 0.11811 1.19752 -0.10325 0.12746 1.19668 0.00379 -0.00281 -0.03512 0.00246 -0.00258 -0.03471 0.08309 0.07075 0.00154 0.00312 0.05287 0.04138 -0.00886 0.00332 -0.4877309 -0.5156551 0.5678181 -0.4168944 0.6685472 -0.423069 -0.3940574 -0.4677351
-0.12133 0.11186 1.21871 -0.10547 0.12949 1.21668 -0.01634 -0.00625 0.02119 -0.00222 0.00203 0.02000 0.08550 0.07204 0.00241 0.00129 0.04385 0.04678 -0.00902 0.00540 -0.4961239 -0.4204668 0.5993899 -0.466691 0.6672136 -0.4412963 -0.394273 -0.452363
-0.12635 0.11439 1.25783 -0.10839 0.13226 1.2548 -0.00502 0.00253 0.03912 -0.00292 0.00277 0.03812 0.08902 0.07354 0.00352 0.00150 0.04615 0.05210 0.00230 0.00532 -0.4375506 -0.4609195 0.627896 -0.4492765 0.6739901 -0.4422525 -0.3688211 -0.4627322
-0.12653 0.11124 1.24902 -0.10998 0.12664 1.24533 -0.00018 -0.00315 -0.00881 -0.00159 -0.00562 -0.00947 0.08173 0.07380 -0.00729 0.00026 0.07457 0.05087 0.02842 -0.00123 0.5421237 0.3651258 -0.5145265 0.5550203 0.6661885 -0.4303975 -0.3827222 -0.4737876
-0.12685 0.10915 1.24428 -0.10893 0.12506 1.24163 -0.00032 -0.00209 -0.00474 0.00105 -0.00158 -0.00370 0.08396 0.07375 0.00223 -0.00005 0.05239 0.05547 -0.02218 0.00460 -0.3896488 -0.4808764 0.6268838 -0.4732319 0.6617711 -0.4538718 -0.3648402 -0.4721771
-0.12911 0.10687 1.232 -0.10897 0.12318 1.22797 -0.00226 -0.00228 -0.01228 -0.00004 -0.00188 -0.01366 0.08396 0.07367 0.00000 -0.00008 0.05295 0.05781 0.00056 0.00234 -0.3944096 -0.4849583 0.6240966 -0.4687856 0.660471 -0.4732038 -0.3564837 -0.4612761
-0.13258 0.10846 1.221 -0.11149 0.12444 1.21792 -0.00347 0.00159 -0.01100 -0.00252 0.00126 -0.01005 0.08561 0.07394 0.00165 0.00027 0.04509 0.05878 -0.00786 0.00097 -0.3909631 -0.4666892 0.6519088 -0.4520663 0.6647012 -0.4740648 -0.3949426 -0.4212544
-0.12999 0.10606 1.20534 -0.11505 0.12666 1.20367 0.00259 -0.00240 -0.01566 -0.00356 0.00222 -0.01425 0.09249 0.07943 0.00688 0.00549 0.04314 0.06222 -0.00195 0.00344 0.5164931 0.3346618 -0.5706915 0.5436429 0.6808569 -0.4466563 -0.3809064 -0.437998
-0.05257 0.1259 1.30338 -0.19351 0.11227 1.31106 0.07742 0.01984 0.09804 -0.07846 -0.01439 0.10739 0.10012 0.08344 0.00763 0.00401 0.06500 0.04709 0.02186 -0.01513 0.6386341 0.4092498 -0.4767942 0.4442166 -0.4283033 0.3863115 0.6964763 0.4268962
0.09642 0.128 1.31665 -0.19621 0.13141 1.34609 0.14899 0.00210 0.01327 -0.00270 0.01914 0.03503 0.09923 0.12047 -0.00089 0.03703 0.08041 0.09655 0.01541 0.04946 -0.5252969 -0.284997 0.7326599 -0.3256521 0.7250729 -0.2599279 -0.499881 -0.3960126
0.13443 0.12454 1.31076 -0.21934 0.13052 1.34221 0.03801 -0.00346 -0.00589 -0.02313 -0.00089 -0.00388 0.10656 0.11475 0.00733 -0.00572 0.09048 0.08837 0.01007 -0.00818 0.789397 -0.2495656 0.5586466 -0.0498339 0.7442096 -0.3566445 -0.4896976 -0.2813414
0.18836 0.12891 1.35662 -0.26035 0.13421 1.39344 0.05393 0.00437 0.04586 -0.04101 0.00369 0.05123 0.11588 0.11608 0.00932 0.00133 0.09827 0.09347 0.00779 0.00510 0.7657478 -0.3249569 0.450738 0.3238341 0.6948175 -0.2900868 -0.511251 -0.4143678
0.22112 0.12361 1.32058 -0.28864 0.12507 1.36195 0.03276 -0.00530 -0.03604 -0.02829 -0.00914 -0.03149 0.11300 0.11655 -0.00288 0.00047 0.10402 0.10484 0.00575 0.01137 0.7522981 -0.3743526 0.4432059 0.312212 0.6532467 -0.0012349 -0.4712836 -0.5925866
0.29967 0.10833 1.29979 -0.34915 0.10331 1.35055 0.07855 -0.01528 -0.02079 -0.06051 -0.02176 -0.01140 0.11495 0.11237 0.00195 -0.00418 0.09644 0.09266 -0.00758 -0.01218 0.8139302 -0.4537718 0.3233552 0.1644693 0.8208232 -0.4509163 -0.3344702 -0.105135
0.33213 0.1052 1.31467 -0.37005 0.09923 1.36754 0.03246 -0.00313 0.01488 -0.02090 -0.00408 0.01699 0.11408 0.11387 -0.00087 0.00150 0.09953 0.09553 0.00309 0.00287 0.810219 -0.4615449 0.3583126 0.0461893 0.8333206 -0.4611082 -0.2956274 -0.0745695
0.35492 0.09421 1.30592 -0.38445 0.09231 1.36025 0.02279 -0.01099 -0.00875 -0.01440 -0.00692 -0.00729 0.11092 0.11668 -0.00316 0.00281 0.09617 0.09399 -0.00336 -0.00154 0.8403864 -0.320447 0.4362705 0.0270661 0.8375591 -0.4705858 -0.2735269 -0.0471903
0.36838 0.0917 1.30369 -0.39639 0.08378 1.35889 0.01346 -0.00251 -0.00223 -0.01194 -0.00853 -0.00136 0.10776 0.11204 -0.00316 -0.00464 0.09671 0.10229 0.00054 0.00830 0.8663627 -0.3073003 0.3935579 0.0097119 0.8303114 -0.4799648 -0.2700981 -0.0852287
0.37416 0.08766 1.30158 -0.39877 0.07939 1.35465 0.00578 -0.00404 -0.00211 -0.00238 -0.00439 -0.00424 0.10652 0.11274 -0.00124 0.00070 0.09955 0.10247 0.00284 0.00018 0.8699219 -0.3048703 0.3876416 0.0049018 0.8275858 -0.4867622 -0.2659511 -0.0862219
0.37524 0.08584 1.30188 -0.39889 0.07691 1.351 0.00108 -0.00182 0.00030 -0.00012 -0.00248 -0.00365 0.10625 0.11330 -0.00027 0.00056 0.10093 0.09063 0.00138 -0.01184 0.8590697 -0.2900494 0.4216925 0.0067916 0.8194206 -0.4916105 -0.2802114 -0.0913814
0.37771 0.08145 1.34801 -0.40157 0.08077 1.38371 0.00247 -0.00439 0.04613 -0.00268 0.00386 0.03271 0.09962 0.11673 -0.00663 0.00343 0.10945 0.09102 0.00852 0.00039 0.8600371 -0.4113249 0.2763458 0.1215775 0.833977 -0.4521902 -0.3041245 -0.0866871
0.37287 0.07299 1.35544 -0.39847 0.08505 1.38578 -0.00484 -0.00846 0.00743 0.00310 0.00428 0.00207 0.09502 0.11893 -0.00460 0.00220 0.11359 0.09650 0.00414 0.00548 0.8361815 -0.4536879 0.2628015 0.1609445 0.8429933 -0.4662093 -0.2465032 -0.1060545
0.36819 0.06099 1.36904 -0.3977 0.09022 1.39091 -0.00468 -0.01200 0.01360 0.00077 0.00517 0.00513 0.08623 0.12776 -0.00879 0.00883 0.10545 0.09167 -0.00814 -0.00483 0.8480328 -0.4483399 0.1861936 0.2125175 0.8605994 -0.4549204 -0.1815858 -0.1394367
0.36405 0.04476 1.40216 -0.40603 0.08672 1.41024 -0.00414 -0.01623 0.03312 -0.00833 -0.00350 0.01933 0.06815 0.11551 -0.01808 -0.01225 0.10511 0.06230 -0.00034 -0.02937 0.8450604 -0.4459132 0.0802112 0.2839023 0.8487105 -0.4925827 -0.1435364 -0.1282575
0.3517 0.0198 1.4105 -0.39178 0.11116 1.42358 -0.01235 -0.02496 0.00834 0.01425 0.02444 0.01334 0.05644 0.14896 -0.01171 0.03345 0.09639 0.08805 -0.00872 0.02575 0.8253908 -0.4594389 -0.0631751 0.3219547 0.8920369 -0.3989436 -0.0292031 -0.2103838
0.33535 -0.01378 1.39723 -0.37253 0.12956 1.39271 -0.01635 -0.03358 -0.01327 0.01925 0.01840 -0.03087 0.04829 0.14110 -0.00815 -0.00786 0.08179 0.06000 -0.01460 -0.02805 0.7902687 -0.4402819 -0.1235403 0.4078788 0.9004024 -0.3849824 -0.0232526 -0.2013043
0.31259 -0.04382 1.33889 -0.34765 0.12833 1.31406 -0.02276 -0.03004 -0.05834 0.02488 -0.00123 -0.07865 0.03815 0.11994 -0.01014 -0.02116 0.06829 0.06146 -0.01350 0.00146 0.8087327 -0.3930041 -0.3031062 0.3156354 0.8729128 -0.4693184 0.0165433 -0.1322493
0.30669 -0.11939 1.39155 -0.34071 0.13446 1.33249 -0.00590 -0.07557 0.05266 0.00694 0.00613 0.01843 0.04027 0.13204 0.00212 0.01210 0.06209 0.07507 -0.00620 0.01361 0.8713347 -0.2593107 -0.2733786 0.3143215 0.8754714 -0.4592342 0.0278675 -0.1479093
0.28566 -0.15444 1.3331 -0.31727 0.12426 1.25888 -0.02103 -0.03505 -0.05845 0.02344 -0.01020 -0.07361 0.03665 0.12139 -0.00362 -0.01065 0.05932 0.07598 -0.00277 0.00091 0.7570991 -0.2768942 -0.3272823 0.4929674 0.8683907 -0.4753847 0.0063837 -0.1409473
0.29486 -0.20885 1.41427 -0.32676 0.11216 1.31537 0.00920 -0.05441 0.08117 -0.00949 -0.01210 0.05649 0.03948 0.12095 0.00283 -0.00044 0.05952 0.07823 0.00020 0.00225 0.667463 -0.4069965 -0.171928 0.5994061 0.8576504 -0.4964693 -0.0126642 -0.133393
0.29284 -0.33989 1.48879 -0.33025 0.03113 1.29663 -0.00202 -0.13104 0.07452 -0.00349 -0.08103 -0.01874 0.03393 0.12890 -0.00555 0.00795 0.05401 0.08793 -0.00551 0.00970 0.5626431 -0.6375039 -0.2657585 0.454306 0.8471562 -0.5279077 0.0462145 -0.0387825
0.29943 -0.36957 1.53693 -0.33678 0.02039 1.31883 0.00659 -0.02968 0.04814 -0.00653 -0.01074 0.02220 0.03674 0.12935 0.00281 0.00045 0.05194 0.09415 -0.00207 0.00622 0.6554766 -0.6258945 -0.1469264 0.3962563 0.8177387 -0.5733751 0.0355007 -0.035836
0.29732 -0.39046 1.55552 -0.33718 0.01548 1.3201 -0.00211 -0.02089 0.01859 -0.00040 -0.00491 0.00127 0.04206 0.13265 0.00532 0.00330 0.06171 0.08999 0.00977 -0.00416 -0.5845308 0.6966401 -0.3981877 0.1202618 0.8170309 -0.5740955 0.0351376 -0.0404984
0.29558 -0.39518 1.55114 -0.334 0.01589 1.3068 -0.00174 -0.00472 -0.00438 0.00318 0.00041 -0.01330 0.04064 0.12655 -0.00142 -0.00610 0.06454 0.08870 0.00283 -0.00129 -0.5767177 0.7106647 -0.3897758 0.1021129 0.8303994 -0.5546076 0.0328711 -0.0420327
0.28648 -0.39644 1.53517 -0.32792 0.01743 1.28242 -0.00910 -0.00126 -0.01597 0.00608 0.00154 -0.02438 0.04611 0.12936 0.00547 0.00281 0.06917 0.08462 0.00463 -0.00408 -0.361643 0.8601369 -0.3127084 0.1777427 0.8329208 -0.5506793 0.0343448 -0.0426121
0.30074 -0.40429 1.57323 -0.33642 0.02121 1.31194 0.01426 -0.00785 0.03806 -0.00850 0.00378 0.02952 0.04462 0.13187 -0.00149 0.00251 0.06388 0.08858 -0.00529 0.00396 -0.5628893 0.7242599 -0.3842619 0.1046237 0.8343139 -0.5476767 0.0165998 -0.0607849
0.28485 -0.39084 1.50763 -0.3202 0.03001 1.25474 -0.01589 0.01345 -0.06560 0.01622 0.00880 -0.05720 0.04664 0.12867 0.00202 -0.00320 0.10076 0.08007 0.03688 -0.00851 0.3402771 -0.1763482 -0.3598825 0.8506453 0.848321 -0.5240674 0.0260219 -0.0709072
0.3123 -0.40443 1.58486 -0.33802 0.03583 1.32321 0.02745 -0.01359 0.07723 -0.01782 0.00582 0.06847 0.04500 0.13241 -0.00164 0.00374 0.12511 0.08447 0.02435 0.00440 0.3931619 -0.0980179 -0.5655038 0.7183464 0.8518941 -0.5179875 0.0270994 -0.072326
0.29147 -0.38189 1.4987 -0.31977 0.03536 1.25489 -0.02083 0.02254 -0.08616 0.01825 -0.00047 -0.06832 0.04514 0.12876 0.00014 -0.00365 0.11313 0.08089 -0.01198 -0.00358 0.3160774 -0.1721362 -0.351076 0.864413 0.8519753 -0.517332 0.025459 -0.0765348
0.31066 -0.33311 1.4583 -0.32172 0.03773 1.25341 0.01919 0.04878 -0.04040 -0.00195 0.00237 -0.00148 0.04210 0.12587 -0.00304 -0.00289 0.05491 0.08198 -0.05822 0.00109 -0.6562307 0.5838168 0.3973926 -0.2657034 0.8517244 -0.5197095 0.012081 -0.0657393
0.31968 -0.30547 1.44907 -0.32391 0.03681 1.26167 0.00902 0.02764 -0.00923 -0.00219 -0.00092 0.00826 0.03942 0.12726 -0.00268 0.00139 0.05845 0.08341 0.00354 0.00143 -0.5480068 0.6482169 0.4401229 -0.292908 0.8462117 -0.5276254 0.0067359 -0.0741068
0.32981 -0.26716 1.43858 -0.32674 0.03536 1.27082 0.01013 0.03831 -0.01049 -0.00283 -0.00145 0.00915 0.03925 0.12984 -0.00017 0.00258 0.04922 0.08633 -0.00923 0.00292 -0.6382802 0.6717927 0.3366702 -0.1671713 0.8412479 -0.5348681 -0.0006106 -0.078853
0.33863 -0.219 1.42662 -0.32897 0.03525 1.27715 0.00882 0.04816 -0.01196 -0.00223 -0.00011 0.00633 0.03553 0.12830 -0.00372 -0.00154 0.06016 0.08714 0.01094 0.00081 -0.5326824 0.6541775 0.463702 -0.2707061 0.8397044 -0.537523 -0.0070407 -0.0769152
0.34655 -0.15939 1.4113 -0.33057 0.0348 1.28352 0.00792 0.05961 -0.01532 -0.00160 -0.00045 0.00637 0.03062 0.13206 -0.00491 0.00376 0.06608 0.08614 0.00592 -0.00100 -0.4688549 0.5846353 0.5648717 -0.3453932 0.8388934 -0.5386146 -0.0146958 -0.0770461
0.35128 -0.02837 1.47864 -0.34855 0.03544 1.3575 0.00473 0.13102 0.06734 -0.01798 0.00064 0.07398 0.04592 0.13932 0.01530 0.00726 0.07279 0.09502 0.00671 0.00888 0.671074 -0.2251435 -0.502518 0.496433 0.8355759 -0.5432304 -0.018873 -0.0797329
0.30877 0.03784 1.42196 -0.33281 0.03296 1.30048 -0.04251 0.06621 -0.05668 0.01574 -0.00248 -0.05702 0.04210 0.13179 -0.00382 -0.00753 0.05491 0.08787 -0.01788 -0.00715 0.6602505 -0.2340574 -0.5153565 0.4936537 0.8329695 -0.545843 -0.011833 -0.089873
0.28971 0.09032 1.46681 -0.33588 0.03401 1.32102 -0.01906 0.05248 0.04485 -0.00307 0.00105 0.02054 0.05489 0.13405 0.01279 0.00226 0.05018 0.08739 -0.00473 -0.00048 0.6838543 -0.1782941 -0.5200343 0.479707 0.8328702 -0.5449426 -0.0147213 -0.095646
0.24974 0.15858 1.46734 -0.32465 0.03529 1.28896 -0.03997 0.06826 0.00053 0.01123 0.00128 -0.03206 0.06640 0.13397 0.01151 -0.00008 0.05782 0.08560 0.00764 -0.00179 0.7642643 -0.1681829 -0.4460068 0.4343875 0.8446105 -0.5225074 -0.0373381 -0.1105674
0.26413 0.18264 1.5553 -0.33982 0.0402 1.36011 0.01439 0.02406 0.08796 -0.01517 0.00491 0.07115 0.07171 0.14598 0.00531 0.01201 0.06122 0.08850 0.00340 0.00290 0.8481377 -0.1610707 -0.3559595 0.3577868 0.8370034 -0.5365213 -0.0236142 -0.1049413
0.26573 0.16229 1.49113 -0.32922 0.038 1.30941 0.00160 -0.02035 -0.06417 0.01060 -0.00220 -0.05070 0.06249 0.13861 -0.00922 -0.00737 0.05975 0.08282 -0.00147 -0.00568 0.8481208 -0.2633777 -0.3059601 0.3430914 0.8775251 -0.4429539 -0.0432304 -0.1785291
0.27208 0.14014 1.40171 -0.31973 0.04281 1.26607 0.00635 -0.02215 -0.08942 0.00949 0.00481 -0.04334 0.03891 0.13448 -0.02358 -0.00413 0.05111 0.08134 -0.00864 -0.00148 0.860603 -0.245638 -0.2663193 0.3579087 0.8429319 -0.5304675 -0.0244846 -0.086432
0.32497 0.07721 1.51804 -0.34671 0.04664 1.36619 0.05289 -0.06293 0.11633 -0.02698 0.00383 0.10012 0.07206 0.14499 0.03315 0.01051 0.06436 0.08780 0.01325 0.00646 0.8858469 -0.3323085 -0.2333892 0.2244458 0.8472091 -0.5245399 -0.0265848 -0.0799237
0.36642 -0.0618 1.45947 -0.35422 0.04507 1.37122 0.04145 -0.13901 -0.05857 -0.00751 -0.00157 0.00503 0.04679 0.14157 -0.02527 -0.00342 0.05593 0.09205 -0.00843 0.00425 0.8202732 -0.4549313 -0.2639915 0.2247175 0.8445244 -0.5305218 -0.0150774 -0.0713992
0.34891 -0.06418 1.39696 -0.34003 0.04764 1.31949 -0.01751 -0.00238 -0.06251 0.01419 0.00257 -0.05173 0.04431 0.13499 -0.00248 -0.00658 0.06217 0.08863 0.00624 -0.00342 0.7903966 -0.4395583 -0.3296357 0.2709283 0.7771667 -0.6288372 0.0239717 -0.0010384
0.37334 -0.04987 1.51705 -0.37082 0.04827 1.42601 0.02443 0.01431 0.12009 -0.03079 0.00063 0.10652 0.04958 0.14831 0.00527 0.01332 0.07285 0.09894 0.01068 0.01031 0.6386843 -0.2858258 -0.6009712 0.3862894 0.8321472 -0.5440478 -0.0409729 -0.0993187
0.30619 0.11035 1.50568 -0.35698 0.04323 1.37042 -0.06715 0.16022 -0.01137 0.01384 -0.00504 -0.05559 0.07671 0.14384 0.02713 -0.00447 0.09145 0.09119 0.01860 -0.00775 0.9224432 -0.1027484 -0.27661 0.2490546 0.8307102 -0.5465695 -0.0373686 -0.0989237
0.28899 0.14572 1.51213 -0.35703 0.04064 1.36383 -0.01720 0.03537 0.00645 -0.00005 -0.00259 -0.00659 0.07219 0.14508 -0.00452 0.00124 0.06476 0.08841 -0.02669 -0.00278 0.794681 -0.2227681 -0.4033157 0.3952123 0.8803809 -0.4459863 -0.0487348 -0.1537877
0.27208 0.18888 1.51377 -0.35453 0.03719 1.35951 -0.01691 0.04316 0.00164 0.00250 -0.00345 -0.00432 0.07200 0.14724 -0.00019 0.00216 0.07173 0.08936 0.00697 0.00095 0.8189957 -0.2129894 -0.3707017 0.3827035 0.8778431 -0.4501359 -0.0507601 -0.1555396
0.27242 0.17709 1.46567 -0.34527 0.04024 1.32411 0.00034 -0.01179 -0.04810 0.00926 0.00305 -0.03540 0.06667 0.13634 -0.00533 -0.01090 0.06743 0.08706 -0.00430 -0.00230 0.8236764 -0.2678655 -0.3420956 0.3643843 0.8489429 -0.5241947 -0.0238652 -0.0628199
0.28683 0.15853 1.45766 -0.34725 0.03982 1.32681 0.01441 -0.01856 -0.00801 -0.00198 -0.00042 0.00270 0.06306 0.13540 -0.00361 -0.00094 0.08759 0.08795 0.02016 0.00089 0.826841 -0.3294863 -0.3058671 0.3379617 0.8488375 -0.5246993 -0.0211715 -0.0609693
0.3079 0.12443 1.44808 -0.35014 0.04002 1.3285 0.02107 -0.03410 -0.00958 -0.00289 0.00020 0.00169 0.06361 0.13884 0.00055 0.00344 0.06782 0.08519 -0.01977 -0.00276 0.812767 -0.3470924 -0.3338229 0.3278701 0.8484945 -0.5260761 -0.0219531 -0.053095
0.32815 0.08191 1.43972 -0.35433 0.03928 1.33833 0.02025 -0.04252 -0.00836 -0.00419 -0.00074 0.00983 0.06134 0.14464 -0.00227 0.00580 0.06699 0.08895 -0.00083 0.00376 0.8163278 -0.3746741 -0.3243265 0.2967164 0.8485423 -0.5262411 -0.017807 -0.0522423
0.34358 0.0358 1.4175 -0.35709 0.03899 1.3415 0.01543 -0.04611 -0.02222 -0.00276 -0.00029 0.00317 0.04661 0.13779 -0.01473 -0.00685 0.06002 0.08923 -0.00697 0.00028 0.6486558 -0.3390494 -0.5405278 0.4148745 0.8472111 -0.5285713 -0.0200488 -0.0494356
0.35147 -0.04147 1.39319 -0.35748 0.03826 1.33437 0.00789 -0.07727 -0.02431 -0.00039 -0.00073 -0.00713 0.04533 0.13974 -0.00128 0.00195 0.06082 0.08524 0.00080 -0.00399 0.7769147 -0.422364 -0.3437967 0.3159369 0.8459147 -0.5308087 -0.0090144 -0.0508847
0.35003 -0.05894 1.39339 -0.35873 0.03902 1.33748 -0.00144 -0.01747 0.00020 -0.00125 0.00076 0.00311 0.04468 0.14589 -0.00065 0.00615 0.05403 0.08835 -0.00679 0.00311 0.7649112 -0.5862544 0.2617714 -0.0518874 0.8467364 -0.5291381 -0.0058023 -0.054924
0.34653 -0.06222 1.40183 -0.3617 0.0403 1.34032 -0.00350 -0.00328 0.00844 -0.00297 0.00128 0.00284 0.04577 0.13641 0.00109 -0.00948 0.06599 0.08856 0.01196 0.00021 0.7623812 -0.4665693 -0.2755031 0.3538164 0.839761 -0.5386209 -0.0155271 -0.0666925
0.34309 -0.05208 1.41522 -0.36517 0.04221 1.34962 -0.00344 0.01014 0.01339 -0.00347 0.00191 0.00930 0.05435 0.14232 0.00858 0.00591 0.08148 0.09052 0.01549 0.00196 0.8384188 -0.4159994 -0.1303236 0.3271301 0.8397226 -0.5374057 -0.0107052 -0.0771131
0.33461 -0.02976 1.38137 -0.35667 0.04111 1.31765 -0.00848 0.02232 -0.03385 0.00850 -0.00110 -0.03197 0.07204 0.14131 0.01769 -0.00101 0.08795 0.08796 0.00647 -0.00256 0.874209 -0.4272915 -0.1047542 0.2054437 0.8380916 -0.5391825 -0.0108723 -0.0822582
0.33818 0.01664 1.43471 -0.36725 0.04804 1.3498 0.00357 0.04640 0.05334 -0.01058 0.00693 0.03215 0.08952 0.14504 0.01748 0.00373 0.09999 0.08543 0.01204 -0.00253 0.8767304 -0.3732465 0.1343904 0.2719743 0.8437255 -0.5310321 -0.0135989 -0.0771183
0.34187 0.03715 1.44187 -0.36442 0.04857 1.33989 0.00369 0.02051 0.00716 0.00283 0.00053 -0.00991 0.09347 0.14333 0.00395 -0.00171 0.09852 0.08435 -0.00147 -0.00108 0.8979209 -0.4043625 0.1243634 0.1215019 0.8439323 -0.5306299 -0.0146621 -0.0774294
0.33644 0.06001 1.43128 -0.35893 0.04915 1.32417 -0.00543 0.02286 -0.01059 0.00549 0.00058 -0.01572 0.10790 0.14401 0.01443 0.00068 0.09779 0.08418 -0.00073 -0.00017 0.8755694 -0.4003815 0.1800846 0.2015997 0.8467655 -0.5258775 -0.0201637 -0.0776815
0.33481 0.07865 1.4342 -0.35792 0.04843 1.32342 -0.00163 0.01864 0.00292 0.00101 -0.00072 -0.00075 0.10816 0.14379 0.00026 -0.00022 0.10475 0.08215 0.00696 -0.00203 0.8976648 -0.3603481 0.1849912 0.1735666 0.8454495 -0.5274092 -0.0203359 -0.0814929
0.33445 0.09051 1.43428 -0.35691 0.04828 1.32008 -0.00036 0.01186 0.00008 0.00101 -0.00015 -0.00334 0.11896 0.13911 0.01080 -0.00468 0.09377 0.08373 -0.01098 0.00158 0.8879516 -0.3648795 0.2511153 0.1238793 0.8449067 -0.5281442 -0.0271456 -0.0803706
0.3324 0.09355 1.43025 -0.35596 0.04665 1.32195 -0.00205 0.00304 -0.00403 0.00095 -0.00163 0.00187 0.12304 0.13996 0.00408 0.00085 0.09753 0.08583 0.00376 0.00210 0.8838788 -0.3766454 0.2500555 0.1198701 0.8454547 -0.5271917 -0.0285719 -0.0803674
0.33257 0.08349 1.41808 -0.35574 0.04516 1.31879 0.00017 -0.01006 -0.01217 0.00022 -0.00149 -0.00316 0.12299 0.14015 -0.00005 0.00019 0.09039 0.08627 -0.00714 0.00044 0.8685265 -0.4281767 0.2186317 0.1205266 0.8422517 -0.5327461 -0.0294306 -0.07699
0.34409 0.06332 1.4353 -0.36392 0.04552 1.35221 0.01152 -0.02017 0.01722 -0.00818 0.00036 0.03342 0.12699 0.14443 0.00400 0.00428 0.09039 0.08904 0.00000 0.00277 0.7288592 -0.4140754 0.3737297 0.397029 0.8418494 -0.5332443 -0.0304568 -0.0775405
0.33809 0.03651 1.38139 -0.35504 0.04267 1.32142 -0.00600 -0.02681 -0.05391 0.00888 -0.00285 -0.03079 0.11459 0.13684 -0.01240 -0.00759 0.10333 0.08634 0.01294 -0.00270 0.8196746 -0.4706179 0.262356 0.1944783 0.84038 -0.535576 -0.0321322 -0.0767285
0.34079 0.017 1.37812 -0.35788 0.0424 1.33242 0.00270 -0.01951 -0.00327 -0.00284 -0.00027 0.01100 0.11679 0.14089 0.00220 0.00405 0.10505 0.08747 0.00172 0.00113 0.7887921 -0.5363491 0.2336829 0.1884914 0.8396058 -0.536801 -0.0330688 -0.0762447
0.33811 0.00646 1.37833 -0.35992 0.04165 1.33902 -0.00268 -0.01054 0.00021 -0.00204 -0.00075 0.00660 0.12571 0.14000 0.00892 -0.00089 0.09744 0.08609 -0.00761 -0.00138 0.8184277 -0.4679506 0.2930944 0.1590407 0.8397315 -0.5366352 -0.0296573 -0.0774214
0.33648 0.00555 1.38841 -0.3613 0.0406 1.34194 -0.00163 -0.00091 0.01008 -0.00138 -0.00105 0.00292 0.11789 0.13762 -0.00782 -0.00238 0.10048 0.08768 0.00304 0.00159 0.8356346 -0.4328918 0.2723775 0.2003246 0.8397649 -0.5369633 -0.0293214 -0.0748699
0.3339 0.00758 1.38838 -0.36135 0.03929 1.34337 -0.00258 0.00203 -0.00003 -0.00005 -0.00131 0.00143 0.11147 0.14458 -0.00642 0.00696 0.09333 0.08840 -0.00715 0.00072 0.8384544 -0.418423 0.283842 0.2033477 0.8407909 -0.5355326 -0.0240882 -0.0754667
0.33278 0.00829 1.38883 -0.36181 0.03889 1.34094 -0.00112 0.00071 0.00045 -0.00046 -0.00040 -0.00243 0.11082 0.13881 -0.00065 -0.00577 0.09730 0.08882 0.00397 0.00042 0.8380079 -0.415342 0.2948735 0.1956617 0.8383946 -0.5395129 -0.0234046 -0.0739771
0.33227 0.00698 1.38977 -0.36293 0.0378 1.34281 -0.00051 -0.00131 0.00094 -0.00112 -0.00109 0.00187 0.11409 0.14244 0.00327 0.00363 0.09703 0.09017 -0.00027 0.00135 0.8336571 -0.4205693 0.3025153 0.1913681 0.8371148 -0.5419266 -0.0310046 -0.067773
0.32956 0.00156 1.38548 -0.36339 0.03984 1.34307 -0.00271 -0.00542 -0.00429 -0.00046 0.00204 0.00026 0.11766 0.14193 0.00357 -0.00051 0.10020 0.08910 0.00317 -0.00107 0.8274395 -0.4423151 0.2804865 0.202555 0.8399378 -0.5375476 -0.0250229 -0.0701493
0.32919 -0.00015 1.38101 -0.36293 0.03902 1.34559 -0.00037 -0.00171 -0.00447 0.00046 -0.00082 0.00252 0.11264 0.14455 -0.00502 0.00262 0.10522 0.08470 0.00502 -0.00440 0.8265653 -0.4479691 0.279861 0.1944003 0.8406685 -0.5359395 -0.0220611 -0.0745562
0.32944 -0.00352 1.37786 -0.36342 0.0391 1.34789 0.00025 -0.00337 -0.00315 -0.00049 0.00008 0.00230 0.11316 0.14456 0.00052 0.00001 0.10009 0.08930 -0.00513 0.00460 0.8332958 -0.4491088 0.2500183 0.203495 0.8404928 -0.5360609 -0.0354356 -0.070391
0.32904 -0.00645 1.36567 -0.3626 0.03789 1.34268 -0.00040 -0.00293 -0.01219 0.00082 -0.00121 -0.00521 0.11681 0.14514 0.00365 0.00058 0.09843 0.09066 -0.00166 0.00136 0.8331345 -0.458862 0.2422154 0.1914788 0.8383611 -0.5392762 -0.032659 -0.0725616
0.32677 -0.00941 1.32257 -0.35389 0.03541 1.31464 -0.00227 -0.00296 -0.04310 0.00871 -0.00248 -0.02804 0.10087 0.14310 -0.01594 -0.00204 0.09259 0.08789 -0.00584 -0.00277 0.8552507 -0.4133277 0.2490851 0.1888465 0.837954 -0.5393669 -0.0335235 -0.0761092
0.3239 -0.00875 1.28344 -0.3488 0.03345 1.30161 -0.00287 0.00066 -0.03913 0.00509 -0.00196 -0.01303 0.10726 0.13474 0.00639 -0.00836 0.08909 0.09091 -0.00350 0.00302 0.8531016 -0.448611 0.2464501 0.1011357 0.8367108 -0.540797 -0.0441317 -0.0742038
0.32539 -0.00689 1.25681 -0.34769 0.02591 1.29289 0.00149 0.00186 -0.02663 0.00111 -0.00754 -0.00872 0.10030 0.14111 -0.00696 0.00637 0.08942 0.08092 0.00033 -0.00999 0.8532683 -0.4516162 0.2338416 0.1152998 0.861794 -0.4707427 -0.0733012 -0.1741819
0.32561 -0.00369 1.22919 -0.34618 0.02618 1.29323 0.00022 0.00320 -0.02762 0.00151 0.00027 0.00034 0.10090 0.14141 0.00060 0.00030 0.08984 0.07831 0.00042 -0.00261 0.8499296 -0.4502742 0.252464 0.1055209 0.8663323 -0.4571651 -0.077745 -0.1855372
0.32312 0.00081 1.20689 -0.34547 0.02588 1.29076 -0.00249 0.00450 -0.02230 0.00071 -0.00030 -0.00247 0.10035 0.13948 -0.00055 -0.00193 0.08930 0.08079 -0.00054 0.00248 0.8539786 -0.4541904 0.2198588 0.1268606 0.8702476 -0.44798 -0.0720856 -0.1917988
0.31513 0.00564 1.18716 -0.34384 0.02455 1.28908 -0.00799 0.00483 -0.01973 0.00163 -0.00133 -0.00168 0.09823 0.14094 -0.00212 0.00146 0.09027 0.07783 0.00097 -0.00296 0.8368777 -0.4931637 0.2194729 0.0908673 0.8682188 -0.4484017 -0.0763534 -0.1982478
0.30511 0.00524 1.17864 -0.34317 0.0245 1.2886 -0.01002 -0.00040 -0.00852 0.00067 -0.00005 -0.00048 0.09036 0.13801 -0.00787 -0.00293 0.08695 0.07609 -0.00332 -0.00174 0.8565572 -0.4107816 0.2791954 0.1400651 0.8726619 -0.4598026 -0.0555398 -0.1547841
0.26763 0.00209 1.19304 -0.34184 0.02052 1.28839 -0.03748 -0.00315 0.01440 0.00133 -0.00398 -0.00021 0.08430 0.13922 -0.00606 0.00121 0.09203 0.07686 0.00508 0.00077 0.836866 -0.4555396 0.2560494 0.1630272 0.8690707 -0.4567972 -0.0695829 -0.1766653
0.25598 -0.00572 1.26824 -0.35695 0.0212 1.35057 -0.01165 -0.00781 0.07520 -0.01511 0.00068 0.06218 0.08861 0.14908 0.00431 0.00986 0.09696 0.08091 0.00493 0.00405 0.8160827 -0.4946281 0.2384215 0.1802974 0.8698584 -0.4522249 -0.071741 -0.1835543
0.21631 -0.01548 1.24489 -0.3426 0.01786 1.29955 -0.03967 -0.00976 -0.02335 0.01435 -0.00334 -0.05102 0.09241 0.14510 0.00380 -0.00398 0.09546 0.07874 -0.00150 -0.00217 0.8305449 -0.4080373 0.3216468 0.200609 0.8682483 -0.4528149 -0.0760515 -0.1879352
0.16383 -0.02759 1.26889 -0.33405 0.01777 1.28061 -0.05248 -0.01211 0.02400 0.00855 -0.00009 -0.01894 0.11126 0.13817 0.01885 -0.00693 0.09502 0.08028 -0.00044 0.00154 0.7999344 -0.4196031 0.3487529 0.249819 0.8169466 -0.5762748 -0.0075794 -0.0211717
0.15138 -0.02833 1.28619 -0.33352 0.01736 1.28052 -0.01245 -0.00074 0.01730 0.00053 -0.00041 -0.00009 0.09259 0.13712 -0.01867 -0.00105 0.04911 0.09476 -0.04591 0.01448 0.46357 -0.4824707 0.7360217 0.1029411 0.8122806 -0.5827856 -0.0178674 -0.0155571
0.13542 -0.02311 1.24824 -0.32235 0.01559 1.24052 -0.01596 0.00522 -0.03795 0.01117 -0.00177 -0.04000 0.09249 0.13207 -0.00010 -0.00505 0.07527 0.08253 0.02616 -0.01223 0.7862127 0.0369209 -0.3810828 0.4850591 0.8073799 -0.5894943 -0.0211458 -0.013679
0.12923 -0.01565 1.27725 -0.33154 0.01508 1.28444 -0.00619 0.00746 0.02901 -0.00919 -0.00051 0.04392 0.10658 0.13615 0.01409 0.00408 0.09264 0.08529 0.01737 0.00276 0.8058428 -0.3740013 0.3362587 0.3125231 0.8104236 -0.5852388 -0.0123641 -0.0235904
0.11802 -0.0055 1.22311 -0.32181 0.01636 1.24721 -0.01121 0.01015 -0.05414 0.00973 0.00128 -0.03723 0.11536 0.13224 0.00878 -0.00391 0.08960 0.08228 -0.00304 -0.00301 0.8085703 -0.3999715 0.3313362 0.2765016 0.8109852 -0.584527 -0.0171991 -0.0183173
0.11365 0.00654 1.23294 -0.33048 0.01791 1.28003 -0.00437 0.01204 0.00983 -0.00867 0.00155 0.03282 0.11634 0.13660 0.00098 0.00436 0.08824 0.08275 -0.00136 0.00047 0.8165311 -0.4149296 0.3128308 0.2514902 0.8109887 -0.5846167 -0.0112484 -0.0198512
0.10394 0.01575 1.17288 -0.32088 0.0202 1.24599 -0.00971 0.00921 -0.06006 0.00960 0.00229 -0.03404 0.11445 0.13472 -0.00189 -0.00188 0.09539 0.08043 0.00715 -0.00232 0.8254959 -0.415837 0.2736422 0.2660002 0.8180338 -0.5748523 -0.0094389 -0.0166231
0.10389 0.02288 1.20725 -0.33606 0.0215 1.30896 -0.00005 0.00713 0.03437 -0.01518 0.00130 0.06297 0.12267 0.14177 0.00822 0.00705 0.09268 0.08360 -0.00271 0.00317 0.8013573 -0.4323527 0.3401586 0.234925 0.8182768 -0.574328 -0.0094104 -0.0219499
0.08826 0.02803 1.14445 -0.32354 0.02075 1.26135 -0.01563 0.00515 -0.06280 0.01252 -0.00075 -0.04761 0.11421 0.13755 -0.00846 -0.00422 0.09183 0.07680 -0.00085 -0.00680 0.784781 -0.4287098 0.366839 0.2564291 0.8350607 -0.5419275 -0.0476023 -0.0819886
0.07709 0.02978 1.12073 -0.32033 0.02178 1.25193 -0.01117 0.00175 -0.02372 0.00321 0.00103 -0.00942 0.11084 0.13480 -0.00337 -0.00275 0.09268 0.08050 0.00085 0.00370 0.7958661 -0.4400854 0.3189901 0.2667719 0.8292046 -0.5558858 -0.0316564 -0.0490782
0.06456 0.0263 1.10402 -0.31646 0.01878 1.23982 -0.01253 -0.00348 -0.01671 0.00387 -0.00300 -0.01211 0.10600 0.12993 -0.00484 -0.00487 0.08776 0.07625 -0.00492 -0.00425 0.7763315 -0.449198 0.3229505 0.302049 0.8224566 -0.5666826 -0.0265456 -0.041611
0.01199 0.01048 1.14912 -0.32107 0.01667 1.2615 -0.05257 -0.01582 0.04510 -0.00461 -0.00211 0.02168 0.11617 0.13732 0.01017 0.00739 0.09633 0.07987 0.00857 0.00362 0.7950021 -0.3998513 0.3491049 0.2936264 0.8223038 -0.5675834 -0.0248218 -0.0323961
0.00071 -0.00077 1.15287 -0.3171 0.01435 1.24098 -0.01128 -0.01125 0.00375 0.00397 -0.00232 -0.02052 0.09556 0.12868 -0.02061 -0.00864 0.09963 0.08173 0.00330 0.00186 0.7544603 -0.3734467 0.3930237 0.3699453 0.815611 -0.5781084 -0.0166761 -0.0170691
-0.01404 -0.01244 1.19432 -0.32302 0.01746 1.26101 -0.01475 -0.01167 0.04145 -0.00592 0.00311 0.02003 0.10423 0.13262 0.00867 0.00394 0.09576 0.08224 -0.00387 0.00051 0.7680657 -0.3871354 0.3745122 0.3463263 0.8021175 -0.5971371 -0.0050316 0.0030783
-0.02449 -0.02741 1.26349 -0.33683 0.01664 1.30037 -0.01045 -0.01497 0.06917 -0.01381 -0.00082 0.03936 0.11653 0.14383 0.01230 0.01121 0.10399 0.08479 0.00823 0.00255 0.7507105 -0.3331583 0.4422843 0.3603108 0.8389448 -0.5360429 -0.0565005 -0.0750827
-0.03031 -0.04153 1.30371 -0.3431 0.01573 1.31405 -0.00582 -0.01412 0.04022 -0.00627 -0.00091 0.01368 0.09618 0.14429 -0.02035 0.00046 0.10133 0.08966 -0.00266 0.00487 0.728281 -0.2746799 0.4733351 0.4124458 0.8460094 -0.5241247 -0.0571764 -0.0793242
-0.03823 -0.05391 1.38059 -0.35937 0.01208 1.3556 -0.00792 -0.01238 0.07688 -0.01627 -0.00365 0.04155 0.10463 0.14970 0.00845 0.00541 0.09933 0.08538 -0.00200 -0.00428 0.7332534 -0.3354046 0.443406 0.3914517 0.8551779 -0.4588221 -0.1004425 -0.2192358
-0.07285 -0.06168 1.44604 -0.36243 0.00833 1.38415 -0.03462 -0.00777 0.06545 -0.00306 -0.00375 0.02855 0.10554 0.15868 0.00091 0.00898 0.09687 0.09247 -0.00246 0.00709 0.7648638 -0.35348 0.4311824 0.3226717 0.8614775 -0.4338442 -0.1229227 -0.2335074
-0.08953 -0.0584 1.42049 -0.34124 0.01015 1.36648 -0.01668 0.00328 -0.02555 0.02119 0.00182 -0.01767 0.10529 0.15411 -0.00025 -0.00457 0.08980 0.09598 -0.00707 0.00351 0.748986 -0.3790119 0.4364298 0.3238812 0.8356041 -0.5122912 -0.129455 -0.1502159
-0.15895 -0.03434 1.39172 -0.31997 0.00551 1.34562 -0.06942 0.02406 -0.02877 0.02127 -0.00464 -0.02086 0.12558 0.15560 0.02029 0.00149 0.10112 0.09167 0.01132 -0.00431 0.7316174 -0.417999 0.4713237 0.2605124 0.883855 -0.3455244 -0.1530703 -0.2756499
-0.18961 -0.0264 1.39946 -0.31263 0.00338 1.31859 -0.03066 0.00794 0.00774 0.00734 -0.00213 -0.02703 0.14012 0.12558 0.01454 -0.03002 0.09415 0.07361 -0.00697 -0.01806 0.726396 -0.4024645 0.4516483 0.3261674 0.8446831 -0.464082 -0.1798716 -0.1969382
-0.21165 -0.01797 1.39103 -0.34275 0.005 1.37157 -0.02204 0.00843 -0.00843 -0.03012 0.00162 0.05298 0.14911 0.15682 0.00899 0.03124 0.05575 0.05065 -0.03840 -0.02296 0.3990956 -0.5307372 0.746978 0.0326274 0.8922915 -0.3735386 -0.1271829 -0.2193385
-0.13387 0.03866 1.35978 -0.37541 0.05083 1.35796 0.07778 0.05663 -0.03125 -0.03266 0.04583 -0.01361 0.12051 0.16848 -0.02860 0.01166 0.08363 0.11872 0.02788 0.06807 0.8177926 -0.3479168 0.3445826 0.3023773 0.8530983 -0.4328898 0.194632 -0.216675
-0.10687 0.06751 1.35411 -0.38623 0.0549 1.36755 0.02700 0.02885 -0.00567 -0.01082 0.00407 0.00959 0.13243 0.16599 0.01192 -0.00249 0.09562 0.08313 0.01199 -0.03559 0.8083426 -0.2944557 0.4178144 0.2920773 0.8775613 -0.4707687 -0.077804 -0.0470064
-0.07253 0.09451 1.32417 -0.38365 0.05782 1.3489 0.03434 0.02700 -0.02994 0.00258 0.00292 -0.01865 0.12745 0.16029 -0.00498 -0.00570 0.09095 0.07938 -0.00467 -0.00375 0.8223225 -0.2806834 0.4230288 0.2570001 0.8879517 -0.428288 -0.0997457 -0.134766
-0.0308 0.10946 1.2283 -0.36056 0.06064 1.26897 0.04173 0.01495 -0.09587 0.02309 0.00282 -0.07993 0.11924 0.14768 -0.00821 -0.01261 0.09718 0.08903 0.00623 0.00965 0.8394858 -0.2215492 0.4319848 0.2440667 0.8430488 -0.5357081 -0.0442754 0.0180342
0.00803 0.12681 1.24253 -0.36663 0.05833 1.29553 0.03883 0.01735 0.01423 -0.00607 -0.00231 0.02656 0.12792 0.15093 0.00868 0.00325 0.09987 0.08192 0.00269 -0.00711 0.8779925 -0.1989659 0.4101101 0.1461211 0.8419043 -0.5380366 -0.0394852 0.0124347
0.05146 0.13489 1.25223 -0.37252 0.05702 1.31481 0.04343 0.00808 0.00970 -0.00589 -0.00131 0.01928 0.11942 0.15381 -0.00850 0.00288 0.08870 0.07658 -0.01117 -0.00534 0.7846175 -0.205941 0.4417111 0.3832166 0.8389701 -0.5432142 -0.0308973 0.0096324
0.09621 0.1384 1.27161 -0.38032 0.0545 1.34103 0.04475 0.00351 0.01938 -0.00780 -0.00252 0.02622 0.11643 0.15349 -0.00299 -0.00032 0.08937 0.08410 0.00067 0.00752 0.8739566 -0.3127258 0.355548 0.1094899 0.8293775 -0.5575678 -0.0326829 0.0135221
0.1496 0.13532 1.31478 -0.39474 0.05404 1.39215 0.05339 -0.00308 0.04317 -0.01442 -0.00046 0.05112 0.12079 0.16549 0.00436 0.01200 0.09956 0.09171 0.01019 0.00761 0.875665 -0.3376478 0.3141378 0.1432555 0.8221563 -0.5679306 -0.0318001 0.0224177
0.19081 0.11934 1.29839 -0.39047 0.05116 1.37932 0.04121 -0.01598 -0.01639 0.00427 -0.00288 -0.01283 0.11638 0.16019 -0.00441 -0.00530 0.09235 0.09095 -0.00721 -0.00076 0.8377939 -0.379179 0.3756286 0.1150115 0.8148079 -0.5778844 -0.0362554 0.0286933
0.22243 0.09695 1.26463 -0.37957 0.0421 1.34366 0.03162 -0.02239 -0.03376 0.01090 -0.00906 -0.03566 0.11064 0.15691 -0.00574 -0.00328 0.09126 0.07846 -0.00109 -0.01249 0.8554013 -0.4051543 0.2971617 0.1258317 0.8514334 -0.5174716 -0.0777548 -0.0351921
0.25817 0.07207 1.28615 -0.38376 0.03635 1.36896 0.03574 -0.02488 0.02152 -0.00419 -0.00575 0.02530 0.11526 0.16341 0.00462 0.00650 0.09958 0.08021 0.00832 0.00175 0.8495238 -0.4340273 0.2936012 0.0610569 0.8474576 -0.5233039 -0.0766762 -0.0457116
0.2832 0.04249 1.28878 -0.38206 0.0329 1.37011 0.02503 -0.02958 0.00263 0.00170 -0.00345 0.00115 0.11476 0.16625 -0.00050 0.00284 0.09531 0.08038 -0.00427 0.00017 0.8819525 -0.1679142 0.4120795 0.1554192 0.8464546 -0.5245595 -0.075672 -0.0512417
0.30325 0.01378 1.30305 -0.38347 0.02844 1.37535 0.02005 -0.02871 0.01427 -0.00141 -0.00446 0.00524 0.11589 0.16730 0.00113 0.00105 0.09575 0.08433 0.00044 0.00395 0.8341625 -0.4884192 0.2522723 0.0444772 0.8408152 -0.5330564 -0.0808999 -0.0483319
0.32379 -0.04528 1.31661 -0.3798 0.02623 1.37429 0.02054 -0.05906 0.01356 0.00367 -0.00221 -0.00106 0.11436 0.16669 -0.00153 -0.00061 0.08893 0.07431 -0.00682 -0.01002 0.8381126 -0.475249 0.2412596 0.1161875 0.8597912 -0.4983808 -0.0861896 -0.0703349
0.32618 -0.04985 1.31108 -0.37588 0.02532 1.36231 0.00239 -0.00457 -0.00553 0.00392 -0.00091 -0.01198 0.10982 0.16716 -0.00454 0.00047 0.08758 0.07483 -0.00135 0.00052 0.843973 -0.4711812 0.2394902 0.0913357 0.861868 -0.4941043 -0.0809271 -0.0805949
0.32873 -0.05117 1.30045 -0.37157 0.0253 1.34339 0.00255 -0.00132 -0.01063 0.00431 -0.00002 -0.01892 0.10843 0.16382 -0.00139 -0.00334 0.08657 0.07591 -0.00101 0.00108 0.8583833 -0.4544678 0.2215144 0.0869973 0.8652821 -0.4885226 -0.0801587 -0.0787863
0.33288 -0.05072 1.30381 -0.37187 0.02726 1.34142 0.00415 0.00045 0.00336 -0.00030 0.00196 -0.00197 0.10149 0.16652 -0.00694 0.00270 0.08851 0.07540 0.00194 -0.00051 0.8675067 -0.4384502 0.2198542 0.0828103 0.8707132 -0.4793799 -0.0791125 -0.0761219
0.33938 -0.05377 1.31182 -0.37314 0.03029 1.33953 0.00650 -0.00305 0.00801 -0.00127 0.00303 -0.00189 0.09842 0.15920 -0.00307 -0.00732 0.08961 0.07885 0.00110 0.00345 0.8454524 -0.4417215 0.2951053 0.0548202 0.8749077 -0.4724661 -0.0836838 -0.0656461
0.34639 -0.05665 1.32601 -0.37641 0.02949 1.34915 0.00701 -0.00288 0.01419 -0.00327 -0.00080 0.00962 0.09736 0.16343 -0.00106 0.00423 0.09141 0.07921 0.00180 0.00036 0.8418844 -0.4948591 0.19783 0.0849021 0.8767262 -0.4700662 -0.0766386 -0.067198
0.35541 -0.06501 1.33648 -0.37772 0.02967 1.34954 0.00902 -0.00836 0.01047 -0.00131 0.00018 0.00039 0.09259 0.15801 -0.00477 -0.00542 0.09444 0.07781 0.00303 -0.00140 0.8385435 -0.5147224 0.145577 0.1035039 0.8780547 -0.4681754 -0.0789681 -0.0599647
0.36706 -0.07541 1.35657 -0.38144 0.02486 1.3659 0.01165 -0.01040 0.02009 -0.00372 -0.00481 0.01636 0.09341 0.15750 0.00082 -0.00051 0.10040 0.08713 0.00596 0.00932 0.8376888 -0.5280936 0.0991502 0.0977949 0.871367 -0.4817764 -0.0793552 -0.0481034
0.37531 -0.0919 1.36562 -0.37842 0.00881 1.35288 0.00825 -0.01649 0.00905 0.00302 -0.01605 -0.01302 0.08892 0.14592 -0.00449 -0.01158 0.09699 0.07289 -0.00341 -0.01424 0.8363726 -0.5347041 0.0299291 0.1169475 0.8454211 -0.5255597 -0.0725135 -0.0615801
0.38412 -0.11311 1.37819 -0.37852 -0.0087 1.35198 0.00881 -0.02121 0.01257 -0.00010 -0.01751 -0.00090 0.08128 0.14176 -0.00764 -0.00416 0.09863 0.07795 0.00164 0.00506 0.8309453 -0.5296299 -0.0581071 0.1601424 0.8253984 -0.5611661 -0.0211793 -0.0579789
0.41857 -0.14886 1.47235 -0.39835 -0.046 1.41772 0.03445 -0.03575 0.09416 -0.01983 -0.03730 0.06574 0.08154 0.14293 0.00026 0.00117 0.09782 0.08165 -0.00081 0.00370 0.8861839 -0.4176233 -0.0463261 0.1952507 0.7798648 -0.622472 0.0057093 -0.0656276
0.41322 -0.17453 1.4149 -0.38287 -0.08005 1.35576 -0.00535 -0.02567 -0.05745 0.01548 -0.03405 -0.06196 0.06202 0.10463 -0.01952 -0.03830 0.08945 0.08095 -0.00837 -0.00070 0.7102047 -0.6231374 -0.3197918 0.071009 0.736949 -0.6712114 0.0423076 -0.0677617
0.43909 -0.21525 1.46066 -0.39883 -0.13493 1.39003 0.02587 -0.04072 0.04576 -0.01596 -0.05488 0.03427 0.06432 0.09297 0.00230 -0.01166 0.08101 0.08245 -0.00844 0.00150 0.7498905 -0.5529957 -0.2657729 0.2474364 0.7575102 -0.6439758 0.0762248 -0.0752537
0.49211 -0.33246 1.46239 -0.42608 -0.28353 1.3974 0.05302 -0.11721 0.00173 -0.02725 -0.14860 0.00737 0.06563 0.07967 0.00131 -0.01330 0.05171 0.05276 -0.02930 -0.02969 0.738584 -0.5649956 -0.2900514 0.2261502 -0.2454373 0.9405882 -0.1529944 0.1778964
0.54155 -0.39173 1.58171 -0.46958 -0.38366 1.48885 0.04944 -0.05927 0.11932 -0.04350 -0.10013 0.09145 0.07403 0.08237 0.00840 0.00270 0.06246 0.05101 0.01075 -0.00175 -0.4686655 0.4346484 0.5958882 -0.4861591 -0.6845222 0.7237359 0.0861364 -0.0147013
0.54365 -0.41659 1.58348 -0.47144 -0.43255 1.49288 0.00210 -0.02486 0.00177 -0.00186 -0.04889 0.00403 0.07656 0.08524 0.00253 0.00287 0.04811 0.04548 -0.01435 -0.00553 0.663666 -0.5553566 -0.3998578 0.3020599 -0.5828626 0.730228 0.225488 -0.2760314
0.57131 -0.47469 1.66264 -0.48815 -0.48798 1.55459 0.02766 -0.05810 0.07916 -0.01671 -0.05543 0.06171 0.10947 0.08377 0.03291 -0.00147 0.06823 0.05097 0.02012 0.00549 -0.586699 0.6107547 0.4147224 -0.3328187 -0.5908538 0.8065854 -0.0092454 -0.0150455
0.57629 -0.48956 1.62935 -0.482 -0.51357 1.58781 0.00498 -0.01487 -0.03329 0.00615 -0.02559 0.03322 0.09908 0.10314 -0.01039 0.01937 0.08555 0.05385 0.01732 0.00288 -0.5422482 0.6001836 0.4557639 -0.3715184 -0.5369779 0.8092917 -0.1842668 0.1508226
0.58653 -0.51696 1.64504 -0.4817 -0.57596 1.60676 0.01024 -0.02740 0.01569 0.00030 -0.06239 0.01895 0.11649 0.09344 0.01741 -0.00970 0.08590 0.05479 0.00035 0.00094 -0.3759267 0.5325551 0.5649743 -0.505834 -0.5408626 0.8391835 -0.0150332 -0.054887
0.58256 -0.53989 1.68828 -0.48178 -0.61051 1.66042 -0.00397 -0.02293 0.04324 -0.00008 -0.03455 0.05366 0.14686 0.10297 0.03037 0.00953 0.09788 0.05667 0.01198 0.00188 -0.2775079 0.5163627 0.5682409 -0.5774611 -0.3884289 0.8609286 -0.1781109 0.2760463
0.56663 -0.54736 1.68015 -0.46181 -0.61185 1.66387 -0.01593 -0.00747 -0.00813 0.01997 -0.00134 0.00345 0.12737 0.09543 -0.01949 -0.00754 0.09055 0.09505 -0.00733 0.03838 -0.4475125 0.7248644 0.4313803 -0.2970103 -0.3216493 0.7588398 -0.2701196 0.4977341
0.58216 -0.58102 1.72094 -0.4676 -0.65108 1.7287 0.01553 -0.03366 0.04079 -0.00579 -0.03923 0.06483 0.11796 0.09783 -0.00941 0.00240 0.09709 0.09606 0.00654 0.00101 -0.55231 0.7716503 0.3058709 -0.0771526 -0.2808594 0.8274577 -0.2047217 0.4410453
0.5659 -0.62688 1.70656 -0.45769 -0.66432 1.74007 -0.01626 -0.04586 -0.01438 0.00991 -0.01324 0.01137 0.16146 0.09465 0.04350 -0.00318 0.12427 0.04949 0.02718 -0.04657 -0.4200749 0.7144412 0.4241364 -0.3649921 -0.0610327 0.339832 -0.2927328 0.891682
0.54861 -0.60887 1.64853 -0.44277 -0.67698 1.70172 -0.01729 0.01801 -0.05803 0.01492 -0.01266 -0.03835 0.15616 0.09844 -0.00530 0.00379 0.11698 0.05265 -0.00729 0.00316 -0.4197771 0.7040964 0.4353878 -0.3721193 -0.266034 0.8297165 -0.207677 0.4445971
0.56249 -0.63579 1.69887 -0.45153 -0.69124 1.81648 0.01388 -0.02692 0.05034 -0.00876 -0.01426 0.11476 0.10785 0.09428 -0.04831 -0.00416 0.14605 0.08224 0.02907 0.02959 -0.4032995 0.6741113 0.457185 -0.4170196 -0.2846638 0.9425306 -0.0310633 -0.1721561
0.56013 -0.63559 1.68494 -0.44887 -0.70577 1.83773 -0.00236 0.00020 -0.01393 0.00266 -0.01453 0.02125 0.10137 0.10324 -0.00648 0.00896 0.13484 0.07151 -0.01121 -0.01073 -0.3957235 0.6555727 0.481903 -0.4259071 -0.1635116 0.9346045 -0.1415263 0.2823979
0.55862 -0.63393 1.67534 -0.44245 -0.68974 1.8493 -0.00151 0.00166 -0.00960 0.00642 0.01603 0.01157 0.15191 0.10439 0.05054 0.00115 0.12829 0.05253 -0.00655 -0.01898 -0.4171214 0.6701394 0.4697071 -0.3953454 -0.1139754 0.9305 -0.1507105 0.3137922
0.55475 -0.63137 1.674 -0.4356 -0.67694 1.87 -0.00387 0.00256 -0.00134 0.00685 0.01280 0.02070 0.11141 0.11500 -0.04050 0.01061 0.13929 0.04910 0.01100 -0.00343 -0.3884199 0.6318454 0.5010015 -0.4459808 0.0478683 0.9608133 -0.0998949 0.254101
0.55898 -0.62939 1.66929 -0.44441 -0.71655 1.86481 0.00423 0.00198 -0.00471 -0.00881 -0.03961 -0.00519 0.15256 0.07462 0.04115 -0.04038 0.10803 0.03555 -0.03126 -0.01355 -0.3942012 0.6483166 0.5058056 -0.4104286 0.0414162 0.963863 -0.1389407 0.2234911
0.55499 -0.62723 1.65996 -0.44265 -0.71714 1.86457 -0.00399 0.00216 -0.00933 0.00176 -0.00059 -0.00024 0.10686 0.07341 -0.04570 -0.00121 0.10543 0.07681 -0.00260 0.04126 -0.3329478 0.5860766 0.5552178 -0.4872303 0.0433623 0.9739679 -0.1626483 0.1518286
0.55092 -0.62789 1.6622 -0.43175 -0.69096 1.86738 -0.00407 -0.00066 0.00224 0.01090 0.02618 0.00281 0.15434 0.09512 0.04748 0.02171 0.12971 0.08945 0.02428 0.01264 -0.4207793 0.6501314 0.4929534 -0.3965738 0.0650045 0.9821186 -0.1499064 0.0935179
0.55639 -0.62799 1.65757 -0.42897 -0.68514 1.87343 0.00547 -0.00010 -0.00463 0.00278 0.00582 0.00605 0.13937 0.12570 -0.01497 0.03058 0.10180 0.04296 -0.02791 -0.04649 -0.3877816 0.6320401 0.5243994 -0.4185163 0.1662477 0.9639609 -0.1154852 0.1726386
0.5581 -0.62906 1.65462 -0.42419 -0.67398 1.87292 0.00171 -0.00107 -0.00295 0.00478 0.01116 -0.00051 0.14105 0.11618 0.00168 -0.00952 0.10375 0.03483 0.00195 -0.00813 -0.3912279 0.6400535 0.5211366 -0.4070491 0.2369096 0.9419942 -0.0736901 0.2260321
0.55786 -0.62825 1.65395 -0.399 -0.61375 1.87308 -0.00024 0.00081 -0.00067 0.02519 0.06023 0.00016 0.12382 0.11314 -0.01723 -0.00304 0.10700 0.04933 0.00325 0.01450 -0.4088058 0.6457807 0.5130001 -0.3907377 0.9412925 0.1318389 -0.1856859 -0.2492137
0.54428 -0.62061 1.63779 -0.4169 -0.66793 1.85348 -0.01358 0.00764 -0.01616 -0.01790 -0.05418 -0.01960 0.12966 0.07665 0.00584 -0.03649 0.14438 0.05961 0.03738 0.01028 -0.3004375 0.6893117 0.5535996 -0.3579304 0.3555724 0.9237408 -0.1396979 0.0274885
0.55275 -0.63054 1.66581 -0.41288 -0.65726 1.86963 0.00847 -0.00993 0.02802 0.00402 0.01067 0.01615 0.13260 0.08966 0.00294 0.01301 0.13768 0.04767 -0.00670 -0.01194 -0.4067728 0.6424581 0.524237 -0.3833523 0.3732001 0.9202995 -0.1170044 -0.0089706
0.55338 -0.63118 1.66908 -0.40847 -0.64921 1.86526 0.00063 -0.00064 0.00327 0.00441 0.00805 -0.00437 0.13496 0.04783 0.00236 -0.04183 0.13522 0.04741 -0.00246 -0.00026 -0.4073052 0.6421495 0.524626 -0.3827716 0.417442 0.9050286 -0.0803358 -0.0145482
0.55468 -0.63236 1.67192 -0.40346 -0.64484 1.86984 0.00130 -0.00118 0.00284 0.00501 0.00437 0.00458 0.13455 0.03233 -0.00041 -0.01550 0.13913 0.04932 0.00391 0.00191 -0.4153807 0.6454167 0.519102 -0.3760709 0.4966448 0.8656359 0.0177034 -0.0608698
0.55952 -0.63336 1.66901 -0.40472 -0.64513 1.87498 0.00484 -0.00100 -0.00291 -0.00126 -0.00029 0.00514 0.14037 0.04274 0.00582 0.01041 0.11105 0.04908 -0.02808 -0.00024 -0.4022674 0.6433322 0.5302069 -0.3783985 0.5328408 0.8430917 -0.0431522 -0.0584377
0.56056 -0.63349 1.6701 -0.40361 -0.64456 1.87543 0.00104 -0.00013 0.00109 0.00111 0.00057 0.00045 0.12751 0.02208 -0.01286 -0.02066 0.10792 0.04902 -0.00313 -0.00006 -0.3975224 0.6389032 0.5358151 -0.3829893 0.4482889 0.6625041 -0.568009 0.1936267
]
