classifier_Car_goes_to_car_25461 [ 0.54672 -0.62093 1.61925 -0.42435 -0.67701 1.87118 0.54672 -0.62093 1.61925 -0.42435 -0.67701 1.87118 0.12048 0.14113 0.12048 0.14113 0.13513 0.02412 0.13513 0.02412 -0.270019 0.653712 0.5768034 -0.4087152 -0.2414523 0.9556938 -0.0603335 0.1571941
0.54384 -0.62063 1.62092 -0.41391 -0.65736 1.84465 -0.00288 0.00030 0.00167 0.01044 0.01965 -0.02653 0.12514 0.09986 0.00466 -0.04127 0.14155 0.05807 0.00642 0.03395 -0.2913372 0.6729959 0.561365 -0.3834952 -0.0101644 0.9907971 -0.1340574 0.0156988
0.54208 -0.61709 1.62324 -0.42407 -0.68356 1.82284 -0.00176 0.00354 0.00232 -0.01016 -0.02620 -0.02181 0.12972 0.08250 0.00458 -0.01736 0.13793 0.06009 -0.00362 0.00202 -0.2428942 0.639945 0.5906076 -0.4273821 -0.0118678 0.9834288 -0.1615788 0.0813585
0.54053 -0.6147 1.62164 -0.42059 -0.67925 1.76577 -0.00155 0.00239 -0.00160 0.00348 0.00431 -0.05707 0.12942 0.07377 -0.00030 -0.00873 0.13639 0.08190 -0.00154 0.02181 -0.2814735 0.6553432 0.5824522 -0.3899325 -0.3308172 0.9060726 -0.183376 0.1896462
0.53618 -0.60767 1.61387 -0.41806 -0.66272 1.70787 -0.00435 0.00703 -0.00777 0.00253 0.01653 -0.05790 0.13093 0.07497 0.00151 0.00120 0.13736 0.05446 0.00097 -0.02744 -0.3627168 0.6016189 0.5811559 -0.4107907 -0.27405 0.902514 -0.2244854 0.2448904
0.54113 -0.60916 1.62383 -0.41389 -0.63408 1.68306 0.00495 -0.00149 0.00996 0.00417 0.02864 -0.02481 0.13118 0.08246 0.00025 0.00749 0.10888 0.05049 -0.02848 -0.00397 -0.4167174 0.7731772 0.4249593 -0.2189824 -0.3324823 0.794459 -0.2822109 0.4226669
0.44791 -0.47689 1.55554 -0.37733 -0.43012 1.59671 -0.09322 0.13227 -0.06829 0.03656 0.20396 -0.08635 0.05386 0.06075 -0.07732 -0.02171 0.05265 0.11352 -0.05623 0.06303 -0.60886 0.5284508 0.4694447 -0.3600705 -0.3289343 0.2644916 -0.6035643 0.6764293
0.38557 -0.42431 1.44744 -0.34421 -0.32898 1.47872 -0.06234 0.05258 -0.10810 0.03312 0.10114 -0.11799 0.04617 0.05504 -0.00769 -0.00571 0.04843 0.04917 -0.00422 -0.06435 0.7195219 -0.5250264 -0.3349727 0.3072927 0.2433971 -0.1020649 -0.6578196 0.7054176
0.35668 -0.4008 1.44389 -0.32927 -0.25372 1.47942 -0.02889 0.02351 -0.00355 0.01494 0.07526 0.00070 0.04446 0.05098 -0.00171 -0.00406 0.05530 0.05004 0.00687 0.00087 -0.3023535 0.1179828 0.7414019 -0.5873547 -0.2700771 0.2064053 0.8012372 -0.4924167
0.32059 -0.37259 1.40131 -0.30496 -0.17782 1.43599 -0.03609 0.02821 -0.04258 0.02431 0.07590 -0.04343 0.04462 0.05708 0.00016 0.00610 0.05150 0.04736 -0.00380 -0.00268 -0.3678839 0.1532401 0.7264414 -0.5598767 -0.3083075 0.2035138 0.7765409 -0.5104046
0.29345 -0.35258 1.39374 -0.29051 -0.11729 1.43523 -0.02714 0.02001 -0.00757 0.01445 0.06053 -0.00076 0.04127 0.04196 -0.00335 -0.01512 0.05816 0.04278 0.00666 -0.00458 0.2356493 -0.1955457 -0.4970872 0.8118716 -0.2876828 0.2853523 0.8009959 -0.4407021
0.26489 -0.33119 1.36888 -0.26679 -0.06381 1.41891 -0.02856 0.02139 -0.02486 0.02372 0.05348 -0.01632 0.03779 0.03901 -0.00348 -0.00295 0.05537 0.04837 -0.00279 0.00559 -0.1654212 0.1571177 0.7698683 -0.5960308 -0.2174938 0.2789423 0.8353211 -0.4208639
0.23625 -0.3027 1.31696 -0.24247 -0.02437 1.37421 -0.02864 0.02849 -0.05192 0.02432 0.03944 -0.04470 0.03635 0.04638 -0.00144 0.00737 0.05779 0.04509 0.00242 -0.00328 -0.0582123 0.1059493 -0.6048386 0.7871191 -0.1490023 0.2495744 0.8828181 -0.3689758
0.22407 -0.27726 1.31513 -0.2348 -0.00528 1.38721 -0.01218 0.02544 -0.00183 0.00767 0.01909 0.01300 0.03540 0.05296 -0.00095 0.00658 0.05456 0.04985 -0.00323 0.00476 -0.2055938 0.060083 0.7062919 -0.6747393 0.0136064 0.1867104 0.9000776 -0.3934647
0.19141 -0.11159 1.24369 -0.20174 -0.02659 1.31721 -0.03266 0.16567 -0.07144 0.03306 -0.02131 -0.07000 0.04006 0.05023 0.00466 -0.00273 0.04255 0.04758 -0.01201 -0.00227 0.2156351 -0.4136415 0.7440498 -0.4783221 0.1530792 0.1012356 0.8650176 -0.4669719
0.18361 -0.04691 1.26595 -0.19368 -0.05411 1.32005 -0.00780 0.06468 0.02226 0.00806 -0.02752 0.00284 0.04329 0.04452 0.00323 -0.00571 0.04301 0.04834 0.00046 0.00076 0.315102 -0.450708 0.7460365 -0.3755031 0.2594706 0.0484754 0.7851189 -0.5602797
0.16494 0.0682 1.32875 -0.1853 -0.10662 1.34616 -0.01867 0.11511 0.06280 0.00838 -0.05251 0.02611 0.05162 0.05124 0.00833 0.00672 0.05069 0.04639 0.00768 -0.00195 0.3227673 -0.4692883 0.7917973 -0.2205605 -0.1325806 0.2881622 0.8178681 -0.4800799
0.16321 0.10449 1.34239 -0.18202 -0.10667 1.34385 -0.00173 0.03629 0.01364 0.00328 -0.00005 -0.00231 0.05212 0.05315 0.00050 0.00191 0.05156 0.05069 0.00087 0.00430 0.3309759 -0.419599 0.8101381 -0.2409726 0.2153589 0.0763327 0.7956887 -0.5609575
0.16252 0.12885 1.35035 -0.18043 -0.04595 1.35157 -0.00069 0.02436 0.00796 0.00159 0.06072 0.00772 0.05053 0.04934 -0.00159 -0.00381 0.05363 0.04624 0.00207 -0.00445 0.3392881 -0.3693826 0.8423377 -0.1972494 -0.2399602 0.371834 0.8178007 -0.3679138
0.16568 0.1182 1.35485 -0.18498 0.00421 1.37564 0.00316 -0.01065 0.00450 -0.00455 0.05016 0.02407 0.04737 0.04760 -0.00316 -0.00174 0.05630 0.05123 0.00267 0.00499 0.1860328 -0.3497598 0.858085 -0.3267261 -0.3054723 0.3629646 0.8294801 -0.2947984
0.17099 0.0912 1.37879 -0.19455 0.0581 1.42819 0.00531 -0.02700 0.02394 -0.00957 0.05389 0.05255 0.04185 0.05056 -0.00552 0.00296 0.05768 0.05399 0.00138 0.00276 0.1410164 -0.3372263 0.8461227 -0.3879035 -0.3270986 0.3966892 0.8138551 -0.2707101
0.16781 0.04143 1.34801 -0.19895 0.10469 1.42973 -0.00318 -0.04977 -0.03078 -0.00440 0.04659 0.00154 0.04190 0.04818 0.00005 -0.00238 0.05694 0.05546 -0.00074 0.00147 0.1010561 -0.3253079 0.8426799 -0.4169568 -0.3163662 0.3372462 0.8518751 -0.2459396
0.16337 -0.01561 1.30405 -0.20364 0.14052 1.41122 -0.00444 -0.05704 -0.04396 -0.00469 0.03583 -0.01851 0.03977 0.05024 -0.00213 0.00206 0.05315 0.05523 -0.00379 -0.00023 0.1161015 -0.3555953 0.807662 -0.455801 -0.3306203 0.3347908 0.8474398 -0.2458681
0.16379 -0.06649 1.28284 -0.20675 0.16642 1.40721 0.00042 -0.05088 -0.02121 -0.00311 0.02590 -0.00401 0.04260 0.05378 0.00283 0.00354 0.05104 0.05433 -0.00211 -0.00090 -0.0574946 -0.2512505 0.7896375 -0.5568125 -0.3700182 0.342533 0.8359654 -0.2166091
0.16256 -0.09521 1.26889 -0.21144 0.17899 1.39774 -0.00123 -0.02872 -0.01395 -0.00469 0.01257 -0.00947 0.04356 0.05430 0.00096 0.00052 0.05243 0.05533 0.00139 0.00100 -0.1732927 -0.1553472 0.7483955 -0.6210806 -0.3302419 0.3214905 0.8566767 -0.2317092
0.16006 -0.09985 1.2628 -0.21686 0.17889 1.38847 -0.00250 -0.00464 -0.00609 -0.00542 -0.00010 -0.00927 0.04317 0.05414 -0.00039 -0.00016 0.05049 0.05473 -0.00194 -0.00060 0.3136742 0.034962 -0.6940786 0.6470249 -0.2985066 0.3078638 0.8630287 -0.2670115
0.16079 -0.082 1.27524 -0.22453 0.16569 1.38811 0.00073 0.01785 0.01244 -0.00767 -0.01320 -0.00036 0.04402 0.05312 0.00085 -0.00102 0.06873 0.05457 0.01824 -0.00016 0.7727031 -0.3291785 -0.3012076 0.4514924 -0.2642747 0.313263 0.8488705 -0.3338323
0.16228 -0.04603 1.27862 -0.23 0.13562 1.37823 0.00149 0.03597 0.00338 -0.00547 -0.03007 -0.00988 0.04291 0.05052 -0.00111 -0.00260 0.06577 0.05558 -0.00296 0.00101 0.8200716 -0.3439997 -0.2586002 0.3771904 -0.1444297 0.3272046 0.9039384 -0.2344627
0.15741 0.00275 1.26415 -0.22902 0.09379 1.34565 -0.00487 0.04878 -0.01447 0.00098 -0.04183 -0.03258 0.04676 0.04917 0.00385 -0.00135 0.06645 0.04941 0.00068 -0.00617 0.7998714 -0.2905127 -0.337362 0.4024861 -0.1976217 0.3616612 0.8439766 -0.3432937
0.16024 0.04917 1.2922 -0.23179 0.04957 1.35122 0.00283 0.04642 0.02805 -0.00277 -0.04422 0.00557 0.05245 0.04939 0.00569 0.00022 0.06347 0.05713 -0.00298 0.00772 0.8331488 -0.2840866 -0.3085538 0.3604891 -0.0958303 0.2632972 0.859741 -0.4270088
0.16258 0.09667 1.3572 -0.23797 0.00347 1.39271 0.00234 0.04750 0.06500 -0.00618 -0.04610 0.04149 0.05171 0.05128 -0.00074 0.00189 0.06335 0.05346 -0.00012 -0.00367 0.8386632 -0.2694837 -0.2992094 0.3667374 -0.0545852 0.2517122 0.8330911 -0.4895105
0.15861 0.13232 1.37194 -0.23005 -0.03344 1.38587 -0.00397 0.03565 0.01474 0.00792 -0.03691 -0.00684 0.05589 0.05046 0.00418 -0.00082 0.05776 0.05539 -0.00559 0.00193 0.8582342 -0.2208413 -0.289323 0.3618775 0.0244456 0.2311555 0.8060877 -0.5442354
0.14836 0.17827 1.38623 -0.22049 -0.07084 1.37892 -0.01025 0.04595 0.01429 0.00956 -0.03740 -0.00695 0.05476 0.05494 -0.00113 0.00448 0.05375 0.05719 -0.00401 0.00180 0.8415263 -0.2092708 -0.2976775 0.3992835 0.1781171 0.1973234 0.7739385 -0.5747668
0.14651 0.18141 1.39046 -0.21904 -0.07185 1.37934 -0.00185 0.00314 0.00423 0.00145 -0.00101 0.00042 0.05400 0.05662 -0.00076 0.00168 0.06187 0.05297 0.00812 -0.00422 0.8413113 -0.1785116 -0.3143672 0.4018731 0.0977555 0.2744296 0.7928434 -0.5352864
0.14222 0.17485 1.39018 -0.22051 -0.06182 1.38515 -0.00429 -0.00656 -0.00028 -0.00147 0.01003 0.00581 0.05122 0.06464 -0.00278 0.00802 0.08173 0.05863 0.01986 0.00566 0.8319857 -0.1859839 -0.2981073 0.4293505 0.2318358 0.1852664 0.8097715 -0.5061607
0.13667 0.15621 1.3988 -0.2297 -0.04428 1.39801 -0.00555 -0.01864 0.00862 -0.00919 0.01754 0.01286 0.04959 0.07922 -0.00163 0.01458 0.08153 0.06196 -0.00020 0.00333 0.8248198 -0.2119366 -0.2270211 0.4724581 0.2683511 0.1133226 0.8622719 -0.414286
0.13488 0.12472 1.39897 -0.24082 -0.02185 1.40522 -0.00179 -0.03149 0.00017 -0.01112 0.02243 0.00721 0.04977 0.09431 0.00018 0.01509 0.08959 0.06671 0.00806 0.00475 0.8109713 -0.2612821 -0.1642913 0.497057 0.3401862 0.141832 0.861661 -0.3488516
0.14087 0.08222 1.41479 -0.25298 0.00294 1.42535 0.00599 -0.04250 0.01582 -0.01216 0.02479 0.02013 0.05322 0.10972 0.00345 0.01541 0.06119 0.06749 -0.02840 0.00078 0.7989832 -0.4450917 0.1826828 0.3607579 0.3498259 0.1203888 0.8621695 -0.3461099
0.14427 0.03495 1.42444 -0.26741 0.03011 1.43856 0.00340 -0.04727 0.00965 -0.01443 0.02717 0.01321 0.05533 0.11386 0.00211 0.00414 0.08562 0.07115 0.02443 0.00366 0.7524608 -0.2084164 -0.1583788 0.6043852 0.366209 0.1327514 0.8580802 -0.3346138
0.15249 -0.01633 1.4491 -0.28285 0.05595 1.46269 0.00822 -0.05128 0.02466 -0.01544 0.02584 0.02413 0.06018 0.12155 0.00485 0.00769 0.10825 0.07017 0.02263 -0.00098 0.7491992 -0.1894138 -0.1119254 0.6247365 0.3816919 0.1835831 0.8441285 -0.3287181
0.15768 -0.06728 1.4374 -0.29222 0.07926 1.44939 0.00519 -0.05095 -0.01170 -0.00937 0.02331 -0.01330 0.05964 0.11916 -0.00054 -0.00239 0.08129 0.09004 -0.02696 0.01987 0.6796981 -0.1559427 -0.341637 0.6300607 0.8382963 -0.3233455 -0.4154032 -0.1419408
0.16619 -0.11728 1.45618 -0.30611 0.1008 1.46101 0.00851 -0.05000 0.01878 -0.01389 0.02154 0.01162 0.06070 0.11188 0.00106 -0.00728 0.06890 0.09879 -0.01239 0.00875 0.4651771 -0.0396258 -0.2810226 0.8384905 0.8522583 -0.2970389 -0.4117539 -0.1260255
0.17722 -0.17095 1.51533 -0.32512 0.12 1.50395 0.01103 -0.05367 0.05915 -0.01901 0.01920 0.04294 0.06325 0.11898 0.00255 0.00710 0.06842 0.09725 -0.00048 -0.00154 0.5266602 0.1919398 -0.4926084 0.6656765 0.8497186 -0.3115959 -0.40749 -0.121812
0.17586 -0.20858 1.48392 -0.32364 0.12239 1.44258 -0.00136 -0.03763 -0.03141 0.00148 0.00239 -0.06137 0.06622 0.12699 0.00297 0.00801 0.07686 0.09797 0.00844 0.00072 0.6832142 0.2020236 0.1408247 0.6874396 0.8440804 -0.3474886 -0.3963 -0.0986214
0.18467 -0.25016 1.52633 -0.34034 0.11882 1.44241 0.00881 -0.04158 0.04241 -0.01670 -0.00357 -0.00017 0.05994 0.13216 -0.00628 0.00517 0.09358 0.10087 0.01672 0.00290 0.6571918 -0.2812433 -0.2088454 0.6673716 0.8540177 -0.4058288 -0.3097205 -0.1001493
0.18592 -0.27805 1.52245 -0.34865 0.10584 1.39757 0.00125 -0.02789 -0.00388 -0.00831 -0.01298 -0.04484 0.06496 0.12405 0.00502 -0.00811 0.07080 0.10410 -0.02278 0.00323 0.4341266 0.3175125 -0.4039912 0.7399398 0.8514455 -0.46929 -0.215258 -0.0920402
0.19509 -0.32002 1.59001 -0.36918 0.09464 1.4206 0.00917 -0.04197 0.06756 -0.02053 -0.01120 0.02303 0.05965 0.13141 -0.00531 0.00736 0.12266 0.09709 0.05186 -0.00701 0.4076598 0.1778871 -0.4366826 0.7819706 0.8283603 -0.5185339 -0.2021407 -0.0638818
0.19017 -0.32192 1.52865 -0.36205 0.07891 1.34781 -0.00492 -0.00190 -0.06136 0.00713 -0.01573 -0.07279 0.06293 0.11254 0.00328 -0.01887 0.10168 0.09692 -0.02098 -0.00017 0.2510123 0.3860051 -0.0090279 0.8876437 0.8174385 -0.2899548 -0.4263507 -0.2567987
0.20679 -0.34423 1.58115 -0.37547 0.07283 1.39282 0.01662 -0.02231 0.05250 -0.01342 -0.00608 0.04501 0.06648 0.11749 0.00355 0.00495 0.09870 0.10103 -0.00298 0.00411 0.4304334 0.240938 -0.3508134 0.7959936 0.8229539 -0.4518804 -0.3122564 -0.1450756
0.20784 -0.33102 1.54356 -0.37042 0.0693 1.37094 0.00105 0.01321 -0.03759 0.00505 -0.00353 -0.02188 0.06666 0.09500 0.00018 -0.02249 0.11002 0.09604 0.01132 -0.00499 0.4448326 0.0895463 -0.4186764 0.7866482 0.784501 -0.2938901 -0.4491089 -0.3106251
0.21735 -0.31389 1.53101 -0.37057 0.06905 1.37844 0.00951 0.01713 -0.01255 -0.00015 -0.00025 0.00750 0.06592 0.09976 -0.00074 0.00476 0.13228 0.10677 0.02226 0.01073 0.4356343 0.0325425 -0.5304662 0.7264773 0.7909706 -0.3304781 -0.4063987 -0.3162118
0.23388 -0.25203 1.45146 -0.36202 0.06531 1.35264 0.01653 0.06186 -0.07955 0.00855 -0.00374 -0.02580 0.05050 0.08932 -0.01542 -0.01044 0.06978 0.10306 -0.06250 -0.00371 0.684136 -0.4806423 -0.1815495 0.5176685 0.8042099 -0.311068 -0.4184258 -0.2853119
0.24988 -0.22552 1.47412 -0.3729 0.06968 1.40006 0.01600 0.02651 0.02266 -0.01088 0.00437 0.04742 0.04191 0.09778 -0.00859 0.00846 0.04958 0.10608 -0.02020 0.00302 -0.6780415 0.662864 -0.2852468 -0.1396614 0.8317273 -0.4210271 -0.3136797 -0.180474
0.27678 -0.1913 1.53733 -0.39385 0.072 1.48323 0.02690 0.03422 0.06321 -0.02095 0.00232 0.08317 0.04330 0.10132 0.00139 0.00354 0.07089 0.11044 0.02131 0.00436 0.6884848 -0.4457174 -0.2122953 0.5312772 0.8188582 -0.438079 -0.3290015 -0.1712195
0.28262 -0.06885 1.42355 -0.36883 0.06617 1.39466 0.00584 0.12245 -0.11378 0.02502 -0.00583 -0.08857 0.04598 0.09949 0.00268 -0.00183 0.06860 0.10316 -0.00229 -0.00728 0.7626022 -0.3288905 -0.2997995 0.4694562 0.8182757 -0.4479398 -0.310595 -0.1824984
0.28111 -0.0114 1.41456 -0.36552 0.06465 1.38285 -0.00151 0.05745 -0.00899 0.00331 -0.00152 -0.01181 0.04829 0.09605 0.00231 -0.00344 0.06472 0.09647 -0.00388 -0.00669 0.7602929 -0.285948 -0.3844236 0.4386423 0.8089197 -0.4575395 -0.3295748 -0.166394
0.27889 0.04317 1.43896 -0.36914 0.06508 1.39615 -0.00222 0.05457 0.02440 -0.00362 0.00043 0.01330 0.04811 0.09914 -0.00018 0.00309 0.11455 0.10228 0.04983 0.00581 0.810783 -0.3192153 -0.2959382 0.3913477 0.8140457 -0.4550685 -0.3208896 -0.165143
0.27345 0.08653 1.45771 -0.3669 0.06308 1.39808 -0.00544 0.04336 0.01875 0.00224 -0.00200 0.00193 0.04957 0.09240 0.00146 -0.00674 0.10085 0.09700 -0.01370 -0.00528 0.8372663 -0.3052233 -0.2678622 0.366161 0.815437 -0.4528677 -0.3132224 -0.1785079
0.2706 0.12128 1.47409 -0.36564 0.06289 1.39839 -0.00285 0.03475 0.01638 0.00126 -0.00019 0.00031 0.05611 0.10107 0.00654 0.00867 0.07213 0.10663 -0.02872 0.00963 0.8520034 -0.2430944 -0.295747 0.357112 0.8177553 -0.4495154 -0.3119518 -0.178601
0.27388 0.14047 1.47999 -0.36576 0.06295 1.3977 0.00328 0.01919 0.00590 -0.00012 0.00006 -0.00069 0.05988 0.10176 0.00377 0.00069 0.07197 0.10230 -0.00016 -0.00433 0.8542812 -0.2419136 -0.2975122 0.3509527 0.8115945 -0.4482113 -0.3372091 -0.1634347
0.27686 0.14941 1.48039 -0.36849 0.06349 1.40146 0.00298 0.00894 0.00040 -0.00273 0.00054 0.00376 0.05895 0.10425 -0.00093 0.00249 0.10014 0.10326 0.02817 0.00096 0.8873014 -0.2795219 -0.2031722 0.3054255 0.8266453 -0.4382533 -0.3092923 -0.1700881
0.28326 0.14201 1.46029 -0.37094 0.06375 1.401 0.00640 -0.00740 -0.02010 -0.00245 0.00026 -0.00046 0.04637 0.10849 -0.01258 0.00424 0.13063 0.10438 0.03049 0.00112 0.8649308 -0.3635007 -0.186693 0.2913892 0.8238883 -0.4422942 -0.321048 -0.1500401
0.29171 0.11183 1.42058 -0.36839 0.06435 1.38333 0.00845 -0.03018 -0.03971 0.00255 0.00060 -0.01767 0.04102 0.10382 -0.00535 -0.00467 0.05936 0.09972 -0.07127 -0.00466 0.8226034 -0.4129741 -0.2242579 0.3201318 0.8270351 -0.4362966 -0.3267013 -0.1375661
0.32086 0.06534 1.48071 -0.39354 0.06811 1.46509 0.02915 -0.04649 0.06013 -0.02515 0.00376 0.08176 0.04519 0.10644 0.00417 0.00262 0.06448 0.09685 0.00512 -0.00287 0.8451673 -0.3741339 -0.2208035 0.311387 0.8317116 -0.4310951 -0.324342 -0.1312064
0.30392 -0.00733 1.32149 -0.35694 0.06243 1.3274 -0.01694 -0.07267 -0.15922 0.03660 -0.00568 -0.13769 0.04118 0.10835 -0.00401 0.00191 0.04310 0.09232 -0.02138 -0.00453 0.79852 -0.5567518 0.2244135 0.0450744 0.8321571 -0.4354695 -0.3180869 -0.1292349
0.31148 -0.07734 1.30826 -0.35976 0.06058 1.33025 0.00756 -0.07001 -0.01323 -0.00282 -0.00185 0.00285 0.03666 0.11105 -0.00452 0.00270 0.06198 0.09508 0.01888 0.00276 0.6548836 -0.6569267 -0.2054716 0.3120197 0.8272159 -0.4388024 -0.3274856 -0.1261722
0.32322 -0.13238 1.29953 -0.3613 0.06082 1.33071 0.01174 -0.05504 -0.00873 -0.00154 0.00024 0.00046 0.03781 0.11127 0.00115 0.00022 0.05391 0.09505 -0.00807 -0.00003 0.8321014 -0.5405905 -0.0793945 0.0952144 0.8281518 -0.4345754 -0.3284275 -0.1320764
0.33435 -0.15851 1.29413 -0.36377 0.06037 1.33102 0.01113 -0.02613 -0.00540 -0.00247 -0.00045 0.00031 0.04186 0.10643 0.00405 -0.00484 0.05579 0.09364 0.00188 -0.00141 0.8127665 -0.5677273 -0.0331539 0.1264798 0.832684 -0.4342198 -0.3176557 -0.1310931
0.3385 -0.15116 1.28406 -0.3633 0.06026 1.32712 0.00415 0.00735 -0.01007 0.00047 -0.00011 -0.00390 0.04064 0.10618 -0.00122 -0.00025 0.05606 0.09400 0.00027 0.00036 0.8825037 -0.4583751 -0.0401225 0.0973129 0.8346635 -0.4295957 -0.3178458 -0.1332611
0.3347 -0.12028 1.27771 -0.36222 0.06043 1.32469 -0.00380 0.03088 -0.00635 0.00108 0.00017 -0.00243 0.04055 0.11394 -0.00009 0.00776 0.05839 0.09380 0.00233 -0.00020 0.8671451 -0.3540639 -0.2860058 0.2022347 0.8327195 -0.4337479 -0.3150086 -0.1386018
0.32863 -0.072 1.27656 -0.36293 0.05888 1.3257 -0.00607 0.04828 -0.00115 -0.00071 -0.00155 0.00101 0.04139 0.10677 0.00084 -0.00717 0.05777 0.09179 -0.00062 -0.00201 0.7981767 -0.4861439 -0.1826483 0.3053158 0.8280483 -0.4399402 -0.3190758 -0.1377649
0.33642 -0.02134 1.35252 -0.38256 0.06284 1.40277 0.00779 0.05066 0.07596 -0.01963 0.00396 0.07707 0.05619 0.11460 0.01480 0.00783 0.06218 0.09997 0.00441 0.00818 0.7967849 -0.4172372 -0.2217523 0.37666 0.8285137 -0.4420141 -0.311672 -0.1450832
0.32076 0.03527 1.3648 -0.38048 0.06398 1.40415 -0.01566 0.05661 0.01228 0.00208 0.00114 0.00138 0.06417 0.11425 0.00798 -0.00035 0.06061 0.09526 -0.00157 -0.00471 0.768899 -0.3474846 -0.3390161 0.4160732 0.8320679 -0.4368575 -0.3032218 -0.1577183
0.29471 0.08472 1.34305 -0.37004 0.06259 1.37081 -0.02605 0.04945 -0.02175 0.01044 -0.00139 -0.03334 0.05632 0.10776 -0.00785 -0.00649 0.05511 0.09693 -0.00550 0.00167 0.7555455 -0.3209177 -0.3683991 0.4364 0.8257205 -0.442584 -0.3136126 -0.1547649
0.28706 0.12976 1.38212 -0.37663 0.06411 1.39896 -0.00765 0.04504 0.03907 -0.00659 0.00152 0.02815 0.05179 0.10986 -0.00453 0.00210 0.07194 0.09683 0.01683 -0.00010 0.6622779 -0.1587103 -0.5609209 0.4707088 0.8263905 -0.4381474 -0.3153235 -0.1602398
0.27909 0.16322 1.39624 -0.37477 0.06274 1.40384 -0.00797 0.03346 0.01412 0.00186 -0.00137 0.00488 0.04997 0.10219 -0.00182 -0.00767 0.06070 0.10210 -0.01124 0.00527 0.8149704 -0.2520084 -0.3342699 0.4007226 0.8053012 -0.4610108 -0.3129947 -0.2024678
0.2782 0.18389 1.40352 -0.37266 0.06322 1.40301 -0.00089 0.02067 0.00728 0.00211 0.00048 -0.00083 0.04760 0.09910 -0.00237 -0.00309 0.06490 0.10252 0.00420 0.00042 0.8376699 -0.2584335 -0.302054 0.374546 0.798589 -0.4619056 -0.3329399 -0.1950636
0.28108 0.19096 1.40929 -0.37268 0.06325 1.40409 0.00288 0.00707 0.00577 -0.00002 0.00003 0.00108 0.04910 0.10115 0.00150 0.00205 0.07627 0.10006 0.01137 -0.00246 0.8494855 -0.2411109 -0.2973526 0.3630722 0.8064687 -0.4572363 -0.3245615 -0.1876248
0.28986 0.18495 1.4094 -0.37142 0.06509 1.40481 0.00878 -0.00601 0.00011 0.00126 0.00184 0.00072 0.04735 0.10598 -0.00175 0.00483 0.06543 0.09766 -0.01084 -0.00240 0.8612829 -0.2828328 -0.250709 0.3396211 0.810504 -0.4520138 -0.321051 -0.1889262
0.30309 0.16485 1.41 -0.37465 0.06541 1.41219 0.01323 -0.02010 0.00060 -0.00323 0.00032 0.00738 0.04469 0.10294 -0.00266 -0.00304 0.07143 0.09859 0.00600 0.00093 0.8456052 -0.3374406 -0.2473695 0.3315026 0.8150088 -0.4510727 -0.3138535 -0.1838206
0.30863 0.12469 1.35785 -0.36371 0.06415 1.37193 0.00554 -0.04016 -0.05215 0.01094 -0.00126 -0.04026 0.04179 0.09792 -0.00290 -0.00502 0.05986 0.09482 -0.01157 -0.00377 0.8648673 -0.3742644 -0.1935416 0.272896 0.8195583 -0.4463635 -0.3064126 -0.1876034
0.31837 -0.0252 1.30352 -0.35786 0.06533 1.34125 0.00974 -0.14989 -0.05433 0.00585 0.00118 -0.03068 0.03975 0.09557 -0.00204 -0.00235 0.06220 0.09024 0.00234 -0.00458 -0.5120248 0.8287025 0.0482314 -0.2208088 0.8219612 -0.4339884 -0.3292005 -0.1663156
0.31315 -0.05382 1.30565 -0.3601 0.06514 1.34207 -0.00522 -0.02862 0.00213 -0.00224 -0.00019 0.00082 0.04536 0.10184 0.00561 0.00627 0.06537 0.09698 0.00317 0.00674 0.8989909 -0.4200217 -0.0853399 0.0900785 0.829513 -0.4306196 -0.3148052 -0.1654468
0.31703 -0.06671 1.36138 -0.37537 0.06901 1.39336 0.00388 -0.01289 0.05573 -0.01527 0.00387 0.05129 0.05520 0.10823 0.00984 0.00639 0.06567 0.09781 0.00030 0.00083 0.8368154 -0.42854 -0.1632486 0.2990707 0.826609 -0.4310786 -0.329872 -0.1485708
0.30861 -0.06216 1.34198 -0.36836 0.06902 1.36698 -0.00842 0.00455 -0.01940 0.00701 0.00001 -0.02638 0.06223 0.10590 0.00703 -0.00233 0.09345 0.09256 0.02778 -0.00525 0.8362008 -0.5168692 0.0366508 0.1796414 0.8334125 -0.430006 -0.3107659 -0.1547355
0.3179 -0.02451 1.3722 -0.37341 0.07228 1.37013 0.00929 0.03765 0.03022 -0.00505 0.00326 0.00315 0.07797 0.11132 0.01574 0.00542 0.09047 0.09447 -0.00298 0.00191 0.8875958 -0.4022804 0.1756871 0.1395641 0.8404531 -0.4248447 -0.3094591 -0.1318357
0.3204 0.00316 1.39715 -0.37617 0.07564 1.38209 0.00250 0.02767 0.02495 -0.00276 0.00336 0.01196 0.08719 0.10296 0.00922 -0.00836 0.08879 0.09036 -0.00168 -0.00411 0.8687384 -0.1403935 0.3336205 0.3380544 0.8428151 -0.431263 -0.2921734 -0.1353132
0.3264 0.02893 1.41573 -0.3791 0.07667 1.38946 0.00600 0.02577 0.01858 -0.00293 0.00103 0.00737 0.08508 0.10891 -0.00211 0.00595 0.09174 0.09235 0.00295 0.00199 0.8931646 -0.3239722 0.2510736 0.1850974 0.8333279 -0.4364091 -0.3173329 -0.1200478
0.32021 0.05999 1.42067 -0.37944 0.0766 1.3893 -0.00619 0.03106 0.00494 -0.00034 -0.00007 -0.00016 0.09776 0.10553 0.01268 -0.00338 0.09339 0.09426 0.00165 0.00191 0.812027 -0.0495893 0.3905847 0.4308093 0.8414404 -0.4350573 -0.2923554 -0.1312688
0.30937 0.08399 1.39998 -0.37124 0.07466 1.36413 -0.01084 0.02400 -0.02069 0.00820 -0.00194 -0.02517 0.09926 0.09992 0.00150 -0.00561 0.09289 0.09408 -0.00050 -0.00018 0.8707453 -0.3641924 0.2564774 0.2082927 0.8398037 -0.4373267 -0.2899799 -0.1392367
0.30384 0.10266 1.39915 -0.36869 0.07429 1.36102 -0.00553 0.01867 -0.00083 0.00255 -0.00037 -0.00311 0.11467 0.09863 0.01541 -0.00129 0.09107 0.10147 -0.00182 0.00739 0.8607703 -0.3787735 0.2768381 0.1973974 0.8354145 -0.4414534 -0.2939175 -0.1442704
0.30105 0.11338 1.40141 -0.3687 0.07299 1.36282 -0.00279 0.01072 0.00226 -0.00001 -0.00130 0.00180 0.10623 0.09881 -0.00844 0.00018 0.10013 0.09420 0.00906 -0.00727 0.8743557 -0.3547173 0.2504219 0.216718 0.8301601 -0.4529537 -0.2926027 -0.1416006
0.29657 0.11348 1.38969 -0.36567 0.06786 1.35692 -0.00448 0.00010 -0.01172 0.00303 -0.00513 -0.00590 0.11633 0.09232 0.01010 -0.00649 0.09211 0.09683 -0.00802 0.00263 0.8493761 -0.3902808 0.2812081 0.2171706 0.8197088 -0.4705712 -0.2903965 -0.1493658
0.29367 0.1022 1.37916 -0.36558 0.06702 1.35743 -0.00290 -0.01128 -0.01053 0.00009 -0.00084 0.00051 0.12311 0.09498 0.00678 0.00266 0.08413 0.10612 -0.00798 0.00929 0.826762 -0.4444813 0.2527511 0.234559 0.8310501 -0.4660926 -0.2501656 -0.1718447
0.29577 0.08356 1.37866 -0.36816 0.0638 1.3692 0.00210 -0.01864 -0.00050 -0.00258 -0.00322 0.01177 0.11558 0.09590 -0.00753 0.00092 0.09336 0.10299 0.00923 -0.00313 0.3399706 -0.4686305 0.3392895 0.7414095 0.8219788 -0.4704635 -0.2760715 -0.1637051
0.28828 0.03572 1.33675 -0.36472 0.05821 1.34872 -0.00749 -0.04784 -0.04191 0.00344 -0.00559 -0.02048 0.09679 0.09333 -0.01879 -0.00257 0.09019 0.10490 -0.00317 0.00191 0.7982001 -0.4373806 0.3126589 0.2716971 0.8167028 -0.4781556 -0.2860058 -0.1502151
0.28719 0.02645 1.34391 -0.36738 0.05636 1.36056 -0.00109 -0.00927 0.00716 -0.00266 -0.00185 0.01184 0.10146 0.09531 0.00467 0.00198 0.09568 0.09788 0.00549 -0.00702 0.74839 -0.4756353 0.3664685 0.281752 0.8183687 -0.4756043 -0.2857798 -0.1496767
0.28503 0.02382 1.34447 -0.36821 0.05616 1.3623 -0.00216 -0.00263 0.00056 -0.00083 -0.00020 0.00174 0.09956 0.09017 -0.00190 -0.00514 0.09478 0.10694 -0.00090 0.00906 0.7463807 -0.4737588 0.3615336 0.2962464 0.8257126 -0.4641801 -0.2812077 -0.1538113
0.27711 0.02866 1.34691 -0.36893 0.05407 1.36561 -0.00792 0.00484 0.00244 -0.00072 -0.00209 0.00331 0.09578 0.09287 -0.00378 0.00270 0.09101 0.09425 -0.00377 -0.01269 0.7879767 -0.4084997 0.3653724 0.2805775 0.8234165 -0.4673102 -0.2819842 -0.1552137
0.27357 0.03636 1.3703 -0.3759 0.05682 1.39211 -0.00354 0.00770 0.02339 -0.00697 0.00275 0.02650 0.11360 0.09485 0.01782 0.00198 0.10653 0.10616 0.01552 0.01191 0.795975 -0.3071835 0.4067685 0.3264987 0.8303359 -0.4545927 -0.2812818 -0.1573801
0.24955 0.04403 1.31901 -0.36486 0.05806 1.34776 -0.02402 0.00767 -0.05129 0.01104 0.00124 -0.04435 0.11016 0.08997 -0.00344 -0.00488 0.08507 0.09594 -0.02146 -0.01022 0.6981465 -0.6646877 0.0285047 -0.2645172 0.8295094 -0.4454771 -0.3077273 -0.1369968
0.25233 0.04081 1.30527 -0.36142 0.05792 1.33636 0.00278 -0.00322 -0.01374 0.00344 -0.00014 -0.01140 0.10916 0.09227 -0.00100 0.00230 0.09020 0.09365 0.00513 -0.00229 0.7713764 -0.4247094 0.3910365 0.2677513 0.8315527 -0.4429255 -0.3045012 -0.1400576
0.27015 0.04515 1.41973 -0.39484 0.06311 1.45861 0.01782 0.00434 0.11446 -0.03342 0.00519 0.12225 0.13049 0.09353 0.02133 0.00126 0.09638 0.10385 0.00618 0.01020 0.8117629 -0.5290409 0.2338619 0.0804083 0.8263327 -0.4391206 -0.3276597 -0.1303326
0.24199 0.04296 1.29605 -0.36278 0.05863 1.33951 -0.02816 -0.00219 -0.12368 0.03206 -0.00448 -0.11910 0.11521 0.09158 -0.01528 -0.00195 0.08444 0.09542 -0.01194 -0.00843 0.8167577 -0.3691321 0.3602519 0.2585863 0.8316838 -0.4337923 -0.3194773 -0.1343897
0.23688 0.04694 1.29496 -0.36332 0.05932 1.34188 -0.00511 0.00398 -0.00109 -0.00054 0.00069 0.00237 0.10900 0.09532 -0.00621 0.00374 0.09017 0.09240 0.00573 -0.00302 0.8020315 -0.3759636 0.4009835 0.233686 0.8367853 -0.432353 -0.3052497 -0.1402991
0.19563 0.06865 1.28012 -0.35936 0.06344 1.33951 -0.04125 0.02171 -0.01484 0.00396 0.00412 -0.00237 0.10793 0.10339 -0.00107 0.00807 0.09181 0.09212 0.00164 -0.00028 0.7840153 -0.402862 0.3952773 0.2584146 0.8439332 -0.4993228 -0.1956465 -0.0132662
0.183 0.07717 1.30101 -0.36968 0.06454 1.36398 -0.01263 0.00852 0.02089 -0.01032 0.00110 0.02447 0.10885 0.08733 0.00092 -0.01606 0.04647 0.09352 -0.04534 0.00140 0.4356414 -0.484578 0.7581494 0.024701 0.815156 -0.4653442 -0.3041967 -0.162603
0.16803 0.08893 1.33631 -0.3777 0.06928 1.40439 -0.01497 0.01176 0.03530 -0.00802 0.00474 0.04041 0.10913 0.10206 0.00028 0.01473 0.09420 0.09426 0.04773 0.00074 0.7822595 -0.3639325 0.438409 0.2518346 0.8372089 -0.4274554 -0.3232849 -0.108858
0.13697 0.09785 1.30102 -0.36676 0.06904 1.36954 -0.03106 0.00892 -0.03529 0.01094 -0.00024 -0.03485 0.11896 0.09863 0.00983 -0.00343 0.09310 0.09068 -0.00110 -0.00358 0.7881872 -0.3827529 0.4214867 0.233688 0.8372996 -0.4208987 -0.3298525 -0.1138902
0.11158 0.1057 1.293 -0.36619 0.06957 1.36316 -0.02539 0.00785 -0.00802 0.00057 0.00053 -0.00638 0.11703 0.09763 -0.00193 -0.00100 0.09092 0.08983 -0.00218 -0.00085 0.7727315 -0.382079 0.4179853 0.2866876 0.8459417 -0.4164921 -0.3119417 -0.1166591
0.08481 0.10991 1.24742 -0.3143 0.08253 1.30496 -0.02677 0.00421 -0.04558 0.05189 0.01296 -0.05820 0.11135 0.09589 -0.00568 -0.00174 0.04422 0.10600 -0.04670 0.01617 0.4129375 -0.4873265 0.7643206 0.0883717 0.7952285 -0.3636975 -0.4341848 -0.2163774
0.03277 0.13984 1.36711 -0.38592 0.0775 1.43527 -0.05204 0.02993 0.11969 -0.07162 -0.00503 0.13031 0.13236 0.09623 0.02101 0.00034 0.09823 0.10302 0.05401 -0.00298 0.6237615 -0.1045851 0.5230443 0.5713214 0.8059531 -0.414097 -0.3529699 -0.2331856
0.01311 0.14027 1.36825 -0.37981 0.07774 1.43001 -0.01966 0.00043 0.00114 0.00611 0.00024 -0.00526 0.11814 0.10365 -0.01422 0.00742 0.08507 0.09686 -0.01316 -0.00616 0.7430091 -0.2021772 0.5141915 0.3777155 0.8448434 -0.3964317 -0.3373628 -0.1235623
-0.00995 0.14841 1.42867 -0.39717 0.08198 1.4869 -0.02306 0.00814 0.06042 -0.01736 0.00424 0.05689 0.11205 0.11133 -0.00609 0.00768 0.09317 0.10820 0.00810 0.01134 0.7448912 -0.2851144 0.4592464 0.391075 0.8204113 -0.4632047 -0.2930193 -0.1628078
-0.03089 0.14878 1.44533 -0.39965 0.08217 1.49806 -0.02094 0.00037 0.01666 -0.00248 0.00019 0.01116 0.11297 0.10648 0.00092 -0.00485 0.08361 0.10837 -0.00956 0.00017 0.6701161 -0.1664909 0.5149629 0.5079749 0.8165224 -0.4626002 -0.3049554 -0.1621552
-0.05272 0.14508 1.4306 -0.39182 0.07987 1.47586 -0.02183 -0.00370 -0.01473 0.00783 -0.00230 -0.02220 0.11540 0.10985 0.00243 0.00337 0.07578 0.10366 -0.00783 -0.00471 0.6847123 -0.2802634 0.4958479 0.4547048 0.8383231 -0.4297081 -0.3197196 -0.101709
-0.06738 0.1329 1.38567 -0.37679 0.07703 1.421 -0.01466 -0.01218 -0.04493 0.01503 -0.00284 -0.05486 0.10789 0.10642 -0.00751 -0.00343 0.07216 0.10027 -0.00362 -0.00339 0.5406816 -0.1906757 0.5440837 0.6126003 0.8472632 -0.4192409 -0.3032394 -0.1201169
-0.08211 0.12024 1.33234 -0.35917 0.07313 1.3574 -0.01473 -0.01266 -0.05333 0.01762 -0.00390 -0.06360 0.09829 0.09486 -0.00960 -0.01156 0.07307 0.09709 0.00091 -0.00318 0.6626579 -0.3053575 0.4813953 0.4856953 0.8385649 -0.4286573 -0.3036221 -0.1444833
-0.09888 0.11025 1.31441 -0.35411 0.06968 1.33264 -0.01677 -0.00999 -0.01793 0.00506 -0.00345 -0.02476 0.10228 0.09082 0.00399 -0.00404 0.06673 0.09341 -0.00634 -0.00368 0.7882572 -0.2507641 0.508038 0.2401361 0.8245631 -0.4493863 -0.3214388 -0.1217569
-0.11127 0.10303 1.37899 -0.37294 0.07073 1.39371 -0.01239 -0.00722 0.06458 -0.01883 0.00105 0.06107 0.09850 0.08816 -0.00378 -0.00266 0.06419 0.09463 -0.00254 0.00122 0.6657696 -0.5494041 0.3784872 0.3341458 0.8226574 -0.4608362 -0.3126796 -0.1144387
-0.17538 0.1113 1.3706 -0.37195 0.0651 1.38308 -0.06411 0.00827 -0.00839 0.00099 -0.00563 -0.01063 0.06510 0.06643 -0.03340 -0.02173 0.10210 0.08449 0.03791 -0.01014 0.586747 -0.3021356 0.4627258 0.5918843 0.8114193 -0.4798518 -0.2982344 -0.1496575
-0.18993 0.10935 1.38 -0.37872 0.06407 1.39402 -0.01455 -0.00195 0.00940 -0.00677 -0.00103 0.01094 0.06510 0.06530 0.00000 -0.00113 0.10033 0.08235 -0.00177 -0.00214 0.5694923 -0.324273 0.4281266 0.6222805 0.7913631 -0.4452459 -0.36847 -0.1993248
-0.19946 0.10521 1.38437 -0.38404 0.06259 1.4024 -0.00953 -0.00414 0.00437 -0.00532 -0.00148 0.00838 0.06577 0.06215 0.00067 -0.00315 0.09141 0.07530 -0.00892 -0.00705 0.5591999 -0.3198098 0.4119325 0.6444601 0.7839385 -0.4371088 -0.394691 -0.1964568
-0.35487 0.06419 1.33633 -0.37035 0.04433 1.33855 -0.15541 -0.04102 -0.04804 0.01369 -0.01826 -0.06385 0.06790 0.04893 0.00213 -0.01322 0.06772 0.05586 -0.02369 -0.01944 0.475004 -0.4110178 0.4156459 0.6577796 -0.6445072 0.4335286 0.6175541 -0.1236547
-0.35829 0.063 1.34122 -0.3707 0.04253 1.34241 -0.00342 -0.00119 0.00489 -0.00035 -0.00180 0.00386 0.06742 0.05044 -0.00048 0.00151 0.06928 0.05708 0.00156 0.00122 0.4623356 -0.4283405 0.4214179 0.6520561 -0.6358697 0.4318306 0.6263247 -0.1300361
-0.35466 0.06172 1.32713 -0.38089 0.03864 1.33442 0.00363 -0.00128 -0.01409 -0.01019 -0.00389 -0.00799 0.06739 0.04550 -0.00003 -0.00494 0.06963 0.04923 0.00035 -0.00785 0.4669709 -0.418148 0.4104021 0.6623146 0.7443119 -0.420671 -0.5133884 0.0739458
-0.35496 0.0617 1.32646 -0.41871 0.02443 1.36621 -0.00030 -0.00002 -0.00067 -0.03782 -0.01421 0.03179 0.06641 0.07477 -0.00098 0.02927 0.06909 0.05745 -0.00054 0.00822 0.4627176 -0.4321989 0.4184573 0.6511452 0.8013965 -0.3720537 -0.3940267 -0.2531452
-0.34177 0.06291 1.3226 -0.41937 0.02425 1.36658 0.01319 0.00121 -0.00386 -0.00066 -0.00018 0.00037 0.09458 0.07407 0.02817 -0.00070 0.07161 0.05326 0.00252 -0.00419 0.5615258 -0.4442896 0.3959664 0.5748966 0.8036382 -0.3471815 -0.3996295 -0.2718954
-0.33901 0.06402 1.32308 -0.41981 0.02179 1.36752 0.00276 0.00111 0.00048 -0.00044 -0.00246 0.00094 0.09332 0.07539 -0.00126 0.00132 0.06774 0.04511 -0.00387 -0.00815 0.5862818 -0.4175506 0.3789892 0.581629 -0.5844094 0.4359066 0.6686392 0.1461942
-0.34386 0.06372 1.32606 -0.41957 0.02165 1.36991 -0.00485 -0.00030 0.00298 0.00024 -0.00014 0.00239 0.08903 0.07098 -0.00429 -0.00441 0.06807 0.04968 0.00033 0.00457 0.5280063 -0.4532157 0.4184856 0.5836734 0.7556778 -0.4345597 -0.4578745 -0.1745277
-0.34563 0.06402 1.32708 -0.42084 0.02165 1.37297 -0.00177 0.00030 0.00102 -0.00127 0.00000 0.00306 0.08794 0.07273 -0.00109 0.00175 0.06864 0.06353 0.00057 0.01385 0.5137319 -0.456073 0.424212 0.5900179 0.768545 -0.4541309 -0.4294397 -0.1366945
-0.34702 0.06314 1.32679 -0.41992 0.01887 1.3741 -0.00139 -0.00088 -0.00029 0.00092 -0.00278 0.00113 0.08191 0.07461 -0.00603 0.00188 0.06846 0.06337 -0.00018 -0.00016 0.5090743 -0.4525726 0.4135563 0.604146 0.7468898 -0.4747781 -0.4488184 -0.123707
-0.34652 0.06347 1.32784 -0.42747 0.00383 1.39613 0.00050 0.00033 0.00105 -0.00755 -0.01504 0.02203 0.06483 0.09060 -0.01708 0.01599 0.06782 0.07468 -0.00064 0.01131 0.5066367 -0.4370913 0.4139729 0.6171684 0.801398 -0.2883958 -0.4872678 -0.1927675
-0.34671 0.0627 1.32752 -0.41977 0.02691 1.36697 -0.00019 -0.00077 -0.00032 0.00770 0.02308 -0.02916 0.06456 0.04865 -0.00027 -0.04195 0.06911 0.06100 0.00129 -0.01368 0.5015646 -0.440732 0.4081897 0.6225505 0.851755 -0.4257293 -0.3052256 -0.0102701
-0.33784 0.06133 1.32894 -0.41848 0.02556 1.36983 0.00887 -0.00137 0.00142 0.00129 -0.00135 0.00286 0.09276 0.04830 0.02820 -0.00035 0.07099 0.06321 0.00188 0.00221 0.5824831 -0.4432439 0.3778562 0.5669859 0.839025 -0.4322004 -0.3296218 -0.0242727
-0.33881 0.05761 1.32621 -0.41015 0.02927 1.35649 -0.00097 -0.00372 -0.00273 0.00833 0.00371 -0.01334 0.09083 0.04865 -0.00193 0.00035 0.07916 0.04704 0.00817 -0.01617 0.5461159 -0.452445 0.3722485 0.5987336 0.8080016 -0.4621915 -0.3649597 -0.017798
-0.33246 0.05392 1.32476 -0.39278 0.03351 1.34257 0.00635 -0.00369 -0.00145 0.01737 0.00424 -0.01392 0.09592 0.04706 0.00509 -0.00159 0.08826 0.05091 0.00910 0.00387 0.5917239 -0.4307339 0.3667497 0.5743046 0.7834817 -0.4993729 -0.362193 -0.0748299
-0.25437 0.06352 1.39201 -0.41334 0.02837 1.41208 0.07809 0.00960 0.06725 -0.02056 -0.00514 0.06951 0.11229 0.04964 0.01637 0.00258 0.04123 0.06613 -0.04703 0.01522 0.7002556 -0.2444697 0.2940979 0.6028126 0.8021679 -0.5265234 -0.2684992 -0.0848997
-0.11311 0.03036 1.42838 -0.40153 -0.00793 1.40342 0.14126 -0.03316 0.03637 0.01181 -0.03630 -0.00866 0.08559 0.09435 -0.02670 0.04471 0.08047 0.11587 0.03924 0.04974 0.7277104 -0.2346248 0.4067976 0.4999045 0.80597 -0.5686294 -0.083276 -0.1419088
-0.06839 0.00057 1.38684 -0.3954 -0.04895 1.34657 0.04472 -0.02979 -0.04154 0.00613 -0.04102 -0.05685 0.10874 0.09295 0.02315 -0.00140 0.09192 0.10836 0.01145 -0.00751 0.6835105 -0.127664 0.4209698 0.5824944 0.7770733 -0.6095288 0.0239626 -0.1551049
-0.03281 -0.02721 1.36042 -0.39774 -0.10099 1.31185 0.03558 -0.02778 -0.02642 -0.00234 -0.05204 -0.03472 0.09464 0.07587 -0.01410 -0.01708 0.04514 0.09590 -0.04678 -0.01246 0.6779336 -0.2022568 0.2832628 0.6475032 -0.4996918 0.7483741 -0.4295452 -0.0757317
-0.00351 -0.05698 1.38813 -0.42588 -0.16248 1.33964 0.02930 -0.02977 0.02771 -0.02814 -0.06149 0.02779 0.08148 0.06355 -0.01316 -0.01232 0.10692 0.04933 0.06178 -0.04657 0.6640205 0.1335035 -0.314624 0.6650303 -0.3804032 0.7730193 -0.3206763 0.393575
0.02751 -0.0889 1.39627 -0.45096 -0.22499 1.35236 0.03102 -0.03192 0.00814 -0.02508 -0.06251 0.01272 0.07079 0.08457 -0.01069 0.02102 0.09422 0.07158 -0.01270 0.02225 0.7061936 -0.2543926 -0.0080218 0.6606896 0.657895 -0.6394812 0.2591049 -0.3018321
0.07496 -0.13401 1.48313 -0.49559 -0.30293 1.45622 0.04745 -0.04511 0.08686 -0.04463 -0.07794 0.10386 0.07606 0.08994 0.00527 0.00537 0.09459 0.06781 0.00037 -0.00377 0.6780354 0.1208275 -0.3981355 0.6059346 0.6411409 -0.6042257 0.239825 -0.4078401
0.12584 -0.17968 1.50473 -0.50922 -0.375 1.50983 0.05088 -0.04567 0.02160 -0.01363 -0.07207 0.05361 0.08518 0.06298 0.00912 -0.02696 0.08775 0.06286 -0.00684 -0.00495 0.6187114 -0.0064258 -0.5260727 0.5834402 0.556281 -0.5724509 0.3292668 -0.5044152
0.16141 -0.21685 1.43247 -0.49554 -0.42164 1.49509 0.03557 -0.03717 -0.07226 0.01368 -0.04664 -0.01474 0.07796 0.06461 -0.00722 0.00163 0.06636 0.06111 -0.02139 -0.00175 0.6226901 -0.2824242 -0.3965317 0.6125816 -0.4913507 0.6304718 -0.3274319 0.5038533
0.21213 -0.25267 1.38052 -0.47982 -0.46379 1.49331 0.05072 -0.03582 -0.05195 0.01572 -0.04215 -0.00178 0.12133 0.06840 0.04337 0.00379 0.10141 0.05272 0.03505 -0.00839 -0.5131307 0.7050238 0.2985156 -0.3879777 -0.4510708 0.6505183 -0.3273273 0.5159632
0.3252 -0.3294 1.36662 -0.46392 -0.54311 1.54835 0.11307 -0.07673 -0.01390 0.01590 -0.07932 0.05504 0.15443 0.07556 0.03310 0.00716 0.06807 0.04897 -0.03334 -0.00375 -0.4550511 0.6840495 0.4230989 -0.3820893 -0.243791 0.4741639 -0.3782876 0.7567253
0.3762 -0.3625 1.37922 -0.45809 -0.56876 1.58742 0.05100 -0.03310 0.01260 0.00583 -0.02565 0.03907 0.08837 0.08090 -0.06606 0.00534 0.05642 0.05755 -0.01165 0.00858 -0.4186636 0.6021858 0.4236484 -0.5316156 -0.2168777 0.5272378 -0.3322849 0.7513795
0.42214 -0.39118 1.39413 -0.45251 -0.58764 1.61311 0.04594 -0.02868 0.01491 0.00558 -0.01888 0.02569 0.08537 0.08950 -0.00300 0.00860 0.06415 0.04893 0.00773 -0.00862 -0.4384916 0.6469052 0.4948247 -0.3799832 -0.2775502 0.815518 -0.1828695 0.4737669
0.4805 -0.44185 1.50775 -0.47405 -0.64749 1.7445 0.05836 -0.05067 0.11362 -0.02154 -0.05985 0.13139 0.08716 0.09526 0.00179 0.00576 0.07367 0.05513 0.00952 0.00620 -0.5971992 0.6175205 0.3744244 -0.3490385 -0.2624661 0.8294854 -0.1722708 0.4619397
0.52039 -0.49163 1.56176 -0.46418 -0.68415 1.78754 0.03989 -0.04978 0.05401 0.00987 -0.03666 0.04304 0.10402 0.09009 0.01686 -0.00517 0.07116 0.06121 -0.00251 0.00608 -0.3877319 0.561404 0.5284946 -0.5051564 -0.2229363 0.9050726 -0.1158596 0.3431027
0.51723 -0.53446 1.62592 -0.45687 -0.68226 1.79431 -0.00316 -0.04283 0.06416 0.00731 0.00189 0.00677 0.09172 0.09152 -0.01230 0.00143 0.11326 0.06317 0.04210 0.00196 -0.460009 0.879446 0.1110689 0.0512853 -0.1899094 0.9224805 -0.096007 0.3220974
0.54411 -0.60009 1.66318 -0.45462 -0.68413 1.81328 0.02688 -0.06563 0.03726 0.00225 -0.00187 0.01897 0.15230 0.09181 0.06058 0.00029 0.14863 0.06926 0.03537 0.00609 -0.4460507 0.8637263 0.217367 -0.0881315 -0.1818175 0.9826793 -0.0205226 -0.0293709
0.5299 -0.58852 1.62228 -0.44221 -0.69037 1.76921 -0.01421 0.01157 -0.04090 0.01241 -0.00624 -0.04407 0.14777 0.09253 -0.00453 0.00072 0.14110 0.05643 -0.00753 -0.01283 -0.4626911 0.8445465 0.2481286 -0.1053111 -0.1449948 0.9377506 -0.1035692 0.298117
0.54429 -0.60965 1.66098 -0.44685 -0.68276 1.82262 0.01439 -0.02113 0.03870 -0.00464 0.00761 0.05341 0.14931 0.09702 0.00154 0.00449 0.13664 0.05477 -0.00446 -0.00166 -0.3490125 0.72692 0.4314976 -0.4044594 -0.2564462 0.8979731 -0.1486371 0.3252485
0.53305 -0.59979 1.61391 -0.43646 -0.68666 1.7835 -0.01124 0.00986 -0.04707 0.01039 -0.00390 -0.03912 0.13800 0.08516 -0.01131 -0.01186 0.10647 0.05004 -0.03017 -0.00473 -0.4711393 0.7892935 0.336798 -0.2039874 -0.1925349 0.9206773 -0.1186186 0.3181403
0.5354 -0.60279 1.60667 -0.43204 -0.6848 1.78639 0.00235 -0.00300 -0.00724 0.00442 0.00186 0.00289 0.13302 0.07595 -0.00498 -0.00921 0.10089 0.05121 -0.00558 0.00117 -0.4831384 0.7442968 0.3977403 -0.2332427 -0.1966757 0.9203233 -0.1037678 0.3218014
0.53431 -0.60562 1.60756 -0.43096 -0.68323 1.79317 -0.00109 -0.00283 0.00089 0.00108 0.00157 0.00678 0.13259 0.08637 -0.00043 0.01042 0.11400 0.04990 0.01311 -0.00131 -0.4840933 0.3814176 -0.4016575 0.6773814 -0.2843553 0.9093928 -0.1106901 0.282656
0.54151 -0.61759 1.62998 -0.42732 -0.65667 1.82608 0.00720 -0.01197 0.02242 0.00364 0.02656 0.03291 0.13482 0.10949 0.00223 0.02312 0.11749 0.04996 0.00349 0.00006 -0.492727 0.3887045 -0.3911096 0.6731732 -0.0539735 0.9433528 -0.1757368 0.2762046
0.542 -0.61775 1.62799 -0.42513 -0.65362 1.82496 0.00049 -0.00016 -0.00199 0.00219 0.00305 -0.00112 0.13033 0.11250 -0.00449 0.00301 0.11945 0.04930 0.00196 -0.00066 -0.5009589 0.385364 -0.391348 0.6688659 -0.0308712 0.9400122 -0.1569154 0.3013332
0.53832 -0.61665 1.6257 -0.42068 -0.64008 1.82293 -0.00368 0.00110 -0.00229 0.00445 0.01354 -0.00203 0.12793 0.10858 -0.00240 -0.00392 0.11285 0.04790 -0.00660 -0.00140 -0.5101569 0.3940907 -0.3943439 0.6549239 -0.0287843 0.9433178 -0.1495429 0.2948899
0.53496 -0.61307 1.61941 -0.41767 -0.63628 1.81427 -0.00336 0.00358 -0.00629 0.00301 0.00380 -0.00866 0.10934 0.11001 -0.01859 0.00143 0.11275 0.04942 -0.00010 0.00152 -0.5136176 0.391132 -0.405921 0.64687 0.059043 0.9581858 -0.0758499 0.2695194
0.53452 -0.613 1.61772 -0.42694 -0.68336 1.80057 -0.00044 0.00007 -0.00169 -0.00927 -0.04708 -0.01370 0.11506 0.07503 0.00572 -0.03498 0.12744 0.05604 0.01469 0.00662 -0.516777 0.3900568 -0.4067104 0.6445028 -0.0280666 0.9638304 -0.1059303 0.2429446
0.53445 -0.61313 1.61566 -0.4272 -0.68478 1.80098 -0.00007 -0.00013 -0.00206 -0.00026 -0.00142 0.00041 0.13503 0.07542 0.01997 0.00039 0.12072 0.05935 -0.00672 0.00331 -0.5111035 0.3768526 -0.417511 0.6499538 -0.0048924 0.9638971 -0.0976749 0.2476652
0.53609 -0.61377 1.61387 -0.42723 -0.68747 1.80244 0.00164 -0.00064 -0.00179 -0.00003 -0.00269 0.00146 0.13542 0.08648 0.00039 0.01106 0.12877 0.05159 0.00805 -0.00776 -0.5122759 0.3708951 -0.4161174 0.6533425 0.0164768 0.9729226 -0.0930808 0.2109171
0.53457 -0.61328 1.61366 -0.42578 -0.68549 1.8062 -0.00152 0.00049 -0.00021 0.00145 0.00198 0.00376 0.12906 0.09814 -0.00636 0.01166 0.11901 0.04202 -0.00976 -0.00957 -0.5160834 0.3758987 -0.4156748 0.6477442 0.0547579 0.9716673 -0.08307 0.2143908
0.53261 -0.61139 1.61509 -0.42574 -0.68415 1.80782 -0.00196 0.00189 0.00143 0.00004 0.00134 0.00162 0.11040 0.07730 -0.01866 -0.02084 0.11892 0.06313 -0.00009 0.02111 -0.5276234 0.3861788 -0.4122951 0.6344228 0.0804319 0.967801 -0.0843399 0.2231116
0.51926 -0.60243 1.59564 -0.42038 -0.67832 1.78715 -0.01335 0.00896 -0.01945 0.00536 0.00583 -0.02067 0.11215 0.08547 0.00175 0.00817 0.07551 0.05983 -0.04341 -0.00330 -0.5644493 0.4245404 -0.2678835 0.6552869 0.1084993 0.9617043 -0.0909937 0.2346762
0.53163 -0.61069 1.61457 -0.41611 -0.65667 1.81268 0.01237 -0.00826 0.01893 0.00427 0.02165 0.02553 0.11712 0.10026 0.00497 0.01479 0.11549 0.04753 0.03998 -0.01230 -0.5330597 0.3787912 -0.4010268 0.6415156 0.1633439 0.9613094 -0.0536384 0.2152347
0.51926 -0.60494 1.59404 -0.41063 -0.64783 1.79242 -0.01237 0.00575 -0.02053 0.00548 0.00884 -0.02026 0.10988 0.10846 -0.00724 0.00820 0.08726 0.04401 -0.02823 -0.00352 -0.5265969 0.4148757 -0.3011061 0.6781659 0.1836086 0.9579886 -0.0538156 0.2136574
0.51937 -0.60465 1.5927 -0.39502 -0.59348 1.80322 0.00011 0.00029 -0.00134 0.01561 0.05435 0.01080 0.11145 0.11595 0.00157 0.00749 0.11888 0.05726 0.03162 0.01325 -0.4996676 0.380013 -0.3286896 0.7056102 0.8218068 0.5019236 -0.1563437 -0.219688
0.51948 -0.60451 1.59376 -0.39546 -0.59625 1.80508 0.00011 0.00014 0.00106 -0.00044 -0.00277 0.00186 0.10926 0.10974 -0.00219 -0.00621 0.11384 0.05495 -0.00504 -0.00231 -0.5039904 0.3812348 -0.3280903 0.7021471 0.8226786 0.5068712 -0.1572241 -0.2038684
0.53375 -0.61214 1.60975 -0.416 -0.65752 1.8229 0.01427 -0.00763 0.01599 -0.02054 -0.06127 0.01782 0.12847 0.10672 0.01921 -0.00302 0.11849 0.04091 0.00465 -0.01404 -0.53101 0.3676437 -0.4016222 0.6492813 0.23441 0.9455199 -0.0616645 0.2173512
0.53405 -0.61148 1.608 -0.41577 -0.65644 1.82277 0.00030 0.00066 -0.00175 0.00023 0.00108 -0.00013 0.12806 0.09624 -0.00041 -0.01048 0.11674 0.04052 -0.00175 -0.00039 -0.5315037 0.3653166 -0.4044618 0.6484274 0.1896281 0.9560413 -0.1276852 0.1836372
0.5347 -0.6121 1.60722 -0.41691 -0.6595 1.82729 0.00065 -0.00062 -0.00078 -0.00114 -0.00306 0.00452 0.12703 0.10718 -0.00103 0.01094 0.11482 0.03693 -0.00192 -0.00359 -0.5332763 0.3667154 -0.4015889 0.6479679 0.2479998 0.9366459 -0.1011897 0.2257236
]
