classifier_Monkey_goes_to_monkey_1753 [ 0.57909 -0.67314 1.77695 -0.30955 -0.46158 1.70515 0.57909 -0.67314 1.77695 -0.30955 -0.46158 1.70515 0.14217 0.12408 0.14217 0.12408 0.05829 0.08096 0.05829 0.08096 -0.4514164 0.2629332 -0.3919586 0.75727 -0.3540188 0.1576807 -0.4877801 0.7822263
0.60407 -0.70174 1.86439 -0.32152 -0.48304 1.78297 0.02498 -0.02860 0.08744 -0.01197 -0.02146 0.07782 0.15516 0.13107 0.01299 0.00699 0.07176 0.08447 0.01347 0.00351 -0.5046437 0.6655739 -0.1849184 0.5178332 -0.3591795 0.1583561 -0.4788688 0.7852377
0.57684 -0.66385 1.77861 -0.29496 -0.47038 1.68902 -0.02723 0.03789 -0.08578 0.02656 0.01266 -0.09395 0.15136 0.12308 -0.00380 -0.00799 0.11107 0.07339 0.03931 -0.01108 -0.5080222 0.8402725 0.1874294 -0.0269391 -0.429867 0.2729114 -0.3272007 0.7960361
0.58929 -0.6717 1.82382 -0.33356 -0.44086 1.77519 0.01245 -0.00785 0.04521 -0.03860 0.02952 0.08617 0.15927 0.12513 0.00791 0.00205 0.14905 0.07443 0.03798 0.00104 -0.4713948 0.8496745 0.2178144 -0.0916359 -0.3331816 0.1267206 -0.4981088 0.7904553
0.57193 -0.65259 1.79461 -0.33456 -0.4207 1.7521 -0.01736 0.01911 -0.02921 -0.00100 0.02016 -0.02309 0.16364 0.14016 0.00437 0.01503 0.14111 0.06625 -0.00794 -0.00818 -0.4606654 0.8714737 0.1542146 -0.0673706 -0.3662041 0.1625791 -0.5058779 0.7639046
0.54065 -0.52174 1.80872 -0.3502 -0.40821 1.78674 -0.03128 0.13085 0.01411 -0.01564 0.01249 0.03464 0.14272 0.07597 -0.02092 -0.06419 0.10325 0.08596 -0.03786 0.01971 -0.5833454 0.6903415 0.2058328 -0.3751926 -0.4543418 0.258601 -0.4918649 0.6962528
0.52059 -0.49809 1.71228 -0.36883 -0.38776 1.79284 -0.02006 0.02365 -0.09644 -0.01863 0.02045 0.00610 0.09263 0.08633 -0.05009 0.01036 0.06838 0.09455 -0.03487 0.00859 -0.5496888 0.7135472 0.1882743 -0.3914658 -0.5225357 0.3734904 -0.3666596 0.6730691
0.54472 -0.48689 1.8629 -0.41856 -0.4032 1.94859 0.02413 0.01120 0.15062 -0.04973 -0.01544 0.15575 0.11607 0.10362 0.02344 0.01729 0.07498 0.12344 0.00660 0.02889 0.5289389 -0.6491105 -0.1733942 0.5184724 -0.4087519 0.1865847 -0.4033942 0.797108
0.52245 -0.42618 1.82951 -0.41783 -0.38335 1.89946 -0.02227 0.06071 -0.03339 0.00073 0.01985 -0.04913 0.10057 0.10395 -0.01550 0.00033 0.12582 0.08129 0.05084 -0.04215 0.3098306 -0.0915914 -0.5202007 0.790574 -0.2112724 -0.1113164 -0.5129119 0.8245569
0.5471 -0.40255 1.91969 -0.44523 -0.38913 1.98015 0.02465 0.02363 0.09018 -0.02740 -0.00578 0.08069 0.10592 0.10971 0.00535 0.00576 0.05147 0.06211 -0.07435 -0.01918 -0.0394531 0.1802369 -0.536127 0.8237269 -0.2036251 -0.1643154 -0.4862377 0.8337327
0.54868 -0.37685 1.92712 -0.45049 -0.38718 1.99363 0.00158 0.02570 0.00743 -0.00526 0.00195 0.01348 0.09338 0.10927 -0.01254 -0.00044 0.08371 0.13183 0.03224 0.06972 0.3312139 0.2224749 -0.3880724 0.8307841 -0.3272065 0.0351779 -0.3648929 0.8709487
0.53301 -0.36872 1.92279 -0.46442 -0.37798 1.99668 -0.01567 0.00813 -0.00433 -0.01393 0.00920 0.00305 0.12340 0.11786 0.03002 0.00859 0.07487 0.12972 -0.00884 -0.00211 0.2186791 -0.0398078 -0.618146 0.753983 -0.3191405 0.0035218 -0.3291133 0.888719
0.52877 -0.35956 1.91305 -0.4584 -0.38059 1.98807 -0.00424 0.00916 -0.00974 0.00602 -0.00261 -0.00861 0.12991 0.11895 0.00651 0.00109 0.06383 0.12379 -0.01104 -0.00593 0.2390882 0.1195434 -0.5329536 0.8028117 -0.3207111 0.0180604 -0.3487602 0.8804456
0.52886 -0.35446 1.91217 -0.47525 -0.37126 2.00139 0.00009 0.00510 -0.00088 -0.01685 0.00933 0.01332 0.13428 0.12809 0.00437 0.00914 0.06882 0.12731 0.00499 0.00352 0.2659125 0.0473969 -0.5740358 0.7729986 -0.1090996 0.0836501 -0.3442363 0.9287633
0.50727 -0.33512 1.82696 -0.46729 -0.34615 1.9247 -0.02159 0.01934 -0.08521 0.00796 0.02511 -0.07669 0.12425 0.12514 -0.01003 -0.00295 0.13386 0.12754 0.06504 0.00023 0.3352105 -0.0497324 -0.3178591 0.885509 -0.2693822 0.1054352 -0.3592269 0.8872839
0.53889 -0.3597 1.95245 -0.48058 -0.37489 2.04871 0.03162 -0.02458 0.12549 -0.01329 -0.02874 0.12401 0.12854 0.10280 0.00429 -0.02234 0.11192 0.12187 -0.02194 -0.00567 0.3895862 -0.1365865 -0.2424586 0.877941 -0.2808989 0.1479048 -0.2861875 0.9040557
0.5246 -0.35353 1.90933 -0.43852 -0.37855 1.99764 -0.01429 0.00617 -0.04312 0.04206 -0.00366 -0.05107 0.11898 0.06466 -0.00956 -0.03814 0.09482 0.03982 -0.01710 -0.08205 0.4357809 -0.3085227 -0.1414264 0.833611 -0.4889464 -0.1310828 -0.3239158 0.7992666
0.5234 -0.35705 1.90375 -0.44058 -0.37959 1.99346 -0.00120 -0.00352 -0.00558 -0.00206 -0.00104 -0.00418 0.11350 0.06742 -0.00548 0.00276 0.08096 0.06543 -0.01386 0.02561 0.4403315 -0.2610854 -0.1787541 0.8402318 -0.4751171 -0.0484731 -0.3144865 0.8203734
0.52737 -0.36082 1.89435 -0.4479 -0.39072 1.98573 0.00397 -0.00377 -0.00940 -0.00732 -0.01113 -0.00773 0.11586 0.07173 0.00236 0.00431 0.09370 0.08052 0.01274 0.01509 0.3871137 -0.1983376 -0.2541442 0.8638378 -0.3715675 -0.0247291 -0.3244285 0.8695241
0.54207 -0.37857 1.93319 -0.49782 -0.38526 2.04239 0.01470 -0.01775 0.03884 -0.04992 0.00546 0.05666 0.12911 0.12080 0.01325 0.04907 0.06277 0.12600 -0.03093 0.04548 0.226884 0.1843872 -0.4123005 0.8628634 -0.3786797 -0.0077231 -0.3464409 0.8582079
0.51882 -0.37184 1.86674 -0.46318 -0.39011 1.96982 -0.02325 0.00673 -0.06645 0.03464 -0.00485 -0.07257 0.12937 0.12007 0.00026 -0.00073 0.06103 0.12776 -0.00174 0.00176 0.21542 0.1482004 -0.4854687 0.8342368 -0.3344962 -0.0026817 -0.2677425 0.9035591
0.52508 -0.38475 1.90276 -0.46876 -0.39302 2.01206 0.00626 -0.01291 0.03602 -0.00558 -0.00291 0.04224 0.13073 0.10980 0.00136 -0.01027 0.06135 0.12104 0.00032 -0.00672 0.2207196 0.2099666 -0.4183938 0.8556538 -0.3737198 0.0289536 -0.2481141 0.8932719
0.52965 -0.38478 1.92057 -0.45911 -0.38892 2.03022 0.00457 -0.00003 0.01781 0.00965 0.00410 0.01816 0.13605 0.09965 0.00532 -0.01015 0.11560 0.07487 0.05425 -0.04617 0.356613 -0.0431273 -0.3462219 0.8666589 -0.2920198 0.1503438 -0.3117897 0.8915763
0.48993 -0.37508 1.88671 -0.44808 -0.36295 1.96273 -0.03972 0.00970 -0.03386 0.01103 0.02597 -0.06749 0.11579 0.10574 -0.02026 0.00609 0.07905 0.05576 -0.03655 -0.01911 0.5038496 -0.1647567 -0.2146556 0.8203132 -0.3681269 0.0405401 -0.3762735 0.8492687
0.46251 -0.37126 1.85142 -0.42784 -0.34569 1.901 -0.02742 0.00382 -0.03529 0.02024 0.01726 -0.06173 0.11368 0.09987 -0.00211 -0.00587 0.07104 0.05263 -0.00801 -0.00313 0.5223862 -0.167237 -0.2070724 0.8101021 -0.4160887 0.0969143 -0.4552415 0.7811741
0.42252 -0.35669 1.77048 -0.39565 -0.31153 1.78634 -0.03999 0.01457 -0.08094 0.03219 0.03416 -0.11466 0.10474 0.09506 -0.00894 -0.00481 0.05794 0.04179 -0.01310 -0.01084 0.3060317 0.1768447 -0.5023901 0.7890974 0.0404784 0.3763618 0.6488731 -0.6600584
0.39481 -0.36022 1.76834 -0.37527 -0.28908 1.74987 -0.02771 -0.00353 -0.00214 0.02038 0.02245 -0.03647 0.09074 0.08772 -0.01400 -0.00734 0.06742 0.06351 0.00948 0.02172 0.3922054 0.2556605 -0.4506389 0.7600902 -0.254057 -0.2721692 -0.6311262 0.6804842
0.38941 -0.36865 1.79169 -0.36231 -0.26535 1.73263 -0.00540 -0.00843 0.02335 0.01296 0.02373 -0.01724 0.09544 0.09064 0.00470 0.00292 0.06781 0.04075 0.00039 -0.02276 0.5598752 -0.1116211 -0.1505295 0.8071068 -0.1517888 0.4632392 0.742921 -0.4587354
0.39887 -0.39291 1.88196 -0.35768 -0.23879 1.7728 0.00946 -0.02426 0.09027 0.00463 0.02656 0.04017 0.09731 0.07759 0.00187 -0.01305 0.07754 0.05373 0.00973 0.01298 0.5553201 -0.1214838 -0.099208 0.8167123 -0.1503099 0.581852 0.6712346 -0.4339345
0.3958 -0.40769 1.91675 -0.34692 -0.1924 1.75526 -0.00307 -0.01478 0.03479 0.01076 0.04639 -0.01754 0.09708 0.07070 -0.00023 -0.00689 0.09028 0.04798 0.01274 -0.00575 0.5488799 -0.0947248 -0.0901923 0.8256049 -0.2301529 0.5878115 0.683154 -0.367162
0.40675 -0.43284 1.99989 -0.34142 -0.1347 1.80429 0.01095 -0.02515 0.08314 0.00550 0.05770 0.04903 0.10866 0.08357 0.01158 0.01287 0.10405 0.05209 0.01377 0.00411 0.5327274 -0.0890063 -0.0925516 0.8364889 -0.1262193 0.6811056 0.71431 0.0996242
0.39994 -0.43933 1.99876 -0.32159 -0.06358 1.78372 -0.00681 -0.00649 -0.00113 0.01983 0.07112 -0.02057 0.10570 0.09401 -0.00296 0.01044 0.10650 0.07914 0.00245 0.02705 0.5327552 -0.072989 -0.1070924 0.8362868 0.8272671 -0.1925728 0.28515 -0.4441108
0.37739 -0.42076 1.90196 -0.28763 -0.00048 1.6841 -0.02255 0.01857 -0.09680 0.03396 0.06310 -0.09962 0.10341 0.07901 -0.00229 -0.01500 0.08317 0.07688 -0.02333 -0.00226 0.4144205 0.3267948 -0.3585926 0.7699819 0.8366326 -0.2208186 0.3046184 -0.3981114
0.26783 -0.48274 1.79349 -0.24798 0.05983 1.60178 -0.10956 -0.06198 -0.10847 0.03965 0.06031 -0.08232 0.15773 0.08371 0.05432 0.00470 0.09978 0.05039 0.01661 -0.02649 0.489583 -0.2555871 -0.1520112 0.8196807 0.8287582 -0.127321 0.4127723 -0.3557643
0.36666 -0.4233 1.88022 -0.24889 0.07025 1.63925 0.09883 0.05944 0.08673 -0.00091 0.01042 0.03747 0.17080 0.09154 0.01307 0.00783 0.11269 0.05471 0.01291 0.00432 0.5660788 -0.1379112 -0.1347872 0.8014784 0.8539522 -0.1796629 0.3426102 -0.3480013
0.36909 -0.42499 1.88457 -0.24384 0.07194 1.61758 0.00243 -0.00169 0.00435 0.00505 0.00169 -0.02167 0.17311 0.09076 0.00231 -0.00078 0.11590 0.05956 0.00321 0.00485 0.561149 -0.1409893 -0.1482345 0.8020351 0.8589208 -0.2062368 0.3237596 -0.3389707
0.37029 -0.42459 1.8785 -0.23807 0.06252 1.59167 0.00120 0.00040 -0.00607 0.00577 -0.00942 -0.02591 0.17147 0.09123 -0.00164 0.00047 0.11388 0.05719 -0.00202 -0.00237 0.5561237 -0.1535344 -0.1509633 0.8027226 0.8342423 -0.2085381 0.3586408 -0.3632194
0.37317 -0.42463 1.88124 -0.23184 0.05768 1.58754 0.00288 -0.00004 0.00274 0.00623 -0.00484 -0.00413 0.17422 0.09094 0.00275 -0.00029 0.11965 0.09606 0.00577 0.03887 0.5541115 -0.1511493 -0.1625636 0.8023013 0.9036376 -0.3100778 0.0652188 -0.288162
0.39634 -0.44561 1.97883 -0.23917 0.05339 1.67061 0.02317 -0.02098 0.09759 -0.00733 -0.00429 0.08307 0.18517 0.09697 0.01095 0.00603 0.12749 0.06154 0.00784 -0.03452 0.5436032 -0.1315827 -0.1789395 0.8094209 0.8264841 -0.1745518 0.3648597 -0.3915777
0.39947 -0.44436 1.97505 -0.23483 0.05064 1.67038 0.00313 0.00125 -0.00378 0.00434 -0.00275 -0.00023 0.18222 0.09577 -0.00295 -0.00120 0.12823 0.06737 0.00074 0.00583 0.5410233 -0.1506519 -0.1783845 0.807946 0.8628813 -0.2003431 0.2731079 -0.3751141
0.40305 -0.44386 1.97653 -0.23545 0.04984 1.66964 0.00358 0.00050 0.00148 -0.00062 -0.00080 -0.00074 0.18527 0.09322 0.00305 -0.00255 0.12645 0.07287 -0.00178 0.00550 0.5397309 -0.1448288 -0.1800521 0.8095039 0.9043005 -0.3302156 -0.0819681 -0.2578363
0.40379 -0.44613 1.97456 -0.23712 0.04768 1.66659 0.00074 -0.00227 -0.00197 -0.00167 -0.00216 -0.00305 0.18728 0.09316 0.00201 -0.00006 0.12322 0.10519 -0.00323 0.03232 0.529733 -0.1467362 -0.1758005 0.8166674 0.8980172 -0.2625383 0.14313 -0.3227267
0.40698 -0.44586 1.97355 -0.24101 0.04704 1.66176 0.00319 0.00027 -0.00101 -0.00389 -0.00064 -0.00483 0.19171 0.09215 0.00443 -0.00101 0.12231 0.07276 -0.00091 -0.03243 0.5321295 -0.1392804 -0.177784 0.8159854 0.8997923 -0.2763158 0.144837 -0.305034
0.41569 -0.44847 1.97599 -0.24768 0.04605 1.66338 0.00871 -0.00261 0.00244 -0.00667 -0.00099 0.00162 0.19509 0.09304 0.00338 0.00089 0.12540 0.07127 0.00309 -0.00149 0.5132506 -0.1423773 -0.1784239 0.8273255 0.8667686 -0.2244783 0.3026035 -0.3267305
0.45266 -0.44362 2.00677 -0.25508 0.0465 1.68917 0.03697 0.00485 0.03078 -0.00740 0.00045 0.02579 0.11038 0.09624 -0.08471 0.00320 0.10815 0.08444 -0.01725 0.01317 0.475803 0.0200836 -0.339026 0.8113381 0.9203451 -0.2992957 0.0585716 -0.2448597
0.47925 -0.4472 2.00384 -0.2626 0.0456 1.6928 0.02659 -0.00358 -0.00293 -0.00752 -0.00090 0.00363 0.11426 0.09565 0.00388 -0.00059 0.08739 0.06437 -0.02076 -0.02007 0.2889015 0.1191044 -0.4543634 0.8342086 0.8601935 -0.2109137 0.3480527 -0.3073142
0.49134 -0.44509 1.99287 -0.26415 0.04456 1.68667 0.01209 0.00211 -0.01097 -0.00155 -0.00104 -0.00613 0.11185 0.09777 -0.00241 0.00212 0.08328 0.05917 -0.00411 -0.00520 0.2345 0.1118365 -0.4834766 0.8359143 0.8734621 -0.2262249 0.3124011 -0.2971394
0.49582 -0.44368 1.97784 -0.2669 0.0444 1.67904 0.00448 0.00141 -0.01503 -0.00275 -0.00016 -0.00763 0.10932 0.09592 -0.00253 -0.00185 0.08236 0.07388 -0.00092 0.01471 0.2213301 0.1187116 -0.4932173 0.8328609 0.8522282 -0.2084931 0.3714954 -0.3036923
0.50338 -0.44097 1.97367 -0.26959 0.0423 1.67814 0.00756 0.00271 -0.00417 -0.00269 -0.00210 -0.00090 0.10795 0.09698 -0.00137 0.00106 0.07130 0.05086 -0.01106 -0.02302 0.2037734 0.1540541 -0.5085743 0.8222505 0.9241608 -0.2972072 0.0879482 -0.2232932
0.5018 -0.43044 1.94559 -0.26885 0.04177 1.65705 -0.00158 0.01053 -0.02808 0.00074 -0.00053 -0.02109 0.10828 0.09756 0.00033 0.00058 0.11033 0.05439 0.03903 0.00353 0.2429747 0.0978929 -0.5072216 0.8210399 0.8501273 -0.2082979 0.3778815 -0.30183
0.48805 -0.42887 1.92246 -0.26713 0.04003 1.63896 -0.01375 0.00157 -0.02313 0.00172 -0.00174 -0.01809 0.09381 0.09428 -0.01447 -0.00328 0.07869 0.04683 -0.03164 -0.00756 0.2828329 0.1887283 -0.4801278 0.8086189 0.9064755 -0.2606299 0.2071536 -0.2597337
0.48691 -0.423 1.91644 -0.26723 0.03893 1.63515 -0.00114 0.00587 -0.00602 -0.00010 -0.00110 -0.00381 0.09494 0.09495 0.00113 0.00067 0.10238 0.05362 0.02369 0.00679 0.3167152 0.1467005 -0.4811672 0.8041446 0.8506956 -0.2058611 0.3739868 -0.3067119
0.50529 -0.40008 1.91131 -0.26551 0.03979 1.63093 0.01838 0.02292 -0.00513 0.00172 0.00086 -0.00422 0.12490 0.09205 0.02996 -0.00290 0.14246 0.05833 0.04008 0.00471 0.3780041 -0.060823 -0.5724768 0.7250406 0.9163772 -0.2681935 0.1566897 -0.2525337
0.48522 -0.41168 1.89986 -0.26649 0.0381 1.62755 -0.02007 -0.01160 -0.01145 -0.00098 -0.00169 -0.00338 0.12472 0.09413 -0.00018 0.00208 0.14121 0.05031 -0.00125 -0.00802 0.3783266 0.0306091 -0.4781474 0.7920273 0.8586466 -0.2127068 0.3531714 -0.3045515
0.46872 -0.41304 1.86814 -0.26435 0.03529 1.60483 -0.01650 -0.00136 -0.03172 0.00214 -0.00281 -0.02272 0.11451 0.09375 -0.01021 -0.00038 0.08280 0.05513 -0.05841 0.00482 0.2192797 0.3773252 -0.4944414 0.7517112 0.8476435 -0.2140712 0.3731936 -0.3104843
0.50058 -0.38144 1.88868 -0.26492 0.03585 1.61361 0.03186 0.03160 0.02054 -0.00057 0.00056 0.00878 0.12434 0.09122 0.00983 -0.00253 0.13071 0.05152 0.04791 -0.00361 0.4520926 -0.1076752 -0.5894291 0.6607507 0.8434363 -0.2085264 0.3811225 -0.3160342
0.478 -0.36305 1.82757 -0.25623 0.03416 1.55649 -0.02258 0.01839 -0.06111 0.00869 -0.00169 -0.05712 0.11373 0.08992 -0.01061 -0.00130 0.09260 0.05970 -0.03811 0.00818 0.5743381 -0.1197015 -0.4979673 0.6386203 0.8837528 -0.2449432 0.2756061 -0.2881408
0.4711 -0.36015 1.83618 -0.26023 0.03292 1.56687 -0.00690 0.00290 0.00861 -0.00400 -0.00124 0.01038 0.10553 0.09068 -0.00820 0.00076 0.07771 0.06185 -0.01489 0.00215 0.6370082 -0.1642846 -0.3657003 0.6584028 0.9110184 -0.279045 0.1682023 -0.2527593
0.46903 -0.35451 1.82028 -0.25886 0.03327 1.55723 -0.00207 0.00564 -0.01590 0.00137 0.00035 -0.00964 0.10587 0.08899 0.00034 -0.00169 0.07074 0.07485 -0.00697 0.01300 0.5941231 -0.1866695 -0.3972009 0.6740947 0.8741541 -0.2324876 0.309167 -0.2936323
0.46477 -0.35395 1.80695 -0.25989 0.03324 1.54997 -0.00426 0.00056 -0.01333 -0.00103 -0.00003 -0.00726 0.10882 0.08828 0.00295 -0.00071 0.08155 0.06120 0.01081 -0.01365 0.5120727 -0.1386273 -0.4556286 0.7148193 0.9253134 -0.3063635 0.065841 -0.2135451
0.45399 -0.35512 1.80655 -0.26243 0.03095 1.54938 -0.01078 -0.00117 -0.00040 -0.00254 -0.00229 -0.00059 0.11768 0.08786 0.00886 -0.00042 0.10363 0.05251 0.02208 -0.00869 0.5128751 -0.1048985 -0.4174764 0.7427441 0.8329938 -0.2131694 0.4048763 -0.3110552
0.47233 -0.36001 1.89355 -0.27429 0.03122 1.62174 0.01834 -0.00489 0.08700 -0.01186 0.00027 0.07236 0.12134 0.09216 0.00366 0.00430 0.10037 0.06949 -0.00326 0.01698 0.5963785 -0.1230248 -0.4152108 0.675868 0.9217482 -0.3218979 0.0525016 -0.2097749
0.43424 -0.3325 1.80093 -0.26115 0.02639 1.54302 -0.03809 0.02751 -0.09262 0.01314 -0.00483 -0.07872 0.11329 0.09037 -0.00805 -0.00179 0.08557 0.05780 -0.01480 -0.01169 0.4978561 -0.2319351 -0.3602705 0.754023 0.9200798 -0.3378916 0.0043827 -0.1981491
0.43486 -0.3339 1.87212 -0.26942 0.02973 1.61323 0.00062 -0.00140 0.07119 -0.00827 0.00334 0.07021 0.10898 0.09416 -0.00431 0.00379 0.09504 0.05826 0.00947 0.00046 0.7151971 -0.4103332 -0.0127682 0.5656471 0.8420945 -0.2160672 0.3732327 -0.3238657
0.39894 -0.30014 1.77435 -0.25467 0.02885 1.54092 -0.03592 0.03376 -0.09777 0.01475 -0.00088 -0.07231 0.10101 0.08987 -0.00797 -0.00429 0.09092 0.06248 -0.00412 0.00422 0.6286978 -0.4076224 -0.1334774 0.6486655 0.9131999 -0.2892256 0.1232511 -0.259275
0.38396 -0.28088 1.78265 -0.25681 0.03016 1.56041 -0.01498 0.01926 0.00830 -0.00214 0.00131 0.01949 0.09832 0.09110 -0.00269 0.00123 0.10478 0.06794 0.01386 0.00546 0.6646921 -0.1969658 -0.2478503 0.6767268 0.9204866 -0.3116993 0.0384819 -0.2325235
0.38057 -0.2533 1.77374 -0.25726 0.03226 1.57999 -0.00339 0.02758 -0.00891 -0.00045 0.00210 0.01958 0.09706 0.09518 -0.00126 0.00408 0.06270 0.05696 -0.04208 -0.01098 0.6190163 -0.1624925 -0.4335467 0.6343912 0.922025 -0.3207193 -0.0389375 -0.213291
0.36426 -0.17572 1.73411 -0.25702 0.03589 1.60495 -0.01631 0.07758 -0.03963 0.00024 0.00363 0.02496 0.09352 0.09631 -0.00354 0.00113 0.06028 0.05456 -0.00242 -0.00240 0.6184598 0.0318098 -0.4259918 0.6595656 0.7972386 -0.1387423 0.4706431 -0.3516478
0.35547 -0.13262 1.7312 -0.25623 0.03843 1.62454 -0.00879 0.04310 -0.00291 0.00079 0.00254 0.01959 0.09965 0.09696 0.00613 0.00065 0.08691 0.05735 0.02663 0.00279 0.7246534 -0.0439325 -0.3145042 0.6115837 0.9264028 -0.2811145 0.0298605 -0.2487183
0.35404 -0.08377 1.73128 -0.25776 0.04173 1.64162 -0.00143 0.04885 0.00008 -0.00153 0.00330 0.01708 0.10715 0.09857 0.00750 0.00161 0.06747 0.05814 -0.01944 0.00079 0.8242149 -0.1520588 -0.3014174 0.4546378 0.8556736 -0.1675032 0.3655871 -0.3257475
0.34728 -0.03533 1.72478 -0.25879 0.04226 1.65501 -0.00676 0.04844 -0.00650 -0.00103 0.00053 0.01339 0.10284 0.10146 -0.00431 0.00289 0.05163 0.05474 -0.01584 -0.00340 0.8203117 -0.2534681 -0.2687793 0.4365779 0.8447146 -0.1575166 0.3908406 -0.3299839
0.32876 0.01293 1.69794 -0.25555 0.04521 1.64282 -0.01852 0.04826 -0.02684 0.00324 0.00295 -0.01219 0.09875 0.10048 -0.00409 -0.00098 0.07625 0.06531 0.02462 0.01057 0.8834836 -0.2959848 -0.0970873 0.349891 0.9336202 -0.2811676 -0.0256799 -0.2205416
0.30735 0.05374 1.66328 -0.25315 0.04938 1.63533 -0.02141 0.04081 -0.03466 0.00240 0.00417 -0.00749 0.10327 0.10093 0.00452 0.00045 0.07027 0.06952 -0.00598 0.00421 0.9123123 -0.3090485 0.1106114 0.2448273 0.9311131 -0.2241463 0.1314564 -0.2559417
0.30129 0.04804 1.6498 -0.25315 0.05097 1.63745 -0.00606 -0.00570 -0.01348 0.00000 0.00159 0.00212 0.10188 0.09935 -0.00139 -0.00158 0.06931 0.06386 -0.00096 -0.00566 0.8734717 -0.3799238 0.230436 0.1990086 0.8860878 -0.1709736 0.3166161 -0.2921827
0.2959 0.03983 1.63259 -0.25412 0.05254 1.63622 -0.00539 -0.00821 -0.01721 -0.00097 0.00157 -0.00123 0.09742 0.10001 -0.00446 0.00066 0.07420 0.07115 0.00489 0.00729 0.8766629 -0.3908559 0.1836091 0.2120883 0.9426066 -0.2552028 0.0219888 -0.2141982
0.29125 0.02951 1.62224 -0.25473 0.05178 1.63654 -0.00465 -0.01032 -0.01035 -0.00061 -0.00076 0.00032 0.09896 0.09744 0.00154 -0.00257 0.08110 0.06680 0.00690 -0.00435 0.8782514 -0.3934093 0.1167848 0.2454891 0.9427852 -0.2544647 0.0280616 -0.2135799
0.28827 0.0272 1.61738 -0.25514 0.05084 1.63763 -0.00298 -0.00231 -0.00486 -0.00041 -0.00094 0.00109 0.09606 0.09614 -0.00290 -0.00130 0.05415 0.05486 -0.02695 -0.01194 0.7888274 -0.1722054 -0.418196 0.4161835 0.9426612 -0.2651276 -0.0100826 -0.2024736
0.28457 0.02385 1.61138 -0.25564 0.04961 1.63144 -0.00370 -0.00335 -0.00600 -0.00050 -0.00123 -0.00619 0.09554 0.09788 -0.00052 0.00174 0.05850 0.07177 0.00435 0.01691 0.7448331 -0.1212972 -0.4969514 0.4284274 0.9408513 -0.272554 0.0050728 -0.2012144
0.28265 0.02554 1.61017 -0.25524 0.04897 1.6275 -0.00192 0.00169 -0.00121 0.00040 -0.00064 -0.00394 0.09538 0.09438 -0.00016 -0.00350 0.05798 0.05182 -0.00052 -0.01995 0.6263506 -0.0207708 -0.6489404 0.4314277 0.924757 -0.2416794 0.1629753 -0.2446517
0.28264 0.02613 1.61092 -0.25576 0.04846 1.62727 -0.00001 0.00059 0.00075 -0.00052 -0.00051 -0.00023 0.09719 0.09575 0.00181 0.00137 0.05673 0.05533 -0.00125 0.00351 0.6381722 -0.024041 -0.6433873 0.4221505 0.9359176 -0.2685614 0.0682657 -0.2174231
0.28287 0.02693 1.61075 -0.25652 0.04944 1.62668 0.00023 0.00080 -0.00017 -0.00076 0.00098 -0.00059 0.09767 0.09318 0.00048 -0.00257 0.06699 0.06178 0.01026 0.00645 -0.276153 -0.1663898 0.8652814 -0.3838516 0.8840609 -0.2065194 0.3143343 -0.2774529
0.28384 0.02659 1.61101 -0.2589 0.04842 1.62912 0.00097 -0.00034 0.00026 -0.00238 -0.00102 0.00244 0.09840 0.09742 0.00073 0.00424 0.07248 0.05226 0.00549 -0.00952 -0.0504591 -0.2530753 0.9075106 -0.331408 0.925792 -0.2539737 0.1574245 -0.2315688
0.28409 0.02719 1.6095 -0.26052 0.04895 1.63131 0.00025 0.00060 -0.00151 -0.00162 0.00053 0.00219 0.09492 0.09637 -0.00348 -0.00105 0.07074 0.06275 -0.00174 0.01049 -0.0380943 -0.2521028 0.9067178 -0.3359401 0.9326805 -0.2640567 0.1186067 -0.2152061
0.28454 0.02708 1.60993 -0.26124 0.04961 1.6328 0.00045 -0.00011 0.00043 -0.00072 0.00066 0.00149 0.09605 0.09498 0.00113 -0.00139 0.07136 0.05978 0.00062 -0.00297 0.1108012 -0.3011426 0.900883 -0.2923119 0.9333603 -0.2636748 0.1184856 -0.2127801
0.28431 0.02504 1.60756 -0.2613 0.04956 1.6332 -0.00023 -0.00204 -0.00237 -0.00006 -0.00005 0.00040 0.09548 0.09559 -0.00057 0.00061 0.06589 0.04789 -0.00547 -0.01189 0.3484869 -0.371888 0.835734 -0.2044626 0.9263035 -0.2460568 0.1722871 -0.2274531
0.2797 0.02415 1.60288 -0.26106 0.04842 1.62995 -0.00461 -0.00089 -0.00468 0.00024 -0.00114 -0.00325 0.09437 0.09419 -0.00111 -0.00140 0.06848 0.05535 0.00259 0.00746 -0.1288372 -0.2244371 0.8915596 -0.371686 0.9222671 -0.2525034 0.1787027 -0.2317991
0.27159 0.02415 1.59953 -0.26048 0.04567 1.62556 -0.00811 0.00000 -0.00335 0.00058 -0.00275 -0.00439 0.09389 0.09519 -0.00048 0.00100 0.10212 0.06397 0.03364 0.00862 0.1651979 -0.3473814 0.8848422 -0.26285 0.8708439 -0.2143431 0.3418873 -0.2807154
0.26265 0.02424 1.59586 -0.25786 0.04508 1.62351 -0.00894 0.00009 -0.00367 0.00262 -0.00059 -0.00205 0.09414 0.09576 0.00025 0.00057 0.06973 0.06173 -0.03239 -0.00224 0.5623672 -0.4369778 0.6998507 -0.054795 0.929249 -0.2860093 0.0809473 -0.2194141
0.25079 0.02721 1.59357 -0.25873 0.04234 1.62174 -0.01186 0.00297 -0.00229 -0.00087 -0.00274 -0.00177 0.09400 0.09592 -0.00014 0.00016 0.08968 0.05277 0.01995 -0.00896 0.8227131 -0.4035708 0.363576 0.1675896 0.8608847 -0.217878 0.3512585 -0.2966888
0.23591 0.02962 1.5905 -0.25538 0.04406 1.61834 -0.01488 0.00241 -0.00307 0.00335 0.00172 -0.00340 0.09625 0.09562 0.00225 -0.00030 0.05975 0.04860 -0.02993 -0.00417 0.4186071 -0.4220941 0.7976229 -0.1019922 0.9208938 -0.277984 0.1277508 -0.2415765
0.21826 0.03425 1.587 -0.25398 0.0445 1.61232 -0.01765 0.00463 -0.00350 0.00140 0.00044 -0.00602 0.09742 0.09405 0.00117 -0.00157 0.06541 0.06523 0.00566 0.01663 0.4505495 -0.4204644 0.7850475 -0.0625709 0.9291466 -0.3159476 -0.0362405 -0.1885479
0.20654 0.03902 1.66569 -0.26561 0.04545 1.69564 -0.01172 0.00477 0.07869 -0.01163 0.00095 0.08332 0.10395 0.10013 0.00653 0.00608 0.06206 0.06395 -0.00335 -0.00128 0.4104668 -0.4222844 0.8052821 -0.0686556 0.8533801 -0.2002189 0.3669713 -0.3114272
0.175 0.04111 1.60925 -0.25476 0.04393 1.63631 -0.03154 0.00209 -0.05644 0.01085 -0.00152 -0.05933 0.10234 0.09621 -0.00161 -0.00392 0.09571 0.05631 0.03365 -0.00764 0.5332064 -0.425038 0.731159 0.0209774 0.8769479 -0.2168219 0.3075258 -0.2989622
0.10996 0.04853 1.67133 -0.25542 0.04054 1.68773 -0.06504 0.00742 0.06208 -0.00066 -0.00339 0.05142 0.10781 0.09895 0.00547 0.00274 0.06422 0.07085 -0.03149 0.01454 0.3528728 -0.4024069 0.8437079 -0.0413075 0.9175494 -0.2986487 0.0637524 -0.2546518
0.07662 0.04461 1.68274 -0.25089 0.03675 1.68624 -0.03334 -0.00392 0.01141 0.00453 -0.00379 -0.00149 0.11572 0.09808 0.00791 -0.00087 0.06061 0.07988 -0.00361 0.00903 0.3099172 -0.4428855 0.8413028 0.00366 0.9148996 -0.3106213 0.0247088 -0.2566372
-0.00389 0.05037 1.67798 -0.24071 0.03458 1.66151 -0.08051 0.00576 -0.00476 0.01018 -0.00217 -0.02473 0.11140 0.09805 -0.00432 -0.00003 0.09822 0.07107 0.03761 -0.00881 0.4134689 -0.4127773 0.8055459 0.0987622 0.8532982 -0.1873642 0.336729 -0.3512696
-0.04935 0.05568 1.65653 -0.23699 0.0321 1.62816 -0.04546 0.00531 -0.02145 0.00372 -0.00248 -0.03335 0.13315 0.09681 0.02175 -0.00124 0.06757 0.06033 -0.03065 -0.01074 0.6793311 -0.3546501 0.5517261 0.3291367 0.8608197 -0.1903044 0.3311677 -0.3363059
-0.10368 0.05744 1.63549 -0.23582 0.02712 1.60334 -0.05433 0.00176 -0.02104 0.00117 -0.00498 -0.02482 0.13536 0.10039 0.00221 0.00358 0.06396 0.04627 -0.00361 -0.01406 0.2197256 -0.3970374 0.8895687 -0.0524363 0.9219068 -0.3014157 0.0293581 -0.241608
-0.12972 0.05248 1.62884 -0.23151 0.02543 1.59745 -0.02604 -0.00496 -0.00665 0.00431 -0.00169 -0.00589 0.12992 0.10028 -0.00544 -0.00011 0.05993 0.06146 -0.00403 0.01519 0.7520012 -0.3568439 0.4705097 0.2928777 0.8316196 -0.1782722 0.4061237 -0.3342029
-0.16439 0.03322 1.6297 -0.22582 0.02536 1.5952 -0.03467 -0.01926 0.00086 0.00569 -0.00007 -0.00225 0.12512 0.09532 -0.00480 -0.00496 0.06185 0.06618 0.00192 0.00472 0.804 -0.3528928 0.3625333 0.3124424 0.8239598 -0.1543526 0.4207547 -0.3467434
-0.176 0.03036 1.64564 -0.22871 0.02437 1.61405 -0.01161 -0.00286 0.01594 -0.00289 -0.00099 0.01885 0.12276 0.09875 -0.00236 0.00343 0.05939 0.06506 -0.00246 -0.00112 0.8156204 -0.3427293 0.3236988 0.3354385 0.8122854 -0.1271837 0.4499299 -0.3486829
-0.18102 0.03013 1.63623 -0.23069 0.02376 1.60733 -0.00502 -0.00023 -0.00941 -0.00198 -0.00061 -0.00672 0.12627 0.09778 0.00351 -0.00097 0.06210 0.07055 0.00271 0.00549 0.8296472 -0.3341275 0.2988866 0.3327329 0.8017167 -0.1138092 0.4768396 -0.3419382
-0.18977 0.03023 1.64002 -0.23595 0.02388 1.61295 -0.00875 0.00010 0.00379 -0.00526 0.00012 0.00562 0.12117 0.09623 -0.00510 -0.00155 0.06196 0.06893 -0.00014 -0.00162 0.8085757 -0.3577823 0.3545728 0.3040973 0.8133913 -0.1256127 0.4645549 -0.32681
-0.19241 0.02711 1.64252 -0.23947 0.0223 1.61635 -0.00264 -0.00312 0.00250 -0.00352 -0.00158 0.00340 0.12026 0.09572 -0.00091 -0.00051 0.06514 0.06872 0.00318 -0.00021 0.8197716 -0.3471908 0.3249759 0.3190982 0.826054 -0.1297459 0.4450121 -0.3205698
-0.19697 0.02404 1.6618 -0.24585 0.01778 1.63404 -0.00456 -0.00307 0.01928 -0.00638 -0.00452 0.01769 0.12213 0.09840 0.00187 0.00268 0.06474 0.07279 -0.00040 0.00407 0.8139178 -0.3526994 0.3383539 0.3140981 0.8016518 -0.1193726 0.479476 -0.3364629
-0.19639 0.02228 1.64292 -0.24515 0.01814 1.61547 0.00058 -0.00176 -0.01888 0.00070 0.00036 -0.01857 0.11936 0.09604 -0.00277 -0.00236 0.06087 0.07197 -0.00387 -0.00082 0.8104978 -0.3551145 0.3477779 0.3098992 0.8340252 -0.1381001 0.4246554 -0.3240342
-0.1973 0.02151 1.63651 -0.24596 0.01688 1.60992 -0.00091 -0.00077 -0.00641 -0.00081 -0.00126 -0.00555 0.11921 0.09757 -0.00015 0.00153 0.05785 0.07002 -0.00302 -0.00195 0.8155267 -0.348535 0.3376846 0.3152914 0.8134522 -0.1156996 0.4646997 -0.3300959
-0.19889 0.02178 1.63808 -0.247 0.01779 1.6111 -0.00159 0.00027 0.00157 -0.00104 0.00091 0.00118 0.11857 0.09622 -0.00064 -0.00135 0.06024 0.07307 0.00239 0.00305 0.8065892 -0.3558173 0.3622187 0.302664 0.7972062 -0.1028713 0.494411 -0.3308136
-0.19646 0.01856 1.6355 -0.24829 0.01697 1.60623 0.00243 -0.00322 -0.00258 -0.00129 -0.00082 -0.00487 0.12124 0.09644 0.00267 0.00022 0.05706 0.06833 -0.00318 -0.00474 0.8455729 -0.3111601 0.2628182 0.3451267 0.8025305 -0.1050887 0.4885587 -0.3259011
-0.19857 0.01877 1.63391 -0.24798 0.01629 1.60497 -0.00211 0.00021 -0.00159 0.00031 -0.00068 -0.00126 0.11856 0.09652 -0.00268 0.00008 0.06241 0.06831 0.00535 -0.00002 0.8370697 -0.3182694 0.2868268 0.3402194 0.8142291 -0.1068969 0.4682819 -0.3260614
-0.19924 0.02125 1.63272 -0.24822 0.01764 1.60517 -0.00067 0.00248 -0.00119 -0.00024 0.00135 0.00020 0.11503 0.09575 -0.00353 -0.00077 0.09048 0.06690 0.02807 -0.00141 0.6258755 -0.4324939 0.6299575 0.1561487 0.8190006 -0.1083999 0.4617293 -0.322945
-0.19897 0.02137 1.63153 -0.24917 0.01652 1.60385 0.00027 0.00012 -0.00119 -0.00095 -0.00112 -0.00132 0.11587 0.09799 0.00084 0.00224 0.05877 0.07043 -0.03171 0.00353 0.8498509 -0.308915 0.2612405 0.337755 0.8171841 -0.1120292 0.4629339 -0.3245795
-0.19875 0.02034 1.63121 -0.25067 0.01696 1.60214 0.00022 -0.00103 -0.00032 -0.00150 0.00044 -0.00171 0.11938 0.09787 0.00351 -0.00012 0.06384 0.06503 0.00507 -0.00540 0.8474879 -0.3099853 0.2667977 0.338367 0.8171105 -0.1169674 0.4651237 -0.3198577
-0.20015 0.0218 1.64001 -0.2517 0.01755 1.60944 -0.00140 0.00146 0.00880 -0.00103 0.00059 0.00730 0.12219 0.09807 0.00281 0.00020 0.08713 0.07085 0.02329 0.00582 0.6467862 -0.4189622 0.6134983 0.1725058 0.8130027 -0.1100831 0.4733192 -0.320745
-0.20121 0.02131 1.63764 -0.25146 0.01743 1.60801 -0.00106 -0.00049 -0.00237 0.00024 -0.00012 -0.00143 0.11887 0.09821 -0.00332 0.00014 0.08327 0.06927 -0.00386 -0.00158 0.6625867 -0.4170726 0.5951132 0.1812996 0.8267414 -0.1182485 0.4479497 -0.3191503
-0.20306 0.02293 1.6437 -0.25212 0.01797 1.61446 -0.00185 0.00162 0.00606 -0.00066 0.00054 0.00645 0.11710 0.09816 -0.00177 -0.00005 0.07053 0.06908 -0.01274 -0.00019 0.7222345 -0.3942168 0.5232686 0.2217215 0.8240545 -0.1142048 0.4533341 -0.3199681
-0.20254 0.02458 1.63862 -0.2506 0.01889 1.6096 0.00052 0.00165 -0.00508 0.00152 0.00092 -0.00486 0.11072 0.09615 -0.00638 -0.00201 0.06722 0.06843 -0.00331 -0.00065 0.7436615 -0.3809736 0.497587 0.2328814 0.8088163 -0.0998225 0.4807389 -0.3236383
-0.1996 0.02409 1.63863 -0.25096 0.01822 1.60851 0.00294 -0.00049 0.00001 -0.00036 -0.00067 -0.00109 0.11436 0.09730 0.00364 0.00115 0.08477 0.06395 0.01755 -0.00448 0.64899 -0.4100223 0.6196303 0.1635607 0.8466021 -0.1255002 0.4115655 -0.3132546
-0.19726 0.02408 1.63852 -0.24854 0.0187 1.60656 0.00234 -0.00001 -0.00011 0.00242 0.00048 -0.00195 0.11328 0.09839 -0.00108 0.00109 0.08546 0.06463 0.00069 0.00068 0.685622 -0.3958551 0.5814494 0.1874509 0.8367929 -0.1140867 0.4287462 -0.3208403
-0.1977 0.02901 1.6523 -0.24966 0.02061 1.61838 -0.00044 0.00493 0.01378 -0.00112 0.00191 0.01182 0.11196 0.09763 -0.00132 -0.00076 0.08578 0.06223 0.00032 -0.00240 0.6757862 -0.3971332 0.5970433 0.1706968 0.869488 -0.1378234 0.3617231 -0.3068418
-0.18851 0.03176 1.66963 -0.24975 0.02005 1.62163 0.00919 0.00275 0.01733 -0.00009 -0.00056 0.00325 0.12192 0.09769 0.00996 0.00006 0.06735 0.05336 -0.01843 -0.00887 0.7265395 -0.366766 0.5391501 0.2166567 0.8841607 -0.1551984 0.322785 -0.299972
-0.20915 0.04158 1.68781 -0.2549 0.02171 1.65085 -0.02064 0.00982 0.01818 -0.00515 0.00166 0.02922 0.10354 0.10392 -0.01838 0.00623 0.08265 0.05660 0.01530 0.00324 0.701548 -0.4406385 0.5183654 0.2120509 0.8575739 -0.1251667 0.4006192 -0.2973288
-0.08817 0.01686 1.83671 -0.26515 0.02784 1.7035 0.12098 -0.02472 0.14890 -0.01025 0.00613 0.05265 0.18777 0.09651 0.08423 -0.00741 0.07294 0.05702 -0.00971 0.00042 0.9585701 0.0181795 0.0516727 0.2795406 0.9550852 -0.2231307 -0.0091614 -0.1947847
-0.02475 -0.02478 1.87294 -0.27328 0.02105 1.72284 0.06342 -0.04164 0.03623 -0.00813 -0.00679 0.01934 0.10128 0.10293 -0.08649 0.00642 0.03987 0.06665 -0.03307 0.00963 0.9720462 0.0484347 0.0740022 0.2174949 0.9272971 -0.1796363 0.2307256 -0.233702
0.00953 -0.04089 1.8639 -0.27571 0.01336 1.70693 0.03428 -0.01611 -0.00904 -0.00243 -0.00769 -0.01591 0.08046 0.09929 -0.02082 -0.00364 0.09556 0.07213 0.05569 0.00548 0.9418883 0.0209657 -0.1970702 0.2712382 0.9256967 -0.2042655 0.2276837 -0.222534
0.0492 -0.07544 1.87295 -0.28288 -0.00228 1.71628 0.03967 -0.03455 0.00905 -0.00717 -0.01564 0.00935 0.07769 0.09657 -0.00277 -0.00272 0.08209 0.06089 -0.01347 -0.01124 0.9555812 0.0166284 -0.1805569 0.2323512 0.9299001 -0.2618271 0.1552076 -0.2065021
0.09162 -0.12485 1.75053 -0.26908 -0.01775 1.61994 0.04242 -0.04941 -0.12242 0.01380 -0.01547 -0.09634 0.07360 0.08958 -0.00409 -0.00699 0.08083 0.05773 -0.00126 -0.00316 0.9030594 -0.1267541 -0.200323 0.358173 0.8844568 -0.249645 0.2992139 -0.2566798
0.13068 -0.16502 1.59719 -0.25215 -0.04297 1.50579 0.03906 -0.04017 -0.15334 0.01693 -0.02522 -0.11415 0.06501 0.08621 -0.00859 -0.00337 0.07774 0.05851 -0.00309 0.00078 0.9094278 -0.1813451 -0.2220297 0.3012606 0.800387 -0.2200752 0.4574313 -0.3189108
0.18953 -0.22403 1.58313 -0.25332 -0.06894 1.5209 0.05885 -0.05901 -0.01406 -0.00117 -0.02597 0.01511 0.06182 0.08054 -0.00319 -0.00567 0.06498 0.07932 -0.01276 0.02081 0.9012811 -0.231418 -0.2146007 0.2967907 0.9045025 -0.3872675 -0.004193 -0.1785543
0.25572 -0.29675 1.56512 -0.24738 -0.10738 1.52779 0.06619 -0.07272 -0.01801 0.00594 -0.03844 0.00689 0.07281 0.08463 0.01099 0.00409 0.05137 0.05811 -0.01361 -0.02121 0.7807477 -0.5482121 -0.2441124 0.1740857 0.8060732 -0.2442932 0.450896 -0.2953971
0.33316 -0.37394 1.60275 -0.24427 -0.15342 1.58319 0.07744 -0.07719 0.03763 0.00311 -0.04604 0.05540 0.07067 0.07980 -0.00214 -0.00483 0.05370 0.06334 0.00233 0.00523 -0.3182148 0.9097338 0.226537 -0.1407289 0.8095605 -0.242997 0.3477473 -0.4057539
0.41937 -0.45767 1.66365 -0.23672 -0.21523 1.64315 0.08621 -0.08373 0.06090 0.00755 -0.06181 0.05996 0.08120 0.08823 0.01053 0.00843 0.13196 0.05688 0.07826 -0.00646 -0.3121907 0.3481115 0.649156 -0.5999599 0.8153083 -0.111083 0.3472601 -0.4498259
0.468 -0.47156 1.57069 -0.19785 -0.25013 1.53979 0.04863 -0.01389 -0.09296 0.03887 -0.03490 -0.10336 0.08394 0.06654 0.00274 -0.02169 0.06849 0.07614 -0.06347 0.01926 -0.5260822 0.5840977 0.5541912 -0.2737508 0.7230529 -0.518833 -0.1206193 -0.4398384
0.53405 -0.55063 1.78349 -0.18087 -0.31791 1.64945 0.06605 -0.07907 0.21280 0.01698 -0.06778 0.10966 0.14689 0.08166 0.06295 0.01512 0.08111 0.07019 0.01262 -0.00595 -0.3870955 0.5644349 0.55698 -0.4704716 0.7209963 -0.2673802 0.2834716 -0.5729886
0.55636 -0.56938 1.71251 -0.14898 -0.36685 1.62831 0.02231 -0.01875 -0.07098 0.03189 -0.04894 -0.02114 0.11340 0.08486 -0.03349 0.00320 0.07473 0.09684 -0.00638 0.02665 -0.4934587 0.633673 0.4638202 -0.3739357 -0.5954339 0.1522494 -0.315899 0.7228323
0.5893 -0.65689 1.79937 -0.14102 -0.43163 1.69062 0.03294 -0.08751 0.08686 0.00796 -0.06478 0.06231 0.16279 0.11321 0.04939 0.02835 0.10620 0.08921 0.03147 -0.00763 -0.2650496 0.7218094 0.4233565 -0.4790711 -0.4633557 0.0031846 -0.1789145 0.8679176
0.60086 -0.66946 1.864 -0.09757 -0.43252 1.77469 0.01156 -0.01257 0.06463 0.04345 -0.00089 0.08407 0.15799 0.10883 -0.00480 -0.00438 0.10930 0.09045 0.00310 0.00124 -0.3560402 0.8611434 0.3133573 -0.1829605 -0.6210394 0.1308213 -0.2477687 0.7319881
0.57249 -0.6485 1.78504 -0.03538 -0.4297 1.72614 -0.02837 0.02096 -0.07896 0.06219 0.00282 -0.04855 0.13408 0.09424 -0.02391 -0.01459 0.08305 0.07288 -0.02625 -0.01757 -0.3664605 0.8265459 0.3344907 -0.2657903 0.7145888 -0.1828287 -0.2891357 -0.6101943
0.57245 -0.65267 1.79425 -0.02507 -0.43421 1.7443 -0.00004 -0.00417 0.00921 0.01031 -0.00451 0.01816 0.13862 0.10024 0.00454 0.00600 0.09306 0.07632 0.01001 0.00344 -0.4208078 0.4831788 -0.2787614 0.7153678 0.7141237 -0.1274983 -0.2826042 -0.6276197
0.59906 -0.68426 1.87715 -0.07897 -0.4378 1.85947 0.02661 -0.03159 0.08290 -0.05390 -0.00359 0.11517 0.15000 0.14513 0.01138 0.04489 0.09062 0.09974 -0.00244 0.02342 -0.4703959 0.5685608 -0.2330568 0.6333647 0.7577013 -0.3447756 -0.1984748 -0.517326
0.59836 -0.68892 1.87992 -0.0549 -0.45006 1.85023 -0.00070 -0.00466 0.00277 0.02407 -0.01226 -0.00924 0.14937 0.13033 -0.00063 -0.01480 0.12066 0.08965 0.03004 -0.01009 -0.3172274 0.2354603 -0.4265015 0.8136472 0.7255194 -0.3614852 -0.1258949 -0.5719272
0.6055 -0.70117 1.90278 -0.05766 -0.46112 1.87666 0.00714 -0.01225 0.02286 -0.00276 -0.01106 0.02643 0.14672 0.13801 -0.00265 0.00768 0.11869 0.09265 -0.00197 0.00300 -0.3112105 0.2208284 -0.4464856 0.8093414 0.7165261 -0.3517097 -0.0990591 -0.5942037
0.61403 -0.71581 1.93044 -0.06464 -0.49209 1.88692 0.00853 -0.01464 0.02766 -0.00698 -0.03097 0.01026 0.14649 0.13206 -0.00023 -0.00595 0.12760 0.09451 0.00891 0.00186 -0.3121681 0.2276052 -0.4510083 0.8045735 0.6959624 -0.3564991 -0.0756133 -0.6187305
0.58616 -0.68343 1.82467 -0.05853 -0.46921 1.79745 -0.02787 0.03238 -0.10577 0.00611 0.02288 -0.08947 0.14703 0.12791 0.00054 -0.00415 0.10689 0.09147 -0.02071 -0.00304 -0.4830042 0.2218837 -0.4087902 0.7418661 0.6777875 -0.3402454 -0.0513707 -0.6497678
0.60976 -0.715 1.93002 -0.06559 -0.49997 1.89183 0.02360 -0.03157 0.10535 -0.00706 -0.03076 0.09438 0.15629 0.13609 0.00926 0.00818 0.09288 0.10097 -0.01401 0.00950 -0.5154094 0.5549851 -0.2780182 0.590805 -0.6670963 0.1989077 -0.0830941 0.7131014
0.58554 -0.68713 1.83888 -0.06388 -0.48287 1.81082 -0.02422 0.02787 -0.09114 0.00171 0.01710 -0.08101 0.14815 0.12906 -0.00814 -0.00703 0.08002 0.09191 -0.01286 -0.00906 -0.5546747 0.5209285 -0.2210722 0.6099972 0.6703167 -0.324808 -0.0160593 -0.6670213
0.60336 -0.70689 1.89107 -0.07583 -0.48883 1.87447 0.01782 -0.01976 0.05219 -0.01195 -0.00596 0.06365 0.13419 0.14086 -0.01396 0.01180 0.08544 0.09892 0.00542 0.00701 -0.5252813 0.5576083 -0.2603171 0.587697 0.6768393 -0.3526649 -0.034184 -0.64525
0.58216 -0.68092 1.80407 -0.06592 -0.47537 1.79428 -0.02120 0.02597 -0.08700 0.00991 0.01346 -0.08019 0.14849 0.13213 0.01430 -0.00873 0.07664 0.09132 -0.00880 -0.00760 -0.5554762 0.498951 -0.2413629 0.6198692 0.6710799 -0.3348709 -0.0351107 -0.6605152
0.60608 -0.71189 1.90148 -0.06507 -0.49935 1.88225 0.02392 -0.03097 0.09741 0.00085 -0.02398 0.08797 0.15219 0.13384 0.00370 0.00171 0.08486 0.09372 0.00822 0.00240 -0.5271345 0.5581601 -0.2617388 0.5848755 0.6666871 -0.3366301 -0.0364845 -0.663986
0.58512 -0.6849 1.81722 -0.05856 -0.48108 1.80232 -0.02096 0.02699 -0.08426 0.00651 0.01827 -0.07993 0.15281 0.13154 0.00062 -0.00230 0.11642 0.09560 0.03156 0.00188 -0.5517148 0.4405404 -0.2796547 0.6506368 -0.6609333 0.2351854 -0.0815586 0.7079571
0.58645 -0.68606 1.81118 -0.06266 -0.48154 1.80103 0.00133 -0.00116 -0.00604 -0.00410 -0.00046 -0.00129 0.14705 0.13172 -0.00576 0.00018 0.07953 0.09333 -0.03689 -0.00227 -0.5536357 0.4799894 -0.2621864 0.6279777 0.6649166 -0.3476339 -0.0125626 -0.660968
0.60654 -0.71231 1.90138 -0.06505 -0.50112 1.87876 0.02009 -0.02625 0.09020 -0.00239 -0.01958 0.07773 0.16318 0.13944 0.01613 0.00772 0.10925 0.09556 0.02972 0.00223 -0.4953373 0.5077582 -0.2960029 0.6396912 0.6679158 -0.3387777 -0.0077883 -0.6626141
0.58643 -0.68649 1.80508 -0.06241 -0.48015 1.80037 -0.02011 0.02582 -0.09630 0.00264 0.02097 -0.07839 0.14293 0.13323 -0.02025 -0.00621 0.09150 0.09187 -0.01775 -0.00369 -0.5287904 0.4911868 -0.2734164 0.6358929 0.6698169 -0.3429535 -0.0157505 -0.658392
0.58715 -0.68633 1.80408 -0.06348 -0.48079 1.80065 0.00072 0.00016 -0.00100 -0.00107 -0.00064 0.00028 0.14195 0.13495 -0.00098 0.00172 0.08140 0.09125 -0.01010 -0.00062 -0.5423427 0.5150827 -0.2498868 0.6149073 0.6693732 -0.3394703 -0.0138077 -0.6606882
0.60218 -0.7101 1.88934 -0.06967 -0.49623 1.87415 0.01503 -0.02377 0.08526 -0.00619 -0.01544 0.07350 0.15565 0.13533 0.01370 0.00038 0.08232 0.09838 0.00092 0.00713 -0.5424953 0.5730796 -0.2546639 0.5589499 0.6783463 -0.3443782 -0.0256203 -0.6485318
0.58427 -0.68458 1.80584 -0.06651 -0.47959 1.79881 -0.01791 0.02552 -0.08350 0.00316 0.01664 -0.07534 0.14360 0.13492 -0.01205 -0.00041 0.08041 0.09334 -0.00191 -0.00504 -0.5335702 0.5249837 -0.2615347 0.6093394 0.6746421 -0.3421548 -0.0117422 -0.6539497
0.58577 -0.68556 1.80831 -0.06368 -0.48078 1.80152 0.00150 -0.00098 0.00247 0.00283 -0.00119 0.00271 0.14369 0.13295 0.00009 -0.00197 0.07844 0.09190 -0.00197 -0.00144 -0.5451193 0.5342659 -0.246538 0.5971801 0.6784018 -0.3329356 -0.0186855 -0.654657
0.5862 -0.68576 1.81184 -0.06397 -0.48091 1.80461 0.00043 -0.00020 0.00353 -0.00029 -0.00013 0.00309 0.14984 0.13220 0.00615 -0.00075 0.08159 0.09185 0.00315 -0.00005 -0.5414186 0.5124233 -0.2591413 0.6141124 0.679907 -0.3238064 -0.017252 -0.6577068
0.58798 -0.68746 1.81239 -0.06429 -0.48235 1.80563 0.00178 -0.00170 0.00055 -0.00032 -0.00144 0.00102 0.14240 0.13316 -0.00744 0.00096 0.07898 0.09181 -0.00261 -0.00004 -0.5480729 0.5292228 -0.2442561 0.5998985 0.6790242 -0.3341503 -0.0202651 -0.6533446
0.58604 -0.68654 1.81669 -0.06756 -0.48287 1.8053 -0.00194 0.00092 0.00430 -0.00327 -0.00052 -0.00033 0.15001 0.13599 0.00761 0.00283 0.08207 0.09505 0.00309 0.00324 -0.5435184 0.5206987 -0.2533561 0.6076771 0.6827886 -0.3282687 -0.008868 -0.6526567
0.6065 -0.71436 1.89723 -0.07086 -0.50473 1.87581 0.02046 -0.02782 0.08054 -0.00330 -0.02186 0.07051 0.15511 0.13850 0.00510 0.00251 0.09248 0.10060 0.01041 0.00555 -0.5229844 0.5345426 -0.2902157 0.5970983 0.678353 -0.3378904 -0.0091227 -0.6523679
0.58448 -0.6845 1.81293 -0.06735 -0.48393 1.79745 -0.02202 0.02986 -0.08430 0.00351 0.02080 -0.07836 0.14744 0.13232 -0.00767 -0.00618 0.07508 0.09477 -0.01740 -0.00583 0.6033337 -0.5052838 0.1942556 -0.585612 0.679136 -0.3246043 0.0003871 -0.658336
0.58669 -0.68621 1.81113 -0.0666 -0.4847 1.7987 0.00221 -0.00171 -0.00180 0.00075 -0.00077 0.00125 0.14205 0.13338 -0.00539 0.00106 0.07422 0.09529 -0.00086 0.00052 0.5939715 -0.5145809 0.1988052 -0.5855603 0.6786906 -0.3298664 -0.0050978 -0.6561565
0.6051 -0.7109 1.89511 -0.07053 -0.50432 1.86953 0.01841 -0.02469 0.08398 -0.00393 -0.01962 0.07083 0.15707 0.14196 0.01502 0.00858 0.07854 0.09897 0.00432 0.00368 -0.5395433 0.5764019 -0.245729 0.5623798 0.6976819 -0.3124384 -0.0224671 -0.6442961
]
