classifier_Man_man_bumps_into_each_other_17360 [ 0.48638 -0.7066 1.79955 -0.04127 -0.58799 1.81279 0.48638 -0.7066 1.79955 -0.04127 -0.58799 1.81279 0.13228 0.08500 0.13228 0.08500 0.09615 0.06347 0.09615 0.06347 0.2201619 -0.4635061 -0.4181039 0.7495865 -0.5531202 0.6070227 -0.1043442 0.5609756
0.48993 -0.71219 1.81808 -0.04218 -0.59339 1.82906 0.00355 -0.00559 0.01853 -0.00091 -0.00540 0.01627 0.13283 0.09081 0.00055 0.00581 0.09420 0.06397 -0.00195 0.00050 0.2037258 -0.4396466 -0.4186195 0.7680914 -0.5512461 0.6067301 -0.1044148 0.5631198
0.49031 -0.71374 1.82358 -0.04359 -0.59429 1.83274 0.00038 -0.00155 0.00550 -0.00141 -0.00090 0.00368 0.13823 0.09833 0.00540 0.00752 0.09426 0.06610 0.00006 0.00213 0.2073823 -0.4470197 -0.411376 0.7667697 -0.5504541 0.6057343 -0.1095899 0.5639825
0.49063 -0.71451 1.82498 -0.04247 -0.59336 1.83218 0.00032 -0.00077 0.00140 0.00112 0.00093 -0.00056 0.14565 0.08705 0.00742 -0.01128 0.09523 0.06443 0.00097 -0.00167 0.2040695 -0.4405185 -0.4125843 0.7707615 -0.545844 0.5755485 -0.1378258 0.5931292
0.49197 -0.71595 1.82645 -0.04339 -0.59514 1.8354 0.00134 -0.00144 0.00147 -0.00092 -0.00178 0.00322 0.14168 0.08633 -0.00397 -0.00072 0.09451 0.06553 -0.00072 0.00110 0.191082 -0.4219833 -0.4187075 0.7810901 -0.5464766 0.5961987 -0.1209236 0.5755762
0.49741 -0.71739 1.82626 -0.04423 -0.59508 1.83754 0.00544 -0.00144 -0.00019 -0.00084 0.00006 0.00214 0.13891 0.08968 -0.00277 0.00335 0.09869 0.06662 0.00418 0.00109 0.1712119 -0.4240429 -0.4300508 0.7784153 -0.536136 0.5403971 -0.1705889 0.6256426
0.49903 -0.71542 1.82403 -0.04457 -0.59563 1.83777 0.00162 0.00197 -0.00223 -0.00034 -0.00055 0.00023 0.13285 0.08991 -0.00606 0.00023 0.08464 0.06624 -0.01405 -0.00038 -0.3874678 0.7876335 0.273805 -0.3931068 -0.5465895 0.5975904 -0.1197299 0.5742738
0.47789 -0.70222 1.74968 -0.04228 -0.58292 1.79888 -0.02114 0.01320 -0.07435 0.00229 0.01271 -0.03889 0.10466 0.08882 -0.02819 -0.00109 0.10957 0.06385 0.02493 -0.00239 -0.4497743 0.8315887 0.2284486 -0.2323243 -0.5491997 0.5931776 -0.1223502 0.5758042
0.42116 -0.58679 1.71412 -0.04269 -0.58195 1.79618 -0.05673 0.11543 -0.03556 -0.00041 0.00097 -0.00270 0.09806 0.08471 -0.00660 -0.00411 0.06291 0.06304 -0.04666 -0.00081 -0.4275666 0.6487876 0.3927656 -0.4919315 -0.5511998 0.6120915 -0.1031925 0.5575609
0.26217 -0.47379 1.78099 -0.04301 -0.58284 1.8021 -0.15899 0.11300 0.06687 -0.00032 -0.00089 0.00592 0.05510 0.08688 -0.04296 0.00217 0.05780 0.06390 -0.00511 0.00086 0.6177722 -0.5323398 -0.1624009 0.5555158 -0.5522616 0.6042348 -0.1098843 0.5637666
0.2078 -0.42289 1.80452 -0.04237 -0.58304 1.80185 -0.05437 0.05090 0.02353 0.00064 -0.00020 -0.00025 0.05051 0.09111 -0.00459 0.00423 0.07070 0.06285 0.01290 -0.00105 0.6348487 -0.0139646 -0.4561397 0.623465 -0.5545312 0.6057618 -0.1054502 0.5607388
0.16311 -0.39062 1.96609 -0.04618 -0.62209 1.92092 -0.04469 0.03227 0.16157 -0.00381 -0.03905 0.11907 0.05796 0.09100 0.00745 -0.00011 0.10092 0.06880 0.03022 0.00595 0.7992992 -0.2763136 -0.28033 0.4540778 -0.5462634 0.565482 -0.1439231 0.6009263
0.14267 -0.35223 1.84343 -0.0468 -0.6145 1.90298 -0.02044 0.03839 -0.12266 -0.00062 0.00759 -0.01794 0.05737 0.09241 -0.00059 0.00141 0.09976 0.06774 -0.00116 -0.00106 0.7862627 -0.3543158 -0.2605363 0.4340186 -0.5506852 0.5733061 -0.1380212 0.5907758
0.07476 -0.10113 1.98536 -0.0784 -0.60456 1.89924 -0.06791 0.25110 0.14193 -0.03160 0.00994 -0.00374 0.08642 0.10669 0.02905 0.01428 0.12394 0.07288 0.02418 0.00514 0.9305224 -0.001238 -0.1846434 0.3162803 0.5985509 -0.6326572 0.0596118 -0.4877788
0.07599 -0.04543 1.97588 -0.04616 -0.60005 1.85249 0.00123 0.05570 -0.00948 0.03224 0.00451 -0.04675 0.07698 0.08854 -0.00944 -0.01815 0.06272 0.06666 -0.06122 -0.00622 0.8232936 -0.0682162 0.3985703 0.3983414 -0.5668107 0.581352 -0.1167402 0.5719503
0.05925 0.11237 2.05864 -0.04735 -0.61953 1.90707 -0.01674 0.15780 0.08276 -0.00119 -0.01948 0.05458 0.09122 0.09588 0.01424 0.00734 0.06590 0.06839 0.00318 0.00173 0.960124 0.1629049 -0.1314914 0.1852943 0.5652546 -0.624744 0.0785958 -0.5329211
0.04916 0.15102 2.05946 -0.04669 -0.61542 1.90014 -0.01009 0.03865 0.00082 0.00066 0.00411 -0.00693 0.07303 0.08764 -0.01819 -0.00824 0.08762 0.06501 0.02172 -0.00338 0.9139186 0.0704879 0.3368223 0.2152562 -0.5631337 0.5815384 -0.1155917 0.5756145
0.05124 0.15026 2.05629 -0.04665 -0.61365 1.89584 0.00208 -0.00076 -0.00317 0.00004 0.00177 -0.00430 0.09408 0.09016 0.02105 0.00252 0.07535 0.06925 -0.01227 0.00424 0.9547341 0.1818477 -0.1085171 0.2088974 -0.5507581 0.547937 -0.1529204 0.6107749
0.02385 0.19849 2.03015 -0.04625 -0.58942 1.8228 -0.02739 0.04823 -0.02614 0.00040 0.02423 -0.07304 0.10197 0.08883 0.00789 -0.00133 0.04754 0.06541 -0.02781 -0.00384 0.7730908 0.4212881 -0.4730836 -0.0322324 -0.5584894 0.5856637 -0.1167291 0.5757273
0.03632 0.11662 2.08586 -0.04792 -0.61483 1.90133 0.01247 -0.08187 0.05571 -0.00167 -0.02541 0.07853 0.06782 0.08826 -0.03415 -0.00057 0.07923 0.06639 0.03169 0.00098 0.93472 0.288322 -0.0817206 0.1910249 -0.5608259 0.5979393 -0.1033713 0.5632559
0.03345 -0.04587 2.06824 -0.04795 -0.61208 1.89678 -0.00287 -0.16249 -0.01762 -0.00003 0.00275 -0.00455 0.07500 0.09290 0.00718 0.00464 0.07649 0.06494 -0.00274 -0.00145 0.9458413 0.2635805 -0.1067026 0.1566018 0.5662235 -0.6167014 0.0834753 -0.5404649
-0.01645 -0.05145 2.02045 -0.07982 -0.59313 1.86065 -0.04990 -0.00558 -0.04779 -0.03187 0.01895 -0.03613 0.01121 0.10436 -0.06379 0.01146 0.02768 0.07393 -0.04881 0.00899 -0.5434263 -0.4708477 0.6545598 0.2335418 0.5914266 -0.6208544 0.0591023 -0.5111374
-0.00155 -0.0937 1.96345 -0.04639 -0.57659 1.78796 0.01490 -0.04225 -0.05700 0.03343 0.01654 -0.07269 0.05045 0.09331 0.03924 -0.01105 0.06998 0.06283 0.04230 -0.01110 -0.2629393 -0.5667104 0.7304263 -0.2760068 0.5649482 -0.6055844 0.0773211 -0.5550878
0.05165 -0.20869 2.0396 -0.04743 -0.60511 1.88046 0.05320 -0.11499 0.07615 -0.00104 -0.02852 0.09250 0.07368 0.09026 0.02323 -0.00305 0.09940 0.06423 0.02942 0.00140 -0.2127348 0.7659131 -0.5974292 -0.1058273 0.5708528 -0.5893266 0.0977864 -0.5632575
0.07165 -0.20463 2.05617 -0.0487 -0.61106 1.89463 0.02000 0.00406 0.01657 -0.00127 -0.00595 0.01417 0.07942 0.09368 0.00574 0.00342 0.10785 0.06625 0.00845 0.00202 0.167774 -0.4048291 0.8757556 0.2025278 -0.5593958 0.5768346 -0.1245614 0.5820848
0.10433 -0.18006 2.04295 -0.04689 -0.60964 1.89414 0.03268 0.02457 -0.01322 0.00181 0.00142 -0.00049 0.08318 0.09188 0.00376 -0.00180 0.09939 0.06607 -0.00846 -0.00018 0.1701576 -0.3189883 0.9235019 0.1282075 -0.5590299 0.5542219 -0.1392855 0.6007689
0.13926 -0.1357 1.97646 -0.0462 -0.6014 1.86882 0.03493 0.04436 -0.06649 0.00069 0.00824 -0.02532 0.07366 0.09002 -0.00952 -0.00186 0.06823 0.06455 -0.03116 -0.00152 0.0528946 -0.235169 0.9278203 0.284688 -0.5652155 0.5887576 -0.1053183 0.5681583
0.17196 -0.10094 1.98478 -0.04639 -0.60505 1.8776 0.03270 0.03476 0.00832 -0.00019 -0.00365 0.00878 0.07658 0.09028 0.00292 0.00026 0.05910 0.06457 -0.00913 0.00002 -0.2140487 -0.2258819 0.9491193 -0.0483018 0.5699003 -0.6129426 0.0868122 -0.5403506
0.2467 -0.05232 2.02711 -0.04877 -0.61458 1.90236 0.07474 0.04862 0.04233 -0.00238 -0.00953 0.02476 0.08354 0.09202 0.00696 0.00174 0.06487 0.06622 0.00577 0.00165 0.1359376 -0.2115443 0.9678248 0.0092274 0.5798043 -0.5798424 0.1109845 -0.5615087
0.25098 -0.06108 2.0018 -0.04782 -0.60616 1.87472 0.00428 -0.00876 -0.02531 0.00095 0.00842 -0.02764 0.07765 0.09022 -0.00589 -0.00180 0.10768 0.06539 0.04281 -0.00083 0.9744592 0.0343325 -0.1355099 0.1757483 0.5876297 -0.588255 0.0981974 -0.5468131
0.2523 -0.0936 2.02158 -0.04787 -0.61077 1.89205 0.00132 -0.03252 0.01978 -0.00005 -0.00461 0.01733 0.07951 0.09165 0.00186 0.00143 0.10215 0.06673 -0.00553 0.00134 0.9161676 0.2350602 -0.0871888 0.3127007 -0.567399 0.5393844 -0.1474121 0.6044771
0.24381 -0.13097 1.99015 -0.04754 -0.60364 1.87053 -0.00849 -0.03737 -0.03143 0.00033 0.00713 -0.02152 0.07014 0.09198 -0.00937 0.00033 0.09605 0.06442 -0.00610 -0.00231 0.9800575 0.1525826 -0.0017311 0.1272904 0.5767452 -0.6374131 0.0530008 -0.5081933
0.22931 -0.1626 1.94835 -0.046 -0.59218 1.8351 -0.01450 -0.03163 -0.04180 0.00154 0.01146 -0.03543 0.06496 0.08873 -0.00518 -0.00325 0.09230 0.06348 -0.00375 -0.00094 0.9050674 0.2671345 0.051117 0.3269239 -0.5665665 0.5761206 -0.1172423 0.5773575
0.21988 -0.19574 1.91184 -0.04571 -0.58214 1.80645 -0.00943 -0.03314 -0.03651 0.00029 0.01004 -0.02865 0.06693 0.08937 0.00197 0.00064 0.08046 0.06477 -0.01184 0.00129 0.956221 0.2184087 0.0009087 0.1947773 -0.5623165 0.581717 -0.1124889 0.5768465
0.2269 -0.22289 1.99813 -0.04832 -0.60757 1.88529 0.00702 -0.02715 0.08629 -0.00261 -0.02543 0.07884 0.06792 0.08921 0.00099 -0.00016 0.08164 0.06524 0.00118 0.00047 0.9267969 0.2930377 0.0184021 0.2341745 -0.5606229 0.5836245 -0.1140867 0.5762539
0.22885 -0.23381 2.00333 -0.04869 -0.60754 1.88768 0.00195 -0.01092 0.00520 -0.00037 0.00003 0.00239 0.06617 0.09329 -0.00175 0.00408 0.07802 0.06493 -0.00362 -0.00031 0.9212111 0.3005356 0.0371455 0.2442716 0.5647462 -0.6176129 0.0794877 -0.5415697
0.2443 -0.23059 2.00753 -0.04745 -0.60728 1.89004 0.01545 0.00322 0.00420 0.00124 0.00026 0.00236 0.07065 0.09126 0.00448 -0.00203 0.08497 0.06405 0.00695 -0.00088 0.9404699 0.2943789 0.0122139 0.1694352 0.5741023 -0.6640201 0.0240025 -0.478443
0.24707 -0.22857 1.99482 -0.04721 -0.60328 1.87927 0.00277 0.00202 -0.01271 0.00024 0.00400 -0.01077 0.06894 0.09123 -0.00171 -0.00003 0.08336 0.06661 -0.00161 0.00256 0.9502747 0.2629183 0.0151628 0.1661989 -0.5589976 0.5536065 -0.1391501 0.6013975
0.24869 -0.22528 1.97929 -0.04645 -0.59674 1.86563 0.00162 0.00329 -0.01553 0.00076 0.00654 -0.01364 0.06684 0.08906 -0.00210 -0.00217 0.08346 0.06680 0.00010 0.00019 0.9543756 0.2441776 0.0321152 0.1688585 0.5741012 -0.6160117 0.0785792 -0.5336316
0.25445 -0.23267 1.99155 -0.02844 -0.51458 1.88476 0.00576 -0.00739 0.01226 0.01801 0.08216 0.01913 0.06816 0.07663 0.00132 -0.01243 0.08952 0.10356 0.00606 0.03676 0.9475098 0.2587075 0.058327 0.1785877 -0.5483863 0.2955295 -0.3093504 0.7184964
0.26178 -0.24313 2.09496 -0.02534 -0.44669 1.96251 0.00733 -0.01046 0.10341 0.00310 0.06789 0.07775 0.07214 0.05084 0.00398 -0.02579 0.12431 0.11471 0.03479 0.01115 0.8136684 -0.5269188 -0.0385301 0.2425198 0.7134194 -0.2164967 0.3574598 -0.5624806
0.2635 -0.2499 2.10742 -0.02409 -0.34595 1.97688 0.00172 -0.00677 0.01246 0.00125 0.10074 0.01437 0.07020 0.04976 -0.00194 -0.00108 0.11199 0.10816 -0.01232 -0.00655 0.803052 -0.5359233 -0.0349256 0.2582128 0.7759987 -0.2550964 0.2442371 -0.5225898
0.26438 -0.2541 2.09026 -0.0354 -0.24211 1.96044 0.00088 -0.00420 -0.01716 -0.01131 0.10384 -0.01644 0.06979 0.04597 -0.00041 -0.00379 0.10190 0.12348 -0.01009 0.01532 0.8116026 -0.5163488 -0.053222 0.2680534 0.8601288 -0.2314671 0.2829959 -0.3556892
0.26522 -0.25732 2.07424 -0.04521 -0.1443 1.96347 0.00084 -0.00322 -0.01602 -0.00981 0.09781 0.00303 0.06841 0.06707 -0.00138 0.02110 0.10279 0.11029 0.00089 -0.01319 0.812808 -0.5479811 0.039212 0.1937066 0.8773756 -0.1895264 0.2661059 -0.3513965
0.26819 -0.26431 2.10058 -0.05002 -0.05208 2.00973 0.00297 -0.00699 0.02634 -0.00481 0.09222 0.04626 0.07009 0.11185 0.00168 0.04478 0.10442 0.09662 0.00163 -0.01367 0.8087981 -0.5228653 -0.071624 0.2594754 0.9171452 -0.1481877 0.2556526 -0.2674451
0.25715 -0.26278 1.9855 -0.04637 0.02928 1.93795 -0.01104 0.00153 -0.11508 0.00365 0.08136 -0.07178 0.06575 0.12157 -0.00434 0.00972 0.06895 0.09289 -0.03547 -0.00373 0.8916264 0.382407 0.0922817 0.2241682 0.9356455 0.006303 0.2648537 -0.2331959
0.26097 -0.26797 2.09991 -0.04566 0.09469 2.06553 0.00382 -0.00519 0.11441 0.00071 0.06541 0.12758 0.07220 0.12609 0.00645 0.00452 0.10663 0.08365 0.03768 -0.00924 0.8238015 -0.474895 -0.0774144 0.2997213 0.9440786 0.0443383 0.2719664 -0.1810633
0.25685 -0.26702 2.08828 -0.03499 0.15757 2.08554 -0.00412 0.00095 -0.01163 0.01067 0.06288 0.02001 0.07120 0.10293 -0.00100 -0.02316 0.12222 0.07030 0.01559 -0.01335 0.8093969 -0.4591495 -0.1269143 0.3434403 0.9275573 0.2557171 0.2719893 0.0163692
0.23396 -0.24949 1.87012 -0.03271 0.14799 1.90504 -0.02289 0.01753 -0.21816 0.00228 -0.00958 -0.18050 0.06282 0.09536 -0.00838 -0.00757 0.07458 0.07874 -0.04764 0.00844 0.931726 0.2102071 0.0692206 0.287938 0.9663084 0.119415 0.2055111 -0.0987586
0.24234 -0.26116 1.94394 -0.02964 0.15901 2.00386 0.00838 -0.01167 0.07382 0.00307 0.01102 0.09882 0.06431 0.08519 0.00149 -0.01017 0.07368 0.07255 -0.00090 -0.00619 0.9212937 0.2667832 0.0538802 0.2777436 0.9133092 0.4024529 0.0616054 -0.0101462
0.24164 -0.25748 1.99995 -0.02646 0.15691 2.06444 -0.00070 0.00368 0.05601 0.00318 -0.00210 0.06058 0.06897 0.08497 0.00466 -0.00022 0.10765 0.07334 0.03397 0.00079 0.8077862 -0.5135965 0.0068321 0.2892292 0.8626043 0.5006357 -0.012702 -0.071528
0.24166 -0.25759 2.00163 -0.01319 0.16132 2.07951 0.00002 -0.00011 0.00168 0.01327 0.00441 0.01507 0.06834 0.08233 -0.00063 -0.00264 0.11386 0.06669 0.00621 -0.00665 0.8091499 -0.5162991 0.0183471 0.2799557 0.8550445 0.4987521 0.1286337 -0.0599893
0.24202 -0.26486 1.95407 -0.01099 0.13244 2.04262 0.00036 -0.00727 -0.04756 0.00220 -0.02888 -0.03689 0.06551 0.09751 -0.00283 0.01518 0.07460 0.06930 -0.03926 0.00261 0.9092715 0.2529789 0.1339558 0.3021307 0.8306876 0.5281262 0.1557807 -0.0822999
0.2555 -0.27496 2.10954 -0.01344 0.09149 2.18755 0.01348 -0.01010 0.15547 -0.00245 -0.04095 0.14493 0.06992 0.08887 0.00441 -0.00864 0.12162 0.07473 0.04702 0.00543 0.7992705 -0.4747117 -0.1013165 0.3543307 0.8709201 0.3665569 0.2318085 -0.2310822
0.24349 -0.26779 2.03037 -0.01437 0.03773 2.0941 -0.01201 0.00717 -0.07917 -0.00093 -0.05376 -0.09345 0.07133 0.08513 0.00141 -0.00374 0.12102 0.06870 -0.00060 -0.00603 0.8081279 -0.5021951 0.0214992 0.3070297 0.8322026 0.3497674 0.2864231 -0.3210349
0.24949 -0.27551 2.0891 -0.01142 0.00799 2.14872 0.00600 -0.00772 0.05873 0.00295 -0.02974 0.05462 0.07165 0.11635 0.00032 0.03122 0.12606 0.05353 0.00504 -0.01517 0.823594 -0.4750035 0.0048377 0.3099053 0.4259263 0.5420461 0.7243449 0.0098627
0.25437 -0.28273 2.11383 -0.01984 -0.07452 2.15993 0.00488 -0.00722 0.02473 -0.00842 -0.08251 0.01121 0.07574 0.10720 0.00409 -0.00915 0.12122 0.11572 -0.00484 0.06219 0.8185602 -0.4885254 0.0129933 0.301883 0.9158145 0.2685117 0.1957857 -0.2255064
0.25022 -0.27618 2.03775 -0.03918 -0.17829 2.08766 -0.00415 0.00655 -0.07608 -0.01934 -0.10377 -0.07227 0.07141 0.10882 -0.00433 0.00162 0.09417 0.08212 -0.02705 -0.03360 0.8040785 -0.4933196 -0.0522737 0.3276598 0.68506 0.665132 -0.2066232 -0.2135392
0.24112 -0.266 1.934 -0.0389 -0.18757 1.97213 -0.00910 0.01018 -0.10375 0.00028 -0.00928 -0.11553 0.06731 0.08617 -0.00410 -0.02265 0.09615 0.08286 0.00198 0.00074 0.823184 0.4511615 0.1080584 0.3273298 0.7109697 0.552264 -0.1164789 -0.419475
0.24664 -0.27198 1.90656 -0.04551 -0.20005 1.94863 0.00552 -0.00598 -0.02744 -0.00661 -0.01248 -0.02350 0.06302 0.08177 -0.00429 -0.00440 0.08119 0.08443 -0.01496 0.00157 0.9561793 0.0514152 0.0378242 0.2857393 0.7107155 0.5418724 -0.1031913 -0.4365884
0.24894 -0.274 1.90635 -0.06633 -0.19768 1.9457 0.00230 -0.00202 -0.00021 -0.02082 0.00237 -0.00293 0.05957 0.07775 -0.00345 -0.00402 0.07656 0.08419 -0.00463 -0.00024 0.9572078 0.1289857 0.0369273 0.2564222 0.7886531 0.470849 -0.077341 -0.3877446
0.24747 -0.2708 1.88298 -0.10909 -0.1759 1.88487 -0.00147 0.00320 -0.02337 -0.04276 0.02178 -0.06083 0.06042 0.06038 0.00085 -0.01737 0.07428 0.08087 -0.00228 -0.00332 0.9584082 0.1297926 0.0562973 0.2478675 0.8835834 0.4300638 -0.0614664 -0.1747781
0.26005 -0.27792 2.03251 -0.14899 -0.17047 2.027 0.01258 -0.00712 0.14953 -0.03990 0.00543 0.14213 0.07278 0.07464 0.01236 0.01426 0.09597 0.09349 0.02169 0.01262 0.8208778 -0.4805438 -0.0459342 0.3051677 0.8408948 0.4194162 -0.0244941 -0.341154
0.2551 -0.27393 1.9112 -0.17556 -0.1377 1.91312 -0.00495 0.00399 -0.12131 -0.02657 0.03277 -0.11388 0.06327 0.06770 -0.00951 -0.00694 0.07387 0.09877 -0.02210 0.00528 0.9526271 0.1846364 0.069078 0.2316015 0.8995024 0.4059018 -0.0710465 -0.1452293
0.2588 -0.27329 1.91248 -0.20545 -0.1225 1.91486 0.00370 0.00064 0.00128 -0.02989 0.01520 0.00174 0.06512 0.07225 0.00185 0.00455 0.08189 0.09638 0.00802 -0.00239 0.9588776 0.1720819 0.0569796 0.2183917 0.9728653 0.2075346 0.0200817 0.100296
0.26422 -0.27524 1.93033 -0.23003 -0.1175 1.93418 0.00542 -0.00195 0.01785 -0.02458 0.00500 0.01932 0.06729 0.07564 0.00217 0.00339 0.07884 0.10343 -0.00305 0.00705 0.9623827 0.1779129 0.0300981 0.2031269 0.9855661 0.0890402 0.1292187 0.0635109
0.286 -0.28626 2.07438 -0.27401 -0.14259 2.06724 0.02178 -0.01102 0.14405 -0.04398 -0.02509 0.13306 0.06978 0.07673 0.00249 0.00109 0.10215 0.11011 0.02331 0.00668 0.8193636 -0.5271183 -0.0974397 0.203212 0.9642957 -0.1255286 0.1899101 0.135316
0.29169 -0.28855 2.07665 -0.28423 -0.17647 2.05567 0.00569 -0.00229 0.00227 -0.01022 -0.03388 -0.01157 0.06779 0.07380 -0.00199 -0.00293 0.10718 0.11667 0.00503 0.00656 0.8101556 -0.5425346 -0.1036591 0.1963642 0.9596644 -0.1758068 0.1718506 -0.1363949
0.29602 -0.29168 2.0603 -0.30112 -0.25325 2.01966 0.00433 -0.00313 -0.01635 -0.01689 -0.07678 -0.03601 0.06760 0.07521 -0.00019 0.00141 0.11385 0.10726 0.00667 -0.00941 0.7929987 -0.5701311 -0.1054276 0.187053 0.860644 -0.4843191 0.1506354 -0.0451209
0.28733 -0.28578 1.96677 -0.29223 -0.26052 1.93149 -0.00869 0.00590 -0.09353 0.00889 -0.00727 -0.08817 0.06795 0.07085 0.00035 -0.00436 0.08883 0.11121 -0.02502 0.00395 0.9843559 0.0282593 -0.0228338 0.1724054 0.954326 -0.2240749 0.1872761 -0.0630872
0.30347 -0.29318 2.0612 -0.30816 -0.27819 2.02265 0.01614 -0.00740 0.09443 -0.01593 -0.01767 0.09116 0.06958 0.07374 0.00163 0.00289 0.10456 0.11308 0.01573 0.00187 0.7877172 -0.5880229 -0.0865408 0.1619919 0.9497233 -0.2305161 0.2042397 -0.0563387
0.29087 -0.27766 1.95349 -0.2939 -0.25722 1.92174 -0.01260 0.01552 -0.10771 0.01426 0.02097 -0.10091 0.06556 0.07103 -0.00402 -0.00271 0.10343 0.10832 -0.00113 -0.00476 0.9955031 -0.0398645 -0.0365958 0.0777505 0.9308634 -0.2912512 0.2151419 -0.0487856
0.3093 -0.29022 2.05223 -0.31125 -0.26141 2.01945 0.01843 -0.01256 0.09874 -0.01735 -0.00419 0.09771 0.06953 0.07626 0.00397 0.00523 0.10575 0.11146 0.00232 0.00314 0.803284 -0.5597209 -0.1187586 0.1653592 0.9318274 -0.2848471 0.2219094 -0.0362781
0.2946 -0.27271 1.94024 -0.29539 -0.24022 1.91195 -0.01470 0.01751 -0.11199 0.01586 0.02119 -0.10750 0.06536 0.07402 -0.00417 -0.00224 0.10356 0.10882 -0.00219 -0.00264 0.9790674 -0.0869319 -0.0527954 0.1763022 0.9290375 -0.3005046 0.2124542 -0.0380736
0.29339 -0.26755 1.93018 -0.29266 -0.23337 1.90275 -0.00121 0.00516 -0.01006 0.00273 0.00685 -0.00920 0.06888 0.07595 0.00352 0.00193 0.10396 0.10225 0.00040 -0.00657 0.9719175 -0.0843373 -0.1190126 0.1846609 0.9183655 -0.3035565 0.2478826 -0.0548867
0.2931 -0.26611 1.93584 -0.2889 -0.22805 1.90911 -0.00029 0.00144 0.00566 0.00376 0.00532 0.00636 0.06831 0.07411 -0.00057 -0.00184 0.09985 0.10738 -0.00411 0.00513 0.9544851 0.0452971 -0.0905127 0.2805601 0.9193295 -0.3124105 0.2261802 -0.077946
0.2834 -0.25504 2.01923 -0.26762 -0.21905 1.99835 -0.00970 0.01107 0.08339 0.02128 0.00900 0.08924 0.07037 0.07431 0.00206 0.00020 0.11454 0.11116 0.01469 0.00378 0.8119557 -0.5285184 -0.0974575 0.2278117 0.9412181 -0.2689383 0.1410035 -0.1479823
0.27424 -0.24846 2.05363 -0.25143 -0.21456 2.03814 -0.00916 0.00658 0.03440 0.01619 0.00449 0.03979 0.06880 0.07654 -0.00157 0.00223 0.10972 0.10915 -0.00482 -0.00201 0.8177673 -0.510045 -0.0963722 0.2486425 0.9616141 -0.1762089 0.1120559 -0.1780231
0.23322 -0.23011 2.02045 -0.19967 -0.19754 2.01133 -0.04102 0.01835 -0.03318 0.05176 0.01702 -0.02681 0.06606 0.07351 -0.00274 -0.00303 0.11604 0.10364 0.00632 -0.00551 0.8127046 -0.5137756 -0.0614526 0.2678979 0.9106287 0.3914772 -0.0665143 -0.1143539
0.2115 -0.22888 2.03624 -0.17167 -0.19577 2.02547 -0.02172 0.00123 0.01579 0.02800 0.00177 0.01414 0.06844 0.07041 0.00238 -0.00310 0.11741 0.10667 0.00137 0.00303 0.8211087 -0.491385 -0.0089276 0.2902439 0.9332123 0.2501793 -0.0515039 -0.25273
0.17439 -0.21978 1.88077 -0.12674 -0.17691 1.88581 -0.03711 0.00910 -0.15547 0.04493 0.01886 -0.13966 0.07269 0.06682 0.00425 -0.00359 0.07900 0.10553 -0.03841 -0.00114 0.9226962 0.1897712 -0.1069537 0.3180875 0.6887311 0.6702315 -0.2764582 0.0031643
0.14519 -0.21658 1.87789 -0.09237 -0.182 1.88291 -0.02920 0.00320 -0.00288 0.03437 -0.00509 -0.00290 0.06998 0.06704 -0.00271 0.00022 0.08697 0.10622 0.00797 0.00069 0.9136578 0.1835109 0.0490282 0.3593736 0.9909639 0.0134337 -0.1121094 0.0723978
0.11484 -0.21767 1.86955 -0.05296 -0.18282 1.87561 -0.03035 -0.00109 -0.00834 0.03941 -0.00082 -0.00730 0.07203 0.06119 0.00205 -0.00585 0.09221 0.09513 0.00524 -0.01109 0.8862616 0.163047 0.1243654 0.4153184 0.8304426 -0.5140087 0.1626704 0.1403512
0.09495 -0.23483 1.87136 0.02094 -0.18444 1.86822 -0.01989 -0.01716 0.00181 0.07390 -0.00162 -0.00739 0.06303 0.06795 -0.00900 0.00676 0.06963 0.06561 -0.02258 -0.02952 0.7318321 -0.0392513 0.4193115 0.5357788 0.7166886 -0.4739809 -0.5042261 -0.0863465
0.03608 -0.19204 1.84697 0.02309 -0.18216 1.84746 -0.05887 0.04279 -0.02439 0.00215 0.00228 -0.02076 0.07381 0.05999 0.01078 -0.00796 0.06274 0.06725 -0.00689 0.00164 0.6657055 -0.3542494 0.6457255 0.1199249 -0.6722818 0.4199269 0.5739148 0.2057192
0.03313 -0.18583 1.87953 0.02111 -0.17796 1.8804 -0.00295 0.00621 0.03256 -0.00198 0.00420 0.03294 0.07794 0.07102 0.00413 0.01103 0.07044 0.06816 0.00770 0.00091 0.4319136 -0.3915674 0.812481 1.44E-05 -0.6623636 0.4089864 0.6150448 0.1253972
0.1081 -0.16327 1.89949 -0.06188 -0.1551 1.89504 0.07497 0.02256 0.01996 -0.08299 0.02286 0.01464 0.05679 0.06292 -0.02115 -0.00810 0.06470 0.09127 -0.00574 0.02311 -0.0872825 -0.2381855 0.9318598 -0.259397 0.9330899 0.2387391 -0.2325415 -0.1351717
0.13388 -0.15517 1.85856 -0.09065 -0.14235 1.85414 0.02578 0.00810 -0.04093 -0.02877 0.01275 -0.04090 0.05873 0.06212 0.00194 -0.00080 0.05869 0.09144 -0.00601 0.00017 -0.1699018 -0.2982945 0.9304583 0.1280666 0.9644318 0.2253131 -0.1323427 0.0398846
0.16656 -0.15332 1.89456 -0.12539 -0.13767 1.88905 0.03268 0.00185 0.03600 -0.03474 0.00468 0.03491 0.06674 0.06073 0.00801 -0.00139 0.05932 0.11960 0.00063 0.02816 -0.0665655 -0.1553922 0.9838941 -0.0580925 0.9700303 -0.2102246 0.0485145 0.1117728
0.24803 -0.15862 1.93524 -0.21437 -0.14384 1.92629 0.08147 -0.00530 0.04068 -0.08898 -0.00617 0.03724 0.07100 0.06837 0.00426 0.00764 0.09388 0.10336 0.03456 -0.01624 0.9893478 0.1126178 -0.008741 0.0918249 0.9742019 0.2130821 0.0156086 -0.0726848
0.26385 -0.15878 1.92189 -0.23566 -0.14511 1.91008 0.01582 -0.00016 -0.01335 -0.02129 -0.00127 -0.01621 0.06791 0.06727 -0.00309 -0.00110 0.09906 0.10262 0.00518 -0.00074 0.9728192 0.2016561 0.0631577 0.0947036 0.9815071 -0.154461 0.112627 -0.0100361
0.28413 -0.17567 1.92435 -0.26788 -0.16655 1.91232 0.02028 -0.01689 0.00246 -0.03222 -0.02144 0.00224 0.06587 0.06847 -0.00204 0.00120 0.10510 0.10428 0.00604 0.00166 0.9985754 0.0465186 0.0163723 0.0203743 0.9706888 -0.1954464 0.1245923 -0.0635669
0.29002 -0.18686 1.9346 -0.2788 -0.17561 1.92597 0.00589 -0.01119 0.01025 -0.01092 -0.00906 0.01365 0.06407 0.07024 -0.00180 0.00177 0.10229 0.10977 -0.00281 0.00549 0.9853222 -0.1586229 -0.0358937 0.0518696 0.948758 -0.2862459 0.1259738 -0.0453004
0.29031 -0.19765 1.93003 -0.28403 -0.18291 1.92371 0.00029 -0.01079 -0.00457 -0.00523 -0.00730 -0.00226 0.06572 0.06877 0.00165 -0.00147 0.10639 0.11337 0.00410 0.00360 0.9147576 -0.348134 -0.0513871 0.1984455 0.9373856 -0.3158311 0.1401698 -0.0437207
0.29166 -0.20655 1.94026 -0.28818 -0.1907 1.93157 0.00135 -0.00890 0.01023 -0.00415 -0.00779 0.00786 0.06504 0.06921 -0.00068 0.00044 0.10277 0.11156 -0.00362 -0.00181 -0.4816121 0.8336543 -0.1157756 -0.2442665 0.9304304 -0.3384914 0.1331377 -0.0446904
0.29407 -0.21293 1.95408 -0.29089 -0.19662 1.94688 0.00241 -0.00638 0.01382 -0.00271 -0.00592 0.01531 0.06617 0.06989 0.00113 0.00068 0.10299 0.11103 0.00022 -0.00053 0.7569032 -0.5506034 0.0256307 0.3511075 0.9357257 -0.3248363 0.1265818 -0.0536256
0.29372 -0.21369 1.95332 -0.29019 -0.20025 1.94418 -0.00035 -0.00076 -0.00076 0.00070 -0.00363 -0.00270 0.06573 0.07205 -0.00044 0.00216 0.11031 0.11035 0.00732 -0.00068 0.7334713 -0.5813777 0.0481109 0.3488628 0.935566 -0.3399977 0.0807594 -0.0509483
0.29669 -0.21654 1.96232 -0.29142 -0.20385 1.95427 0.00297 -0.00285 0.00900 -0.00123 -0.00360 0.01009 0.06655 0.07255 0.00082 0.00050 0.10350 0.11701 -0.00681 0.00666 0.683399 -0.6757259 0.0218772 0.2754664 0.9317906 -0.3333025 0.1236196 -0.0734437
0.29808 -0.21899 1.95071 -0.28884 -0.20553 1.94541 0.00139 -0.00245 -0.01161 0.00258 -0.00168 -0.00886 0.06514 0.07282 -0.00141 0.00027 0.11368 0.12292 0.01018 0.00591 0.7493685 -0.6123413 -0.0079377 0.2518369 0.9357127 -0.3268082 0.1114521 -0.0722259
0.3012 -0.22297 1.9569 -0.28801 -0.21151 1.95032 0.00312 -0.00398 0.00619 0.00083 -0.00598 0.00491 0.06648 0.07248 0.00134 -0.00034 0.10438 0.11287 -0.00930 -0.01005 0.7933953 -0.5616083 -0.0415084 0.2310782 0.9304009 -0.3380215 0.1149497 -0.0829594
0.29375 -0.20446 1.89971 -0.27619 -0.2122 1.89971 -0.00745 0.01851 -0.05719 0.01182 -0.00069 -0.05061 0.09435 0.07391 0.02787 0.00143 0.09391 0.10608 -0.01047 -0.00679 0.9028202 -0.3732829 -0.1214872 0.175546 0.9252535 -0.3496679 0.1163051 -0.0900641
0.32233 -0.27087 1.95088 -0.26614 -0.25206 1.95394 0.02858 -0.06641 0.05117 0.01005 -0.03986 0.05423 0.05912 0.06689 -0.03523 -0.00702 0.08913 0.08968 -0.00478 -0.01640 0.7915564 -0.5303008 -0.2043051 0.2246753 0.9310558 -0.301351 0.1878157 -0.0839526
0.31314 -0.28124 1.81372 -0.23645 -0.25945 1.82098 -0.00919 -0.01037 -0.13716 0.02969 -0.00739 -0.13296 0.05854 0.05658 -0.00058 -0.01031 0.05670 0.08035 -0.03243 -0.00933 0.8922849 -0.4328252 0.1135601 0.0599515 0.833908 -0.475172 0.2767033 0.0473731
0.3248 -0.31554 1.78716 -0.2185 -0.28869 1.79832 0.01166 -0.03430 -0.02656 0.01795 -0.02924 -0.02266 0.06085 0.08368 0.00231 0.02710 0.06077 0.06607 0.00407 -0.01428 0.779145 -0.373726 -0.4167649 0.2820797 -0.518002 0.8428031 -0.0348783 0.1419163
0.34302 -0.35568 1.76547 -0.19979 -0.32363 1.77628 0.01822 -0.04014 -0.02169 0.01871 -0.03494 -0.02204 0.08681 0.08497 0.02596 0.00129 0.05812 0.06434 -0.00265 -0.00173 0.7680348 -0.6078987 0.1596727 -0.1228267 -0.5766557 0.6563625 -0.4850623 0.0370276
0.37406 -0.41189 1.79403 -0.1831 -0.37762 1.81298 0.03104 -0.05621 0.02856 0.01669 -0.05399 0.03670 0.08106 0.09060 -0.00575 0.00563 0.05713 0.06338 -0.00099 -0.00096 -0.480523 0.7344858 0.2687626 -0.3967304 0.7471885 -0.5066662 0.2407208 -0.3564437
0.36512 -0.42173 1.63383 -0.13448 -0.38568 1.64904 -0.00894 -0.00984 -0.16020 0.04862 -0.00806 -0.16394 0.06246 0.05866 -0.01860 -0.03194 0.06007 0.04250 0.00294 -0.02088 -0.4667171 0.5782789 0.5180784 -0.4235133 0.7365232 -0.6263011 -0.1034317 -0.2336289
0.39601 -0.47811 1.6736 -0.12026 -0.43692 1.72166 0.03089 -0.05638 0.03977 0.01422 -0.05124 0.07262 0.07351 0.07962 0.01105 0.02096 0.06424 0.04750 0.00417 0.00500 -0.4347866 0.567118 0.4755611 -0.5130103 -0.6054229 0.7035961 0.3703876 -0.0350514
0.44653 -0.55319 1.7841 -0.1015 -0.51433 1.85721 0.05052 -0.07508 0.11050 0.01876 -0.07741 0.13555 0.09119 0.08267 0.01768 0.00305 0.06683 0.05859 0.00259 0.01109 -0.4750042 0.4477735 0.5617717 -0.508215 -0.595562 0.7810851 0.1873417 0.0107283
0.46071 -0.58496 1.78386 -0.07969 -0.53435 1.85703 0.01418 -0.03177 -0.00024 0.02181 -0.02002 -0.00018 0.09811 0.08598 0.00692 0.00331 0.06385 0.05018 -0.00298 -0.00841 -0.3923956 0.4421856 0.5781865 -0.5623148 0.5744433 -0.6145113 0.1596825 -0.5166162
0.46855 -0.6209 1.81943 -0.06521 -0.56766 1.88668 0.00784 -0.03594 0.03557 0.01448 -0.03331 0.02965 0.11386 0.08852 0.01575 0.00254 0.06801 0.05014 0.00416 -0.00004 -0.3044838 0.3979448 0.5911454 -0.6320416 0.5940117 -0.6164182 0.1416488 -0.4971059
0.47311 -0.62156 1.73177 -0.0462 -0.5647 1.81234 0.00456 -0.00066 -0.08766 0.01901 0.00296 -0.07434 0.11445 0.09142 0.00059 0.00290 0.13898 0.05789 0.07097 0.00775 -0.0734422 -0.0403043 -0.6581748 0.7481896 -0.4682129 0.4702562 -0.282027 0.69289
0.49037 -0.68447 1.77946 -0.03217 -0.60538 1.86039 0.01726 -0.06291 0.04769 0.01403 -0.04068 0.04805 0.13340 0.10272 0.01895 0.01130 0.08886 0.05822 -0.05012 0.00033 0.0998908 -0.3454974 -0.535291 0.7642754 -0.5348177 0.6205398 -0.0971618 0.5652079
0.48429 -0.67566 1.65531 -0.02776 -0.56931 1.75619 -0.00608 0.00881 -0.12415 0.00441 0.03607 -0.10420 0.11772 0.09118 -0.01568 -0.01154 0.11127 0.05268 0.02241 -0.00554 0.2091876 -0.5175441 -0.4758132 0.6796988 -0.4949584 0.6335135 -0.1249574 0.5814314
0.50877 -0.67951 1.75463 -0.03511 -0.60036 1.84638 0.02448 -0.00385 0.09932 -0.00735 -0.03105 0.09019 0.11752 0.09766 -0.00020 0.00648 0.07971 0.05918 -0.03156 0.00650 0.150988 -0.3966732 -0.5658287 0.7068881 -0.5429429 0.6153169 -0.0991068 0.5628285
0.51511 -0.68809 1.75911 -0.0356 -0.60394 1.84953 0.00634 -0.00858 0.00448 -0.00049 -0.00358 0.00315 0.11750 0.09929 -0.00002 0.00163 0.07881 0.05947 -0.00090 0.00029 0.1584788 -0.4317276 -0.5512404 0.6961535 -0.537246 0.6048504 -0.1083975 0.5777307
0.51921 -0.69726 1.73985 -0.03585 -0.60209 1.84028 0.00410 -0.00917 -0.01926 -0.00025 0.00185 -0.00925 0.10942 0.09830 -0.00808 -0.00099 0.07045 0.06035 -0.00836 0.00088 0.174109 -0.4489836 -0.5391535 0.690951 -0.5362073 0.5962891 -0.116061 0.5860467
0.52435 -0.70534 1.72874 -0.03512 -0.60288 1.83766 0.00514 -0.00808 -0.01111 0.00073 -0.00079 -0.00262 0.11468 0.09384 0.00526 -0.00446 0.06358 0.06102 -0.00687 0.00067 0.1650897 -0.4315532 -0.5403041 0.7032629 -0.5352311 0.5984341 -0.1135654 0.5852412
0.52527 -0.70589 1.71975 -0.0326 -0.60146 1.83021 0.00092 -0.00055 -0.00899 0.00252 0.00142 -0.00745 0.11013 0.09907 -0.00455 0.00523 0.06234 0.06125 -0.00124 0.00023 0.1669956 -0.4330075 -0.5426357 0.7001168 -0.5299971 0.5548242 -0.1487561 0.6238149
0.51296 -0.69063 1.67897 -0.03417 -0.58844 1.78605 -0.01231 0.01526 -0.04078 -0.00157 0.01302 -0.04416 0.10863 0.09546 -0.00150 -0.00361 0.06038 0.06193 -0.00196 0.00068 0.1797644 -0.4473463 -0.5385584 0.6910288 -0.5563447 0.550903 -0.1547348 0.6025311
0.52561 -0.71022 1.71896 -0.03382 -0.60202 1.82932 0.01265 -0.01959 0.03999 0.00035 -0.01358 0.04327 0.10846 0.09734 -0.00017 0.00188 0.06059 0.06138 0.00021 -0.00055 0.1751219 -0.4367741 -0.540021 0.6978095 -0.5420422 0.5874394 -0.1260965 0.5875413
0.52712 -0.71139 1.72395 -0.03393 -0.60378 1.83043 0.00151 -0.00117 0.00499 -0.00011 -0.00176 0.00111 0.11130 0.09587 0.00284 -0.00147 0.06415 0.06150 0.00356 0.00012 0.1793579 -0.440525 -0.5410554 0.6935614 -0.5404443 0.5905651 -0.1265025 0.5857901
0.52545 -0.71212 1.72303 -0.03356 -0.603 1.8288 -0.00167 -0.00073 -0.00092 0.00037 0.00078 -0.00163 0.10994 0.09355 -0.00136 -0.00232 0.06499 0.06037 0.00084 -0.00113 0.1842452 -0.4378303 -0.5416532 0.6935201 -0.5468065 0.6080019 -0.1104113 0.5649299
0.5259 -0.71366 1.727 -0.03337 -0.60347 1.83106 0.00045 -0.00154 0.00397 0.00019 -0.00047 0.00226 0.10974 0.09691 -0.00020 0.00336 0.06500 0.06299 0.00001 0.00262 0.1928816 -0.4508302 -0.537603 0.6859533 -0.5345345 0.5523009 -0.1595872 0.6194906
0.52621 -0.71458 1.73071 -0.03423 -0.60557 1.83435 0.00031 -0.00092 0.00371 -0.00086 -0.00210 0.00329 0.10278 0.09677 -0.00696 -0.00014 0.06246 0.06302 -0.00254 0.00003 0.1826941 -0.4363227 -0.5419317 0.6946621 -0.5339116 0.5657514 -0.1493694 0.6103709
0.52418 -0.71477 1.73017 -0.03356 -0.60391 1.83315 -0.00203 -0.00019 -0.00054 0.00067 0.00166 -0.00120 0.11046 0.09709 0.00768 0.00032 0.06549 0.06108 0.00303 -0.00194 0.1937983 -0.447128 -0.5410271 0.6854258 -0.5475137 0.6133634 -0.1028728 0.5598493
0.50968 -0.69741 1.68341 -0.03242 -0.58771 1.78411 -0.01450 0.01736 -0.04676 0.00114 0.01620 -0.04904 0.10234 0.09141 -0.00812 -0.00568 0.06370 0.05949 -0.00179 -0.00159 0.1933088 -0.4459642 -0.54171 0.6857828 -0.5239522 0.5861508 -0.1464145 0.6003866
0.50881 -0.69664 1.68683 -0.03123 -0.58789 1.78427 -0.00087 0.00077 0.00342 0.00119 -0.00018 0.00016 0.10327 0.09041 0.00093 -0.00100 0.06443 0.05955 0.00073 0.00006 0.1944905 -0.4487894 -0.5408497 0.6842828 -0.5172691 0.5684978 -0.158985 0.6196505
0.52044 -0.71338 1.72904 -0.03324 -0.60291 1.82783 0.01163 -0.01674 0.04221 -0.00201 -0.01502 0.04356 0.10775 0.09154 0.00448 0.00113 0.06431 0.06114 -0.00012 0.00159 0.1896114 -0.4413672 -0.5428228 0.688902 -0.5389086 0.5906314 -0.1238796 0.5876955
0.52096 -0.71474 1.73093 -0.03217 -0.60378 1.82944 0.00052 -0.00136 0.00189 0.00107 -0.00087 0.00161 0.10479 0.09107 -0.00296 -0.00047 0.06253 0.06087 -0.00178 -0.00027 0.1827333 -0.4334034 -0.5441986 0.6947071 -0.5365121 0.5772147 -0.1354362 0.600529
0.52365 -0.72 1.73979 -0.03385 -0.60767 1.84068 0.00269 -0.00526 0.00886 -0.00168 -0.00389 0.01124 0.10417 0.10538 -0.00062 0.01431 0.06622 0.06514 0.00369 0.00427 0.1860453 -0.4333948 -0.5436051 0.6942978 -0.5357603 0.5422602 -0.1667856 0.6253777
0.5241 -0.71884 1.74202 -0.03387 -0.60731 1.84212 0.00045 0.00116 0.00223 -0.00002 0.00036 0.00144 0.10516 0.09799 0.00099 -0.00739 0.06414 0.06271 -0.00208 -0.00243 0.1893113 -0.4389964 -0.544089 0.6895003 -0.5446143 0.5810171 -0.1313333 0.5903948
0.49682 -0.68244 1.65454 -0.0312 -0.57506 1.74911 -0.02728 0.03640 -0.08748 0.00267 0.03225 -0.09301 0.10206 0.09093 -0.00310 -0.00706 0.06090 0.05772 -0.00324 -0.00499 0.1921844 -0.4391572 -0.5431883 0.6893131 -0.4956904 0.5984583 -0.1200945 0.6178316
]
