classifier_Man_monkey_bumps_into_each_other_25167 [ 0.56764 -0.72727 1.84368 -0.17486 -0.61151 1.74276 0.56764 -0.72727 1.84368 -0.17486 -0.61151 1.74276 0.10352 0.11481 0.10352 0.11481 0.10661 0.06664 0.10661 0.06664 -0.5659406 0.3602293 -0.1752893 0.7205691 -0.4994029 0.5347241 -0.270741 0.6255928
0.56921 -0.72659 1.84331 -0.17369 -0.61205 1.73884 0.00157 0.00068 -0.00037 0.00117 -0.00054 -0.00392 0.10217 0.11102 -0.00135 -0.00379 0.09272 0.06615 -0.01389 -0.00049 -0.5785576 0.4149871 -0.1118285 0.6932181 -0.5011292 0.5397224 -0.2675173 0.621292
0.56379 -0.72455 1.84062 -0.17071 -0.61236 1.7331 -0.00542 0.00204 -0.00269 0.00298 -0.00031 -0.00574 0.10628 0.11931 0.00411 0.00829 0.10190 0.06504 0.00918 -0.00111 -0.5346389 0.2463114 -0.2551872 0.7670538 -0.5019621 0.5350267 -0.2709444 0.6231931
0.56428 -0.7245 1.83744 -0.16939 -0.61217 1.7312 0.00049 0.00005 -0.00318 0.00132 0.00019 -0.00190 0.10476 0.11855 -0.00152 -0.00076 0.09511 0.06437 -0.00679 -0.00067 -0.53781 0.262196 -0.2469351 0.7622576 -0.5017143 0.5359549 -0.2700227 0.622995
0.56435 -0.72429 1.84015 -0.16919 -0.6124 1.72959 0.00007 0.00021 0.00271 0.00020 -0.00023 -0.00161 0.10557 0.11898 0.00081 0.00043 0.11854 0.06510 0.02343 0.00073 -0.5317507 0.2187063 -0.2597333 0.7758527 -0.4972442 0.5257877 -0.2799695 0.630803
0.56352 -0.72583 1.83933 -0.16928 -0.61275 1.72865 -0.00083 -0.00154 -0.00082 -0.00009 -0.00035 -0.00094 0.10538 0.11611 -0.00019 -0.00287 0.11730 0.06507 -0.00124 -0.00003 -0.5247777 0.2202201 -0.2592978 0.7803051 -0.4989538 0.5320377 -0.2765899 0.6256828
0.56649 -0.72372 1.83762 -0.16883 -0.61233 1.72583 0.00297 0.00211 -0.00171 0.00045 0.00042 -0.00282 0.10312 0.11942 -0.00226 0.00331 0.10615 0.06497 -0.01115 -0.00010 -0.5458313 0.2467845 -0.2239452 0.7687744 -0.4973456 0.5292295 -0.2796224 0.6279927
0.56677 -0.72453 1.83883 -0.16928 -0.61288 1.72678 0.00028 -0.00081 0.00121 -0.00045 -0.00055 0.00095 0.10318 0.11899 0.00006 -0.00043 0.12259 0.06523 0.01644 0.00026 -0.5341989 0.2159992 -0.2447584 0.779788 -0.4969813 0.529019 -0.2819615 0.6274124
0.55946 -0.72307 1.83996 -0.16813 -0.61272 1.72508 -0.00731 0.00146 0.00113 0.00115 0.00016 -0.00170 0.10192 0.11946 -0.00126 0.00047 0.10787 0.06509 -0.01472 -0.00014 -0.5436254 0.287262 -0.209346 0.7603461 -0.4958618 0.520362 -0.2871509 0.6331579
0.55852 -0.72336 1.84342 -0.1682 -0.61297 1.72762 -0.00094 -0.00029 0.00346 -0.00007 -0.00025 0.00254 0.10385 0.11761 0.00193 -0.00185 0.10974 0.06465 0.00187 -0.00044 -0.5373601 0.2690592 -0.2209858 0.7681253 -0.5007195 0.5244333 -0.2831312 0.6277631
0.55993 -0.72167 1.84069 -0.16835 -0.61158 1.72506 0.00141 0.00169 -0.00273 -0.00015 0.00139 -0.00256 0.10235 0.11771 -0.00150 0.00010 0.11444 0.06429 0.00470 -0.00036 -0.5317023 0.2398423 -0.2435705 0.7748818 -0.5006188 0.5235774 -0.2859857 0.6272637
0.5588 -0.7222 1.83732 -0.16822 -0.61164 1.72081 -0.00113 -0.00053 -0.00337 0.00013 -0.00006 -0.00425 0.10135 0.11766 -0.00100 -0.00005 0.10984 0.06543 -0.00460 0.00114 -0.5328581 0.2709993 -0.2154452 0.7721431 -0.4984106 0.5262285 -0.2846349 0.627418
0.56883 -0.7252 1.83603 -0.16857 -0.61076 1.72165 0.01003 -0.00300 -0.00129 -0.00035 0.00088 0.00084 0.09911 0.11817 -0.00224 0.00051 0.10675 0.06487 -0.00309 -0.00056 -0.5212897 0.1923095 -0.2445567 0.7946484 -0.4997045 0.521269 -0.2878039 0.629081
0.56603 -0.72224 1.83768 -0.16824 -0.6111 1.72007 -0.00280 0.00296 0.00165 0.00033 -0.00034 -0.00158 0.10323 0.11863 0.00412 0.00046 0.11280 0.06500 0.00605 0.00013 -0.5291575 0.1998491 -0.2424829 0.7881972 -0.4967073 0.5154416 -0.2928074 0.6339287
0.56268 -0.72045 1.84135 -0.169 -0.61049 1.71943 -0.00335 0.00179 0.00367 -0.00076 0.00061 -0.00064 0.10122 0.11959 -0.00201 0.00096 0.11667 0.06544 0.00387 0.00044 -0.5264916 0.1836394 -0.2359673 0.795866 -0.4984629 0.524765 -0.2865134 0.6277473
0.56229 -0.71986 1.84103 -0.16806 -0.60992 1.71774 -0.00039 0.00059 -0.00032 0.00094 0.00057 -0.00169 0.10186 0.11821 0.00064 -0.00138 0.11093 0.06478 -0.00574 -0.00066 -0.5271448 0.1866641 -0.2332352 0.7955351 -0.5000826 0.5217687 -0.287055 0.6287084
0.56787 -0.72376 1.84338 -0.16821 -0.60981 1.7201 0.00558 -0.00390 0.00235 -0.00015 0.00011 0.00236 0.10337 0.11723 0.00151 -0.00098 0.12654 0.06469 0.01561 -0.00009 -0.5298033 0.1963998 -0.2113121 0.7975479 -0.5033217 0.5209039 -0.2876124 0.6265823
0.56635 -0.72252 1.84687 -0.16893 -0.60992 1.72122 -0.00152 0.00124 0.00349 -0.00072 -0.00011 0.00112 0.10405 0.11908 0.00068 0.00185 0.09699 0.06495 -0.02955 0.00026 -0.5331731 0.1967722 -0.1974292 0.7987671 -0.4982749 0.5190965 -0.2888244 0.6315389
0.56466 -0.72185 1.85203 -0.16881 -0.60953 1.72125 -0.00169 0.00067 0.00516 0.00012 0.00039 0.00003 0.10517 0.11840 0.00112 -0.00068 0.10511 0.06484 0.00812 -0.00011 -0.5378802 0.2177311 -0.1987857 0.7897862 -0.4990765 0.5151879 -0.293025 0.6321711
0.56106 -0.71928 1.89703 -0.19308 -0.58796 1.74507 -0.00360 0.00257 0.04500 -0.02427 0.02157 0.02382 0.13481 0.11067 0.02964 -0.00773 0.11870 0.06525 0.01359 0.00041 -0.4895168 0.2994181 -0.3484584 0.7411469 -0.5264192 0.5660245 -0.2547474 0.5810361
0.55677 -0.71072 1.89295 -0.20829 -0.56499 1.75402 -0.00429 0.00856 -0.00408 -0.01521 0.02297 0.00895 0.14011 0.11587 0.00530 0.00520 0.05325 0.05357 -0.06545 -0.01168 -0.1429957 -0.1043341 -0.6339629 0.7528332 -0.4880884 0.4195087 -0.3646065 0.672937
0.50991 -0.64749 1.84048 -0.22158 -0.54181 1.73207 -0.04686 0.06323 -0.05247 -0.01329 0.02318 -0.02195 0.12187 0.11227 -0.01824 -0.00360 0.17194 0.07938 0.11869 0.02581 -0.1825706 -0.0258002 -0.4429602 0.8773759 0.5347891 -0.6778066 0.1521501 -0.4810711
0.42216 -0.55524 1.90899 -0.2336 -0.55359 1.76919 -0.08775 0.09225 0.06851 -0.01202 -0.01178 0.03712 0.10880 0.07459 -0.01307 -0.03768 0.05375 0.07951 -0.11819 0.00013 -0.0898745 0.1734072 -0.4972126 0.8453591 -0.2286288 0.9382074 0.1772836 0.1899114
0.39806 -0.53739 1.89241 -0.23805 -0.55526 1.77105 -0.02410 0.01785 -0.01658 -0.00445 -0.00167 0.00186 0.08181 0.08405 -0.02699 0.00946 0.06986 0.07341 0.01611 -0.00610 -0.0210816 0.1797515 -0.5196625 0.8349826 -0.1561829 0.9674519 0.1978695 -0.0221702
0.39464 -0.4987 2.02678 -0.29462 -0.46903 1.88624 -0.00342 0.03869 0.13437 -0.05657 0.08623 0.11519 0.12079 0.09445 0.03898 0.01040 0.04638 0.08779 -0.02348 0.01438 0.1180251 -0.4558773 0.5626801 -0.6794388 -0.440689 0.8099405 0.3862656 0.0242563
0.35891 -0.49999 2.00497 -0.30683 -0.45873 1.88339 -0.03573 -0.00129 -0.02181 -0.01221 0.01030 -0.00285 0.08758 0.08522 -0.03321 -0.00923 0.08518 0.11001 0.03880 0.02222 0.2450576 0.0538572 -0.4058222 0.878837 -0.4214556 0.0563063 -0.3721898 0.8250331
0.25295 -0.57015 1.93232 -0.32495 -0.44173 1.83554 -0.10596 -0.07016 -0.07265 -0.01812 0.01700 -0.04785 0.10989 0.08059 0.02231 -0.00463 0.05553 0.10633 -0.02965 -0.00368 0.3170809 -0.38241 -0.0925166 0.8629385 -0.3709763 0.0107303 -0.2925388 0.881296
0.33434 -0.43641 2.08191 -0.27832 -0.56635 1.91222 0.08139 0.13374 0.14959 0.04663 -0.12462 0.07668 0.08887 0.15143 -0.02102 0.07084 0.09404 0.07438 0.03851 -0.03195 0.3754583 0.0941779 -0.3194185 0.864947 -0.304482 -0.0312321 -0.1021085 0.9465142
0.22435 -0.54657 2.11097 -0.35677 -0.46125 1.95286 -0.10999 -0.11016 0.02906 -0.07845 0.10510 0.04064 0.06220 0.08539 -0.02667 -0.06604 0.05141 0.09078 -0.04263 0.01640 0.3378754 0.3662511 -0.218363 0.8390577 -0.2778375 -0.113113 -0.2892962 0.9090211
0.23831 -0.43258 2.21595 -0.36245 -0.4638 2.08173 0.01396 0.11399 0.10498 -0.00568 -0.00255 0.12887 0.15774 0.08939 0.09554 0.00400 0.06897 0.10651 0.01756 0.01573 0.4282808 0.5625301 -0.2620205 0.6568719 -0.4082042 -0.1442232 -0.1134801 0.8942546
0.2804 -0.35502 2.23496 -0.31181 -0.43202 2.16454 0.04209 0.07756 0.01901 0.05064 0.03178 0.08281 0.07362 0.08322 -0.08412 -0.00617 0.03830 0.09024 -0.03067 -0.01627 0.5891786 0.2898932 0.0047063 0.7541938 -0.4283649 0.349091 0.4269464 0.7157903
0.24 -0.24094 2.18852 -0.23932 -0.32472 2.15772 -0.04040 0.11408 -0.04644 0.07249 0.10730 -0.00682 0.04298 0.15973 -0.03064 0.07651 0.03541 0.14898 -0.00289 0.05874 0.6777933 0.0653168 -0.368335 0.6329766 -0.1613028 0.7515072 0.5606869 0.3079751
0.33924 -0.32325 2.20095 -0.24911 -0.22722 2.12403 0.09924 -0.08231 0.01243 -0.00979 0.09750 -0.03369 0.04298 0.12059 0.00000 -0.03914 0.03514 0.12627 -0.00027 -0.02271 0.30927 0.0327325 -0.3158726 0.8963845 -0.227419 0.6879998 0.5640032 0.3960267
0.29268 -0.06699 2.08264 -0.25845 -0.16549 2.06634 -0.04656 0.25626 -0.11831 -0.00934 0.06173 -0.05769 0.08410 0.12831 0.04112 0.00772 0.06498 0.10936 0.02984 -0.01691 0.6036132 -0.2054325 0.1642925 0.7526331 -0.5690515 -0.4844195 -0.1410486 0.6493253
0.30867 -0.07798 2.12539 -0.27378 -0.16528 2.10023 0.01599 -0.01099 0.04275 -0.01533 0.00021 0.03389 0.08686 0.13241 0.00276 0.00410 0.06168 0.10362 -0.00330 -0.00574 0.5647444 -0.218666 0.1652631 0.7784196 -0.586024 -0.1260698 0.1326314 0.7893612
0.19454 -0.14322 2.02725 -0.2151 -0.24821 1.97857 -0.11413 -0.06524 -0.09814 0.05868 -0.08293 -0.12166 0.08913 0.06983 0.00227 -0.06258 0.07684 0.09316 0.01516 -0.01046 0.4962966 -0.4307967 0.3950717 0.6418896 0.604127 0.5291303 0.1629511 -0.573148
0.33787 -0.25532 2.26806 -0.30346 -0.32195 2.20529 0.14333 -0.11210 0.24081 -0.08836 -0.07374 0.22672 0.07824 0.08812 -0.01089 0.01829 0.13686 0.10394 0.06002 0.01078 -0.3098702 0.6592051 -0.4048138 -0.5527703 -0.6136997 -0.405504 -0.1491592 0.6608258
0.26139 -0.22303 2.24949 -0.23775 -0.27023 2.16459 -0.07648 0.03229 -0.01857 0.06571 0.05172 -0.04070 0.14068 0.15434 0.06244 0.06622 0.15510 0.11062 0.01824 0.00668 -0.2277343 0.6816903 -0.6484056 -0.2510091 -0.4665415 -0.3494409 -0.2348165 0.7778761
0.22344 -0.19852 2.106 -0.22722 -0.2519 2.04748 -0.03795 0.02451 -0.14349 0.01053 0.01833 -0.11711 0.13824 0.14750 -0.00244 -0.00684 0.12099 0.11418 -0.03411 0.00356 -0.4369982 0.6355752 -0.5544502 -0.3125086 -0.4544949 -0.3434199 -0.2662206 0.7775756
0.1644 -0.1995 2.01272 -0.26455 -0.21207 1.99035 -0.05904 -0.00098 -0.09328 -0.03733 0.03983 -0.05713 0.11743 0.08545 -0.02081 -0.06205 0.10530 0.10182 -0.01569 -0.01236 -0.5060121 0.6722052 -0.4167997 -0.3440494 0.6442795 0.502796 0.1901222 -0.5440162
0.22114 -0.2141 2.14512 -0.33506 -0.14325 1.957 0.05674 -0.01460 0.13240 -0.07051 0.06882 -0.03335 0.09423 0.03572 -0.02320 -0.04973 0.12974 0.05659 0.02444 -0.04523 -0.3601255 0.6318327 -0.579561 -0.3677039 0.1563452 0.9826281 -0.0917789 0.0396834
0.2783 -0.22861 2.15189 -0.35595 -0.08502 1.9256 0.05716 -0.01451 0.00677 -0.02089 0.05823 -0.03140 0.07588 0.04568 -0.01835 0.00996 0.10470 0.06087 -0.02504 0.00428 0.542859 -0.4121234 0.3219431 0.6571233 0.8269547 -0.2868373 0.4209327 -0.2380881
0.30445 -0.25276 2.15918 -0.38823 -0.01771 1.92309 0.02615 -0.02415 0.00729 -0.03228 0.06731 -0.00251 0.08377 0.10399 0.00789 0.05831 0.11967 0.07008 0.01497 0.00921 0.4637603 -0.4962242 0.2243096 0.698837 0.8296613 0.0047131 0.2101311 -0.5171894
0.22838 -0.26544 2.07409 -0.40393 0.03448 1.84973 -0.07607 -0.01268 -0.08509 -0.01570 0.05219 -0.07336 0.10597 0.09458 0.02220 -0.00941 0.07902 0.05080 -0.04065 -0.01928 -0.3369946 0.6230086 -0.5942545 -0.3809939 0.8069235 -0.3375289 0.4622359 -0.1458993
0.23459 -0.27952 2.07622 -0.42691 0.06647 1.85488 0.00621 -0.01408 0.00213 -0.02298 0.03199 0.00515 0.11306 0.10148 0.00709 0.00690 0.07797 0.08486 -0.00105 0.03406 -0.3853192 0.6075745 -0.5477769 -0.4269928 0.9738608 -0.1396531 0.1507837 -0.096729
0.24157 -0.29137 2.06801 -0.44386 0.07652 1.84854 0.00698 -0.01185 -0.00821 -0.01695 0.01005 -0.00634 0.11859 0.10542 0.00553 0.00394 0.07676 0.05110 -0.00121 -0.03376 -0.3804335 0.6171637 -0.5143341 -0.4580826 0.8946654 -0.1917292 0.3939182 -0.0874196
0.251 -0.30287 2.07718 -0.45536 0.07074 1.852 0.00943 -0.01150 0.00917 -0.01150 -0.00578 0.00346 0.12210 0.10474 0.00351 -0.00068 0.13316 0.07473 0.05640 0.02363 -0.4130405 0.5890182 -0.4506197 -0.5285802 0.3868612 -0.0875853 0.8664115 -0.3033122
0.25132 -0.30702 2.04722 -0.45229 0.05038 1.81414 0.00032 -0.00415 -0.02996 0.00307 -0.02036 -0.03786 0.08916 0.10211 -0.03294 -0.00263 0.13768 0.06989 0.00452 -0.00484 -0.3863614 0.618268 -0.4435305 -0.5212968 0.4459055 -0.0655887 0.8297255 -0.3292749
0.24745 -0.30791 2.04126 -0.45114 0.0213 1.7946 -0.00387 -0.00089 -0.00596 0.00115 -0.02908 -0.01954 0.12070 0.10324 0.03154 0.00113 0.13548 0.06943 -0.00220 -0.00046 -0.391293 0.5998286 -0.4501841 -0.5333195 0.4345535 -0.0779951 0.8073446 -0.3915033
0.2404 -0.30539 2.03232 -0.44714 0.00164 1.77492 -0.00705 0.00252 -0.00894 0.00400 -0.01966 -0.01968 0.11858 0.09971 -0.00212 -0.00353 0.13753 0.07719 0.00205 0.00776 -0.3591619 0.6209324 -0.4915725 -0.4937631 0.3881077 -0.0641856 0.811122 -0.4328207
0.2585 -0.30952 2.064 -0.45307 -0.00856 1.79088 0.01810 -0.00413 0.03168 -0.00593 -0.01020 0.01596 0.11796 0.09924 -0.00062 -0.00047 0.13034 0.08152 -0.00719 0.00433 -0.3987114 0.5940389 -0.4525661 -0.5322885 0.3554273 -0.0558974 0.8250155 -0.435771
0.26222 -0.31203 2.0759 -0.45842 -0.01146 1.79816 0.00372 -0.00251 0.01190 -0.00535 -0.00290 0.00728 0.10362 0.09974 -0.01434 0.00050 0.13447 0.07995 0.00413 -0.00157 -0.375505 0.6071716 -0.4657666 -0.5228768 0.4235722 -0.1196674 0.8116096 -0.3841305
0.27146 -0.31514 2.08231 -0.4625 -0.01053 1.80349 0.00924 -0.00311 0.00641 -0.00408 0.00093 0.00533 0.08417 0.10199 -0.01945 0.00225 0.13802 0.07358 0.00355 -0.00637 -0.3009337 0.6999193 -0.5033805 -0.4076272 0.4555587 -0.1258246 0.8240852 -0.3122788
0.27964 -0.31862 2.08034 -0.46441 -0.00934 1.80117 0.00818 -0.00348 -0.00197 -0.00191 0.00119 -0.00232 0.06350 0.10396 -0.02067 0.00197 0.12012 0.07319 -0.01790 -0.00039 0.4404123 -0.5499559 0.3587742 0.6122634 0.5051331 -0.1472017 0.8090152 -0.2620431
0.26739 -0.32157 2.06745 -0.46315 -0.00589 1.79332 -0.01225 -0.00295 -0.01289 0.00126 0.00345 -0.00785 0.12335 0.10397 0.05985 0.00001 0.12969 0.05828 0.00957 -0.01491 -0.3945468 0.6327137 -0.4603056 -0.4817935 0.8794393 -0.2488972 0.3868249 -0.1224873
0.27885 -0.32852 2.07386 -0.46582 -0.00443 1.80088 0.01146 -0.00695 0.00641 -0.00267 0.00146 0.00756 0.06773 0.10418 -0.05562 0.00021 0.14720 0.08364 0.01751 0.02536 -0.3944292 0.6630391 -0.418552 -0.4791857 0.4443865 -0.111017 0.8559143 -0.2400136
0.2831 -0.334 2.07041 -0.46658 -0.00329 1.80114 0.00425 -0.00548 -0.00345 -0.00076 0.00114 0.00026 0.05865 0.10366 -0.00908 -0.00052 0.12510 0.08322 -0.02210 -0.00042 0.4634778 -0.5874944 0.317803 0.5822713 0.4629616 -0.113175 0.8470625 -0.2352508
0.29106 -0.34144 2.06818 -0.46739 -0.00275 1.80386 0.00796 -0.00744 -0.00223 -0.00081 0.00054 0.00272 0.07440 0.10473 0.01575 0.00107 0.12754 0.08322 0.00244 0.00000 0.4536994 -0.6160988 0.2697687 0.58464 0.4748463 -0.1036334 0.8437403 -0.227779
0.29508 -0.34848 2.06763 -0.46888 -0.00297 1.80825 0.00402 -0.00704 -0.00055 -0.00149 -0.00022 0.00439 0.07643 0.10452 0.00203 -0.00021 0.12869 0.08474 0.00115 0.00152 0.4630889 -0.5981784 0.2162705 0.6172181 0.4685594 -0.0955854 0.848468 -0.2267541
0.29742 -0.35737 2.05181 -0.46783 -0.00354 1.80338 0.00234 -0.00889 -0.01582 0.00105 -0.00057 -0.00487 0.07089 0.10429 -0.00554 -0.00023 0.12738 0.05560 -0.00131 -0.02914 0.4716198 -0.5797152 0.1574777 0.6455276 -0.1717031 0.0695788 0.9565703 -0.2250555
0.29946 -0.3641 2.05232 -0.47121 -0.00507 1.81065 0.00204 -0.00673 0.00051 -0.00338 -0.00153 0.00727 0.07188 0.10334 0.00099 -0.00095 0.12999 0.08267 0.00261 0.02707 0.4705056 -0.5694889 0.125812 0.6621768 0.4848484 -0.1069616 0.8409718 -0.2150529
0.30151 -0.36789 2.0547 -0.47519 -0.00659 1.8198 0.00205 -0.00379 0.00238 -0.00398 -0.00152 0.00915 0.07187 0.10288 -0.00001 -0.00046 0.13483 0.08338 0.00484 0.00071 0.4779293 -0.5684876 0.0948346 0.6628814 0.479506 -0.1177808 0.8440166 -0.2093743
0.30189 -0.36884 2.05508 -0.47814 -0.00894 1.82605 0.00038 -0.00095 0.00038 -0.00295 -0.00235 0.00625 0.07525 0.10218 0.00338 -0.00070 0.13570 0.08486 0.00087 0.00148 0.4935865 -0.558951 0.0751773 0.6620383 0.4059799 -0.1135181 0.8793709 -0.2213613
0.30083 -0.36816 2.04892 -0.47947 -0.01124 1.82477 -0.00106 0.00068 -0.00616 -0.00133 -0.00230 -0.00128 0.07552 0.10316 0.00027 0.00098 0.13672 0.05624 0.00102 -0.02862 0.5022861 -0.5415785 0.0592655 0.6714828 -0.1706859 0.0222899 0.9507596 -0.2577316
0.30205 -0.36908 2.04206 -0.48019 -0.01258 1.82357 0.00122 -0.00092 -0.00686 -0.00072 -0.00134 -0.00120 0.07402 0.10305 -0.00150 -0.00011 0.14010 0.08294 0.00338 0.02670 0.5014746 -0.5557266 0.0408067 0.6618353 0.4495504 -0.1486172 0.8528102 -0.2203002
0.30707 -0.37701 2.04789 -0.4838 -0.01328 1.82857 0.00502 -0.00793 0.00583 -0.00361 -0.00070 0.00500 0.07224 0.10123 -0.00178 -0.00182 0.14661 0.07955 0.00651 -0.00339 0.4470319 -0.5886438 0.0502405 0.6716671 0.4217885 -0.1552101 0.8692514 -0.2059284
0.31289 -0.38507 2.053 -0.4849 -0.01413 1.82953 0.00582 -0.00806 0.00511 -0.00110 -0.00085 0.00096 0.07059 0.10097 -0.00165 -0.00026 0.15394 0.05820 0.00733 -0.02135 0.3963802 -0.6087419 0.0480098 0.6855735 -0.109659 -0.0194081 0.9568622 -0.2683524
0.3312 -0.40939 2.06624 -0.48608 -0.01631 1.83003 0.01831 -0.02432 0.01324 -0.00118 -0.00218 0.00050 0.07042 0.10238 -0.00017 0.00141 0.05097 0.08102 -0.10297 0.02282 0.250581 -0.0617797 -0.2174772 0.9413268 0.4084299 -0.1679096 0.8628373 -0.245974
0.33973 -0.42069 2.07191 -0.48741 -0.01932 1.82982 0.00853 -0.01130 0.00567 -0.00133 -0.00301 -0.00021 0.07261 0.10302 0.00219 0.00064 0.05678 0.05499 0.00581 -0.02603 0.0944933 0.3730157 -0.3087791 0.8698195 -0.2145499 0.0247753 0.9219571 -0.3214804
0.28004 -0.50794 1.95062 -0.47051 -0.02551 1.75435 -0.05969 -0.08725 -0.12129 0.01690 -0.00619 -0.07547 0.16356 0.09740 0.09095 -0.00562 0.10040 0.05174 0.04362 -0.00325 0.2438433 0.109678 -0.2267964 0.9365226 0.7850565 -0.2867613 -0.4844397 0.2584037
0.33255 -0.4466 1.98165 -0.48014 -0.03359 1.78458 0.05251 0.06134 0.03103 -0.00963 -0.00808 0.03023 0.08506 0.10152 -0.07850 0.00412 0.09672 0.05885 -0.00368 0.00711 0.2375873 -0.0295009 -0.4583058 0.8559425 0.8841791 -0.4314074 0.1773583 -0.0256718
0.32102 -0.44576 1.96166 -0.48767 -0.04158 1.80788 -0.01153 0.00084 -0.01999 -0.00753 -0.00799 0.02330 0.09528 0.09933 0.01022 -0.00219 0.06118 0.07333 -0.03554 0.01448 0.029881 0.2708326 -0.5827431 0.7656157 0.8484166 -0.2135675 -0.4839543 0.01914
0.29039 -0.41985 1.91562 -0.4966 -0.05105 1.83334 -0.03063 0.02591 -0.04604 -0.00893 -0.00947 0.02546 0.08653 0.10033 -0.00875 0.00100 0.08890 0.06238 0.02772 -0.01095 0.0460629 0.1115344 -0.52104 0.844959 0.8061941 -0.2874297 -0.5116766 0.0749814
0.23185 -0.34358 1.7093 -0.47063 -0.05593 1.72899 -0.05854 0.07627 -0.20632 0.02597 -0.00488 -0.10435 0.08154 0.09505 -0.00499 -0.00528 0.03965 0.06323 -0.04925 0.00085 0.1099701 0.1380439 -0.6436779 0.7446672 0.9406837 -0.3106754 0.0829168 -0.108258
0.18446 -0.23375 1.64438 -0.46469 -0.0601 1.70191 -0.04739 0.10983 -0.06492 0.00594 -0.00417 -0.02708 0.07609 0.09246 -0.00545 -0.00259 0.03740 0.08009 -0.00225 0.01686 0.065297 -0.173673 0.7025204 -0.6870511 0.7955791 -0.3182876 -0.4997762 0.126375
0.09662 5E-05 1.71185 -0.48122 -0.06906 1.77155 -0.08784 0.23380 0.06747 -0.01653 -0.00896 0.06964 0.09352 0.09714 0.01743 0.00468 0.07909 0.07646 0.04169 -0.00363 0.1794025 -0.272698 0.8656663 -0.3795686 0.770067 -0.3393891 -0.5228649 0.1357359
0.05562 0.13133 1.74366 -0.48368 -0.07012 1.79155 -0.04100 0.13128 0.03181 -0.00246 -0.00106 0.02000 0.12361 0.09891 0.03009 0.00177 0.06300 0.07564 -0.01609 -0.00082 0.267205 -0.1403528 0.8307257 -0.4677579 0.7861966 -0.3130521 -0.5205063 0.1138703
0.03362 0.19645 1.84353 -0.49019 -0.07191 1.83018 -0.02200 0.06512 0.09987 -0.00651 -0.00179 0.03863 0.13850 0.10577 0.01489 0.00686 0.10212 0.07008 0.03912 -0.00556 0.1821007 -0.2262718 0.9443889 -0.1541752 0.6996915 -0.300431 -0.6217472 0.1833127
0.00947 0.27946 1.81088 -0.47293 -0.06473 1.77666 -0.02415 0.08301 -0.03265 0.01726 0.00718 -0.05352 0.12623 0.10175 -0.01227 -0.00402 0.09207 0.07839 -0.01005 0.00831 0.1265568 -0.1683202 0.9718136 -0.1059716 0.7535211 -0.2971721 -0.5691448 0.1413113
-0.0064 0.37533 1.924 -0.49137 -0.06407 1.85403 -0.01587 0.09587 0.11312 -0.01844 0.00066 0.07737 0.12640 0.10876 0.00017 0.00701 0.09323 0.08801 0.00116 0.00962 0.0188236 -0.0480819 0.9945298 -0.0907979 0.788452 -0.2890688 -0.5310201 0.113138
-0.00209 0.38904 1.97326 -0.4898 -0.06001 1.85477 0.00431 0.01371 0.04926 0.00157 0.00406 0.00074 0.12906 0.10892 0.00266 0.00016 0.10762 0.05761 0.01439 -0.03040 0.1025748 0.0072742 0.9788741 0.1767233 0.7057437 -0.252524 -0.6461707 0.1435995
-0.00542 0.41493 1.98781 -0.48425 -0.05804 1.83759 -0.00333 0.02589 0.01455 0.00555 0.00197 -0.01718 0.14213 0.11136 0.01307 0.00244 0.10732 0.04509 -0.00030 -0.01252 0.136998 -0.0597373 0.9541134 0.2594815 -0.6806157 0.1874805 0.7053224 -0.0642938
-0.00518 0.4118 2.00287 -0.48597 -0.05824 1.83801 0.00024 -0.00313 0.01506 -0.00172 -0.00020 0.00042 0.10285 0.10525 -0.03928 -0.00611 0.09753 0.05394 -0.00979 0.00885 -0.2251273 -0.1592887 0.916887 0.2885535 -0.0903747 0.0894129 0.9828212 -0.1337918
0.01053 0.36552 1.96566 -0.48752 -0.05551 1.83569 0.01571 -0.04628 -0.03721 -0.00155 0.00273 -0.00232 0.11904 0.11191 0.01619 0.00666 0.08560 0.05325 -0.01193 -0.00069 0.1397893 -0.0670779 0.8681791 0.4714068 -0.4134207 0.1579969 0.8757314 -0.1929112
-0.00254 0.38938 1.98713 -0.48536 -0.05363 1.81769 -0.01307 0.02386 0.02147 0.00216 0.00188 -0.01800 0.12267 0.10837 0.00363 -0.00354 0.08176 0.08311 -0.00384 0.02986 0.328243 -0.017171 0.8087315 0.4877653 0.8074305 -0.2556461 -0.5199757 0.1110245
0.04412 0.33178 1.95338 -0.49299 -0.05488 1.83761 0.04666 -0.05760 -0.03375 -0.00763 -0.00125 0.01992 0.10861 0.11053 -0.01406 0.00216 0.08332 0.07406 0.00156 -0.00905 0.3502867 -0.0712162 0.8349684 0.4183961 0.9554704 -0.2498478 0.1324247 -0.0843572
0.09418 0.28224 1.93186 -0.49832 -0.05727 1.85271 0.05006 -0.04954 -0.02152 -0.00533 -0.00239 0.01510 0.13407 0.11213 0.02546 0.00160 0.05144 0.06523 -0.03188 -0.00883 0.2640201 -0.1775066 0.9300007 0.1840747 0.8856064 -0.2663434 0.3470578 -0.1559273
0.17195 0.1829 1.8882 -0.4967 -0.05354 1.84029 0.07777 -0.09934 -0.04366 0.00162 0.00373 -0.01242 0.10358 0.11105 -0.03049 -0.00108 0.05963 0.08281 0.00819 0.01758 0.1912984 -0.2876315 0.9012801 0.2614715 0.5220367 -0.0929498 0.8085682 -0.25506
0.22565 0.12559 1.87391 -0.49546 -0.05147 1.83168 0.05370 -0.05731 -0.01429 0.00124 0.00207 -0.00861 0.09798 0.11223 -0.00560 0.00118 0.05889 0.07248 -0.00074 -0.01033 0.2651927 -0.3086506 0.9131852 0.0223685 0.5881318 -0.1377135 0.7504119 -0.2683618
0.27611 0.07174 1.86528 -0.4923 -0.05107 1.82755 0.05046 -0.05385 -0.00863 0.00316 0.00040 -0.00413 0.08685 0.11293 -0.01113 0.00070 0.06172 0.08148 0.00283 0.00900 0.2745568 -0.3379757 0.8944123 0.1020668 0.5019667 -0.0947279 0.8081958 -0.2930452
0.31613 0.00882 1.81251 -0.47547 -0.04553 1.77522 0.04002 -0.06292 -0.05277 0.01683 0.00554 -0.05233 0.08091 0.10640 -0.00594 -0.00653 0.05977 0.06911 -0.00195 -0.01237 0.3066481 -0.26944 0.8949839 -0.1799244 0.5997458 -0.0556194 0.7528231 -0.2654597
0.37288 -0.08562 1.86146 -0.47846 -0.04373 1.80739 0.05675 -0.09444 0.04895 -0.00299 0.00180 0.03217 0.06995 0.10443 -0.01096 -0.00197 0.06178 0.06844 0.00201 -0.00067 -0.0688641 -0.1429642 0.9577071 -0.2400334 0.5625107 -0.0015363 0.7796872 -0.2750767
0.34654 -0.0962 1.72086 -0.4369 -0.04234 1.66379 -0.02634 -0.01058 -0.14060 0.04156 0.00139 -0.14360 0.05905 0.09803 -0.01090 -0.00640 0.06047 0.05967 -0.00131 -0.00877 -0.0783075 -0.1064332 0.919871 -0.3692929 0.6136883 0.0212112 0.7411361 -0.2713926
0.34871 -0.10655 1.74182 -0.43662 -0.04387 1.6755 0.00217 -0.01035 0.02096 0.00028 -0.00153 0.01171 0.06042 0.09654 0.00137 -0.00149 0.10364 0.05906 0.04317 -0.00061 0.9159105 -0.3737346 0.0961883 0.1103548 0.6590999 0.0305515 0.6981345 -0.2779605
0.34902 -0.10925 1.75351 -0.43414 -0.04302 1.68315 0.00031 -0.00270 0.01169 0.00248 0.00085 0.00765 0.05986 0.09618 -0.00056 -0.00036 0.10532 0.07015 0.00168 0.01109 0.9125288 -0.3796782 0.106231 0.1088607 0.4714169 -0.1230412 0.7864015 -0.3797364
0.35016 -0.10704 1.75872 -0.43355 -0.0425 1.68549 0.00114 0.00221 0.00521 0.00059 0.00052 0.00234 0.06246 0.09527 0.00260 -0.00091 0.10247 0.06569 -0.00285 -0.00446 0.9212171 -0.3623414 0.0894743 0.1098277 0.6106853 -0.0196925 0.7723124 -0.1738078
0.35076 -0.10372 1.74987 -0.42957 -0.03968 1.6762 0.00060 0.00332 -0.00885 0.00398 0.00282 -0.00929 0.06132 0.09508 -0.00114 -0.00019 0.10308 0.05242 0.00061 -0.01327 0.9271974 -0.3509707 0.0877977 0.0970366 0.8581203 -0.2379993 0.4026459 -0.2118071
0.35215 -0.10026 1.73349 -0.42673 -0.03665 1.6679 0.00139 0.00346 -0.01638 0.00284 0.00303 -0.00830 0.05875 0.09397 -0.00257 -0.00111 0.10059 0.04727 -0.00249 -0.00515 0.9331583 -0.3459468 0.0486076 0.0846973 0.8492323 -0.1591703 0.4680471 -0.1854755
0.35002 -0.09843 1.72181 -0.4244 -0.0368 1.65881 -0.00213 0.00183 -0.01168 0.00233 -0.00015 -0.00909 0.05967 0.09538 0.00092 0.00141 0.09555 0.06915 -0.00504 0.02188 0.9309816 -0.3505049 0.048726 0.0896957 0.5989139 0.007067 0.7853361 -0.1565227
0.35091 -0.09931 1.72923 -0.42705 -0.03632 1.66682 0.00089 -0.00088 0.00742 -0.00265 0.00048 0.00801 0.05934 0.09517 -0.00033 -0.00021 0.09806 0.07019 0.00251 0.00104 0.9309888 -0.349406 0.0542169 0.0907515 0.567695 0.0141207 0.8084559 -0.1546679
0.34975 -0.09916 1.7297 -0.42825 -0.03724 1.66894 -0.00116 0.00015 0.00047 -0.00120 -0.00092 0.00212 0.05827 0.09492 -0.00107 -0.00025 0.09883 0.06999 0.00077 -0.00020 0.9288656 -0.3528277 0.0558065 0.0980156 0.5549111 0.0287264 0.8200893 -0.1367549
0.35141 -0.10443 1.7477 -0.43492 -0.03807 1.68974 0.00166 -0.00527 0.01800 -0.00667 -0.00083 0.02080 0.06197 0.09303 0.00370 -0.00189 0.10149 0.06659 0.00266 -0.00340 0.9394561 -0.3231849 0.0589378 0.0974684 0.58268 -0.1101758 0.7526396 -0.2861452
0.35052 -0.10453 1.74308 -0.43536 -0.03783 1.68786 -0.00089 -0.00010 -0.00462 -0.00044 0.00024 -0.00188 0.06067 0.09260 -0.00130 -0.00043 0.10128 0.06684 -0.00021 0.00025 0.935643 -0.3338804 0.0552057 0.1002424 0.5995016 -0.1326821 0.7396311 -0.2755708
0.3508 -0.10473 1.7405 -0.43656 -0.03787 1.68984 0.00028 -0.00020 -0.00258 -0.00120 -0.00004 0.00198 0.06317 0.09306 0.00250 0.00046 0.10076 0.05645 -0.00052 -0.01039 0.9407315 -0.3150962 0.1047488 0.0690387 0.9504354 -0.2523749 0.1493095 -0.1033737
0.37733 -0.1104 1.87182 -0.4721 -0.04161 1.82261 0.02653 -0.00567 0.13132 -0.03554 -0.00374 0.13277 0.06862 0.10108 0.00545 0.00802 0.11048 0.06851 0.00972 0.01206 0.952462 -0.2449748 0.1353296 0.1203722 0.9503456 -0.264996 0.139878 -0.083991
0.3602 -0.09112 1.81579 -0.46115 -0.04007 1.795 -0.01713 0.01928 -0.05603 0.01095 0.00154 -0.02761 0.07879 0.10112 0.01017 0.00004 0.07094 0.06728 -0.03954 -0.00123 0.800767 -0.0528921 -0.3009261 0.5151874 0.9827377 -0.1597201 0.0623354 -0.0695013
0.35717 -0.08676 1.80378 -0.45732 -0.03642 1.79808 -0.00303 0.00436 -0.01201 0.00383 0.00365 0.00308 0.07817 0.09883 -0.00062 -0.00229 0.06743 0.05460 -0.00351 -0.01268 0.8242637 -0.1971281 -0.2993126 0.43834 0.9669148 -0.1672177 0.1462376 -0.1254134
0.35967 -0.08708 1.83042 -0.46006 -0.03414 1.84106 0.00250 -0.00032 0.02664 -0.00274 0.00228 0.04298 0.07351 0.10379 -0.00466 0.00496 0.07983 0.06348 0.01240 0.00888 0.8867672 -0.2200353 -0.3018737 0.2722143 0.9587027 -0.1651369 0.145519 -0.1801196
0.33693 -0.07347 1.77129 -0.43557 -0.03 1.7964 -0.02274 0.01361 -0.05913 0.02449 0.00414 -0.04466 0.08721 0.10710 0.01370 0.00331 0.06357 0.06202 -0.01626 -0.00146 0.7441416 -0.1598385 -0.2944893 0.5779108 0.8530557 -0.1197215 0.4282869 -0.2730077
0.30968 -0.06397 1.76333 -0.41406 -0.0225 1.79607 -0.02725 0.00950 -0.00796 0.02151 0.00750 -0.00033 0.07686 0.10867 -0.01035 0.00157 0.06055 0.06108 -0.00302 -0.00094 0.8720663 0.0137032 -0.4138068 0.260915 0.8174067 -0.1037159 0.4789213 -0.3028592
0.27163 -0.05062 1.75642 -0.38172 -0.01394 1.79237 -0.03805 0.01335 -0.00691 0.03234 0.00856 -0.00370 0.07179 0.10885 -0.00507 0.00018 0.05019 0.06533 -0.01036 0.00425 0.8317389 0.0786887 -0.3660225 0.4099339 0.8498936 -0.0784717 0.4399794 -0.2791792
0.22907 -0.04017 1.81818 -0.34942 -0.01286 1.85543 -0.04256 0.01045 0.06176 0.03230 0.00108 0.06306 0.07659 0.11612 0.00480 0.00727 0.04764 0.08048 -0.00255 0.01515 0.8697232 -0.2250318 -0.346551 0.2698974 0.9156799 -0.1479093 0.3205089 -0.1921646
0.14614 0.02199 1.69041 -0.27292 -0.00363 1.7315 -0.08293 0.06216 -0.12777 0.07650 0.00923 -0.12393 0.04167 0.11019 -0.03492 -0.00593 0.03713 0.05128 -0.01051 -0.02920 0.9334176 -0.0349049 -0.3444723 0.0940861 0.8082 -0.0868372 0.5366378 -0.2264776
0.09773 -0.02177 1.87944 -0.22464 -0.00208 1.90009 -0.04841 -0.04376 0.18903 0.04828 0.00155 0.16859 0.08778 0.12055 0.04611 0.01036 0.04968 0.05687 0.01255 0.00559 0.8664619 -0.1810536 -0.350725 0.3057049 0.9059578 -0.1044988 0.3548096 0.2059869
-0.04674 0.02175 1.79955 -0.09056 0.00623 1.80467 -0.14447 0.04352 -0.07989 0.13408 0.00831 -0.09542 0.10494 0.08834 0.01716 -0.03221 0.09409 0.08604 0.04441 0.02917 -0.625442 -0.3188393 0.666677 -0.250411 0.6577591 0.1387966 0.7265058 -0.1424004
-0.03258 0.03993 1.80535 -0.12366 0.00681 1.80458 0.01416 0.01818 0.00580 -0.03310 0.00058 -0.00009 0.12583 0.11048 0.02089 0.02214 0.04985 0.05301 -0.04424 -0.03303 0.8511833 0.1995302 -0.3845915 0.2962502 0.9268836 0.0215745 0.3696527 -0.0614671
0.12475 0.07754 1.82281 -0.22246 0.03718 1.81391 0.15733 0.03761 0.01746 -0.09880 0.03037 0.00933 0.11960 0.10714 -0.00623 -0.00334 0.07978 0.06878 0.02993 0.01577 0.9325023 -0.0754622 -0.3430481 0.084042 0.8501304 -0.4178911 0.3096087 0.0823872
0.18428 0.04136 1.84251 -0.278 0.0433 1.84505 0.05953 -0.03618 0.01970 -0.05554 0.00612 0.03114 0.07570 0.10930 -0.04390 0.00216 0.09634 0.07807 0.01656 0.00929 0.9468307 -0.1755548 -0.2634528 0.0573129 0.924485 -0.1919477 0.2280507 -0.2376477
0.21276 0.04483 1.83865 -0.31746 0.04557 1.85188 0.02848 0.00347 -0.00386 -0.03946 0.00227 0.00683 0.11610 0.11127 0.04040 0.00197 0.08293 0.07391 -0.01341 -0.00416 0.938368 -0.0850966 -0.2839288 0.177788 0.9109992 -0.2125297 0.3531024 0.0151761
0.2197 0.04348 1.83232 -0.33388 0.05185 1.85283 0.00694 -0.00135 -0.00633 -0.01642 0.00628 0.00095 0.11719 0.10843 0.00109 -0.00284 0.09565 0.07720 0.01272 0.00329 0.9450598 -0.0976293 -0.2799703 0.137649 0.9150985 -0.1881609 0.3559815 0.0216201
0.21235 0.0392 1.83058 -0.33148 0.05094 1.85431 -0.00735 -0.00428 -0.00174 0.00240 -0.00091 0.00148 0.11838 0.10760 0.00119 -0.00083 0.08291 0.07491 -0.01274 -0.00229 0.9209156 -0.062626 -0.3036444 0.2362044 0.9127256 -0.1583814 0.3755503 -0.0284493
0.18814 0.03039 1.81745 -0.30753 0.04389 1.84083 -0.02421 -0.00881 -0.01313 0.02395 -0.00705 -0.01348 0.11832 0.10671 -0.00006 -0.00089 0.09744 0.07077 0.01453 -0.00414 0.9332141 -0.0922394 -0.2772344 0.2091518 0.9147071 -0.0711603 0.321693 -0.2340101
0.14951 0.01457 1.83632 -0.29738 0.03474 1.85595 -0.03863 -0.01582 0.01887 0.01015 -0.00915 0.01512 0.11778 0.10643 -0.00054 -0.00028 0.07733 0.07078 -0.02011 0.00001 0.8912852 -0.1386723 -0.2415241 0.3578363 0.8888147 -0.1348173 0.3185917 -0.3005526
0.13625 0.01026 1.84036 -0.2966 0.03165 1.8574 -0.01326 -0.00431 0.00404 0.00078 -0.00309 0.00145 0.11772 0.10711 -0.00006 0.00068 0.09308 0.06624 0.01575 -0.00454 0.8916494 -0.1316568 -0.2473188 0.355614 0.875573 -0.145008 0.3537225 -0.2953385
0.12643 0.00765 1.81791 -0.29263 0.03001 1.83126 -0.00982 -0.00261 -0.02245 0.00397 -0.00164 -0.02614 0.11422 0.10374 -0.00350 -0.00337 0.08212 0.07793 -0.01096 0.01169 0.9109977 -0.1192858 -0.2700981 0.2879254 0.8975719 -0.1810209 0.2977927 -0.270029
0.12381 0.00563 1.81199 -0.29266 0.02814 1.82235 -0.00262 -0.00202 -0.00592 -0.00003 -0.00187 -0.00891 0.11515 0.10449 0.00093 0.00075 0.10015 0.06609 0.01803 -0.01184 0.9054788 -0.1196933 -0.2541862 0.3180738 0.8609694 -0.1959118 0.3967331 -0.2509043
0.12487 0.00627 1.8076 -0.29266 0.02789 1.81606 0.00106 0.00064 -0.00439 0.00000 -0.00025 -0.00629 0.11295 0.10317 -0.00220 -0.00132 0.07435 0.07001 -0.02580 0.00392 0.9123114 -0.1827952 -0.2760617 0.240964 0.8864635 -0.2019207 0.3518942 -0.222668
0.13057 0.00524 1.83617 -0.2977 0.02635 1.84326 0.00570 -0.00103 0.02857 -0.00504 -0.00154 0.02720 0.12234 0.10477 0.00939 0.00160 0.07430 0.06990 -0.00005 -0.00011 0.9083872 -0.1660908 -0.2923396 0.2485639 0.8819842 -0.2005158 0.3657456 -0.2193797
0.13437 -0.00563 1.82232 -0.28574 0.01247 1.82904 0.00380 -0.01087 -0.01385 0.01196 -0.01388 -0.01422 0.12511 0.10080 0.00277 -0.00397 0.07770 0.07204 0.00340 0.00214 0.9089085 -0.1823477 -0.2683991 0.2619095 0.8708829 -0.223645 0.3114772 -0.3074536
0.14296 -0.12725 1.81444 -0.23883 -0.07403 1.82124 0.00859 -0.12162 -0.00788 0.04691 -0.08650 -0.00780 0.06849 0.09478 -0.05662 -0.00602 0.07841 0.09705 0.00071 0.02501 0.9175974 -0.0447996 -0.2718091 0.2865796 0.9227786 -0.2247791 0.2682083 -0.1613017
0.13179 -0.17445 1.73285 -0.20202 -0.12142 1.74425 -0.01117 -0.04720 -0.08159 0.03681 -0.04739 -0.07699 0.06927 0.08525 0.00078 -0.00953 0.08337 0.07622 0.00496 -0.02083 0.8062387 -0.2689752 0.0459756 0.5248979 -0.3593421 0.7479661 -0.5524758 -0.078681
0.12346 -0.34459 1.79972 -0.15553 -0.28304 1.82516 -0.00833 -0.17014 0.06687 0.04649 -0.16162 0.08091 0.06814 0.07190 -0.00113 -0.01335 0.04537 0.13648 -0.03800 0.06026 0.6948151 -0.2551351 -0.4385085 0.5097533 -0.5061359 0.3419115 -0.1394454 0.7794087
0.12839 -0.45503 1.86738 -0.13719 -0.39188 1.89302 0.00493 -0.11044 0.06766 0.01834 -0.10884 0.06786 0.09076 0.07812 0.02262 0.00622 0.06056 0.12724 0.01519 -0.00924 0.5205057 -0.1857383 -0.5544627 0.6222109 0.753841 -0.2469332 0.2483814 -0.5559267
0.13883 -0.5538 1.89257 -0.11613 -0.48442 1.93136 0.01044 -0.09877 0.02519 0.02106 -0.09254 0.03834 0.10985 0.08346 0.01909 0.00534 0.05620 0.12314 -0.00436 -0.00410 -0.4979051 0.753425 0.0241729 -0.4287855 -0.594379 0.1193744 -0.3314259 0.7229248
0.1354 -0.61119 1.81751 -0.12637 -0.56062 1.88223 -0.00343 -0.05739 -0.07506 -0.01024 -0.07620 -0.04913 0.13597 0.08643 0.02612 0.00297 0.06400 0.07441 0.00780 -0.04873 0.4498941 -0.5222229 -0.2854949 0.6658612 -0.5490203 0.6247956 -0.0030068 0.5551559
0.13675 -0.63615 1.82295 -0.15529 -0.61597 1.8767 0.00135 -0.02496 0.00544 -0.02892 -0.05535 -0.00553 0.14976 0.12888 0.01379 0.04245 0.07194 0.08459 0.00794 0.01018 0.5448243 -0.5327479 -0.2590568 0.5934945 -0.5076773 0.5766307 -0.1753664 0.6156359
0.13509 -0.61625 1.78354 -0.12066 -0.60799 1.82799 -0.00166 0.01990 -0.03941 0.03463 0.00798 -0.04871 0.15108 0.12266 0.00132 -0.00622 0.06719 0.07056 -0.00475 -0.01403 0.5691937 -0.5458597 -0.2436651 0.5645202 -0.603108 0.4709781 -0.1835694 0.6170436
0.1394 -0.62101 1.80625 -0.16106 -0.60843 1.86432 0.00431 -0.00476 0.02271 -0.04040 -0.00044 0.03633 0.14728 0.12410 -0.00380 0.00144 0.05828 0.06760 -0.00891 -0.00296 0.5868093 -0.5733694 -0.219874 0.5277857 -0.5921106 0.498756 -0.2080363 0.597803
0.15591 -0.60695 1.83133 -0.13016 -0.60545 1.83649 0.01651 0.01406 0.02508 0.03090 0.00298 -0.02783 0.11370 0.12211 -0.03358 -0.00199 0.05598 0.07363 -0.00230 0.00603 0.6150289 -0.6150643 -0.1764978 0.4607429 -0.5444263 0.4018867 -0.262276 0.6879669
0.18144 -0.61288 1.83246 -0.12956 -0.61336 1.8404 0.02553 -0.00593 0.00113 0.00060 -0.00791 0.00391 0.11745 0.11988 0.00375 -0.00223 0.05436 0.07206 -0.00162 -0.00157 0.6043507 -0.6804564 -0.0870726 0.4051638 -0.5487874 0.4068018 -0.2668792 0.6797941
0.20668 -0.61684 1.84054 -0.16953 -0.61324 1.88877 0.02524 -0.00396 0.00808 -0.03997 0.00012 0.04837 0.12023 0.12631 0.00278 0.00643 0.07514 0.07419 0.02078 0.00213 0.4913452 -0.4737934 -0.3301722 0.6519862 0.6392317 -0.5422522 0.1128266 -0.5334937
0.2426 -0.60645 1.8325 -0.16258 -0.61108 1.87307 0.03592 0.01039 -0.00804 0.00695 0.00216 -0.01570 0.07510 0.12588 -0.04513 -0.00043 0.07116 0.08137 -0.00398 0.00718 0.374004 -0.3677979 -0.4915486 0.6951444 0.6336893 -0.5730972 0.0770746 -0.5138646
0.1849 -0.68241 1.62838 -0.15085 -0.58062 1.77324 -0.05770 -0.07596 -0.20412 0.01173 0.03046 -0.09983 0.08095 0.11742 0.00585 -0.00846 0.02171 0.07330 -0.04945 -0.00807 0.2606532 0.0370909 -0.3620627 0.8942006 0.6159433 -0.5288267 0.1316853 -0.5688719
0.36897 -0.58926 1.82153 -0.15701 -0.61082 1.86038 0.18407 0.09315 0.19315 -0.00616 -0.03020 0.08714 0.09261 0.12108 0.01166 0.00366 0.05999 0.07552 0.03828 0.00222 -0.450487 0.6023545 0.4675315 -0.4643758 0.610237 -0.5298568 0.1318325 -0.5740058
0.41561 -0.57425 1.77348 -0.1516 -0.59172 1.79786 0.04664 0.01501 -0.04805 0.00541 0.01910 -0.06252 0.08838 0.11902 -0.00423 -0.00206 0.05648 0.07870 -0.00351 0.00318 -0.3830166 0.6355939 0.5631052 -0.363636 0.61283 -0.5666058 0.092401 -0.5430095
0.45661 -0.60183 1.88883 -0.15619 -0.61406 1.86133 0.04100 -0.02758 0.11535 -0.00459 -0.02234 0.06347 0.12195 0.12319 0.03357 0.00417 0.07427 0.08027 0.01779 0.00157 -0.4859383 0.6614317 0.4464778 -0.3564121 0.616243 -0.5954283 0.0624189 -0.5116771
0.48579 -0.59194 1.81879 -0.15019 -0.58973 1.78893 0.02918 0.00989 -0.07004 0.00600 0.02433 -0.07240 0.09735 0.11978 -0.02460 -0.00341 0.07584 0.07786 0.00157 -0.00241 -0.3694949 0.5442081 0.5898345 -0.4684083 0.6131006 -0.5716474 0.0909769 -0.5376337
0.5359 -0.64088 1.9296 -0.15536 -0.61025 1.84864 0.05011 -0.04894 0.11081 -0.00517 -0.02052 0.05971 0.08450 0.12323 -0.01285 0.00345 0.06565 0.07976 -0.01019 0.00190 -0.2064045 0.5286926 0.5801243 -0.5842407 0.6178221 -0.5998049 0.0604542 -0.5048518
0.56689 -0.6835 1.79675 -0.14777 -0.58025 1.75733 0.03099 -0.04262 -0.13285 0.00759 0.03000 -0.09131 0.10612 0.11631 0.02162 -0.00692 0.14371 0.07925 0.07806 -0.00051 -0.3603091 0.1872852 -0.3992769 0.8219973 0.6073036 -0.5420758 0.1288242 -0.5663397
0.57776 -0.69432 1.82297 -0.14886 -0.58381 1.76861 0.01087 -0.01082 0.02622 -0.00109 -0.00356 0.01128 0.11502 0.11789 0.00890 0.00158 0.15955 0.07745 0.01584 -0.00180 -0.3042051 0.279269 -0.5809981 0.7013625 0.6160369 -0.5885857 0.07877 -0.5175527
0.58059 -0.69986 1.81705 -0.1477 -0.58223 1.76202 0.00283 -0.00554 -0.00592 0.00116 0.00158 -0.00659 0.10957 0.11858 -0.00545 0.00069 0.14100 0.07533 -0.01855 -0.00212 -0.3515616 0.2755389 -0.5411494 0.7124887 0.6121547 -0.5752656 0.0957767 -0.5340065
0.58071 -0.70813 1.8103 -0.14405 -0.58218 1.75795 0.00012 -0.00827 -0.00675 0.00365 0.00005 -0.00407 0.10413 0.11504 -0.00544 -0.00354 0.13820 0.07594 -0.00280 0.00061 -0.3728629 0.2897625 -0.4893604 0.7331694 0.6020107 -0.5648838 0.1086822 -0.5537848
0.56473 -0.71369 1.81707 -0.1437 -0.58533 1.76582 -0.01598 -0.00556 0.00677 0.00035 -0.00315 0.00787 0.10980 0.11560 0.00567 0.00056 0.08786 0.07474 -0.05034 -0.00120 -0.4638177 0.4950874 -0.3691803 0.635191 0.6011961 -0.5807647 0.093073 -0.5409372
0.56545 -0.71814 1.82498 -0.14278 -0.58686 1.77215 0.00072 -0.00445 0.00791 0.00092 -0.00153 0.00633 0.10799 0.11359 -0.00181 -0.00201 0.12194 0.07901 0.03408 0.00427 -0.4187053 0.4044029 -0.4044198 0.7053998 0.5920637 -0.5609955 0.1168172 -0.5666553
0.56466 -0.71643 1.82942 -0.14133 -0.58716 1.77309 -0.00079 0.00171 0.00444 0.00145 -0.00030 0.00094 0.09490 0.11500 -0.01309 0.00141 0.12239 0.07535 0.00045 -0.00366 -0.4358044 0.4094416 -0.3969318 0.6963313 0.589653 -0.562548 0.1161796 -0.5677599
0.57093 -0.71918 1.83469 -0.14001 -0.58735 1.77693 0.00627 -0.00275 0.00527 0.00132 -0.00019 0.00384 0.11176 0.11467 0.01686 -0.00033 0.14321 0.07784 0.02082 0.00249 -0.4375199 0.3738919 -0.3887698 0.7194714 0.5875733 -0.5470061 0.1264833 -0.5827039
0.56807 -0.71332 1.81715 -0.12451 -0.58385 1.74889 -0.00286 0.00586 -0.01754 0.01550 0.00350 -0.02804 0.10925 0.11057 -0.00251 -0.00410 0.13580 0.07217 -0.00741 -0.00567 -0.4496361 0.3675624 -0.3793018 0.7203162 -0.5523863 0.4995729 -0.1704322 0.6451737
0.57153 -0.71988 1.83295 -0.12109 -0.59084 1.76092 0.00346 -0.00656 0.01580 0.00342 -0.00699 0.01203 0.09316 0.11116 -0.01609 0.00059 0.12068 0.06922 -0.01512 -0.00295 -0.4567741 0.3906666 -0.3731274 0.7067623 -0.5433759 0.4835409 -0.1895058 0.6595592
0.5689 -0.7188 1.83422 -0.12261 -0.59129 1.76183 -0.00263 0.00108 0.00127 -0.00152 -0.00045 0.00091 0.09348 0.11064 0.00032 -0.00052 0.14766 0.07040 0.02698 0.00118 -0.4407794 0.3627962 -0.3995285 0.7172651 -0.5501719 0.4900747 -0.1830624 0.6508654
0.57279 -0.72724 1.85844 -0.12524 -0.59835 1.78282 0.00389 -0.00844 0.02422 -0.00263 -0.00706 0.02099 0.09638 0.11313 0.00290 0.00249 0.12369 0.06862 -0.02397 -0.00178 -0.4525042 0.3828675 -0.3472692 0.726675 -0.5473068 0.4714869 -0.1977049 0.6626221
0.57207 -0.72759 1.85565 -0.12586 -0.59775 1.77982 -0.00072 -0.00035 -0.00279 -0.00062 0.00060 -0.00300 0.09778 0.11460 0.00140 0.00147 0.08607 0.06989 -0.03762 0.00127 -0.5286458 0.5535955 -0.2141191 0.6068102 -0.5542856 0.4874494 -0.1857201 0.6485897
0.57508 -0.72598 1.8564 -0.12613 -0.59756 1.77856 0.00301 0.00161 0.00075 -0.00027 0.00019 -0.00126 0.09697 0.11000 -0.00081 -0.00460 0.09837 0.07106 0.01230 0.00117 -0.4691277 0.3659984 -0.3325132 0.7317098 -0.5487977 0.4691276 -0.1984491 0.6628411
0.57443 -0.72666 1.85504 -0.12608 -0.59748 1.77826 -0.00065 -0.00068 -0.00136 0.00005 0.00008 -0.00030 0.09694 0.11122 -0.00003 0.00122 0.07498 0.07047 -0.02339 -0.00059 -0.533357 0.5205722 -0.2209476 0.6290606 -0.5553093 0.4783002 -0.1874996 0.6539912
0.57384 -0.72647 1.85141 -0.12557 -0.59718 1.77591 -0.00059 0.00019 -0.00363 0.00051 0.00030 -0.00235 0.09334 0.11117 -0.00360 -0.00005 0.07569 0.07003 0.00071 -0.00044 -0.5490688 0.5613606 -0.191686 0.5887734 -0.5558747 0.4774624 -0.1867688 0.654332
0.57298 -0.72552 1.84871 -0.12645 -0.59673 1.77449 -0.00086 0.00095 -0.00270 -0.00088 0.00045 -0.00142 0.09358 0.11063 0.00024 -0.00054 0.10068 0.07086 0.02499 0.00083 -0.4908818 0.4087533 -0.3210991 0.6991788 -0.5528332 0.4698329 -0.1971891 0.6593549
0.57358 -0.726 1.84888 -0.12557 -0.59693 1.77552 0.00060 -0.00048 0.00017 0.00088 -0.00020 0.00103 0.09436 0.11332 0.00078 0.00269 0.09732 0.07001 -0.00336 -0.00085 -0.4939913 0.4101941 -0.3185495 0.6973087 -0.553388 0.466038 -0.19491 0.6622541
0.57382 -0.72574 1.85055 -0.12523 -0.59809 1.77496 0.00024 0.00026 0.00167 0.00034 -0.00116 -0.00056 0.09811 0.11643 0.00375 0.00311 0.09369 0.06671 -0.00363 -0.00330 -0.504228 0.4248838 -0.3046622 0.6873201 -0.5538281 0.4728699 -0.1898861 0.6584921
]
