classifier_Monkey_bumps_into_man_24305 [ 0.66013 -0.72957 1.93872 -0.09911 -0.60717 1.92634 0.66013 -0.72957 1.93872 -0.09911 -0.60717 1.92634 0.11453 0.11929 0.11453 0.11929 0.10795 0.06890 0.10795 0.06890 -0.1669024 -0.0518431 -0.4568831 0.8721891 0.0545025 0.5321733 0.6778209 -0.504361
0.66009 -0.72867 1.93596 -0.09988 -0.6034 1.92674 -0.00004 0.00090 -0.00276 -0.00077 0.00377 0.00040 0.11367 0.11771 -0.00086 -0.00158 0.11449 0.06996 0.00654 0.00106 -0.1760964 -0.0377595 -0.4567539 0.8711717 0.0704327 0.5220272 0.7005888 -0.4813545
0.65936 -0.73158 1.93873 -0.10053 -0.60171 1.92499 -0.00073 -0.00291 0.00277 -0.00065 0.00169 -0.00175 0.11097 0.11584 -0.00270 -0.00187 0.12670 0.06873 0.01221 -0.00123 -0.1816205 -0.0237928 -0.4353663 0.8814216 0.0993524 0.4888649 0.7081441 -0.499672
0.65627 -0.72858 1.93098 -0.10189 -0.5988 1.92214 -0.00309 0.00300 -0.00775 -0.00136 0.00291 -0.00285 0.11076 0.11979 -0.00021 0.00395 0.12736 0.07000 0.00066 0.00127 -0.1776664 -0.0037114 -0.4547076 0.8727325 0.1251 0.4631528 0.7243702 -0.4951034
0.65064 -0.71867 1.91338 -0.10441 -0.59088 1.9174 -0.00563 0.00991 -0.01760 -0.00252 0.00792 -0.00474 0.11752 0.11479 0.00676 -0.00500 0.15461 0.07261 0.02725 0.00261 -0.1899656 0.0245476 -0.5003387 0.8443765 0.1806871 0.4263004 0.7549437 -0.4644137
0.64375 -0.70938 1.90204 -0.10631 -0.58744 1.91442 -0.00689 0.00929 -0.01134 -0.00190 0.00344 -0.00298 0.12205 0.11212 0.00453 -0.00267 0.08912 0.06746 -0.06549 -0.00515 -0.2073117 0.0595573 -0.5303591 0.8198743 0.1720587 0.4335479 0.7755778 -0.4253364
0.59453 -0.66192 1.92024 -0.11117 -0.58881 1.93444 -0.04922 0.04746 0.01820 -0.00486 -0.00137 0.02002 0.13163 0.11076 0.00958 -0.00136 0.08851 0.06625 -0.00061 -0.00121 -0.3404252 0.2223324 -0.4760492 0.7797795 0.2169649 0.4104399 0.8012381 -0.377469
0.55219 -0.65519 1.95253 -0.11467 -0.58974 1.94857 -0.04234 0.00673 0.03229 -0.00350 -0.00093 0.01413 0.10122 0.05204 -0.03041 -0.05872 0.05975 0.06658 -0.02876 0.00033 -0.4368169 0.6842343 -0.3041243 0.4985206 0.2922486 0.4259494 0.8101302 -0.2772128
0.53025 -0.64099 1.96031 -0.11728 -0.66738 1.88082 -0.02194 0.01420 0.00778 -0.00261 -0.07764 -0.06775 0.10934 0.12201 0.00812 0.06997 0.05207 0.07712 -0.00768 0.01054 -0.2164081 0.3026843 -0.4749019 0.7975072 -0.2595209 0.7238293 0.3826314 -0.5121652
0.48291 -0.62372 1.93155 -0.11393 -0.66752 1.87087 -0.04734 0.01727 -0.02876 0.00335 -0.00014 -0.00995 0.09121 0.11901 -0.01813 -0.00300 0.04876 0.07655 -0.00331 -0.00057 -0.0084576 0.1771318 -0.6006059 0.7796315 -0.262334 0.7331504 0.3758479 -0.5024039
0.44741 -0.61123 1.94185 -0.11659 -0.66818 1.88341 -0.03550 0.01249 0.01030 -0.00266 -0.00066 0.01254 0.07934 0.12327 -0.01187 0.00426 0.06649 0.07714 0.01773 0.00059 0.2347288 -0.4935831 0.5437982 -0.6368372 -0.2586773 0.7288789 0.3795541 -0.507701
0.41001 -0.59736 1.94414 -0.11758 -0.66776 1.88463 -0.03740 0.01387 0.00229 -0.00099 0.00042 0.00122 0.06991 0.12413 -0.00943 0.00086 0.06419 0.07703 -0.00230 -0.00011 0.1992251 -0.4685817 0.5895919 -0.6269944 -0.2550154 0.7279674 0.3772623 -0.5125464
0.30246 -0.66436 1.82719 -0.11176 -0.64197 1.81471 -0.10755 -0.06700 -0.11695 0.00582 0.02579 -0.06992 0.11545 0.12123 0.04554 -0.00290 0.09874 0.07509 0.03455 -0.00194 -0.2683467 0.7768782 -0.3588138 0.4423832 -0.2547158 0.7318792 0.3769776 -0.5073071
0.33058 -0.58838 1.94468 -0.11704 -0.65766 1.86071 0.02812 0.07598 0.11749 -0.00528 -0.01569 0.04600 0.07235 0.12361 -0.04310 0.00238 0.08558 0.07554 -0.01316 0.00045 -0.5016214 0.8375575 -0.2094014 0.0549948 -0.2533445 0.7304826 0.375315 -0.5112244
0.30136 -0.58589 1.94995 -0.11661 -0.65605 1.85757 -0.02922 0.00249 0.00527 0.00043 0.00161 -0.00314 0.13370 0.12502 0.06135 0.00141 0.08968 0.07614 0.00410 0.00060 -0.4829898 0.7981633 -0.283258 -0.2223087 -0.2505665 0.7316265 0.3764208 -0.5101435
0.23831 -0.61771 1.85498 -0.11551 -0.64261 1.82439 -0.06305 -0.03182 -0.09497 0.00110 0.01344 -0.03318 0.12598 0.12481 -0.00772 -0.00021 0.11047 0.07490 0.02079 -0.00124 -0.1832732 0.750328 -0.4357381 0.4621158 -0.2487157 0.7306845 0.3794207 -0.510177
0.22873 -0.59572 1.90684 -0.11709 -0.64245 1.82739 -0.00958 0.02199 0.05186 -0.00158 0.00016 0.00300 0.12678 0.12371 0.00080 -0.00110 0.09318 0.07512 -0.01729 0.00022 0.1460555 0.6425827 -0.4673603 0.5893468 -0.2480947 0.7271062 0.3809097 -0.5144642
0.23283 -0.59516 1.94706 -0.11911 -0.65177 1.85535 0.00410 0.00056 0.04022 -0.00202 -0.00932 0.02796 0.12896 0.12664 0.00218 0.00293 0.10352 0.07610 0.01034 0.00098 0.0796857 0.5884337 -0.4469928 0.6690243 -0.2467527 0.7239916 0.3843091 -0.5169679
0.22878 -0.59346 1.96044 -0.11965 -0.65275 1.86286 -0.00405 0.00170 0.01338 -0.00054 -0.00098 0.00751 0.12578 0.12795 -0.00318 0.00131 0.10417 0.07638 0.00065 0.00028 0.0772755 0.6038352 -0.458427 0.6475 -0.2395502 0.7216491 0.3861832 -0.5222077
0.23217 -0.59668 1.98681 -0.11974 -0.65779 1.88011 0.00339 -0.00322 0.02637 -0.00009 -0.00504 0.01725 0.12670 0.13068 0.00092 0.00273 0.10158 0.07815 -0.00259 0.00177 0.0444435 0.5999392 -0.4774219 0.640442 -0.240544 0.7253366 0.3847699 -0.5176654
0.23043 -0.59772 1.99687 -0.12028 -0.65956 1.88617 -0.00174 -0.00104 0.01006 -0.00054 -0.00177 0.00606 0.12203 0.13177 -0.00467 0.00109 0.10177 0.07850 0.00019 0.00035 0.0379636 0.6055861 -0.4918208 0.6244491 -0.2410719 0.7262539 0.3875496 -0.5140476
0.22949 -0.59944 2.00186 -0.1216 -0.66028 1.89118 -0.00094 -0.00172 0.00499 -0.00132 -0.00072 0.00501 0.12467 0.13246 0.00264 0.00069 0.10440 0.07902 0.00263 0.00052 0.0269106 0.6057143 -0.4991774 0.6190379 -0.2398466 0.725805 0.3875932 -0.5152206
0.22949 -0.60093 2.00555 -0.12313 -0.66129 1.89414 0.00000 -0.00149 0.00369 -0.00153 -0.00101 0.00296 0.12457 0.13197 -0.00010 -0.00049 0.10531 0.07290 0.00091 -0.00612 0.0192038 0.5966403 -0.5041117 0.6241177 -0.1670993 0.6195715 0.4253858 -0.6381661
0.22789 -0.60227 2.00775 -0.12499 -0.66152 1.89696 -0.00160 -0.00134 0.00220 -0.00186 -0.00023 0.00282 0.12264 0.13320 -0.00193 0.00123 0.10633 0.07530 0.00102 0.00240 0.0129135 0.603865 -0.5058217 0.6158935 -0.1629683 0.6125003 0.4299448 -0.6429871
0.22058 -0.57968 1.92488 -0.12008 -0.63397 1.82136 -0.00731 0.02259 -0.08287 0.00491 0.02755 -0.07560 0.12449 0.12717 0.00185 -0.00603 0.10994 0.07676 0.00361 0.00146 -0.1505346 -0.5498562 0.7563563 -0.3208154 -0.2381341 0.7183983 0.3965204 -0.5195841
0.22864 -0.60645 2.0134 -0.13009 -0.62126 1.97864 0.00806 -0.02677 0.08852 -0.01001 0.01271 0.15728 0.12582 0.10856 0.00133 -0.01861 0.10877 0.11057 -0.00117 0.03381 -0.0208167 0.5996043 -0.5211124 0.6070282 0.0952285 0.7061612 0.6296184 -0.309594
0.23113 -0.61169 2.03031 -0.13025 -0.62649 1.96926 0.00249 -0.00524 0.01691 -0.00016 -0.00523 -0.00938 0.12808 0.11627 0.00226 0.00771 0.10871 0.05949 -0.00006 -0.05108 -0.0139721 0.5923469 -0.5185255 0.616491 -0.0173608 0.5418344 0.5595943 -0.6268718
0.23052 -0.61248 2.03391 -0.1444 -0.60742 1.9883 -0.00061 -0.00079 0.00360 -0.01415 0.01907 0.01904 0.12956 0.10620 0.00148 -0.01007 0.10961 0.07940 0.00090 0.01991 -0.023321 0.6067693 -0.5197743 0.6009341 -0.3238705 0.7508253 0.5185223 -0.2500076
0.2229 -0.58705 1.95034 -0.14091 -0.64592 1.83977 -0.00762 0.02543 -0.08357 0.00349 -0.03850 -0.14853 0.12625 0.11198 -0.00331 0.00578 0.11740 0.11367 0.00779 0.03427 -0.1558263 -0.5489266 0.7542892 -0.3247239 -0.3859263 0.9105811 0.1044217 0.1048759
0.21829 -0.60201 1.9608 -0.15069 -0.1125 1.72508 -0.00461 -0.01496 0.01046 -0.00978 0.53342 -0.11469 0.12424 0.09174 -0.00201 -0.02024 0.06429 0.09255 -0.05311 -0.02112 0.0726588 -0.5996845 0.6144397 -0.5075067 0.8725873 -0.4248737 0.0776658 -0.2281266
0.21879 -0.60545 1.96799 -0.16163 -0.02047 1.73721 0.00050 -0.00344 0.00719 -0.01094 0.09203 0.01213 0.12596 0.12371 0.00172 0.03197 0.05977 0.12255 -0.00452 0.03000 -0.0795219 0.6068977 -0.59897 0.5163201 -0.6376988 0.7376534 -0.1920958 0.1109367
0.21681 -0.61306 1.98251 -0.15277 0.085 1.75962 -0.00198 -0.00761 0.01452 0.00886 0.10547 0.02241 0.12378 0.10867 -0.00218 -0.01504 0.06114 0.05995 0.00137 -0.06260 -0.074906 0.6207504 -0.5892092 0.5117525 0.9343494 -0.121558 0.3239924 -0.0851107
0.2221 -0.64784 1.97372 -0.1403 0.18952 1.79959 0.00529 -0.03478 -0.00879 0.01247 0.10452 0.03997 0.12820 0.10284 0.00442 -0.00583 0.07567 0.07822 0.01453 0.01827 -0.0892896 0.543502 -0.5163388 0.6557646 0.9301475 -0.1295855 0.2598668 -0.2247273
0.2196 -0.61847 1.99325 -0.12456 0.26779 1.81355 -0.00250 0.02937 0.01953 0.01574 0.07827 0.01396 0.12379 0.10876 -0.00441 0.00592 0.05879 0.09565 -0.01688 0.01743 -0.0469007 0.5893348 -0.5809457 0.5594523 0.9410121 -0.1002855 0.244991 -0.2107566
0.22432 -0.63359 2.04 -0.11941 0.32866 1.87978 0.00472 -0.01512 0.04675 0.00515 0.06087 0.06623 0.12705 0.12080 0.00326 0.01204 0.07984 0.08774 0.02105 -0.00791 -0.103346 0.6384931 -0.5731784 0.503103 0.9275773 -0.049201 0.2859583 -0.2353879
0.21832 -0.61563 1.98105 -0.09044 0.3887 1.84816 -0.00600 0.01796 -0.05895 0.02897 0.06004 -0.03162 0.12321 0.10122 -0.00384 -0.01958 0.07697 0.07485 -0.00287 -0.01289 -0.1048036 0.6384773 -0.570593 0.5057535 0.9449238 0.0490664 0.2506891 -0.2046131
0.22242 -0.64334 1.96375 -0.0855 0.41248 1.87945 0.00410 -0.02771 -0.01730 0.00494 0.02378 0.03129 0.12871 0.11218 0.00550 0.01096 0.07706 0.09142 0.00009 0.01657 -0.1073994 0.5606534 -0.511499 0.6422632 0.9597854 0.0996407 0.1909786 -0.1800302
0.21797 -0.62384 1.98852 -0.06097 0.45483 1.92924 -0.00445 0.01950 0.02477 0.02453 0.04235 0.04979 0.12139 0.10690 -0.00732 -0.00528 0.06455 0.09141 -0.01251 -0.00001 -0.0519322 0.5821403 -0.5669078 0.580544 0.9498942 0.1639545 0.1742242 -0.2011611
0.20818 -0.59587 1.89907 -0.04162 0.46027 1.86004 -0.00979 0.02797 -0.08945 0.01935 0.00544 -0.06920 0.11619 0.11588 -0.00520 0.00898 0.06484 0.07812 0.00029 -0.01329 -0.0556047 0.5884357 -0.5658553 0.5748559 0.9832993 0.0350652 0.1739363 -0.0404866
0.21957 -0.62842 2.00326 -0.05414 0.45246 1.96629 0.01139 -0.03255 0.10419 -0.01252 -0.00781 0.10625 0.12170 0.10464 0.00551 -0.01124 0.06556 0.08419 0.00072 0.00607 -0.0446697 0.5846766 -0.5635418 0.5818748 0.9480803 0.1309669 0.182749 -0.2249316
0.22001 -0.62938 2.00457 -0.05382 0.44416 1.96946 0.00044 -0.00096 0.00131 0.00032 -0.00830 0.00317 0.12066 0.11425 -0.00104 0.00961 0.06437 0.07957 -0.00119 -0.00462 -0.0532278 0.5901893 -0.5624333 0.5766388 0.943233 0.1420362 0.1791618 -0.2409118
0.22371 -0.63732 2.03205 -0.08406 0.35885 1.97676 0.00370 -0.00794 0.02748 -0.03024 -0.08531 0.00730 0.12272 0.10977 0.00206 -0.00448 0.06349 0.08198 -0.00088 0.00241 -0.041793 0.5784295 -0.5631459 0.5886759 0.9347395 0.1158211 0.2009861 -0.2691694
0.22399 -0.63861 2.0362 -0.09312 0.29065 1.98267 0.00028 -0.00129 0.00415 -0.00906 -0.06820 0.00591 0.12541 0.11803 0.00269 0.00826 0.06520 0.08218 0.00171 0.00020 -0.0538356 0.5870588 -0.5620285 0.5801616 0.9624664 0.0108052 0.190332 -0.1931718
0.25012 -0.64285 2.1222 -0.10078 0.248 2.04346 0.02613 -0.00424 0.08600 -0.00766 -0.04265 0.06079 0.13339 0.12308 0.00798 0.00505 0.06476 0.09524 -0.00044 0.01306 0.0787235 0.4381035 -0.5501704 0.7065271 0.9778103 0.0340093 0.1772856 -0.1063022
0.23873 -0.64688 2.096 -0.10675 0.18433 2.03256 -0.01139 -0.00403 -0.02620 -0.00597 -0.06367 -0.01090 0.13393 0.10463 0.00054 -0.01845 0.07601 0.09222 0.01125 -0.00302 -0.0687513 0.6104111 -0.5581567 0.5577926 0.9395564 0.0481227 0.1767449 -0.2892738
0.25164 -0.64475 2.12873 -0.10498 0.15107 2.05229 0.01291 0.00213 0.03273 0.00177 -0.03326 0.01973 0.13375 0.12570 -0.00018 0.02107 0.06289 0.08810 -0.01312 -0.00412 -0.0678686 -0.4611246 0.5482128 -0.694421 0.9331954 -0.0149942 0.1735117 -0.314349
0.24748 -0.638 2.10254 -0.09873 0.12002 2.02952 -0.00416 0.00675 -0.02619 0.00625 -0.03105 -0.02277 0.13300 0.11647 -0.00075 -0.00923 0.06319 0.05095 0.00030 -0.03715 0.0084273 -0.5455763 0.5493993 -0.6328001 0.8332149 0.0582792 0.4309976 -0.3414637
0.24617 -0.6409 2.10577 -0.12923 0.00621 2.04911 -0.00131 -0.00290 0.00323 -0.03050 -0.11381 0.01959 0.13120 0.11067 -0.00180 -0.00580 0.06300 0.09596 -0.00019 0.04501 -0.0708429 0.6055548 -0.5453856 0.5751863 0.9494931 -0.0142029 0.2198828 -0.2234117
0.23799 -0.63666 2.07298 -0.11854 -0.00726 2.02135 -0.00818 0.00424 -0.03279 0.01069 -0.01347 -0.02776 0.13288 0.09785 0.00168 -0.01282 0.06793 0.10304 0.00493 0.00708 -0.0820429 0.6083671 -0.5480515 0.5681532 0.9031463 -0.0753021 0.2129458 -0.3651171
0.2476 -0.66451 2.16051 -0.12641 -0.03676 2.10972 0.00961 -0.02785 0.08753 -0.00787 -0.02950 0.08837 0.13800 0.11235 0.00512 0.01450 0.07075 0.11109 0.00282 0.00805 -0.095707 0.6307304 -0.5387219 0.5502707 0.8814422 -0.2215337 0.1497599 -0.3892998
0.22419 -0.60207 1.95825 -0.12029 -0.05081 1.91399 -0.02341 0.06244 -0.20226 0.00612 -0.01405 -0.19573 0.12430 0.11365 -0.01370 0.00130 0.06141 0.05755 -0.00934 -0.05354 -0.0798019 0.6124749 -0.5410429 0.5707703 -0.5110277 0.8105098 0.2578292 0.1242923
0.21384 -0.60964 1.87616 -0.13384 -0.07429 1.8708 -0.01035 -0.00757 -0.08209 -0.01355 -0.02348 -0.04319 0.11697 0.09098 -0.00733 -0.02267 0.06253 0.08427 0.00112 0.02672 -0.0636182 0.5140083 -0.5086071 0.6877986 0.8818446 -0.3299564 0.1202223 -0.3146832
0.2122 -0.60817 1.8687 -0.15152 -0.0718 1.87047 -0.00164 0.00147 -0.00746 -0.01768 0.00249 -0.00033 0.11981 0.11334 0.00284 0.02236 0.06873 0.13345 0.00620 0.04918 -0.0888327 0.5461523 -0.506023 0.6616398 0.785181 -0.6075121 0.0896873 -0.0798504
0.21357 -0.58738 1.89486 -0.17925 -0.08637 1.87097 0.00137 0.02079 0.02616 -0.02773 -0.01457 0.00050 0.12043 0.07077 0.00062 -0.04257 0.08366 0.10319 0.01493 -0.03026 -0.1241816 0.6494583 -0.5355959 0.5252807 0.9243042 -0.2493001 0.1245894 -0.2607465
0.22611 -0.6252 2.01244 -0.29612 -0.10421 2.00471 0.01254 -0.03782 0.11758 -0.11687 -0.01784 0.13374 0.12598 0.09319 0.00555 0.02242 0.08876 0.12870 0.00510 0.02551 -0.1214473 0.6447561 -0.5314879 0.5357805 -0.6373229 0.7299458 -0.1515235 0.1950366
0.22721 -0.62552 2.01731 -0.32546 -0.10957 2.01436 0.00110 -0.00032 0.00487 -0.02934 -0.00536 0.00965 0.12770 0.09195 0.00172 -0.00124 0.08795 0.11710 -0.00081 -0.01160 -0.1297034 0.6491576 -0.5296916 0.5302814 -0.4475018 0.806666 -0.3855297 -0.0199717
0.22211 -0.61575 1.98037 -0.40207 -0.15423 2.00862 -0.00510 0.00977 -0.03694 -0.07661 -0.04466 -0.00574 0.12357 0.10288 -0.00413 0.01093 0.08917 0.11144 0.00122 -0.00566 -0.1419203 0.6662166 -0.5245843 0.5107105 0.8770442 -0.3794599 0.2926928 0.0336819
0.18463 -0.63275 1.78638 -0.39418 -0.14945 1.89289 -0.03748 -0.01700 -0.19399 0.00789 0.00478 -0.11573 0.11756 0.09228 -0.00601 -0.01060 0.07661 0.10488 -0.01256 -0.00656 -0.2500459 0.695586 -0.4334155 0.5155465 0.8429676 -0.4283911 0.3163315 0.076295
0.20469 -0.60161 1.90225 -0.41698 -0.16364 1.94465 0.02006 0.03114 0.11587 -0.02280 -0.01419 0.05176 0.11322 0.09639 -0.00434 0.00411 0.05775 0.10222 -0.01886 -0.00266 -0.0685785 0.5993943 -0.5433254 0.5837986 0.8887057 -0.3747812 0.2591874 -0.0506263
0.23296 -0.60082 1.99141 -0.44024 -0.18078 2.01337 0.02827 0.00079 0.08916 -0.02326 -0.01714 0.06872 0.12581 0.09477 0.01259 -0.00162 0.05777 0.10201 0.00002 -0.00021 0.0291156 0.456039 -0.5203748 0.7213812 0.8680815 -0.3951977 0.300088 -0.0141627
0.1895 -0.6476 1.82654 -0.4272 -0.17694 1.94987 -0.04346 -0.04678 -0.16487 0.01304 0.00384 -0.06350 0.12216 0.09399 -0.00365 -0.00078 0.07558 0.10432 0.01781 0.00231 -0.2443213 0.6879552 -0.4362474 0.5260351 0.8723655 -0.3977525 0.2841995 -0.0014336
0.22668 -0.59018 1.94825 -0.43214 -0.1768 1.97527 0.03718 0.05742 0.12171 -0.00494 0.00014 0.02540 0.12326 0.09521 0.00110 0.00122 0.05792 0.10312 -0.01766 -0.00120 0.0279066 0.4546046 -0.5213141 0.7216561 0.7480557 -0.6309966 0.1809036 -0.0976213
0.18118 -0.63262 1.84311 -0.42457 -0.17846 1.94152 -0.04550 -0.04244 -0.10514 0.00757 -0.00166 -0.03375 0.12907 0.09435 0.00581 -0.00086 0.07662 0.10454 0.01870 0.00142 -0.2294615 0.7364668 -0.4491617 0.450797 0.865206 -0.4111723 0.2822839 -0.0516897
0.1805 -0.63228 1.84251 -0.42293 -0.17849 1.94006 -0.00068 0.00034 -0.00060 0.00164 -0.00003 -0.00146 0.12995 0.09394 0.00088 -0.00041 0.07037 0.10906 -0.00625 0.00452 -0.208858 0.7193652 -0.4581761 0.4785047 0.8710983 -0.4104652 0.2644949 -0.052426
0.17994 -0.6299 1.83448 -0.41989 -0.17802 1.93023 -0.00056 0.00238 -0.00803 0.00304 0.00047 -0.00983 0.12964 0.09448 -0.00031 0.00054 0.07508 0.10889 0.00471 -0.00017 -0.2319973 0.7402807 -0.4470955 0.4452722 0.8676041 -0.4142675 0.2677731 -0.0627955
0.18101 -0.63107 1.84001 -0.41784 -0.17888 1.93547 0.00107 -0.00117 0.00553 0.00205 -0.00086 0.00524 0.13003 0.09627 0.00039 0.00179 0.07558 0.10826 0.00050 -0.00063 -0.2362159 0.7413936 -0.4465153 0.4417713 0.8680218 -0.4109398 0.266577 -0.0812599
0.18021 -0.63222 1.83931 -0.41568 -0.17921 1.9336 -0.00080 -0.00115 -0.00070 0.00216 -0.00033 -0.00187 0.12993 0.10124 -0.00010 0.00497 0.07490 0.10195 -0.00068 -0.00631 -0.2307753 0.7395368 -0.4465252 0.4477092 0.8689095 -0.4123776 0.2598802 -0.0860428
0.23954 -0.58319 2.00033 -0.42648 -0.18656 1.99892 0.05933 0.04903 0.16102 -0.01080 -0.00735 0.06532 0.12255 0.10781 -0.00738 0.00657 0.09926 0.11183 0.02436 0.00988 0.1172799 0.507872 -0.4301904 0.7370534 0.8709643 -0.4132537 0.2470072 -0.0981325
0.24633 -0.57906 1.96285 -0.42044 -0.18447 1.97453 0.00679 0.00413 -0.03748 0.00604 0.00209 -0.02439 0.12645 0.11184 0.00390 0.00403 0.09590 0.11079 -0.00336 -0.00104 0.3429088 -0.1689046 -0.2275113 0.8956134 0.8752613 -0.408372 0.2420626 -0.0924968
0.30257 -0.516 1.97203 -0.42137 -0.17962 1.98716 0.05624 0.06306 0.00918 -0.00093 0.00485 0.01263 0.08681 0.10738 -0.03964 -0.00446 0.10918 0.10719 0.01328 -0.00360 0.2779291 0.0598794 -0.4096919 0.8667886 0.7839319 -0.5726143 0.234431 -0.0510469
0.34003 -0.49025 1.94835 -0.4195 -0.17879 1.98252 0.03746 0.02575 -0.02368 0.00187 0.00083 -0.00464 0.09304 0.10802 0.00623 0.00064 0.06844 0.11990 -0.04074 0.01271 0.0422109 0.2656513 -0.5288812 0.8049424 0.7918315 -0.5651292 0.2234987 -0.0606648
0.39173 -0.47382 1.98451 -0.42837 -0.18591 2.02954 0.05170 0.01643 0.03616 -0.00887 -0.00712 0.04702 0.11207 0.11644 0.01903 0.00842 0.06410 0.11212 -0.00434 -0.00778 0.0925613 0.3632181 -0.4682086 0.8001786 0.8731822 -0.4046376 0.2660087 -0.0553226
0.46433 -0.42461 1.91962 -0.4128 -0.17446 1.97918 0.07260 0.04921 -0.06489 0.01557 0.01145 -0.05036 0.11574 0.11148 0.00367 -0.00496 0.07012 0.11624 0.00602 0.00412 0.0196303 0.3160756 -0.4494051 0.8353119 0.7956806 -0.5585769 0.2270542 -0.0577119
0.47498 -0.41673 1.85119 -0.39719 -0.16812 1.91416 0.01065 0.00788 -0.06843 0.01561 0.00634 -0.06502 0.10885 0.11070 -0.00689 -0.00078 0.07048 0.10638 0.00036 -0.00986 -0.0639025 0.2774683 -0.4074798 0.8676913 0.7997672 -0.5475918 0.2307483 -0.085269
0.51679 -0.42907 1.88222 -0.39601 -0.16081 1.92456 0.04181 -0.01234 0.03103 0.00118 0.00731 0.01040 0.10229 0.10253 -0.00656 -0.00817 0.08148 0.11335 0.01100 0.00697 -0.1026321 0.2891872 -0.2681437 0.9132012 0.7728207 -0.5964322 0.1876291 -0.1086841
0.52602 -0.44046 1.90236 -0.39492 -0.16004 1.927 0.00923 -0.01139 0.02014 0.00109 0.00077 0.00244 0.10527 0.10185 0.00298 -0.00068 0.07438 0.10955 -0.00710 -0.00380 -0.0549235 0.3150241 -0.2097582 0.9239831 0.7643575 -0.6059057 0.1847366 -0.12045
0.536 -0.44233 1.94665 -0.39958 -0.17077 1.94773 0.00998 -0.00187 0.04429 -0.00466 -0.01073 0.02073 0.10940 0.10924 0.00413 0.00739 0.07534 0.10413 0.00096 -0.00542 0.0201328 0.3249913 -0.1571489 0.9323516 0.90877 -0.3116941 0.2628917 -0.0887237
0.53688 -0.43908 1.97669 -0.40068 -0.17202 1.95488 0.00088 0.00325 0.03004 -0.00110 -0.00125 0.00715 0.09677 0.11523 -0.01263 0.00599 0.08788 0.10335 0.01254 -0.00078 0.1017204 0.313299 -0.1623511 0.9301284 0.9046977 -0.3219556 0.2614296 -0.0975773
0.52923 -0.43226 2.00083 -0.40187 -0.17681 1.96207 -0.00765 0.00682 0.02414 -0.00119 -0.00479 0.00719 0.10440 0.11120 0.00763 -0.00403 0.06134 0.10700 -0.02654 0.00365 0.1953408 0.3399524 -0.2055775 0.8966672 0.8730961 -0.4062088 0.2555838 -0.0858751
0.45459 -0.3727 2.04193 -0.40091 -0.17693 1.98145 -0.07464 0.05956 0.04110 0.00096 -0.00012 0.01938 0.09518 0.11504 -0.00922 0.00384 0.09011 0.10640 0.02877 -0.00060 0.4099575 0.0541758 -0.146097 0.8986965 0.87803 -0.3984135 0.2439403 -0.1040343
0.45607 -0.27041 2.01866 -0.39902 -0.17537 1.98644 0.00148 0.10229 -0.02327 0.00189 0.00156 0.00499 0.11204 0.11289 0.01686 -0.00215 0.09328 0.10922 0.00317 0.00282 0.7203287 0.1929097 -0.3986896 0.5338156 0.8811746 -0.3924493 0.2392484 -0.1107928
0.45498 -0.23402 1.86365 -0.37513 -0.1586 1.88105 -0.00109 0.03639 -0.15501 0.02389 0.01677 -0.10539 0.09199 0.10685 -0.02005 -0.00604 0.10762 0.10467 0.01434 -0.00455 0.5726662 -0.4688896 -0.292175 0.6056647 0.883769 -0.3844992 0.259985 -0.0593353
0.47243 -0.25647 1.87445 -0.37866 -0.16454 1.89674 0.01745 -0.02245 0.01080 -0.00353 -0.00594 0.01569 0.09274 0.10896 0.00075 0.00211 0.06878 0.10484 -0.03884 0.00017 0.3083034 -0.2647174 -0.3760705 0.8327332 0.8448266 -0.4632827 0.2563249 -0.0770354
0.49572 -0.29166 1.89339 -0.38117 -0.16522 1.90827 0.02329 -0.03519 0.01894 -0.00251 -0.00068 0.01153 0.10134 0.10910 0.00860 0.00014 0.09477 0.10526 0.02599 0.00042 0.188885 -0.179676 -0.3187162 0.9112952 0.8522829 -0.4455692 0.2613025 -0.0824794
0.51002 -0.33014 1.89461 -0.37765 -0.15551 1.89098 0.01430 -0.03848 0.00122 0.00352 0.00971 -0.01729 0.12406 0.10369 0.02272 -0.00541 0.07851 0.10390 -0.01626 -0.00136 0.1423698 -0.0969035 -0.269177 0.9475675 0.8523909 -0.4495524 0.2545152 -0.080959
0.5402 -0.43596 1.98329 -0.38764 -0.15908 1.9351 0.03018 -0.10582 0.08868 -0.00999 -0.00357 0.04412 0.11717 0.10361 -0.00689 -0.00008 0.09840 0.10375 0.01989 -0.00015 0.1248544 0.0302609 -0.285403 0.9497582 0.8500243 -0.4573635 0.2518686 -0.0695664
0.53529 -0.49472 2.18037 -0.40926 -0.16856 2.05223 -0.00491 -0.05876 0.19708 -0.02162 -0.00948 0.11713 0.11492 0.10959 -0.00225 0.00598 0.05913 0.12266 -0.03927 0.01891 0.1939224 0.3417039 -0.1901727 0.8997037 -0.6279399 0.76547 -0.0717777 0.1208101
0.48227 -0.45215 2.06424 -0.38474 -0.15579 1.93491 -0.05302 0.04257 -0.11613 0.02452 0.01277 -0.11732 0.10699 0.10083 -0.00793 -0.00876 0.05960 0.11094 0.00047 -0.01172 0.3415335 0.3238581 -0.2294726 0.8519467 0.8006539 -0.5576929 0.1913865 -0.1063155
0.46139 -0.42991 2.06623 -0.38683 -0.16326 1.95302 -0.02088 0.02224 0.00199 -0.00209 -0.00747 0.01811 0.10169 0.10454 -0.00530 0.00371 0.09181 0.11047 0.03221 -0.00047 0.4330091 0.0727457 -0.2550513 0.8614872 0.7993666 -0.5469816 0.2313758 -0.0910459
0.41552 -0.3067 1.96459 -0.38222 -0.16618 1.93132 -0.04587 0.12321 -0.10164 0.00461 -0.00292 -0.02170 0.09563 0.10940 -0.00606 0.00486 0.09227 0.10908 0.00046 -0.00139 -0.2633883 0.4333583 0.76912 -0.3889494 0.8666121 -0.4333673 0.2343406 -0.0791256
0.43051 -0.23781 2.01766 -0.39991 -0.16704 2.02659 0.01499 0.06889 0.05307 -0.01769 -0.00086 0.09527 0.10296 0.11204 0.00733 0.00264 0.10345 0.11198 0.01118 0.00290 0.2883711 0.027668 -0.5072305 0.8116611 0.8867313 -0.377793 0.2542131 -0.0797231
0.3983 -0.15182 2.00464 -0.41008 -0.17212 2.07242 -0.03221 0.08599 -0.01302 -0.01017 -0.00508 0.04583 0.08535 0.11557 -0.01761 0.00353 0.09299 0.11724 -0.01046 0.00526 0.6408175 -0.0909722 -0.3165441 0.693453 0.8779369 -0.3909789 0.2691586 -0.0625777
0.40908 -0.05205 1.93876 -0.39929 -0.16299 2.02439 0.01078 0.09977 -0.06588 0.01079 0.00913 -0.04803 0.10456 0.11152 0.01921 -0.00405 0.10207 0.10890 0.00908 -0.00834 0.7718722 -0.4382336 -0.1411271 0.4384607 0.8840006 -0.3782026 0.2671543 -0.0642992
0.39117 0.1048 1.83234 -0.38129 -0.15446 1.92307 -0.01791 0.15685 -0.10642 0.01800 0.00853 -0.10132 0.13057 0.11209 0.02601 0.00057 0.09025 0.10360 -0.01182 -0.00530 0.9040315 -0.2294408 -0.1368687 0.3336927 0.8790824 -0.3837577 0.2800454 -0.0389724
0.4296 0.14296 1.96493 -0.40837 -0.16539 2.04508 0.03843 0.03816 0.13259 -0.02708 -0.01093 0.12201 0.12340 0.11854 -0.00717 0.00645 0.09337 0.11345 0.00312 0.00985 0.9416145 -0.155099 -0.1758723 0.2416096 0.8939321 -0.3413443 0.2902096 -0.0121601
0.38718 0.21705 1.84785 -0.38412 -0.15041 1.90946 -0.04242 0.07409 -0.11708 0.02425 0.01498 -0.13562 0.11683 0.11552 -0.00657 -0.00302 0.08176 0.10426 -0.01161 -0.00919 0.935636 -0.0850376 -0.236591 0.2477468 0.8668392 -0.4056715 0.2835596 -0.0601204
0.38955 0.22253 1.86882 -0.38793 -0.1499 1.92226 0.00237 0.00548 0.02097 -0.00381 0.00051 0.01280 0.10718 0.11511 -0.00965 -0.00041 0.07420 0.10169 -0.00756 -0.00257 0.936295 -0.0321704 -0.2623684 0.2312567 0.8726249 -0.3862065 0.2914342 -0.0666068
0.38922 0.22169 1.88529 -0.38973 -0.14861 1.92988 -0.00033 -0.00084 0.01647 -0.00180 0.00129 0.00762 0.11679 0.11303 0.00961 -0.00208 0.07830 0.10888 0.00410 0.00719 0.9345251 0.0224283 -0.2721447 0.2282477 0.8783658 -0.3811586 0.2807247 -0.0662216
0.38584 0.21453 1.89491 -0.39039 -0.14863 1.93266 -0.00338 -0.00716 0.00962 -0.00066 -0.00002 0.00278 0.12558 0.11363 0.00879 0.00060 0.07221 0.10543 -0.00609 -0.00345 0.9184889 0.0626888 -0.3053904 0.2432794 0.8735113 -0.3941368 0.2773169 -0.0687718
0.41671 0.21385 2.06172 -0.42403 -0.16112 2.09771 0.03087 -0.00068 0.16681 -0.03364 -0.01249 0.16505 0.13777 0.12359 0.01219 0.00996 0.07930 0.11562 0.00709 0.01019 0.9169889 0.0436752 -0.3132123 0.2431499 0.8983224 -0.3405496 0.2683074 -0.0710915
0.38487 0.17108 1.90993 -0.39141 -0.14706 1.93959 -0.03184 -0.04277 -0.15179 0.03262 0.01406 -0.15812 0.12683 0.11635 -0.01094 -0.00724 0.07099 0.10191 -0.00831 -0.01371 0.9076307 0.018121 -0.3374821 0.2489658 0.8954863 -0.3298115 0.2860301 -0.0866924
0.38322 0.12963 1.8899 -0.38604 -0.14666 1.91984 -0.00165 -0.04145 -0.02003 0.00537 0.00040 -0.01975 0.08972 0.11260 -0.03711 -0.00375 0.06842 0.10403 -0.00257 0.00212 0.905343 -0.0571828 -0.3497696 0.2339776 0.8923085 -0.3442398 0.2755166 -0.0968244
0.38016 0.09317 1.87018 -0.37936 -0.13579 1.89906 -0.00306 -0.03646 -0.01972 0.00668 0.01087 -0.02078 0.10050 0.10578 0.01078 -0.00682 0.07439 0.11315 0.00597 0.00912 0.9115488 -0.0759719 -0.3294744 0.233995 0.7448426 -0.6290422 0.2081134 -0.0787657
0.37795 0.06294 1.86806 -0.37978 -0.14497 1.89602 -0.00221 -0.03023 -0.00212 -0.00042 -0.00918 -0.00304 0.11697 0.11141 0.01647 0.00563 0.06400 0.10602 -0.01039 -0.00713 0.8517568 -0.2034537 -0.3463161 0.3364255 0.8829447 -0.3721251 0.271097 -0.0918585
0.4009 0.01641 1.96945 -0.39959 -0.1515 1.99964 0.02295 -0.04653 0.10139 -0.01981 -0.00653 0.10362 0.10849 0.11593 -0.00848 0.00452 0.07343 0.11090 0.00943 0.00488 0.9166177 -0.1087225 -0.3367936 0.1859076 0.8845405 -0.3704803 0.2676769 -0.0931747
0.39943 -0.01018 1.97416 -0.39974 -0.15242 2.00219 -0.00147 -0.02659 0.00471 -0.00015 -0.00092 0.00255 0.11987 0.11797 0.01138 0.00204 0.07868 0.11227 0.00525 0.00137 0.9095043 -0.1421525 -0.2993831 0.2509272 0.880254 -0.3799609 0.2692611 -0.091
0.39914 -0.06159 1.97141 -0.39782 -0.14574 1.99687 -0.00029 -0.05141 -0.00275 0.00192 0.00668 -0.00532 0.12410 0.11218 0.00423 -0.00579 0.08782 0.10994 0.00914 -0.00233 0.8915963 -0.3611392 -0.0486409 0.2688282 0.7988008 -0.5346844 0.2741998 -0.0290594
0.39887 -0.07067 1.96551 -0.39558 -0.14182 1.99025 -0.00027 -0.00908 -0.00590 0.00224 0.00392 -0.00662 0.12391 0.11342 -0.00019 0.00124 0.08212 0.12041 -0.00570 0.01047 0.9006937 -0.3621454 -0.0695175 0.2297147 0.7620963 -0.5973334 0.2366167 -0.0800909
0.40369 -0.07332 1.97102 -0.39618 -0.14094 1.99424 0.00482 -0.00265 0.00551 -0.00060 0.00088 0.00399 0.12371 0.11597 -0.00020 0.00255 0.06496 0.12066 -0.01716 0.00025 -0.5819916 0.1258211 0.7091582 -0.377557 0.7759065 -0.5752643 0.2424507 -0.0908717
0.40522 -0.07243 1.97337 -0.39632 -0.13586 1.99407 0.00153 0.00089 0.00235 -0.00014 0.00508 -0.00017 0.12288 0.11278 -0.00083 -0.00319 0.09346 0.12331 0.02850 0.00265 -0.3891375 0.0377297 0.8434975 -0.3683211 0.7910503 -0.5619505 0.2278237 -0.0809152
0.40553 -0.0705 1.97054 -0.39489 -0.13051 1.98869 0.00031 0.00193 -0.00283 0.00143 0.00535 -0.00538 0.12075 0.10794 -0.00213 -0.00484 0.06384 0.11505 -0.02962 -0.00826 0.871636 -0.2849549 -0.3312288 0.2221236 0.8009064 -0.543654 0.2337725 -0.091322
0.40375 -0.0676 1.96616 -0.39235 -0.12962 1.98398 -0.00178 0.00290 -0.00438 0.00254 0.00089 -0.00471 0.10062 0.10616 -0.02013 -0.00178 0.07890 0.11675 0.01506 0.00170 0.887811 -0.2956729 -0.2807302 0.2134474 0.7962211 -0.558796 0.2095502 -0.099336
0.40426 -0.06689 1.97209 -0.39338 -0.13052 1.9914 0.00051 0.00071 0.00593 -0.00103 -0.00090 0.00742 0.12364 0.10627 0.02302 0.00011 0.07518 0.11650 -0.00372 -0.00025 0.8690801 -0.2808432 -0.3314478 0.2365783 0.7914302 -0.563385 0.2125407 -0.1051766
0.40344 -0.06645 1.97328 -0.39304 -0.12984 1.99201 -0.00082 0.00044 0.00119 0.00034 0.00068 0.00061 0.12259 0.10459 -0.00105 -0.00168 0.07350 0.11686 -0.00168 0.00036 0.861034 -0.2748479 -0.3459941 0.2517281 0.79552 -0.5568224 0.2131438 -0.1080116
0.40154 -0.06683 1.97187 -0.39272 -0.1292 1.99052 -0.00190 -0.00038 -0.00141 0.00032 0.00064 -0.00149 0.12314 0.10527 0.00055 0.00068 0.07156 0.12323 -0.00194 0.00637 0.8696366 -0.2787823 -0.3159283 0.2572973 0.7959105 -0.5556123 0.2141803 -0.1093088
0.40104 -0.06749 1.97413 -0.39297 -0.12621 1.99261 -0.00050 -0.00066 0.00226 -0.00025 0.00299 0.00209 0.12558 0.10289 0.00244 -0.00238 0.08168 0.11735 0.01012 -0.00588 0.8830913 -0.291698 -0.2689679 0.2504359 0.8035447 -0.5437657 0.2159363 -0.109573
0.4006 -0.06777 1.97587 -0.39298 -0.12725 1.99602 -0.00044 -0.00028 0.00174 -0.00001 -0.00104 0.00341 0.12421 0.09829 -0.00137 -0.00460 0.08007 0.11602 -0.00161 -0.00133 0.8752698 -0.2816747 -0.2928004 0.2623549 0.8033785 -0.5434636 0.2169109 -0.1103629
0.3992 -0.06786 1.97496 -0.39392 -0.12741 1.99699 -0.00140 -0.00009 -0.00091 -0.00094 -0.00016 0.00097 0.12549 0.10138 0.00128 0.00309 0.07926 0.11562 -0.00081 -0.00040 0.8633272 -0.2715224 -0.3195662 0.2807472 0.7977856 -0.5457151 0.2302554 -0.1127634
0.39751 -0.06801 1.97213 -0.39377 -0.12715 1.99569 -0.00169 -0.00015 -0.00283 0.00015 0.00026 -0.00130 0.12480 0.10327 -0.00069 0.00189 0.07516 0.11655 -0.00410 0.00093 0.8694792 -0.2830322 -0.2949494 0.277315 0.7963169 -0.5483416 0.2296068 -0.1117206
0.38417 -0.07249 1.96091 -0.39312 -0.1262 1.99336 -0.01334 -0.00448 -0.01122 0.00065 0.00095 -0.00233 0.12110 0.10167 -0.00370 -0.00160 0.09387 0.11366 0.01871 -0.00289 0.8598447 -0.3037175 -0.2451849 0.3291005 0.8022156 -0.5446597 0.2206445 -0.1054135
0.34624 -0.07764 1.92824 -0.38848 -0.12538 1.97834 -0.03793 -0.00515 -0.03267 0.00464 0.00082 -0.01502 0.12400 0.09819 0.00290 -0.00348 0.07984 0.11478 -0.01403 0.00112 0.8562977 -0.2343344 -0.2751528 0.3689616 0.8044177 -0.5414016 0.2173019 -0.1121442
0.29269 -0.08403 2.01804 -0.41073 -0.13864 2.09834 -0.05355 -0.00639 0.08980 -0.02225 -0.01326 0.12000 0.12362 0.10572 -0.00038 0.00753 0.08488 0.11211 0.00504 -0.00267 0.8416083 -0.2682939 -0.2656018 0.3862247 0.8994547 -0.3280488 0.2771971 -0.0807893
0.23529 -0.09726 1.92439 -0.39136 -0.13089 2.01247 -0.05740 -0.01323 -0.09365 0.01937 0.00775 -0.08587 0.12764 0.10344 0.00402 -0.00228 0.08972 0.10877 0.00484 -0.00334 0.7605505 -0.0575752 -0.2019782 0.6143719 0.9046645 -0.3192052 0.2683082 -0.0877544
0.12067 -0.12775 1.90215 -0.38045 -0.12865 2.0085 -0.11462 -0.03049 -0.02224 0.01091 0.00224 -0.00397 0.13201 0.10653 0.00437 0.00309 0.12426 0.11066 0.03454 0.00189 0.9071326 -0.1845484 0.1468125 0.3485662 0.8742033 -0.4026836 0.2502367 -0.1048625
-0.26673 -0.08845 1.94952 -0.24803 -0.08902 1.94831 -0.38740 0.03930 0.04737 0.13242 0.03963 -0.06019 0.09525 0.08611 -0.03676 -0.02042 0.08165 0.08323 -0.04261 -0.02743 0.498383 -0.5366803 0.6538377 0.1899603 0.3361463 -0.5316826 0.7759247 0.0475402
-0.24435 -0.03478 1.89093 -0.24581 -0.00089 1.88227 0.02238 0.05367 -0.05859 0.00222 0.08813 -0.06604 0.10822 0.07499 0.01297 -0.01112 0.07703 0.06881 -0.00462 -0.01442 -0.2440073 -0.1644567 -0.4912597 0.8198038 0.1933626 -0.4254118 0.8820918 -0.0595785
-0.19412 0.00352 1.92143 -0.23607 0.04835 1.92125 0.05023 0.03830 0.03050 0.00974 0.04924 0.03898 0.12773 0.08376 0.01951 0.00877 0.12490 0.07039 0.04787 0.00158 -0.4528721 0.6520429 -0.6073843 0.028831 0.4422922 0.0830612 0.8167458 -0.3611158
-0.1585 0.0416 1.9752 -0.19546 0.11691 1.97269 0.03562 0.03808 0.05377 0.04061 0.06856 0.05144 0.12409 0.07117 -0.00364 -0.01259 0.09028 0.07451 -0.03462 0.00412 0.4076288 -0.3240325 0.853264 -0.0279684 0.4388669 0.2068113 0.8265769 -0.285299
-0.11774 0.07896 2.02915 -0.42823 0.08966 2.16352 0.04076 0.03736 0.05395 -0.23277 -0.02725 0.19083 0.11517 0.04395 -0.00892 -0.02722 0.09410 0.08578 0.00382 0.01127 0.3373422 -0.139335 0.9274153 -0.0817727 0.1898911 0.258887 0.8948939 0.3099736
-0.02677 0.16444 1.93292 -0.41004 -0.02302 2.09208 0.09097 0.08548 -0.09623 0.01819 -0.11268 -0.07144 0.11036 0.11621 -0.00481 0.07226 0.07411 0.08609 -0.01999 0.00031 0.3237776 -0.2991754 0.8960149 -0.0530978 0.2528926 0.2817177 0.1468825 0.9138414
0.01624 0.18239 1.86497 -0.40059 -0.02568 2.02368 0.04301 0.01795 -0.06795 0.00945 -0.00266 -0.06840 0.09605 0.11403 -0.01431 -0.00218 0.06473 0.08262 -0.00938 -0.00347 0.2338262 -0.0841031 0.965046 -0.0832959 0.2372175 0.2865946 0.1468695 0.9165264
0.15835 0.15442 2.03021 -0.4439 -0.04337 2.19964 0.14211 -0.02797 0.16524 -0.04331 -0.01769 0.17596 0.11261 0.11565 0.01656 0.00162 0.09225 0.10223 0.02752 0.01961 0.2623482 -0.2742752 0.9166919 -0.1249898 0.1936404 0.1612698 0.1612761 0.9541937
0.18523 0.14241 1.94305 -0.42274 -0.06414 2.10538 0.02688 -0.01201 -0.08716 0.02116 -0.02077 -0.09426 0.10963 0.10392 -0.00298 -0.01173 0.09125 0.07898 -0.00100 -0.02325 0.2287195 -0.0576437 0.9717771 0.0037239 -0.2482015 -0.0545685 0.8981401 -0.358835
0.21324 0.11939 1.87673 -0.40715 -0.06725 2.02699 0.02801 -0.02302 -0.06632 0.01559 -0.00311 -0.07839 0.10590 0.09882 -0.00373 -0.00510 0.07436 0.07522 -0.01689 -0.00376 0.2791593 0.1970135 0.9229918 -0.1770363 -0.2413537 -0.0225848 0.8772547 -0.4143219
0.25466 0.12029 1.9716 -0.42842 -0.07753 2.11818 0.04142 0.00090 0.09487 -0.02127 -0.01028 0.09119 0.11015 0.10225 0.00425 0.00343 0.09167 0.07717 0.01731 0.00195 0.2281348 0.1210222 0.9659654 -0.0147926 -0.2511552 0.0397965 0.923553 -0.2870316
0.2766 0.11165 1.91919 -0.41567 -0.07842 2.0535 0.02194 -0.00864 -0.05241 0.01275 -0.00089 -0.06468 0.10616 0.09843 -0.00399 -0.00382 0.08554 0.10885 -0.00613 0.03168 0.2294867 0.1493571 0.9616541 0.0158034 0.9216766 -0.3073057 0.2355084 -0.0247239
0.30823 0.10998 1.9483 -0.4205 -0.08348 2.07277 0.03163 -0.00167 0.02911 -0.00483 -0.00506 0.01927 0.11048 0.10041 0.00432 0.00198 0.07994 0.11295 -0.00560 0.00410 0.225294 0.1170444 0.9663788 0.0406842 0.9370279 -0.2660473 0.2250922 -0.0230454
0.33537 0.10427 1.94511 -0.41763 -0.08587 2.05863 0.02714 -0.00571 -0.00319 0.00287 -0.00239 -0.01414 0.11610 0.09923 0.00562 -0.00118 0.07587 0.11461 -0.00407 0.00166 0.2339003 0.0208567 0.9669926 -0.0988982 0.9191874 -0.3080083 0.2434173 -0.031199
0.36026 0.09106 1.91759 -0.40991 -0.08999 2.02009 0.02489 -0.01321 -0.02752 0.00772 -0.00412 -0.03854 0.11157 0.09852 -0.00453 -0.00071 0.07631 0.11470 0.00044 0.00009 0.2553655 0.0351216 0.9612576 -0.0976672 0.9372097 -0.260976 0.2279704 -0.0394838
0.39373 0.0632 1.93526 -0.41066 -0.09126 2.02893 0.03347 -0.02786 0.01767 -0.00075 -0.00127 0.00884 0.10429 0.09755 -0.00728 -0.00097 0.08153 0.11632 0.00522 0.00162 0.2807755 -0.0658683 0.9552047 -0.0664112 0.9122779 -0.3465903 0.2136512 -0.044468
0.45637 0.00539 1.91631 -0.40274 -0.09575 1.99475 0.06264 -0.05781 -0.01895 0.00792 -0.00449 -0.03418 0.11480 0.09559 0.01051 -0.00196 0.07252 0.12056 -0.00901 0.00424 0.2876551 -0.0224074 0.9339322 -0.2110052 0.8946017 -0.3884054 0.2150892 -0.0506513
0.49677 -0.0306 1.92304 -0.40333 -0.09936 2.00247 0.04040 -0.03599 0.00673 -0.00059 -0.00361 0.00772 0.11916 0.09660 0.00436 0.00101 0.06966 0.10651 -0.00286 -0.01405 0.2971315 0.0465067 0.9208574 -0.2481363 0.879587 -0.4170215 0.2205663 -0.0614035
0.53391 -0.08377 1.91865 -0.40064 -0.10129 1.99729 0.03714 -0.05317 -0.00439 0.00269 -0.00193 -0.00518 0.12034 0.09659 0.00118 -0.00001 0.06178 0.11717 -0.00788 0.01066 0.3058223 0.0012683 0.8956791 -0.3228466 0.8766 -0.4305547 0.2039918 -0.0676936
0.56989 -0.14576 1.91441 -0.3979 -0.10224 1.98866 0.03598 -0.06199 -0.00424 0.00274 -0.00095 -0.00863 0.11935 0.09724 -0.00099 0.00065 0.06188 0.11396 0.00010 -0.00321 0.2729576 0.0221539 0.8698872 -0.4102434 0.8707757 -0.4433624 0.1992524 -0.0740139
0.59798 -0.21471 1.89975 -0.39196 -0.10917 1.96391 0.02809 -0.06895 -0.01466 0.00594 -0.00693 -0.02475 0.13089 0.09522 0.01154 -0.00202 0.06255 0.10916 0.00067 -0.00480 0.2041527 0.0683558 0.8111721 -0.543736 0.8846542 -0.3977058 0.2391754 -0.044857
0.6194 -0.26443 1.85382 -0.37982 -0.10706 1.9156 0.02142 -0.04972 -0.04593 0.01214 0.00211 -0.04831 0.11843 0.09088 -0.01246 -0.00434 0.09305 0.10885 0.03050 -0.00031 0.042807 0.1804007 0.7033838 -0.6862028 0.8865998 -0.4042623 0.2188568 -0.0511319
0.66097 -0.32816 1.87764 -0.38206 -0.11268 1.9357 0.04157 -0.06373 0.02382 -0.00224 -0.00562 0.02010 0.12274 0.08907 0.00431 -0.00181 0.09260 0.10809 -0.00045 -0.00076 0.0012171 0.2938868 0.7962534 -0.5287812 0.8736869 -0.4371868 0.2050829 -0.058992
0.67456 -0.3775 1.84891 -0.37156 -0.11399 1.89718 0.01359 -0.04934 -0.02873 0.01050 -0.00131 -0.03852 0.10731 0.08940 -0.01543 0.00033 0.08200 0.11298 -0.01060 0.00489 0.1685483 0.2759881 0.6653597 -0.6728435 0.8614132 -0.4657726 0.1922923 -0.063615
0.68948 -0.43411 1.85946 -0.36868 -0.12409 1.89423 0.01492 -0.05661 0.01055 0.00288 -0.01010 -0.00295 0.11274 0.08941 0.00543 0.00001 0.10810 0.10680 0.02610 -0.00618 -0.4219264 0.0434916 -0.5593263 0.7122084 0.9124289 -0.329153 0.2407649 -0.0341177
0.6863 -0.47891 1.88364 -0.36535 -0.12459 1.89728 -0.00318 -0.04480 0.02418 0.00333 -0.00050 0.00305 0.12524 0.08988 0.01250 0.00047 0.06786 0.11488 -0.04024 0.00808 -0.4752559 0.2027966 -0.4044325 0.7546124 0.8380207 -0.5183972 0.1632759 -0.0482362
0.66211 -0.51764 1.93426 -0.36397 -0.1381 1.90575 -0.02419 -0.03873 0.05062 0.00138 -0.01351 0.00847 0.12492 0.08967 -0.00032 -0.00021 0.10734 0.10148 0.03948 -0.01340 -0.3958835 0.2879903 -0.3416465 0.8022565 0.9172513 -0.3093658 0.2470674 -0.0435931
0.6689 -0.57739 1.93099 -0.3506 -0.15547 1.88605 0.00679 -0.05975 -0.00327 0.01337 -0.01737 -0.01970 0.13857 0.08737 0.01365 -0.00230 0.10643 0.10887 -0.00091 0.00739 -0.3677436 0.2544074 -0.279758 0.8495746 0.8485919 -0.4869012 0.1968314 -0.0638475
0.70679 -0.63043 2.05642 -0.366 -0.17963 2.00113 0.03789 -0.05304 0.12543 -0.01540 -0.02416 0.11508 0.12450 0.09740 -0.01407 0.01003 0.10563 0.10871 -0.00080 -0.00016 -0.3886251 0.4077765 -0.2137114 0.798133 0.7034813 -0.6943223 0.0186842 -0.1506041
0.71097 -0.65362 2.07789 -0.35972 -0.20326 2.01647 0.00418 -0.02319 0.02147 0.00628 -0.02363 0.01534 0.09263 0.09312 -0.03187 -0.00428 0.11044 0.10469 0.00481 -0.00402 -0.3874119 0.3992393 -0.2449492 0.7940528 0.9425249 -0.2349987 0.2347693 -0.0361351
0.66811 -0.67506 1.94387 -0.29613 -0.25717 1.86666 -0.04286 -0.02144 -0.13402 0.06359 -0.05391 -0.14981 0.12516 0.04884 0.03253 -0.04428 0.09528 0.07113 -0.01516 -0.03356 -0.4122419 0.3174515 -0.4230859 0.7418082 0.81049 -0.5283121 0.2256282 0.1143858
0.68078 -0.70778 1.93118 -0.27967 -0.30211 1.84758 0.01267 -0.03272 -0.01269 0.01646 -0.04494 -0.01908 0.11598 0.04395 -0.00918 -0.00489 0.09113 0.07454 -0.00415 0.00341 -0.1889559 -0.0343676 -0.4603375 0.8667202 -0.5403697 0.81247 -0.1576307 0.1518084
0.69762 -0.73142 1.97965 -0.26134 -0.37919 1.93821 0.01684 -0.02364 0.04847 0.01833 -0.07708 0.09063 0.11756 0.06783 0.00158 0.02388 0.09938 0.06679 0.00825 -0.00775 -0.1866059 -0.0202172 -0.4491865 0.8734993 0.7913808 -0.4711823 0.371491 -0.1170386
0.69061 -0.7348 1.95867 -0.21834 -0.4403 1.92575 -0.00701 -0.00338 -0.02098 0.04300 -0.06111 -0.01246 0.12092 0.07061 0.00336 0.00278 0.14628 0.07649 0.04690 0.00970 -0.1640577 -0.0481987 -0.4359979 0.883554 -0.5677192 0.4239506 -0.3276637 0.6249778
0.69742 -0.74718 1.96622 -0.18418 -0.46525 1.93349 0.00681 -0.01238 0.00755 0.03416 -0.02495 0.00774 0.12640 0.07686 0.00548 0.00625 0.13805 0.09450 -0.00823 0.01801 -0.1637113 -0.0395351 -0.4414432 0.8813419 -0.5466377 0.1516007 -0.3869895 0.7269412
0.67329 -0.72631 1.90079 -0.11849 -0.55223 1.90052 -0.02413 0.02087 -0.06543 0.06569 -0.08698 -0.03297 0.11861 0.06943 -0.00779 -0.00743 0.13215 0.07868 -0.00590 -0.01582 -0.1594793 -0.0251419 -0.4394918 0.8836182 -0.2878385 0.2890705 0.0677784 0.9104907
0.67226 -0.72543 1.89829 -0.1276 -0.63905 1.879 -0.00103 0.00088 -0.00250 -0.00911 -0.08682 -0.02152 0.12237 0.07524 0.00376 0.00581 0.12759 0.06595 -0.00456 -0.01273 -0.1670476 -0.009837 -0.4485928 0.877931 -0.4242769 0.5316743 -0.254199 0.6875277
0.67772 -0.73101 1.9345 -0.11169 -0.59981 1.96417 0.00546 -0.00558 0.03621 0.01591 0.03924 0.08517 0.12777 0.11232 0.00540 0.03708 0.14093 0.08834 0.01334 0.02239 -0.1751882 0.0242889 -0.4521859 0.8742123 -0.5805716 0.3934689 -0.043392 0.7115026
0.68541 -0.73574 1.93551 -0.10781 -0.60442 1.96837 0.00769 -0.00473 0.00101 0.00388 -0.00461 0.00420 0.12704 0.10942 -0.00073 -0.00290 0.13869 0.09366 -0.00224 0.00532 -0.1884068 0.0040697 -0.4565516 0.8695096 -0.5484432 0.4082874 -0.0335219 0.7289634
0.67769 -0.72775 1.90857 -0.09259 -0.60405 1.92651 -0.00772 0.00799 -0.02694 0.01522 0.00037 -0.04186 0.13092 0.10167 0.00388 -0.00775 0.13467 0.10628 -0.00402 0.01262 -0.1806962 -0.0272833 -0.4562564 0.8708815 -0.6082695 0.3503066 0.020982 0.7119364
0.68498 -0.73746 1.92507 -0.10678 -0.59841 1.94044 0.00729 -0.00971 0.01650 -0.01419 0.00564 0.01393 0.13228 0.11168 0.00136 0.01001 0.13881 0.07230 0.00414 -0.03398 -0.1902024 -0.0151292 -0.4480233 0.8734238 0.5998022 -0.5358046 -0.002951 -0.5942576
0.68805 -0.74068 1.92907 -0.1111 -0.59903 1.94975 0.00307 -0.00322 0.00400 -0.00432 -0.00062 0.00931 0.13068 0.11603 -0.00160 0.00435 0.14054 0.07635 0.00173 0.00405 -0.185925 -0.0362593 -0.4526526 0.8713339 0.5856507 -0.5741345 -0.0160095 -0.5719497
0.67963 -0.73249 1.90646 -0.09727 -0.60329 1.91486 -0.00842 0.00819 -0.02261 0.01383 -0.00426 -0.03489 0.13936 0.10624 0.00868 -0.00979 0.13699 0.06986 -0.00355 -0.00649 -0.1879261 -0.0357353 -0.4499496 0.8723257 0.6072999 -0.5174131 -0.0466955 -0.601074
0.67724 -0.73495 1.90108 -0.09488 -0.60294 1.90887 -0.00239 -0.00246 -0.00538 0.00239 0.00035 -0.00599 0.11974 0.10268 -0.01962 -0.00356 0.12515 0.06802 -0.01184 -0.00184 -0.1979264 0.0027317 -0.4321596 0.8798044 -0.6166685 0.4866958 0.0401671 0.6174414
0.68092 -0.7343 1.89662 -0.09445 -0.60256 1.90645 0.00368 0.00065 -0.00446 0.00043 0.00038 -0.00242 0.12226 0.10368 0.00252 0.00100 0.07045 0.06853 -0.05470 0.00051 -0.4120419 0.4603499 -0.2541125 0.7441278 0.6228256 -0.4909984 -0.0672403 -0.6053821
0.68054 -0.7324 1.8927 -0.09425 -0.60233 1.90355 -0.00038 0.00190 -0.00392 0.00020 0.00023 -0.00290 0.12518 0.10382 0.00292 0.00014 0.08495 0.06829 0.01450 -0.00024 -0.2389855 0.0389651 -0.4288305 0.8703287 0.6288328 -0.4738164 -0.0619531 -0.6133752
0.68969 -0.74139 1.9204 -0.10424 -0.6048 1.94159 0.00915 -0.00899 0.02770 -0.00999 -0.00247 0.03804 0.13086 0.11263 0.00568 0.00881 0.06941 0.07298 -0.01554 0.00469 -0.420885 0.4532385 -0.2695907 0.7380729 -0.5686728 0.5744876 0.0230502 0.5882549
]
