classifier_Man_goes_to_monkey_22289 [ 0.66745 -0.72827 1.97607 -0.10327 -0.61118 1.88495 0.66745 -0.72827 1.97607 -0.10327 -0.61118 1.88495 0.10698 0.10807 0.10698 0.10807 0.07920 0.06765 0.07920 0.06765 -0.32721 0.1438014 -0.3216356 0.8768154 0.6856497 -0.4477487 -0.0273763 -0.5732854
0.66747 -0.73081 1.97837 -0.10209 -0.61038 1.88429 0.00002 -0.00254 0.00230 0.00118 0.00080 -0.00066 0.10707 0.10720 0.00009 -0.00087 0.11531 0.06597 0.03611 -0.00168 -0.2413136 -0.068096 -0.3727557 0.8934113 0.6824621 -0.4584883 -0.0437316 -0.5675575
0.66946 -0.72972 1.97408 -0.10191 -0.61025 1.88332 0.00199 0.00109 -0.00429 0.00018 0.00013 -0.00097 0.10488 0.10692 -0.00219 -0.00028 0.13001 0.06584 0.01470 -0.00013 -0.2514879 -0.0542259 -0.3833641 0.8870431 0.682761 -0.4669623 -0.0503784 -0.5596835
0.67323 -0.71898 1.96689 -0.10217 -0.6091 1.88257 0.00377 0.01074 -0.00719 -0.00026 0.00115 -0.00075 0.15483 0.10770 0.04995 0.00078 0.14092 0.06582 0.01091 -0.00002 -0.2716289 -0.0589802 -0.4379657 0.8549415 0.6901136 -0.4576737 -0.0390682 -0.5592421
0.55425 -0.64281 2.01111 -0.10768 -0.61662 1.93974 -0.11898 0.07617 0.04422 -0.00551 -0.00752 0.05717 0.11629 0.11174 -0.03854 0.00404 0.06295 0.05961 -0.07797 -0.00621 -0.2012375 0.0768665 -0.459077 0.8618836 0.6833418 -0.3905115 -0.0400462 -0.615582
0.50835 -0.62755 1.99447 -0.11632 -0.60419 1.94573 -0.04590 0.01526 -0.01664 -0.00864 0.01243 0.00599 0.10341 0.09547 -0.01288 -0.01627 0.04976 0.06134 -0.01319 0.00173 0.0101522 0.1107742 -0.5730475 0.8119375 0.7129725 -0.3626159 -0.090502 -0.5932869
0.34578 -0.62545 1.87587 -0.11055 -0.60076 1.88937 -0.16257 0.00210 -0.11860 0.00577 0.00343 -0.05636 0.13148 0.09029 0.02807 -0.00518 0.06205 0.09928 0.01229 0.03794 0.070966 -0.1524093 -0.5701556 0.8041504 -0.5322002 0.2184375 0.0676741 0.8151492
0.3277 -0.61349 1.90757 -0.14314 -0.58719 1.89777 -0.01808 0.01196 0.03170 -0.03259 0.01357 0.00840 0.12688 0.10657 -0.00460 0.01628 0.05438 0.05538 -0.00767 -0.04390 0.0980486 0.0238812 -0.547133 0.8309402 0.7803533 -0.3363904 -0.0336431 -0.5260783
0.3137 -0.61554 1.91322 -0.1359 -0.60781 1.91135 -0.01400 -0.00205 0.00565 0.00724 -0.02062 0.01358 0.12422 0.09659 -0.00266 -0.00998 0.05564 0.09971 0.00126 0.04433 0.0985506 0.1482209 -0.5090873 0.8421096 -0.5477966 0.2929388 0.0809567 0.779456
0.23042 -0.64367 1.82724 -0.16504 -0.61178 1.86589 -0.08328 -0.02813 -0.08598 -0.02914 -0.00397 -0.04546 0.12244 0.10766 -0.00178 0.01107 0.07038 0.06667 0.01474 -0.03304 -0.1223154 0.6324879 -0.5073205 0.5723842 0.7750924 -0.5283038 -0.0571247 -0.3418532
0.2203 -0.64274 1.81428 -0.14792 -0.59244 1.85215 -0.01012 0.00093 -0.01296 0.01712 0.01934 -0.01374 0.11800 0.07951 -0.00444 -0.02815 0.07340 0.05894 0.00302 -0.00773 -0.1183548 0.6461117 -0.5158791 0.5499097 0.6028246 -0.5838517 -0.062139 -0.5402393
0.22031 -0.64373 1.81858 -0.16417 -0.61181 1.85622 0.00001 -0.00099 0.00430 -0.01625 -0.01937 0.00407 0.11897 0.10621 0.00097 0.02670 0.07415 0.06730 0.00075 0.00836 -0.1203744 0.6448336 -0.5190431 0.5479907 0.7589484 -0.5392101 -0.0282114 -0.3639422
0.22069 -0.64302 1.81787 -0.16507 -0.61122 1.8557 0.00038 0.00071 -0.00071 -0.00090 0.00059 -0.00052 0.11909 0.10648 0.00012 0.00027 0.07379 0.06724 -0.00036 -0.00006 -0.1211779 0.6393651 -0.5218683 0.5515268 0.7592511 -0.549126 -0.046567 -0.3461645
0.22084 -0.64285 1.81625 -0.16489 -0.61122 1.85355 0.00015 0.00017 -0.00162 0.00018 0.00000 -0.00215 0.11898 0.10579 -0.00011 -0.00069 0.07334 0.06840 -0.00045 0.00116 -0.1285216 0.6403465 -0.519919 0.550566 0.7602638 -0.5353882 -0.0154863 -0.3675848
0.2662 -0.6162 1.93117 -0.16755 -0.62677 1.89812 0.04536 0.02665 0.11492 -0.00266 -0.01555 0.04457 0.12023 0.10914 0.00125 0.00335 0.05099 0.06917 -0.02235 0.00077 -0.2108253 0.6626543 -0.4785469 0.5361295 0.7554879 -0.5479138 -0.0417832 -0.3567669
0.21783 -0.64213 1.80681 -0.16293 -0.60978 1.84651 -0.04837 -0.02593 -0.12436 0.00462 0.01699 -0.05161 0.11801 0.10542 -0.00222 -0.00372 0.07099 0.06789 0.02000 -0.00128 -0.1389258 0.6417768 -0.5214145 0.5449304 0.755588 -0.5461761 -0.0410984 -0.3592902
0.21762 -0.63777 1.79998 -0.1621 -0.60565 1.83737 -0.00021 0.00436 -0.00683 0.00083 0.00413 -0.00914 0.12030 0.10565 0.00229 0.00023 0.07126 0.06710 0.00027 -0.00079 -0.1328064 0.6353653 -0.5244564 0.5510162 0.7593621 -0.5273901 -0.0052483 -0.3810529
0.21766 -0.63779 1.79924 -0.16128 -0.59321 1.8531 0.00004 -0.00002 -0.00074 0.00082 0.01244 0.01573 0.11893 0.11041 -0.00137 0.00476 0.07087 0.07087 -0.00039 0.00377 -0.1337471 0.634464 -0.5251396 0.5511764 0.6388501 -0.5909514 -0.1195928 -0.477854
0.22201 -0.64636 1.82549 -0.22698 -0.59059 1.84059 0.00435 -0.00857 0.02625 -0.06570 0.00262 -0.01251 0.12003 0.09838 0.00110 -0.01203 0.08077 0.07064 0.00990 -0.00023 -0.1428909 0.6453025 -0.5195846 0.5414782 -0.4238539 0.8630441 0.2598337 -0.089382
0.22105 -0.64404 1.81798 -0.30543 -0.46973 1.86139 -0.00096 0.00232 -0.00751 -0.07845 0.12086 0.02080 0.11990 0.11139 -0.00013 0.01301 0.07250 0.08859 -0.00827 0.01795 -0.1366963 0.6414779 -0.5165539 0.5504472 0.7668328 -0.6344057 -0.0104016 0.0968949
0.22188 -0.64343 1.81731 -0.33184 -0.44574 1.85881 0.00083 0.00061 -0.00067 -0.02641 0.02399 -0.00258 0.11795 0.11569 -0.00195 0.00430 0.07171 0.08456 -0.00079 -0.00403 -0.132967 0.6352477 -0.5172011 0.5579274 0.8164735 -0.4615432 -0.1046647 0.3307478
0.22833 -0.66305 1.87189 -0.36983 -0.42453 1.92075 0.00645 -0.01962 0.05458 -0.03799 0.02121 0.06194 0.12427 0.12385 0.00632 0.00816 0.08149 0.09635 0.00978 0.01179 -0.1390093 0.6424413 -0.5149507 0.5502468 -0.4457357 0.8332503 0.0538856 0.3226608
0.25851 -0.64082 1.95508 -0.41142 -0.39279 1.9536 0.03018 0.02223 0.08319 -0.04159 0.03174 0.03285 0.12098 0.12489 -0.00329 0.00104 0.06055 0.09439 -0.02094 -0.00196 0.016222 -0.5225686 0.5349222 -0.6637146 -0.4620336 0.8322878 -0.0035638 0.3062829
0.24811 -0.61174 1.86616 -0.39893 -0.36967 1.86207 -0.01040 0.02908 -0.08892 0.01249 0.02312 -0.09153 0.11518 0.11939 -0.00580 -0.00550 0.05692 0.08225 -0.00363 -0.01214 -0.2259101 0.7374951 -0.4831197 0.4143198 -0.4636121 0.8338334 -0.0105944 0.2994551
0.24979 -0.61184 1.86726 -0.40388 -0.36575 1.86577 0.00168 -0.00010 0.00110 -0.00495 0.00392 0.00370 0.11597 0.12041 0.00079 0.00102 0.05503 0.08399 -0.00189 0.00174 0.0175568 -0.5085751 0.5305912 -0.6778762 -0.4533339 0.8348331 -0.0175885 0.3118214
0.25212 -0.61169 1.87118 -0.40735 -0.3682 1.8776 0.00233 0.00015 0.00392 -0.00347 -0.00245 0.01183 0.11750 0.11493 0.00153 -0.00548 0.05441 0.10369 -0.00062 0.01970 0.0221069 -0.5151213 0.5266373 -0.6758806 -0.4130837 0.8508766 -0.0047868 0.3245733
0.26979 -0.60596 1.8906 -0.40186 -0.39938 1.90687 0.01767 0.00573 0.01942 0.00549 -0.03118 0.02927 0.12234 0.11039 0.00484 -0.00454 0.04290 0.10846 -0.01151 0.00477 0.1688036 0.236435 -0.4788941 0.8284107 -0.3407729 0.8687857 0.0457934 0.3563539
0.27763 -0.60038 1.88646 -0.3971 -0.40812 1.90485 0.00784 0.00558 -0.00414 0.00476 -0.00874 -0.00202 0.12583 0.11013 0.00349 -0.00026 0.03749 0.10245 -0.00541 -0.00601 0.2466602 0.0659965 -0.4375452 0.8621818 -0.330073 0.8612571 0.0509041 0.3830099
0.40993 -0.5491 1.98411 -0.394 -0.47233 2.00286 0.13230 0.05128 0.09765 0.00310 -0.06421 0.09801 0.10790 0.11153 -0.01793 0.00140 0.06950 0.10531 0.03201 0.00286 -0.0361382 0.4288198 -0.4596013 0.7769004 -0.352841 0.8808948 0.0686349 0.3079235
0.45513 -0.57297 2.10123 -0.38468 -0.49303 2.11487 0.04520 -0.02387 0.11712 0.00932 -0.02070 0.11201 0.07810 0.11119 -0.02980 -0.00034 0.06815 0.10401 -0.00135 -0.00130 0.0550974 0.3822539 -0.2325861 0.8926085 -0.202792 0.8617935 0.2304706 0.40382
0.47512 -0.49868 2.22201 -0.39127 -0.44128 2.21692 0.01999 0.07429 0.12078 -0.00659 0.05175 0.10205 0.10527 0.08174 0.02717 -0.02945 0.08720 0.08914 0.01905 -0.01487 0.3111789 0.2550031 -0.3020398 0.8642413 -0.3949364 0.7608555 0.3148908 0.4073916
0.42632 -0.47821 2.24611 -0.38878 -0.39448 2.21089 -0.04880 0.02047 0.02410 0.00249 0.04680 -0.00603 0.16270 0.09727 0.05743 0.01553 0.11347 0.10580 0.02627 0.01666 0.495249 -0.1133371 -0.2528628 0.8233733 -0.2685038 0.8231022 0.3913667 0.3118343
0.48147 -0.40284 2.23246 -0.39942 -0.35413 2.22875 0.05515 0.07537 -0.01365 -0.01064 0.04035 0.01786 0.09449 0.09723 -0.06821 -0.00004 0.10440 0.09495 -0.00907 -0.01085 0.5225912 0.0311554 -0.1749812 0.8338522 -0.4101968 0.7779256 0.4397595 0.182159
0.52093 -0.34914 2.22433 -0.41187 -0.31394 2.21724 0.03946 0.05370 -0.00813 -0.01245 0.04019 -0.01151 0.10318 0.08204 0.00869 -0.01519 0.10669 0.07386 0.00229 -0.02109 -0.4781433 -0.0125159 0.75799 -0.443479 -0.4751265 0.7162211 0.5107698 -0.019909
0.52477 -0.32696 2.19984 -0.45783 -0.26601 2.20811 0.00384 0.02218 -0.02449 -0.04596 0.04793 -0.00913 0.09490 0.09985 -0.00828 0.01781 0.09010 0.06623 -0.01659 -0.00763 0.4087249 -0.0184585 -0.6963283 0.5896865 0.7985628 -0.4220982 -0.3645569 0.2263379
0.50437 -0.30004 2.06054 -0.42657 -0.2526 2.07378 -0.02040 0.02692 -0.13930 0.03126 0.01341 -0.13433 0.08624 0.09846 -0.00866 -0.00139 0.11959 0.08537 0.02949 0.01914 0.7176622 -0.4685867 -0.2848493 0.4292417 -0.6678252 0.6490018 0.3533309 -0.0892371
0.48847 -0.29336 1.93973 -0.40674 -0.2523 1.95744 -0.01590 0.00668 -0.12081 0.01983 0.00030 -0.11634 0.07879 0.09403 -0.00745 -0.00443 0.08191 0.07628 -0.03768 -0.00909 0.3436186 -0.1994556 -0.523327 0.7538385 -0.6062473 0.7443588 0.2796822 -0.013112
0.50747 -0.31952 1.95262 -0.41446 -0.27827 1.97421 0.01900 -0.02616 0.01289 -0.00772 -0.02597 0.01677 0.08609 0.09819 0.00730 0.00416 0.08864 0.08916 0.00673 0.01288 0.4150802 -0.5152531 -0.3110221 0.6822667 -0.5299498 0.8184854 0.2033005 0.0889032
0.54601 -0.36746 2.03543 -0.43034 -0.33221 2.05302 0.03854 -0.04794 0.08281 -0.01588 -0.05394 0.07881 0.10581 0.10894 0.01972 0.01075 0.08592 0.08000 -0.00272 -0.00916 0.1536634 -0.1560837 -0.3277867 0.9190112 -0.3730274 0.8461128 0.3253639 -0.1976917
0.534 -0.38873 1.964 -0.41502 -0.35562 1.98158 -0.01201 -0.02127 -0.07143 0.01532 -0.02341 -0.07144 0.12454 0.12715 0.01873 0.01821 0.09155 0.10508 0.00563 0.02508 0.1493274 -0.0534835 -0.307778 0.9381437 -0.3620656 0.8704022 0.2702014 -0.195703
0.52641 -0.42111 1.94282 -0.40375 -0.38849 1.96875 -0.00759 -0.03238 -0.02118 0.01127 -0.03287 -0.01283 0.11501 0.13134 -0.00953 0.00419 0.09473 0.10675 0.00318 0.00167 0.1477984 -0.0019457 -0.2844966 0.9472136 -0.3317891 0.9142575 0.2088107 -0.1022117
0.51217 -0.4924 2.06963 -0.37309 -0.47924 2.07732 -0.01424 -0.07129 0.12681 0.03066 -0.09075 0.10857 0.09784 0.12252 -0.01717 -0.00882 0.05580 0.08961 -0.03893 -0.01714 0.1601072 0.3693358 -0.2615926 0.8772264 -0.320592 0.9112977 0.1370399 0.2190372
0.52415 -0.50818 2.19127 -0.38279 -0.48676 2.2026 0.01198 -0.01578 0.12164 -0.00970 -0.00752 0.12528 0.10514 0.10732 0.00730 -0.01520 0.08432 0.09380 0.02852 0.00419 0.3027048 0.3678789 -0.2280866 0.8491239 -0.3073552 0.8619449 0.2656586 0.3033301
0.51751 -0.48888 2.21183 -0.37325 -0.46918 2.2331 -0.00664 0.01930 0.02056 0.00954 0.01758 0.03050 0.10683 0.09011 0.00169 -0.01721 0.07346 0.09605 -0.01086 0.00225 0.3774099 0.3081504 -0.2909183 0.8233904 -0.2923524 0.8315743 0.3961269 0.2570949
0.51466 -0.45756 2.22222 -0.37251 -0.43651 2.25621 -0.00285 0.03132 0.01039 0.00074 0.03267 0.02311 0.10080 0.10937 -0.00603 0.01926 0.07425 0.09627 0.00079 0.00022 0.4323382 0.1504268 -0.4122455 0.787724 -0.2454539 0.8336212 0.4449782 0.216385
0.53767 -0.37199 2.21229 -0.38858 -0.3295 2.23941 0.02301 0.08557 -0.00993 -0.01607 0.10701 -0.01680 0.10124 0.10705 0.00044 -0.00232 0.08870 0.09838 0.01445 0.00211 0.3721582 -0.043343 -0.7056943 0.6013445 -0.314673 0.7962287 0.4179558 0.3038318
0.54263 -0.34626 2.19947 -0.39151 -0.28363 2.21986 0.00496 0.02573 -0.01282 -0.00293 0.04587 -0.01955 0.09353 0.09000 -0.00771 -0.01705 0.07658 0.07909 -0.01212 -0.01929 -0.3676963 0.0594888 0.7823104 -0.4992503 -0.4394894 0.7308739 0.5139776 0.0921918
0.52082 -0.30529 2.08303 -0.41849 -0.18416 2.09129 -0.02181 0.04097 -0.11644 -0.02698 0.09947 -0.12857 0.08593 0.08210 -0.00760 -0.00790 0.08719 0.07067 0.01061 -0.00842 0.5668047 -0.1581568 -0.6491498 0.4819993 0.7114843 -0.241828 -0.2433977 0.6132429
0.50992 -0.2825 1.99888 -0.39039 -0.12038 1.98885 -0.01090 0.02279 -0.08415 0.02810 0.06378 -0.10244 0.08078 0.07382 -0.00515 -0.00828 0.09236 0.07632 0.00517 0.00565 0.4241824 -0.1941675 -0.572564 0.6741949 0.6537635 -0.0301409 -0.2319398 0.7196448
0.53368 -0.30859 2.02885 -0.40496 0.05778 1.97108 0.02376 -0.02609 0.02997 -0.01457 0.17816 -0.01777 0.08358 0.11955 0.00280 0.04573 0.08283 0.07325 -0.00953 -0.00307 0.4027674 -0.2257487 -0.5089718 0.7264735 -0.2515493 0.2668097 0.8993391 -0.2381694
0.54076 -0.3331 2.06122 -0.4169 0.09087 2.00179 0.00708 -0.02451 0.03237 -0.01194 0.03309 0.03071 0.08844 0.11979 0.00486 0.00024 0.08238 0.06241 -0.00045 -0.01084 0.3279656 -0.1824151 -0.419451 0.8265737 -0.1984575 0.1841177 0.9413999 -0.2012002
0.52972 -0.37393 2.06606 -0.38588 0.19747 1.98406 -0.01104 -0.04083 0.00484 0.03102 0.10660 -0.01773 0.09426 0.10531 0.00582 -0.01448 0.08085 0.08802 -0.00153 0.02561 0.3000184 -0.2039045 -0.2872398 0.8865129 -0.1991633 0.1237583 0.9688544 -0.0796185
0.50562 -0.37844 2.00203 -0.35798 0.21632 1.90837 -0.02410 -0.00451 -0.06403 0.02790 0.01885 -0.07569 0.09366 0.09952 -0.00060 -0.00579 0.07029 0.08418 -0.01056 -0.00384 0.3161614 -0.2088436 -0.2985854 0.8759413 -0.2665848 0.1188097 0.9525487 -0.0864161
0.49657 -0.39361 2.00669 -0.34143 0.24058 1.90108 -0.00905 -0.01517 0.00466 0.01655 0.02426 -0.00729 0.09758 0.09767 0.00392 -0.00185 0.07214 0.07712 0.00185 -0.00706 0.2435852 0.024398 -0.3316803 0.9110758 -0.2635304 0.1434813 0.9525567 -0.0509968
0.45655 -0.43786 2.01573 -0.28964 0.26841 1.87809 -0.04002 -0.04425 0.00904 0.05179 0.02783 -0.02299 0.08334 0.10300 -0.01424 0.00533 0.08313 0.07119 0.01099 -0.00593 0.2757601 0.0683311 -0.3543554 0.8909093 -0.2391136 0.1328125 0.9618306 -0.0082148
0.49027 -0.47776 2.18834 -0.29649 0.28932 2.02513 0.03372 -0.03990 0.17261 -0.00685 0.02091 0.14704 0.09627 0.11732 0.01293 0.01432 0.08890 0.07522 0.00577 0.00403 0.3001595 0.0561462 -0.2803439 0.9100325 -0.284774 0.1922471 0.9368961 0.0645787
0.48581 -0.48558 2.2026 -0.2803 0.29041 2.02977 -0.00446 -0.00782 0.01426 0.01619 0.00109 0.00464 0.09312 0.12452 -0.00315 0.00720 0.08328 0.07321 -0.00562 -0.00201 0.3112184 0.0793553 -0.2517556 0.912943 -0.2938888 0.1966935 0.929215 0.1072401
0.48384 -0.49476 2.22215 -0.26642 0.28478 2.03878 -0.00197 -0.00918 0.01955 0.01388 -0.00563 0.00901 0.09788 0.13010 0.00476 0.00558 0.08394 0.07084 0.00066 -0.00237 0.3025521 0.1359797 -0.2561654 0.9079378 -0.3104824 0.186537 0.9221933 0.1355139
0.48397 -0.51215 2.26236 -0.237 0.25192 2.05397 0.00013 -0.01739 0.04021 0.02942 -0.03286 0.01519 0.10533 0.12921 0.00745 -0.00089 0.07534 0.07229 -0.00860 0.00145 0.3140902 0.0572445 -0.1949604 0.9273947 -0.3950658 0.1166768 0.88736 0.2071274
0.48499 -0.52108 2.28558 -0.22221 0.22331 2.06171 0.00102 -0.00893 0.02322 0.01479 -0.02861 0.00774 0.10562 0.12946 0.00029 0.00025 0.09499 0.07379 0.01965 0.00150 0.3441643 -0.1540181 -0.1300416 0.9170161 -0.3940546 0.1473172 0.874027 0.2430953
0.483 -0.52899 2.29896 -0.20753 0.18283 2.05783 -0.00199 -0.00791 0.01338 0.01468 -0.04048 -0.00388 0.10749 0.12928 0.00187 -0.00018 0.09641 0.07603 0.00142 0.00224 0.3426394 -0.1654298 -0.1403133 0.9140806 -0.3941436 0.1153477 0.889307 0.2011935
0.48144 -0.53566 2.31434 -0.19594 0.14249 2.05735 -0.00156 -0.00667 0.01538 0.01159 -0.04034 -0.00048 0.10904 0.12771 0.00155 -0.00157 0.08500 0.07771 -0.01141 0.00168 0.3436182 -0.1772678 -0.1198203 0.9144101 -0.315198 0.1988162 0.8826578 0.2864218
0.37807 -0.598 2.26774 -0.18208 0.09572 1.98119 -0.10337 -0.06234 -0.04660 0.01386 -0.04677 -0.07616 0.17633 0.12119 0.06729 -0.00652 0.07648 0.07831 -0.00852 0.00060 0.3376988 0.1263064 -0.0968421 0.9277003 -0.1865591 0.3281338 0.7011946 0.6048555
0.4706 -0.56002 2.35441 -0.18292 0.0748 2.06932 0.09253 0.03798 0.08667 -0.00084 -0.02092 0.08813 0.09313 0.11921 -0.08320 -0.00198 0.11564 0.08213 0.03916 0.00382 -0.0779934 0.3831427 0.6117761 -0.6876399 -0.3154344 0.3169338 0.8873841 -0.1122651
0.43569 -0.54659 2.24895 -0.18253 0.01219 1.96931 -0.03491 0.01343 -0.10546 0.00039 -0.06261 -0.10001 0.08018 0.12128 -0.01295 0.00207 0.09263 0.08041 -0.02301 -0.00172 0.1444309 -0.374711 -0.3541867 0.8445609 0.4041908 0.2322856 0.2201423 0.8568609
0.43074 -0.55806 2.27582 -0.1897 0.01175 1.98852 -0.00495 -0.01147 0.02687 -0.00717 -0.00044 0.01921 0.08259 0.12332 0.00241 0.00204 0.08830 0.08135 -0.00433 0.00094 0.3580024 -0.2568941 -0.1108812 0.8908115 0.4755438 0.1565276 0.3361257 0.7977323
0.42836 -0.55982 2.26591 -0.1945 0.0112 1.98195 -0.00238 -0.00176 -0.00991 -0.00480 -0.00055 -0.00657 0.07686 0.12313 -0.00573 -0.00019 0.08671 0.08001 -0.00159 -0.00134 0.3051153 -0.2967116 -0.1583025 0.8909585 0.5300912 0.1527054 0.3086143 0.7748817
0.42919 -0.56206 2.26895 -0.20049 0.00614 1.98693 0.00083 -0.00224 0.00304 -0.00599 -0.00506 0.00498 0.07914 0.12290 0.00228 -0.00023 0.08789 0.08104 0.00118 0.00103 0.2912208 -0.2971961 -0.1974587 0.8876232 0.476579 0.130881 0.3343031 0.8024862
0.4303 -0.55632 2.24579 -0.20887 0.0058 1.98096 0.00111 0.00574 -0.02316 -0.00838 -0.00034 -0.00597 0.08204 0.12171 0.00290 -0.00119 0.10394 0.08077 0.01605 -0.00027 0.258907 -0.2564676 -0.3774311 0.8513151 0.5417556 0.215985 0.1488516 0.7985578
0.44416 -0.52874 2.21561 -0.21391 0.00513 1.98261 0.01386 0.02758 -0.03018 -0.00504 -0.00067 0.00165 0.09397 0.12181 0.01193 0.00010 0.13357 0.08023 0.02963 -0.00054 -0.2300587 0.2653117 0.6780225 -0.6457307 0.5121526 0.2240513 0.1289624 0.8190662
0.45049 -0.496 2.19917 -0.21964 0.00586 1.99587 0.00633 0.03274 -0.01644 -0.00573 0.00073 0.01326 0.10844 0.12411 0.01447 0.00230 0.07075 0.08082 -0.06282 0.00059 -0.2223375 0.2296262 0.7944469 -0.5164223 0.5347644 0.2583045 0.0549408 0.8026751
0.46015 -0.4601 2.21934 -0.23162 0.00501 2.06675 0.00966 0.03590 0.02017 -0.01198 -0.00085 0.07088 0.11366 0.12861 0.00522 0.00450 0.08014 0.08324 0.00939 0.00242 0.3529904 -0.0911407 -0.398511 0.8415939 0.5070473 0.1745316 0.2789133 0.7966486
0.42644 -0.30751 2.08256 -0.2368 0.0014 2.05581 -0.03371 0.15259 -0.13678 -0.00518 -0.00361 -0.01094 0.09252 0.12143 -0.02114 -0.00718 0.07007 0.08270 -0.01007 -0.00054 0.3164945 0.0669879 -0.5598353 0.7628422 0.5024303 0.2594863 0.0722861 0.821587
0.37293 -0.09598 2.0261 -0.2387 0.00145 2.05202 -0.05351 0.21153 -0.05646 -0.00190 0.00005 -0.00379 0.07818 0.12024 -0.01434 -0.00119 0.06708 0.08157 -0.00299 -0.00113 0.0638498 -0.3987609 0.8942287 -0.1930493 0.5039608 0.3186353 -0.0292916 0.80227
0.35664 -0.00994 2.03787 -0.23934 0.00097 2.06475 -0.01629 0.08604 0.01177 -0.00064 -0.00048 0.01273 0.10060 0.12227 0.02242 0.00203 0.12699 0.07702 0.05991 -0.00455 0.9001324 -0.2284353 -0.1210246 0.3506166 0.4929442 0.320054 -0.0146741 0.8089228
0.32978 0.0804 2.05656 -0.24083 0.00101 2.08602 -0.02686 0.09034 0.01869 -0.00149 0.00004 0.02127 0.10894 0.12242 0.00834 0.00015 0.08516 0.08056 -0.04183 0.00354 0.8856432 -0.1412703 -0.2435877 0.3692478 0.5056232 0.2995689 -0.0088589 0.8090273
0.25907 0.22723 1.9852 -0.22813 0.00623 2.00544 -0.07071 0.14683 -0.07136 0.01270 0.00522 -0.08058 0.11204 0.11954 0.00310 -0.00288 0.09487 0.07536 0.00971 -0.00520 0.9240567 -0.0371469 -0.2149011 0.3139375 0.1939598 0.3025065 -0.2701876 0.8932346
0.23854 0.26653 1.95779 -0.22281 0.00594 1.97016 -0.02053 0.03930 -0.02741 0.00532 -0.00029 -0.03528 0.11699 0.11599 0.00495 -0.00355 0.09384 0.09503 -0.00103 0.01967 0.9053755 0.0016488 -0.2664804 0.3305763 -0.1414828 0.1743214 -0.3971072 0.889888
0.22442 0.29749 1.96526 -0.22216 0.00654 1.96918 -0.01412 0.03096 0.00747 0.00065 0.00060 -0.00098 0.12241 0.11608 0.00542 0.00009 0.09519 0.09286 0.00135 -0.00217 0.926311 0.0434568 -0.2590897 0.2700593 -0.2426304 0.1377379 -0.4006053 0.8727395
0.20445 0.34606 2.00861 -0.22665 -0.00141 1.9977 -0.01997 0.04857 0.04335 -0.00449 -0.00795 0.02852 0.12157 0.10572 -0.00084 -0.01036 0.09152 0.07893 -0.00367 -0.01393 0.9478902 0.0659105 -0.2120585 0.2284539 -0.1487769 -0.1582431 0.9048074 0.3662623
0.20231 0.36074 2.07286 -0.23139 0.01125 2.05101 -0.00214 0.01468 0.06425 -0.00474 0.01266 0.05331 0.13241 0.12725 0.01084 0.02153 0.10690 0.07851 0.01538 -0.00042 0.9403651 0.1314756 -0.2311397 0.2121369 -0.120064 0.3152473 -0.1543584 0.9286427
0.19455 0.36268 2.08837 -0.23241 0.01155 2.05648 -0.00776 0.00194 0.01551 -0.00102 0.00030 0.00547 0.13277 0.12679 0.00036 -0.00046 0.08844 0.07919 -0.01846 0.00068 0.9230836 0.1556584 -0.2720745 0.2228511 -0.0894341 0.2901192 -0.1382039 0.9427258
0.17725 0.35737 2.11677 -0.23402 0.01068 2.06643 -0.01730 -0.00531 0.02840 -0.00161 -0.00087 0.00995 0.11667 0.12873 -0.01610 0.00194 0.07979 0.07880 -0.00865 -0.00039 0.918088 0.1959322 -0.1741583 0.2973112 -0.0724946 0.2959727 -0.1186458 0.9450227
0.16424 0.36332 2.13699 -0.23465 0.01152 2.07019 -0.01301 0.00595 0.02022 -0.00063 0.00084 0.00376 0.13431 0.12847 0.01764 -0.00026 0.08814 0.07789 0.00835 -0.00091 0.9205043 0.2237423 -0.1360231 0.2900152 -0.083804 0.269176 -0.1529452 0.9471689
0.16136 0.34816 2.14126 -0.23564 0.0116 2.07082 -0.00288 -0.01516 0.00427 -0.00099 0.00008 0.00063 0.14635 0.13032 0.01204 0.00185 0.07669 0.07730 -0.01145 -0.00059 0.9184868 0.2181866 -0.1763812 0.2786866 -0.0756686 0.2870066 -0.1573415 0.9418838
0.16172 0.33065 2.15321 -0.23823 0.01168 2.0794 0.00036 -0.01751 0.01195 -0.00259 0.00008 0.00858 0.14435 0.12881 -0.00200 -0.00151 0.07840 0.07825 0.00171 0.00095 0.9305479 0.1818123 -0.2101212 0.2384826 -0.0320012 0.2923908 -0.1239472 0.9476923
0.15933 0.3098 2.14171 -0.23866 0.01104 2.06472 -0.00239 -0.02085 -0.01150 -0.00043 -0.00064 -0.01468 0.14288 0.12880 -0.00147 -0.00001 0.06300 0.07865 -0.01540 0.00040 0.9240537 0.1633325 -0.2566132 0.23151 -0.0178097 0.2939078 -0.1698989 0.9404442
0.20427 0.18062 2.17657 -0.24727 0.01178 2.1127 0.04494 -0.12918 0.03486 -0.00861 0.00074 0.04798 0.11723 0.13113 -0.02565 0.00233 0.09938 0.08052 0.03638 0.00187 0.9417955 0.0129693 -0.1813345 0.282791 0.0021305 0.2385424 -0.2358535 0.9420542
0.20279 0.14959 2.16565 -0.24815 0.01222 2.09554 -0.00148 -0.03103 -0.01092 -0.00088 0.00044 -0.01716 0.13432 0.13062 0.01709 -0.00051 0.09987 0.07816 0.00049 -0.00236 0.9156131 0.0595844 -0.1531199 0.366956 0.0258638 0.2310844 -0.2647878 0.9358518
0.21575 0.07516 2.12051 -0.2472 0.00044 2.0503 0.01296 -0.07443 -0.04514 0.00095 -0.01178 -0.04524 0.11058 0.12114 -0.02374 -0.00948 0.11005 0.07787 0.01018 -0.00029 0.8142647 -0.0018611 -0.2092988 0.5414457 -0.1284734 -0.1983459 0.8778394 0.4165949
0.22977 -0.01189 2.13256 -0.25146 0.00162 2.04772 0.01402 -0.08705 0.01205 -0.00426 0.00118 -0.00258 0.10587 0.12393 -0.00471 0.00279 0.10829 0.07870 -0.00176 0.00083 0.7441794 0.0358708 -0.1937647 0.638252 0.4564702 0.3285912 -0.4446223 0.6971181
0.22666 -0.05439 2.05243 -0.24209 0.00095 1.95679 -0.00311 -0.04250 -0.08013 0.00937 -0.00067 -0.09093 0.10429 0.12247 -0.00158 -0.00146 0.12136 0.07325 0.01307 -0.00545 0.8450837 -0.2585406 -0.0190374 0.4675768 0.1996766 0.1753489 -0.4588475 0.847845
0.23783 -0.06467 2.05226 -0.24251 0.00068 1.95454 0.01117 -0.01028 -0.00017 -0.00042 -0.00027 -0.00225 0.11653 0.12361 0.01224 0.00114 0.11992 0.07344 -0.00144 0.00019 0.8374951 -0.2891003 -0.0154323 0.4634489 0.214872 0.1830842 -0.4445488 0.8501097
0.25739 -0.06861 2.05061 -0.2442 -0.00841 1.95199 0.01956 -0.00394 -0.00165 -0.00169 -0.00909 -0.00255 0.09119 0.11871 -0.02534 -0.00490 0.11631 0.07544 -0.00361 0.00200 0.8450721 -0.3547888 -0.0335889 0.3985597 -0.0603823 -0.0927552 0.863381 0.4922639
0.3238 -0.07805 2.00263 -0.24295 -0.00308 1.9231 0.06641 -0.00944 -0.04798 0.00125 0.00533 -0.02889 0.09640 0.11893 0.00521 0.00022 0.11631 0.07293 0.00000 -0.00251 0.8589675 -0.3201435 -0.140706 0.3740116 0.1761805 0.2910924 -0.1928989 0.9203346
0.36144 -0.0713 2.00872 -0.24923 -0.01657 1.93363 0.03764 0.00675 0.00609 -0.00628 -0.01349 0.01053 0.10180 0.11706 0.00540 -0.00187 0.11774 0.07437 0.00143 0.00144 0.8683943 -0.3931082 -0.1996694 0.2269133 -0.0346529 -0.0502839 0.8675399 0.4936045
0.44165 -0.06281 1.99162 -0.25683 -0.02169 1.92824 0.08021 0.00849 -0.01710 -0.00760 -0.00512 -0.00539 0.10327 0.11700 0.00147 -0.00006 0.11543 0.07452 -0.00231 0.00015 0.8773773 -0.363508 -0.2394826 0.2017893 -0.2725028 -0.1420317 0.9273653 0.2134548
0.53443 -0.05914 2.06538 -0.27343 -0.01879 2.0023 0.09278 0.00367 0.07376 -0.01660 0.00290 0.07406 0.11314 0.12232 0.00987 0.00532 0.11912 0.07729 0.00369 0.00277 0.8768035 -0.3590399 -0.3044844 0.097955 -0.3788882 0.1849702 0.859606 -0.2886302
0.56742 -0.06026 2.06901 -0.27741 -0.02394 2.00274 0.03299 -0.00112 0.00363 -0.00398 -0.00515 0.00044 0.11417 0.12428 0.00103 0.00196 0.12603 0.07658 0.00691 -0.00071 0.8726193 -0.3767992 -0.2907054 0.1097644 -0.3737243 0.1897037 0.8578935 -0.2972567
0.61955 -0.06488 1.9912 -0.27552 -0.03545 1.91791 0.05213 -0.00462 -0.07781 0.00189 -0.01151 -0.08483 0.10318 0.11659 -0.01099 -0.00769 0.12150 0.07357 -0.00453 -0.00301 0.8617613 -0.3881902 -0.3214881 0.0576306 -0.3250354 0.0273498 0.9391286 0.1078957
0.6376 -0.07056 1.99059 -0.27922 -0.04128 1.91477 0.01805 -0.00568 -0.00061 -0.00370 -0.00583 -0.00314 0.10264 0.11654 -0.00054 -0.00005 0.11742 0.07360 -0.00408 0.00003 0.8376872 -0.4205576 -0.3482985 -0.0099781 -0.4272907 0.0162305 0.9032213 -0.0367499
0.66541 -0.08004 1.99874 -0.2844 -0.04632 1.9149 0.02781 -0.00948 0.00815 -0.00518 -0.00504 0.00013 0.10344 0.11939 0.00080 0.00285 0.11688 0.07158 -0.00054 -0.00202 0.8064399 -0.4416509 -0.3893319 -0.0549533 -0.4713304 0.0166057 0.8642742 -0.1749345
0.67791 -0.086 2.00677 -0.28641 -0.04614 1.9199 0.01250 -0.00596 0.00803 -0.00201 0.00018 0.00500 0.10213 0.11862 -0.00131 -0.00077 0.11565 0.07063 -0.00123 -0.00095 0.8051961 -0.4532779 -0.3783975 -0.0548975 -0.4853317 0.0359375 0.8502239 -0.2007011
0.68536 -0.0911 2.01214 -0.28766 -0.04796 1.92226 0.00745 -0.00510 0.00537 -0.00125 -0.00182 0.00236 0.10290 0.12138 0.00077 0.00276 0.12360 0.07035 0.00795 -0.00028 0.8078607 -0.462785 -0.3590439 -0.0654106 -0.4698243 0.0554996 0.848842 -0.2359072
0.68989 -0.09657 2.01703 -0.28971 -0.0527 1.92569 0.00453 -0.00547 0.00489 -0.00205 -0.00474 0.00343 0.10261 0.12015 -0.00029 -0.00123 0.11776 0.07201 -0.00584 0.00166 0.7992118 -0.4748033 -0.3644733 -0.0546035 -0.4455619 0.0537932 0.8486245 -0.2800308
0.69289 -0.10133 2.02096 -0.29017 -0.05305 1.92794 0.00300 -0.00476 0.00393 -0.00046 -0.00035 0.00225 0.10360 0.12071 0.00099 0.00056 0.10978 0.07100 -0.00798 -0.00101 0.8084872 -0.4785734 -0.3393818 -0.0462174 -0.4256459 0.0727227 0.8532001 -0.2925519
0.69186 -0.10433 2.0184 -0.29063 -0.05272 1.92668 -0.00103 -0.00300 -0.00256 -0.00046 0.00033 -0.00126 0.10242 0.12020 -0.00118 -0.00051 0.10768 0.06991 -0.00210 -0.00109 0.8002521 -0.4804175 -0.3588079 -0.0072418 -0.4605917 0.0834035 0.8351794 -0.2887465
0.68977 -0.10539 2.01725 -0.29229 -0.05688 1.92738 -0.00209 -0.00106 -0.00115 -0.00166 -0.00416 0.00070 0.10108 0.11946 -0.00134 -0.00074 0.12004 0.06995 0.01236 0.00004 0.8142509 -0.4762585 -0.331917 -0.0020974 -0.4614877 0.0735533 0.8225236 -0.3241512
0.68729 -0.10628 2.01451 -0.29266 -0.05697 1.92679 -0.00248 -0.00089 -0.00274 -0.00037 -0.00009 -0.00059 0.10217 0.11824 0.00109 -0.00122 0.11054 0.06946 -0.00950 -0.00049 0.8059427 -0.4758283 -0.3506063 0.0334526 -0.4496593 0.0717815 0.8282796 -0.3265069
0.68256 -0.10802 2.01083 -0.2937 -0.05763 1.92547 -0.00473 -0.00174 -0.00368 -0.00104 -0.00066 -0.00132 0.09940 0.11934 -0.00277 0.00110 0.11694 0.06739 0.00640 -0.00207 0.8169799 -0.4790366 -0.3168418 0.0517584 -0.44004 0.0769218 0.8250172 -0.3461133
0.68071 -0.10916 2.00918 -0.29494 -0.05787 1.92908 -0.00185 -0.00114 -0.00165 -0.00124 -0.00024 0.00361 0.10316 0.12043 0.00376 0.00109 0.10883 0.06609 -0.00811 -0.00130 0.8273272 -0.4869582 -0.2760424 0.0469254 -0.4535299 0.0639782 0.8275563 -0.3246047
0.65258 -0.09342 1.96986 -0.2944 -0.05688 1.91367 -0.02813 0.01574 -0.03932 0.00054 0.00099 -0.01541 0.10597 0.11443 0.00281 -0.00600 0.10678 0.06465 -0.00205 -0.00144 0.8407006 -0.442576 -0.2905826 0.1136247 -0.4517589 0.046382 0.8262522 -0.3332716
0.63586 -0.08481 1.95013 -0.29281 -0.05776 1.90835 -0.01672 0.00861 -0.01973 0.00159 -0.00088 -0.00532 0.10386 0.11305 -0.00211 -0.00138 0.10230 0.06189 -0.00448 -0.00276 0.8601541 -0.4319676 -0.2493465 0.1066083 -0.4975513 0.0927422 0.7921159 -0.3411658
0.61546 -0.07394 1.93402 -0.29244 -0.05675 1.90859 -0.02040 0.01087 -0.01611 0.00037 0.00101 0.00024 0.10384 0.11147 -0.00002 -0.00158 0.10169 0.08389 -0.00061 0.02200 0.8735495 -0.4142834 -0.2264021 0.1184176 -0.5463318 0.1109489 0.7669454 -0.3178156
0.59035 -0.06298 1.91875 -0.29045 -0.0527 1.90984 -0.02511 0.01096 -0.01527 0.00199 0.00405 0.00125 0.10303 0.11075 -0.00081 -0.00072 0.11329 0.07859 0.01160 -0.00530 0.8835778 -0.3711821 -0.243908 0.1484016 -0.5098515 0.1345039 0.7993728 -0.2880334
0.54357 -0.03766 2.08492 -0.31724 -0.05419 2.13659 -0.04678 0.02532 0.16617 -0.02679 -0.00149 0.22675 0.11773 0.11755 0.01470 0.00680 0.11608 0.09216 0.00279 0.01357 0.9391164 -0.251886 -0.2095578 0.1034374 -0.4188434 0.2555059 0.8175403 -0.3015209
0.49773 -0.03186 2.06714 -0.31375 -0.05317 2.13698 -0.04584 0.00580 -0.01778 0.00349 0.00102 0.00039 0.12357 0.11379 0.00584 -0.00376 0.11388 0.09406 -0.00220 0.00190 0.9286858 -0.2762426 -0.1529519 0.1945207 -0.4139134 0.2656814 0.8184654 -0.2969905
0.4225 -0.01681 1.93881 -0.29499 -0.05154 2.02052 -0.07523 0.01505 -0.12833 0.01876 0.00163 -0.11646 0.11624 0.11392 -0.00733 0.00013 0.12590 0.06705 0.01202 -0.02701 0.8556057 -0.4402453 -0.1269246 0.2408592 -0.4664794 0.1315382 0.8718186 -0.070901
0.38363 -0.0215 1.93805 -0.29345 -0.05095 2.03503 -0.03887 -0.00469 -0.00076 0.00154 0.00059 0.01451 0.11902 0.10995 0.00278 -0.00397 0.11669 0.08346 -0.00921 0.01641 0.9317583 -0.2387936 -0.1595999 0.2221079 -0.4808705 0.1602532 0.8618912 -0.0150349
0.31087 -0.02038 2.02058 -0.30308 -0.04318 2.14801 -0.07276 0.00112 0.08253 -0.00963 0.00777 0.11298 0.11869 0.11759 -0.00033 0.00764 0.13580 0.10261 0.01911 0.01915 0.9488288 -0.1402901 -0.0949356 0.2665144 -0.3844822 0.2687309 0.838325 -0.2777919
0.26851 -0.02329 2.01968 -0.30172 -0.04264 2.15262 -0.04236 -0.00291 -0.00090 0.00136 0.00054 0.00461 0.11903 0.11889 0.00034 0.00130 0.08402 0.09504 -0.05178 -0.00757 0.8809515 -0.0652493 -0.1892992 0.4287574 -0.4212597 0.2817006 0.8212384 -0.2622071
0.218 -0.02087 1.93761 -0.28934 -0.04564 2.07087 -0.05051 0.00242 -0.08207 0.01238 -0.00300 -0.08175 0.11275 0.12047 -0.00628 0.00158 0.08761 0.07538 0.00359 -0.01966 0.8969718 -0.0146687 -0.1685574 0.4084296 -0.2387872 -0.1628755 0.9009383 0.3236701
0.19696 -0.01582 2.11151 -0.31272 -0.03948 2.25764 -0.02104 0.00505 0.17390 -0.02338 0.00616 0.18677 0.11980 0.13233 0.00705 0.01186 0.11952 0.10842 0.03191 0.03304 0.8509678 -0.4091967 0.1600145 0.2877622 -0.4258378 0.2751367 0.8247489 -0.2505019
0.15772 -0.02716 2.03863 -0.30068 -0.03765 2.17945 -0.03924 -0.01134 -0.07288 0.01204 0.00183 -0.07819 0.11849 0.12726 -0.00131 -0.00507 0.10257 0.09849 -0.01695 -0.00993 0.9154471 -0.1543162 -0.187842 0.3207157 -0.4079957 0.2705607 0.832873 -0.258184
0.09606 -0.03472 2.03873 -0.29937 -0.03736 2.17412 -0.06166 -0.00756 0.00010 0.00131 0.00029 -0.00533 0.11654 0.12701 -0.00195 -0.00025 0.09965 0.09409 -0.00292 -0.00440 0.8200263 0.0880934 -0.1940909 0.5311544 -0.4309193 0.2781336 0.8209866 -0.250861
0.05152 -0.04977 2.14083 -0.31238 -0.0385 2.27546 -0.04454 -0.01505 0.10210 -0.01301 -0.00114 0.10134 0.12448 0.13366 0.00794 0.00665 0.12090 0.10101 0.02125 0.00692 0.8121081 -0.1533223 -0.2614524 0.4986135 -0.4009922 0.2661803 0.8397034 -0.2514983
0.02836 -0.05879 2.03703 -0.2963 -0.03639 2.15891 -0.02316 -0.00902 -0.10380 0.01608 0.00211 -0.11655 0.12835 0.12556 0.00387 -0.00810 0.11044 0.09660 -0.01046 -0.00441 0.5325062 0.0878435 -0.2324529 0.8091268 -0.3823856 0.2618503 0.8478444 -0.2576344
0.0072 -0.06544 2.05441 -0.29836 -0.03741 2.17294 -0.02116 -0.00665 0.01738 -0.00206 -0.00102 0.01403 0.12772 0.12863 -0.00063 0.00307 0.10963 0.07624 -0.00081 -0.02036 0.6387174 0.1883491 -0.2404463 0.7062227 -0.3343332 0.2465146 0.8694763 -0.2673255
-0.01398 -0.07086 2.0693 -0.3007 -0.04242 2.18414 -0.02118 -0.00542 0.01489 -0.00234 -0.00501 0.01120 0.12823 0.12594 0.00051 -0.00269 0.10875 0.10386 -0.00088 0.02762 0.6939986 0.1902658 -0.2563297 0.6453372 -0.377107 0.2635136 0.8502342 -0.2558376
-0.03186 -0.06986 1.93503 -0.2667 0.09163 2.01543 -0.01788 0.00100 -0.13427 0.03400 0.13405 -0.16871 0.11770 0.03709 -0.01053 -0.08885 0.10555 0.04888 -0.00320 -0.05498 0.8414959 -0.0182152 -0.3165612 0.4374264 -0.344914 0.2049838 0.9078193 -0.1219835
-0.05023 -0.07279 1.97489 -0.28937 -0.08522 2.08961 -0.01837 -0.00293 0.03986 -0.02267 -0.17685 0.07418 0.11672 0.10203 -0.00098 0.06494 0.11466 0.10956 0.00911 0.06068 0.819109 2.86E-05 -0.3126168 0.480969 0.2720152 0.3450035 0.0959651 0.8931803
-0.08935 -0.07862 1.96784 -0.22334 0.02249 2.00736 -0.03912 -0.00583 -0.00705 0.06603 0.10771 -0.08225 0.10793 0.12681 -0.00879 0.02478 0.05395 0.08422 -0.06071 -0.02534 0.8620908 -0.1195191 -0.0110262 0.4923343 0.8384828 -0.3854418 -0.3631213 -0.128546
-0.13838 -0.04734 1.96174 -0.24304 0.01738 2.00912 -0.04903 0.03128 -0.00610 -0.01970 -0.00511 0.00176 0.14489 0.13131 0.03696 0.00450 0.09441 0.05897 0.04046 -0.02525 0.7146818 0.1786774 -0.5370328 0.4109746 0.8688415 -0.2602063 -0.4166481 0.0617374
-0.2076 -0.01335 1.99486 -0.24246 0.01348 2.01373 -0.06922 0.03399 0.03312 0.00058 -0.00390 0.00461 0.13127 0.10862 -0.01362 -0.02269 0.04387 0.08028 -0.05054 0.02131 0.8687775 0.1055435 -0.1748182 0.4511371 0.8341544 -0.2772827 -0.4765084 0.0155045
-0.20645 -0.01534 1.96509 -0.23662 0.01271 1.98061 0.00115 -0.00199 -0.02977 0.00584 -0.00077 -0.03312 0.13152 0.09745 0.00025 -0.01117 0.05091 0.07884 0.00704 -0.00144 0.8014202 0.1585938 -0.4064723 0.4090891 0.8120305 -0.2861675 -0.5085188 -0.0111061
-0.2041 -0.01771 1.96244 -0.23496 0.01091 1.97755 0.00235 -0.00237 -0.00265 0.00166 -0.00180 -0.00306 0.13333 0.09229 0.00181 -0.00516 0.06407 0.06187 0.01316 -0.01697 -0.4780998 -0.3302692 0.7650558 -0.2775472 0.8493512 -0.3052223 -0.4269648 -0.0560626
-0.20802 -0.01771 1.96205 -0.23893 0.00843 1.97472 -0.00392 0.00000 -0.00039 -0.00397 -0.00248 -0.00283 0.13032 0.09658 -0.00301 0.00429 0.05660 0.06325 -0.00747 0.00138 0.7859021 0.1564138 -0.4415089 0.4036861 0.8235582 -0.2491927 -0.5003732 -0.0963407
-0.20701 -0.02232 1.96678 -0.23432 0.00106 1.9772 0.00101 -0.00461 0.00473 0.00461 -0.00737 0.00248 0.13868 0.09131 0.00836 -0.00527 0.09938 0.07474 0.04278 0.01149 -0.3678456 -0.3596485 0.8230957 -0.2405329 0.7996413 -0.2815855 -0.5021069 -0.1707982
-0.26293 -0.03269 1.96028 -0.12179 -0.10931 1.92019 -0.05592 -0.01037 -0.00650 0.11253 -0.11037 -0.05701 0.11068 0.09030 -0.02800 -0.00101 0.08363 0.08065 -0.01575 0.00591 0.7202758 0.3306183 -0.4020541 0.4585269 -0.296396 0.4788984 0.6480181 0.5127164
-0.26568 -0.04218 1.95624 -0.15551 -0.07884 1.91839 -0.00275 -0.00949 -0.00404 -0.03372 0.03047 -0.00180 0.11318 0.14108 0.00250 0.05078 0.10524 0.12512 0.02161 0.04447 0.759117 0.260662 -0.3463786 0.4856115 0.7133375 -0.1250548 -0.424058 -0.5437698
-0.25391 -0.04922 1.97099 -0.16759 -0.09851 1.94023 0.01177 -0.00704 0.01475 -0.01208 -0.01967 0.02184 0.11211 0.06907 -0.00107 -0.07201 0.04883 0.06763 -0.05641 -0.05749 0.8198017 0.1438249 -0.2631476 0.4878452 -0.1743096 0.7243133 0.5094397 0.430648
-0.26434 -0.0371 1.96291 -0.20024 -0.01848 1.95371 -0.01043 0.01212 -0.00808 -0.03265 0.08003 0.01348 0.09714 0.08432 -0.01497 0.01525 0.03925 0.07421 -0.00958 0.00658 0.833976 0.188497 -0.2629286 0.4470139 0.8442549 -0.3906024 -0.3068674 -0.2012358
-0.04255 0.00405 1.94464 -0.32342 -0.04178 2.03979 0.22179 0.04115 -0.01827 -0.12318 -0.02330 0.08608 0.07221 0.11248 -0.02493 0.02816 0.08501 0.08569 0.04576 0.01148 0.9800662 0.1346442 -0.1324467 0.0616368 -0.0383477 0.9579814 -0.095039 -0.2678968
0.03797 -0.03731 2.04167 -0.34944 -0.05821 2.15762 0.08052 -0.04136 0.09703 -0.02602 -0.01643 0.11783 0.09950 0.11762 0.02729 0.00514 0.11682 0.09898 0.03181 0.01329 0.9777136 -0.0253746 0.0013711 0.2083998 0.6418838 0.7144222 -0.2776505 -0.0222799
0.11578 -0.09719 2.1458 -0.37198 -0.06823 2.26084 0.07781 -0.05988 0.10413 -0.02254 -0.01002 0.10322 0.13381 0.10824 0.03431 -0.00938 0.09983 0.08301 -0.01699 -0.01597 0.8704697 -0.3561812 -0.1797343 0.2882934 0.5793626 0.7313809 -0.3566439 -0.0471784
0.1738 -0.127 2.02198 -0.35415 -0.08445 2.1266 0.05802 -0.02981 -0.12382 0.01783 -0.01622 -0.13424 0.12061 0.09224 -0.01320 -0.01600 0.11706 0.07650 0.01723 -0.00651 0.5988344 0.7575535 0.2008282 0.164858 0.2304151 0.8322022 -0.4643568 -0.1967768
0.25403 -0.16433 1.89277 -0.34076 -0.14712 1.98596 0.08023 -0.03733 -0.12921 0.01339 -0.06267 -0.14064 0.03374 0.06858 -0.08687 -0.02366 0.01583 0.07045 -0.10123 -0.00605 -0.6047788 0.6410182 0.4478046 0.1510275 -0.5965249 0.768151 -0.2325796 -0.0029754
0.40019 -0.31083 2.04125 -0.35708 -0.22612 2.12829 0.14616 -0.14650 0.14848 -0.01632 -0.07900 0.14233 0.11519 0.09441 0.08145 0.02583 0.09509 0.07281 0.07926 0.00236 0.4955798 0.8656973 0.0655159 0.0260081 0.8023502 -0.5048999 0.2732577 -0.1632193
0.4446 -0.35866 1.93031 -0.3223 -0.26275 1.99969 0.04441 -0.04783 -0.11094 0.03478 -0.03663 -0.12860 0.10613 0.07291 -0.00906 -0.02150 0.09226 0.08447 -0.00283 0.01166 0.5150957 0.8502063 -0.1086134 0.0053818 0.1076691 0.9004703 -0.0254205 -0.420612
0.49301 -0.4074 1.90773 -0.30388 -0.32251 1.96272 0.04841 -0.04874 -0.02258 0.01842 -0.05976 -0.03697 0.11595 0.07802 0.00982 0.00511 0.06230 0.08662 -0.02996 0.00215 0.8266291 -0.1847532 -0.1542872 -0.5086708 0.1875547 0.8820665 -0.2830118 -0.3266285
0.57356 -0.47436 2.00934 -0.30161 -0.39389 2.0479 0.08055 -0.06696 0.10161 0.00227 -0.07138 0.08518 0.12276 0.08978 0.00681 0.01176 0.06228 0.09469 -0.00002 0.00807 0.673078 -0.6914442 0.0711059 -0.2526162 0.7580619 -0.5338842 0.3669916 -0.0750139
0.62082 -0.5312 1.94236 -0.24495 -0.44736 1.92176 0.04726 -0.05684 -0.06698 0.05666 -0.05347 -0.12614 0.11067 0.07112 -0.01209 -0.01866 0.06093 0.06907 -0.00135 -0.02562 0.7106436 0.0141432 0.066412 -0.7002678 0.642511 -0.6531821 0.2129498 -0.3393894
0.65418 -0.57259 1.98966 -0.22906 -0.47166 1.92019 0.03336 -0.04139 0.04730 0.01589 -0.02430 -0.00157 0.12125 0.05292 0.01058 -0.01820 0.08574 0.06329 0.02481 -0.00578 -0.4418839 0.2293676 -0.4026068 0.7681385 -0.6107597 0.7269355 -0.0085699 0.3137898
0.65417 -0.58707 1.9763 -0.1683 -0.66233 1.84824 -0.00001 -0.01448 -0.01336 0.06076 -0.19067 -0.07195 0.12302 0.10238 0.00177 0.04946 0.10931 0.06067 0.02357 -0.00262 -0.4425221 0.2884279 -0.2419373 0.8139103 -0.3743483 0.7394261 -0.0880323 0.5525963
0.66552 -0.61113 2.0013 -0.17919 -0.65705 1.89928 0.01135 -0.02406 0.02500 -0.01089 0.00528 0.05104 0.13613 0.12277 0.01311 0.02039 0.09498 0.08183 -0.01433 0.02116 -0.446039 0.3583402 -0.2018162 0.7949288 -0.3897115 0.7559971 -0.0782182 0.5200724
0.67153 -0.62891 2.01611 -0.17576 -0.65397 1.89261 0.00601 -0.01778 0.01481 0.00343 0.00308 -0.00667 0.13464 0.07407 -0.00149 -0.04870 0.09975 0.07837 0.00477 -0.00346 -0.3759114 0.1521207 -0.2870341 0.8678488 -0.3951289 0.7245586 -0.1171552 0.5524153
0.6689 -0.64291 2.02632 -0.1587 -0.64078 1.87971 -0.00263 -0.01400 0.01021 0.01706 0.01319 -0.01290 0.10334 0.07753 -0.03130 0.00346 0.06173 0.07517 -0.03802 -0.00320 -0.4120304 0.3263178 -0.2506366 0.8129755 -0.4167192 0.6651272 -0.150741 0.6010227
0.67313 -0.65571 2.02711 -0.14034 -0.63628 1.85708 0.00423 -0.01280 0.00079 0.01836 0.00450 -0.02263 0.10752 0.11773 0.00418 0.04020 0.08030 0.06568 0.01857 -0.00949 -0.423417 0.3403236 -0.2495523 0.8016368 -0.437056 0.6729503 -0.1455233 0.5787425
0.67224 -0.66247 2.03054 -0.11927 -0.598 1.90768 -0.00089 -0.00676 0.00343 0.02107 0.03828 0.05060 0.11543 0.09902 0.00791 -0.01871 0.07566 0.08735 -0.00464 0.02167 -0.4039706 0.3396569 -0.2219669 0.8198607 -0.5870678 0.3199516 0.0562322 0.7414987
0.6758 -0.6738 2.03359 -0.11661 -0.59684 1.89184 0.00356 -0.01133 0.00305 0.00266 0.00116 -0.01584 0.12623 0.10476 0.01080 0.00574 0.08222 0.05933 0.00656 -0.02802 -0.3977691 0.3278048 -0.2249875 0.8268642 -0.6180478 0.456767 -0.0283101 0.6392021
0.68523 -0.70325 1.98314 -0.11154 -0.58873 1.8496 0.00943 -0.02945 -0.05045 0.00507 0.00811 -0.04224 0.12038 0.10196 -0.00585 -0.00280 0.13043 0.05635 0.04821 -0.00298 -0.2563189 -0.0265252 -0.4629465 0.8481024 -0.5899104 0.4736993 -0.0647266 0.6507112
0.68157 -0.70969 1.96491 -0.10043 -0.58777 1.85463 -0.00366 -0.00644 -0.01823 0.01111 0.00096 0.00503 0.10958 0.09266 -0.01080 -0.00930 0.12447 0.09087 -0.00596 0.03452 -0.2437117 -0.0194211 -0.4353906 0.8664078 -0.505335 0.2464166 0.0766304 0.8234338
0.6789 -0.71555 1.95642 -0.10499 -0.62331 1.78456 -0.00267 -0.00586 -0.00849 -0.00456 -0.03554 -0.07007 0.10107 0.11670 -0.00851 0.02404 0.11488 0.06232 -0.00959 -0.02855 -0.2333659 -0.0043077 -0.4285528 0.8728484 -0.3785254 0.4880442 -0.2541612 0.744267
0.66721 -0.71169 1.93782 -0.10368 -0.62364 1.7812 -0.01169 0.00386 -0.01860 0.00131 -0.00033 -0.00336 0.11424 0.11970 0.01317 0.00300 0.12240 0.05999 0.00752 -0.00233 -0.2157632 0.0165072 -0.4492888 0.8667833 -0.3794093 0.4982735 -0.2451645 0.740045
0.6625 -0.7121 1.93337 -0.10239 -0.62488 1.77612 -0.00471 -0.00041 -0.00445 0.00129 -0.00124 -0.00508 0.10671 0.11646 -0.00753 -0.00324 0.12223 0.05928 -0.00017 -0.00071 -0.2075942 0.0296331 -0.454739 0.8655859 -0.3782075 0.4944131 -0.2508162 0.7413541
0.66153 -0.71229 1.93074 -0.10209 -0.62549 1.77399 -0.00097 -0.00019 -0.00263 0.00030 -0.00061 -0.00213 0.10583 0.11857 -0.00088 0.00211 0.11796 0.05847 -0.00427 -0.00081 -0.2424159 0.070289 -0.4420582 0.8607431 -0.3769783 0.4953507 -0.2512329 0.7412133
0.66248 -0.71622 1.93104 -0.10241 -0.6254 1.77532 0.00095 -0.00393 0.00030 -0.00032 0.00009 0.00133 0.10710 0.11654 0.00127 -0.00203 0.11612 0.05875 -0.00184 0.00028 -0.2670752 0.0866244 -0.4150681 0.8653818 -0.3756146 0.5003074 -0.2462146 0.7402598
0.6611 -0.71693 1.93271 -0.10199 -0.6265 1.7753 -0.00138 -0.00071 0.00167 0.00042 -0.00110 -0.00002 0.10492 0.11862 -0.00218 0.00208 0.12739 0.05830 0.01127 -0.00045 -0.2477749 0.0425982 -0.4265123 0.8688384 -0.3743455 0.4991081 -0.2467174 0.7415437
0.67585 -0.73414 1.98068 -0.13393 -0.61435 1.86298 0.01475 -0.01721 0.04797 -0.03194 0.01215 0.08768 0.10999 0.10778 0.00507 -0.01084 0.11431 0.07188 -0.01308 0.01358 -0.2671732 0.0686178 -0.412514 0.8681833 -0.4804909 0.7160383 -0.11927 0.4921303
0.66546 -0.72158 1.94799 -0.10305 -0.63106 1.78878 -0.01039 0.01256 -0.03269 0.03088 -0.01671 -0.07420 0.10873 0.11819 -0.00126 0.01041 0.11367 0.05914 -0.00064 -0.01274 -0.284491 0.0836887 -0.4045762 0.8650891 -0.3737526 0.4995054 -0.2494301 0.7406672
0.68367 -0.74145 2.00156 -0.13449 -0.6194 1.88247 0.01821 -0.01987 0.05357 -0.03144 0.01166 0.09369 0.11110 0.10919 0.00237 -0.00900 0.11848 0.07106 0.00481 0.01192 -0.2756854 0.0533918 -0.4082444 0.8686101 -0.4752776 0.7197753 -0.1108087 0.4937166
0.66595 -0.72171 1.95427 -0.10275 -0.63164 1.79335 -0.01772 0.01974 -0.04729 0.03174 -0.01224 -0.08912 0.10344 0.12020 -0.00766 0.01101 0.11049 0.05819 -0.00799 -0.01287 -0.2877963 0.0682123 -0.4015558 0.8667603 -0.3729917 0.4965681 -0.2486195 0.7432938
0.66502 -0.72035 1.95123 -0.10293 -0.63196 1.78859 -0.00093 0.00136 -0.00304 -0.00018 -0.00032 -0.00476 0.10469 0.11556 0.00125 -0.00464 0.11682 0.06251 0.00633 0.00432 -0.2884026 0.0658644 -0.4028251 0.8661513 -0.3705849 0.4935552 -0.251221 0.745626
0.66414 -0.71909 1.9498 -0.10219 -0.63137 1.78755 -0.00088 0.00126 -0.00143 0.00074 0.00059 -0.00104 0.10663 0.11592 0.00194 0.00036 0.11714 0.05965 0.00032 -0.00286 -0.2895097 0.0708611 -0.4081859 0.8628715 -0.368548 0.4936889 -0.2499022 0.746989
0.67107 -0.72114 1.94902 -0.10159 -0.63235 1.78526 0.00693 -0.00205 -0.00078 0.00060 -0.00098 -0.00229 0.10900 0.11745 0.00237 0.00153 0.11713 0.05765 -0.00001 -0.00200 -0.2960491 0.0243943 -0.4047392 0.8648388 -0.3682332 0.497248 -0.2494724 0.7449243
0.67084 -0.72215 1.95006 -0.1016 -0.63395 1.78807 -0.00023 -0.00101 0.00104 -0.00001 -0.00160 0.00281 0.11008 0.11798 0.00108 0.00053 0.12369 0.05826 0.00656 0.00061 -0.2819572 0.0078754 -0.4156865 0.8646634 -0.362304 0.4883077 -0.2516699 0.7529634
0.68675 -0.73977 2.00587 -0.13953 -0.61878 1.89175 0.01591 -0.01762 0.05581 -0.03793 0.01517 0.10368 0.11132 0.10580 0.00124 -0.01218 0.12541 0.07442 0.00172 0.01616 -0.2743482 0.0167076 -0.4344107 0.8577536 -0.4765346 0.7298405 -0.1128163 0.4769906
0.66948 -0.71812 1.94409 -0.10178 -0.63269 1.78302 -0.01727 0.02165 -0.06178 0.03775 -0.01391 -0.10873 0.11012 0.12138 -0.00120 0.01558 0.12275 0.05891 -0.00266 -0.01551 -0.2985485 0.042343 -0.424231 0.8538758 -0.3638964 0.5009527 -0.2487045 0.7448301
]
