classifier_Car_man_bumps_into_each_other_1336 [ 0.51411 -0.67927 1.66155 -0.15913 -0.55133 1.71609 0.51411 -0.67927 1.66155 -0.15913 -0.55133 1.71609 0.10484 0.09387 0.10484 0.09387 0.13568 0.07408 0.13568 0.07408 -0.3743413 0.2900773 -0.4556294 0.7537411 -0.3987651 0.5913683 0.5055217 -0.4855077
0.51268 -0.67852 1.65834 -0.15749 -0.55615 1.72315 -0.00143 0.00075 -0.00321 0.00164 -0.00482 0.00706 0.10443 0.10071 -0.00041 0.00684 0.13079 0.07670 -0.00489 0.00262 -0.3684484 0.2858094 -0.4642236 0.7530307 -0.3621269 0.5785084 0.5521365 -0.4788919
0.51297 -0.67871 1.65884 -0.15603 -0.55532 1.72018 0.00029 -0.00019 0.00050 0.00146 0.00083 -0.00297 0.10940 0.09836 0.00497 -0.00235 0.13518 0.07760 0.00439 0.00090 -0.3749508 0.2950195 -0.4581942 0.7499556 -0.3637337 0.5848863 0.5429724 -0.4804028
0.51928 -0.68593 1.67963 -0.15702 -0.5598 1.73467 0.00631 -0.00722 0.02079 -0.00099 -0.00448 0.01449 0.10079 0.09590 -0.00861 -0.00246 0.13497 0.07516 -0.00021 -0.00244 -0.3628177 0.2763535 -0.451783 0.766736 -0.3939241 0.6059211 0.519974 -0.4553135
0.51512 -0.68149 1.66788 -0.15667 -0.55422 1.72875 -0.00416 0.00444 -0.01175 0.00035 0.00558 -0.00592 0.10371 0.09938 0.00292 0.00348 0.07566 0.07438 -0.05931 -0.00078 -0.4140957 0.3671845 -0.4141715 0.7226079 -0.5849967 0.7428865 0.2939835 -0.139543
0.51286 -0.67997 1.66668 -0.1559 -0.55182 1.72479 -0.00226 0.00152 -0.00120 0.00077 0.00240 -0.00396 0.11273 0.10140 0.00902 0.00202 0.08672 0.07507 0.01106 0.00069 -0.4794839 0.4889635 -0.3352889 0.6469862 -0.3785843 0.5917767 0.5356367 -0.4685802
0.51213 -0.67875 1.66416 -0.15574 -0.55034 1.72183 -0.00073 0.00122 -0.00252 0.00016 0.00148 -0.00296 0.12000 0.10140 0.00727 0.00000 0.13832 0.07171 0.05160 -0.00336 -0.3999599 0.342894 -0.4268572 0.7350162 -0.3928681 0.6035323 0.5263723 -0.4520351
0.50112 -0.67426 1.68846 -0.15053 -0.53248 1.77497 -0.01101 0.00449 0.02430 0.00521 0.01786 0.05314 0.12948 0.10242 0.00948 0.00102 0.13465 0.07508 -0.00367 0.00337 -0.3912697 0.3688598 -0.4114864 0.7358867 -0.3110607 0.6347113 0.629736 -0.3222039
0.49553 -0.67147 1.68981 -0.15995 -0.51707 1.75304 -0.00559 0.00279 0.00135 -0.00942 0.01541 -0.02193 0.13038 0.08562 0.00090 -0.01680 0.09924 0.07747 -0.03541 0.00239 -0.4675682 0.5334135 -0.3251286 0.625413 -0.5267215 0.595405 0.5426132 -0.2713451
0.4751 -0.65807 1.70058 -0.16385 -0.5129 1.68982 -0.02043 0.01340 0.01077 -0.00390 0.00417 -0.06322 0.13453 0.09751 0.00415 0.01189 0.13457 0.06671 0.03533 -0.01076 -0.2716964 0.3098901 -0.5271606 0.7431359 -0.4711239 0.5484909 0.5148172 -0.4606117
0.45679 -0.64039 1.73446 -0.16313 -0.52625 1.74048 -0.01831 0.01768 0.03388 0.00072 -0.01335 0.05066 0.15705 0.08714 0.02252 -0.01037 0.15527 0.08892 0.02070 0.02221 -0.326617 0.2361651 -0.6303859 0.6634464 -0.6156686 0.7676324 0.1775548 0.0129243
0.41306 -0.56038 1.60634 -0.15562 -0.41421 1.65004 -0.04373 0.08001 -0.12812 0.00751 0.11204 -0.09044 0.09301 0.07889 -0.06404 -0.00825 0.07095 0.05822 -0.08432 -0.03070 0.5483772 -0.4668791 0.4284886 -0.5456225 0.6462545 -0.5763352 0.3661986 -0.3407218
0.3784 -0.53863 1.61617 -0.15135 -0.36128 1.68362 -0.03466 0.02175 0.00983 0.00427 0.05293 0.03358 0.06116 0.03399 -0.03185 -0.04490 0.05839 0.05926 -0.01256 0.00104 -0.504814 0.4017838 -0.5655717 0.5136743 0.9301845 -0.2184273 0.2835897 -0.0813833
0.35101 -0.52784 1.6839 -0.15509 -0.32216 1.76873 -0.02739 0.01079 0.06773 -0.00374 0.03912 0.08511 0.06242 0.03983 0.00126 0.00584 0.04576 0.06938 -0.01263 0.01012 0.6962401 -0.4043833 0.5371605 -0.251361 0.9061016 -0.2389087 0.2354314 -0.2578265
0.29591 -0.45983 1.62322 -0.14477 -0.26923 1.72044 -0.05510 0.06801 -0.06068 0.01032 0.05293 -0.04829 0.07675 0.03726 0.01433 -0.00257 0.05260 0.06965 0.00684 0.00027 -0.0194382 -0.4680549 0.5372383 -0.7013715 0.9352129 -0.2175718 0.2343517 -0.1520485
0.25483 -0.40204 1.6092 -0.14038 -0.24318 1.7094 -0.04108 0.05779 -0.01402 0.00439 0.02605 -0.01104 0.08130 0.04202 0.00455 0.00476 0.04696 0.06973 -0.00564 0.00008 -0.2244374 0.4077308 -0.4274588 0.7750242 0.9930784 -0.0140148 0.112879 -0.0292793
0.21142 -0.28109 1.75342 -0.13533 -0.27063 1.77073 -0.04341 0.12095 0.14422 0.00505 -0.02745 0.06133 0.04496 0.03832 -0.03634 -0.00370 0.06087 0.07249 0.01391 0.00276 -0.1653303 -0.2809466 0.9450439 0.0250378 0.974946 -0.1222764 0.0862591 -0.1645851
0.17468 -0.11445 1.78199 -0.11449 -0.42665 1.73213 -0.03674 0.16664 0.02857 0.02084 -0.15602 -0.03860 0.05154 0.03523 0.00658 -0.00309 0.05506 0.05859 -0.00581 -0.01390 -0.2053088 -0.2439515 0.8624466 -0.3930927 -0.4320531 0.83235 0.0214736 0.3465002
0.18856 -0.12743 1.79263 -0.10281 -0.4916 1.76944 0.01388 -0.01298 0.01064 0.01168 -0.06495 0.03731 0.04468 0.06862 -0.00686 0.03339 0.05380 0.10016 -0.00126 0.04157 -0.0109271 0.2980851 -0.4907115 0.8186746 0.73682 -0.5210248 0.0520363 -0.4276933
0.18417 -0.22427 1.75792 -0.10261 -0.22634 1.77588 -0.00439 -0.09684 -0.03471 0.00020 0.26526 0.00644 0.04537 0.03583 0.00069 -0.03279 0.05323 0.07342 -0.00057 -0.02674 0.0678544 -0.3275256 0.7543282 -0.5648997 0.9712401 -0.0814728 0.1505685 -0.1654812
0.18838 -0.44644 1.72834 -0.09844 -0.15088 1.78454 0.00421 -0.22217 -0.02958 0.00417 0.07546 0.00866 0.04454 0.02095 -0.00083 -0.01488 0.15588 0.02826 0.10265 -0.04516 -0.3040431 -0.0895257 0.7224489 -0.6145002 0.8617094 0.0660391 0.4046153 -0.2989685
0.1823 -0.44482 1.75348 -0.12761 -0.14359 1.81827 -0.00608 0.00162 0.02514 -0.02917 0.00729 0.03373 0.04022 0.04660 -0.00432 0.02565 0.06777 0.04751 -0.08811 0.01925 -0.1736555 -0.2250421 0.7737375 -0.5661537 0.3682327 -0.1005845 0.9180333 0.1072486
0.17763 -0.4047 1.76287 -0.13422 -0.13341 1.83264 -0.00467 0.04012 0.00939 -0.00661 0.01018 0.01437 0.04287 0.04659 0.00265 -0.00001 0.04371 0.05065 -0.02406 0.00314 0.1260339 -0.3672005 0.8506593 -0.3544827 0.2290129 -0.5390871 0.8001768 -0.1290554
0.173 -0.34017 1.76451 -0.13444 -0.15067 1.83058 -0.00463 0.06453 0.00164 -0.00022 -0.01726 -0.00206 0.04414 0.04652 0.00127 -0.00007 0.04576 0.05268 0.00205 0.00203 0.1907402 -0.3907821 0.8552916 -0.2817513 0.5517541 0.0962477 -0.4708255 0.6816357
0.18678 -0.28189 1.8639 -0.13657 -0.20837 1.91333 0.01378 0.05828 0.09939 -0.00213 -0.05770 0.08275 0.04546 0.04893 0.00132 0.00241 0.04594 0.05746 0.00018 0.00478 0.1737466 -0.3320201 0.9120493 -0.1665559 -0.1681107 0.3114625 0.8406303 -0.4099641
0.19672 -0.15098 1.80263 -0.11203 -0.35421 1.76501 0.00994 0.13091 -0.06127 0.02454 -0.14584 -0.14832 0.04898 0.03935 0.00352 -0.00958 0.05207 0.04962 0.00613 -0.00784 -0.0009514 0.348062 -0.5152145 0.7832024 -0.0365541 -0.3470737 -0.470532 0.810434
0.20621 -0.12649 1.8192 -0.10886 -0.43662 1.76661 0.00949 0.02449 0.01657 0.00317 -0.08241 0.00160 0.05271 0.03950 0.00373 0.00015 0.05643 0.04643 0.00436 -0.00319 0.0326522 0.2968918 -0.5421655 0.7853952 -0.4996137 0.4367623 0.7202614 -0.20211
0.20869 -0.1286 1.81882 -0.1095 -0.5016 1.78401 0.00248 -0.00211 -0.00038 -0.00064 -0.06498 0.01740 0.04889 0.07275 -0.00382 0.03325 0.08522 0.09856 0.02879 0.05213 -0.4226143 0.8574331 -0.085049 -0.2810201 -0.0945136 0.4462857 0.7615386 -0.4603859
0.20487 -0.161 1.80962 -0.10303 -0.50033 1.78969 -0.00382 -0.03240 -0.00920 0.00647 0.00127 0.00568 0.04928 0.06743 0.00039 -0.00532 0.07512 0.10539 -0.01010 0.00683 0.89682 -0.2001687 -0.0203788 0.3939938 -0.068314 0.4816844 0.7592742 -0.4322222
0.19501 -0.21931 1.80665 -0.10148 -0.47217 1.7945 -0.00986 -0.05831 -0.00297 0.00155 0.02816 0.00481 0.04289 0.06831 -0.00639 0.00088 0.13623 0.12017 0.06111 0.01478 0.4995362 -0.3544239 -0.1156262 0.7819705 0.1360925 0.3149059 0.824367 -0.450258
0.18795 -0.3042 1.83541 -0.10463 -0.40883 1.81127 -0.00706 -0.08489 0.02876 -0.00315 0.06334 0.01677 0.04323 0.03529 0.00034 -0.03302 0.12514 0.05050 -0.01109 -0.06967 0.7917753 -0.2725476 -0.2196774 0.5005512 -0.2466099 0.3320408 0.8804476 -0.2318288
0.18815 -0.39427 1.8753 -0.11834 -0.36888 1.84182 0.00020 -0.09007 0.03989 -0.01371 0.03995 0.03055 0.05948 0.05591 0.01625 0.02062 0.11902 0.05385 -0.00612 0.00335 0.5383829 -0.1282847 -0.3100484 0.773018 -0.1507038 0.2973804 0.9231584 -0.1913943
0.18698 -0.45438 1.90071 -0.12687 -0.30558 1.84368 -0.00117 -0.06011 0.02541 -0.00853 0.06330 0.00186 0.06815 0.05294 0.00867 -0.00297 0.10630 0.05804 -0.01272 0.00419 0.6961428 0.0261259 -0.3041321 0.649774 -0.0193764 0.3133583 0.9347186 -0.1665302
0.17356 -0.46657 1.87028 -0.12602 -0.23738 1.7916 -0.01342 -0.01219 -0.03043 0.00085 0.06820 -0.05208 0.06967 0.04262 0.00152 -0.01032 0.09819 0.05908 -0.00811 0.00104 0.5722961 0.2858107 -0.2448715 0.7285791 0.0927469 0.2202609 0.9710172 0.0029346
0.18282 -0.51433 2.01803 -0.14216 -0.20425 1.93831 0.00926 -0.04776 0.14775 -0.01614 0.03313 0.14671 0.07584 0.06450 0.00617 0.02188 0.10428 0.06945 0.00609 0.01037 0.3185605 0.6828938 -0.5629178 0.3395566 -0.3314838 0.3575032 0.8408154 -0.2352436
0.17492 -0.52089 2.02215 -0.16155 -0.16266 1.93729 -0.00790 -0.00656 0.00412 -0.01939 0.04159 -0.00102 0.07224 0.07966 -0.00360 0.01516 0.09913 0.06227 -0.00515 -0.00718 0.3393593 0.6901159 -0.5396166 0.3426209 -0.3809522 0.2581343 0.8618465 -0.2132197
0.15962 -0.49325 1.91961 -0.17354 -0.11889 1.83831 -0.01530 0.02764 -0.10254 -0.01199 0.04377 -0.09898 0.06814 0.10339 -0.00410 0.02373 0.09479 0.05664 -0.00434 -0.00563 0.3525611 0.6621001 -0.5646194 0.3442803 0.3757 0.6335549 0.667545 0.1088182
0.17511 -0.5356 2.10549 -0.20043 -0.11212 2.02083 0.01549 -0.04235 0.18588 -0.02689 0.00677 0.18252 0.07415 0.11974 0.00601 0.01635 0.11482 0.12653 0.02003 0.06989 0.3586605 0.6515856 -0.5727791 0.3445619 0.4155421 -0.0487027 0.8431329 -0.3377568
0.16794 -0.52563 2.09845 -0.24158 -0.11726 2.00676 -0.00717 0.00997 -0.00704 -0.04115 -0.00514 -0.01407 0.07177 0.12271 -0.00238 0.00297 0.12065 0.11363 0.00583 -0.01290 0.3284473 0.6044243 -0.5288477 0.4971055 0.8318846 -0.3370044 -0.4133182 0.153506
0.17104 -0.53299 2.11745 -0.27812 -0.15582 2.01159 0.00310 -0.00736 0.01900 -0.03654 -0.03856 0.00483 0.07108 0.11776 -0.00069 -0.00495 0.12575 0.10268 0.00510 -0.01095 0.3021171 0.569658 -0.5513499 0.5293658 0.8149436 -0.3987787 -0.3615618 0.2147454
0.16178 -0.49515 1.96713 -0.30426 -0.24954 1.83216 -0.00926 0.03784 -0.15032 -0.02614 -0.09372 -0.17943 0.06570 0.06726 -0.00538 -0.05050 0.11708 0.06894 -0.00867 -0.03374 0.306074 0.5717775 -0.5665009 0.5083953 0.9600566 0.1500601 -0.1349098 -0.1938366
0.16357 -0.50251 1.99512 -0.31298 -0.28912 1.84986 0.00179 -0.00736 0.02799 -0.00872 -0.03958 0.01770 0.06379 0.06596 -0.00191 -0.00130 0.11677 0.07539 -0.00031 0.00645 -0.32834 -0.5650209 0.5730889 -0.4944828 0.9454417 -0.0198098 -0.2987516 -0.1284338
0.16307 -0.50168 1.99168 -0.30687 -0.3031 1.85098 -0.00050 0.00083 -0.00344 0.00611 -0.01398 0.00112 0.06481 0.05812 0.00102 -0.00784 0.11260 0.09113 -0.00417 0.01574 0.3218913 0.6029275 -0.5924239 0.4264953 0.9569917 -0.0744222 -0.2760829 -0.0490569
0.16345 -0.49833 1.98644 -0.30335 -0.30102 1.85651 0.00038 0.00335 -0.00524 0.00352 0.00208 0.00553 0.06463 0.06074 -0.00018 0.00262 0.11428 0.07415 0.00168 -0.01698 0.3240317 0.6160257 -0.5596589 0.4497753 0.9639634 0.0541508 -0.2366034 -0.1089088
0.16063 -0.49349 1.98106 -0.29771 -0.28935 1.85979 -0.00282 0.00484 -0.00538 0.00564 0.01167 0.00328 0.06662 0.05692 0.00199 -0.00382 0.11662 0.06623 0.00234 -0.00792 0.3368208 0.6252781 -0.5645831 0.4205056 -0.1441905 -0.0058581 0.9741806 0.1736285
0.16163 -0.49666 1.9771 -0.30367 -0.26575 1.85486 0.00100 -0.00317 -0.00396 -0.00596 0.02360 -0.00493 0.06845 0.06178 0.00183 0.00486 0.11336 0.07261 -0.00326 0.00638 0.3349692 0.6129475 -0.585765 0.4110601 0.9247496 0.1298811 -0.3577067 -0.0038825
0.1745 -0.52933 2.10936 -0.32297 -0.28015 1.97448 0.01287 -0.03267 0.13226 -0.01930 -0.01440 0.11962 0.07546 0.06836 0.00701 0.00658 0.12917 0.09487 0.01581 0.02226 0.3336194 0.6077672 -0.6038266 0.3933326 0.7803653 -0.4195002 -0.3623615 0.289385
0.16997 -0.52497 2.11065 -0.32207 -0.28126 1.9699 -0.00453 0.00436 0.00129 0.00090 -0.00111 -0.00458 0.07452 0.06854 -0.00094 0.00018 0.13132 0.09752 0.00215 0.00265 0.3409585 0.6264787 -0.5780469 0.3964007 0.7741516 -0.4352874 -0.3567454 0.289736
0.1709 -0.52084 2.10217 -0.32097 -0.28505 1.96282 0.00093 0.00413 -0.00848 0.00110 -0.00379 -0.00708 0.07682 0.06671 0.00230 -0.00183 0.13224 0.10062 0.00092 0.00310 0.3370266 0.6083769 -0.5889875 0.4115633 0.7781203 -0.4640469 -0.3186735 0.2786332
0.16119 -0.50401 2.08043 -0.31641 -0.2926 1.94833 -0.00971 0.01683 -0.02174 0.00456 -0.00755 -0.01449 0.08156 0.06358 0.00474 -0.00313 0.12106 0.09209 -0.01118 -0.00853 0.3340708 0.6091908 -0.5652119 0.4447682 0.8109574 -0.5416237 -0.133668 0.176422
0.14742 -0.47027 2.06713 -0.31339 -0.29588 1.93947 -0.01377 0.03374 -0.01330 0.00302 -0.00328 -0.00886 0.09630 0.06556 0.01474 0.00198 0.11649 0.05399 -0.00457 -0.03810 0.668573 0.284573 -0.2689636 0.632208 0.6793832 -0.4291902 -0.4515483 0.387735
0.10521 -0.41291 2.04659 -0.31372 -0.29915 1.9392 -0.04221 0.05736 -0.02054 -0.00033 -0.00327 -0.00027 0.08740 0.06045 -0.00890 -0.00511 0.09372 0.09189 -0.02277 0.03790 0.6585423 0.2844163 -0.2641515 0.6447118 0.7426044 -0.4798577 -0.3387208 0.321782
0.08819 -0.33447 2.01771 -0.30792 -0.29707 1.90546 -0.01702 0.07844 -0.02888 0.00580 0.00208 -0.03374 0.11766 0.05935 0.03026 -0.00110 0.05920 0.10274 -0.03452 0.01085 -0.2500485 -0.3006901 0.9013425 0.1861262 0.7505698 -0.4911011 -0.3168115 0.3083748
0.0941 -0.22228 1.98034 -0.30242 -0.29475 1.88017 0.00591 0.11219 -0.03737 0.00550 0.00232 -0.02529 0.10747 0.05809 -0.01019 -0.00126 0.09142 0.09063 0.03222 -0.01211 0.9429488 0.0497871 -0.3245181 -0.055288 0.7997993 -0.5267467 -0.1907011 0.2156205
0.09654 -0.11323 1.93266 -0.29999 -0.29208 1.85423 0.00244 0.10905 -0.04768 0.00243 0.00267 -0.02594 0.09565 0.06204 -0.01182 0.00395 0.08944 0.09553 -0.00198 0.00490 0.9322547 -0.1918821 -0.0291719 0.3053383 0.7819603 -0.4953126 -0.2618959 0.2731558
0.10172 -0.03366 1.90837 -0.29501 -0.28767 1.81827 0.00518 0.07957 -0.02429 0.00498 0.00441 -0.03596 0.11926 0.05903 0.02361 -0.00301 0.09688 0.10275 0.00744 0.00722 0.8559759 -0.3535973 0.1652884 0.3390486 0.776454 -0.4860406 -0.2790024 0.2881691
0.10894 0.01619 1.9494 -0.29851 -0.29096 1.83932 0.00722 0.04985 0.04103 -0.00350 -0.00329 0.02105 0.09395 0.05910 -0.02531 0.00007 0.06123 0.09770 -0.03565 -0.00505 0.959089 -0.0802366 0.2492257 0.107689 0.7658371 -0.4763724 -0.3070683 0.3037627
0.09385 0.07266 1.89691 -0.28751 -0.28028 1.77436 -0.01509 0.05647 -0.05249 0.01100 0.01068 -0.06496 0.11299 0.05695 0.01904 -0.00215 0.03410 0.08421 -0.02713 -0.01349 0.6192613 0.005429 0.7709612 0.148677 0.8287075 0.3674407 -0.0858282 0.4133579
0.08472 0.10275 1.91018 -0.28683 -0.28006 1.77148 -0.00913 0.03009 0.01327 0.00068 0.00022 -0.00288 0.06589 0.06094 -0.04710 0.00399 0.05426 0.08976 0.02016 0.00555 0.8849515 0.2185514 0.3821498 0.1518472 0.7890012 0.434447 -0.3111836 0.3031464
0.0725 0.10755 1.91476 -0.28673 -0.28016 1.76961 -0.01222 0.00480 0.00458 0.00010 -0.00010 -0.00187 0.06718 0.06087 0.00129 -0.00007 0.07075 0.08190 0.01649 -0.00786 0.8773587 0.2723989 0.3305096 0.2163426 0.8383982 0.3790704 -0.046777 0.3888523
0.05586 0.09852 1.92146 -0.28674 -0.28183 1.76991 -0.01664 -0.00903 0.00670 -0.00001 -0.00167 0.00030 0.07039 0.05872 0.00321 -0.00215 0.05699 0.08710 -0.01376 0.00520 0.8866917 0.3779075 0.1059828 0.2444004 0.7714066 0.4899135 -0.1794988 0.3642757
0.04135 0.07445 1.92705 -0.28717 -0.28336 1.76714 -0.01451 -0.02407 0.00559 -0.00043 -0.00153 -0.00277 0.11373 0.05881 0.04334 0.00009 0.06378 0.08371 0.00679 -0.00339 0.8196805 0.5166126 -0.1260729 0.212934 0.7284005 0.4193205 -0.1295322 0.526141
0.02942 -0.02575 1.92903 -0.28646 -0.28644 1.767 -0.01193 -0.10020 0.00198 0.00071 -0.00308 -0.00014 0.06821 0.05533 -0.04552 -0.00348 0.06933 0.09265 0.00555 0.00894 0.8756881 0.44404 -0.0504609 0.1829007 0.7506418 -0.0453134 -0.1574671 0.6400685
0.02851 -0.08149 1.93247 -0.28855 -0.29009 1.77173 -0.00091 -0.05574 0.00344 -0.00209 -0.00365 0.00473 0.08541 0.05620 0.01720 0.00087 0.07625 0.09107 0.00692 -0.00158 0.7624436 0.5065695 -0.0983007 0.3903896 0.6721114 0.2524076 -0.1450938 0.6808116
0.02604 -0.12015 1.94214 -0.29044 -0.29198 1.77634 -0.00247 -0.03866 0.00967 -0.00189 -0.00189 0.00461 0.10390 0.05609 0.01849 -0.00011 0.12461 0.08650 0.04836 -0.00457 0.6329611 0.2633083 0.130351 0.7162664 0.7049912 -0.1228122 -0.3671025 0.5942562
0.03794 -0.13473 2.00445 -0.29259 -0.29382 1.77661 0.01190 -0.01458 0.06231 -0.00215 -0.00184 0.00027 0.07134 0.05651 -0.03256 0.00042 0.09124 0.07886 -0.03337 -0.00764 0.5622788 0.3785438 0.3076896 0.6677381 0.7504659 -0.1638415 -0.2286129 0.5980743
0.03789 -0.13943 2.04544 -0.2958 -0.29392 1.77884 -0.00005 -0.00470 0.04099 -0.00321 -0.00010 0.00223 0.07778 0.05365 0.00644 -0.00286 0.09611 0.07598 0.00487 -0.00288 0.5417635 0.3097099 0.3961707 0.6735137 0.7733411 -0.0464476 -0.2146603 0.5947329
0.04093 -0.13839 2.05041 -0.29685 -0.29329 1.77737 0.00304 0.00104 0.00497 -0.00105 0.00063 -0.00147 0.07339 0.05540 -0.00439 0.00175 0.08925 0.07021 -0.00686 -0.00577 0.5575739 0.3063926 0.3933026 0.6637379 0.7451134 0.0206905 -0.3381752 0.5744697
0.05123 -0.13487 2.04957 -0.29713 -0.29216 1.78119 0.01030 0.00352 -0.00084 -0.00028 0.00113 0.00382 0.07240 0.05495 -0.00099 -0.00045 0.09935 0.05838 0.01010 -0.01183 0.5366721 0.2039887 0.4488172 0.684788 0.7274191 0.0541731 -0.4531259 0.5124486
0.05184 -0.13239 2.04569 -0.29835 -0.29084 1.78294 0.00061 0.00248 -0.00388 -0.00122 0.00132 0.00175 0.07402 0.05457 0.00162 -0.00038 0.11201 0.05454 0.01266 -0.00384 0.5703404 0.203962 0.4218535 0.6746488 0.7708287 0.0430408 -0.4167854 0.4798546
0.15857 -0.15693 1.85018 -0.29778 -0.28844 1.78413 0.10673 -0.02454 -0.19551 0.00057 0.00240 0.00119 0.06480 0.05712 -0.00922 0.00255 0.09241 0.07541 -0.01960 0.02087 0.807896 0.3226734 0.1205493 0.4781775 0.821992 0.2009616 -0.3550302 0.3973626
0.20785 -0.16373 1.95192 -0.31655 -0.30366 1.89429 0.04928 -0.00680 0.10174 -0.01877 -0.01522 0.11016 0.08922 0.05836 0.02442 0.00124 0.07559 0.09261 -0.01682 0.01720 0.8769985 -0.350377 -0.0850796 0.3176017 0.8469098 0.2000374 -0.3417978 0.3548281
0.24004 -0.13975 1.93338 -0.31656 -0.30313 1.8994 0.03219 0.02398 -0.01854 -0.00001 0.00053 0.00511 0.07989 0.05992 -0.00933 0.00156 0.10387 0.05420 0.02828 -0.03841 0.8494602 -0.39386 -0.1891666 0.2958169 0.8662643 0.1695885 -0.3359778 0.3285494
0.26017 -0.12709 1.91699 -0.31424 -0.30164 1.88902 0.02013 0.01266 -0.01639 0.00232 0.00149 -0.01038 0.07640 0.06211 -0.00349 0.00219 0.12086 0.08809 0.01699 0.03389 0.8537475 -0.440549 -0.167607 0.2212233 0.8748882 0.1332313 -0.3126544 0.3450613
0.27605 -0.13102 1.90169 -0.31193 -0.30148 1.88522 0.01588 -0.00393 -0.01530 0.00231 0.00016 -0.00380 0.07102 0.05953 -0.00538 -0.00258 0.10911 0.08119 -0.01175 -0.00690 0.8245569 -0.4743731 -0.2097048 0.2260529 0.884838 0.1049328 -0.3180261 0.3238985
0.28336 -0.14605 1.89317 -0.31093 -0.30324 1.88515 0.00731 -0.01503 -0.00852 0.00100 -0.00176 -0.00007 0.06442 0.05983 -0.00660 0.00030 0.12967 0.05747 0.02056 -0.02372 0.8275367 -0.5504155 -0.0007303 0.1105675 0.8157188 0.0815557 -0.4626019 0.3375664
0.28768 -0.18 1.89834 -0.31529 -0.31005 1.89673 0.00432 -0.03395 0.00517 -0.00436 -0.00681 0.01158 0.06497 0.07083 0.00055 0.01100 0.12886 0.05665 -0.00081 -0.00082 0.8118625 -0.5689381 0.0265679 0.1283859 0.8292775 0.0011396 -0.5493737 -0.1024004
0.26905 -0.22283 1.77917 -0.2952 -0.29126 1.78323 -0.01863 -0.04283 -0.11917 0.02009 0.01879 -0.11350 0.06928 0.06305 0.00431 -0.00778 0.10883 0.05068 -0.02003 -0.00597 0.9410288 0.2370973 0.0821582 0.2269353 0.8618719 0.0191491 -0.4937049 -0.1143053
0.25937 -0.2673 1.75126 -0.29037 -0.28818 1.76124 -0.00968 -0.04447 -0.02791 0.00483 0.00308 -0.02199 0.06739 0.06177 -0.00189 -0.00128 0.08871 0.04870 -0.02012 -0.00198 0.9528065 0.0002047 -0.0131938 0.3032913 0.8717901 0.0379388 -0.4728394 -0.1223344
0.24895 -0.29542 1.73746 -0.28432 -0.28263 1.74265 -0.01042 -0.02812 -0.01380 0.00605 0.00555 -0.01859 0.06241 0.05845 -0.00498 -0.00332 0.09769 0.05492 0.00898 0.00622 0.8223978 0.4264244 0.0507355 0.3731623 0.7341009 0.0387393 -0.4891655 0.4693743
0.2452 -0.30989 1.74927 -0.28362 -0.28238 1.74214 -0.00375 -0.01447 0.01181 0.00070 0.00025 -0.00051 0.06266 0.05581 0.00025 -0.00264 0.10280 0.07779 0.00511 0.02287 0.5648876 0.4919851 0.1804323 0.6374142 0.8622545 -0.1724988 -0.2146111 0.4250923
0.24642 -0.31743 1.76378 -0.28467 -0.28337 1.75102 0.00122 -0.00754 0.01451 -0.00105 -0.00099 0.00888 0.06731 0.05448 0.00465 -0.00133 0.08374 0.07800 -0.01906 0.00021 0.9569998 0.0300433 0.0338224 0.2865391 0.8661779 -0.2034623 -0.2160371 0.402078
0.25102 -0.31264 1.79356 -0.28892 -0.28599 1.77503 0.00460 0.00479 0.02978 -0.00425 -0.00262 0.02401 0.06649 0.05561 -0.00082 0.00113 0.09874 0.08770 0.01500 0.00970 0.7018299 0.4648652 0.0689789 0.535329 0.8785641 -0.1581075 -0.2771724 0.3553909
0.25475 -0.30648 1.79474 -0.28906 -0.28524 1.7764 0.00373 0.00616 0.00118 -0.00014 0.00075 0.00137 0.06371 0.05453 -0.00278 -0.00108 0.10608 0.07368 0.00734 -0.01402 0.8596391 0.3765224 0.1564517 0.3078543 0.9006819 -0.0903539 -0.2501527 0.3435576
0.2591 -0.30539 1.78317 -0.29087 -0.28381 1.7711 0.00435 0.00109 -0.01157 -0.00181 0.00143 -0.00530 0.06816 0.05515 0.00445 0.00062 0.08320 0.08073 -0.02288 0.00705 0.9542568 0.1272326 0.0178153 0.2699787 0.8555571 0.0023003 -0.3423116 0.3883805
0.2557 -0.29421 1.76594 -0.28813 -0.27865 1.74994 -0.00340 0.01118 -0.01723 0.00274 0.00516 -0.02116 0.06689 0.05374 -0.00127 -0.00141 0.10501 0.07709 0.02181 -0.00364 0.8683231 0.2766247 -0.0385598 0.4098864 0.8739601 -0.0400284 -0.3122365 0.3702699
0.25781 -0.29677 1.75935 -0.28904 -0.27762 1.74953 0.00211 -0.00256 -0.00659 -0.00091 0.00103 -0.00041 0.07012 0.05859 0.00323 0.00485 0.08376 0.05037 -0.02125 -0.02672 0.930289 0.1002943 -0.0710564 0.3456217 0.7897594 0.0334699 -0.4811251 0.3790495
0.25767 -0.29443 1.76146 -0.28935 -0.27667 1.75099 -0.00014 0.00234 0.00211 -0.00031 0.00095 0.00146 0.06926 0.05532 -0.00086 -0.00327 0.08188 0.07289 -0.00188 0.02252 0.9365105 0.0464085 -0.1015497 0.3323883 0.8540095 -0.0339648 -0.3721896 0.3619242
0.25688 -0.29349 1.76682 -0.29028 -0.27759 1.75436 -0.00079 0.00094 0.00536 -0.00093 -0.00092 0.00337 0.06799 0.05594 -0.00127 0.00062 0.08452 0.07483 0.00264 0.00194 0.9431921 0.0173716 -0.0412555 0.3292187 0.8549032 -0.0973699 -0.3476411 0.372566
0.25449 -0.29129 1.76998 -0.28679 -0.27687 1.75575 -0.00239 0.00220 0.00316 0.00349 0.00072 0.00139 0.07014 0.05665 0.00215 0.00071 0.08424 0.07668 -0.00028 0.00185 0.9449207 0.0568319 -0.0934502 0.3084836 0.8933949 -0.2304838 -0.1852737 0.3382253
0.24818 -0.28728 1.76525 -0.27903 -0.27377 1.74813 -0.00631 0.00401 -0.00473 0.00776 0.00310 -0.00762 0.07025 0.05563 0.00011 -0.00102 0.08201 0.05580 -0.00223 -0.02088 0.951623 0.0619363 -0.1113673 0.2795977 0.7151411 -0.1453213 -0.5710374 0.3759936
0.2737 -0.32148 2.04757 -0.30795 -0.31062 2.01635 0.02552 -0.03420 0.28232 -0.02892 -0.03685 0.26822 0.07511 0.06703 0.00486 0.01140 0.12116 0.08916 0.03915 0.03336 0.7982323 -0.4665807 -0.134674 0.3563574 0.8342646 -0.5359676 -0.088668 0.0942301
0.22087 -0.27628 1.77435 -0.2477 -0.26031 1.74633 -0.05283 0.04520 -0.27322 0.06025 0.05031 -0.27002 0.06348 0.06249 -0.01163 -0.00454 0.10271 0.04827 -0.01845 -0.04089 0.8673936 -0.0265167 -0.0688584 0.4921218 -0.4872162 0.268294 0.8120251 0.1767877
0.22526 -0.31286 2.04892 -0.24984 -0.29155 2.00689 0.00439 -0.03658 0.27457 -0.00214 -0.03124 0.26056 0.07503 0.09343 0.01155 0.03094 0.13074 0.10338 0.02803 0.05511 0.7820451 -0.4285842 -0.1299008 0.433413 0.8325454 -0.4939388 -0.2345483 0.088767
0.17943 -0.29549 1.90207 -0.20128 -0.26488 1.86998 -0.04583 0.01737 -0.14685 0.04856 0.02667 -0.13691 0.06692 0.08469 -0.00811 -0.00874 0.10100 0.09358 -0.02974 -0.00980 0.7666112 0.2731547 -0.0632486 0.5776621 0.8291857 -0.5013953 -0.2445634 0.0352505
0.15198 -0.31638 1.96331 -0.16926 -0.26653 1.93563 -0.02745 -0.02089 0.06124 0.03202 -0.00165 0.06565 0.07358 0.11494 0.00666 0.03025 0.10704 0.09114 0.00604 -0.00244 0.9646338 -0.0914248 -0.1059655 0.2233708 0.7586563 -0.4735264 -0.4334408 0.1110964
0.11071 -0.31068 1.95262 -0.1428 -0.26504 1.91544 -0.04127 0.00570 -0.01069 0.02646 0.00149 -0.02019 0.07290 0.08106 -0.00068 -0.03388 0.11882 0.05686 0.01178 -0.03428 0.6107726 -0.3355291 -0.044456 0.7158217 -0.4669037 0.4267631 0.7269501 -0.2672406
0.08354 -0.28815 1.78336 -0.01673 -0.24173 1.76768 -0.02717 0.02253 -0.16926 0.12607 0.02331 -0.14776 0.06107 0.08283 -0.01183 0.00177 0.07980 0.05511 -0.03902 -0.00175 0.6159762 -0.6226083 0.180861 0.4474613 -0.3157626 0.5587456 0.6126095 0.46131
0.08042 -0.29036 1.75567 -0.05727 -0.23388 1.72776 -0.00312 -0.00221 -0.02769 -0.04054 0.00785 -0.03992 0.06614 0.10199 0.00507 0.01916 0.05290 0.05143 -0.02690 -0.00368 0.5388685 -0.4727404 0.6961249 -0.0393378 -0.2027093 0.5105097 0.7587097 0.3502119
0.08841 -0.29845 1.83351 0.06132 -0.26715 1.83536 0.00799 -0.00809 0.07784 0.11859 -0.03327 0.10760 0.06912 0.05266 0.00298 -0.04933 0.05378 0.06711 0.00088 0.01568 0.494265 -0.4195878 0.7545291 -0.1016563 0.7500856 -0.5047718 -0.3466223 -0.24986
0.09996 -0.29071 1.82558 0.07092 -0.2586 1.82767 0.01155 0.00774 -0.00793 0.00960 0.00855 -0.00769 0.07167 0.05476 0.00255 0.00210 0.05849 0.06571 0.00471 -0.00140 0.4602816 -0.3331899 0.8086094 -0.1525655 0.7481074 -0.4908221 -0.3557312 -0.269971
0.10277 -0.25308 1.72914 -0.12411 -0.01858 1.64935 0.00281 0.03763 -0.09644 -0.19503 0.24002 -0.17832 0.05846 0.05287 -0.01321 -0.00189 0.05679 0.05898 -0.00170 -0.00673 0.0351805 -0.2091997 0.9684303 -0.1309216 0.902041 -0.3024822 -0.307647 0.0134127
0.13969 -0.27577 1.91018 -0.17362 -0.26341 1.89014 0.03692 -0.02269 0.18104 -0.04951 -0.24483 0.24079 0.06504 0.11246 0.00658 0.05959 0.10472 0.10216 0.04793 0.04318 0.9817032 -0.1245409 -0.0677828 0.1270983 0.7517375 -0.4401431 -0.4399212 0.2182528
0.16504 -0.26697 1.86779 -0.19325 -0.25873 1.84642 0.02535 0.00880 -0.04239 -0.01963 0.00468 -0.04372 0.06465 0.10871 -0.00039 -0.00375 0.10362 0.10339 -0.00110 0.00123 0.9839162 -0.0937943 -0.0574908 0.1407354 0.7461032 -0.4226285 -0.4410802 0.2648835
0.19543 -0.26916 1.88096 -0.2335 -0.27011 1.86121 0.03039 -0.00219 0.01317 -0.04025 -0.01138 0.01479 0.06492 0.10162 0.00027 -0.00709 0.10272 0.09211 -0.00090 -0.01128 0.9812775 0.0696745 0.0171413 0.1787349 0.7399555 -0.4082285 -0.4523153 0.2850021
0.21892 -0.26769 1.83584 -0.25481 -0.26393 1.81325 0.02349 0.00147 -0.04512 -0.02131 0.00618 -0.04796 0.06664 0.08566 0.00172 -0.01596 0.10126 0.09800 -0.00146 0.00589 0.9841544 0.1400996 0.0437842 0.0994744 0.7572401 -0.4160911 -0.4008178 0.3046319
0.2676 -0.27686 1.81258 -0.31151 -0.27548 1.79083 0.04868 -0.00917 -0.02326 -0.05670 -0.01155 -0.02242 0.06602 0.05389 -0.00062 -0.03177 0.10356 0.06902 0.00230 -0.02898 0.9761996 -0.1048361 -0.0595565 0.1802685 -0.3819309 0.2018689 0.8916903 -0.1351526
0.28711 -0.2834 1.81885 -0.32957 -0.2789 1.79657 0.01951 -0.00654 0.00627 -0.01806 -0.00342 0.00574 0.06812 0.05356 0.00210 -0.00033 0.10136 0.09442 -0.00220 0.02540 0.981838 -0.1431203 -0.1243481 -0.0069411 0.931426 -0.1263108 -0.2811863 0.1934562
0.30849 -0.29783 1.82878 -0.35261 -0.28603 1.80646 0.02138 -0.01443 0.00993 -0.02304 -0.00713 0.00989 0.06870 0.04876 0.00058 -0.00480 0.10698 0.06327 0.00562 -0.03115 0.8844546 0.252878 0.0673227 0.3863424 0.8049391 -0.0119589 -0.4990809 0.3206998
0.31205 -0.30369 1.83724 -0.36341 -0.29251 1.81561 0.00356 -0.00586 0.00846 -0.01080 -0.00648 0.00915 0.07196 0.05697 0.00326 0.00821 0.10414 0.07526 -0.00284 0.01199 0.7888508 0.4801328 0.1253497 0.362594 -0.4312163 0.2713603 0.8601319 -0.0242721
0.3532 -0.34353 2.08029 -0.41332 -0.33215 2.05853 0.04115 -0.03984 0.24305 -0.04991 -0.03964 0.24292 0.07280 0.05965 0.00084 0.00268 0.13250 0.09186 0.02836 0.01660 -0.6739975 0.7326939 0.0720251 -0.0608223 0.9359584 -0.1920207 -0.2449143 -0.1647026
0.35058 -0.34521 2.07962 -0.41235 -0.33217 2.0557 -0.00262 -0.00168 -0.00067 0.00097 -0.00002 -0.00283 0.07095 0.06016 -0.00185 0.00051 0.13358 0.09248 0.00108 0.00062 -0.6783624 0.727589 0.0671991 -0.0769619 0.8688537 -0.2471934 -0.4158652 -0.1050946
0.34653 -0.34665 2.08064 -0.41079 -0.33169 2.05634 -0.00405 -0.00144 0.00102 0.00156 0.00048 0.00064 0.07128 0.05739 0.00033 -0.00277 0.13197 0.09143 -0.00161 -0.00105 -0.681858 0.7233878 0.0575169 -0.0920414 0.8690727 -0.2612717 -0.4110646 -0.086462
0.28935 -0.29661 1.75644 -0.34274 -0.27923 1.73538 -0.05718 0.05004 -0.32420 0.06805 0.05246 -0.32096 0.06515 0.05802 -0.00613 0.00063 0.09996 0.08216 -0.03201 -0.00927 0.7473989 -0.1659728 0.0029273 0.6433035 0.8502733 -0.314484 -0.3317327 -0.2609377
0.33804 -0.34749 2.06609 -0.39925 -0.33 2.04034 0.04869 -0.05088 0.30965 -0.05651 -0.05077 0.30496 0.06967 0.06040 0.00452 0.00238 0.11262 0.09313 0.01266 0.01097 -0.6563725 0.6921747 0.1639193 -0.2513959 0.9222587 -0.2404925 -0.2572972 -0.1593744
0.29552 -0.31124 1.81782 -0.34465 -0.28938 1.79388 -0.04252 0.03625 -0.24827 0.05460 0.04062 -0.24646 0.06786 0.05093 -0.00181 -0.00947 0.10218 0.07920 -0.01044 -0.01393 0.9217784 -0.2904701 -0.1522856 0.2067868 0.8884785 -0.2656131 -0.3619877 -0.0949768
0.2953 -0.31348 1.81563 -0.33827 -0.29075 1.79066 -0.00022 -0.00224 -0.00219 0.00638 -0.00137 -0.00322 0.07111 0.05294 0.00325 0.00201 0.10098 0.08239 -0.00120 0.00319 0.9714537 -0.1730001 -0.1613114 0.0180927 0.9196783 -0.2776175 -0.2517415 -0.1172458
0.30536 -0.32446 1.81151 -0.32432 -0.30033 1.78547 0.01006 -0.01098 -0.00412 0.01395 -0.00958 -0.00519 0.08541 0.05059 0.01430 -0.00235 0.08504 0.08340 -0.01594 0.00101 0.9343233 -0.1424575 -0.2745798 0.1770646 0.892707 -0.3299191 -0.1867108 -0.2436526
0.33286 -0.35417 1.89117 -0.32411 -0.32535 1.86135 0.02750 -0.02971 0.07966 0.00021 -0.02502 0.07588 0.06388 0.04914 -0.02153 -0.00145 0.09940 0.05505 0.01436 -0.02835 0.816855 -0.4314747 -0.0649839 0.3772991 -0.568348 0.6554323 0.4632138 -0.1811686
0.34223 -0.36542 1.83402 -0.30405 -0.33144 1.80556 0.00937 -0.01125 -0.05715 0.02006 -0.00609 -0.05579 0.05969 0.04209 -0.00419 -0.00705 0.08071 0.11067 -0.01869 0.05562 0.9682199 -0.1076404 -0.0780814 0.2118185 -0.6169046 0.7792835 -0.0928683 0.0593421
0.37187 -0.39641 1.84258 -0.29303 -0.36274 1.8141 0.02964 -0.03099 0.00856 0.01102 -0.03130 0.00854 0.08083 0.04844 0.02114 0.00635 0.06245 0.10994 -0.01826 -0.00073 0.7166669 -0.4175537 -0.47123 0.2999664 -0.690051 0.7109568 -0.1035717 0.0874249
0.39757 -0.42415 1.79914 -0.27627 -0.39019 1.78101 0.02570 -0.02774 -0.04344 0.01676 -0.02745 -0.03309 0.09485 0.07620 0.01402 0.02776 0.05480 0.08904 -0.00765 -0.02090 0.5305437 -0.419102 -0.565421 0.472415 0.6719691 -0.6612039 0.0381313 -0.3313806
0.42695 -0.46295 1.76967 -0.26473 -0.42121 1.76168 0.02938 -0.03880 -0.02947 0.01154 -0.03102 -0.01933 0.07648 0.08649 -0.01837 0.01029 0.07003 0.07959 0.01523 -0.00945 -0.4759591 0.5332452 0.5141152 -0.4741288 0.6059224 -0.6068141 0.0801002 -0.5081522
0.47307 -0.55105 1.64133 -0.21096 -0.48462 1.66739 0.04612 -0.08810 -0.12834 0.05377 -0.06341 -0.09429 0.09402 0.09870 0.01754 0.01221 0.07001 0.05595 -0.00002 -0.02364 -0.3590542 0.5906823 0.5268549 -0.4945689 -0.6186472 0.7700377 0.1049944 -0.115299
0.473 -0.56503 1.6201 -0.19664 -0.48554 1.64579 -0.00007 -0.01398 -0.02123 0.01432 -0.00092 -0.02160 0.09531 0.09332 0.00129 -0.00538 0.06601 0.04810 -0.00400 -0.00785 -0.2687064 0.5985909 0.5111778 -0.5551424 -0.5348154 0.8198202 0.1736 -0.1083069
0.49608 -0.61458 1.67439 -0.18691 -0.50029 1.7247 0.02308 -0.04955 0.05429 0.00973 -0.01475 0.07891 0.09684 0.10308 0.00153 0.00976 0.06863 0.05359 0.00262 0.00549 -0.5562268 0.7823543 0.2524774 -0.1216084 -0.4476604 0.8391595 0.2306766 -0.2054262
0.48842 -0.61696 1.59873 -0.16819 -0.49014 1.65771 -0.00766 -0.00238 -0.07566 0.01872 0.01015 -0.06699 0.11580 0.09614 0.01896 -0.00694 0.06586 0.11579 -0.00277 0.06220 -0.4595689 0.7387698 0.3807636 -0.3131049 -0.2228073 0.3010058 -0.6267324 0.6833439
0.49366 -0.63414 1.60103 -0.16332 -0.49116 1.66367 0.00524 -0.01718 0.00230 0.00487 -0.00102 0.00596 0.10781 0.09898 -0.00799 0.00284 0.06699 0.08286 0.00113 -0.03293 -0.3916504 0.7707881 0.3746282 -0.3348868 -0.3108175 0.373764 -0.4871749 0.7255022
0.50231 -0.65251 1.62848 -0.15942 -0.50589 1.70275 0.00865 -0.01837 0.02745 0.00390 -0.01473 0.03908 0.10011 0.09950 -0.00770 0.00052 0.08615 0.09173 0.01916 0.00887 -0.2347247 0.0977441 -0.4801171 0.8395463 -0.416814 0.401814 -0.3898823 0.716103
0.50492 -0.65737 1.63296 -0.15324 -0.51274 1.71388 0.00261 -0.00486 0.00448 0.00618 -0.00685 0.01113 0.10081 0.09899 0.00070 -0.00051 0.09924 0.07033 0.01309 -0.02140 -0.2595409 0.127512 -0.4796579 0.8284368 -0.4851302 0.4199353 -0.3583699 0.67814
0.5076 -0.66473 1.63703 -0.15098 -0.51748 1.7274 0.00268 -0.00736 0.00407 0.00226 -0.00474 0.01352 0.11032 0.10250 0.00951 0.00351 0.08706 0.07129 -0.01218 0.00096 -0.4835891 0.5545824 -0.26959 0.6212096 -0.4572392 0.3054464 -0.4055488 0.7301815
0.5098 -0.66547 1.64228 -0.15327 -0.51725 1.73159 0.00220 -0.00074 0.00525 -0.00229 0.00023 0.00419 0.09991 0.10319 -0.01041 0.00069 0.13804 0.07514 0.05098 0.00385 -0.3802799 0.3142339 -0.4193079 0.7621189 -0.5169197 0.4152346 -0.3514867 0.6609321
0.50852 -0.66693 1.64278 -0.15226 -0.51868 1.73727 -0.00128 -0.00146 0.00050 0.00101 -0.00143 0.00568 0.10039 0.10345 0.00048 0.00026 0.09270 0.07389 -0.04534 -0.00125 -0.2923387 0.1721756 -0.4933166 0.8009571 -0.472439 0.3092251 -0.4062472 0.7184319
0.50952 -0.66872 1.64358 -0.15073 -0.52067 1.74816 0.00100 -0.00179 0.00080 0.00153 -0.00199 0.01089 0.09818 0.10971 -0.00221 0.00626 0.08723 0.06978 -0.00547 -0.00411 -0.2923894 0.1659835 -0.4997657 0.7982433 -0.4926857 0.3074038 -0.3576301 0.7313443
0.51209 -0.67056 1.64639 -0.14921 -0.5218 1.75503 0.00257 -0.00184 0.00281 0.00152 -0.00113 0.00687 0.10050 0.11287 0.00232 0.00316 0.14013 0.08510 0.05290 0.01532 -0.3569833 0.254591 -0.4555589 0.7747338 -0.5231421 0.3295481 -0.3100694 0.7222031
0.54524 -0.71229 1.74717 -0.16262 -0.54975 1.88224 0.03315 -0.04173 0.10078 -0.01341 -0.02795 0.12721 0.10742 0.12455 0.00692 0.01168 0.14934 0.08652 0.00921 0.00142 -0.3570438 0.2418469 -0.4581785 0.7772401 -0.4438463 0.4178017 -0.3357285 0.7181424
0.54461 -0.7125 1.74501 -0.16275 -0.54947 1.87979 -0.00063 -0.00021 -0.00216 -0.00013 0.00028 -0.00245 0.10544 0.12438 -0.00198 -0.00017 0.14757 0.09997 -0.00177 0.01345 -0.3665816 0.2566105 -0.4534848 0.7707921 -0.4521663 0.4384812 -0.3271778 0.7044392
0.54532 -0.71278 1.74854 -0.16021 -0.55162 1.88463 0.00071 -0.00028 0.00353 0.00254 -0.00215 0.00484 0.10909 0.12679 0.00365 0.00241 0.14565 0.10178 -0.00192 0.00181 -0.3686041 0.2503943 -0.4508452 0.773416 -0.4709582 0.4807241 -0.2883642 0.6811379
0.51483 -0.67147 1.64719 -0.15332 -0.53471 1.70438 -0.03049 0.04131 -0.10135 0.00689 0.01691 -0.18025 0.10288 0.10916 -0.00621 -0.01763 0.10718 0.06040 -0.03847 -0.04138 -0.3737683 0.2515268 -0.4530131 0.7692923 -0.5094102 0.48711 -0.3982746 0.5870284
0.51613 -0.67135 1.64581 -0.15426 -0.53514 1.70409 0.00130 0.00012 -0.00138 -0.00094 -0.00043 -0.00029 0.09702 0.10949 -0.00586 0.00033 0.09583 0.05707 -0.01135 -0.00333 -0.3612308 0.2204651 -0.4656523 0.7772228 -0.4038793 0.3346728 -0.5074626 0.6836355
0.51307 -0.6717 1.64468 -0.15291 -0.53589 1.70316 -0.00306 -0.00035 -0.00113 0.00135 -0.00075 -0.00093 0.09908 0.10548 0.00206 -0.00401 0.05200 0.06059 -0.04383 0.00352 -0.5258383 0.5468018 -0.2635342 0.595862 -0.3023647 0.1988058 -0.572842 0.7354617
0.51218 -0.67123 1.64561 -0.15053 -0.54395 1.70298 -0.00089 0.00047 0.00093 0.00238 -0.00806 -0.00018 0.10192 0.10028 0.00284 -0.00520 0.05162 0.05840 -0.00038 -0.00219 -0.5258498 0.546523 -0.2638466 0.5959694 -0.3260925 0.1302089 -0.5890588 0.727818
]
