classifier_Monkey_monkey_bumps_into_each_other_24125 [ 0.56628 -0.75952 1.97555 -0.14939 -0.65445 1.84727 0.56628 -0.75952 1.97555 -0.14939 -0.65445 1.84727 0.12772 0.12549 0.12772 0.12549 0.11118 0.08243 0.11118 0.08243 -0.5046113 0.4985986 -0.1524739 0.6881268 -0.5531917 0.5112182 -0.2268568 0.6173903
0.56307 -0.75916 1.97818 -0.14922 -0.65328 1.84928 -0.00321 0.00036 0.00263 0.00017 0.00117 0.00201 0.11889 0.12250 -0.00883 -0.00299 0.11398 0.08112 0.00280 -0.00131 -0.5022345 0.5043734 -0.1653045 0.6826731 -0.5337756 0.518144 -0.2199641 0.6310518
0.55371 -0.74891 1.95162 -0.145 -0.64532 1.82248 -0.00936 0.01025 -0.02656 0.00422 0.00796 -0.02680 0.12502 0.12140 0.00613 -0.00110 0.11438 0.08005 0.00040 -0.00107 -0.4974868 0.5028844 -0.1664805 0.6869486 -0.543418 0.5104818 -0.2340884 0.6239454
0.56315 -0.76026 1.98037 -0.14875 -0.65488 1.85037 0.00944 -0.01135 0.02875 -0.00375 -0.00956 0.02789 0.12531 0.12525 0.00029 0.00385 0.11194 0.08201 -0.00244 0.00196 -0.5012696 0.511553 -0.1532278 0.680855 -0.545419 0.510766 -0.229589 0.6236387
0.56306 -0.7602 1.98032 -0.14927 -0.65455 1.85012 -0.00009 0.00006 -0.00005 -0.00052 0.00033 -0.00025 0.11372 0.12633 -0.01159 0.00108 0.11442 0.08183 0.00248 -0.00018 -0.490691 0.4689296 -0.1818091 0.7115285 -0.5477471 0.5142233 -0.2286294 0.619093
0.56264 -0.75992 1.98091 -0.14922 -0.65478 1.84926 -0.00042 0.00028 0.00059 0.00005 -0.00023 -0.00086 0.11544 0.12567 0.00172 -0.00066 0.11249 0.08225 -0.00193 0.00042 -0.4967445 0.4906539 -0.1747695 0.6942329 -0.5427101 0.5077285 -0.2347761 0.6265442
0.53448 -0.74303 1.94598 -0.14491 -0.63993 1.81148 -0.02816 0.01689 -0.03493 0.00431 0.01485 -0.03778 0.07221 0.11988 -0.04323 -0.00579 0.08710 0.07894 -0.02539 -0.00331 -0.4912255 0.6381947 -0.0964104 0.5849016 -0.5462769 0.5084844 -0.2467313 0.6181818
0.54561 -0.76135 1.99113 -0.15084 -0.65496 1.85196 0.01113 -0.01832 0.04515 -0.00593 -0.01503 0.04048 0.07680 0.12606 0.00459 0.00618 0.09682 0.08275 0.00972 0.00381 -0.4673688 0.5643355 -0.1509638 0.6635525 -0.5549805 0.5083253 -0.2285094 0.6175641
0.54175 -0.76381 2.00171 -0.15048 -0.65178 1.85174 -0.00386 -0.00246 0.01058 0.00036 0.00318 -0.00022 0.07389 0.12401 -0.00291 -0.00205 0.09131 0.08114 -0.00551 -0.00161 -0.4502744 0.666201 -0.064066 0.5910371 -0.5584384 0.5159755 -0.220125 0.6111144
0.5916 -0.72787 2.0161 -0.20115 -0.5949 1.89122 0.04985 0.03594 0.01439 -0.05067 0.05688 0.03948 0.12356 0.10972 0.04967 -0.01429 0.12107 0.09868 0.02976 0.01754 -0.5472443 0.2601909 -0.2130064 0.7664546 -0.6037137 0.7435846 0.0388129 0.28479
0.56613 -0.71791 2.07609 -0.2124 -0.61123 1.9768 -0.02547 0.00996 0.05999 -0.01125 -0.01633 0.08558 0.14176 0.10556 0.01820 -0.00416 0.07697 0.17001 -0.04410 0.07133 -0.4271003 0.5285177 -0.1531021 0.7175055 -0.3332775 0.9029114 0.2675387 0.0458271
0.529 -0.62617 1.94089 -0.19809 -0.62308 1.73472 -0.03713 0.09174 -0.13520 0.01431 -0.01185 -0.24208 0.16409 0.10811 0.02233 0.00255 0.06278 0.10104 -0.01419 -0.06897 -0.5347177 0.5117238 -0.1611854 0.6528668 -0.3413918 0.9066537 0.2287488 -0.0954182
0.51254 -0.58529 1.99886 -0.29097 -0.45774 1.85553 -0.01646 0.04088 0.05797 -0.09288 0.16534 0.12081 0.07930 0.11094 -0.08479 0.00283 0.07307 0.09252 0.01029 -0.00852 -0.3732314 0.2813394 -0.3870925 0.7947992 -0.6052095 0.7904945 0.0936824 -0.0079692
0.49978 -0.55568 2.05638 -0.33992 -0.45797 1.92243 -0.01276 0.02961 0.05752 -0.04895 -0.00023 0.06690 0.12158 0.11215 0.04228 0.00121 0.04953 0.09580 -0.02354 0.00328 -0.2045059 0.157753 -0.5404866 0.8007281 -0.5613405 0.8145295 0.1460984 -0.0096813
0.49424 -0.54686 2.05401 -0.3801 -0.46288 1.95279 -0.00554 0.00882 -0.00237 -0.04018 -0.00491 0.03036 0.10768 0.10635 -0.01390 -0.00580 0.07764 0.09275 0.02811 -0.00305 -0.0856003 0.044139 -0.5712872 0.8150799 -0.1078077 0.0623887 -0.5072868 0.8527282
0.4504 -0.52643 1.95888 -0.39206 -0.45747 1.89132 -0.04384 0.02043 -0.09513 -0.01196 0.00541 -0.06147 0.07702 0.09599 -0.03066 -0.01036 0.07112 0.10551 -0.00652 0.01276 -0.1428771 0.0979697 -0.4740793 0.8632711 -0.0577142 0.0526906 -0.4323844 0.8982965
0.42235 -0.53506 2.01567 -0.41746 -0.47819 1.93853 -0.02805 -0.00863 0.05679 -0.02540 -0.02072 0.04721 0.07835 0.09958 0.00133 0.00359 0.09126 0.10930 0.02014 0.00379 0.097497 0.0125251 -0.3913725 0.9149672 -0.2089972 0.0854911 -0.3992473 0.8886018
0.38078 -0.50394 2.00453 -0.3928 -0.52405 1.88752 -0.04157 0.03112 -0.01114 0.02466 -0.04586 -0.05101 0.09290 0.06196 0.01455 -0.03762 0.08366 0.06313 -0.00760 -0.04617 0.2167006 0.133644 -0.279679 0.9257212 -0.3347028 0.296484 -0.3857445 0.8070146
0.36835 -0.49953 2.09602 -0.42335 -0.55831 1.97429 -0.01243 0.00441 0.09149 -0.03055 -0.03426 0.08677 0.11343 0.07343 0.02053 0.01147 0.08429 0.06508 0.00063 0.00195 0.3014536 0.024358 -0.2424943 0.9218074 -0.2042928 0.1706479 -0.245015 0.9322614
0.35484 -0.48028 2.16268 -0.43289 -0.57304 2.04133 -0.01351 0.01925 0.06666 -0.00954 -0.01473 0.06704 0.11189 0.06877 -0.00154 -0.00466 0.09349 0.05819 0.00920 -0.00689 0.4273293 0.0404421 -0.1860099 0.8838295 -0.1913631 0.0260865 -0.2384164 0.9517654
0.33951 -0.43711 2.19388 -0.40835 -0.54434 2.08126 -0.01533 0.04317 0.03120 0.02454 0.02870 0.03993 0.09138 0.06134 -0.02051 -0.00743 0.09904 0.04442 0.00555 -0.01377 0.4639867 0.047324 -0.2144688 0.8581841 -0.3448629 -0.0599709 -0.1989462 0.9153652
0.32704 -0.39966 2.28289 -0.41565 -0.45962 2.20317 -0.01247 0.03745 0.08901 -0.00730 0.08472 0.12191 0.10402 0.08844 0.01264 0.02710 0.10219 0.13692 0.00315 0.09250 0.5324867 0.0287759 -0.1634804 0.8300025 -0.5394907 0.0288148 -0.146343 0.8286756
0.28707 -0.32229 2.28599 -0.40626 -0.35982 2.25731 -0.03997 0.07737 0.00310 0.00939 0.09980 0.05414 0.08624 0.10295 -0.01778 0.01451 0.07529 0.12028 -0.02690 -0.01664 0.4262054 0.5856136 -0.2454688 0.644322 0.7366965 -0.1595971 -0.4220551 -0.5036629
0.24221 -0.19952 2.08005 -0.2916 -0.28484 2.08089 -0.04486 0.12277 -0.20594 0.11466 0.07498 -0.17642 0.11771 0.05352 0.03147 -0.04943 0.07976 0.02790 0.00447 -0.09238 0.2075947 0.7673976 -0.5933191 0.1264032 0.726549 0.3931234 0.1249805 -0.5495092
0.23321 -0.16174 2.10707 -0.29295 -0.26267 2.10911 -0.00900 0.03778 0.02702 -0.00135 0.02217 0.02822 0.12111 0.04031 0.00340 -0.01321 0.09760 0.02229 0.01784 -0.00561 0.0743816 -0.6914804 0.7134985 0.085101 0.7681854 0.3002391 -0.0958354 -0.557282
0.25038 -0.17714 2.08899 -0.41752 -0.26112 2.02712 0.01717 -0.01540 -0.01808 -0.12457 0.00155 -0.08199 0.12855 0.06435 0.00744 0.02404 0.09299 0.07944 -0.00461 0.05715 0.1877187 0.7603174 -0.6138102 0.0995795 -0.3884525 0.1216005 -0.3719487 0.8342494
0.34438 -0.29003 2.21774 -0.50905 -0.32054 2.15416 0.09400 -0.11289 0.12875 -0.09153 -0.05942 0.12704 0.08330 0.07272 -0.04525 0.00837 0.08302 0.09614 -0.00997 0.01670 -0.1368838 0.912722 -0.3843161 -0.022416 -0.5216064 -0.1111867 -0.3324363 0.7778498
0.29938 -0.40892 2.22869 -0.4181 -0.37292 2.12781 -0.04500 -0.11889 0.01095 0.09095 -0.05238 -0.02635 0.12913 0.06968 0.04583 -0.00304 0.06177 0.10626 -0.02125 0.01012 0.0791214 0.9090073 -0.4078959 0.0326576 -0.4238127 0.0035419 -0.0815976 0.90206
0.26898 -0.34695 2.34731 -0.39517 -0.34386 2.27725 -0.03040 0.06197 0.11862 0.02293 0.02906 0.14944 0.08146 0.08851 -0.04767 0.01883 0.10620 0.07338 0.04443 -0.03288 -0.0055928 0.7966019 -0.6007652 -0.0668978 -0.6322311 -0.0202111 0.0035952 0.7745079
0.25465 -0.2888 2.34534 -0.3416 -0.3242 2.33702 -0.01433 0.05815 -0.00197 0.05357 0.01966 0.05977 0.14107 0.05492 0.05961 -0.03359 0.15105 0.03849 0.04485 -0.03489 -0.305784 0.6963925 -0.5304043 -0.3744395 0.6985523 0.0335156 -0.2035292 -0.6851842
0.26277 -0.25387 2.33599 -0.25289 -0.36386 2.33481 0.00812 0.03493 -0.00935 0.08871 -0.03966 -0.00221 0.13495 0.12402 -0.00612 0.06910 0.08918 0.09878 -0.06187 0.06029 -0.2354053 0.7173759 -0.6487331 -0.0954018 -0.2827868 0.4292086 0.6388761 0.5724062
0.217 -0.24452 2.24771 -0.31503 -0.2587 2.21128 -0.04577 0.00935 -0.08828 -0.06214 0.10516 -0.12353 0.08562 0.07767 -0.04933 -0.04635 0.13705 0.06145 0.04787 -0.03733 -0.3443125 0.6493 -0.5298847 -0.4231792 -0.1357564 0.4783694 0.6769311 0.5426759
0.21852 -0.24095 2.21909 -0.35458 -0.20986 2.12806 0.00152 0.00357 -0.02862 -0.03955 0.04884 -0.08322 0.09529 0.06016 0.00967 -0.01751 0.11456 0.07519 -0.02249 0.01374 -0.14092 0.7401223 -0.6473495 -0.1153225 0.1684537 0.8510315 0.4948179 0.0502384
0.23266 -0.25029 2.20272 -0.39257 -0.14937 2.05059 0.01414 -0.00934 -0.01637 -0.03799 0.06049 -0.07747 0.10362 0.05443 0.00833 -0.00573 0.10343 0.05585 -0.01113 -0.01934 -0.1415915 0.7601477 -0.6302748 -0.069864 -0.5215894 0.6182285 0.5326591 -0.2490231
0.26401 -0.27669 2.20153 -0.41748 -0.01498 1.97285 0.03135 -0.02640 -0.00119 -0.02491 0.13439 -0.07774 0.11398 0.08362 0.01036 0.02919 0.12986 0.05423 0.02643 -0.00162 0.5027752 -0.5417501 0.3301198 0.5871497 -0.312422 0.3963829 0.7654377 -0.3992219
0.24356 -0.33127 2.17108 -0.45363 0.0768 1.963 -0.02045 -0.05458 -0.03045 -0.03615 0.09178 -0.00985 0.09180 0.07853 -0.02218 -0.00509 0.14532 0.06320 0.01546 0.00897 -0.4132114 0.6128536 -0.4012696 -0.540971 -0.3130121 0.2425713 0.9178866 -0.0258217
0.19436 -0.38997 2.12367 -0.448 0.06314 1.91067 -0.04920 -0.05870 -0.04741 0.00563 -0.01366 -0.05233 0.11859 0.07778 0.02679 -0.00075 0.11868 0.05911 -0.02664 -0.00409 -0.4060441 0.5670993 -0.4475508 -0.559665 -0.3671752 0.280359 0.884681 -0.0626158
0.19599 -0.39566 2.11965 -0.44626 0.03531 1.89535 0.00163 -0.00569 -0.00402 0.00174 -0.02783 -0.01532 0.11452 0.10403 -0.00407 0.02625 0.12236 0.08204 0.00368 0.02293 -0.4082633 0.5854862 -0.4227052 -0.5584329 0.0570394 0.1882399 0.9449021 -0.261672
0.1969 -0.39909 2.09301 -0.42218 -0.01718 1.85076 0.00091 -0.00343 -0.02664 0.02408 -0.05249 -0.04459 0.12150 0.10102 0.00698 -0.00301 0.12976 0.05617 0.00740 -0.02587 -0.4020205 0.6124731 -0.4209355 -0.5348547 -0.3733685 0.2222555 0.871434 -0.2275988
0.19683 -0.39165 2.07814 -0.40941 -0.03117 1.83935 -0.00007 0.00744 -0.01487 0.01277 -0.01399 -0.01141 0.10896 0.10230 -0.01254 0.00128 0.12145 0.05836 -0.00831 0.00219 -0.4333738 0.6031371 -0.429497 -0.5137559 -0.3508693 0.2548982 0.8731661 -0.2224827
0.20416 -0.3886 2.07426 -0.4107 -0.02779 1.83746 0.00733 0.00305 -0.00388 -0.00129 0.00338 -0.00189 0.10883 0.10214 -0.00013 -0.00016 0.12337 0.05693 0.00192 -0.00143 -0.4136933 0.6337982 -0.4591932 -0.46508 -0.3350697 0.2165658 0.8904518 -0.2189133
0.2586 -0.38356 2.08237 -0.42001 -0.02019 1.84481 0.05444 0.00504 0.00811 -0.00931 0.00760 0.00735 0.07591 0.10509 -0.03292 0.00295 0.10995 0.05582 -0.01342 -0.00111 0.601074 -0.3531839 0.0707666 0.7134166 -0.4035581 0.1798213 0.8722981 -0.2095258
0.26847 -0.38518 2.082 -0.42203 -0.0166 1.84158 0.00987 -0.00162 -0.00037 -0.00202 0.00359 -0.00323 0.05938 0.10579 -0.01653 0.00070 0.12714 0.05636 0.01719 0.00054 0.5714 -0.4000148 0.0948928 0.7102715 -0.3720663 0.1546211 0.8896155 -0.2150423
0.28257 -0.39089 2.09354 -0.42426 -0.01333 1.84805 0.01410 -0.00571 0.01154 -0.00223 0.00327 0.00647 0.06543 0.10829 0.00605 0.00250 0.13430 0.05863 0.00716 0.00227 0.5170287 -0.5190007 0.1412474 0.6658594 -0.2792202 0.1256132 0.9263457 -0.2194107
0.29158 -0.40018 2.10301 -0.42653 -0.01104 1.85188 0.00901 -0.00929 0.00947 -0.00227 0.00229 0.00383 0.06508 0.10754 -0.00035 -0.00075 0.14385 0.05413 0.00955 -0.00450 0.477901 -0.5635892 0.1215602 0.6627225 -0.4831018 0.1707677 0.8386299 -0.1847992
0.30242 -0.41103 2.10063 -0.42921 -0.00896 1.85346 0.01084 -0.01085 -0.00238 -0.00268 0.00208 0.00158 0.06824 0.10624 0.00316 -0.00130 0.15690 0.05817 0.01305 0.00404 0.4420867 -0.6158149 0.034025 0.6512862 -0.3935384 0.1426857 0.8859998 -0.1994308
0.32585 -0.44885 2.12007 -0.43766 -0.00906 1.86068 0.02343 -0.03782 0.01944 -0.00845 -0.00010 0.00722 0.07681 0.10694 0.00857 0.00070 0.08285 0.05819 -0.07405 0.00002 -0.2477054 0.9366754 -0.2266136 -0.0996361 -0.2206447 0.0757292 0.9476611 -0.2179896
0.34263 -0.46989 2.1467 -0.44195 -0.00876 1.86699 0.01678 -0.02104 0.02663 -0.00429 0.00030 0.00631 0.08439 0.10563 0.00758 -0.00131 0.09536 0.05755 0.01251 -0.00064 0.2294119 0.0908637 -0.2323999 0.9407998 -0.2040403 0.073597 0.9490489 -0.228598
0.24989 -0.33736 2.26132 -0.45604 0.0022 1.94385 -0.09274 0.13253 0.11462 -0.01409 0.01096 0.07686 0.09707 0.10590 0.01268 0.00027 0.08089 0.06074 -0.01447 0.00319 0.5531815 0.4266159 -0.2031721 0.6860833 -0.0725958 0.0734681 0.9753119 -0.1951895
0.17588 -0.25978 2.14159 -0.44508 0.00921 1.8964 -0.07401 0.07758 -0.11973 0.01096 0.00701 -0.04745 0.12446 0.10643 0.02739 0.00053 0.11867 0.05235 0.03778 -0.00839 0.4936992 0.3379515 -0.423098 0.680469 -0.5323067 0.1639319 0.820757 -0.1270189
0.16731 -0.24322 2.12341 -0.44826 0.01557 1.90061 -0.00857 0.01656 -0.01818 -0.00318 0.00636 0.00421 0.11528 0.10664 -0.00918 0.00021 0.12242 0.06883 0.00375 0.01648 0.4380802 0.4005705 -0.472287 0.6515936 0.7417876 -0.1936279 -0.6373758 0.0775346
0.40706 -0.10601 2.14783 -0.46884 0.02262 1.97256 0.23975 0.13721 0.02442 -0.02058 0.00705 0.07195 0.09649 0.10719 -0.01879 0.00055 0.10120 0.05657 -0.02122 -0.01226 0.5180152 0.0894955 -0.4617341 0.7144596 -0.4596846 0.1440431 0.8655241 -0.1371491
0.40556 -0.15254 2.0994 -0.45583 0.02048 1.92158 -0.00150 -0.04653 -0.04843 0.01301 -0.00214 -0.05098 0.09524 0.10050 -0.00125 -0.00669 0.07975 0.05836 -0.02145 0.00179 0.0832083 0.0932856 0.0239718 0.9918666 -0.1190525 0.104463 0.966375 -0.2025671
0.37772 -0.20207 2.01402 -0.42988 0.01374 1.81552 -0.02784 -0.04953 -0.08538 0.02595 -0.00674 -0.10606 0.08975 0.09665 -0.00549 -0.00385 0.09951 0.05929 0.01976 0.00093 0.4743114 0.1067008 -0.4018082 0.7760115 -0.0308967 0.0995113 0.9668772 -0.2330053
0.3178 -0.31234 2.29381 -0.47298 0.00999 2.00439 -0.05992 -0.11027 0.27979 -0.04310 -0.00375 0.18887 0.10577 0.10750 0.01602 0.01085 0.08781 0.05232 -0.01170 -0.00697 0.620979 0.2308588 -0.0453661 0.7476839 -0.5316524 0.2347267 0.7981596 -0.1587144
0.2814 -0.33561 2.32561 -0.47005 0.00608 2.00032 -0.03640 -0.02327 0.03180 0.00293 -0.00391 -0.00407 0.16843 0.10491 0.06266 -0.00259 0.07454 0.06229 -0.01327 0.00997 0.5565557 0.38038 -0.0716182 0.7351378 -0.0860588 0.145125 0.9467737 -0.2741389
0.25213 -0.33067 2.32139 -0.46811 0.00312 1.99692 -0.02927 0.00494 -0.00422 0.00194 -0.00296 -0.00340 0.16884 0.10697 0.00041 0.00206 0.15299 0.05802 0.07845 -0.00427 -0.0698395 0.7878546 -0.5494715 -0.2692373 -0.4753566 0.2533929 0.8205751 -0.1910094
0.2315 -0.32237 2.23696 -0.45031 0.00183 1.92308 -0.02063 0.00830 -0.08443 0.01780 -0.00129 -0.07384 0.14702 0.10207 -0.02182 -0.00490 0.14764 0.05529 -0.00535 -0.00273 -0.1011097 0.796065 -0.5230763 -0.2871386 -0.4938266 0.0978158 0.7899845 -0.3499884
0.24645 -0.28115 2.25909 -0.46503 0.00294 1.97578 0.01495 0.04122 0.02213 -0.01472 0.00111 0.05270 0.16233 0.10394 0.01531 0.00187 0.14536 0.05306 -0.00228 -0.00223 -0.2273611 0.7614425 -0.4552157 -0.4016106 -0.4842463 0.2555297 0.8072435 -0.2203815
0.26111 -0.24422 2.13351 -0.45089 0.00373 1.89998 0.01466 0.03693 -0.12558 0.01414 0.00079 -0.07580 0.13411 0.09999 -0.02822 -0.00395 0.08466 0.05875 -0.06070 0.00569 0.0807514 0.7602497 -0.640655 -0.0711387 -0.1263254 -0.0737913 0.940751 -0.3059157
0.34908 -0.11247 2.04919 -0.48132 0.00375 1.959 0.08797 0.13175 -0.08432 -0.03043 0.00002 0.05902 0.09988 0.10657 -0.03423 0.00658 0.09485 0.06164 0.01019 0.00289 -0.2604519 0.6451789 -0.5348656 0.4794036 -0.1147028 0.1294817 0.9340596 -0.3124267
0.34177 0.04321 1.91321 -0.45737 0.00233 1.80867 -0.00731 0.15568 -0.13598 0.02395 -0.00142 -0.15033 0.10976 0.09868 0.00988 -0.00789 0.08852 0.05540 -0.00633 -0.00624 0.4527139 -0.4125727 0.7641841 -0.2021302 -0.089201 0.0863133 0.9196466 -0.3726169
0.3242 0.1187 1.90896 -0.45111 0.00087 1.79092 -0.01757 0.07549 -0.00425 0.00626 -0.00146 -0.01775 0.10313 0.10059 -0.00663 0.00191 0.06713 0.04909 -0.02139 -0.00631 0.28175 -0.2391894 0.9246662 -0.0916395 -0.5160723 0.2697355 0.7621885 -0.2828088
0.30341 0.11273 1.79158 -0.41972 -0.00064 1.68052 -0.02079 -0.00597 -0.11738 0.03139 -0.00151 -0.11040 0.09720 0.09392 -0.00593 -0.00667 0.06181 0.04513 -0.00532 -0.00396 0.31469 -0.2883379 0.899769 -0.0908142 -0.5003808 0.2741694 0.7731216 -0.277008
0.29716 0.10329 1.7705 -0.41181 -0.00098 1.66906 -0.00625 -0.00944 -0.02108 0.00791 -0.00034 -0.01146 0.09570 0.09368 -0.00150 -0.00024 0.05715 0.05331 -0.00466 0.00818 0.2687466 -0.3309128 0.8914379 -0.1536569 -0.0975727 0.1319608 0.9189022 -0.3587266
0.28589 0.08184 1.73007 -0.40164 -0.0042 1.64569 -0.01127 -0.02145 -0.04043 0.01017 -0.00322 -0.02337 0.09055 0.09201 -0.00515 -0.00167 0.05329 0.05138 -0.00386 -0.00193 0.2759242 -0.2960863 0.8897575 -0.2110219 -0.1319411 0.1579221 0.9141287 -0.3493149
0.27699 0.05596 1.72663 -0.40068 -0.00595 1.657 -0.00890 -0.02588 -0.00344 0.00096 -0.00175 0.01131 0.08943 0.09310 -0.00112 0.00109 0.05543 0.05306 0.00214 0.00168 0.2620929 -0.1677694 0.9246781 -0.2193881 -0.0887319 0.1494386 0.919606 -0.352306
0.26531 0.031 1.70003 -0.39643 -0.00802 1.64347 -0.01168 -0.02496 -0.02660 0.00425 -0.00207 -0.01353 0.08707 0.09168 -0.00236 -0.00142 0.05639 0.06485 0.00096 0.01179 0.268471 -0.1808695 0.9351313 -0.1440108 0.7039186 -0.3497468 -0.5985724 0.1545538
0.26426 0.01305 1.70907 -0.4009 -0.00874 1.66022 -0.00105 -0.01795 0.00904 -0.00447 -0.00072 0.01675 0.08892 0.09180 0.00185 0.00012 0.06184 0.04608 0.00545 -0.01877 0.2567173 -0.2170509 0.9216892 -0.1935826 -0.5277495 0.2905783 0.7605931 -0.2419562
0.26481 0.00734 1.69397 -0.40099 -0.00821 1.65265 0.00055 -0.00571 -0.01510 -0.00009 0.00053 -0.00757 0.08704 0.09280 -0.00188 0.00100 0.05419 0.04964 -0.00765 0.00356 0.2863252 -0.2255244 0.904608 -0.2209999 -0.4791307 0.2580304 0.7978284 -0.2594686
0.2683 0.00367 1.68241 -0.40208 -0.00703 1.64517 0.00349 -0.00367 -0.01156 -0.00109 0.00118 -0.00748 0.08729 0.09346 0.00025 0.00066 0.06525 0.05373 0.01106 0.00409 0.2227482 -0.1944213 0.9229969 -0.2462931 -0.1251673 0.1159541 0.9269579 -0.3341211
0.27082 0.00479 1.68133 -0.40341 -0.00491 1.64621 0.00252 0.00112 -0.00108 -0.00133 0.00212 0.00104 0.08870 0.09110 0.00141 -0.00236 0.06169 0.05213 -0.00356 -0.00160 0.3910495 -0.2260458 0.8674276 -0.2086938 -0.0794836 0.0900964 0.9375798 -0.3263575
0.27186 0.00615 1.67562 -0.404 -0.00501 1.64338 0.00104 0.00136 -0.00571 -0.00059 -0.00010 -0.00283 0.08828 0.09136 -0.00042 0.00026 0.05182 0.05176 -0.00987 -0.00037 0.5031294 -0.243549 0.8108208 -0.1735349 -0.3844365 0.1770923 0.8652579 -0.2686551
0.26808 0.00665 1.64085 -0.39555 -0.00378 1.6088 -0.00378 0.00050 -0.03477 0.00845 0.00123 -0.03458 0.08962 0.08967 0.00134 -0.00169 0.05709 0.05095 0.00527 -0.00081 0.4498673 -0.1800789 0.8367286 -0.2551002 -0.1343053 0.0932218 0.9413208 -0.2952744
0.27657 0.00767 1.67609 -0.40445 -0.00364 1.64408 0.00849 0.00102 0.03524 -0.00890 0.00014 0.03528 0.08939 0.08876 -0.00023 -0.00091 0.05336 0.05344 -0.00373 0.00249 0.4243264 -0.2660171 0.8475537 -0.1755981 -0.0588515 0.065605 0.9524475 -0.2916784
0.27324 0.00714 1.64033 -0.39437 -0.00409 1.6097 -0.00333 -0.00053 -0.03576 0.01008 -0.00045 -0.03438 0.08766 0.08853 -0.00173 -0.00023 0.05674 0.05083 0.00338 -0.00261 0.4191036 -0.1899968 0.8436829 -0.2765002 -0.4179781 0.1740175 0.8607256 -0.2327307
0.27539 0.00736 1.6373 -0.39298 -0.00489 1.60872 0.00215 0.00022 -0.00303 0.00139 -0.00080 -0.00098 0.08601 0.08774 -0.00165 -0.00079 0.05885 0.05070 0.00211 -0.00013 0.3658298 -0.1531669 0.8637262 -0.3109428 -0.4134297 0.1799171 0.8618054 -0.2323726
0.28228 0.00651 1.68114 -0.40241 -0.00637 1.65379 0.00689 -0.00085 0.04384 -0.00943 -0.00148 0.04507 0.08735 0.09114 0.00134 0.00340 0.05835 0.05259 -0.00050 0.00189 0.2963259 -0.275559 0.8956494 -0.1845817 -0.1483656 0.1126596 0.944555 -0.2703913
0.27233 0.00603 1.63233 -0.38849 -0.00602 1.60728 -0.00995 -0.00048 -0.04881 0.01392 0.00035 -0.04651 0.08550 0.08832 -0.00185 -0.00282 0.07019 0.05184 0.01184 -0.00075 0.1900146 -0.1138335 0.9196066 -0.3244382 -0.1119639 0.1166758 0.9486716 -0.2717958
0.27593 0.00561 1.6737 -0.39661 -0.00658 1.64902 0.00360 -0.00042 0.04137 -0.00812 -0.00056 0.04174 0.08703 0.09053 0.00153 0.00221 0.05624 0.05293 -0.01395 0.00109 0.3133883 -0.2707998 0.8918087 -0.1820234 -0.1230354 0.1296855 0.9460093 -0.2703893
0.27268 0.0053 1.66852 -0.39386 -0.00557 1.64601 -0.00325 -0.00031 -0.00518 0.00275 0.00101 -0.00301 0.08825 0.09206 0.00122 0.00153 0.05994 0.05090 0.00370 -0.00203 0.2663171 -0.2665946 0.905478 -0.1952233 -0.4354219 0.2126967 0.8513483 -0.2009326
0.27195 0.00579 1.67187 -0.39519 -0.0042 1.65094 -0.00073 0.00049 0.00335 -0.00133 0.00137 0.00493 0.08954 0.09125 0.00129 -0.00081 0.05936 0.05373 -0.00058 0.00283 0.2589991 -0.2678113 0.9077644 -0.1927697 -0.1128256 0.1214329 0.9526407 -0.2549512
0.29392 0.00784 1.8094 -0.4305 -0.00316 1.78835 0.02197 0.00205 0.13753 -0.03531 0.00104 0.13741 0.09667 0.10106 0.00713 0.00981 0.06484 0.05426 0.00548 0.00053 0.2360711 -0.2573341 0.9151381 -0.2014246 -0.4355094 0.1859863 0.8589412 -0.1948349
0.26791 0.0069 1.64711 -0.39365 -0.00167 1.6304 -0.02601 -0.00094 -0.16229 0.03685 0.00149 -0.15795 0.09072 0.09059 -0.00595 -0.01047 0.05894 0.05048 -0.00590 -0.00378 0.2532819 -0.2549457 0.9114708 -0.2001799 -0.3866653 0.1676923 0.8789267 -0.2232872
0.27093 0.00822 1.66412 -0.40172 0.00235 1.64941 0.00302 0.00132 0.01701 -0.00807 0.00402 0.01901 0.09045 0.09140 -0.00027 0.00081 0.06300 0.05527 0.00406 0.00479 0.2077481 -0.2424803 0.922748 -0.2158243 -0.1406973 0.0824049 0.9563934 -0.2423331
0.27202 0.00855 1.66578 -0.40452 0.00283 1.65272 0.00109 0.00033 0.00166 -0.00280 0.00048 0.00331 0.08956 0.09029 -0.00089 -0.00111 0.06172 0.05612 -0.00128 0.00085 0.2038547 -0.2357121 0.9249609 -0.2175554 -0.1353302 0.0736033 0.9566903 -0.2470059
0.27422 0.00871 1.66432 -0.40776 0.00353 1.65432 0.00220 0.00016 -0.00146 -0.00324 0.00070 0.00160 0.08944 0.08948 -0.00012 -0.00081 0.06763 0.05074 0.00591 -0.00538 0.119585 -0.2069938 0.9393777 -0.24581 -0.4554094 0.1473252 0.852055 -0.2118956
0.28053 0.00957 1.66441 -0.4129 0.00276 1.65799 0.00631 0.00086 0.00009 -0.00514 -0.00077 0.00367 0.09107 0.09296 0.00163 0.00348 0.06457 0.05525 -0.00306 0.00451 0.1430289 -0.1872421 0.9390598 -0.2502997 -0.1531221 0.0534222 0.954649 -0.2496899
0.2809 0.01304 1.66222 -0.41225 0.00274 1.65756 0.00037 0.00347 -0.00219 0.00065 -0.00002 -0.00043 0.09179 0.09114 0.00072 -0.00182 0.06392 0.05366 -0.00065 -0.00159 0.2120239 -0.2008801 0.9266061 -0.2368421 -0.067402 0.042743 0.9618177 -0.2617951
0.27449 0.01503 1.65937 -0.40843 0.00123 1.65686 -0.00641 0.00199 -0.00285 0.00382 -0.00151 -0.00070 0.09535 0.09543 0.00356 0.00429 0.06635 0.05095 0.00243 -0.00271 0.2126547 -0.2219642 0.9228319 -0.2321447 -0.364958 0.1531433 0.8859333 -0.2418162
0.27474 0.01987 1.75378 -0.42106 0.0004 1.75181 0.00025 0.00484 0.09441 -0.01263 -0.00083 0.09495 0.10436 0.10155 0.00901 0.00612 0.06789 0.05285 0.00154 0.00190 0.2325478 -0.3054762 0.9068032 -0.1741086 -0.3823315 0.2147695 0.8666627 -0.2378914
0.19769 0.03136 1.76619 -0.36926 -0.00137 1.77622 -0.07705 0.01149 0.01241 0.05180 -0.00177 0.02441 0.09919 0.11149 -0.00517 0.00994 0.07828 0.05190 0.01039 -0.00095 -0.0956314 -0.1564972 0.9521536 -0.2444723 -0.3226023 0.1717118 0.9064283 -0.2117321
0.07724 0.01628 1.6952 -0.23587 0.00307 1.69832 -0.12045 -0.01508 -0.07099 0.13339 0.00444 -0.07790 0.10886 0.10844 0.00967 -0.00305 0.07755 0.04582 -0.00073 -0.00608 -0.1991302 -0.2637858 0.9102241 -0.249512 -0.4263674 0.1896748 0.8702723 -0.1576723
-0.04466 0.04023 1.80094 -0.08665 0.04413 1.79486 -0.12190 0.02395 0.10574 0.14922 0.04106 0.09654 0.10811 0.09286 -0.00075 -0.01558 0.07658 0.06878 -0.00097 0.02296 -0.5767668 -0.2506064 0.6880773 -0.362058 -0.6931809 0.2830978 0.6518797 0.1200362
-0.06107 0.06438 1.8011 -0.0863 0.05407 1.79732 -0.01641 0.02415 0.00016 0.00035 0.00994 0.00246 0.09693 0.10754 -0.01118 0.01468 0.08644 0.08905 0.00986 0.02027 -0.5554482 -0.2598643 0.7160283 -0.3335437 -0.6033262 0.2606387 0.7490911 0.0832319
0.03741 0.06073 1.79957 -0.13472 0.04629 1.77842 0.09848 -0.00365 -0.00153 -0.04842 -0.00778 -0.01890 0.11379 0.17944 0.01686 0.07190 0.04084 0.06779 -0.04560 -0.02126 0.8891819 -0.1563794 -0.4279901 -0.0415401 0.7303887 -0.1227028 -0.6678861 0.0735148
0.09296 0.08512 1.85484 -0.20567 0.0487 1.83606 0.05555 0.02439 0.05527 -0.07095 0.00241 0.05764 0.10705 0.10554 -0.00674 -0.07390 0.06998 0.06291 0.02914 -0.00488 0.9144964 -0.2189469 -0.2307807 0.2499979 -0.3988279 -0.1188903 0.8602767 -0.2944917
0.30153 0.08703 1.88598 -0.38711 0.06846 1.90954 0.20857 0.00191 0.03114 -0.18144 0.01976 0.07348 0.10306 0.10369 -0.00399 -0.00185 0.08131 0.05092 0.01133 -0.01199 0.9509248 -0.2463965 -0.0557261 0.1786771 -0.5143013 0.2093428 0.8290272 -0.0662083
0.30366 0.07751 1.84544 -0.38764 0.05174 1.8715 0.00213 -0.00952 -0.04054 -0.00053 -0.01672 -0.03804 0.09888 0.11390 -0.00418 0.01021 0.05381 0.05741 -0.02750 0.00649 0.9597325 -0.243057 -0.0055808 0.1407324 -0.3158266 0.3390829 0.8338521 -0.2999449
0.30766 0.07366 1.89997 -0.39703 0.04873 1.92393 0.00400 -0.00385 0.05453 -0.00939 -0.00301 0.05243 0.10047 0.11621 0.00159 0.00231 0.06614 0.05989 0.01233 0.00248 0.9004822 -0.185451 -0.3138981 0.2370818 -0.3857449 0.2137968 0.8914603 -0.1038772
0.29989 0.0677 1.90513 -0.39294 0.04541 1.92571 -0.00777 -0.00596 0.00516 0.00409 -0.00332 0.00178 0.10017 0.11570 -0.00030 -0.00051 0.04842 0.05626 -0.01772 -0.00363 0.8840048 -0.1559825 -0.3460766 0.2728294 -0.5577769 0.2475006 0.7910373 -0.0434556
0.29016 0.06389 1.90869 -0.39 0.04122 1.92923 -0.00973 -0.00381 0.00356 0.00294 -0.00419 0.00352 0.10032 0.11630 0.00015 0.00060 0.05112 0.05922 0.00270 0.00296 0.921645 -0.1814813 -0.2067196 0.2736823 -0.4991159 0.2505588 0.828257 -0.0457616
0.2827 0.06243 1.90899 -0.38435 0.04383 1.93015 -0.00746 -0.00146 0.00030 0.00565 0.00261 0.00092 0.10235 0.11415 0.00203 -0.00215 0.05350 0.07087 0.00238 0.01165 0.941951 -0.2398005 -0.0051091 0.2349423 -0.6036209 0.2541735 0.7556654 -0.0027206
0.27522 0.06003 1.91747 -0.38186 0.04301 1.93756 -0.00748 -0.00240 0.00848 0.00249 -0.00082 0.00741 0.10380 0.11624 0.00145 0.00209 0.06143 0.05482 0.00793 -0.01605 0.9394624 -0.2137795 -0.0611543 0.2607083 -0.4855606 0.2431319 0.8392348 -0.0283325
0.26947 0.06246 1.91857 -0.37567 0.04415 1.93966 -0.00575 0.00243 0.00110 0.00619 0.00114 0.00210 0.10105 0.11524 -0.00275 -0.00100 0.05482 0.05386 -0.00661 -0.00096 0.9426004 -0.238898 0.0383867 0.2301279 -0.4526569 0.2412727 0.858047 -0.0253881
0.26458 0.06167 1.92403 -0.37276 0.04204 1.94305 -0.00489 -0.00079 0.00546 0.00291 -0.00211 0.00339 0.10299 0.11827 0.00194 0.00303 0.06072 0.06080 0.00590 0.00694 0.9030956 -0.1392287 -0.27637 0.297747 -0.3573309 0.2313375 0.903437 -0.0509826
0.26292 0.06379 1.93178 -0.37259 0.04302 1.94827 -0.00166 0.00212 0.00775 0.00017 0.00098 0.00522 0.10475 0.11876 0.00176 0.00049 0.06116 0.06254 0.00044 0.00174 0.9482491 -0.2178405 0.0499065 0.2255625 -0.3194438 0.2126315 0.921654 -0.0574223
0.26098 0.06419 1.93614 -0.37226 0.04281 1.94863 -0.00194 0.00040 0.00436 0.00033 -0.00021 0.00036 0.10346 0.11938 -0.00129 0.00062 0.05525 0.05311 -0.00591 -0.00943 0.9522319 -0.1963391 0.0086681 0.2337312 -0.4695903 0.2123346 0.8566558 -0.0232348
0.2618 0.05935 1.94003 -0.37136 0.04262 1.94678 0.00082 -0.00484 0.00389 0.00090 -0.00019 -0.00185 0.10593 0.11732 0.00247 -0.00206 0.05909 0.06176 0.00384 0.00865 0.9454502 -0.1621393 -0.1190231 0.2562579 -0.3433245 0.2054239 0.9142017 -0.0645324
0.26338 0.05448 1.94065 -0.37005 0.03911 1.94597 0.00158 -0.00487 0.00062 0.00131 -0.00351 -0.00081 0.10195 0.11690 -0.00398 -0.00042 0.05763 0.06357 -0.00146 0.00181 0.9495547 -0.1927688 -0.0614979 0.2395913 -0.159843 0.1935093 0.9604121 -0.1208844
0.26385 0.04018 1.94112 -0.36531 0.03044 1.94162 0.00047 -0.01430 0.00047 0.00474 -0.00867 -0.00435 0.09897 0.11153 -0.00298 -0.00537 0.05593 0.06045 -0.00170 -0.00312 0.9376277 -0.2151299 -0.1017527 0.2534163 -0.3785621 0.2517055 0.8860255 -0.0910716
0.26272 0.01318 1.9389 -0.35706 0.01285 1.93516 -0.00113 -0.02700 -0.00222 0.00825 -0.01759 -0.00646 0.09781 0.10991 -0.00116 -0.00162 0.06951 0.06186 0.01358 0.00141 0.8984254 -0.2114421 -0.2323501 0.3068184 -0.3457187 0.2968752 0.880263 -0.1322148
0.25856 -0.03071 1.9268 -0.34277 -0.0193 1.91951 -0.00416 -0.04389 -0.01210 0.01429 -0.03215 -0.01565 0.09960 0.10680 0.00179 -0.00311 0.05152 0.05779 -0.01799 -0.00407 0.8586866 -0.2183566 -0.325053 0.3306332 -0.3859177 0.3330119 0.8505587 -0.1293083
0.24707 -0.08071 1.89672 -0.32271 -0.0673 1.89526 -0.01149 -0.05000 -0.03008 0.02006 -0.04800 -0.02425 0.09366 0.10190 -0.00594 -0.00490 0.06369 0.05536 0.01217 -0.00243 0.8681769 -0.3632938 -0.1332661 0.3106872 -0.3821718 0.3849303 0.8275529 -0.1446704
0.23303 -0.14923 1.88167 -0.29911 -0.12843 1.8867 -0.01404 -0.06852 -0.01505 0.02360 -0.06113 -0.00856 0.09073 0.09573 -0.00293 -0.00617 0.04303 0.05306 -0.02066 -0.00230 0.8276448 -0.2748869 -0.3087473 0.3796267 -0.3712186 0.3413024 0.8432758 -0.1859983
0.19609 -0.32363 1.82856 -0.22464 -0.2937 1.85189 -0.03694 -0.17440 -0.05311 0.07447 -0.16527 -0.03481 0.05436 0.07810 -0.03637 -0.01763 0.05468 0.03847 0.01165 -0.01459 0.4136524 -0.4640596 -0.1818942 0.7618759 -0.536766 0.5442306 0.6185054 -0.1820617
0.19405 -0.43853 1.883 -0.19833 -0.40913 1.89103 -0.00204 -0.11490 0.05444 0.02631 -0.11543 0.03914 0.07459 0.07222 0.02023 -0.00588 0.06403 0.07931 0.00935 0.04084 0.6160765 -0.3977466 -0.3734172 0.568161 -0.2807474 0.519239 0.7027254 -0.3971761
0.1641 -0.53942 1.81005 -0.17018 -0.48667 1.79252 -0.02995 -0.10089 -0.07295 0.02815 -0.07754 -0.09851 0.12716 0.11422 0.05257 0.04200 0.09142 0.05641 0.02739 -0.02290 0.1478059 0.1088397 -0.4758859 0.8601395 -0.4339786 0.792959 0.4090228 -0.124816
0.15664 -0.61042 1.81394 -0.14967 -0.59602 1.82508 -0.00746 -0.07100 0.00389 0.02051 -0.10935 0.03256 0.12676 0.11636 -0.00040 0.00214 0.06392 0.07258 -0.02750 0.01617 0.176496 -0.4854988 0.5370325 -0.6668853 -0.2474001 0.6895655 0.4514319 -0.5094131
0.15431 -0.66292 1.85081 -0.16758 -0.64814 1.88656 -0.00233 -0.05250 0.03687 -0.01791 -0.05212 0.06148 0.12481 0.13217 -0.00195 0.01581 0.07254 0.08548 0.00862 0.01290 -0.2715472 0.6401932 -0.4688306 0.5446216 -0.2117106 0.6201423 0.4687964 -0.5923108
0.15872 -0.66361 1.85047 -0.15013 -0.65136 1.88196 0.00441 -0.00069 -0.00034 0.01745 -0.00322 -0.00460 0.13141 0.12627 0.00660 -0.00590 0.07590 0.09018 0.00336 0.00470 -0.2920834 0.594478 -0.5231034 0.5363265 -0.1926304 0.5991277 0.5271459 -0.5710139
0.16808 -0.66207 1.87312 -0.15026 -0.64983 1.89356 0.00936 0.00154 0.02265 -0.00013 0.00153 0.01160 0.13280 0.12609 0.00139 -0.00018 0.07725 0.08754 0.00135 -0.00264 -0.2805639 0.5638182 -0.5314752 0.5665044 -0.2207679 0.6052148 0.5363366 -0.5452703
0.17491 -0.66044 1.87642 -0.15247 -0.64583 1.88801 0.00683 0.00163 0.00330 -0.00221 0.00400 -0.00555 0.13394 0.12738 0.00114 0.00129 0.07699 0.08589 -0.00026 -0.00165 -0.3184461 0.597165 -0.5104728 0.530475 -0.25817 0.6239007 0.525027 -0.5181147
0.19786 -0.60564 1.79977 -0.14551 -0.61259 1.78761 0.02295 0.05480 -0.07665 0.00696 0.03324 -0.10040 0.11610 0.11950 -0.01784 -0.00788 0.06677 0.07778 -0.01022 -0.00811 -0.3284111 0.7111514 -0.4128892 0.4646853 -0.2633601 0.6316687 0.5169417 -0.5142055
0.33877 -0.63159 1.85433 -0.14932 -0.62386 1.81316 0.14091 -0.02595 0.05456 -0.00381 -0.01127 0.02555 0.10281 0.11818 -0.01329 -0.00132 0.04898 0.08066 -0.01779 0.00288 0.5237487 -0.5319784 0.4309276 -0.5069396 -0.2298514 0.6388045 0.5151839 -0.5231469
0.38033 -0.63672 1.87099 -0.14989 -0.62481 1.81595 0.04156 -0.00513 0.01666 -0.00057 -0.00095 0.00279 0.11089 0.12086 0.00808 0.00268 0.04237 0.08093 -0.00661 0.00027 -0.5596498 0.4662098 -0.3482217 0.5900697 -0.2202302 0.6311626 0.5206863 -0.5310538
0.48594 -0.70142 2.00428 -0.15282 -0.642 1.86327 0.10561 -0.06470 0.13329 -0.00293 -0.01719 0.04732 0.15737 0.12389 0.04648 0.00303 0.09973 0.08372 0.05736 0.00279 -0.3052376 0.2224175 -0.4531016 0.8075019 -0.2246505 0.6380827 0.5164443 -0.5250407
0.5361 -0.69397 1.85863 -0.14563 -0.60981 1.77032 0.05016 0.00745 -0.14565 0.00719 0.03219 -0.09295 0.11367 0.11651 -0.04370 -0.00738 0.14441 0.07958 0.04468 -0.00414 -0.2994801 0.0106952 -0.5106108 0.8058993 -0.2199972 0.6302635 0.5214656 -0.5314534
0.55557 -0.71752 1.89021 -0.1479 -0.61376 1.78863 0.01947 -0.02355 0.03158 -0.00227 -0.00395 0.01831 0.13358 0.11688 0.01991 0.00037 0.08545 0.08076 -0.05896 0.00118 -0.4828365 0.339895 -0.3270026 0.7378413 -0.2092482 0.6254942 0.5203531 -0.5424066
0.55734 -0.72459 1.89575 -0.14925 -0.61313 1.79081 0.00177 -0.00707 0.00554 -0.00135 0.00063 0.00218 0.13208 0.11777 -0.00150 0.00089 0.08014 0.08019 -0.00531 -0.00057 -0.5368716 0.5220821 -0.1899352 0.6349202 -0.2038468 0.6219209 0.5186886 -0.5501117
0.55628 -0.72586 1.88755 -0.19337 -0.58521 1.85161 -0.00106 -0.00127 -0.00820 -0.04412 0.02792 0.06080 0.13246 0.13584 0.00038 0.01807 0.06917 0.07447 -0.01097 -0.00572 -0.4811731 0.3631777 -0.3240595 0.7290815 -0.1318026 0.5280532 0.4965729 -0.676168
0.55401 -0.73872 1.9054 -0.19297 -0.59435 1.85991 -0.00227 -0.01286 0.01785 0.00040 -0.00914 0.00830 0.13047 0.13352 -0.00199 -0.00232 0.07567 0.07531 0.00650 0.00084 -0.4283985 0.3007706 -0.3874498 0.7588772 -0.1370027 0.5332545 0.4951585 -0.6720774
0.55467 -0.73713 1.90628 -0.19376 -0.59024 1.86788 0.00066 0.00159 0.00088 -0.00079 0.00411 0.00797 0.13690 0.13384 0.00643 0.00032 0.07786 0.07643 0.00219 0.00112 -0.5325938 0.4886148 -0.2602838 0.6401968 -0.1212765 0.5306491 0.4881395 -0.6822194
0.55508 -0.73921 1.90528 -0.19335 -0.58908 1.87206 0.00041 -0.00208 -0.00100 0.00041 0.00116 0.00418 0.12705 0.13183 -0.00985 -0.00201 0.07818 0.07198 0.00032 -0.00445 -0.5445084 0.5043564 -0.2599884 0.6176903 -0.1124722 0.529801 0.4946856 -0.6796669
0.55648 -0.73822 1.9087 -0.19182 -0.58979 1.87353 0.00140 0.00099 0.00342 0.00153 -0.00071 0.00147 0.12657 0.13611 -0.00048 0.00428 0.07697 0.07448 -0.00121 0.00250 -0.5532677 0.490212 -0.2678589 0.6179311 -0.1091273 0.5395743 0.4922193 -0.6742929
0.55808 -0.73759 1.90824 -0.19112 -0.58944 1.87322 0.00160 0.00063 -0.00046 0.00070 0.00035 -0.00031 0.10433 0.13320 -0.02224 -0.00291 0.07777 0.07511 0.00080 0.00063 -0.5591914 0.4737989 -0.291733 0.6145824 -0.1192049 0.5401141 0.505897 -0.6619177
0.55952 -0.73917 1.9093 -0.14126 -0.61561 1.7989 0.00144 -0.00158 0.00106 0.04986 -0.02617 -0.07432 0.12441 0.12359 0.02008 -0.00961 0.08320 0.07954 0.00543 0.00443 -0.5613939 0.4720874 -0.2981895 0.610781 -0.1996913 0.6426305 0.5212253 -0.5248557
0.54625 -0.72205 1.86528 -0.13964 -0.60075 1.75569 -0.01327 0.01712 -0.04402 0.00162 0.01486 -0.04321 0.09887 0.11868 -0.02554 -0.00491 0.08074 0.07763 -0.00246 -0.00191 -0.5766711 0.4966513 -0.2816619 0.5843411 -0.1554139 0.6708527 0.5023986 -0.5228755
0.56019 -0.7397 1.91021 -0.18938 -0.59383 1.86964 0.01394 -0.01765 0.04493 -0.04974 0.00692 0.11395 0.12217 0.13265 0.02330 0.01397 0.06394 0.08503 -0.01680 0.00740 -0.4721008 0.3019836 -0.4357784 0.7042896 -0.1440804 0.5849012 0.4854605 -0.6336084
0.544 -0.7163 1.84894 -0.12981 -0.60285 1.72588 -0.01619 0.02340 -0.06127 0.05957 -0.00902 -0.14376 0.09733 0.12665 -0.02484 -0.00600 0.08624 0.07898 0.02230 -0.00605 -0.5780302 0.4804811 -0.2839154 0.5953243 -0.2245225 0.6303343 0.5754781 -0.4702057
0.54802 -0.71933 1.85692 -0.13315 -0.60288 1.73637 0.00402 -0.00303 0.00798 -0.00334 -0.00003 0.01049 0.11895 0.12432 0.02162 -0.00233 0.08037 0.07895 -0.00587 -0.00003 -0.5776338 0.4683477 -0.288035 0.6033452 -0.2080297 0.6633511 0.5400901 -0.474333
0.54653 -0.72015 1.86234 -0.13217 -0.6052 1.73915 -0.00149 -0.00082 0.00542 0.00098 -0.00232 0.00278 0.12338 0.12338 0.00443 -0.00094 0.08171 0.07947 0.00134 0.00052 -0.5770243 0.4724306 -0.2960396 0.5968357 -0.2015547 0.6711997 0.5300578 -0.4773945
0.56244 -0.74119 1.91746 -0.19307 -0.59725 1.87864 0.01591 -0.02104 0.05512 -0.06090 0.00795 0.13949 0.13239 0.08650 0.00901 -0.03688 0.08015 0.07896 -0.00156 -0.00051 -0.5747048 0.4673272 -0.3077485 0.5971687 -0.1267899 0.5240836 0.4964398 -0.6803001
0.54551 -0.71617 1.85137 -0.12599 -0.60432 1.72617 -0.01693 0.02502 -0.06609 0.06708 -0.00707 -0.15247 0.10225 0.12685 -0.03014 0.04035 0.07017 0.07758 -0.00998 -0.00138 -0.4746948 0.2872118 -0.4488847 0.7004833 -0.2715032 0.6796439 0.5517939 -0.3998671
0.56412 -0.74217 1.92114 -0.1913 -0.59755 1.88037 0.01861 -0.02600 0.06977 -0.06531 0.00677 0.15420 0.10630 0.14034 0.00405 0.01349 0.09072 0.08364 0.02055 0.00606 0.5931391 -0.498431 0.2763815 -0.5686527 -0.1452496 0.5624057 0.5014142 -0.6412379
0.56624 -0.74382 1.92005 -0.14438 -0.62036 1.80602 0.00212 -0.00165 -0.00109 0.04692 -0.02281 -0.07435 0.12269 0.12221 0.01639 -0.01813 0.08956 0.08127 -0.00116 -0.00237 -0.576188 0.4660466 -0.3038335 0.598743 -0.2014242 0.6289641 0.5295162 -0.5323956
0.56252 -0.7434 1.92233 -0.19543 -0.58686 1.90192 -0.00372 0.00042 0.00228 -0.05105 0.03350 0.09590 0.07278 0.14033 -0.04991 0.01812 0.09425 0.08082 0.00469 -0.00045 0.5869197 -0.4970486 0.29235 -0.5683304 -0.0984055 0.5624536 0.5127615 -0.6411225
0.55206 -0.72638 1.87859 -0.1333 -0.6095 1.75537 -0.01046 0.01702 -0.04374 0.06213 -0.02264 -0.14655 0.10442 0.11922 0.03164 -0.02111 0.06855 0.07913 -0.02570 -0.00169 -0.4746095 0.297425 -0.4598837 0.6890509 -0.1725864 0.6833899 0.5051618 -0.4979998
0.56192 -0.7444 1.92249 -0.19612 -0.59954 1.88097 0.00986 -0.01802 0.04390 -0.06282 0.00996 0.12560 0.13886 0.08780 0.03444 -0.03142 0.09039 0.07600 0.02184 -0.00313 0.591938 -0.5127002 0.2859811 -0.5522344 -0.1172664 0.5059623 0.5118408 -0.6843024
0.54464 -0.7203 1.86233 -0.13241 -0.6052 1.73632 -0.01728 0.02410 -0.06016 0.06371 -0.00566 -0.14465 0.12633 0.12534 -0.01253 0.03754 0.08399 0.07957 -0.00640 0.00357 0.5858577 -0.4936925 0.3012383 -0.5677095 -0.2310003 0.6369036 0.5775603 -0.4554302
0.56415 -0.74211 1.91864 -0.19799 -0.5996 1.87639 0.01951 -0.02181 0.05631 -0.06558 0.00560 0.14007 0.10069 0.08711 -0.02564 -0.03823 0.08371 0.07583 -0.00028 -0.00374 0.5921593 -0.4906948 0.2935599 -0.5677927 -0.1315796 0.4974578 0.5127757 -0.687229
0.5647 -0.74065 1.91702 -0.19792 -0.59862 1.87563 0.00055 0.00146 -0.00162 0.00007 0.00098 -0.00076 0.06892 0.08700 -0.03177 -0.00011 0.08717 0.07785 0.00346 0.00202 -0.5843886 0.4656088 -0.3153614 0.5850177 -0.1393629 0.5117756 0.5076984 -0.6789008
0.56517 -0.74079 1.91577 -0.19824 -0.5991 1.87507 0.00047 -0.00014 -0.00125 -0.00032 -0.00048 -0.00056 0.13464 0.08684 0.06572 -0.00016 0.08292 0.07506 -0.00425 -0.00279 0.5958017 -0.4879509 0.2950253 -0.5655832 -0.1285351 0.4950476 0.5085428 -0.6926693
0.56042 -0.74053 1.91467 -0.19822 -0.59859 1.87351 -0.00475 0.00026 -0.00110 0.00002 0.00051 -0.00156 0.13510 0.08741 0.00046 0.00057 0.08942 0.07487 0.00650 -0.00019 0.588596 -0.4953595 0.3068869 -0.5603519 -0.1269286 0.491269 0.5097548 -0.6947619
0.56328 -0.74144 1.91603 -0.19743 -0.59888 1.87482 0.00286 -0.00091 0.00136 0.00079 -0.00029 0.00131 0.12830 0.08740 -0.00680 -0.00001 0.08681 0.07703 -0.00261 0.00216 0.5902215 -0.4899993 0.2985917 -0.5677871 -0.128213 0.5045858 0.5071573 -0.6868376
0.56199 -0.74232 1.91762 -0.19814 -0.59923 1.87661 -0.00129 -0.00088 0.00159 -0.00071 -0.00035 0.00179 0.07054 0.08745 -0.05776 0.00005 0.09519 0.07694 0.00838 -0.00009 0.5850243 -0.4889537 0.3089091 -0.5685473 -0.1271009 0.4997004 0.5083156 -0.6897537
]
