classifier_Man_jumps_on_house_25487 [ 0.55597 -0.63139 1.65338 -0.43132 -0.77237 1.86444 0.55597 -0.63139 1.65338 -0.43132 -0.77237 1.86444 0.14027 0.00512 0.14027 0.00512 0.13412 0.02709 0.13412 0.02709 -0.5247723 0.3646374 -0.398306 0.6580318 -0.1393554 0.9836257 -0.114024 0.007683
0.55464 -0.63053 1.65311 -0.43135 -0.77231 1.86449 -0.00133 0.00086 -0.00027 -0.00003 0.00006 0.00005 0.14566 0.00511 0.00539 -0.00001 0.11725 0.02711 -0.01687 0.00002 -0.5301406 0.3768661 -0.393124 0.649905 -0.139354 0.9836257 -0.1140258 0.0076964
0.55551 -0.63163 1.6525 -0.43103 -0.77226 1.86287 0.00087 -0.00110 -0.00061 0.00032 0.00005 -0.00162 0.14308 0.00511 -0.00258 0.00000 0.12824 0.02624 0.01099 -0.00087 -0.5242749 0.3689802 -0.3952862 0.6578285 -0.1393657 0.9836262 -0.1140126 0.0076058
0.55368 -0.63109 1.65366 -0.43129 -0.77214 1.86306 -0.00183 0.00054 0.00116 -0.00026 0.00012 0.00019 0.14339 0.00511 0.00031 0.00000 0.12630 0.02624 -0.00194 0.00000 -0.5261163 0.3759362 -0.3940368 0.6531528 -0.1393574 0.9836256 -0.1140226 0.0076769
0.55673 -0.63188 1.65269 -0.43093 -0.772 1.86165 0.00305 -0.00079 -0.00097 0.00036 0.00014 -0.00141 0.13797 0.00511 -0.00542 0.00000 0.12489 0.02546 -0.00141 -0.00078 -0.5273184 0.3707387 -0.3885905 0.6583963 -0.1393806 0.9836267 -0.1139968 0.0074952
0.55449 -0.63177 1.65439 -0.43079 -0.77187 1.86118 -0.00224 0.00011 0.00170 0.00014 0.00013 -0.00047 0.14347 0.00512 0.00550 0.00001 0.12528 0.02513 0.00039 -0.00033 -0.5256155 0.3758657 -0.388245 0.6570534 -0.1393869 0.9836273 -0.1139888 0.0074391
0.55341 -0.63091 1.65475 -0.43057 -0.77148 1.85973 -0.00108 0.00086 0.00036 0.00022 0.00039 -0.00145 0.14024 0.00511 -0.00323 -0.00001 0.12778 0.02439 0.00250 -0.00074 -0.5234866 0.372688 -0.394786 0.6566654 -0.1393972 0.9836278 -0.1139766 0.0073543
0.55289 -0.63058 1.6537 -0.43024 -0.77087 1.85714 -0.00052 0.00033 -0.00105 0.00033 0.00061 -0.00259 0.14592 0.00511 0.00568 0.00000 0.12701 0.02396 -0.00077 -0.00043 -0.5253493 0.3782825 -0.3934322 0.6527799 -0.1394165 0.9836287 -0.1139552 0.0072071
0.55359 -0.63127 1.65308 -0.44061 -0.711 1.98776 0.00070 -0.00069 -0.00062 -0.01037 0.05987 0.13062 0.13860 0.01167 -0.00732 0.00656 0.11388 0.03861 -0.01313 0.01465 -0.5263915 0.3815189 -0.3877932 0.6534308 0.4583656 0.8666239 -0.1960204 -0.0209735
0.55281 -0.63005 1.65051 -0.40714 -0.63943 1.88319 -0.00078 0.00122 -0.00257 0.03347 0.07157 -0.10457 0.14267 0.08411 0.00407 0.07244 0.12968 0.05066 0.01580 0.01205 -0.5227482 0.3736054 -0.3997361 0.6537312 0.9465801 -0.0939719 -0.0741706 0.299423
0.55294 -0.63042 1.65277 -0.41037 -0.64232 1.88067 0.00013 -0.00037 0.00226 -0.00323 -0.00289 -0.00252 0.14416 0.11731 0.00149 0.03320 0.10636 0.05131 -0.02332 0.00065 -0.5319293 0.3876496 -0.3851148 0.6468891 0.4536234 0.6738458 -0.5537614 0.1830465
0.5519 -0.62924 1.64966 -0.41721 -0.65633 1.87052 -0.00104 0.00118 -0.00311 -0.00684 -0.01401 -0.01015 0.14597 0.15647 0.00181 0.03916 0.12342 0.05404 0.01706 0.00273 -0.524973 0.3779499 -0.3905197 0.6550202 0.2720059 0.9426163 -0.1427013 0.1308577
0.55171 -0.62924 1.64972 -0.41997 -0.65631 1.83903 -0.00019 0.00000 0.00006 -0.00276 0.00002 -0.03149 0.14651 0.12507 0.00054 -0.03140 0.11865 0.04682 -0.00477 -0.00722 -0.5248747 0.3810043 -0.3880977 0.6547689 -0.1750363 0.9309842 -0.2032668 0.247615
0.55331 -0.62878 1.65236 -0.43289 -0.69474 1.79282 0.00160 0.00046 0.00264 -0.01292 -0.03843 -0.04621 0.14502 0.08165 -0.00149 -0.04342 0.12916 0.04936 0.01051 0.00254 -0.5235018 0.3697962 -0.3875106 0.662595 -0.2506487 0.9164087 -0.189271 0.2480863
0.55419 -0.62975 1.65643 -0.43172 -0.66319 1.78335 0.00088 -0.00097 0.00407 0.00117 0.03155 -0.00947 0.14844 0.09355 0.00342 0.01190 0.11274 0.07173 -0.01642 0.02237 -0.5245368 0.383026 -0.3791821 0.65907 -0.3060147 0.8918656 -0.1888619 0.2743394
0.55496 -0.62994 1.66158 -0.43886 -0.65555 1.765 0.00077 -0.00019 0.00515 -0.00714 0.00764 -0.01835 0.14883 0.09704 0.00039 0.00349 0.11811 0.05810 0.00537 -0.01363 -0.5302155 0.3902632 -0.3748996 0.6526994 -0.3778601 0.8452024 -0.2328162 0.2977434
0.5347 -0.60175 1.59823 -0.43502 -0.6306 1.62202 -0.02026 0.02819 -0.06335 0.00384 0.02495 -0.14298 0.13879 0.07694 -0.01004 -0.02010 0.12546 0.05959 0.00735 0.00149 -0.5258547 0.3653941 -0.4070252 0.6513788 -0.3533925 0.7801457 -0.2285059 0.4628947
0.55714 -0.62137 1.66648 -0.46018 -0.59871 1.67714 0.02244 -0.01962 0.06825 -0.02516 0.03189 0.05512 0.15838 0.09744 0.01959 0.02050 0.12943 0.05684 0.00397 -0.00275 -0.5214738 0.3555862 -0.4093954 0.658801 -0.3849036 0.7763721 -0.2652769 0.4227575
0.51021 -0.56465 1.57493 -0.44351 -0.55871 1.50298 -0.04693 0.05672 -0.09155 0.01667 0.04000 -0.17416 0.13328 0.05186 -0.02510 -0.04558 0.09665 0.06165 -0.03278 0.00481 -0.2363307 0.0046072 -0.3329737 0.9128281 -0.3321482 0.7644144 -0.3094519 0.4578076
0.5269 -0.55382 1.65793 -0.45799 -0.50816 1.6054 0.01669 0.01083 0.08300 -0.01448 0.05055 0.10242 0.15909 0.09073 0.02581 0.03887 0.13405 0.09215 0.03740 0.03050 -0.082761 -0.1784136 -0.5155072 0.8340093 -0.5113082 0.73037 -0.2716311 0.3624089
0.50245 -0.43984 1.58763 -0.44346 -0.45009 1.55535 -0.02445 0.11398 -0.07030 0.01453 0.05807 -0.05005 0.11710 0.08255 -0.04199 -0.00818 0.05139 0.06113 -0.08266 -0.03102 -0.4641173 0.3409868 -0.5907915 0.5650563 -0.4289116 0.5242305 -0.4644013 0.5705686
0.47555 -0.37969 1.55564 -0.42105 -0.38013 1.52762 -0.02690 0.06015 -0.03199 0.02241 0.06996 -0.02773 0.11089 0.07864 -0.00621 -0.00391 0.09725 0.06941 0.04586 0.00828 0.4315068 -0.3712134 0.6596391 -0.4907938 0.5519933 -0.5461448 0.386016 -0.4980171
0.4031 -0.29347 1.46642 -0.36952 -0.28783 1.43088 -0.07245 0.08622 -0.08922 0.05153 0.09230 -0.09674 0.09949 0.07601 -0.01140 -0.00263 0.05543 0.06721 -0.04182 -0.00220 -0.481946 0.2391028 -0.6303582 0.5596485 0.665846 -0.4474011 0.39568 -0.4471226
0.37432 -0.23824 1.55134 -0.34188 -0.22542 1.50387 -0.02878 0.05523 0.08492 0.02764 0.06241 0.07299 0.13848 0.10841 0.03899 0.03240 0.09978 0.05396 0.04435 -0.01325 0.402875 -0.3508503 0.7191241 -0.4443606 0.7191367 -0.4023902 0.3282194 -0.4617322
0.30257 -0.15645 1.48024 -0.27459 -0.15127 1.42272 -0.07175 0.08179 -0.07110 0.06729 0.07415 -0.08115 0.14167 0.05071 0.00319 -0.05770 0.07141 0.05438 -0.02837 0.00042 0.3963932 -0.3910568 0.7546022 -0.3471636 0.7138049 -0.2592904 0.3429722 -0.5528301
0.23616 -0.07947 1.44202 -0.21144 -0.09602 1.39626 -0.06641 0.07698 -0.03822 0.06315 0.05525 -0.02646 0.15002 0.10834 0.00835 0.05763 0.11119 0.05910 0.03978 0.00472 0.3222643 -0.4266055 0.7861303 -0.3100847 0.7283092 -0.112714 0.4219125 -0.5280636
0.18649 -0.01799 1.50054 -0.17572 -0.05521 1.49058 -0.04967 0.06148 0.05852 0.03572 0.04081 0.09432 0.15730 0.14303 0.00728 0.03469 0.08042 0.07910 -0.03077 0.02000 0.2681736 -0.378533 0.8830156 -0.0712666 0.650036 -0.098354 0.4410188 -0.6109682
0.12495 0.03572 1.47758 -0.15103 -0.00797 1.48162 -0.06154 0.05371 -0.02296 0.02469 0.04724 -0.00896 0.13272 0.13164 -0.02458 -0.01139 0.09261 0.05663 0.01219 -0.02247 0.27998 -0.4431441 0.8465956 -0.092252 0.6565342 -0.1109123 0.3823118 -0.6407019
0.05679 0.07794 1.45942 -0.10009 0.0487 1.45428 -0.06816 0.04222 -0.01816 0.05094 0.05667 -0.02734 0.12287 0.13053 -0.00985 -0.00111 0.08860 0.05059 -0.00401 -0.00604 0.5519399 -0.5242416 0.6450109 -0.0670372 -0.5723556 -0.1409391 -0.3032407 0.7487257
-0.00406 0.10524 1.31188 -0.02488 0.10738 1.30415 -0.06085 0.02730 -0.14754 0.07521 0.05868 -0.15013 0.08340 0.08340 -0.03947 -0.04713 0.07817 0.07187 -0.01043 0.02128 0.4433143 -0.5343198 0.7192254 -0.0262616 0.6343492 0.1635159 0.5085499 -0.5587849
-0.02318 0.19052 1.44899 -0.00085 0.18803 1.45226 -0.01912 0.08528 0.13711 0.02403 0.08065 0.14811 0.10246 0.07240 0.01906 -0.01100 0.08626 0.06910 0.00809 -0.00277 0.4937595 -0.4897951 0.7136909 -0.0833525 0.6986258 0.0895259 0.3658651 -0.6083173
0.10056 0.31124 1.49852 -0.16111 0.30256 1.48312 0.12374 0.12072 0.04953 -0.16026 0.11453 0.03086 0.12755 0.13954 0.02509 0.06714 0.09733 0.09138 0.01107 0.02228 0.2918464 -0.3838181 0.8730345 -0.0729388 0.745155 -0.1080527 0.5089331 -0.4171999
0.26804 0.28938 1.48322 -0.3354 0.27218 1.48103 0.16748 -0.02186 -0.01530 -0.17429 -0.03038 -0.00209 0.11991 0.11500 -0.00764 -0.02454 0.09071 0.05561 -0.00662 -0.03577 0.2993878 -0.223433 0.9043524 -0.2063767 0.9234763 -0.3370951 0.142511 -0.1151042
0.3015 0.2464 1.51279 -0.37492 0.2187 1.51561 0.03346 -0.04298 0.02957 -0.03952 -0.05348 0.03458 0.11936 0.11298 -0.00055 -0.00202 0.08518 0.07379 -0.00553 0.01818 0.2761709 -0.2155045 0.908443 -0.228076 0.8930786 -0.3444657 0.269127 -0.1064172
0.30917 0.16055 1.46567 -0.38174 0.13913 1.46775 0.00767 -0.08585 -0.04712 -0.00682 -0.07957 -0.04786 0.12209 0.11516 0.00273 0.00218 0.07171 0.07427 -0.01347 0.00048 0.2903346 -0.2123522 0.9006498 -0.2438077 0.8264893 -0.4620536 0.3196243 0.0355257
0.31005 0.06974 1.46944 -0.38682 0.06077 1.45992 0.00088 -0.09081 0.00377 -0.00508 -0.07836 -0.00783 0.11489 0.15603 -0.00720 0.04087 0.08383 0.06969 0.01212 -0.00458 0.2874162 -0.235878 0.8809115 -0.2928283 0.8946164 -0.3944624 0.1900371 -0.0891452
0.32007 -0.01858 1.57038 -0.40781 -0.01709 1.54446 0.01002 -0.08832 0.10094 -0.02099 -0.07786 0.08454 0.10134 0.12310 -0.01355 -0.03293 0.08484 0.07855 0.00101 0.00886 0.2479853 -0.265246 0.8820274 -0.3002921 0.8729591 -0.45928 0.1465677 -0.0743108
0.31354 -0.08273 1.56025 -0.40509 -0.0822 1.52023 -0.00653 -0.06415 -0.01013 0.00272 -0.06511 -0.02423 0.11914 0.15006 0.01780 0.02696 0.11555 0.06575 0.03071 -0.01280 0.1679939 -0.2908026 0.8423632 -0.4214691 0.8338786 -0.5503498 0.0419685 0.0003073
0.32434 -0.1231 1.58653 -0.41309 -0.13001 1.53991 0.01080 -0.04037 0.02628 -0.00800 -0.04781 0.01968 0.17402 0.14639 0.05488 -0.00367 0.11494 0.06513 -0.00061 -0.00062 0.1688028 -0.239513 0.8300819 -0.4744504 0.8159157 -0.5772837 -0.0146883 0.0284478
0.32746 -0.14337 1.55303 -0.39808 -0.14404 1.50832 0.00312 -0.02027 -0.03350 0.01501 -0.01403 -0.03159 0.16449 0.14019 -0.00953 -0.00620 0.12581 0.09235 0.01087 0.02722 0.1370323 -0.1675497 0.8345903 -0.5065652 0.779349 -0.6068516 0.1386924 -0.0714898
0.32608 -0.13989 1.53749 -0.3843 -0.13191 1.49519 -0.00138 0.00348 -0.01554 0.01378 0.01213 -0.01313 0.14715 0.14246 -0.01734 0.00227 0.12468 0.06407 -0.00113 -0.02828 0.134585 -0.1634443 0.8609009 -0.4626255 0.8360392 -0.5486062 0.005832 0.0059638
0.32875 -0.13383 1.54896 -0.37504 -0.10916 1.50377 0.00267 0.00606 0.01147 0.00926 0.02275 0.00858 0.14954 0.13409 0.00239 -0.00837 0.11996 0.06436 -0.00472 0.00029 0.1711804 -0.1773611 0.851409 -0.4629721 0.8475878 -0.5214677 0.0599931 -0.0778915
0.33563 -0.13219 1.57785 -0.35858 -0.07583 1.51358 0.00688 0.00164 0.02889 0.01646 0.03333 0.00981 0.16273 0.12034 0.01319 -0.01375 0.11343 0.08941 -0.00653 0.02505 0.1776747 -0.1965636 0.8907657 -0.3692303 0.7781214 -0.5396737 0.2203573 -0.2339276
0.31795 -0.12586 1.53288 -0.29486 -0.02506 1.42767 -0.01768 0.00633 -0.04497 0.06372 0.05077 -0.08591 0.15513 0.08300 -0.00760 -0.03734 0.14082 0.08832 0.02739 -0.00109 0.1601959 -0.220698 0.8792337 -0.390612 0.9545907 0.0473244 0.0064341 -0.2940671
0.31392 -0.12861 1.54961 -0.27344 -0.00488 1.45533 -0.00403 -0.00275 0.01673 0.02142 0.02018 0.02766 0.14575 0.07455 -0.00938 -0.00845 0.11859 0.09528 -0.02223 0.00696 0.204282 -0.2373251 0.811666 -0.4930963 0.8078392 -0.3542229 0.1967982 -0.4280098
0.30043 -0.13925 1.51102 -0.24441 0.01167 1.45571 -0.01349 -0.01064 -0.03859 0.02903 0.01655 0.00038 0.10479 0.07638 -0.04096 0.00183 0.08033 0.08857 -0.03826 -0.00671 0.1769817 -0.2724894 0.7514297 -0.5742651 0.7908281 -0.4235567 0.1508947 -0.4152366
0.2909 -0.1641 1.45937 -0.21816 0.02464 1.41755 -0.00953 -0.02485 -0.05165 0.02625 0.01297 -0.03816 0.08353 0.07872 -0.02126 0.00234 0.06768 0.09650 -0.01265 0.00793 0.1055127 -0.2587773 0.8375062 -0.469558 0.7198638 -0.2370721 0.3543311 -0.5477613
0.27894 -0.18565 1.45641 -0.19123 0.03229 1.40818 -0.01196 -0.02155 -0.00296 0.02693 0.00765 -0.00937 0.07692 0.07917 -0.00661 0.00045 0.05878 0.10604 -0.00890 0.00954 -0.2582815 0.2973948 -0.5978536 0.6981533 0.6725804 -0.1516112 0.3570775 -0.6301945
0.26767 -0.21114 1.46198 -0.17222 0.03317 1.39622 -0.01127 -0.02549 0.00557 0.01901 0.00088 -0.01196 0.07212 0.08523 -0.00480 0.00606 0.06329 0.10592 0.00451 -0.00012 0.0728723 -0.2283976 0.9039878 -0.3540201 -0.6122288 0.1303571 -0.4277942 0.6520546
0.25235 -0.23459 1.45049 -0.15237 0.02592 1.36499 -0.01532 -0.02345 -0.01149 0.01985 -0.00725 -0.03123 0.06840 0.08342 -0.00372 -0.00181 0.06931 0.09061 0.00602 -0.01531 -0.0826132 0.2315964 -0.5826622 0.7746243 -0.3986697 0.216458 -0.2587354 0.8527979
0.23727 -0.26406 1.45153 -0.13835 0.01185 1.34606 -0.01508 -0.02947 0.00104 0.01402 -0.01407 -0.01893 0.06665 0.09025 -0.00175 0.00683 0.05537 0.09213 -0.01394 0.00152 0.0120168 -0.3883502 0.8133981 -0.432924 -0.2529005 0.2361392 -0.2159418 0.9130437
0.22031 -0.29423 1.4562 -0.12371 -0.01156 1.32423 -0.01696 -0.03017 0.00467 0.01464 -0.02341 -0.02183 0.06426 0.08751 -0.00239 -0.00274 0.06129 0.08401 0.00592 -0.00812 0.0500754 -0.2819796 0.6708379 -0.6840734 -0.3002614 0.2669177 -0.2981034 0.8658708
0.19739 -0.34768 1.5008 -0.11752 -0.03265 1.32834 -0.02292 -0.05345 0.04460 0.00619 -0.02109 0.00411 0.07725 0.08770 0.01299 0.00019 0.09641 0.04229 0.03512 -0.04172 0.229634 -0.0689246 -0.4506276 0.8599142 -0.3046139 0.7334712 0.130576 0.5934479
0.18259 -0.37901 1.5307 -0.11464 -0.04889 1.34042 -0.01480 -0.03133 0.02990 0.00288 -0.01624 0.01208 0.07770 0.09131 0.00045 0.00361 0.10284 0.09377 0.00643 0.05148 0.3406656 -0.0746841 -0.4958107 0.7953244 -0.5511824 0.0613491 -0.028222 0.8316476
0.16363 -0.3673 1.48016 -0.1058 -0.06601 1.289 -0.01896 0.01171 -0.05054 0.00884 -0.01712 -0.05142 0.07022 0.08547 -0.00748 -0.00584 0.09673 0.10239 -0.00611 0.00862 0.1867017 -0.1651135 -0.3240563 0.9126158 -0.5544154 0.0933921 -0.1904365 0.804758
0.16022 -0.365 1.48145 -0.10611 -0.07187 1.28419 -0.00341 0.00230 0.00129 -0.00031 -0.00586 -0.00481 0.06990 0.08309 -0.00032 -0.00238 0.09151 0.08016 -0.00522 -0.02223 0.1989196 -0.1365763 -0.3104586 0.9194528 -0.2337335 -0.4778425 -0.4926432 0.6887219
0.15601 -0.34981 1.42318 -0.10547 -0.07045 1.23274 -0.00421 0.01519 -0.05827 0.00064 0.00142 -0.05145 0.07043 0.07924 0.00053 -0.00385 0.08350 0.07645 -0.00801 -0.00371 0.2898498 0.3670325 -0.0797486 0.8802922 0.3864067 0.3883014 0.834463 -0.0598607
0.15981 -0.36011 1.46987 -0.11256 -0.07493 1.26993 0.00380 -0.01030 0.04669 -0.00709 -0.00448 0.03719 0.07693 0.08041 0.00650 0.00117 0.08255 0.07198 -0.00095 -0.00447 0.3052825 0.2327929 -0.3098128 0.8698426 -0.3396161 0.7471043 0.5522652 -0.1466266
0.15631 -0.33879 1.44704 -0.11616 -0.06819 1.25417 -0.00350 0.02132 -0.02283 -0.00360 0.00674 -0.01576 0.08683 0.07878 0.00990 -0.00163 0.09679 0.10110 0.01424 0.02912 0.3196836 0.2328368 -0.1620275 0.9040667 -0.568611 0.1413589 -0.3908135 0.7099041
0.15151 -0.33633 1.45227 -0.11818 -0.06252 1.25439 -0.00480 0.00246 0.00523 -0.00202 0.00567 0.00022 0.09191 0.07915 0.00508 0.00037 0.10027 0.07721 0.00348 -0.02389 0.3338293 0.1988976 -0.0405801 0.9205167 0.0912586 -0.43896 -0.3555129 0.8201199
0.16643 -0.32955 1.54023 -0.12911 -0.0611 1.34581 0.01492 0.00678 0.08796 -0.01093 0.00142 0.09142 0.09900 0.08262 0.00709 0.00347 0.11845 0.07221 0.01818 -0.00500 0.3403334 0.053434 -0.5806673 0.7376608 -0.1661514 0.2243409 -0.3543233 0.8924797
0.1539 -0.24564 1.40292 -0.12008 -0.05568 1.25774 -0.01253 0.08391 -0.13731 0.00903 0.00542 -0.08807 0.06513 0.07520 -0.03387 -0.00742 0.04865 0.07726 -0.06980 0.00505 0.0374636 0.7374898 -0.5063595 0.4453149 0.0951089 -0.3945838 -0.3599586 0.8400522
0.15775 -0.23114 1.46457 -0.12918 -0.0508 1.31856 0.00385 0.01450 0.06165 -0.00910 0.00488 0.06082 0.06790 0.08143 0.00277 0.00623 0.09677 0.07869 0.04812 0.00143 0.7542815 -0.49444 -0.1544447 0.4034048 0.1553847 -0.4042006 -0.3439108 0.8331884
0.15207 -0.20219 1.46441 -0.13167 -0.04807 1.32458 -0.00568 0.02895 -0.00016 -0.00249 0.00273 0.00602 0.06541 0.08142 -0.00249 -0.00001 0.07183 0.05647 -0.02494 -0.02222 0.8064224 -0.4559117 -0.1224333 0.3561428 -0.0857514 0.2649426 -0.2420158 0.9294517
0.1507 -0.17307 1.46324 -0.1338 -0.04283 1.33121 -0.00137 0.02912 -0.00117 -0.00213 0.00524 0.00663 0.07063 0.08354 0.00522 0.00212 0.06001 0.05851 -0.01182 0.00204 0.8092458 -0.4884485 -0.0273458 0.3252563 -0.2296564 0.8425106 -0.1050768 0.4758073
0.15649 -0.15151 1.55539 -0.14506 -0.04607 1.41559 0.00579 0.02156 0.09215 -0.01126 -0.00324 0.08438 0.07522 0.08667 0.00459 0.00313 0.06582 0.07985 0.00581 0.02134 0.8162713 -0.4159454 -0.097697 0.3887749 0.0895218 -0.5148858 -0.234293 0.819747
0.14317 -0.11096 1.45831 -0.14037 -0.04259 1.32997 -0.01332 0.04055 -0.09708 0.00469 0.00348 -0.08562 0.06870 0.08270 -0.00652 -0.00397 0.04738 0.07578 -0.01844 -0.00407 0.7827145 -0.516228 0.3269858 0.1180971 0.1469134 0.3177549 0.9366455 -0.0119782
0.13924 -0.08037 1.44581 -0.14115 -0.04106 1.32036 -0.00393 0.03059 -0.01250 -0.00078 0.00153 -0.00961 0.07257 0.08194 0.00387 -0.00076 0.04671 0.07535 -0.00067 -0.00043 0.7781502 -0.4824394 0.3862866 0.1118802 0.1751703 0.2978286 0.938059 -0.0256657
0.12871 0.01309 1.45893 -0.14467 -0.04038 1.32658 -0.01053 0.09346 0.01312 -0.00352 0.00068 0.00622 0.07196 0.08304 -0.00061 0.00110 0.05059 0.07939 0.00388 0.00404 0.8759995 -0.2982658 -0.040744 0.3768319 0.3806827 0.2579049 0.8820525 -0.1027092
0.12792 0.04193 1.44936 -0.14229 -0.03861 1.31288 -0.00079 0.02884 -0.00957 0.00238 0.00177 -0.01370 0.07945 0.07986 0.00749 -0.00318 0.05066 0.07770 0.00007 -0.00169 0.9157282 -0.1769845 -0.1374794 0.3334934 -0.1075264 -0.4833592 -0.4960196 0.7132787
0.12037 0.07368 1.43895 -0.14032 -0.03759 1.29679 -0.00755 0.03175 -0.01041 0.00197 0.00102 -0.01609 0.07946 0.08163 0.00001 0.00177 0.05499 0.06414 0.00433 -0.01356 0.8774331 -0.2810089 0.3253287 0.2128527 -0.2298262 0.9080219 0.1838927 -0.2980933
0.10222 0.14177 1.47142 -0.13748 -0.03805 1.30471 -0.01815 0.06809 0.03247 0.00284 -0.00046 0.00792 0.06743 0.08105 -0.01203 -0.00058 0.05070 0.07331 -0.00429 0.00917 0.900456 -0.2446431 0.1147155 0.3408362 -0.0141481 -0.5287098 -0.3223115 0.7850994
0.09998 0.16797 1.49244 -0.13585 -0.03662 1.30575 -0.00224 0.02620 0.02102 0.00163 0.00143 0.00104 0.07533 0.08136 0.00790 0.00031 0.05410 0.07612 0.00340 0.00281 0.9020803 -0.0296202 -0.2293886 0.364355 -0.0510996 -0.4564614 -0.3420479 0.8197775
0.09566 0.19953 1.51435 -0.13425 -0.03462 1.30589 -0.00432 0.03156 0.02191 0.00160 0.00200 0.00014 0.07970 0.08219 0.00437 0.00083 0.05747 0.07504 0.00337 -0.00108 0.8810707 -0.0452296 -0.2355373 0.4076652 -0.0593139 -0.4552811 -0.3631402 0.810759
0.09965 0.22269 1.55124 -0.13338 -0.03474 1.31886 0.00399 0.02316 0.03689 0.00087 -0.00012 0.01297 0.09779 0.07961 0.01809 -0.00258 0.08856 0.07906 0.03109 0.00402 0.9426718 0.0532014 -0.1374706 0.2994016 -0.0498896 -0.4875614 -0.3853386 0.7818625
0.09701 0.24586 1.56281 -0.1318 -0.03211 1.31688 -0.00264 0.02317 0.01157 0.00158 0.00263 -0.00198 0.10140 0.08151 0.00361 0.00190 0.09016 0.06087 0.00160 -0.01819 0.939967 0.0074592 -0.1289392 0.3158817 -0.2270063 0.8788885 0.3386455 -0.247674
0.07756 0.28554 1.58944 -0.13259 -0.03197 1.32569 -0.01945 0.03968 0.02663 -0.00079 0.00014 0.00881 0.08998 0.08240 -0.01142 0.00089 0.08561 0.07525 -0.00455 0.01438 0.9471114 0.1360419 -0.0809013 0.2791551 -0.0473998 -0.5096728 -0.4089161 0.7554962
0.07858 0.29559 1.59505 -0.13308 -0.03139 1.32618 0.00102 0.01005 0.00561 -0.00049 0.00058 0.00049 0.09646 0.08332 0.00648 0.00092 0.09992 0.07531 0.01431 0.00006 0.9546195 0.149222 -0.071429 0.2476537 -0.0548533 -0.4820981 -0.4135844 0.7704028
0.07447 0.3026 1.57775 -0.13287 -0.02805 1.3067 -0.00411 0.00701 -0.01730 0.00021 0.00334 -0.01948 0.09774 0.08467 0.00128 0.00135 0.11025 0.07652 0.01033 0.00121 0.885573 -0.2391002 -0.2029244 0.342656 -0.0416401 -0.482681 -0.4203693 0.7671862
0.07454 0.30179 1.60466 -0.13419 -0.03041 1.32752 0.00007 -0.00081 0.02691 -0.00132 -0.00236 0.02082 0.09599 0.08175 -0.00175 -0.00292 0.09273 0.07756 -0.01752 0.00104 0.927314 0.0627971 -0.128479 0.3458879 0.0697732 0.4874948 0.5743586 -0.6539056
0.05875 0.24549 1.57566 -0.1364 -0.02573 1.31077 -0.01579 -0.05630 -0.02900 -0.00221 0.00468 -0.01675 0.06783 0.08301 -0.02816 0.00126 0.06584 0.08093 -0.02689 0.00337 0.8551136 -0.0199322 -0.113312 0.5055135 -0.0742062 -0.42393 -0.5268321 0.7329561
0.0605 0.2053 1.57561 -0.1373 -0.02635 1.30589 0.00175 -0.04019 -0.00005 -0.00090 -0.00062 -0.00488 0.07512 0.08208 0.00729 -0.00093 0.05913 0.08194 -0.00671 0.00101 0.9328939 0.0312025 -0.100361 0.344475 -0.0714713 -0.4030398 -0.501967 0.7618923
0.0668 0.14484 1.53555 -0.1337 -0.02674 1.2704 0.00630 -0.06046 -0.04006 0.00360 -0.00039 -0.03549 0.07669 0.07814 0.00157 -0.00394 0.08185 0.07107 0.02272 -0.01087 0.8329152 -0.0002979 -0.0971396 0.5448084 0.0151177 -0.4940156 -0.5042009 0.7081677
0.06829 0.03905 1.54865 -0.13788 -0.0245 1.2572 0.00149 -0.10579 0.01310 -0.00418 0.00224 -0.01320 0.08394 0.07964 0.00725 0.00150 0.08543 0.06782 0.00358 -0.00325 0.8670977 0.4149261 0.0997825 0.256946 0.1230003 0.4451612 0.8869116 -0.0094914
0.05878 0.00329 1.61335 -0.14263 -0.02714 1.29722 -0.00951 -0.03576 0.06470 -0.00475 -0.00264 0.04002 0.06796 0.07923 -0.01598 -0.00041 0.08464 0.07334 -0.00079 0.00552 0.9523596 0.0680343 -0.1362344 0.2642399 0.4021194 0.2252158 0.8837194 -0.0813501
0.05661 -0.03954 1.66812 -0.14898 -0.02779 1.32667 -0.00217 -0.04283 0.05477 -0.00635 -0.00065 0.02945 0.06786 0.08292 -0.00010 0.00369 0.09679 0.07308 0.01215 -0.00026 0.8213122 0.172364 -0.1202575 0.5303537 0.2101212 0.570004 0.6242862 -0.4911327
0.06287 -0.09075 1.69109 -0.15116 -0.02814 1.32578 0.00626 -0.05121 0.02297 -0.00218 -0.00035 -0.00089 0.08367 0.08138 0.01581 -0.00154 0.08803 0.07314 -0.00876 0.00006 0.774205 0.3250282 -0.0471086 0.5410582 0.0946602 0.4815366 0.7022222 -0.5157965
-0.08288 -0.09624 1.30047 -0.14794 -0.02661 1.25351 -0.14575 -0.00549 -0.39062 0.00322 0.00153 -0.07227 0.03814 0.07609 -0.04553 -0.00529 0.02573 0.06990 -0.06230 -0.00324 0.7497424 -0.3917117 -0.1797431 0.5021361 0.3891467 0.245969 0.8772996 -0.1356815
0.04875 -0.2073 1.73496 -0.1624 -0.02633 1.34329 0.13163 -0.11106 0.43449 -0.01446 0.00028 0.08978 0.12407 0.08213 0.08593 0.00604 0.09841 0.07366 0.07268 0.00376 0.7211016 0.2697701 -0.2431872 0.5899972 0.0631534 0.5050973 0.6352163 -0.5808518
0.04542 -0.08846 1.57909 -0.15624 -0.02279 1.28165 -0.00333 0.11884 -0.15587 0.00616 0.00354 -0.06164 0.24272 0.07977 0.11865 -0.00236 0.25486 0.06941 0.15645 -0.00425 0.8772292 -0.1382366 0.1931169 0.4172114 0.0719972 0.4828961 0.6564844 -0.575027
0.11405 -0.10553 1.63335 -0.16174 -0.0246 1.32603 0.06863 -0.01707 0.05426 -0.00550 -0.00181 0.04438 0.05191 0.08164 -0.19081 0.00187 0.04544 0.07594 -0.20942 0.00653 0.9052892 -0.1057987 -0.2331997 0.3389338 0.3725066 0.3403411 0.8495892 -0.153639
0.12566 -0.09767 1.64272 -0.16324 -0.02343 1.34331 0.01161 0.00786 0.00937 -0.00150 0.00117 0.01728 0.05804 0.08474 0.00613 0.00310 0.04529 0.07821 -0.00015 0.00227 0.91381 -0.1436011 -0.2262651 0.3051787 0.0613594 -0.4777955 -0.2627531 0.8360068
0.13316 -0.07974 1.62108 -0.16243 -0.02515 1.34416 0.00750 0.01793 -0.02164 0.00081 -0.00172 0.00085 0.06900 0.08583 0.01096 0.00109 0.03760 0.07389 -0.00769 -0.00432 0.9062417 -0.2004169 -0.2011256 0.3132212 0.3389899 0.501238 0.7599071 -0.2374607
0.11093 -0.02686 1.48924 -0.1501 -0.02397 1.26048 -0.02223 0.05288 -0.13184 0.01233 0.00118 -0.08368 0.06021 0.07705 -0.00879 -0.00878 0.07805 0.06992 0.04045 -0.00397 0.9148933 -0.0414134 -0.1200119 0.383213 0.4184432 0.2359127 0.8766125 -0.0283005
0.12883 -0.02171 1.56251 -0.15966 -0.02461 1.3433 0.01790 0.00515 0.07327 -0.00956 -0.00064 0.08282 0.08194 0.08358 0.02173 0.00653 0.08246 0.07613 0.00441 0.00621 0.8768429 -0.1145053 -0.2090117 0.4175515 0.0089772 0.4812928 0.5321165 -0.6965118
0.14091 0.01755 1.49219 -0.15333 -0.02369 1.33427 0.01208 0.03926 -0.07032 0.00633 0.00092 -0.00903 0.08418 0.08322 0.00224 -0.00036 0.06001 0.05978 -0.02245 -0.01635 0.8086042 -0.0807283 -0.2976177 0.5010648 -0.2653319 0.7908687 0.4826083 -0.2668613
0.14294 0.03882 1.41137 -0.14516 -0.02056 1.28497 0.00203 0.02127 -0.08082 0.00817 0.00313 -0.04930 0.07870 0.07945 -0.00548 -0.00377 0.06248 0.07744 0.00247 0.01766 0.8096614 -0.1687114 -0.2860338 0.4839107 0.0030161 0.4834149 0.5498925 -0.6811161
0.14997 0.06111 1.41717 -0.14666 -0.02015 1.30629 0.00703 0.02229 0.00580 -0.00150 0.00041 0.02132 0.08298 0.08187 0.00428 0.00242 0.05928 0.07022 -0.00320 -0.00722 0.7879621 -0.1711536 -0.2772691 0.5224404 0.0682452 -0.4986023 -0.4814832 0.7175739
0.14601 0.07939 1.36715 -0.14133 -0.01817 1.27722 -0.00396 0.01828 -0.05002 0.00533 0.00198 -0.02907 0.08155 0.07876 -0.00143 -0.00311 0.05859 0.06972 -0.00069 -0.00050 0.7369639 -0.1271401 -0.3444615 0.5675085 0.0963282 -0.5077206 -0.4080179 0.7526367
0.14641 0.09448 1.37096 -0.14509 -0.0182 1.2975 0.00040 0.01509 0.00381 -0.00376 -0.00003 0.02028 0.08249 0.08301 0.00094 0.00425 0.05065 0.07200 -0.00794 0.00228 0.6362822 -0.1102349 -0.2355993 0.7262824 0.3321666 0.4195731 0.8139715 -0.2259958
0.14109 0.10369 1.32432 -0.13757 -0.01622 1.26507 -0.00532 0.00921 -0.04664 0.00752 0.00198 -0.03243 0.08761 0.07973 0.00512 -0.00328 0.04740 0.07141 -0.00325 -0.00059 0.6014251 -0.0833623 -0.3025573 0.7347093 0.4017114 0.3142621 0.8570097 -0.0734958
0.13713 0.10909 1.33138 -0.13645 -0.01775 1.28319 -0.00396 0.00540 0.00706 0.00112 -0.00153 0.01812 0.08997 0.07978 0.00236 0.00005 0.05270 0.07873 0.00530 0.00732 0.2543274 -0.2803234 -0.3644765 0.8508192 0.1117174 0.3676291 0.623795 -0.6806231
0.12959 0.10577 1.31235 -0.13384 -0.01751 1.27274 -0.00754 -0.00332 -0.01903 0.00261 0.00024 -0.01045 0.09530 0.08001 0.00533 0.00023 0.05965 0.07483 0.00695 -0.00390 0.7455343 -0.360539 -0.0427183 0.5588966 0.0363077 -0.481583 -0.4202366 0.7682192
0.1273 0.06692 1.34715 -0.13521 -0.02113 1.32401 -0.00229 -0.03885 0.03480 -0.00137 -0.00362 0.05127 0.09720 0.08620 0.00190 0.00619 0.06816 0.07950 0.00851 0.00467 0.4364602 -0.0091686 -0.2910785 0.8512883 -0.015319 -0.4231523 -0.4004722 0.8126066
0.12374 0.04922 1.31449 -0.12962 -0.02403 1.29319 -0.00356 -0.01770 -0.03266 0.00559 -0.00290 -0.03082 0.09008 0.08266 -0.00712 -0.00354 0.06136 0.05820 -0.00680 -0.02130 0.254573 0.0322985 -0.2297191 0.9388176 -0.2631261 0.2262173 -0.2803059 0.8949967
0.11723 0.02677 1.3027 -0.12712 -0.02839 1.28271 -0.00651 -0.02245 -0.01179 0.00250 -0.00436 -0.01048 0.09391 0.08051 0.00383 -0.00215 0.06358 0.04575 0.00222 -0.01245 0.2560266 0.010761 -0.2194999 0.9413577 -0.3659054 0.7768267 -0.0644265 0.5084317
0.12027 0.02643 1.3419 -0.13135 -0.0309 1.32233 0.00304 -0.00034 0.03920 -0.00423 -0.00251 0.03962 0.09789 0.08248 0.00398 0.00197 0.04288 0.07758 -0.02070 0.03183 0.3366804 -0.4030973 -0.0756028 0.8476103 0.0908472 0.3915289 0.673069 -0.6208301
0.11749 0.0246 1.33395 -0.13127 -0.03046 1.31616 -0.00278 -0.00183 -0.00795 0.00008 0.00044 -0.00617 0.09937 0.08244 0.00148 -0.00004 0.04319 0.07745 0.00031 -0.00013 0.3488373 -0.414056 -0.0819585 0.8367515 0.0985828 0.3762677 0.6763931 -0.625457
0.11821 0.02473 1.33742 -0.13252 -0.02995 1.31894 0.00072 0.00013 0.00347 -0.00125 0.00051 0.00278 0.09916 0.08293 -0.00021 0.00049 0.06541 0.07842 0.02222 0.00097 0.2703095 0.0448442 -0.2284584 0.9341994 0.1009522 0.3711949 0.680319 -0.6238502
0.11882 0.02691 1.33814 -0.13284 -0.03001 1.31965 0.00061 0.00218 0.00072 -0.00032 -0.00006 0.00071 0.10480 0.08323 0.00564 0.00030 0.04783 0.07693 -0.01758 -0.00149 0.3653628 -0.4603437 -0.0458225 0.807771 0.1124034 0.3565761 0.6798286 -0.6309136
0.11778 0.02746 1.33403 -0.13123 -0.03026 1.31471 -0.00104 0.00055 -0.00411 0.00161 -0.00025 -0.00494 0.10136 0.08142 -0.00344 -0.00181 0.04869 0.07740 0.00086 0.00047 0.380631 -0.4638073 -0.0548591 0.7981187 0.0935323 0.3746919 0.682798 -0.6201973
0.11052 0.03341 1.26547 -0.12488 -0.02748 1.24631 -0.00726 0.00595 -0.06856 0.00635 0.00278 -0.06840 0.10165 0.07824 0.00029 -0.00318 0.05892 0.06917 0.01023 -0.00823 0.2976436 0.1268296 -0.3073142 0.8949193 0.3867911 0.4260553 0.8111551 -0.1043884
0.11197 0.03821 1.29065 -0.12566 -0.0267 1.27411 0.00145 0.00480 0.02518 -0.00078 0.00078 0.02780 0.11137 0.08173 0.00972 0.00349 0.05172 0.06723 -0.00720 -0.00194 0.4439508 -0.4984741 -0.0479093 0.7430584 -0.3278627 0.8880119 0.2290733 -0.2268618
0.10992 0.04273 1.29497 -0.12487 -0.02639 1.2777 -0.00205 0.00452 0.00432 0.00079 0.00031 0.00359 0.10929 0.08304 -0.00208 0.00131 0.07295 0.04796 0.02123 -0.01927 0.3732789 -0.0439587 -0.2759831 0.8846264 -0.4122622 0.8504592 0.006159 0.3266821
0.10916 0.04485 1.2979 -0.12429 -0.0266 1.27999 -0.00076 0.00212 0.00293 0.00058 -0.00021 0.00229 0.10638 0.08110 -0.00291 -0.00194 0.06136 0.04508 -0.01159 -0.00288 0.3577937 0.0274946 -0.3099643 0.8804259 -0.3997183 0.8111811 -0.0351142 0.4254144
0.10943 0.03858 1.30005 -0.12137 -0.02769 1.28124 0.00027 -0.00627 0.00215 0.00292 -0.00109 0.00125 0.09954 0.08067 -0.00684 -0.00043 0.06103 0.03655 -0.00033 -0.00853 0.339345 -0.0025716 -0.2611966 0.9036673 -0.3946106 0.8625572 0.0118594 0.3164442
0.10989 0.03354 1.29138 -0.11938 -0.02926 1.27512 0.00046 -0.00504 -0.00867 0.00199 -0.00157 -0.00612 0.09858 0.08046 -0.00096 -0.00021 0.05906 0.03981 -0.00197 0.00326 0.2384745 0.1789309 -0.311252 0.9023502 -0.3717619 0.830793 -0.0256267 0.4134238
0.11415 0.03178 1.32755 -0.12293 -0.03081 1.31546 0.00426 -0.00176 0.03617 -0.00355 -0.00155 0.04034 0.09783 0.08147 -0.00075 0.00101 0.05698 0.07351 -0.00208 0.03370 0.1626298 0.3284248 -0.3635923 0.8564399 0.0745135 0.4251218 0.6820635 -0.5903463
0.11255 0.03763 1.32034 -0.12245 -0.03097 1.31675 -0.00160 0.00585 -0.00721 0.00048 -0.00016 0.00129 0.09963 0.08199 0.00180 0.00052 0.06477 0.07379 0.00779 0.00028 0.411112 -0.3557048 -0.1892741 0.8177019 0.0770931 0.4256757 0.683217 -0.5882782
0.04825 0.00717 1.26047 -0.1185 -0.03046 1.27858 -0.06430 -0.03046 -0.05987 0.00395 0.00051 -0.03817 0.11764 0.08088 0.01801 -0.00111 0.04207 0.07159 -0.02270 -0.00220 0.4488083 -0.4640022 0.2590416 0.7184501 0.0804599 0.4307512 0.6762438 -0.5921773
0.09107 0.07647 1.22658 -0.11647 -0.03083 1.25471 0.04282 0.06930 -0.03389 0.00203 -0.00037 -0.02387 0.06906 0.07890 -0.04858 -0.00198 0.06574 0.07513 0.02367 0.00354 0.2813945 0.006988 -0.2517324 0.9259585 0.3778989 0.2489893 0.8873598 -0.0882567
0.08618 0.1154 1.24641 -0.11846 -0.03027 1.27878 -0.00489 0.03893 0.01983 -0.00199 0.00056 0.02407 0.09572 0.08103 0.02666 0.00213 0.04562 0.07277 -0.02012 -0.00236 0.374277 -0.048916 -0.2921297 0.8787401 -0.0103376 -0.5144883 -0.441283 0.7351628
0.0357 0.22771 1.21876 -0.11218 -0.02775 1.26188 -0.05048 0.11231 -0.02765 0.00628 0.00252 -0.01690 0.07618 0.07896 -0.01954 -0.00207 0.05569 0.07373 0.01007 0.00096 0.3129239 -0.0369388 -0.1313176 0.9399308 0.3647378 0.4505969 0.7892658 -0.2024558
0.01534 0.27517 1.29313 -0.11662 -0.02835 1.33488 -0.02036 0.04746 0.07437 -0.00444 -0.00060 0.07300 0.08812 0.08373 0.01194 0.00477 0.04475 0.07615 -0.01094 0.00242 0.511686 -0.0707483 -0.3799829 0.7673234 0.3265041 0.2882646 0.8261314 -0.3574989
-0.00434 0.2992 1.28625 -0.1125 -0.02677 1.31675 -0.01968 0.02403 -0.00688 0.00412 0.00158 -0.01813 0.09358 0.08456 0.00546 0.00083 0.05004 0.07799 0.00529 0.00184 0.5910483 -0.0692564 -0.3506976 0.723102 0.3605322 0.4814446 0.7671145 -0.2230765
0.04788 0.33687 1.37574 -0.11347 -0.02569 1.33629 0.05222 0.03767 0.08949 -0.00097 0.00108 0.01954 0.12576 0.08661 0.03218 0.00205 0.05380 0.05986 0.00376 -0.01813 0.7342796 -0.3848059 0.0478481 0.557197 0.0927216 0.5701811 0.8155161 -0.0350666
0.05223 0.33511 1.38671 -0.10576 -0.02584 1.31873 0.00435 -0.00176 0.01097 0.00771 -0.00015 -0.01756 0.14516 0.08271 0.01940 -0.00390 0.06454 0.07373 0.01074 0.01387 0.6973251 0.0728882 0.1195913 0.7029389 0.3762266 0.4455477 0.7966886 -0.1588337
-0.06388 0.3381 1.35178 -0.10884 -0.0261 1.34854 -0.11611 0.00299 -0.03493 -0.00308 -0.00026 0.02981 0.10383 0.08762 -0.04133 0.00491 0.06345 0.07553 -0.00109 0.00180 0.5585297 0.0825166 -0.4064641 0.718347 0.0140298 0.5812882 0.8116562 -0.0558695
-0.00202 0.33705 1.4198 -0.10048 -0.02653 1.34983 0.06186 -0.00105 0.06802 0.00836 -0.00043 0.00129 0.14168 0.08498 0.03785 -0.00264 0.06446 0.07623 0.00101 0.00070 0.6270813 0.0557056 0.1063004 0.7696533 -0.0466437 -0.5159134 -0.4337461 0.7372394
-0.02 0.31247 1.38174 -0.09569 -0.02555 1.31301 -0.01798 -0.02458 -0.03806 0.00479 0.00098 -0.03682 0.13055 0.08413 -0.01113 -0.00085 0.06364 0.07526 -0.00082 -0.00097 0.5613887 0.1360558 0.1390294 0.8043646 -0.4358511 -0.4092366 -0.0123901 0.8015022
-0.05499 0.30039 1.41178 -0.0949 -0.02686 1.35575 -0.03499 -0.01208 0.03004 0.00079 -0.00131 0.04274 0.13143 0.08619 0.00088 0.00206 0.05334 0.06187 -0.01030 -0.01339 0.5972713 -0.0779973 -0.0119808 0.7981478 -0.3277314 0.8078018 0.4632392 -0.1595554
-0.057 0.26655 1.39005 -0.09381 -0.02163 1.32844 -0.00201 -0.03384 -0.02173 0.00109 0.00523 -0.02731 0.12312 0.09028 -0.00831 0.00409 0.05103 0.05779 -0.00231 -0.00408 0.7224093 0.0473301 0.1249392 0.6784356 0.0629476 0.9652146 0.2393934 -0.0841981
-0.14219 0.21853 1.34233 -0.09077 -0.02323 1.32612 -0.08519 -0.04802 -0.04772 0.00304 -0.00160 -0.00232 0.09245 0.08946 -0.03067 -0.00082 0.03889 0.07423 -0.01214 0.01644 0.5348509 -0.5507932 0.2097601 0.6054438 -0.244412 -0.5247226 -0.1032482 0.8088688
-0.13719 0.19373 1.37132 -0.08658 -0.031 1.34624 0.00500 -0.02480 0.02899 0.00419 -0.00777 0.02012 0.10582 0.08524 0.01337 -0.00422 0.03681 0.06419 -0.00208 -0.01004 0.5966422 -0.5484359 0.0877107 0.5792608 -0.2303999 0.7593968 0.6010042 -0.0950066
-0.19655 0.13549 1.35482 -0.08334 -0.03385 1.35193 -0.05936 -0.05824 -0.01650 0.00324 -0.00285 0.00569 0.09529 0.08346 -0.01053 -0.00178 0.03247 0.06971 -0.00434 0.00552 0.4332876 -0.5855377 0.1266567 0.6733243 0.258787 0.5186389 0.5554465 -0.5962567
-0.18862 0.1196 1.35574 -0.08432 -0.03467 1.34287 0.00793 -0.01589 0.00092 -0.00098 -0.00082 -0.00906 0.09253 0.08440 -0.00276 0.00094 0.04013 0.09414 0.00766 0.02443 -0.3397335 0.6943859 -0.2177914 -0.5957989 -0.5953711 0.1004844 -0.1693744 0.7789406
-0.21443 0.08947 1.34202 -0.08187 -0.03877 1.34006 -0.02581 -0.03013 -0.01372 0.00245 -0.00410 -0.00281 0.06829 0.08041 -0.02424 -0.00399 0.04440 0.06802 0.00427 -0.02612 0.3634974 -0.5521538 0.1232419 0.74014 0.4813298 0.7334505 0.4727207 -0.0831093
-0.21618 0.08317 1.33101 -0.08053 -0.04162 1.33137 -0.00175 -0.00630 -0.01101 0.00134 -0.00285 -0.00869 0.07083 0.07962 0.00254 -0.00079 0.03374 0.08051 -0.01066 0.01249 -0.2534373 0.839394 -0.2701444 -0.3977552 -0.5700631 -0.1425585 0.2935922 0.7539952
-0.21995 0.08322 1.33785 -0.08244 -0.04237 1.3389 -0.00377 0.00005 0.00684 -0.00191 -0.00075 0.00753 0.07296 0.07950 0.00213 -0.00012 0.04492 0.09324 0.01118 0.01273 0.2282162 0.5033402 -0.2853386 0.7830376 -0.5271586 -0.2143775 0.5149996 0.6410316
-0.22024 0.0839 1.32595 -0.08267 -0.04451 1.32808 -0.00029 0.00068 -0.01190 -0.00023 -0.00214 -0.01082 0.07265 0.07691 -0.00031 -0.00259 0.04466 0.09240 -0.00026 -0.00084 0.2103774 0.5389219 -0.2999083 0.7585247 -0.5147661 -0.2059366 0.4415893 0.7054111
-0.22277 0.08339 1.32205 -0.08644 -0.04551 1.32454 -0.00253 -0.00051 -0.00390 -0.00377 -0.00100 -0.00354 0.07663 0.07740 0.00398 0.00049 0.04513 0.08730 0.00047 -0.00510 0.2685564 0.38422 -0.2598264 0.8442409 -0.4240043 -0.290109 0.5023657 0.6954753
-0.2216 0.08422 1.30887 -0.08736 -0.04498 1.31313 0.00117 0.00083 -0.01318 -0.00092 0.00053 -0.01141 0.07735 0.07990 0.00072 0.00250 0.04170 0.08578 -0.00343 -0.00152 0.2152312 0.5172722 -0.3082326 0.7688288 -0.5388343 0.0986524 -0.210288 0.8097557
-0.21731 0.08796 1.30511 -0.08804 -0.04596 1.30847 0.00429 0.00374 -0.00376 -0.00068 -0.00098 -0.00466 0.07619 0.07906 -0.00116 -0.00084 0.03993 0.08949 -0.00177 0.00371 0.2611915 0.3689204 -0.2730867 0.8491763 -0.5425748 0.1214775 -0.2137052 0.8032347
-0.21647 0.08708 1.30134 -0.08989 -0.04812 1.30636 0.00084 -0.00088 -0.00377 -0.00185 -0.00216 -0.00211 0.07653 0.07923 0.00034 0.00017 0.04285 0.09000 0.00292 0.00051 0.2186806 0.4441086 -0.2948113 0.8173326 -0.50578 0.1175976 -0.1763781 0.8362105
-0.21466 0.08731 1.29841 -0.0899 -0.05084 1.30514 0.00181 0.00023 -0.00293 -0.00001 -0.00272 -0.00122 0.07256 0.07836 -0.00397 -0.00087 0.04778 0.09053 0.00493 0.00053 0.1585938 0.5647867 -0.3278246 0.740537 -0.4686939 0.1154782 -0.1669117 0.8597274
-0.18257 0.10579 1.28837 -0.09069 -0.04947 1.28461 0.03209 0.01848 -0.01004 -0.00079 0.00137 -0.02053 0.09533 0.07829 0.02277 -0.00007 0.06140 0.08375 0.01362 -0.00678 0.008325 0.7753204 -0.299124 0.5561778 -0.4852616 0.1440939 -0.1717882 0.8451313
-0.18179 0.10406 1.29759 -0.09424 -0.05408 1.2951 0.00078 -0.00173 0.00922 -0.00355 -0.00461 0.01049 0.09491 0.08062 -0.00042 0.00233 0.04822 0.09119 -0.01318 0.00744 -0.1219375 0.9108542 -0.3088534 -0.2451234 -0.381914 0.1801441 -0.1988398 0.8843939
-0.17333 0.10551 1.29569 -0.09713 -0.05908 1.291 0.00846 0.00145 -0.00190 -0.00289 -0.00500 -0.00410 0.09397 0.07829 -0.00094 -0.00233 0.04423 0.09226 -0.00399 0.00107 -0.1628158 0.9117752 -0.2239682 -0.3033072 -0.2851265 0.2192786 -0.215821 0.9077671
-0.15775 0.10709 1.2913 -0.0996 -0.06477 1.28229 0.01558 0.00158 -0.00439 -0.00247 -0.00569 -0.00871 0.09569 0.07227 0.00172 -0.00602 0.04197 0.09802 -0.00226 0.00576 -0.3994148 0.7747977 -0.3865239 -0.3012568 -0.3127335 0.192838 -0.1935861 0.9096898
-0.14992 0.10941 1.31321 -0.11134 -0.07437 1.30091 0.00783 0.00232 0.02191 -0.01174 -0.00960 0.01862 0.09451 0.07600 -0.00118 0.00373 0.04639 0.09281 0.00442 -0.00521 -0.3790861 0.7653407 -0.258084 -0.4515969 0.7552945 -0.0228747 -0.0125952 -0.6548651
-0.14285 0.10288 1.30076 -0.12031 -0.08131 1.28441 0.00707 -0.00653 -0.01245 -0.00897 -0.00694 -0.01650 0.08712 0.07335 -0.00739 -0.00265 0.05904 0.05227 0.01265 -0.04054 -0.2086456 0.8408877 -0.4985753 -0.0282384 -0.6552712 0.1493864 0.1954671 0.7142101
-0.12144 0.10553 1.32995 -0.13929 -0.09348 1.30489 0.02141 0.00265 0.02919 -0.01898 -0.01217 0.02048 0.08667 0.07308 -0.00045 -0.00027 0.05777 0.05010 -0.00127 -0.00217 -0.2185262 0.8021806 -0.5547926 -0.0309468 -0.5863754 0.26768 0.1578594 0.7480587
-0.09232 0.10407 1.33903 -0.16191 -0.10492 1.31012 0.02912 -0.00146 0.00908 -0.02262 -0.01144 0.00523 0.08419 0.07564 -0.00248 0.00256 0.06368 0.05086 0.00591 0.00076 -0.2003313 0.8019214 -0.5624707 -0.0203993 -0.1673062 0.1709407 0.0668275 0.9686702
-0.06037 0.09938 1.36272 -0.18607 -0.12209 1.33204 0.03195 -0.00469 0.02369 -0.02416 -0.01717 0.02192 0.08385 0.07898 -0.00034 0.00334 0.04364 0.05535 -0.02004 0.00449 0.5633577 -0.5783949 0.340335 0.4819333 -0.3889948 0.7211061 -0.4034149 0.4073642
-0.01994 0.09164 1.41373 -0.21758 -0.14751 1.38104 0.04043 -0.00774 0.05101 -0.03151 -0.02542 0.04900 0.08442 0.08173 0.00057 0.00275 0.04719 0.05843 0.00355 0.00308 0.5794925 -0.5518445 0.4023152 0.4447454 -0.5012968 0.6844456 -0.0321303 0.528397
0.01674 0.07401 1.39064 -0.23948 -0.17161 1.36272 0.03668 -0.01763 -0.02309 -0.02190 -0.02410 -0.01832 0.07431 0.08130 -0.01011 -0.00043 0.06068 0.09325 0.01349 0.03482 0.3431568 -0.6498626 0.6764519 0.0483198 -0.5383425 0.3236902 -0.3444557 0.6976835
0.0652 0.05219 1.37503 -0.26559 -0.1932 1.35592 0.04846 -0.02182 -0.01561 -0.02611 -0.02159 -0.00680 0.07209 0.07729 -0.00222 -0.00401 0.06207 0.08839 0.00139 -0.00486 0.3166535 -0.6079794 0.7266032 -0.0462544 -0.4924189 0.3869278 -0.3371571 0.7029477
0.11403 0.02761 1.42464 -0.30934 -0.23218 1.41593 0.04883 -0.02458 0.04961 -0.04375 -0.03898 0.06001 0.07053 0.08118 -0.00156 0.00389 0.06277 0.07983 0.00070 -0.00856 0.0737811 -0.4844609 0.832525 -0.2583718 -0.4681903 0.4590718 -0.3613352 0.6629388
0.16235 -0.00577 1.40739 -0.34066 -0.26211 1.4103 0.04832 -0.03338 -0.01725 -0.03132 -0.02993 -0.00563 0.07009 0.08377 -0.00044 0.00259 0.06698 0.07890 0.00421 -0.00093 0.3372048 -0.5109425 0.7735571 -0.1638295 -0.3881758 0.5523747 -0.4714331 0.5674087
0.21211 -0.05155 1.36698 -0.36258 -0.2929 1.38767 0.04976 -0.04578 -0.04041 -0.02192 -0.03079 -0.02263 0.07056 0.08349 0.00047 -0.00028 0.05764 0.07035 -0.00934 -0.00855 0.2500631 -0.4241074 0.8092997 -0.3203675 -0.4116543 0.6165127 -0.4136247 0.5285523
0.31901 -0.16479 1.3725 -0.42354 -0.39228 1.42716 0.10690 -0.11324 0.00552 -0.06096 -0.09938 0.03949 0.06957 0.05990 -0.00099 -0.02359 0.04519 0.07382 -0.01245 0.00347 0.6335158 -0.3481194 0.3713136 -0.5827493 -0.4706378 0.6707556 -0.3493651 0.4544569
0.36435 -0.22149 1.36285 -0.43436 -0.42552 1.46419 0.04534 -0.05670 -0.00965 -0.01082 -0.03324 0.03703 0.06665 0.07279 -0.00292 0.01289 0.04136 0.06318 -0.00383 -0.01064 0.4073255 -0.446169 0.5708331 -0.5560295 -0.3495007 0.6064509 -0.4348341 0.5665561
0.40845 -0.27904 1.40078 -0.44809 -0.46897 1.52862 0.04410 -0.05755 0.03793 -0.01373 -0.04345 0.06443 0.06728 0.08743 0.00063 0.01464 0.03627 0.06469 -0.00509 0.00151 -0.4939426 0.5710398 -0.3606406 0.5476062 -0.2287628 0.4578527 -0.4623437 0.7240697
0.4642 -0.34704 1.48837 -0.47551 -0.5251 1.64498 0.05575 -0.06800 0.08759 -0.02742 -0.05613 0.11636 0.06325 0.10196 -0.00403 0.01453 0.05805 0.05856 0.02178 -0.00613 -0.4644988 0.4206481 -0.5636986 0.538089 -0.325392 0.6275387 -0.3888474 0.5908579
0.47257 -0.37532 1.4549 -0.45615 -0.53834 1.61495 0.00837 -0.02828 -0.03347 0.01936 -0.01324 -0.03003 0.07811 0.09734 0.01486 -0.00462 0.05757 0.05852 -0.00048 -0.00004 -0.5181006 0.4686039 -0.463806 0.5448542 -0.2071821 0.6005651 -0.3312551 0.6976153
0.49479 -0.4181 1.53529 -0.46269 -0.5866 1.67886 0.02222 -0.04278 0.08039 -0.00654 -0.04826 0.06391 0.10225 0.08858 0.02414 -0.00876 0.08010 0.06012 0.02253 0.00160 -0.3544051 0.2490804 -0.4622351 0.7737536 -0.3011455 0.7850418 -0.238685 0.4858499
0.52685 -0.50905 1.64019 -0.47549 -0.64231 1.77245 0.03206 -0.09095 0.10490 -0.01280 -0.05571 0.09359 0.05582 0.09322 -0.04643 0.00464 0.17262 0.05988 0.09252 -0.00024 -0.0990799 -0.0306656 -0.5939098 0.7978182 -0.2191272 0.8305808 -0.1706585 0.482695
0.54352 -0.57326 1.69927 -0.46355 -0.68631 1.81653 0.01667 -0.06421 0.05908 0.01194 -0.04400 0.04408 0.14039 0.09423 0.08457 0.00101 0.10983 0.05610 -0.06279 -0.00378 -0.1583629 -0.0569005 -0.358508 0.918235 -0.23852 0.884699 -0.1661841 0.3644154
0.55953 -0.61668 1.68853 -0.45674 -0.69563 1.83247 0.01601 -0.04342 -0.01074 0.00681 -0.00932 0.01594 0.16334 0.10251 0.02295 0.00828 0.10863 0.06357 -0.00120 0.00747 -0.2842312 0.0939107 -0.4917729 0.8176507 -0.1670835 0.9232736 -0.1100966 0.3279143
0.55621 -0.61697 1.67765 -0.45018 -0.69454 1.8421 -0.00332 -0.00029 -0.01088 0.00656 0.00109 0.00963 0.16461 0.09670 0.00127 -0.00581 0.11563 0.05717 0.00700 -0.00640 -0.4538612 0.3985244 -0.3453064 0.7182978 -0.1109266 0.9427741 -0.0826319 0.3033881
0.55366 -0.61707 1.66771 -0.44686 -0.70052 1.84788 -0.00255 -0.00010 -0.00994 0.00332 -0.00598 0.00578 0.16126 0.08797 -0.00335 -0.00873 0.11774 0.05848 0.00211 0.00131 -0.4066976 0.2719469 -0.4276786 0.7600874 -0.2859077 0.9124163 -0.1401779 0.2571059
0.54708 -0.61426 1.65189 -0.43324 -0.66421 1.85187 -0.00658 0.00281 -0.01582 0.01362 0.03631 0.00399 0.15805 0.11273 -0.00321 0.02476 0.11183 0.05164 -0.00591 -0.00684 -0.485752 0.3985887 -0.3682728 0.6852351 -0.1956844 0.9284416 -0.1118485 0.2952857
0.5454 -0.61473 1.64406 -0.43924 -0.69863 1.85459 -0.00168 -0.00047 -0.00783 -0.00600 -0.03442 0.00272 0.15492 0.09582 -0.00313 -0.01691 0.11254 0.05059 0.00071 -0.00105 -0.4915639 0.3984046 -0.3721856 0.6790556 0.0083129 0.9779702 -0.087483 0.1893461
0.54569 -0.61665 1.64176 -0.41888 -0.63813 1.8604 0.00029 -0.00192 -0.00230 0.02036 0.06050 0.00581 0.15278 0.11760 -0.00214 0.02178 0.12230 0.05028 0.00976 -0.00031 -0.4895505 0.3911142 -0.3838383 0.6782612 0.334063 0.9224797 0.1747284 0.0830855
0.54904 -0.61867 1.6369 -0.41098 -0.61929 1.86406 0.00335 -0.00202 -0.00486 0.00790 0.01884 0.00366 0.14368 0.11144 -0.00910 -0.00616 0.12841 0.05177 0.00611 0.00149 -0.4979894 0.3848629 -0.3795055 0.6781317 0.8521326 0.3024921 -0.1907279 -0.3820885
0.54939 -0.62042 1.6361 -0.42228 -0.66257 1.85526 0.00035 -0.00175 -0.00080 -0.01130 -0.04328 -0.00880 0.14328 0.09845 -0.00040 -0.01299 0.11360 0.04345 -0.01481 -0.00832 -0.5014399 0.3828368 -0.3731256 0.6802729 0.0964086 0.9481688 -0.2129975 0.2152058
0.54867 -0.62026 1.63588 -0.42327 -0.66928 1.85731 -0.00072 0.00016 -0.00022 -0.00099 -0.00671 0.00205 0.14460 0.11545 0.00132 0.01700 0.12737 0.03480 0.01377 -0.00865 -0.5008692 0.3798257 -0.3831874 0.6767792 0.1159171 0.9545045 -0.1421141 0.235134
0.54591 -0.61932 1.63193 -0.42113 -0.66841 1.84697 -0.00276 0.00094 -0.00395 0.00214 0.00087 -0.01034 0.14385 0.11945 -0.00075 0.00400 0.12354 0.03355 -0.00383 -0.00125 -0.4980196 0.3828306 -0.3955945 0.6700166 0.1020426 0.9590054 -0.1120802 0.2394452
0.53973 -0.61282 1.61133 -0.42387 -0.68296 1.80666 -0.00618 0.00650 -0.02060 -0.00274 -0.01455 -0.04031 0.13777 0.09345 -0.00608 -0.02600 0.12170 0.05356 -0.00184 0.02001 -0.503105 0.3835116 -0.3950182 0.6661568 0.1373479 0.9616543 -0.2227406 0.0821175
0.54593 -0.61981 1.62885 -0.42202 -0.67199 1.818 0.00620 -0.00699 0.01752 0.00185 0.01097 0.01134 0.13496 0.08477 -0.00281 -0.00868 0.12139 0.05517 -0.00031 0.00161 -0.5074331 0.3848222 -0.3934596 0.6630332 0.1189273 0.9495713 -0.0986224 0.2728446
0.54634 -0.62039 1.62795 -0.40886 -0.6256 1.82407 0.00041 -0.00058 -0.00090 0.01316 0.04639 0.00607 0.13423 0.11754 -0.00073 0.03277 0.12240 0.04930 0.00101 -0.00587 -0.5044231 0.3758256 -0.398689 0.6673527 0.3559303 0.9243976 -0.0534601 0.1262721
0.54648 -0.61952 1.62452 -0.42804 -0.69118 1.81312 0.00014 0.00087 -0.00343 -0.01918 -0.06558 -0.01095 0.13192 0.08310 -0.00231 -0.03444 0.11958 0.04094 -0.00282 -0.00836 -0.5090283 0.3782558 -0.3973363 0.6632772 0.0267992 0.9737087 -0.1399965 0.1776913
0.54636 -0.61938 1.62332 -0.40985 -0.63327 1.81541 -0.00012 0.00014 -0.00120 0.01819 0.05791 0.00229 0.13010 0.11462 -0.00182 0.03152 0.12343 0.04945 0.00385 0.00851 -0.5123193 0.3813472 -0.3962054 0.6596398 0.1369484 0.9519763 -0.0722322 0.2641378
0.54742 -0.6199 1.62316 -0.41888 -0.66541 1.81387 0.00106 -0.00052 -0.00016 -0.00903 -0.03214 -0.00154 0.13359 0.08550 0.00349 -0.02912 0.12324 0.05978 -0.00019 0.01033 -0.5171576 0.3831031 -0.3919885 0.6573622 0.0335599 0.972201 -0.1239358 0.1958027
0.55006 -0.62075 1.62268 -0.40736 -0.62245 1.8265 0.00264 -0.00085 -0.00048 0.01152 0.04296 0.01263 0.12733 0.12241 -0.00626 0.03691 0.12236 0.05214 -0.00088 -0.00764 -0.5171289 0.3743006 -0.3937019 0.6614194 0.5958183 0.7986513 -0.0796095 -0.0286163
0.54983 -0.62068 1.6235 -0.40458 -0.61341 1.83348 -0.00023 0.00007 0.00082 0.00278 0.00904 0.00698 0.13308 0.12240 0.00575 -0.00001 0.11819 0.05334 -0.00417 0.00120 -0.5216151 0.3787998 -0.3924044 0.6560846 0.7814808 0.5788538 -0.1617936 -0.1674484
0.55027 -0.62126 1.62397 -0.40271 -0.60851 1.83768 0.00044 -0.00058 0.00047 0.00187 0.00490 0.00420 0.12972 0.12552 -0.00336 0.00312 0.11969 0.05034 0.00150 -0.00300 -0.5195997 0.3739287 -0.3952353 0.6587734 0.8270833 0.4906251 -0.1899636 -0.1978229
0.54939 -0.62137 1.6266 -0.41765 -0.66298 1.83524 -0.00088 -0.00011 0.00263 -0.01494 -0.05447 -0.00244 0.12930 0.12922 -0.00042 0.00370 0.11909 0.03636 -0.00060 -0.01398 -0.5218141 0.3800981 -0.3930461 0.6547902 0.193165 0.9531234 -0.0833905 0.2174606
0.54991 -0.62165 1.62694 -0.40206 -0.61375 1.84879 0.00052 -0.00028 0.00034 0.01559 0.04923 0.01355 0.12901 0.11549 -0.00029 -0.01373 0.11114 0.05041 -0.00795 0.01405 -0.5227595 0.3808451 -0.3935391 0.6533042 0.8543693 0.4397317 -0.1587301 -0.2269224
0.55131 -0.62279 1.62947 -0.40961 -0.63877 1.85031 0.00140 -0.00114 0.00253 -0.00755 -0.02502 0.00152 0.13242 0.10731 0.00341 -0.00818 0.11353 0.04181 0.00239 -0.00860 -0.5253929 0.3821329 -0.3863972 0.6547014 -0.0129224 0.9776495 -0.143585 0.1530288
]
