classifier_Monkey_car_bumps_into_each_other_23502 [ 0.54627 -0.62187 1.6476 -0.42586 -0.68459 1.86524 0.54627 -0.62187 1.6476 -0.42586 -0.68459 1.86524 0.10904 0.09352 0.10904 0.09352 0.14722 0.09328 0.14722 0.09328 -0.3429539 0.6360751 0.5577758 -0.4082611 0.2169084 -0.0470064 0.1606764 0.9617298
0.54812 -0.62245 1.64787 -0.42525 -0.68278 1.85936 0.00185 -0.00058 0.00027 0.00061 0.00181 -0.00588 0.11295 0.10208 0.00391 0.00856 0.14645 0.10080 -0.00077 0.00752 -0.3521885 0.648571 0.55119 -0.389241 0.2307609 -0.0345558 0.0796361 0.9691303
0.54702 -0.62174 1.64899 -0.42563 -0.68606 1.85806 -0.00110 0.00071 0.00112 -0.00038 -0.00328 -0.00130 0.11766 0.10638 0.00471 0.00430 0.14494 0.09409 -0.00151 -0.00671 -0.3436495 0.6400977 0.5580041 -0.4010128 0.084379 -0.0888727 0.1609735 0.9793208
0.5462 -0.62093 1.64816 -0.43222 -0.70353 1.84854 -0.00082 0.00081 -0.00083 -0.00659 -0.01747 -0.00952 0.11596 0.09430 -0.00170 -0.01208 0.14828 0.06598 0.00334 -0.02811 -0.3545766 0.6441776 0.5530445 -0.3917304 0.1312945 -0.1125535 0.1045612 0.9793673
0.54617 -0.62043 1.64731 -0.42845 -0.69859 1.80064 -0.00003 0.00050 -0.00085 0.00377 0.00494 -0.04790 0.12999 0.07751 0.01403 -0.01679 0.14570 0.03844 -0.00258 -0.02754 -0.3732235 0.6539506 0.5425709 -0.3723836 0.1511875 -0.1733382 -0.2045823 0.9514422
0.54402 -0.61545 1.64492 -0.42648 -0.68817 1.7498 -0.00215 0.00498 -0.00239 0.00197 0.01042 -0.05084 0.11842 0.08918 -0.01157 0.01167 0.14418 0.04806 -0.00152 0.00962 -0.369165 0.6308952 0.5598149 -0.3902508 0.1576087 -0.2181272 -0.2501568 0.9300546
0.54625 -0.61287 1.64654 -0.42879 -0.66662 1.71206 0.00223 0.00258 0.00162 -0.00231 0.02155 -0.03774 0.12721 0.09425 0.00879 0.00507 0.15236 0.05687 0.00818 0.00881 -0.40644 0.654945 0.5410632 -0.3363098 0.2226763 -0.3122034 -0.3722785 0.845194
0.54799 -0.61013 1.66081 -0.43063 -0.63579 1.68706 0.00174 0.00274 0.01427 -0.00184 0.03083 -0.02500 0.12704 0.09538 -0.00017 0.00113 0.13218 0.05918 -0.02018 0.00231 -0.4859217 0.7469084 0.4235793 -0.1630597 0.2781602 -0.4321534 -0.3854022 0.7663782
0.52047 -0.56743 1.64933 -0.43652 -0.58618 1.66839 -0.02752 0.04270 -0.01148 -0.00589 0.04961 -0.01867 0.14419 0.10367 0.01715 0.00829 0.14191 0.08412 0.00973 0.02494 -0.1207583 0.6562622 0.45062 -0.5930253 0.2934162 -0.3870909 -0.442 0.7541243
0.46662 -0.41332 1.49037 -0.40932 -0.45883 1.50328 -0.05385 0.15411 -0.15896 0.02720 0.12735 -0.16511 0.08126 0.06464 -0.06293 -0.03903 0.06412 0.05767 -0.07779 -0.02645 -0.6851168 0.5688844 0.4455433 -0.0920695 0.381145 -0.4548827 -0.5010448 0.6298923
0.44718 -0.39933 1.55662 -0.41908 -0.41273 1.53939 -0.01944 0.01399 0.06625 -0.00976 0.04610 0.03611 0.08306 0.05081 0.00180 -0.01383 0.06051 0.06521 -0.00361 0.00754 0.8043028 -0.5842662 0.0318311 -0.1035217 0.1127584 -0.1398583 -0.6905504 0.7006178
0.37869 -0.3333 1.42144 -0.37439 -0.30955 1.40384 -0.06849 0.06603 -0.13518 0.04469 0.10318 -0.13555 0.06307 0.05892 -0.01999 0.00811 0.04835 0.04511 -0.01216 -0.02010 0.759968 -0.643885 -0.0872772 -0.0156027 0.5121542 -0.328766 -0.4404222 0.6600298
0.34039 -0.2961 1.37184 -0.3457 -0.22851 1.36074 -0.03830 0.03720 -0.04960 0.02869 0.08104 -0.04310 0.04529 0.04238 -0.01778 -0.01654 0.05830 0.04543 0.00995 0.00032 -0.5091129 0.8338339 0.1705328 -0.1282334 0.4667368 -0.1348771 -0.590423 0.6444886
0.33448 -0.29912 1.44581 -0.35075 -0.1705 1.4379 -0.00591 -0.00302 0.07397 -0.00505 0.05801 0.07716 0.04563 0.05838 0.00034 0.01600 0.06245 0.04466 0.00415 -0.00077 0.924215 -0.3701452 0.0020417 0.0938875 -0.4954446 0.3874604 0.6550936 -0.4186425
0.29989 -0.26821 1.38219 -0.32332 -0.10386 1.39087 -0.03459 0.03091 -0.06362 0.02743 0.06664 -0.04703 0.04218 0.04822 -0.00345 -0.01016 0.06126 0.04604 -0.00119 0.00138 -0.7050896 0.7085674 -0.0139092 0.0242333 -0.3777938 0.3214218 0.7612864 -0.4176157
0.26019 -0.17743 1.30267 -0.27805 -0.00183 1.33018 -0.03970 0.09078 -0.07952 0.04527 0.10203 -0.06069 0.04553 0.04938 0.00335 0.00116 0.05802 0.04537 -0.00324 -0.00067 0.8454545 -0.5043026 -0.0978819 0.1459611 -0.2221967 0.223221 0.8599827 -0.4015355
0.24322 -0.12366 1.25846 -0.25746 -0.004 1.28602 -0.01697 0.05377 -0.04421 0.02059 -0.00217 -0.04416 0.04700 0.05036 0.00147 0.00098 0.05932 0.04873 0.00130 0.00336 0.9143413 -0.2631406 -0.2657317 0.1553179 0.0315954 0.1444742 0.8697354 -0.4708388
0.2494 -0.06909 1.35783 -0.26077 -0.0199 1.37945 0.00618 0.05457 0.09937 -0.00331 -0.01590 0.09343 0.05954 0.05556 0.01254 0.00520 0.06435 0.05084 0.00503 0.00211 0.803494 -0.378899 -0.2814573 0.3627875 -0.1422979 -0.2387588 -0.4752836 0.8347761
0.22709 -0.00024 1.37012 -0.24477 -0.04678 1.37944 -0.02231 0.06885 0.01229 0.01600 -0.02688 -0.00001 0.05981 0.04423 0.00027 -0.01133 0.06671 0.04554 0.00236 -0.00530 0.8059399 -0.3594989 -0.2769403 0.3801652 -0.0499224 0.2848588 0.8266215 -0.482763
0.20081 0.06376 1.36252 -0.22464 -0.07639 1.35333 -0.02628 0.06400 -0.00760 0.02013 -0.02961 -0.02611 0.06111 0.05025 0.00130 0.00602 0.06045 0.05009 -0.00626 0.00455 0.7939004 -0.2831318 -0.3318298 0.4236123 0.1686869 0.1659791 0.7771139 -0.583172
0.18405 0.11961 1.39541 -0.21488 -0.10359 1.36543 -0.01676 0.05585 0.03289 0.00976 -0.02720 0.01210 0.06176 0.05319 0.00065 0.00294 0.06650 0.05297 0.00605 0.00288 0.8003189 -0.2290738 -0.3532666 0.4268694 0.2069874 0.0505786 0.7670393 -0.6051848
0.16623 0.2103 1.43624 -0.20623 -0.09004 1.35466 -0.01782 0.09069 0.04083 0.00865 0.01355 -0.01077 0.06192 0.05644 0.00016 0.00325 0.09537 0.04754 0.02887 -0.00543 0.8617575 -0.2554979 -0.2210274 0.378473 -0.0694237 0.3367549 0.8165081 -0.4637791
0.1737 0.21169 1.43351 -0.21452 -0.0501 1.36814 0.00747 0.00139 -0.00273 -0.00829 0.03994 0.01348 0.05476 0.05680 -0.00716 0.00036 0.06031 0.04527 -0.03506 -0.00227 0.8513563 -0.2778453 -0.2543795 0.3650827 -0.2486991 0.3394754 0.840562 -0.3411169
0.18886 0.19574 1.45201 -0.22778 0.00357 1.4064 0.01516 -0.01595 0.01850 -0.01326 0.05367 0.03826 0.05375 0.04961 -0.00101 -0.00719 0.06080 0.05069 0.00049 0.00542 0.8434145 -0.3038473 -0.2520612 0.3644089 -0.3237936 0.3603946 0.8089141 -0.3330637
0.20502 0.15667 1.43606 -0.23734 0.06313 1.4267 0.01616 -0.03907 -0.01595 -0.00956 0.05956 0.02030 0.04742 0.05087 -0.00633 0.00126 0.05681 0.05432 -0.00399 0.00363 0.8388506 -0.329161 -0.2497628 0.3544029 -0.3566196 0.3502402 0.8151981 -0.2925857
0.23093 -0.02439 1.31286 -0.25173 0.18304 1.42228 0.02591 -0.18106 -0.12320 -0.01439 0.11991 -0.00442 0.03934 0.06969 -0.00808 0.01882 0.06657 0.06419 0.00976 0.00987 -0.4644923 0.8375222 0.0953947 -0.2714835 -0.2783506 0.1842004 0.9287308 -0.1614007
0.2342 -0.05933 1.28033 -0.24565 0.20352 1.39649 0.00327 -0.03494 -0.03253 0.00608 0.02048 -0.02579 0.04713 0.06518 0.00779 -0.00451 0.06284 0.06496 -0.00373 0.00077 0.9441732 -0.3217067 -0.0132686 0.0697546 -0.2071353 0.3140634 0.8889547 -0.261187
0.23636 -0.06066 1.28379 -0.24509 0.21011 1.39357 0.00216 -0.00133 0.00346 0.00056 0.00659 -0.00292 0.04584 0.06449 -0.00129 -0.00069 0.06757 0.06021 0.00473 -0.00475 0.8011268 -0.5192674 -0.0954875 0.2818499 -0.2231268 0.2871619 0.8876328 -0.2825961
0.24386 -0.03509 1.32331 -0.25063 0.20402 1.4205 0.00750 0.02557 0.03952 -0.00554 -0.00609 0.02693 0.04562 0.05793 -0.00022 -0.00656 0.06645 0.05943 -0.00112 -0.00078 0.8218616 -0.4699767 -0.0792357 0.3120691 -0.2533521 0.3203571 0.8537832 -0.3228597
0.23419 0.01327 1.31708 -0.24147 0.17702 1.38684 -0.00967 0.04836 -0.00623 0.00916 -0.02700 -0.03366 0.05242 0.05123 0.00680 -0.00670 0.06267 0.05733 -0.00378 -0.00210 0.8033339 -0.4289069 -0.2220301 0.3484195 -0.2157292 0.319168 0.8567748 -0.3428261
0.22527 0.06929 1.34498 -0.23929 0.13697 1.38157 -0.00892 0.05602 0.02790 0.00218 -0.04005 -0.00527 0.06282 0.05182 0.01040 0.00059 0.05918 0.05719 -0.00349 -0.00014 0.8278717 -0.328166 -0.2824059 0.3566264 -0.1617803 0.2886459 0.8672682 -0.371963
0.21709 0.12317 1.36793 -0.23253 0.09207 1.37143 -0.00818 0.05388 0.02295 0.00676 -0.04490 -0.01014 0.06183 0.05173 -0.00099 -0.00009 0.05536 0.05583 -0.00382 -0.00136 0.8189367 -0.306018 -0.3032684 0.3791094 -0.1217969 0.2938352 0.8551816 -0.4092565
0.21024 0.17192 1.39742 -0.22574 0.04744 1.37252 -0.00685 0.04875 0.02949 0.00679 -0.04463 0.00109 0.05636 0.05153 -0.00547 -0.00020 0.04134 0.05631 -0.01402 0.00048 0.8662701 -0.4235654 0.2241929 0.1410885 -0.1267772 0.3117928 0.8386756 -0.4281776
0.2036 0.20871 1.41518 -0.21967 0.01155 1.36667 -0.00664 0.03679 0.01776 0.00607 -0.03589 -0.00585 0.05727 0.05364 0.00091 0.00211 0.05035 0.05305 0.00901 -0.00326 0.8653766 -0.2562049 -0.2700455 0.3354965 -0.0662769 0.312276 0.8139439 -0.4853724
0.19708 0.24429 1.42654 -0.21218 -0.01087 1.35845 -0.00652 0.03558 0.01136 0.00749 -0.02242 -0.00822 0.05740 0.05679 0.00013 0.00315 0.05438 0.05185 0.00403 -0.00120 0.8458257 -0.2179361 -0.3217275 0.3654779 0.0734578 0.2520414 0.7969628 -0.5439939
0.19785 0.24036 1.42728 -0.21352 -0.00077 1.36213 0.00077 -0.00393 0.00074 -0.00134 0.01010 0.00368 0.05411 0.06243 -0.00329 0.00564 0.04655 0.05185 -0.00783 0.00000 -0.5264961 -0.0170298 0.7279571 -0.4388512 -0.1255053 0.3453322 0.8268989 -0.4257138
0.2002 0.22342 1.42632 -0.21836 0.01566 1.37342 0.00235 -0.01694 -0.00096 -0.00484 0.01643 0.01129 0.05251 0.06691 -0.00160 0.00448 0.08017 0.04920 0.03362 -0.00265 0.8366312 -0.293933 -0.2506559 0.3883598 -0.1543325 0.3002416 0.8662176 -0.3683796
0.20324 0.1955 1.4224 -0.2254 0.03516 1.38512 0.00304 -0.02792 -0.00392 -0.00704 0.01950 0.01170 0.04768 0.07081 -0.00483 0.00390 0.07464 0.05489 -0.00553 0.00569 0.8084466 -0.3125364 -0.269132 0.4198846 0.0651126 0.1730534 0.9173285 -0.3525923
0.20132 0.14868 1.38833 -0.22461 0.05781 1.36911 -0.00192 -0.04682 -0.03407 0.00079 0.02265 -0.01601 0.04842 0.07865 0.00074 0.00784 0.06790 0.09676 -0.00674 0.04187 0.6618947 -0.5051656 -0.1949604 0.5183566 0.9070514 -0.3591286 -0.1343822 -0.1738554
0.20286 0.09999 1.37665 -0.23376 0.08111 1.37464 0.00154 -0.04869 -0.01168 -0.00915 0.02330 0.00553 0.04398 0.09787 -0.00444 0.01922 0.07628 0.10034 0.00838 0.00358 0.835176 -0.311654 -0.1897366 0.411525 0.8977001 -0.3605533 -0.1904402 -0.1669383
0.20746 0.04522 1.37867 -0.24631 0.10119 1.3902 0.00460 -0.05477 0.00202 -0.01255 0.02008 0.01556 0.04583 0.11269 0.00185 0.01482 0.07763 0.10026 0.00135 -0.00008 0.7880025 -0.3517158 -0.215541 0.4570449 0.8882917 -0.3515967 -0.2412988 -0.1705653
0.21364 -0.01253 1.39857 -0.25769 0.12375 1.41813 0.00618 -0.05775 0.01990 -0.01138 0.02256 0.02793 0.04741 0.11811 0.00158 0.00542 0.07409 0.10290 -0.00354 0.00264 0.7731583 -0.3620712 -0.2361189 0.4640889 0.8841112 -0.3333386 -0.2649884 -0.1923898
0.2156 -0.07054 1.3884 -0.26432 0.13979 1.40573 0.00196 -0.05801 -0.01017 -0.00663 0.01604 -0.01240 0.04897 0.11600 0.00156 -0.00211 0.07465 0.09397 0.00056 -0.00893 0.7566508 -0.3729345 -0.2073317 0.4953918 0.8777228 -0.2386082 -0.3510559 -0.222325
0.21517 -0.1253 1.37028 -0.26986 0.15359 1.38349 -0.00043 -0.05476 -0.01812 -0.00554 0.01380 -0.02224 0.04769 0.12020 -0.00128 0.00420 0.06667 0.09483 -0.00798 0.00086 0.6837733 -0.3803038 -0.2516642 0.5696387 0.8844507 -0.2197848 -0.3313285 -0.2442602
0.22532 -0.18228 1.4323 -0.28666 0.17325 1.42988 0.01015 -0.05698 0.06202 -0.01680 0.01966 0.04639 0.05518 0.12067 0.00749 0.00047 0.05756 0.09145 -0.00911 -0.00338 0.4243318 -0.0535969 -0.4372837 0.7911086 0.8324494 -0.1785389 -0.4022034 -0.3367255
0.21554 -0.21723 1.36087 -0.27254 0.17315 1.34313 -0.00978 -0.03495 -0.07143 0.01412 -0.00010 -0.08675 0.05524 0.11612 0.00006 -0.00455 0.05360 0.10034 -0.00396 0.00889 -0.3640409 -0.0667498 0.8205948 -0.4354798 0.8609444 -0.2784271 -0.3318003 -0.2667615
0.23365 -0.3044 1.4509 -0.29334 0.17021 1.38912 0.01811 -0.08717 0.09003 -0.02080 -0.00294 0.04599 0.04913 0.12484 -0.00611 0.00872 0.07537 0.09975 0.02177 -0.00059 0.5772507 -0.4720921 -0.2718913 0.6082647 0.8261409 -0.3253949 -0.3874458 -0.2479818
0.24056 -0.33931 1.47831 -0.2999 0.14884 1.3855 0.00691 -0.03491 0.02741 -0.00656 -0.02137 -0.00362 0.05042 0.11383 0.00129 -0.01101 0.06096 0.09969 -0.01441 -0.00006 -0.5420655 0.8110378 -0.1897054 -0.1113306 0.8009056 -0.3832688 -0.3385508 -0.31151
0.23051 -0.3786 1.49633 -0.30545 0.11204 1.35628 -0.01005 -0.03929 0.01802 -0.00555 -0.03680 -0.02922 0.05938 0.10021 0.00896 -0.01362 0.08026 0.08665 0.01930 -0.01304 -0.3560159 0.8434711 -0.380608 0.13018 0.8335595 -0.1438868 -0.4485399 -0.288595
0.23829 -0.39744 1.49131 -0.30295 0.06177 1.31586 0.00778 -0.01884 -0.00502 0.00250 -0.05027 -0.04042 0.05746 0.11948 -0.00192 0.01927 0.07906 0.09089 -0.00120 0.00424 -0.230291 0.9006932 -0.3546565 -0.0996826 0.8570609 -0.2605444 -0.3896298 -0.2138968
0.2519 -0.42734 1.57958 -0.32383 0.05353 1.38642 0.01361 -0.02990 0.08827 -0.02088 -0.00824 0.07056 0.10924 0.11460 0.05178 -0.00488 0.08203 0.09359 0.00297 0.00270 -0.4407365 0.8322322 -0.3362907 0.007026 0.7973467 -0.3692667 -0.3465824 -0.3282698
0.24552 -0.41706 1.53944 -0.31238 0.05098 1.34715 -0.00638 0.01028 -0.04014 0.01145 -0.00255 -0.03927 0.11577 0.12971 0.00653 0.01511 0.06495 0.09755 -0.01708 0.00396 -0.2561701 0.7324977 -0.5091097 0.372332 0.8613253 -0.3205284 -0.3593132 -0.1620931
0.24546 -0.42754 1.55708 -0.31675 0.05217 1.36439 -0.00006 -0.01048 0.01764 -0.00437 0.00119 0.01724 0.11745 0.13319 0.00168 0.00348 0.07062 0.09858 0.00567 0.00103 -0.5470356 0.7837758 -0.2803897 -0.0884826 0.8673523 -0.340722 -0.3319089 -0.1464413
0.2304 -0.39779 1.47221 -0.29963 0.05362 1.28839 -0.01506 0.02975 -0.08487 0.01712 0.00145 -0.07600 0.09826 0.12339 -0.01919 -0.00980 0.07689 0.09383 0.00627 -0.00475 -0.2031012 0.9159304 -0.342713 0.0486739 0.8808011 -0.2724689 -0.3754747 -0.0947035
0.22994 -0.39621 1.46763 -0.29822 0.05557 1.28562 -0.00046 0.00158 -0.00458 0.00141 0.00195 -0.00277 0.10281 0.11569 0.00455 -0.00770 0.08062 0.08919 0.00373 -0.00464 -0.2318631 0.9101777 -0.3426953 0.0193917 0.8783411 -0.2487831 -0.3962575 -0.0979993
0.24203 -0.42018 1.55275 -0.31583 0.06294 1.36575 0.01209 -0.02397 0.08512 -0.01761 0.00737 0.08013 0.11441 0.12244 0.01160 0.00675 0.08483 0.09410 0.00421 0.00491 -0.5230492 0.7869396 -0.3270688 -0.0131015 0.8590973 -0.3546556 -0.3338272 -0.1572596
0.24095 -0.41945 1.55573 -0.31709 0.06504 1.37077 -0.00108 0.00073 0.00298 -0.00126 0.00210 0.00502 0.11603 0.12300 0.00162 0.00056 0.08334 0.09299 -0.00149 -0.00111 -0.5341209 0.7837642 -0.3143839 -0.0398916 0.8583859 -0.366649 -0.3137328 -0.1741088
0.23027 -0.39907 1.50331 -0.30602 0.0646 1.32658 -0.01068 0.02038 -0.05242 0.01107 -0.00044 -0.04419 0.06916 0.11831 -0.04687 -0.00469 0.07131 0.08803 -0.01203 -0.00496 -0.1955736 0.8947989 -0.3716643 0.1514972 0.8004466 -0.4507021 -0.2768008 -0.2820182
0.24413 -0.42335 1.59162 -0.3264 0.07003 1.41086 0.01386 -0.02428 0.08831 -0.02038 0.00543 0.08428 0.07467 0.12279 0.00551 0.00448 0.07935 0.10339 0.00804 0.01536 -0.5385447 0.7781103 -0.3175738 -0.060504 0.802747 -0.4423033 -0.2901824 -0.2752442
0.24053 -0.42174 1.58753 -0.3281 0.06902 1.41293 -0.00360 0.00161 -0.00409 -0.00170 -0.00101 0.00207 0.07369 0.12575 -0.00098 0.00296 0.08007 0.09660 0.00072 -0.00679 -0.5578283 0.770372 -0.2932951 -0.0966055 0.7979694 -0.4501623 -0.2944512 -0.2718405
0.23712 -0.41923 1.58655 -0.32943 0.0694 1.41675 -0.00341 0.00251 -0.00098 -0.00133 0.00038 0.00382 0.07479 0.13435 0.00110 0.00860 0.08703 0.10172 0.00696 0.00512 -0.5594631 0.7631664 -0.3115042 -0.0868523 0.7982114 -0.4446342 -0.3011349 -0.272904
0.23274 -0.41693 1.5851 -0.33196 0.06884 1.41826 -0.00438 0.00230 -0.00145 -0.00253 -0.00056 0.00151 0.07910 0.12607 0.00431 -0.00828 0.08812 0.09541 0.00109 -0.00631 -0.5595958 0.7676958 -0.2970623 -0.0961755 0.7979512 -0.4551755 -0.2795435 -0.2791859
0.22896 -0.41347 1.59255 -0.33524 0.06906 1.42738 -0.00378 0.00346 0.00745 -0.00328 0.00022 0.00912 0.08268 0.13645 0.00358 0.01038 0.09258 0.10259 0.00446 0.00718 -0.4750507 0.7596532 -0.4371626 0.0783758 0.8038985 -0.4739946 -0.261932 -0.2459024
0.22445 -0.40376 1.59074 -0.33783 0.06923 1.43202 -0.00451 0.00971 -0.00181 -0.00259 0.00017 0.00464 0.08322 0.13490 0.00054 -0.00155 0.09695 0.10268 0.00437 0.00009 -0.5041919 0.7754689 -0.3799877 0.0069118 0.8122713 -0.4805387 -0.2317009 -0.2358234
0.22118 -0.39353 1.59005 -0.33925 0.06892 1.43207 -0.00327 0.01023 -0.00069 -0.00142 -0.00031 0.00005 0.08488 0.14196 0.00166 0.00706 0.09787 0.10011 0.00092 -0.00257 -0.555077 0.7638422 -0.3022664 -0.130651 0.8129845 -0.482796 -0.2285929 -0.2317532
0.21874 -0.37688 1.58191 -0.34084 0.06851 1.43128 -0.00244 0.01665 -0.00814 -0.00159 -0.00041 -0.00079 0.07518 0.12765 -0.00970 -0.01431 0.09263 0.10117 -0.00524 0.00106 -0.535516 0.7745151 -0.3269866 -0.0801797 0.8110888 -0.4917149 -0.227807 -0.220126
0.22964 -0.33068 1.54653 -0.34015 0.06817 1.42051 0.01090 0.04620 -0.03538 0.00069 -0.00034 -0.01077 0.05210 0.13179 -0.02308 0.00414 0.06942 0.10389 -0.02321 0.00272 -0.5542187 0.7385311 -0.383854 0.0083488 0.8147008 -0.4895692 -0.2224435 -0.2170334
0.22896 -0.3148 1.53606 -0.33947 0.06791 1.41035 -0.00068 0.01588 -0.01047 0.00068 -0.00026 -0.01016 0.05100 0.13660 -0.00110 0.00481 0.06467 0.10074 -0.00475 -0.00315 -0.5906882 0.7309286 -0.3333013 -0.0757696 0.8213423 -0.4852054 -0.2032047 -0.2206364
0.22328 -0.28981 1.48048 -0.32635 0.06602 1.35049 -0.00568 0.02499 -0.05558 0.01312 -0.00189 -0.05986 0.05612 0.12471 0.00512 -0.01189 0.05679 0.09880 -0.00788 -0.00194 -0.5365502 0.7564219 -0.3740619 -0.0041935 0.8232206 -0.4840539 -0.2043066 -0.2150781
0.2297 -0.28119 1.49936 -0.32719 0.06728 1.3564 0.00642 0.00862 0.01888 -0.00084 0.00126 0.00591 0.05998 0.12660 0.00386 0.00189 0.05894 0.09343 0.00215 -0.00537 -0.56963 0.7032542 -0.4236133 -0.0388206 0.8270625 -0.4750103 -0.2036389 -0.221052
0.2547 -0.28292 1.57518 -0.34232 0.07047 1.40728 0.02500 -0.00173 0.07582 -0.01513 0.00319 0.05088 0.06982 0.11985 0.00984 -0.00675 0.05954 0.09607 0.00060 0.00264 -0.5428895 0.7599925 -0.3536908 -0.050845 0.8272802 -0.3842228 -0.3087124 -0.2695867
0.26755 -0.26913 1.54633 -0.33249 0.06846 1.36089 0.01285 0.01379 -0.02885 0.00983 -0.00201 -0.04639 0.07230 0.11310 0.00248 -0.00675 0.05798 0.09191 -0.00156 -0.00416 -0.4524334 0.7833511 -0.4257169 -0.020741 0.8197358 -0.3726307 -0.339716 -0.2716112
0.30058 -0.27555 1.59198 -0.33773 0.0701 1.38523 0.03303 -0.00642 0.04565 -0.00524 0.00164 0.02434 0.07834 0.12143 0.00604 0.00833 0.06308 0.09312 0.00510 0.00121 -0.3731355 0.7855186 -0.4722556 -0.1438926 0.8195739 -0.3691432 -0.3401697 -0.2762544
0.31517 -0.27602 1.55324 -0.32641 0.06808 1.33723 0.01459 -0.00047 -0.03874 0.01132 -0.00202 -0.04800 0.07573 0.11543 -0.00261 -0.00600 0.07147 0.09281 0.00839 -0.00031 0.4957494 -0.6728022 -0.0007567 0.5491533 0.8156728 -0.4778954 -0.2429408 -0.217425
0.3432 -0.29405 1.59874 -0.33224 0.06983 1.35927 0.02803 -0.01803 0.04550 -0.00583 0.00175 0.02204 0.08118 0.11764 0.00545 0.00221 0.05438 0.09650 -0.01709 0.00369 -0.4438272 0.8258091 -0.1695082 -0.3038484 0.8189735 -0.4809864 -0.2270535 -0.2153629
0.36965 -0.30295 1.7196 -0.35363 0.07202 1.43531 0.02645 -0.00890 0.12086 -0.02139 0.00219 0.07604 0.08890 0.12465 0.00772 0.00701 0.08940 0.10179 0.03502 0.00529 0.4067144 -0.3067677 -0.1090318 0.8535743 0.8203376 -0.4874257 -0.2118326 -0.2111617
0.3618 -0.25681 1.7144 -0.34611 0.06987 1.39955 -0.00785 0.04614 -0.00520 0.00752 -0.00215 -0.03576 0.09317 0.11036 0.00427 -0.01429 0.05023 0.09730 -0.03917 -0.00449 -0.4101675 0.6872104 -0.4335788 -0.4141423 0.8195733 -0.4099444 -0.3039276 -0.2605249
0.33128 -0.23903 1.74651 -0.34871 0.0688 1.39745 -0.03052 0.01778 0.03211 -0.00260 -0.00107 -0.00210 0.03995 0.10843 -0.05322 -0.00193 0.05571 0.09407 0.00548 -0.00323 -0.214188 0.6764742 -0.6271999 -0.3211331 0.8153611 -0.3469674 -0.3623692 -0.2889436
0.30805 -0.20952 1.7109 -0.3439 0.06365 1.35897 -0.02323 0.02951 -0.03561 0.00481 -0.00515 -0.03848 0.04016 0.09983 0.00021 -0.00860 0.06742 0.07978 0.01171 -0.01429 0.0884136 -0.6347607 0.7372789 0.2137326 0.8304013 -0.0090739 -0.4416745 -0.3395216
0.33603 -0.19305 1.71173 -0.33846 0.07073 1.36278 0.02798 0.01647 0.00083 0.00544 0.00708 0.00381 0.06275 0.12473 0.02259 0.02490 0.05802 0.09978 -0.00940 0.02000 0.7825609 -0.1915902 0.4260403 0.4115596 0.8980688 -0.3555434 -0.2533399 -0.053668
0.33668 -0.20333 1.70433 -0.34155 0.0719 1.36892 0.00065 -0.01028 -0.00740 -0.00309 0.00117 0.00614 0.08882 0.11810 0.02607 -0.00663 0.05560 0.09955 -0.00242 -0.00023 -0.495754 0.7046193 -0.4789316 -0.1684164 0.8463917 -0.4990622 -0.1582054 -0.0976172
0.35566 -0.22711 1.70594 -0.34957 0.07442 1.38365 0.01898 -0.02378 0.00161 -0.00802 0.00252 0.01473 0.09605 0.10792 0.00723 -0.01018 0.05863 0.08945 0.00303 -0.01010 -0.3266913 0.8255529 -0.3355068 0.3149133 0.8291278 -0.3743399 -0.3138596 -0.2718619
0.32805 -0.2162 1.76102 -0.35042 0.07373 1.38326 -0.02761 0.01091 0.05508 -0.00085 -0.00069 -0.00039 0.08010 0.10745 -0.01595 -0.00047 0.05831 0.09029 -0.00032 0.00084 0.5406212 0.6254129 -0.3021114 0.4746748 0.8274634 -0.3697388 -0.3260038 -0.2689219
0.34062 -0.19982 1.74942 -0.3492 0.06678 1.372 0.01257 0.01638 -0.01160 0.00122 -0.00695 -0.01126 0.06600 0.09617 -0.01410 -0.01128 0.08191 0.08245 0.02360 -0.00784 0.7204473 0.2547641 0.0313682 0.644257 0.8431717 -0.2162612 -0.4123233 -0.2688532
0.33361 -0.20462 1.7182 -0.34054 0.07082 1.36218 -0.00701 -0.00480 -0.03122 0.00866 0.00404 -0.00982 0.09608 0.12131 0.03008 0.02514 0.08784 0.09728 0.00593 0.01483 0.5354662 0.2180579 -0.4160279 0.7018885 0.859715 -0.4616933 -0.1830562 -0.1192468
0.32933 -0.21477 1.70446 -0.34623 0.06909 1.37299 -0.00428 -0.01015 -0.01374 -0.00569 -0.00173 0.01081 0.09115 0.10236 -0.00493 -0.01895 0.04578 0.09319 -0.04206 -0.00409 0.0587665 -0.4449486 0.6842244 -0.5748081 0.8294117 -0.3379531 -0.3435867 -0.2825104
0.33853 -0.227 1.73944 -0.35914 0.07357 1.42836 0.00920 -0.01223 0.03498 -0.01291 0.00448 0.05537 0.09098 0.10965 -0.00017 0.00729 0.09030 0.10257 0.04452 0.00938 0.6710766 -0.5229045 -0.1018575 0.5156085 0.808816 -0.4902869 -0.2256526 -0.2334875
0.33523 -0.22365 1.71672 -0.36067 0.07459 1.43501 -0.00330 0.00335 -0.02272 -0.00153 0.00102 0.00665 0.09058 0.10960 -0.00040 -0.00005 0.07168 0.09503 -0.01862 -0.00754 -0.5436814 0.7547571 -0.3055823 -0.2034 0.810219 -0.4935323 -0.2163558 -0.2305674
0.32632 -0.20839 1.65965 -0.35384 0.07407 1.4142 -0.00891 0.01526 -0.05707 0.00683 -0.00052 -0.02081 0.09435 0.10776 0.00377 -0.00184 0.05649 0.09614 -0.01519 0.00111 -0.189084 0.6750548 -0.6055458 0.3766462 0.8075135 -0.494647 -0.2236474 -0.2307122
0.33493 -0.19468 1.65872 -0.36212 0.075 1.44647 0.00861 0.01371 -0.00093 -0.00828 0.00093 0.03227 0.09543 0.10902 0.00108 0.00126 0.06515 0.10508 0.00866 0.00894 -0.545226 0.7820016 -0.2828166 -0.1059098 0.8086103 -0.4883525 -0.2273656 -0.2365716
0.32182 -0.16006 1.63778 -0.3627 0.07518 1.45409 -0.01311 0.03462 -0.02094 -0.00058 0.00018 0.00762 0.08636 0.10726 -0.00907 -0.00176 0.05164 0.10582 -0.01351 0.00074 -0.3421818 0.6592878 -0.6099219 0.276128 0.8057506 -0.4892828 -0.2388521 -0.2330623
0.30917 -0.11463 1.55505 -0.34733 0.07237 1.39279 -0.01265 0.04543 -0.08273 0.01537 -0.00281 -0.06130 0.08436 0.10671 -0.00200 -0.00055 0.04982 0.09514 -0.00182 -0.01068 0.1834068 -0.4898345 0.771509 -0.3622125 0.816229 -0.3457024 -0.3586704 -0.2926011
0.29196 -0.06283 1.45048 -0.32516 0.06841 1.31047 -0.01721 0.05180 -0.10457 0.02217 -0.00396 -0.08232 0.08026 0.09869 -0.00410 -0.00802 0.04639 0.08890 -0.00343 -0.00624 0.1629421 -0.4094289 0.8959617 0.0554113 0.8118417 -0.3492745 -0.3637481 -0.2942918
0.30189 -0.01822 1.50495 -0.3409 0.07292 1.36778 0.00993 0.04461 0.05447 -0.01574 0.00451 0.05731 0.08262 0.09703 0.00236 -0.00166 0.05990 0.09108 0.01351 0.00218 0.049526 -0.3133913 0.8561597 -0.4078281 0.8072267 -0.2622491 -0.3876117 -0.359677
0.30545 0.02118 1.50555 -0.33859 0.07446 1.37261 0.00356 0.03940 0.00060 0.00231 0.00154 0.00483 0.09094 0.11002 0.00832 0.01299 0.05556 0.09163 -0.00434 0.00055 0.2494039 -0.3624457 0.8288437 -0.3456138 0.8035561 -0.306171 -0.3899251 -0.3294168
0.28757 0.05021 1.43159 -0.31907 0.07277 1.30294 -0.01788 0.02903 -0.07396 0.01952 -0.00169 -0.06967 0.09444 0.10444 0.00350 -0.00558 0.07138 0.09129 0.01582 -0.00034 -0.0524148 -0.1911477 0.899654 -0.3890217 0.8080479 -0.3291157 -0.3766263 -0.3112782
0.28707 0.07669 1.43141 -0.31793 0.07604 1.30565 -0.00050 0.02648 -0.00018 0.00114 0.00327 0.00271 0.09666 0.10579 0.00222 0.00135 0.06960 0.08767 -0.00178 -0.00362 0.0829596 -0.2054971 0.9225348 -0.3159399 0.8073176 -0.3375246 -0.3634737 -0.3196911
0.28925 0.09603 1.4503 -0.32109 0.07704 1.32471 0.00218 0.01934 0.01889 -0.00316 0.00100 0.01906 0.10168 0.10519 0.00502 -0.00060 0.06916 0.09391 -0.00044 0.00624 0.1247615 -0.2144765 0.9239661 -0.2910689 0.8013649 -0.3563752 -0.3601755 -0.3179379
0.28218 0.10994 1.42382 -0.31427 0.07851 1.30372 -0.00707 0.01391 -0.02648 0.00682 0.00147 -0.02099 0.10106 0.10242 -0.00062 -0.00277 0.06166 0.08981 -0.00750 -0.00410 0.2329466 -0.2448485 0.9086683 -0.2451673 0.8083903 -0.3792243 -0.3349556 -0.3008303
0.27779 0.11501 1.40843 -0.31214 0.07824 1.29492 -0.00439 0.00507 -0.01539 0.00213 -0.00027 -0.00880 0.10102 0.10218 -0.00004 -0.00024 0.06190 0.09024 0.00024 0.00043 0.2321133 -0.255651 0.906004 -0.2447912 0.8088667 -0.3708013 -0.3401749 -0.3041744
0.26573 0.08123 1.36353 -0.30758 0.0752 1.29094 -0.01206 -0.03378 -0.04490 0.00456 -0.00304 -0.00398 0.09209 0.10473 -0.00893 0.00255 0.06076 0.09374 -0.00114 0.00350 0.2197086 -0.2609206 0.8898335 -0.3030593 0.7927287 -0.376723 -0.354126 -0.3228865
0.26533 0.05833 1.36364 -0.31219 0.07343 1.31166 -0.00040 -0.02290 0.00011 -0.00461 -0.00177 0.02072 0.09104 0.09975 -0.00105 -0.00498 0.06434 0.09240 0.00358 -0.00134 0.0570773 -0.1774578 0.9255391 -0.3295879 0.7880269 -0.3692553 -0.3625973 -0.3334475
0.26762 0.03504 1.37689 -0.31669 0.07394 1.33936 0.00229 -0.02329 0.01325 -0.00450 0.00051 0.02770 0.09426 0.10167 0.00322 0.00192 0.06600 0.09314 0.00166 0.00074 0.0303063 -0.1826809 0.903492 -0.3865377 0.7886561 -0.3625913 -0.3612137 -0.3406959
0.27478 0.023 1.40877 -0.32755 0.07589 1.38081 0.00716 -0.01204 0.03188 -0.01086 0.00195 0.04145 0.09478 0.11286 0.00052 0.01119 0.06743 0.09892 0.00143 0.00578 0.0005379 -0.1613487 0.8974195 -0.4106149 0.7885689 -0.3598416 -0.3545038 -0.3507138
0.27385 0.01685 1.39915 -0.32786 0.07355 1.37438 -0.00093 -0.00615 -0.00962 -0.00031 -0.00234 -0.00643 0.09530 0.11800 0.00052 0.00514 0.06636 0.10318 -0.00107 0.00426 0.0057873 -0.153956 0.8980782 -0.4119703 0.7804682 -0.3685881 -0.3695024 -0.3442095
0.26925 0.01622 1.36879 -0.32097 0.07047 1.34529 -0.00460 -0.00063 -0.03036 0.00689 -0.00308 -0.02909 0.09471 0.09907 -0.00059 -0.01893 0.06520 0.09751 -0.00116 -0.00567 -0.03892 -0.1227666 0.9020738 -0.411918 0.7427697 -0.30097 -0.4299829 -0.4157222
0.2702 0.01966 1.37474 -0.32355 0.06939 1.35092 0.00095 0.00344 0.00595 -0.00258 -0.00108 0.00563 0.09532 0.10727 0.00061 0.00820 0.06227 0.09920 -0.00293 0.00169 -0.0114382 -0.1309576 0.9106371 -0.3917388 0.7596263 -0.2739054 -0.439091 -0.3938817
0.27008 0.02297 1.37381 -0.32561 0.06879 1.34794 -0.00012 0.00331 -0.00093 -0.00206 -0.00060 -0.00298 0.09888 0.09525 0.00356 -0.01202 0.06399 0.09213 0.00172 -0.00707 0.0018976 -0.1326415 0.9178803 -0.3740299 0.7674984 -0.267557 -0.4338046 -0.3888098
0.27004 0.0269 1.367 -0.32161 0.06944 1.34121 -0.00004 0.00393 -0.00681 0.00400 0.00065 -0.00673 0.09805 0.10583 -0.00083 0.01058 0.06329 0.09463 -0.00070 0.00250 -0.0037632 -0.1226729 0.9216593 -0.368078 0.7702833 -0.2871731 -0.4168073 -0.3879007
0.2776 0.03219 1.40042 -0.32774 0.07192 1.37409 0.00756 0.00529 0.03342 -0.00613 0.00248 0.03288 0.10015 0.10937 0.00210 0.00354 0.06601 0.09876 0.00272 0.00413 -0.0026643 -0.1163393 0.9271433 -0.3561787 0.7579294 -0.3287872 -0.4200121 -0.3755421
0.27352 0.03288 1.38153 -0.32213 0.07062 1.35365 -0.00408 0.00069 -0.01889 0.00561 -0.00130 -0.02044 0.10032 0.10837 0.00017 -0.00100 0.07583 0.09714 0.00982 -0.00162 -0.0916889 -0.0838288 0.9254249 -0.3579869 0.7602258 -0.3306698 -0.4079941 -0.3824329
0.27702 0.03374 1.39958 -0.32439 0.07068 1.37219 0.00350 0.00086 0.01805 -0.00226 0.00006 0.01854 0.10049 0.10728 0.00017 -0.00109 0.06333 0.09972 -0.01250 0.00258 0.025219 -0.1300351 0.9292673 -0.3448436 0.756232 -0.3274475 -0.4068902 -0.3941215
0.27537 0.03107 1.39135 -0.32282 0.07035 1.3657 -0.00165 -0.00267 -0.00823 0.00157 -0.00033 -0.00649 0.10004 0.10168 -0.00045 -0.00560 0.06215 0.10149 -0.00118 0.00177 0.0414759 -0.1425274 0.9236256 -0.3533857 0.7580643 -0.3226104 -0.4074642 -0.3939975
0.27581 0.02804 1.39272 -0.32218 0.06909 1.36746 0.00044 -0.00303 0.00137 0.00064 -0.00126 0.00176 0.10020 0.10980 0.00016 0.00812 0.06107 0.09725 -0.00108 -0.00424 0.0782236 -0.1601799 0.9170282 -0.356767 0.7613581 -0.3388059 -0.4061488 -0.37495
0.27211 0.02813 1.37841 -0.31899 0.06633 1.35627 -0.00370 0.00009 -0.01431 0.00319 -0.00276 -0.01119 0.09695 0.10609 -0.00325 -0.00371 0.05975 0.09585 -0.00132 -0.00140 0.0420094 -0.150784 0.9161271 -0.3690673 0.7634662 -0.3344455 -0.3981873 -0.3830306
0.26807 0.02891 1.38355 -0.31862 0.06672 1.36104 -0.00404 0.00078 0.00514 0.00037 0.00039 0.00477 0.09774 0.10870 0.00079 0.00261 0.05980 0.09778 0.00005 0.00193 0.2328172 -0.2387001 0.8870531 -0.3193042 0.7706448 -0.3895215 -0.3751608 -0.3370962
0.26151 0.0312 1.38118 -0.31958 0.06574 1.36397 -0.00656 0.00229 -0.00237 -0.00096 -0.00098 0.00293 0.09592 0.09908 -0.00182 -0.00962 0.06056 0.10018 0.00076 0.00240 -0.0102026 -0.1605523 0.9132758 -0.3742272 0.7792113 -0.4048808 -0.3471313 -0.3292431
0.25036 0.03621 1.39026 -0.31533 0.06854 1.37342 -0.01115 0.00501 0.00908 0.00425 0.00280 0.00945 0.09830 0.09985 0.00238 0.00077 0.05972 0.09548 -0.00084 -0.00470 0.0121663 -0.174986 0.9175034 -0.3569583 0.7798973 -0.4198106 -0.3408965 -0.3151329
0.22517 0.04409 1.36518 -0.29943 0.0671 1.35071 -0.02519 0.00788 -0.02508 0.01590 -0.00144 -0.02271 0.09571 0.10230 -0.00259 0.00245 0.05139 0.09351 -0.00833 -0.00197 0.2810087 -0.2765207 0.8749927 -0.280995 0.7459057 -0.4057665 -0.3886701 -0.3576503
0.19794 0.05483 1.37709 -0.27415 0.07358 1.36082 -0.02723 0.01074 0.01191 0.02528 0.00648 0.01011 0.09725 0.11220 0.00154 0.00990 0.06962 0.09945 0.01823 0.00594 -0.1570071 -0.1763807 0.9001175 -0.3660973 0.7578654 -0.4172586 -0.3615304 -0.3476078
0.16647 0.0758 1.41156 -0.25349 0.07972 1.39498 -0.03147 0.02097 0.03447 0.02066 0.00614 0.03416 0.09294 0.10998 -0.00431 -0.00222 0.06988 0.10264 0.00026 0.00319 -0.2504126 -0.0501378 0.9247957 -0.2820152 0.6973559 -0.3620472 -0.4215952 -0.4526303
0.07126 0.09759 1.35931 -0.16634 0.08704 1.3385 -0.09521 0.02179 -0.05225 0.08715 0.00732 -0.05648 0.09768 0.11643 0.00474 0.00645 0.12514 0.09307 0.05526 -0.00957 -0.5038708 -0.0513003 0.8039637 -0.3116483 0.776773 -0.2879218 -0.4427152 -0.343115
0.0052 0.11056 1.31661 -0.13488 0.0922 1.3182 -0.06606 0.01297 -0.04270 0.03146 0.00516 -0.02030 0.07472 0.10108 -0.02296 -0.01535 0.10314 0.08583 -0.02200 -0.00724 -0.5585358 -0.1193875 0.7261629 -0.3827164 0.88645 -0.2827326 -0.3662757 -0.010532
-0.02293 0.11716 1.3401 -0.05711 0.11621 1.33968 -0.02813 0.00660 0.02349 0.07777 0.02401 0.02148 0.06178 0.09890 -0.01294 -0.00218 0.07406 0.04761 -0.02908 -0.03822 0.5248283 0.4039637 -0.5064546 0.5521524 -0.5515113 0.5128627 0.5973482 0.2756486
-0.03184 0.1314 1.24673 -0.05215 0.13576 1.24553 -0.00891 0.01424 -0.09337 0.00496 0.01955 -0.09415 0.06167 0.09103 -0.00011 -0.00787 0.08083 0.04593 0.00677 -0.00168 -0.5811054 0.0904568 0.7233595 -0.3617803 -0.5784925 0.451675 0.6380049 0.2329933
-0.03422 0.1833 1.36018 -0.0461 0.1895 1.35694 -0.00238 0.05190 0.11345 0.00605 0.05374 0.11141 0.07555 0.09528 0.01388 0.00425 0.09203 0.08016 0.01120 0.03423 0.5720519 0.1083294 -0.6602316 0.4744634 -0.5703487 0.472092 0.6072028 0.2883338
-0.05202 0.22759 1.38262 -0.05695 0.22801 1.38132 -0.01780 0.04429 0.02244 -0.01085 0.03851 0.02438 0.07108 0.09476 -0.00447 -0.00052 0.09234 0.05693 0.00031 -0.02323 0.5399063 0.2348275 -0.6475516 0.4837708 -0.5863434 0.4501049 0.6182742 0.2671028
0.10361 0.2674 1.34495 -0.11099 0.26714 1.30329 0.15563 0.03981 -0.03767 -0.05404 0.03913 -0.07803 0.10046 0.08524 0.02938 -0.00952 0.05527 0.10108 -0.03707 0.04415 0.9541711 -0.0922241 -0.2059245 0.1965892 0.7321774 -0.4030194 -0.4416207 -0.3262862
0.15066 0.31011 1.47969 -0.20241 0.29295 1.44094 0.04705 0.04271 0.13474 -0.09142 0.02581 0.13765 0.10906 0.12569 0.00860 0.04045 0.07198 0.10248 0.01671 0.00140 0.968129 -0.1255111 -0.1807053 0.1196615 0.849933 -0.3510568 -0.2801655 -0.2754641
0.18785 0.32061 1.48068 -0.22471 0.30259 1.43674 0.03719 0.01050 0.00099 -0.02230 0.00964 -0.00420 0.10508 0.11940 -0.00398 -0.00629 0.07162 0.10800 -0.00036 0.00552 0.9530465 -0.1490632 -0.175898 0.1963222 0.8684717 -0.3465881 -0.2704425 -0.2291166
0.22313 0.31522 1.48527 -0.26082 0.30254 1.4388 0.03528 -0.00539 0.00459 -0.03611 -0.00005 0.00206 0.10608 0.11565 0.00100 -0.00375 0.07514 0.11296 0.00352 0.00496 0.9554583 -0.1821157 -0.1772988 0.149995 0.8540785 -0.3672438 -0.2505467 -0.2700152
0.24885 0.29608 1.43953 -0.28389 0.28469 1.39283 0.02572 -0.01914 -0.04574 -0.02307 -0.01785 -0.04597 0.09930 0.11904 -0.00678 0.00339 0.06073 0.11295 -0.01441 -0.00001 0.9452569 -0.2095309 -0.2011111 0.148797 0.8740625 -0.3855149 -0.2074221 -0.2106394
0.28187 0.27314 1.44542 -0.3178 0.26744 1.39596 0.03302 -0.02294 0.00589 -0.03391 -0.01725 0.00313 0.10133 0.11594 0.00203 -0.00310 0.06414 0.10163 0.00341 -0.01132 0.9380778 -0.2227397 -0.1910958 0.1840641 0.8701395 -0.4150945 -0.1973235 -0.1778126
0.3001 0.24716 1.41069 -0.33841 0.24398 1.36733 0.01823 -0.02598 -0.03473 -0.02061 -0.02346 -0.02863 0.09693 0.11253 -0.00440 -0.00341 0.06123 0.11087 -0.00291 0.00924 0.9378976 -0.2645815 -0.1669144 0.1499477 0.8677385 -0.4234695 -0.1937907 -0.1736337
0.32574 0.22223 1.41783 -0.3662 0.22067 1.38023 0.02564 -0.02493 0.00714 -0.02779 -0.02331 0.01290 0.09510 0.11236 -0.00183 -0.00017 0.06772 0.10892 0.00649 -0.00195 0.9220215 -0.2937942 -0.197118 0.1571805 0.86 -0.436186 -0.1959659 -0.1781553
0.35982 0.16067 1.41442 -0.40164 0.16711 1.38324 0.03408 -0.06156 -0.00341 -0.03544 -0.05356 0.00301 0.09509 0.11520 -0.00001 0.00284 0.05597 0.11097 -0.01175 0.00205 0.9306741 -0.3406529 -0.0371842 0.1281348 0.8168198 -0.5506023 -0.0884319 -0.1477234
0.38844 0.14566 1.47691 -0.43063 0.15317 1.45212 0.02862 -0.01501 0.06249 -0.02899 -0.01394 0.06888 0.09661 0.12025 0.00152 0.00505 0.05999 0.11226 0.00402 0.00129 0.9271787 -0.359598 -0.0157268 0.1038346 0.8478113 -0.4555376 -0.1791761 -0.2039546
0.39371 0.12342 1.46574 -0.43172 0.13427 1.44559 0.00527 -0.02224 -0.01117 -0.00109 -0.01890 -0.00653 0.09720 0.11815 0.00059 -0.00210 0.06635 0.11049 0.00636 -0.00177 0.908398 -0.4109409 0.0237845 0.073314 0.8302805 -0.4872646 -0.1761255 -0.2053955
0.39666 0.10797 1.45908 -0.43088 0.12067 1.44336 0.00295 -0.01545 -0.00666 0.00084 -0.01360 -0.00223 0.09882 0.12084 0.00162 0.00269 0.07489 0.11119 0.00854 0.00070 0.8968874 -0.431797 0.0878057 0.0378761 0.8298279 -0.4946833 -0.1800348 -0.1850985
0.39826 0.0896 1.45873 -0.4245 0.10666 1.44567 0.00160 -0.01837 -0.00035 0.00638 -0.01401 0.00231 0.10080 0.12441 0.00198 0.00357 0.07922 0.11356 0.00433 0.00237 0.8886447 -0.3820613 -0.191664 0.1661464 0.8386845 -0.4878437 -0.1671409 -0.1751594
0.39081 0.08087 1.43637 -0.4142 0.0957 1.42486 -0.00745 -0.00873 -0.02236 0.01030 -0.01096 -0.02081 0.09913 0.11764 -0.00167 -0.00677 0.06187 0.11260 -0.01735 -0.00096 0.8994921 -0.4202816 0.1150035 0.0324256 0.8417045 -0.5010471 -0.1289895 -0.1544245
0.3801 0.06936 1.40137 -0.39972 0.08197 1.38867 -0.01071 -0.01151 -0.03500 0.01448 -0.01373 -0.03619 0.09709 0.09960 -0.00204 -0.01804 0.05630 0.09684 -0.00557 -0.01576 0.9011033 -0.4235912 0.0747547 0.0547263 0.8710135 -0.2972627 -0.2959325 -0.2557231
0.38035 0.05652 1.4032 -0.39559 0.0637 1.3872 0.00025 -0.01284 0.00183 0.00413 -0.01827 -0.00147 0.09517 0.08569 -0.00192 -0.01391 0.06268 0.10188 0.00638 0.00504 0.8965672 -0.4337801 0.0695316 0.0562804 0.8462076 -0.3526411 -0.2638763 -0.2999105
0.39153 0.036 1.44073 -0.39975 0.04016 1.41895 0.01118 -0.02052 0.03753 -0.00416 -0.02354 0.03175 0.09761 0.09118 0.00244 0.00549 0.04746 0.10219 -0.01522 0.00031 0.8921205 -0.4453841 0.0245821 0.0717618 0.8356182 -0.5099227 -0.0231153 -0.202945
0.38436 0.00924 1.4008 -0.38829 0.00791 1.37621 -0.00717 -0.02676 -0.03993 0.01146 -0.03225 -0.04274 0.09393 0.08053 -0.00368 -0.01065 0.06023 0.09718 0.01277 -0.00501 0.8533349 -0.4488673 -0.1970451 0.1775131 0.7185422 -0.4500064 -0.1379573 -0.5120147
0.39402 -0.02347 1.41222 -0.38871 -0.03456 1.38017 0.00966 -0.03271 0.01142 -0.00042 -0.04247 0.00396 0.09399 0.09071 0.00006 0.01018 0.05184 0.09273 -0.00839 -0.00445 0.8440359 -0.4438292 -0.2405107 0.1810347 0.8076057 -0.5100107 0.1176839 -0.2716849
0.38948 -0.06049 1.36106 -0.37829 -0.07766 1.32797 -0.00454 -0.03702 -0.05116 0.01042 -0.04310 -0.05220 0.08760 0.07592 -0.00639 -0.01479 0.04633 0.08419 -0.00551 -0.00854 0.8171512 -0.465489 -0.2811947 0.1910847 0.918986 -0.3415354 0.0984899 -0.1706408
0.40716 -0.10367 1.37828 -0.38939 -0.13004 1.34072 0.01768 -0.04318 0.01722 -0.01110 -0.05238 0.01275 0.07963 0.05945 -0.00797 -0.01647 0.05518 0.08002 0.00885 -0.00417 0.8238348 -0.5253346 -0.1581802 0.1424739 0.7145531 -0.5731223 0.1079284 -0.3863885
0.42711 -0.15174 1.39467 -0.40361 -0.18501 1.3588 0.01995 -0.04807 0.01639 -0.01422 -0.05497 0.01808 0.07532 0.08661 -0.00431 0.02716 0.05441 0.07443 -0.00077 -0.00559 0.8293818 -0.543982 -0.0915423 0.088484 0.7597688 -0.4546552 0.1442496 -0.4418506
0.44411 -0.20108 1.39431 -0.41617 -0.23807 1.36424 0.01700 -0.04934 -0.00036 -0.01256 -0.05306 0.00544 0.07395 0.09095 -0.00137 0.00434 0.05480 0.06679 0.00039 -0.00764 0.7880421 -0.6107151 -0.0617889 0.0468913 -0.4920337 0.7170905 -0.3138239 0.3810493
0.4774 -0.25379 1.43313 -0.43857 -0.30011 1.40441 0.03329 -0.05271 0.03882 -0.02240 -0.06204 0.04017 0.07607 0.07502 0.00212 -0.01593 0.05386 0.06425 -0.00094 -0.00254 0.7630968 -0.6454746 -0.0178288 -0.0269835 0.6048266 -0.6209718 0.2763315 -0.4149935
0.48671 -0.29261 1.39674 -0.43904 -0.34346 1.37653 0.00931 -0.03882 -0.03639 -0.00047 -0.04335 -0.02788 0.07284 0.05616 -0.00323 -0.01886 0.06478 0.07597 0.01092 0.01172 0.7223612 -0.6684126 -0.1689183 0.0537166 -0.1356385 0.2967601 -0.486419 0.8105135
0.52134 -0.3422 1.4471 -0.46433 -0.40664 1.44368 0.03463 -0.04959 0.05036 -0.02529 -0.06318 0.06715 0.07601 0.06671 0.00317 0.01055 0.05155 0.04630 -0.01323 -0.02967 0.7620242 -0.5356765 -0.3162639 0.1798528 0.6018434 -0.6062438 0.3048925 -0.4210625
0.53302 -0.37157 1.46769 -0.47482 -0.45706 1.4738 0.01168 -0.02937 0.02059 -0.01049 -0.05042 0.03012 0.08374 0.06807 0.00773 0.00136 0.03488 0.04818 -0.01667 0.00188 0.7364595 -0.5976078 0.1965587 -0.2487106 -0.5403442 0.7267446 -0.2240726 0.3600862
0.54172 -0.40543 1.48144 -0.47997 -0.50097 1.50709 0.00870 -0.03386 0.01375 -0.00515 -0.04391 0.03329 0.09464 0.07477 0.01090 0.00670 0.05462 0.05055 0.01974 0.00237 0.5186564 -0.2765557 0.7494937 -0.3045845 -0.6007789 0.7460471 -0.1666254 0.233911
0.54387 -0.50429 1.62798 -0.49567 -0.61023 1.62428 0.00215 -0.09886 0.14654 -0.01570 -0.10926 0.11719 0.06603 0.07414 -0.02861 -0.00063 0.16734 0.06079 0.11272 0.01024 -0.067776 0.001911 -0.5416932 0.8378373 -0.4594462 0.8781723 -0.1127281 0.0708174
0.56365 -0.58726 1.69152 -0.50354 -0.63206 1.70802 0.01978 -0.08297 0.06354 -0.00787 -0.02183 0.08374 0.12497 0.09024 0.05894 0.01610 0.11563 0.06137 -0.05171 0.00058 -0.2313679 0.6731337 0.3266496 -0.6218197 -0.3596029 0.9170817 -0.1211167 0.122383
0.57177 -0.60631 1.70034 -0.4922 -0.68061 1.76137 0.00812 -0.01905 0.00882 0.01134 -0.04855 0.05335 0.11331 0.08844 -0.01166 -0.00180 0.08898 0.05966 -0.02665 -0.00171 -0.0517264 -0.223716 -0.370777 0.8998888 -0.3525404 0.9287364 -0.0943732 0.0652496
0.58275 -0.61855 1.68216 -0.48427 -0.69128 1.7754 0.01098 -0.01224 -0.01818 0.00793 -0.01067 0.01403 0.09000 0.08899 -0.02331 0.00055 0.09698 0.07669 0.00800 0.01703 -0.1902491 -0.0650527 -0.4989612 0.8429776 -0.2349754 0.8656901 -0.1707025 0.4077106
0.5762 -0.61922 1.68208 -0.4787 -0.70186 1.79039 -0.00655 -0.00067 -0.00008 0.00557 -0.01058 0.01499 0.08825 0.08969 -0.00175 0.00070 0.08488 0.07099 -0.01210 -0.00570 -0.1327532 -0.1414235 -0.5242146 0.8292015 -0.2067409 0.8750823 -0.1580267 0.4080645
0.57495 -0.6207 1.67072 -0.47349 -0.705 1.80369 -0.00125 -0.00148 -0.01136 0.00521 -0.00314 0.01330 0.09133 0.09232 0.00308 0.00263 0.09464 0.06045 0.00976 -0.01054 -0.0990217 0.4356387 0.5677317 -0.6914436 -0.1960912 0.8802184 -0.1493383 0.4055389
0.55455 -0.60358 1.62106 -0.45824 -0.70327 1.75815 -0.02040 0.01712 -0.04966 0.01525 0.00173 -0.04554 0.12230 0.09286 0.03097 0.00054 0.05513 0.05442 -0.03951 -0.00603 -0.0318427 -0.2504669 -0.5926795 0.764842 -0.2059342 0.886327 -0.1557625 0.3843874
0.55258 -0.60765 1.61431 -0.45421 -0.70351 1.76195 -0.00197 -0.00407 -0.00675 0.00403 -0.00024 0.00380 0.10841 0.09429 -0.01389 0.00143 0.09713 0.05327 0.04200 -0.00115 -0.3183836 0.6322753 0.5129139 -0.4855709 -0.1690692 0.8911721 -0.128848 0.4007818
0.54698 -0.60092 1.59579 -0.44762 -0.69747 1.74904 -0.00560 0.00673 -0.01852 0.00659 0.00604 -0.01291 0.10128 0.09162 -0.00713 -0.00267 0.09457 0.05156 -0.00256 -0.00171 -0.2719084 0.5341645 0.5639617 -0.5680504 -0.1726336 0.9138347 -0.11621 0.3487106
0.55211 -0.60245 1.59234 -0.44208 -0.69771 1.75012 0.00513 -0.00153 -0.00345 0.00554 -0.00024 0.00108 0.13123 0.08997 0.02995 -0.00165 0.06787 0.05153 -0.02670 -0.00003 -0.426035 0.7133235 0.44449 -0.3348021 -0.1776021 0.9183187 -0.0969076 0.3402309
0.5154 -0.59427 1.58535 -0.42689 -0.68027 1.70836 -0.03671 0.00818 -0.00699 0.01519 0.01744 -0.04176 0.11879 0.09017 -0.01244 0.00020 0.13616 0.05684 0.06829 0.00531 -0.3669492 0.4345941 0.7744659 -0.2769094 -0.2200025 0.9300564 -0.0786603 0.2835606
0.54989 -0.60726 1.6013 -0.43466 -0.69807 1.74162 0.03449 -0.01299 0.01595 -0.00777 -0.01780 0.03326 0.13137 0.09245 0.01258 0.00228 0.08526 0.05010 -0.05090 -0.00674 -0.310046 0.5636263 0.6073597 -0.4661663 -0.2367406 0.932505 -0.1029319 0.2525735
0.54882 -0.625 1.65433 -0.44013 -0.68557 1.79544 -0.00107 -0.01774 0.05303 -0.00547 0.01250 0.05382 0.11912 0.09371 -0.01225 0.00126 0.14404 0.05704 0.05878 0.00694 -0.4016285 0.613139 0.5388535 -0.4152011 -0.2581477 0.9088224 -0.1733125 0.2781443
0.54932 -0.62483 1.65521 -0.43748 -0.68058 1.79411 0.00050 0.00017 0.00088 0.00265 0.00499 -0.00133 0.12599 0.09345 0.00687 -0.00026 0.14446 0.06224 0.00042 0.00520 -0.4136181 0.6250492 0.5300652 -0.3965658 -0.2874719 0.9048989 -0.1667207 0.2659364
0.54968 -0.62539 1.65552 -0.43476 -0.67783 1.79049 0.00036 -0.00056 0.00031 0.00272 0.00275 -0.00362 0.12201 0.09418 -0.00398 0.00073 0.14472 0.06349 0.00026 0.00125 -0.4066271 0.6224725 0.5347667 -0.4015057 -0.3135897 0.8961051 -0.162829 0.2685962
0.54252 -0.61768 1.63633 -0.431 -0.68608 1.75909 -0.00716 0.00771 -0.01919 0.00376 -0.00825 -0.03140 0.11428 0.10561 -0.00773 0.01143 0.14283 0.06804 -0.00189 0.00455 -0.4109726 0.6237478 0.5342358 -0.3957681 -0.2547593 0.9296062 -0.1487213 0.2209343
0.54767 -0.62442 1.65282 -0.43331 -0.68622 1.77976 0.00515 -0.00674 0.01649 -0.00231 -0.00014 0.02067 0.11214 0.09910 -0.00214 -0.00651 0.14324 0.06090 0.00041 -0.00714 -0.413128 0.6253895 0.5321275 -0.3937684 -0.2436948 0.9258637 -0.1603095 0.2401873
0.54878 -0.62464 1.65512 -0.43248 -0.6834 1.78338 0.00111 -0.00022 0.00230 0.00083 0.00282 0.00362 0.11493 0.09836 0.00279 -0.00074 0.14460 0.07093 0.00136 0.01003 -0.4120011 0.6256775 0.5348585 -0.39078 -0.2505299 0.9225044 -0.1626081 0.2444977
0.55633 -0.6258 1.64984 -0.43215 -0.68376 1.78623 0.00755 -0.00116 -0.00528 0.00033 -0.00036 0.00285 0.12257 0.09952 0.00764 0.00116 0.09697 0.06718 -0.04763 -0.00375 -0.3347602 0.5785226 0.5883579 -0.4550629 -0.2416849 0.9212306 -0.1639399 0.2569947
0.55351 -0.62696 1.64846 -0.43139 -0.68382 1.78468 -0.00282 -0.00116 -0.00138 0.00076 -0.00006 -0.00155 0.14182 0.10454 0.01925 0.00502 0.12859 0.06685 0.03162 -0.00033 -0.4234253 0.6307022 0.5236225 -0.3856751 -0.2452404 0.9266883 -0.1577877 0.2370841
0.54649 -0.62136 1.63952 -0.42831 -0.68098 1.77435 -0.00702 0.00560 -0.00894 0.00308 0.00284 -0.01033 0.12021 0.10442 -0.02161 -0.00012 0.14117 0.07744 0.01258 0.01059 -0.3032884 0.6797538 0.5640232 -0.3575313 -0.2318579 0.9404681 -0.1458311 0.2012336
0.55343 -0.62664 1.65095 -0.43016 -0.68332 1.79181 0.00694 -0.00528 0.01143 -0.00185 -0.00234 0.01746 0.11737 0.10085 -0.00284 -0.00357 0.12923 0.07408 -0.01194 -0.00336 -0.4048066 0.6279946 0.5436417 -0.3823717 -0.2191242 0.9376818 -0.1492025 0.2246687
]
