classifier_Man_man_bumps_into_each_other_25166 [ 0.56455 -0.72987 1.83312 -0.21785 -0.5943 1.84329 0.56455 -0.72987 1.83312 -0.21785 -0.5943 1.84329 0.11027 0.11765 0.11027 0.11765 0.08676 0.06793 0.08676 0.06793 -0.5777388 0.4783494 -0.1877441 0.6341545 -0.0699733 0.3126771 0.7124026 -0.6243552
0.56691 -0.73074 1.83168 -0.21678 -0.59476 1.84238 0.00236 -0.00087 -0.00144 0.00107 -0.00046 -0.00091 0.11070 0.11796 0.00043 0.00031 0.08437 0.06564 -0.00239 -0.00229 -0.587343 0.5087668 -0.1499953 0.6112986 -0.0731109 0.3231665 0.7063148 -0.6255699
0.56773 -0.72964 1.83238 -0.21689 -0.59388 1.8413 0.00082 0.00110 0.00070 -0.00011 0.00088 -0.00108 0.11198 0.11882 0.00128 0.00086 0.09302 0.06744 0.00865 0.00180 -0.5878283 0.4985982 -0.1457026 0.6201841 -0.0579788 0.3133482 0.702161 -0.636727
0.57087 -0.72705 1.83542 -0.21682 -0.58473 1.85018 0.00314 0.00259 0.00304 0.00007 0.00915 0.00888 0.11134 0.11686 -0.00064 -0.00196 0.14227 0.06938 0.04925 0.00194 -0.5219301 0.2563944 -0.3126851 0.7510518 -0.0610816 0.3414658 0.7225341 -0.5980089
0.57089 -0.72623 1.832 -0.21472 -0.58303 1.8447 0.00002 0.00082 -0.00342 0.00210 0.00170 -0.00548 0.11111 0.11496 -0.00023 -0.00190 0.13660 0.06961 -0.00567 0.00023 -0.5157643 0.2585843 -0.3180995 0.752286 -0.0501351 0.3327208 0.7180715 -0.6092264
0.57033 -0.72547 1.83121 -0.21141 -0.58267 1.83898 -0.00056 0.00076 -0.00079 0.00331 0.00036 -0.00572 0.11130 0.11262 0.00019 -0.00234 0.13530 0.06996 -0.00130 0.00035 -0.5114331 0.2489174 -0.3194078 0.7579282 -0.0676846 0.3615908 0.6997867 -0.6123475
0.57139 -0.72447 1.83188 -0.21078 -0.58118 1.83925 0.00106 0.00100 0.00067 0.00063 0.00149 0.00027 0.11152 0.11415 0.00022 0.00153 0.13510 0.07018 -0.00020 0.00022 -0.5087872 0.2382263 -0.3246938 0.7608927 -0.0535688 0.3551918 0.7015371 -0.6154793
0.57051 -0.71899 1.82346 -0.20865 -0.57864 1.82436 -0.00088 0.00548 -0.00842 0.00213 0.00254 -0.01489 0.10954 0.11463 -0.00198 0.00048 0.09574 0.07027 -0.03936 0.00009 -0.5195263 0.239042 -0.3318371 0.7502236 -0.0672256 0.3594299 0.6902685 -0.6243559
0.56857 -0.71712 1.82433 -0.20473 -0.57663 1.81218 -0.00194 0.00187 0.00087 0.00392 0.00201 -0.01218 0.11215 0.11262 0.00261 -0.00201 0.13330 0.06999 0.03756 -0.00028 -0.5011263 0.1794721 -0.3366331 0.7767498 -0.062187 0.3601028 0.6793987 -0.6362988
0.55304 -0.71134 1.85052 -0.20481 -0.57162 1.81763 -0.01553 0.00578 0.02619 -0.00008 0.00501 0.00545 0.13955 0.11356 0.02740 0.00094 0.09204 0.07193 -0.04126 0.00194 -0.4741542 0.1679709 -0.4284086 0.7506195 -0.0293403 0.3391449 0.6857318 -0.6433442
0.54898 -0.71063 1.8269 -0.14776 -0.57357 1.7681 -0.00406 0.00071 -0.02362 0.05705 -0.00195 -0.04953 0.12686 0.11618 -0.01269 0.00262 0.07352 0.07979 -0.01852 0.00786 -0.4623826 0.2780773 -0.451106 0.7108998 -0.0525934 0.4703264 0.6763861 -0.5643836
0.55493 -0.72547 1.81376 -0.14677 -0.57092 1.76884 0.00595 -0.01484 -0.01314 0.00099 0.00265 0.00074 0.10787 0.11723 -0.01899 0.00105 0.07565 0.09251 0.00213 0.01272 -0.2639505 -0.045268 -0.4914989 0.8286795 0.0726148 0.3596961 0.6627872 -0.6527318
0.53644 -0.69869 1.82936 -0.13984 -0.55823 1.80266 -0.01849 0.02678 0.01560 0.00693 0.01269 0.03382 0.12367 0.11523 0.01580 -0.00200 0.10326 0.08925 0.02761 -0.00326 -0.3356986 0.0181642 -0.3840824 0.8599169 0.1252191 0.3472711 0.6757765 -0.638004
0.56094 -0.73196 1.74024 -0.11726 -0.5108 1.72793 0.02450 -0.03327 -0.08912 0.02258 0.04743 -0.07473 0.07120 0.07839 -0.05247 -0.03684 0.11384 0.07204 0.01058 -0.01721 -0.3795566 0.1871273 -0.3593328 0.8317452 0.1569705 0.3272804 0.6718208 -0.6456815
0.35142 -0.68316 1.9241 -0.06342 -0.42272 1.77075 -0.20952 0.04880 0.18386 0.05384 0.08808 0.04282 0.11107 0.06180 0.03987 -0.01659 0.09688 0.05316 -0.01696 -0.01888 -0.2405258 -0.1750828 -0.5156659 0.8034812 0.0642746 0.3614713 0.7626391 -0.5325306
0.29925 -0.65488 1.90288 -0.04445 -0.35354 1.72789 -0.05217 0.02828 -0.02122 0.01897 0.06918 -0.04286 0.12324 0.06807 0.01217 0.00627 0.05702 0.03832 -0.03986 -0.01484 -0.2244604 -0.2742215 -0.4493074 0.8200871 0.1236984 0.3274961 0.7951034 -0.495233
0.28954 -0.65068 1.77512 -0.03178 -0.26758 1.65941 -0.00971 0.00420 -0.12776 0.01267 0.08596 -0.06848 0.05803 0.07766 -0.06521 0.00959 0.14303 0.04516 0.08601 0.00684 -0.1215536 -0.0003678 -0.4327693 0.8932722 0.0038479 0.2300369 0.8892204 -0.3954179
0.21497 -0.65427 1.68767 -0.01653 -0.0637 1.5998 -0.07457 -0.00359 -0.08745 0.01525 0.20388 -0.05961 0.13481 0.07707 0.07678 -0.00059 0.04814 0.07923 -0.09489 0.03407 -0.2171663 0.5570303 -0.488729 0.635374 0.0354781 0.2454555 0.9203991 -0.3022554
0.21059 -0.65475 1.68 -0.02242 0.02811 1.59793 -0.00438 -0.00048 -0.00767 -0.00589 0.09181 -0.00187 0.13671 0.12240 0.00190 0.04533 0.05723 0.05604 0.00909 -0.02319 0.07806 0.1208985 -0.5307366 0.8352298 -0.1714593 0.222868 0.9216419 -0.2674093
0.20967 -0.65976 1.68045 -0.02966 0.11459 1.61892 -0.00092 -0.00501 0.00045 -0.00724 0.08648 0.02099 0.13939 0.10834 0.00268 -0.01406 0.06560 0.13404 0.00837 0.07800 -0.2548873 0.5784937 -0.4670228 0.6182777 -0.1527363 0.0490041 0.9848461 -0.0659418
0.19553 -0.65999 1.66841 -0.02967 0.21045 1.63033 -0.01414 -0.00023 -0.01204 -0.00001 0.09586 0.01141 0.15857 0.10865 0.01918 0.00031 0.09494 0.05651 0.02934 -0.07753 -0.0169226 0.331765 -0.5391244 0.7739448 -0.1628077 0.1615766 0.9655433 -0.1229335
0.20148 -0.66405 1.67716 -0.03932 0.26786 1.66537 0.00595 -0.00406 0.00875 -0.00965 0.05741 0.03504 0.16132 0.11088 0.00275 0.00223 0.10869 0.06776 0.01375 0.01125 0.1100684 0.1142725 -0.5222868 0.8378803 0.9693326 -0.0770206 0.1850063 -0.1422488
0.20906 -0.66689 1.67985 -0.0456 0.4094 1.72708 0.00758 -0.00284 0.00269 -0.00628 0.14154 0.06171 0.15365 0.11103 -0.00767 0.00015 0.08559 0.08868 -0.02310 0.02092 -0.2199788 0.5909337 -0.4716983 0.6163661 0.9944482 -0.026553 0.1017982 -0.0021631
0.21439 -0.67272 1.68432 -0.04131 0.40496 1.80029 0.00533 -0.00583 0.00447 0.00429 -0.00444 0.07321 0.15080 0.13523 -0.00285 0.02420 0.10908 0.10631 0.02349 0.01763 0.0200027 0.2721795 -0.5110564 0.8150703 0.9523489 0.2765374 0.1286788 0.0004517
0.21725 -0.67259 1.68071 -0.0367 0.40282 1.80349 0.00286 0.00013 -0.00361 0.00461 -0.00214 0.00320 0.14156 0.11968 -0.00924 -0.01555 0.07796 0.10140 -0.03112 -0.00491 -0.1663099 0.5356362 -0.5019448 0.6583967 0.9466413 0.2889464 0.1418894 -0.015738
0.25342 -0.65674 1.86985 -0.03551 0.41855 1.86703 0.03617 0.01585 0.18914 0.00119 0.01573 0.06354 0.14778 0.10842 0.00622 -0.01126 0.19204 0.10583 0.11408 0.00443 -0.4193635 0.1747195 -0.4568059 0.764811 0.9622298 0.2634738 -0.0071531 -0.0681488
0.25501 -0.65922 1.87572 -0.02969 0.36801 1.83773 0.00159 -0.00248 0.00587 0.00582 -0.05054 -0.02930 0.14641 0.10615 -0.00137 -0.00227 0.18992 0.13021 -0.00212 0.02438 -0.3996464 0.1310833 -0.4659703 0.7784418 0.9844506 0.1647987 0.0379355 0.0475308
0.26759 -0.67821 1.77237 -0.02538 0.30114 1.77895 0.01258 -0.01899 -0.10335 0.00431 -0.06687 -0.05878 0.13708 0.12915 -0.00933 0.02300 0.17242 0.09662 -0.01750 -0.03359 -0.1681439 0.173613 -0.4200664 0.8747173 0.9670104 0.1395047 0.0953015 -0.190649
0.27976 -0.69092 1.8687 -0.01903 0.25319 1.84139 0.01217 -0.01271 0.09633 0.00635 -0.04795 0.06244 0.13533 0.10171 -0.00175 -0.02744 0.18649 0.10633 0.01407 0.00971 -0.1887675 0.1499336 -0.4906783 0.83733 0.9384869 0.2489769 -0.002015 -0.2392671
0.27907 -0.69208 1.87908 -0.02431 0.16546 1.8467 -0.00069 -0.00116 0.01038 -0.00528 -0.08773 0.00531 0.13950 0.08552 0.00417 -0.01619 0.18920 0.11274 0.00271 0.00641 -0.1711066 0.1564729 -0.5078308 0.8296666 0.9317558 0.2011843 -0.1313206 -0.2722333
0.27863 -0.69023 1.8808 -0.05084 0.09057 1.83804 -0.00044 0.00185 0.00172 -0.02653 -0.07489 -0.00866 0.13997 0.09085 0.00047 0.00533 0.14378 0.10607 -0.04542 -0.00667 -0.1933346 0.1578604 -0.5074291 0.824753 0.8662747 0.0825823 -0.1503727 -0.4691868
0.27712 -0.68678 1.87227 -0.1072 0.01227 1.81028 -0.00151 0.00345 -0.00853 -0.05636 -0.07830 -0.02776 0.14242 0.08399 0.00245 -0.00686 0.15377 0.06229 0.00999 -0.04378 -0.183613 0.1480205 -0.5152564 0.8239461 -0.2258721 0.9592553 0.0360959 -0.1658558
0.2924 -0.72418 1.97029 -0.17012 -0.03318 1.89037 0.01528 -0.03740 0.09802 -0.06292 -0.04545 0.08009 0.14869 0.09169 0.00627 0.00770 0.20029 0.05516 0.04652 -0.00713 -0.1852218 0.1558736 -0.4999676 0.8315219 0.8634246 -0.0698207 0.339388 -0.366659
0.27104 -0.6673 1.82226 -0.22116 -0.06805 1.72298 -0.02136 0.05688 -0.14803 -0.05104 -0.03487 -0.16739 0.13726 0.07792 -0.01143 -0.01377 0.18340 0.07576 -0.01689 0.02060 -0.1823268 0.1495116 -0.5095043 0.8275316 0.8955202 0.4153381 0.0881767 -0.1332763
0.2651 -0.65282 1.78168 -0.28449 -0.10783 1.66427 -0.00594 0.01448 -0.04058 -0.06333 -0.03978 -0.05871 0.13573 0.06429 -0.00153 -0.01363 0.18186 0.05754 -0.00154 -0.01822 -0.1774265 0.1454706 -0.5169716 0.8246809 0.9095099 -0.3059018 0.2644436 -0.096361
0.27488 -0.67228 1.81878 -0.40251 -0.20641 1.69081 0.00978 -0.01946 0.03710 -0.11802 -0.09858 0.02654 0.12314 0.05267 -0.01259 -0.01162 0.17824 0.09140 -0.00362 0.03386 -0.1907554 0.1423468 -0.4886601 0.8393814 0.7262045 -0.6836293 0.033906 -0.0642536
0.27185 -0.67088 1.81543 -0.42626 -0.2353 1.69296 -0.00303 0.00140 -0.00335 -0.02375 -0.02889 0.00215 0.12299 0.05121 -0.00015 -0.00146 0.17247 0.07611 -0.00577 -0.01529 -0.182157 0.1451026 -0.5031918 0.8322031 0.9414937 -0.3256832 0.011544 -0.0859462
0.26722 -0.6642 1.74301 -0.42423 -0.23854 1.66491 -0.00463 0.00668 -0.07242 0.00203 -0.00324 -0.02805 0.13108 0.05099 0.00809 -0.00022 0.18225 0.08166 0.00978 0.00555 -0.1645519 0.1573732 -0.4999813 0.8355687 0.9419414 -0.3354997 0.0135621 -0.0015644
0.26637 -0.66929 1.77625 -0.43279 -0.23288 1.69281 -0.00085 -0.00509 0.03324 -0.00856 0.00566 0.02790 0.13001 0.04649 -0.00107 -0.00450 0.16588 0.11482 -0.01637 0.03316 -0.1816698 0.1491188 -0.4541753 0.8593512 0.7078847 -0.7050803 0.041291 0.0074828
0.24829 -0.62469 1.66778 -0.40685 -0.21562 1.59192 -0.01808 0.04460 -0.10847 0.02594 0.01726 -0.10089 0.11555 0.04779 -0.01446 0.00130 0.09745 0.07752 -0.06843 -0.03730 -0.4803664 0.857716 0.1608167 -0.0878028 0.8549653 -0.4633321 0.1306411 0.1931073
0.25809 -0.63917 1.6928 -0.41964 -0.21317 1.63249 0.00980 -0.01448 0.02502 -0.01279 0.00245 0.04057 0.10222 0.05099 -0.01333 0.00320 0.08345 0.09494 -0.01400 0.01742 -0.4739516 0.8668664 0.1280022 -0.0867643 0.8556274 -0.5149136 -0.017296 -0.0496639
0.26152 -0.63032 1.6747 -0.41564 -0.20858 1.6057 0.00343 0.00885 -0.01810 0.00400 0.00459 -0.02679 0.09636 0.04786 -0.00586 -0.00313 0.09983 0.08645 0.01638 -0.00849 -0.387565 0.8929121 0.2160009 -0.0764523 0.9041802 -0.4264936 0.0206319 -0.0116485
0.2392 -0.61524 1.7519 -0.43373 -0.21655 1.66731 -0.02232 0.01508 0.07720 -0.01809 -0.00797 0.06161 0.14521 0.05267 0.04885 0.00481 0.07931 0.06982 -0.02052 -0.01663 0.4772983 -0.5414251 -0.3098198 0.6189159 0.9082403 -0.4123243 0.0660518 -0.0269318
0.23102 -0.59467 1.62493 -0.41695 -0.20655 1.59647 -0.00818 0.02057 -0.12697 0.01678 0.01000 -0.07084 0.08188 0.04481 -0.06333 -0.00786 0.06334 0.07840 -0.01597 0.00858 0.2648716 -0.1418849 -0.3522249 0.8863686 0.9057773 -0.4163522 0.0724966 -0.0310265
0.20979 -0.51791 1.67688 -0.42862 -0.21276 1.64684 -0.02123 0.07676 0.05195 -0.01167 -0.00621 0.05037 0.13847 0.04615 0.05659 0.00134 0.09549 0.07433 0.03215 -0.00407 0.2610538 -0.1075643 -0.1838478 0.9415311 0.8951203 -0.442277 0.0240221 -0.0507304
0.18632 -0.43356 1.63578 -0.42653 -0.21409 1.64506 -0.02347 0.08435 -0.04110 0.00209 -0.00133 -0.00178 0.13001 0.04366 -0.00846 -0.00249 0.18408 0.06695 0.08859 -0.00738 0.1273352 0.0746964 0.9574994 -0.2477924 0.8953217 -0.4401504 0.0671467 -0.0125682
0.16648 -0.31905 1.62207 -0.42987 -0.21882 1.67082 -0.01984 0.11451 -0.01371 -0.00334 -0.00473 0.02576 0.14314 0.04493 0.01313 0.00127 0.03808 0.07867 -0.14600 0.01172 -0.3501848 0.0341288 -0.4701616 0.8094158 0.8850896 -0.463185 0.0306069 -0.0337533
0.12772 -0.21579 1.58047 -0.4148 -0.21592 1.61843 -0.03876 0.10326 -0.04160 0.01507 0.00290 -0.05239 0.09357 0.04162 -0.04957 -0.00331 0.11994 0.07668 0.08186 -0.00199 0.1496027 0.1205335 0.9813687 0.0024738 0.8947275 -0.3040423 0.1807628 0.2726643
0.10397 -0.10829 1.60447 -0.42283 -0.21887 1.65412 -0.02375 0.10750 0.02400 -0.00803 -0.00295 0.03569 0.11725 0.05529 0.02368 0.01367 0.09223 0.07874 -0.02771 0.00206 0.2179521 -0.2732342 0.8759086 -0.3326019 0.8586687 -0.5080873 -0.0632459 -0.0231356
0.08886 9E-05 1.8168 -0.47711 -0.24778 1.87297 -0.01511 0.10838 0.21233 -0.05428 -0.02891 0.21885 0.13514 0.05718 0.01789 0.00189 0.13929 0.08799 0.04706 0.00925 0.1934672 -0.2878095 0.912043 -0.218892 0.8997667 -0.4265411 -0.0372518 -0.0842312
0.05035 0.15935 1.59575 -0.42132 -0.21738 1.66321 -0.03851 0.15926 -0.22105 0.05579 0.03040 -0.20976 0.10117 0.05020 -0.03397 -0.00698 0.07612 0.06875 -0.06317 -0.01924 0.2124161 -0.0070667 0.8680515 -0.4486827 0.8993191 -0.4218155 -0.0922312 -0.0692123
0.02229 0.27584 1.79029 -0.44662 -0.2178 1.76655 -0.02806 0.11649 0.19454 -0.02530 -0.00042 0.10334 0.09570 0.05630 -0.00547 0.00610 0.11065 0.09027 0.03453 0.02152 0.1804474 0.4106992 0.892539 -0.0462513 0.8626583 -0.4969499 0.0254652 -0.0906251
0.0138 0.3522 1.83005 -0.45063 -0.2132 1.77364 -0.00849 0.07636 0.03976 -0.00401 0.00460 0.00709 0.13796 0.05484 0.04226 -0.00146 0.09487 0.08263 -0.01578 -0.00764 0.1698036 -0.0243115 0.974929 -0.141736 0.8907868 -0.4435803 0.0276091 -0.0947269
0.01137 0.37625 1.8554 -0.45151 -0.20597 1.76354 -0.00243 0.02405 0.02535 -0.00088 0.00723 -0.01010 0.13389 0.05972 -0.00407 0.00488 0.10125 0.07563 0.00638 -0.00700 0.9897215 -0.1021961 -0.0999579 0.0039456 0.8990844 -0.4295838 0.0247466 -0.0805776
0.00747 0.42002 1.90989 -0.45409 -0.2001 1.76373 -0.00390 0.04377 0.05449 -0.00258 0.00587 0.00019 0.14885 0.05622 0.01496 -0.00350 0.10455 0.08424 0.00330 0.00861 0.9755745 0.2042245 0.0739041 0.0329376 0.9035574 -0.4198493 0.0489534 -0.070101
0.0032 0.42365 1.93764 -0.45633 -0.19511 1.76229 -0.00427 0.00363 0.02775 -0.00224 0.00499 -0.00144 0.15499 0.05511 0.00614 -0.00111 0.10503 0.07695 0.00048 -0.00729 0.9190946 0.3109738 -0.2371862 -0.0479913 0.9094911 -0.4060778 0.0626561 -0.0632543
-0.00064 0.42969 1.94417 -0.45923 -0.19361 1.7649 -0.00384 0.00604 0.00653 -0.00290 0.00150 0.00261 0.13431 0.05810 -0.02068 0.00299 0.10247 0.07786 -0.00256 0.00091 0.9162328 0.319121 -0.2394545 -0.0366169 0.9089413 -0.4120064 0.0252363 -0.0586481
0.00751 0.34068 1.89917 -0.46231 -0.19144 1.76669 0.00815 -0.08901 -0.04500 -0.00308 0.00217 0.00179 0.12082 0.05453 -0.01349 -0.00357 0.12029 0.08260 0.01782 0.00474 0.7409455 0.6585579 -0.0650962 0.1142973 0.8913783 -0.4436214 0.057803 -0.0728262
0.01943 0.35466 1.86155 -0.46495 -0.19134 1.76198 0.01192 0.01398 -0.03762 -0.00264 0.00010 -0.00471 0.14842 0.05421 0.02760 -0.00032 0.12502 0.08618 0.00473 0.00358 0.9757776 0.1781079 -0.1248491 -0.0234183 0.8833663 -0.4568961 0.0732384 -0.0744718
0.02961 0.35129 1.83728 -0.46686 -0.19188 1.75963 0.01018 -0.00337 -0.02427 -0.00191 -0.00054 -0.00235 0.13904 0.05652 -0.00938 0.00231 0.13778 0.09570 0.01276 0.00952 0.9867116 0.0236257 -0.1580894 0.029151 0.8800846 -0.4663262 0.0611823 -0.0651732
0.0426 0.3504 1.82834 -0.46921 -0.1944 1.75608 0.01299 -0.00089 -0.00894 -0.00235 -0.00252 -0.00355 0.09620 0.05527 -0.04284 -0.00125 0.11970 0.09257 -0.01808 -0.00313 0.9918494 0.0337167 -0.1167717 0.0382412 0.8719881 -0.481981 0.0608761 -0.0602089
0.08784 0.28314 1.80885 -0.47399 -0.19619 1.76597 0.04524 -0.06726 -0.01949 -0.00478 -0.00179 0.00989 0.09669 0.05811 0.00049 0.00284 0.11837 0.09290 -0.00133 0.00033 0.9825526 -0.077312 -0.1059818 0.1318378 0.8794344 -0.4671683 0.0709989 -0.0575156
0.13621 0.22337 1.79495 -0.47488 -0.19631 1.76956 0.04837 -0.05977 -0.01390 -0.00089 -0.00012 0.00359 0.10955 0.05737 0.01286 -0.00074 0.06429 0.09316 -0.05408 0.00026 0.929913 -0.0986765 -0.2559633 0.2449645 0.8927021 -0.4414556 0.0657722 -0.0622411
0.27571 0.03423 1.79416 -0.47691 -0.19894 1.77463 0.13950 -0.18914 -0.00079 -0.00203 -0.00263 0.00507 0.08189 0.05861 -0.02766 0.00124 0.05707 0.09528 -0.00722 0.00212 0.9658647 0.0830156 -0.2314454 0.0815285 0.8819059 -0.4633475 0.055635 -0.0667518
0.30901 -0.06683 1.79284 -0.47511 -0.20028 1.76516 0.03330 -0.10106 -0.00132 0.00180 -0.00134 -0.00947 0.08220 0.05881 0.00031 0.00020 0.05483 0.10216 -0.00224 0.00688 0.9339952 -0.1609875 -0.3027229 0.100473 0.8765333 -0.4750493 0.0449389 -0.0632293
0.31838 -0.09987 1.75106 -0.45954 -0.19783 1.70568 0.00937 -0.03304 -0.04178 0.01557 0.00245 -0.05948 0.12652 0.05668 0.04432 -0.00213 0.07400 0.09517 0.01917 -0.00699 0.9638952 -0.2439184 -0.0500857 -0.0943464 0.8680135 -0.4916737 0.0334099 -0.0607717
0.33567 -0.19726 1.81201 -0.46873 -0.20391 1.74018 0.01729 -0.09739 0.06095 -0.00919 -0.00608 0.03450 0.07030 0.05488 -0.05622 -0.00180 0.09199 0.10088 0.01799 0.00571 0.9761872 -0.1994512 -0.000585 0.0853079 0.8908407 -0.4495203 0.0423398 -0.0504142
0.34756 -0.24339 1.86345 -0.47515 -0.21078 1.76695 0.01189 -0.04613 0.05144 -0.00642 -0.00687 0.02677 0.06238 0.05211 -0.00792 -0.00277 0.11400 0.08564 0.02201 -0.01524 0.8573142 -0.5046624 0.0673765 -0.0760832 0.8824887 -0.4652662 0.0359143 -0.0587472
0.33489 -0.27351 1.80077 -0.45247 -0.20265 1.68964 -0.01267 -0.03012 -0.06268 0.02268 0.00813 -0.07731 0.06235 0.05475 -0.00003 0.00264 0.09620 0.07485 -0.01780 -0.01079 0.9420326 -0.0041755 0.0343456 0.3337327 0.8876379 -0.4584803 -0.0163482 -0.0403426
0.34038 -0.29857 1.82717 -0.45287 -0.20705 1.69609 0.00549 -0.02506 0.02640 -0.00040 -0.00440 0.00645 0.06107 0.05798 -0.00128 0.00323 0.10166 0.09336 0.00546 0.01851 0.9344767 -0.1819839 0.1341295 0.2750353 0.8795603 -0.4711107 0.0148421 -0.0648697
0.35001 -0.31646 1.86988 -0.45613 -0.20952 1.71945 0.00963 -0.01789 0.04271 -0.00326 -0.00247 0.02336 0.06068 0.05612 -0.00039 -0.00186 0.10103 0.09024 -0.00063 -0.00312 0.9156255 -0.3832932 0.1121241 -0.0463092 0.8768927 -0.475122 0.0048193 -0.0727675
0.3547 -0.32091 1.87768 -0.45515 -0.20827 1.71793 0.00469 -0.00445 0.00780 0.00098 0.00125 -0.00152 0.05994 0.05154 -0.00074 -0.00458 0.10299 0.09390 0.00196 0.00366 0.9275396 -0.3441556 0.1290055 -0.0677109 0.8770839 -0.4717539 0.0326067 -0.0843153
0.34606 -0.30562 1.81017 -0.43509 -0.19924 1.64918 -0.00864 0.01529 -0.06751 0.02006 0.00903 -0.06875 0.05911 0.05289 -0.00083 0.00135 0.09805 0.09101 -0.00494 -0.00289 -0.0441954 0.9884883 0.1445263 0.0070526 0.8742248 -0.4770929 0.0263697 -0.0861275
0.37139 -0.31734 1.92034 -0.4593 -0.20912 1.74525 0.02533 -0.01172 0.11017 -0.02421 -0.00988 0.09607 0.06274 0.06305 0.00363 0.01016 0.11006 0.06708 0.01201 -0.02393 0.8333424 -0.515114 0.0686442 -0.1883776 0.7210671 -0.362826 0.4881364 -0.3318772
0.36687 -0.26958 1.8248 -0.43531 -0.18596 1.67051 -0.00452 0.04776 -0.09554 0.02399 0.02316 -0.07474 0.06535 0.05248 0.00261 -0.01057 0.08885 0.06688 -0.02121 -0.00020 0.9343003 -0.3302088 0.1319692 -0.0250825 0.8829343 -0.4572524 0.0413672 -0.0981627
0.38697 -0.26623 1.90889 -0.45689 -0.19043 1.75215 0.02010 0.00335 0.08409 -0.02158 -0.00447 0.08164 0.06861 0.05322 0.00326 0.00074 0.08816 0.06804 -0.00069 0.00116 0.8782259 -0.4658791 0.030015 -0.1038031 0.892477 -0.4385892 0.0441667 -0.0957785
0.39153 -0.23578 1.90384 -0.46135 -0.18469 1.76678 0.00456 0.03045 -0.00505 -0.00446 0.00574 0.01463 0.07131 0.05800 0.00270 0.00478 0.09610 0.08640 0.00794 0.01836 0.8741928 -0.4009433 0.1438811 0.2330871 0.9529771 -0.2782801 0.0189603 -0.1184705
0.371 -0.20124 1.79304 -0.43528 -0.16858 1.67519 -0.02053 0.03454 -0.11080 0.02607 0.01611 -0.09159 0.06937 0.05228 -0.00194 -0.00572 0.09329 0.06745 -0.00281 -0.01895 0.9573372 -0.2172694 0.0736197 0.1757258 0.9181341 -0.382468 0.0492111 -0.0912481
0.36485 -0.17788 1.76453 -0.42989 -0.1614 1.66119 -0.00615 0.02336 -0.02851 0.00539 0.00718 -0.01400 0.06553 0.05197 -0.00384 -0.00031 0.09375 0.07461 0.00046 0.00716 0.815775 -0.5514316 0.06947 0.1600258 0.9279559 -0.3583971 0.0436325 -0.0924424
0.36778 -0.17399 1.7726 -0.431 -0.1602 1.67099 0.00293 0.00389 0.00807 -0.00111 0.00120 0.00980 0.06419 0.04952 -0.00134 -0.00245 0.09637 0.07135 0.00262 -0.00326 0.9049754 -0.4206546 0.0306696 0.055933 0.9182763 -0.3663774 -0.1481081 -0.0245029
0.36274 -0.16739 1.74302 -0.42716 -0.15686 1.64828 -0.00504 0.00660 -0.02958 0.00384 0.00334 -0.02271 0.06685 0.05028 0.00266 0.00076 0.09627 0.07165 -0.00010 0.00030 0.917666 -0.2213421 0.1118088 0.3104765 0.9287445 -0.3623385 -0.0576965 -0.053062
0.36401 -0.16332 1.74234 -0.42782 -0.15414 1.65253 0.00127 0.00407 -0.00068 -0.00066 0.00272 0.00425 0.06782 0.05454 0.00097 0.00426 0.10022 0.06815 0.00395 -0.00350 0.9297403 -0.2217853 0.0971596 0.2774063 0.930568 -0.357244 0.0052576 -0.0799513
0.39572 -0.1715 1.89013 -0.46548 -0.16139 1.8008 0.03171 -0.00818 0.14779 -0.03766 -0.00725 0.14827 0.07167 0.05623 0.00385 0.00169 0.07514 0.08522 -0.02508 0.01707 0.9430879 -0.2070063 0.0041458 0.2602238 0.9668829 -0.2226095 0.0172247 -0.1236358
0.38063 -0.14798 1.86334 -0.45398 -0.14269 1.79511 -0.01509 0.02352 -0.02679 0.01150 0.01870 -0.00569 0.07127 0.05927 -0.00040 0.00304 0.11358 0.09012 0.03844 0.00490 0.8564519 -0.4948751 -0.0127002 -0.1463818 0.9633475 -0.2375515 0.0162001 -0.1235655
0.36297 -0.13492 1.83661 -0.43759 -0.12431 1.78142 -0.01766 0.01306 -0.02673 0.01639 0.01838 -0.01369 0.07180 0.05604 0.00053 -0.00323 0.07005 0.09464 -0.04353 0.00452 0.8708856 -0.3209926 -0.2524298 0.2734981 0.9164012 -0.3898458 0.0855566 0.0301528
0.30612 -0.09942 1.80693 -0.39019 -0.08875 1.78389 -0.05685 0.03550 -0.02968 0.04740 0.03556 0.00247 0.06841 0.06861 -0.00339 0.01257 0.06437 0.07952 -0.00568 -0.01512 0.9506665 -0.1195226 -0.2635197 0.1118254 0.8885018 -0.0511369 0.2506905 -0.3809249
0.2567 -0.08701 1.79063 -0.34896 -0.07381 1.7811 -0.04942 0.01241 -0.01630 0.04123 0.01494 -0.00279 0.07171 0.06735 0.00330 -0.00126 0.08582 0.06848 0.02145 -0.01104 0.8951781 -0.1846773 0.3578573 0.1910195 0.9010758 -0.0904961 0.2364557 -0.3520818
0.19004 -0.07495 1.77848 -0.29323 -0.0598 1.7806 -0.06666 0.01206 -0.01215 0.05573 0.01401 -0.00050 0.07191 0.06963 0.00020 0.00228 0.08101 0.04319 -0.00481 -0.02529 0.9615856 -0.1339353 0.2345387 -0.0490517 0.4836133 0.0848866 0.8287143 -0.2685986
0.11167 -0.07035 1.75743 -0.22368 -0.04389 1.76589 -0.07837 0.00460 -0.02105 0.06955 0.01591 -0.01471 0.08120 0.07121 0.00929 0.00158 0.08082 0.05096 -0.00019 0.00777 0.8884792 -0.2190483 0.4013426 0.0393267 0.2591455 0.0441259 0.9301264 -0.2564399
-0.08065 -0.00907 1.82405 -0.0851 -0.0351 1.82428 -0.19232 0.06128 0.06662 0.13858 0.00879 0.05839 0.09677 0.08056 0.01557 0.00935 0.07379 0.08695 -0.00703 0.03599 0.7283309 -0.1620827 0.6042278 0.2795928 0.6122733 0.1659438 0.7126672 -0.2994821
-0.06456 -0.00057 1.79591 -0.04107 0.02463 1.80462 0.01609 0.00850 -0.02814 0.04403 0.05973 -0.01966 0.08406 0.11900 -0.01271 0.03844 0.07627 0.07413 0.00248 -0.01282 0.658321 -0.2895477 0.6382816 0.27454 0.5460042 0.1362187 0.7466279 -0.3547825
0.0811 0.04331 1.85883 -0.19306 0.05637 1.86566 0.14566 0.04388 0.06292 -0.15199 0.03174 0.06104 0.09663 0.10135 0.01257 -0.01765 0.06511 0.05136 -0.01116 -0.02277 0.0665504 -0.1506443 0.9786264 -0.1231573 0.9234293 -0.0862504 0.3695196 -0.0573988
0.1429 0.02658 1.8876 -0.25771 0.03579 1.89435 0.06180 -0.01673 0.02877 -0.06465 -0.02058 0.02869 0.07465 0.10122 -0.02198 -0.00013 0.06660 0.06631 0.00149 0.01495 0.2132045 0.1448372 0.9589449 -0.118283 0.9367283 -0.2288835 0.2445321 -0.1017666
0.1885 0.03497 1.85968 -0.3003 0.03994 1.86959 0.04560 0.00839 -0.02792 -0.04259 0.00415 -0.02476 0.11696 0.11701 0.04231 0.01579 0.06944 0.06556 0.00284 -0.00075 0.2139975 0.1977415 0.9304847 -0.2220395 0.8981146 -0.1199469 0.3838485 -0.1779413
0.22294 0.00832 1.85755 -0.32849 0.03934 1.86618 0.03444 -0.02665 -0.00213 -0.02819 -0.00060 -0.00341 0.09000 0.11671 -0.02696 -0.00030 0.06868 0.05911 -0.00076 -0.00645 0.2314979 -0.1876475 0.9405239 -0.1631321 0.8928698 -0.1503304 0.4215167 -0.050079
0.2343 0.00734 1.85838 -0.33929 0.03708 1.8705 0.01136 -0.00098 0.00083 -0.01080 -0.00226 0.00432 0.08974 0.12401 -0.00026 0.00730 0.06858 0.07187 -0.00010 0.01276 0.2551429 -0.1575449 0.9433213 -0.14222 0.9567348 -0.12069 0.2633349 -0.027332
0.23391 0.00539 1.85792 -0.33858 0.03256 1.86937 -0.00039 -0.00195 -0.00046 0.00071 -0.00452 -0.00113 0.08905 0.12301 -0.00069 -0.00100 0.06875 0.06318 0.00017 -0.00869 0.1753178 -0.1652707 0.9608371 -0.1368994 0.8189841 -0.0651455 0.5550038 -0.1303522
0.22788 0.00319 1.85629 -0.32967 0.02798 1.86692 -0.00603 -0.00220 -0.00163 0.00891 -0.00458 -0.00245 0.09437 0.12851 0.00532 0.00550 0.06570 0.06160 -0.00305 -0.00158 0.1330592 -0.2020479 0.9621857 -0.1251822 0.8211346 0.0118289 0.5215771 -0.2314204
0.21971 0.00096 1.85631 -0.31879 0.02023 1.86484 -0.00817 -0.00223 0.00002 0.01088 -0.00775 -0.00208 0.08950 0.13192 -0.00487 0.00341 0.06901 0.06375 0.00331 0.00215 0.163331 -0.2557786 0.9479645 -0.0962477 0.757884 0.0834262 0.5605339 -0.323193
0.21142 -0.0013 1.85547 -0.31143 0.01487 1.86164 -0.00829 -0.00226 -0.00084 0.00736 -0.00536 -0.00320 0.08995 0.12482 0.00045 -0.00710 0.06787 0.05994 -0.00114 -0.00381 0.1469583 -0.2937644 0.940144 -0.0907469 0.891706 -0.0564419 0.2580509 -0.3675382
0.20434 -0.00268 1.85504 -0.30698 0.01116 1.85968 -0.00708 -0.00138 -0.00043 0.00445 -0.00371 -0.00196 0.09298 0.12276 0.00303 -0.00206 0.06845 0.05711 0.00058 -0.00283 0.1586898 -0.3122468 0.9327546 -0.0853724 0.8366891 -0.0309219 0.4043012 -0.3681518
0.18803 0.01099 1.8292 -0.29983 0.01044 1.8355 -0.01631 0.01367 -0.02584 0.00715 -0.00072 -0.02418 0.11712 0.12288 0.02414 0.00012 0.06419 0.05936 -0.00426 0.00225 0.1808473 -0.148122 0.9280221 -0.2900503 0.8174368 -0.0273927 0.4478592 -0.3612046
0.18717 0.0103 1.83196 -0.30123 0.01057 1.83724 -0.00086 -0.00069 0.00276 -0.00140 0.00013 0.00174 0.11864 0.11954 0.00152 -0.00334 0.06463 0.05913 0.00044 -0.00023 0.1549521 -0.1097425 0.8984822 -0.3958233 0.9105226 -0.1198983 0.2346563 -0.3186055
0.1896 0.00875 1.8612 -0.30789 0.01157 1.86535 0.00243 -0.00155 0.02924 -0.00666 0.00100 0.02811 0.11838 0.11968 -0.00026 0.00014 0.06881 0.05704 0.00418 -0.00209 0.2297039 -0.1989026 0.9337912 -0.1889654 0.8925438 -0.096785 0.3225571 -0.2999252
0.18957 0.00699 1.86116 -0.30865 0.0119 1.86315 -0.00003 -0.00176 -0.00004 -0.00076 0.00033 -0.00220 0.12078 0.11843 0.00240 -0.00125 0.06695 0.05967 -0.00186 0.00263 0.2153871 -0.2051401 0.9356669 -0.1898775 0.9025381 -0.1252727 0.2940872 -0.288521
0.19058 0.00271 1.86046 -0.30846 0.01058 1.86119 0.00101 -0.00428 -0.00070 0.00019 -0.00132 -0.00196 0.12237 0.12068 0.00159 0.00225 0.06809 0.06571 0.00114 0.00604 0.2383557 -0.2184853 0.9278746 -0.1857407 0.9212965 -0.1505255 0.2251886 -0.279007
0.19027 -0.00221 1.85833 -0.30648 0.00754 1.85881 -0.00031 -0.00492 -0.00213 0.00198 -0.00304 -0.00238 0.12876 0.12150 0.00639 0.00082 0.06682 0.05792 -0.00127 -0.00779 0.2280743 -0.242613 0.9192595 -0.2099596 0.883983 -0.121537 0.324949 -0.3133863
0.18821 -0.01224 1.85377 -0.30075 0.00072 1.85547 -0.00206 -0.01003 -0.00456 0.00573 -0.00682 -0.00334 0.13139 0.12264 0.00263 0.00114 0.06699 0.05763 0.00017 -0.00029 0.2245445 -0.3036992 0.8939762 -0.2411494 0.8884984 -0.1655059 0.3336747 -0.2680291
0.18514 -0.03899 1.84186 -0.29262 -0.01601 1.84179 -0.00307 -0.02675 -0.01191 0.00813 -0.01673 -0.01368 0.11949 0.12299 -0.01190 0.00035 0.06259 0.06300 -0.00440 0.00537 -0.3953382 -0.0780446 0.8877431 -0.2225512 0.7960777 -0.2265321 0.4568191 -0.3259752
0.17139 -0.11032 1.80259 -0.26148 -0.09047 1.80565 -0.01375 -0.07133 -0.03927 0.03114 -0.07446 -0.03614 0.06671 0.08697 -0.05278 -0.03602 0.04557 0.05088 -0.01702 -0.01212 -0.2321535 -0.2114062 0.8889482 -0.3334416 0.9664158 -0.1983766 0.0024439 -0.1633446
0.17777 -0.17456 1.9634 -0.25931 -0.16764 1.98446 0.00638 -0.06424 0.16081 0.00217 -0.07717 0.17881 0.06156 0.06778 -0.00515 -0.01919 0.05136 0.13941 0.00579 0.08853 -0.1752582 -0.360682 0.8467454 -0.349593 0.8543684 -0.4190387 0.0081139 -0.3072383
0.15401 -0.22654 1.8336 -0.20142 -0.22964 1.85876 -0.02376 -0.05198 -0.12980 0.05789 -0.06200 -0.12570 0.07663 0.05983 0.01507 -0.00795 0.08570 0.10051 0.03434 -0.03890 0.7816727 -0.5237739 -0.0020209 0.3385922 0.8951935 0.1556403 -0.1248926 -0.3985053
0.14006 -0.29815 1.76934 -0.15557 -0.30934 1.8314 -0.01395 -0.07161 -0.06426 0.04585 -0.07970 -0.02736 0.06178 0.07530 -0.01485 0.01547 0.05395 0.11941 -0.03175 0.01890 0.8092966 -0.4374962 -0.112745 0.3753993 0.8280629 -0.1458995 0.0168185 -0.5410566
0.14272 -0.52447 1.87453 -0.15277 -0.49461 1.90178 0.00266 -0.22632 0.10519 0.00280 -0.18527 0.07038 0.11054 0.09579 0.04876 0.02049 0.06933 0.06512 0.01538 -0.05429 -0.6242489 0.7443925 -0.1963689 -0.1327871 -0.5752125 0.107178 -0.393703 0.708972
0.13603 -0.63223 1.86401 -0.1768 -0.61287 1.91086 -0.00669 -0.10776 -0.01052 -0.02403 -0.11826 0.00908 0.12284 0.12393 0.01230 0.02814 0.06870 0.07361 -0.00063 0.00849 0.5765418 -0.4739164 -0.2633335 0.611276 -0.5435115 0.6142176 -0.0931364 0.5644978
0.13572 -0.61566 1.81076 -0.19005 -0.59434 1.88085 -0.00031 0.01657 -0.05325 -0.01325 0.01853 -0.03001 0.12539 0.12507 0.00255 0.00114 0.06931 0.07758 0.00061 0.00397 0.5712631 -0.4576944 -0.2807892 0.620751 0.5656578 -0.5938523 0.1352943 -0.5559372
0.15192 -0.61279 1.86463 -0.19425 -0.60396 1.91471 0.01620 0.00287 0.05387 -0.00420 -0.00962 0.03386 0.09362 0.12449 -0.03177 -0.00058 0.07562 0.08378 0.00631 0.00620 0.6242155 -0.54791 -0.194893 0.5216956 0.5857014 -0.6193061 0.1089411 -0.5114152
0.15236 -0.59695 1.76198 -0.18754 -0.57589 1.83632 0.00044 0.01584 -0.10265 0.00671 0.02807 -0.07839 0.13137 0.12048 0.03775 -0.00401 0.05229 0.08109 -0.02333 -0.00269 0.5818508 -0.612687 -0.1676769 0.5078865 0.5987512 -0.6160927 0.118221 -0.4979463
0.18776 -0.60634 1.9278 -0.19854 -0.60484 1.92485 0.03540 -0.00939 0.16582 -0.01100 -0.02895 0.08853 0.11934 0.12521 -0.01203 0.00473 0.07222 0.08398 0.01993 0.00289 0.5862629 -0.5553699 -0.2456982 0.5361832 0.5972631 -0.6195229 0.1287668 -0.4928359
0.18957 -0.60948 1.93631 -0.23536 -0.60776 1.96997 0.00181 -0.00314 0.00851 -0.03682 -0.00292 0.04512 0.12420 0.08537 0.00486 -0.03984 0.06721 0.10283 -0.00501 0.01885 0.6166995 -0.6452204 -0.1348888 0.4303224 0.6685255 -0.6146393 0.1339647 -0.3966681
0.1923 -0.6127 1.93622 -0.2366 -0.6079 1.9678 0.00273 -0.00322 -0.00009 -0.00124 -0.00014 -0.00217 0.12834 0.08691 0.00414 0.00154 0.06785 0.10680 0.00064 0.00397 0.6231732 -0.6554064 -0.1216881 0.4090106 0.6609354 -0.6257858 0.1339755 -0.3919275
0.19428 -0.61364 1.92853 -0.23846 -0.60578 1.96801 0.00198 -0.00094 -0.00769 -0.00186 0.00212 0.00021 0.12266 0.08652 -0.00568 -0.00039 0.07580 0.11250 0.00795 0.00570 0.598186 -0.5896648 -0.2226951 0.4948492 0.6620771 -0.6387389 0.1137602 -0.3751334
0.17489 -0.62074 1.80812 -0.23087 -0.59279 1.92652 -0.01939 -0.00710 -0.12041 0.00759 0.01299 -0.04149 0.12603 0.08232 0.00337 -0.00420 0.06039 0.10586 -0.01541 -0.00664 0.6184429 -0.6668095 -0.1102936 0.4009101 0.6636251 -0.6232963 0.1180077 -0.3964562
0.19932 -0.63416 1.84615 -0.23457 -0.60249 1.95473 0.02443 -0.01342 0.03803 -0.00370 -0.00970 0.02821 0.13187 0.14104 0.00584 0.05872 0.07496 0.10524 0.01457 -0.00062 0.521677 -0.528673 -0.3283947 0.5835364 0.6568139 -0.6283226 0.1162655 -0.4003607
0.22598 -0.63415 1.84665 -0.23014 -0.59787 1.93864 0.02666 0.00001 0.00050 0.00443 0.00462 -0.01609 0.12471 0.16563 -0.00716 0.02459 0.07558 0.09873 0.00062 -0.00651 0.4538289 -0.4880776 -0.4416156 0.6006622 0.6518003 -0.613242 0.1239739 -0.428627
0.2515 -0.63961 1.86145 -0.22307 -0.59321 1.91219 0.02552 -0.00546 0.01480 0.00707 0.00466 -0.02645 0.12158 0.14112 -0.00313 -0.02451 0.09376 0.09487 0.01818 -0.00386 -0.3927113 0.492688 0.5126714 -0.5832704 0.6376708 -0.6281042 0.1039232 -0.4336602
0.35085 -0.6428 1.8714 -0.22261 -0.60034 1.92808 0.09935 -0.00319 0.00995 0.00046 -0.00713 0.01589 0.10822 0.14272 -0.01336 0.00160 0.07389 0.09199 -0.01987 -0.00288 -0.3597468 0.4928106 0.5787002 -0.5411341 0.6276525 -0.6264655 0.109975 -0.4488863
0.39396 -0.63533 1.82553 -0.18024 -0.59388 1.82621 0.04311 0.00747 -0.04587 0.04237 0.00646 -0.10187 0.10061 0.12156 -0.00761 -0.02116 0.07794 0.07473 0.00405 -0.01726 -0.3111433 0.5319794 0.6110188 -0.4968336 0.5851018 -0.6143014 0.1172057 -0.5162872
0.41052 -0.65538 1.92102 -0.18722 -0.60594 1.87727 0.01656 -0.02005 0.09549 -0.00698 -0.01206 0.05106 0.13349 0.12456 0.03288 0.00300 0.09522 0.07708 0.01728 0.00235 -0.3046104 0.5053157 0.5529046 -0.588358 0.587205 -0.6217861 0.1101538 -0.5063975
0.46169 -0.66051 1.9232 -0.18795 -0.60166 1.86966 0.05117 -0.00513 0.00218 -0.00073 0.00428 -0.00761 0.15241 0.12573 0.01892 0.00117 0.08678 0.07479 -0.00844 -0.00229 -0.1956774 0.6171364 0.5614219 -0.5154208 0.5872656 -0.6182092 0.1156206 -0.5094786
0.54649 -0.71102 1.79864 -0.18166 -0.57939 1.80918 0.08480 -0.05051 -0.12456 0.00629 0.02227 -0.06048 0.10520 0.12173 -0.04721 -0.00400 0.10428 0.07541 0.01750 0.00062 -0.3954891 0.828968 0.3836971 -0.0957966 0.5933016 -0.6207287 0.1100151 -0.5005854
0.55273 -0.70461 1.80332 -0.18209 -0.5807 1.8129 0.00624 0.00641 0.00468 -0.00043 -0.00131 0.00372 0.10758 0.11990 0.00238 -0.00183 0.08796 0.07580 -0.01632 0.00039 -0.3017727 0.7616363 0.5021882 -0.2768583 0.5939426 -0.6197581 0.1117341 -0.5006471
0.55355 -0.72468 1.86452 -0.1883 -0.59653 1.86412 0.00082 -0.02007 0.06120 -0.00621 -0.01583 0.05122 0.11725 0.12725 0.00967 0.00735 0.08704 0.07657 -0.00092 0.00077 -0.3409767 0.7865427 0.4453208 -0.2584085 0.5938888 -0.6172461 0.1173677 -0.5025216
0.55673 -0.71307 1.80621 -0.18251 -0.57922 1.80933 0.00318 0.01161 -0.05831 0.00579 0.01731 -0.05479 0.10887 0.12171 -0.00838 -0.00554 0.09443 0.07343 0.00739 -0.00314 -0.3606528 0.7469787 0.4695754 -0.3024094 0.5961677 -0.617998 0.1152098 -0.4993888
0.55281 -0.71789 1.81537 -0.18362 -0.58133 1.81599 -0.00392 -0.00482 0.00916 -0.00111 -0.00211 0.00666 0.10792 0.12257 -0.00095 0.00086 0.08293 0.07428 -0.01150 0.00085 -0.3455594 0.747623 0.4604358 -0.3311304 0.5977589 -0.6102628 0.1246813 -0.5046961
0.54586 -0.7226 1.82199 -0.1857 -0.58302 1.82773 -0.00695 -0.00471 0.00662 -0.00208 -0.00169 0.01174 0.11466 0.12366 0.00674 0.00109 0.07864 0.07324 -0.00429 -0.00104 -0.2662363 0.6160362 0.5282522 -0.5201607 0.6055565 -0.6156415 0.114511 -0.4910948
0.55246 -0.7264 1.82599 -0.18698 -0.58459 1.83548 0.00660 -0.00380 0.00400 -0.00128 -0.00157 0.00775 0.10879 0.12802 -0.00587 0.00436 0.07354 0.07338 -0.00510 0.00014 -0.2167771 0.6046585 0.5500821 -0.5336716 0.6090568 -0.6117609 0.117264 -0.490966
0.55143 -0.72534 1.82466 -0.18586 -0.58419 1.83115 -0.00103 0.00106 -0.00133 0.00112 0.00040 -0.00433 0.10730 0.12560 -0.00149 -0.00242 0.07064 0.07388 -0.00290 0.00050 -0.1781352 0.5799979 0.5605057 -0.5636521 0.6078066 -0.6124918 0.1161185 -0.4918756
0.55455 -0.72679 1.8298 -0.18579 -0.58605 1.83763 0.00312 -0.00145 0.00514 0.00007 -0.00186 0.00648 0.10855 0.12445 0.00125 -0.00115 0.06854 0.07264 -0.00210 -0.00124 -0.2067625 0.615526 0.5567722 -0.5180559 0.6083323 -0.6102828 0.1150856 -0.4942085
0.56511 -0.73169 1.82996 -0.18531 -0.58873 1.84393 0.01056 -0.00490 0.00016 0.00048 -0.00268 0.00630 0.10659 0.12765 -0.00196 0.00320 0.06865 0.07322 0.00011 0.00058 -0.1983432 0.6274375 0.5689934 -0.4931821 0.6074173 -0.6103998 0.1123309 -0.4958206
0.56233 -0.73345 1.82924 -0.18487 -0.58899 1.84212 -0.00278 -0.00176 -0.00072 0.00044 -0.00026 -0.00181 0.11024 0.12797 0.00365 0.00032 0.06970 0.07453 0.00105 0.00131 -0.1696355 0.6041921 0.5693755 -0.5310246 0.6048407 -0.6128324 0.1115101 -0.4961549
0.56358 -0.73423 1.83109 -0.18601 -0.58834 1.84637 0.00125 -0.00078 0.00185 -0.00114 0.00065 0.00425 0.10828 0.12835 -0.00196 0.00038 0.06993 0.07414 0.00023 -0.00039 -0.1820016 0.6169008 0.5677932 -0.5137311 0.6080288 -0.6064958 0.116293 -0.4989386
0.56535 -0.73289 1.83064 -0.18547 -0.58865 1.84456 0.00177 0.00134 -0.00045 0.00054 -0.00031 -0.00181 0.10754 0.12457 -0.00074 -0.00378 0.07269 0.07488 0.00276 0.00074 -0.1832004 0.618572 0.5741903 -0.5040951 0.607754 -0.6016096 0.1245411 -0.5031804
0.56696 -0.73301 1.83162 -0.18544 -0.58962 1.84473 0.00161 -0.00012 0.00098 0.00003 -0.00097 0.00017 0.10820 0.12571 0.00066 0.00114 0.07014 0.07506 -0.00255 0.00018 -0.2050408 0.6520974 0.5665675 -0.4601396 0.607616 -0.6096331 0.1173463 -0.4953586
0.56494 -0.73307 1.83878 -0.18543 -0.59161 1.8458 -0.00202 -0.00006 0.00716 0.00001 -0.00199 0.00107 0.11011 0.12507 0.00191 -0.00064 0.06977 0.07341 -0.00037 -0.00165 -0.1968235 0.6267953 0.5775923 -0.4845363 0.6037678 -0.609928 0.1222556 -0.4985034
0.56366 -0.73416 1.84198 -0.1854 -0.59232 1.84806 -0.00128 -0.00109 0.00320 0.00003 -0.00071 0.00226 0.11239 0.12575 0.00228 0.00068 0.07847 0.07564 0.00870 0.00223 -0.1681875 0.6027347 0.5845202 -0.5164881 0.6021958 -0.6070406 0.1224765 -0.5038466
0.56621 -0.73487 1.83936 -0.18437 -0.59245 1.84511 0.00255 -0.00071 -0.00262 0.00103 -0.00013 -0.00295 0.10839 0.12302 -0.00400 -0.00273 0.07157 0.07490 -0.00690 -0.00074 -0.1693967 0.6198257 0.582907 -0.4973332 0.6046947 -0.6141641 0.1160493 -0.4936389
0.56785 -0.73462 1.84022 -0.18407 -0.59309 1.84398 0.00164 0.00025 0.00086 0.00030 -0.00064 -0.00113 0.10809 0.12523 -0.00030 0.00221 0.06907 0.07494 -0.00250 0.00004 -0.2092467 0.6564724 0.5721633 -0.4448469 0.6034837 -0.6156997 0.1153493 -0.4933718
0.56643 -0.73378 1.84185 -0.18554 -0.59262 1.84559 -0.00142 0.00084 0.00163 -0.00147 0.00047 0.00161 0.10998 0.12458 0.00189 -0.00065 0.06854 0.07685 -0.00053 0.00191 -0.1992836 0.6432093 0.5789344 -0.4597855 0.6047317 -0.6118505 0.1244255 -0.4944256
0.56615 -0.73515 1.84047 -0.18446 -0.59277 1.84289 -0.00028 -0.00137 -0.00138 0.00108 -0.00015 -0.00270 0.10925 0.12072 -0.00073 -0.00386 0.07076 0.07837 0.00222 0.00152 -0.169603 0.6247261 0.5829715 -0.4910157 0.606905 -0.613084 0.1219722 -0.4908331
0.56679 -0.73375 1.84261 -0.18037 -0.59552 1.8389 0.00064 0.00140 0.00214 0.00409 -0.00275 -0.00399 0.11030 0.12226 0.00105 0.00154 0.06982 0.07455 -0.00094 -0.00382 -0.1823585 0.6381375 0.5827327 -0.4689866 0.5952151 -0.6120541 0.1185617 -0.5070027
0.56382 -0.73448 1.8419 -0.18034 -0.59565 1.83875 -0.00297 -0.00073 -0.00071 0.00003 -0.00013 -0.00015 0.11198 0.12294 0.00168 0.00068 0.07410 0.07562 0.00428 0.00107 -0.1835775 0.6288579 0.5796187 -0.4846433 0.5962884 -0.6187997 0.1113494 -0.4991278
0.56675 -0.73466 1.84316 -0.18159 -0.59535 1.8404 0.00293 -0.00018 0.00126 -0.00125 0.00030 0.00165 0.10992 0.12134 -0.00206 -0.00160 0.07679 0.07499 0.00269 -0.00063 -0.138355 0.6078168 0.5903998 -0.5126839 0.5975415 -0.6187255 0.1109878 -0.4977996
]
