classifier_Car_goes_to_man_23464 [ 0.55436 -0.61874 1.6599 -0.4103 -0.65982 1.86889 0.55436 -0.61874 1.6599 -0.4103 -0.65982 1.86889 0.09024 0.04583 0.09024 0.04583 0.13869 0.06350 0.13869 0.06350 -0.316786 0.6374922 0.5757107 -0.4022533 0.633724 0.7460971 -0.2042272 -0.0049267
0.55423 -0.61921 1.66079 -0.41337 -0.6621 1.87795 -0.00013 -0.00047 0.00089 -0.00307 -0.00228 0.00906 0.09192 0.05545 0.00168 0.00962 0.14300 0.06270 0.00431 -0.00080 -0.3279389 0.651106 0.5643972 -0.3872632 0.6248633 0.7534737 -0.2044041 -0.006496
0.55433 -0.61921 1.65962 -0.40996 -0.65626 1.86238 0.00010 0.00000 -0.00117 0.00341 0.00584 -0.01557 0.09276 0.01538 0.00084 -0.04007 0.13940 0.04940 -0.00360 -0.01330 -0.3173963 0.6368769 0.5733823 -0.4060543 0.6575037 0.7195848 -0.2221057 0.0235722
0.55481 -0.61952 1.66043 -0.40786 -0.65512 1.85813 0.00048 -0.00031 0.00081 0.00210 0.00114 -0.00425 0.09148 0.03410 -0.00128 0.01872 0.14166 0.04361 0.00226 -0.00579 -0.3231141 0.641651 0.5721545 -0.3956268 0.6711628 0.7053717 -0.2276771 0.0124179
0.55409 -0.61907 1.66037 -0.40683 -0.65246 1.85202 -0.00072 0.00045 -0.00006 0.00103 0.00266 -0.00611 0.09259 0.02877 0.00111 -0.00533 0.14110 0.04906 -0.00056 0.00545 -0.3223598 0.6425558 0.5708942 -0.396593 0.7352387 0.6187558 -0.2706597 0.0575206
0.55519 -0.61968 1.66073 -0.41045 -0.65969 1.86285 0.00110 -0.00061 0.00036 -0.00362 -0.00723 0.01083 0.08906 0.07210 -0.00353 0.04333 0.14099 0.04420 -0.00011 -0.00486 -0.3228601 0.6482794 0.5669786 -0.392467 0.6263769 0.7392563 -0.2466819 0.0173191
0.55425 -0.61956 1.66022 -0.40656 -0.65165 1.85089 -0.00094 0.00012 -0.00051 0.00389 0.00804 -0.01196 0.09190 0.01665 0.00284 -0.05545 0.14020 0.03783 -0.00079 -0.00637 -0.3193629 0.6459285 0.5659727 -0.4005728 0.764833 0.5787914 -0.2768111 0.0583649
0.55356 -0.61914 1.65949 -0.40653 -0.65344 1.84539 -0.00069 0.00042 -0.00073 0.00003 -0.00179 -0.00550 0.09383 0.02170 0.00193 0.00505 0.13982 0.03990 -0.00038 0.00207 -0.3392811 0.6628695 0.5516988 -0.3756606 0.7303422 0.6032272 -0.2992251 0.1148112
0.55427 -0.61895 1.66011 -0.40873 -0.6593 1.84667 0.00071 0.00019 0.00062 -0.00220 -0.00586 0.00128 0.09159 0.07283 -0.00224 0.05113 0.14046 0.05062 0.00064 0.01072 -0.3355029 0.6658746 0.5525342 -0.3724981 0.5787941 0.7610946 -0.2897107 0.0424269
0.55313 -0.61768 1.65871 -0.40718 -0.65454 1.8293 -0.00114 0.00127 -0.00140 0.00155 0.00476 -0.01737 0.09402 0.04493 0.00243 -0.02790 0.14355 0.04881 0.00309 -0.00181 -0.3428419 0.6729473 0.544893 -0.3642704 0.5195891 0.7248358 -0.4406991 0.1021015
0.5512 -0.61639 1.65609 -0.40836 -0.65383 1.81972 -0.00193 0.00129 -0.00262 -0.00118 0.00071 -0.00958 0.09311 0.12324 -0.00091 0.07831 0.13658 0.02607 -0.00697 -0.02274 -0.3591149 0.6618855 0.5495115 -0.3619131 0.5094747 0.8325608 -0.187654 0.1098361
0.5494 -0.61401 1.65045 -0.40956 -0.65725 1.80681 -0.00180 0.00238 -0.00564 -0.00120 -0.00342 -0.01291 0.09571 0.11475 0.00260 -0.00849 0.13663 0.02854 0.00005 0.00247 -0.3720472 0.6579498 0.5496473 -0.3557682 0.3032216 0.9111489 -0.2776243 0.0280927
0.54648 -0.61154 1.64387 -0.41502 -0.66616 1.79595 -0.00292 0.00247 -0.00658 -0.00546 -0.00891 -0.01086 0.09333 0.12876 -0.00238 0.01401 0.13622 0.03973 -0.00041 0.01119 -0.3903949 0.6568323 0.5425512 -0.3490005 0.2014423 0.9421734 -0.2094738 0.1668863
0.54519 -0.60963 1.64204 -0.41535 -0.67056 1.76311 -0.00129 0.00191 -0.00183 -0.00033 -0.00440 -0.03284 0.09681 0.07557 0.00348 -0.05319 0.14228 0.06129 0.00606 0.02156 -0.3998896 0.657909 0.5398247 -0.3403431 -0.0616766 0.9624103 -0.1647606 0.2069207
0.54336 -0.60784 1.64056 -0.40682 -0.61998 1.7603 -0.00183 0.00179 -0.00148 0.00853 0.05058 -0.00281 0.09321 0.10317 -0.00360 0.02760 0.13269 0.04977 -0.00959 -0.01152 -0.4138083 0.6563421 0.536025 -0.3326483 -0.1917228 0.9164698 -0.231162 0.2643664
0.54332 -0.60756 1.64198 -0.41616 -0.652 1.7279 -0.00004 0.00028 0.00142 -0.00934 -0.03202 -0.03240 0.09312 0.09653 -0.00009 -0.00664 0.13308 0.09331 0.00039 0.04354 -0.4195963 0.6551107 0.5354629 -0.3287073 -0.3018671 0.9087996 -0.1434409 0.2497682
0.54284 -0.60604 1.64092 -0.41923 -0.65096 1.71256 -0.00048 0.00152 -0.00106 -0.00307 0.00104 -0.01534 0.09296 0.09573 -0.00016 -0.00080 0.12900 0.05739 -0.00408 -0.03592 -0.4178698 0.6541027 0.5384593 -0.3280182 -0.3404469 0.8801292 -0.1737247 0.2815816
0.54231 -0.60626 1.6437 -0.42332 -0.64871 1.70333 -0.00053 -0.00022 0.00278 -0.00409 0.00225 -0.00923 0.09128 0.09263 -0.00168 -0.00310 0.13096 0.05777 0.00196 0.00038 -0.4140741 0.6609122 0.5338653 -0.3266888 -0.3598348 0.8617907 -0.1578127 0.3208284
0.53887 -0.60224 1.63731 -0.42388 -0.64242 1.68431 -0.00344 0.00402 -0.00639 -0.00056 0.00629 -0.01902 0.09300 0.09531 0.00172 0.00268 0.11188 0.05331 -0.01908 -0.00446 -0.4545856 0.7146534 0.478361 -0.2319335 -0.3821764 0.8354348 -0.1830137 0.3499942
0.54069 -0.60498 1.65213 -0.42924 -0.64316 1.68325 0.00182 -0.00274 0.01482 -0.00536 -0.00074 -0.00106 0.09706 0.09496 0.00406 -0.00035 0.11895 0.05365 0.00707 0.00034 -0.451125 0.7229248 0.4733995 -0.223067 -0.3147991 0.8457717 -0.1266297 0.4117482
0.52476 -0.6105 1.66378 -0.42881 -0.63252 1.67319 -0.01593 -0.00552 0.01165 0.00043 0.01064 -0.01006 0.09994 0.09362 0.00288 -0.00134 0.14744 0.05713 0.02849 0.00348 -0.325398 0.7161073 0.5038742 -0.3569554 -0.3436709 0.8151618 -0.1712551 0.433674
0.51399 -0.57361 1.60045 -0.41719 -0.60475 1.61979 -0.01077 0.03689 -0.06333 0.01162 0.02777 -0.05340 0.10958 0.09081 0.00964 -0.00281 0.15480 0.05990 0.00736 0.00277 -0.1627713 0.9340745 0.2824351 0.1457429 -0.3763757 0.7940747 -0.1962211 0.4350678
0.50453 -0.561 1.59338 -0.41702 -0.58991 1.60948 -0.00946 0.01261 -0.00707 0.00017 0.01484 -0.01031 0.11964 0.09241 0.01006 0.00160 0.15455 0.05667 -0.00025 -0.00323 -0.2091948 0.9350764 0.264082 0.1101378 -0.3949699 0.7649386 -0.229244 0.4542188
0.47639 -0.52208 1.53542 -0.41543 -0.56274 1.58141 -0.02814 0.03892 -0.05796 0.00159 0.02717 -0.02807 0.11456 0.09090 -0.00508 -0.00151 0.12420 0.05859 -0.03035 0.00192 -0.1629277 0.9624036 0.1509037 0.1564033 -0.4339153 0.7703941 -0.220002 0.4120797
0.46898 -0.50521 1.5142 -0.41262 -0.55128 1.5657 -0.00741 0.01687 -0.02122 0.00281 0.01146 -0.01571 0.12075 0.08839 0.00619 -0.00251 0.11162 0.05653 -0.01258 -0.00206 -0.2574541 0.9497671 0.1391372 0.1109095 -0.4323449 0.7570027 -0.2241507 0.435639
0.45903 -0.49854 1.49695 -0.41039 -0.54062 1.55076 -0.00995 0.00667 -0.01725 0.00223 0.01066 -0.01494 0.13632 0.08556 0.01557 -0.00283 0.09995 0.05732 -0.01167 0.00079 -0.3301607 0.937114 0.0483205 0.1023538 -0.452398 0.7644296 -0.2091717 0.4089385
0.45148 -0.4823 1.47872 -0.40963 -0.53033 1.54122 -0.00755 0.01624 -0.01823 0.00076 0.01029 -0.00954 0.05735 0.08462 -0.07897 -0.00094 0.07814 0.05951 -0.02181 0.00219 -0.4596736 0.8815199 0.1060165 -0.0195766 -0.4381879 0.7109603 -0.2564054 0.4866035
0.42054 -0.4442 1.43388 -0.40462 -0.49334 1.51658 -0.03094 0.03810 -0.04484 0.00501 0.03699 -0.02464 0.07621 0.08305 0.01886 -0.00157 0.05827 0.05795 -0.01987 -0.00156 0.635166 -0.5702652 -0.3625258 0.3740813 -0.4842521 0.7082021 -0.2467632 0.4506191
0.41626 -0.45148 1.48116 -0.41763 -0.49006 1.56045 -0.00428 -0.00728 0.04728 -0.01301 0.00328 0.04387 0.08164 0.09256 0.00543 0.00951 0.05638 0.05832 -0.00189 0.00037 -0.5204148 0.658777 0.3364956 -0.4265584 -0.4356624 0.662412 -0.2713987 0.545666
0.40613 -0.44606 1.47668 -0.40482 -0.47732 1.53929 -0.01013 0.00542 -0.00448 0.01281 0.01274 -0.02116 0.08257 0.08771 0.00093 -0.00485 0.06662 0.05647 0.01024 -0.00185 0.5309834 -0.5218388 -0.3963568 0.5372543 -0.4860894 0.6183695 -0.2874965 0.5465181
0.38832 -0.43429 1.45042 -0.38606 -0.44592 1.49462 -0.01781 0.01177 -0.02626 0.01876 0.03140 -0.04467 0.08072 0.10708 -0.00185 0.01937 0.06750 0.05640 0.00088 -0.00007 0.5536332 -0.5249528 -0.3005653 0.572342 -0.498799 0.6687402 -0.2631993 0.4844712
0.39084 -0.43234 1.39018 -0.36175 -0.40577 1.45438 0.00252 0.00195 -0.06024 0.02431 0.04015 -0.04024 0.04500 0.09652 -0.03572 -0.01056 0.06269 0.07449 -0.00481 0.01809 -0.6138824 0.6752393 0.2311321 -0.3373103 -0.6197129 0.772494 0.1074819 0.0875022
0.3832 -0.45148 1.51658 -0.3601 -0.38594 1.50956 -0.00764 -0.01914 0.12640 0.00165 0.01983 0.05518 0.08255 0.05735 0.03755 -0.03917 0.08515 0.09644 0.02246 0.02195 -0.5682692 0.6733871 0.3056572 -0.3608236 -0.6383124 0.7559355 0.0605136 0.1321247
0.33662 -0.42708 1.36383 -0.27006 -0.19641 1.37927 -0.04658 0.02440 -0.15275 0.09004 0.18953 -0.13029 0.05496 0.11738 -0.02759 0.06003 0.06284 0.05715 -0.02231 -0.03929 -0.5243224 0.7678503 0.2395714 -0.2794594 0.7418857 -0.5673568 0.1762147 -0.3109026
0.32525 -0.43108 1.33361 -0.2371 -0.10554 1.36967 -0.01137 -0.00400 -0.03022 0.03296 0.09087 -0.00960 0.04554 0.05444 -0.00942 -0.06294 0.06212 0.07733 -0.00072 0.02018 -0.546094 0.7675205 0.1624856 -0.2937552 0.7899963 -0.5395391 0.0221453 -0.290367
0.3447 -0.48802 1.55747 -0.24695 -0.03612 1.5742 0.01945 -0.05694 0.22386 -0.00985 0.06942 0.20453 0.07735 0.07143 0.03181 0.01699 0.10563 0.10365 0.04351 0.02632 0.4419002 -0.3579421 -0.5368029 0.6232531 0.8550264 -0.1864278 0.228011 -0.4268319
0.30729 -0.45273 1.43067 -0.20699 0.03479 1.47844 -0.03741 0.03529 -0.12680 0.03996 0.07091 -0.09576 0.07128 0.07267 -0.00607 0.00124 0.06558 0.09185 -0.04005 -0.01180 0.6347716 -0.5895772 -0.2671756 0.4219964 0.8854354 -0.2217471 0.3066785 -0.2697787
0.31012 -0.51158 1.57015 -0.16942 0.2388 1.69015 0.00283 -0.05885 0.13948 0.03757 0.20401 0.21171 0.07429 0.07604 0.00301 0.00337 0.07181 0.09753 0.00623 0.00568 0.6271515 -0.5949761 -0.2097424 0.4568289 0.9260768 0.0406391 0.2207938 -0.3032826
0.30803 -0.51397 1.57253 -0.17215 0.23592 1.70012 -0.00209 -0.00239 0.00238 -0.00273 -0.00288 0.00997 0.07197 0.09631 -0.00232 0.02027 0.07196 0.10771 0.00015 0.01018 0.6304341 -0.606355 -0.1971554 0.4427373 0.9304129 0.0966072 0.1965578 -0.2938774
0.30789 -0.52055 1.56701 -0.16203 0.23804 1.69732 -0.00014 -0.00658 -0.00552 0.01012 0.00212 -0.00280 0.10456 0.09222 0.03259 -0.00409 0.08102 0.10295 0.00906 -0.00476 0.1358861 -0.3768792 0.6361594 -0.6593924 0.9100947 0.1208581 0.1956532 -0.344733
0.31868 -0.51238 1.55788 -0.15199 0.22359 1.67762 0.01079 0.00817 -0.00913 0.01004 -0.01445 -0.01970 0.07960 0.08973 -0.02496 -0.00249 0.07486 0.09171 -0.00616 -0.01124 0.1340006 -0.3176517 0.6500274 -0.6772043 0.8594375 0.1613021 0.1644319 -0.456411
0.33966 -0.51599 1.69434 -0.14237 0.20339 1.6737 0.02098 -0.00361 0.13646 0.00962 -0.02020 -0.00392 0.15984 0.08339 0.08024 -0.00634 0.02067 0.09209 -0.05419 0.00038 0.0785411 0.2142132 -0.5641617 0.7935147 0.798037 0.1815496 0.156194 -0.5529739
0.34074 -0.5215 1.70305 -0.14361 0.16498 1.67485 0.00108 -0.00551 0.00871 -0.00124 -0.03841 0.00115 0.16225 0.08985 0.00241 0.00646 0.15167 0.09472 0.13100 0.00263 0.0400675 0.2691096 -0.5734471 0.7727438 0.6779488 0.2886889 0.1742646 -0.6532043
0.33789 -0.50694 1.72808 -0.13035 0.12954 1.68057 -0.00285 0.01456 0.02503 0.01326 -0.03544 0.00572 0.19327 0.08450 0.03102 -0.00535 0.17894 0.09483 0.02727 0.00011 0.063125 -0.4480541 0.6823393 -0.5741742 0.9154526 0.2321991 0.0684342 -0.3214761
0.32926 -0.52482 1.70236 -0.11718 0.08235 1.67812 -0.00863 -0.01788 -0.02572 0.01317 -0.04719 -0.00245 0.16667 0.08313 -0.02660 -0.00137 0.14862 0.09819 -0.03032 0.00336 0.1104332 0.2652562 -0.5931097 0.7521067 0.8783495 0.1934659 0.0993357 -0.4256825
0.33405 -0.52081 1.66692 -0.09412 -0.02273 1.67144 0.00479 0.00401 -0.03544 0.02306 -0.10508 -0.00668 0.14452 0.07711 -0.02215 -0.00602 0.05365 0.08246 -0.09497 -0.01573 0.1156378 0.1177635 -0.6253058 0.762727 0.8995905 0.1719201 0.0834922 -0.3926952
0.33418 -0.52769 1.64471 -0.07154 -0.09776 1.65069 0.00013 -0.00688 -0.02221 0.02258 -0.07503 -0.02075 0.13086 0.06363 -0.01366 -0.01348 0.08033 0.09685 0.02668 0.01439 0.1576668 -0.4167406 0.581507 -0.6806747 0.874983 -0.0106769 0.1866627 -0.4465958
0.34405 -0.53826 1.67201 -0.07597 -0.12552 1.66437 0.00987 -0.01057 0.02730 -0.00443 -0.02776 0.01368 0.13449 0.06024 0.00363 -0.00339 0.12249 0.09054 0.04216 -0.00631 -0.0405441 0.2503341 -0.6090543 0.7514931 0.7846568 -0.1199409 0.2492933 -0.5547799
0.35492 -0.56754 1.66943 -0.08822 -0.13835 1.6478 0.01087 -0.02928 -0.00258 -0.01225 -0.01283 -0.01657 0.10667 0.05782 -0.02782 -0.00242 0.09132 0.06612 -0.03117 -0.02442 -0.0280565 0.1820176 -0.5169107 0.8359939 0.7620676 -0.1662904 0.3307609 -0.5312228
0.34556 -0.54538 1.6279 -0.10019 -0.13422 1.5864 -0.00936 0.02216 -0.04153 -0.01197 0.00413 -0.06140 0.11492 0.05553 0.00825 -0.00229 0.09640 0.08238 0.00508 0.01626 0.0971375 -0.0109834 -0.5213134 0.8477476 0.8349399 -0.5143928 -0.0259999 -0.1939056
0.34737 -0.55248 1.63131 -0.11676 -0.12232 1.57322 0.00181 -0.00710 0.00341 -0.01657 0.01190 -0.01318 0.11018 0.05733 -0.00474 0.00180 0.06285 0.07531 -0.03355 -0.00707 0.055358 0.0511652 -0.4990352 0.8632969 0.8781338 -0.4767666 -0.0083557 -0.0387909
0.34622 -0.55239 1.63283 -0.13346 -0.10572 1.56623 -0.00115 0.00009 0.00152 -0.01670 0.01660 -0.00699 0.11257 0.06484 0.00239 0.00751 0.09785 0.07700 0.03500 0.00169 0.212916 -0.2121711 -0.453598 0.838987 0.8918829 -0.4420444 0.038656 -0.0874482
0.33848 -0.54279 1.64031 -0.14666 -0.08075 1.55381 -0.00774 0.00960 0.00748 -0.01320 0.02497 -0.01242 0.12485 0.06906 0.01228 0.00422 0.01929 0.07976 -0.07856 0.00276 -0.0168993 0.2879413 -0.5259583 0.8001075 0.9352823 -0.3490988 -0.0500357 -0.0295528
0.34892 -0.5594 1.66384 -0.16122 -0.05671 1.57635 0.01044 -0.01661 0.02353 -0.01456 0.02404 0.02254 0.12345 0.07044 -0.00140 0.00138 0.10396 0.04987 0.08467 -0.02989 0.2239382 -0.153595 -0.4826102 0.832675 0.9148735 -0.1457106 0.3392506 -0.1633521
0.34383 -0.55503 1.64316 -0.17032 -0.02874 1.54986 -0.00509 0.00437 -0.02068 -0.00910 0.02797 -0.02649 0.11594 0.06901 -0.00751 -0.00143 0.09835 0.08613 -0.00561 0.03626 0.1744818 -0.0644203 -0.5157357 0.836315 0.9449468 -0.2422269 -0.146617 -0.1640274
0.33663 -0.53921 1.6152 -0.17523 -0.00752 1.49994 -0.00720 0.01582 -0.02796 -0.00491 0.02122 -0.04992 0.11627 0.06673 0.00033 -0.00228 0.10098 0.08583 0.00263 -0.00030 0.0731177 0.1080784 -0.5533672 0.8226528 0.9468098 -0.269657 -0.1134088 -0.1340699
0.32944 -0.52967 1.60743 -0.18272 0.00536 1.45767 -0.00719 0.00954 -0.00777 -0.00749 0.01288 -0.04227 0.12733 0.06636 0.01106 -0.00037 0.09938 0.07600 -0.00160 -0.00983 0.2086893 -0.0451124 -0.5213251 0.8262166 0.9572463 0.1888032 -0.204123 0.0797906
0.32175 -0.52424 1.5614 -0.18696 0.00857 1.39906 -0.00769 0.00543 -0.04603 -0.00424 0.00321 -0.05861 0.11277 0.06505 -0.01456 -0.00131 0.08948 0.07014 -0.00990 -0.00586 0.2447951 -0.1395087 -0.4982075 0.8200012 0.9297388 -0.3550467 -0.0723764 -0.0654919
0.31908 -0.51825 1.56791 -0.19508 0.00476 1.36607 -0.00267 0.00599 0.00651 -0.00812 -0.00381 -0.03299 0.12312 0.06250 0.01035 -0.00255 0.09934 0.08895 0.00986 0.01881 0.298863 -0.1860118 -0.4718072 0.8083802 0.9836391 -0.1528623 -0.05158 -0.0801661
0.32061 -0.52057 1.57501 -0.20396 -0.00293 1.3491 0.00153 -0.00232 0.00710 -0.00888 -0.00769 -0.01697 0.12014 0.06212 -0.00298 -0.00038 0.07806 0.08206 -0.02128 -0.00689 0.0343305 0.2208467 -0.5645479 0.7945653 0.942737 -0.3150288 -0.0847981 -0.069375
0.33091 -0.54077 1.61792 -0.21518 -0.01097 1.37086 0.01030 -0.02020 0.04291 -0.01122 -0.00804 0.02176 0.12280 0.06841 0.00266 0.00629 0.07274 0.05931 -0.00532 -0.02275 0.1782151 -0.0214182 -0.518969 0.8357342 0.9513464 -0.2655948 0.13262 0.0825313
0.33371 -0.54473 1.60688 -0.21729 -0.01409 1.36351 0.00280 -0.00396 -0.01104 -0.00211 -0.00312 -0.00735 0.11245 0.06305 -0.01035 -0.00536 0.09680 0.09044 0.02406 0.03113 0.2244108 -0.1458536 -0.4993435 0.8240283 0.9627703 -0.2580753 -0.0723838 0.0350857
0.33328 -0.53477 1.60815 -0.21697 -0.01701 1.36268 -0.00043 0.00996 0.00127 0.00032 -0.00292 -0.00083 0.11646 0.06572 0.00401 0.00267 0.09614 0.08257 -0.00066 -0.00787 0.1955894 -0.0795089 -0.5389408 0.8154544 0.9678023 -0.2397853 -0.0765557 -0.0009351
0.33211 -0.53702 1.60982 -0.2167 -0.01703 1.36852 -0.00117 -0.00225 0.00167 0.00027 -0.00002 0.00584 0.11392 0.06179 -0.00254 -0.00393 0.10068 0.08303 0.00454 0.00046 0.0300752 0.1798147 -0.5666147 0.8035608 0.9742188 -0.1759928 -0.1405363 -0.0131826
0.33574 -0.52084 1.62624 -0.21757 -0.01792 1.37074 0.00363 0.01618 0.01642 -0.00087 -0.00089 0.00222 0.13443 0.06075 0.02051 -0.00104 0.10939 0.08765 0.00871 0.00462 0.1039361 0.0975077 -0.6006235 0.7867279 0.9762332 -0.1630631 -0.1418975 -0.0156272
0.33875 -0.51473 1.63513 -0.21863 -0.01831 1.37796 0.00301 0.00611 0.00889 -0.00106 -0.00039 0.00722 0.13787 0.06331 0.00344 0.00256 0.03091 0.09490 -0.07848 0.00725 0.0842176 0.1168926 -0.6268704 0.7656872 0.980601 -0.0957016 -0.1695212 -0.0229227
0.34237 -0.50923 1.66424 -0.2204 -0.01939 1.38356 0.00362 0.00550 0.02911 -0.00177 -0.00108 0.00560 0.15951 0.06202 0.02164 -0.00129 0.13863 0.10294 0.10772 0.00804 0.1943313 0.0513691 -0.6096583 0.7667551 0.9824109 -0.0979977 -0.1574011 -0.0221402
0.34528 -0.48613 1.67652 -0.22166 -0.021 1.38603 0.00291 0.02310 0.01228 -0.00126 -0.00161 0.00247 0.17902 0.06172 0.01951 -0.00030 0.16875 0.09060 0.03012 -0.01234 0.0604627 -0.3326584 0.7453308 -0.5745995 0.995407 -0.0554385 -0.0728882 -0.027904
0.34691 -0.4767 1.67223 -0.22423 -0.02205 1.38439 0.00163 0.00943 -0.00429 -0.00257 -0.00105 -0.00164 0.16915 0.06235 -0.00987 0.00063 0.04627 0.09608 -0.12248 0.00548 0.0859951 -0.3280597 0.7542333 -0.56224 0.985025 -0.1231436 -0.1201786 -0.0108815
0.34849 -0.47411 1.66094 -0.22475 -0.02226 1.3855 0.00158 0.00259 -0.01129 -0.00052 -0.00021 0.00111 0.17233 0.06093 0.00318 -0.00142 0.17617 0.09840 0.12990 0.00232 0.0981944 -0.3257083 0.7320851 -0.5901892 0.965886 -0.2050864 -0.1507232 -0.047815
0.35957 -0.48535 1.64069 -0.22665 -0.02178 1.39704 0.01108 -0.01124 -0.02025 -0.00190 0.00048 0.01154 0.13520 0.06364 -0.03713 0.00271 0.15106 0.09164 -0.02511 -0.00676 0.1426203 0.0076412 -0.6622347 0.7355585 0.9781008 -0.1674963 -0.1085104 -0.0590711
0.36782 -0.44611 1.69055 -0.22798 -0.02029 1.40491 0.00825 0.03924 0.04986 -0.00133 0.00149 0.00787 0.18727 0.06279 0.05207 -0.00085 0.03327 0.09622 -0.11779 0.00458 0 -0.1729275 0.843855 -0.5079419 0.98141 -0.1477799 -0.1044955 -0.0638448
0.33366 -0.45506 1.57703 -0.2282 -0.02008 1.40506 -0.03416 -0.00895 -0.11352 -0.00022 0.00021 0.00015 0.09486 0.06235 -0.09241 -0.00044 0.06836 0.09491 0.03509 -0.00131 0.7066638 -0.6722637 -0.0002394 0.220653 0.9824478 -0.142847 -0.0991213 -0.0675731
0.30653 -0.44049 1.51152 -0.22878 -0.02048 1.40635 -0.02713 0.01457 -0.06551 -0.00058 -0.00040 0.00129 0.06882 0.06286 -0.02604 0.00051 0.05890 0.10616 -0.00946 0.01125 -0.624767 0.6912086 -0.3464529 0.1089371 0.9888286 -0.1167353 -0.0645282 -0.0665358
0.30325 -0.42678 1.5082 -0.22846 -0.01963 1.40748 -0.00328 0.01371 -0.00332 0.00032 0.00085 0.00113 0.07022 0.06329 0.00140 0.00043 0.06205 0.10746 0.00315 0.00130 -0.6460472 0.6896389 -0.3214063 0.0609854 0.9901928 -0.0919701 -0.0784381 -0.0700516
0.29529 -0.41441 1.50252 -0.2282 -0.02075 1.40597 -0.00796 0.01237 -0.00568 0.00026 -0.00112 -0.00151 0.07165 0.06093 0.00143 -0.00236 0.06417 0.08719 0.00212 -0.02027 -0.6575682 0.6924297 -0.2967889 0.0078484 0.9801551 -0.1422062 -0.114095 -0.0778194
0.2838 -0.38637 1.49384 -0.23119 -0.02093 1.40934 -0.01149 0.02804 -0.00868 -0.00299 -0.00018 0.00337 0.07473 0.06280 0.00308 0.00187 0.07066 0.09720 0.00649 0.01001 -0.6703978 0.674416 -0.3079448 -0.0299968 0.9820628 -0.0760602 -0.15923 -0.0664341
0.28684 -0.35423 1.47837 -0.23166 -0.021 1.40964 0.00304 0.03214 -0.01547 -0.00047 -0.00007 0.00030 0.07170 0.06112 -0.00303 -0.00168 0.07940 0.09523 0.00874 -0.00197 0.7217551 -0.4684448 -0.2293254 0.4550154 0.9865784 -0.0785704 -0.1239065 -0.0716716
0.28296 -0.32558 1.46553 -0.23202 -0.02037 1.40861 -0.00388 0.02865 -0.01284 -0.00036 0.00063 -0.00103 0.06783 0.06419 -0.00387 0.00307 0.08672 0.09583 0.00732 0.00060 0.7190558 -0.4057456 -0.2825322 0.4883696 0.987435 -0.1119264 -0.0762227 -0.081454
0.26297 -0.27122 1.37265 -0.219 -0.01874 1.3294 -0.01999 0.05436 -0.09288 0.01302 0.00163 -0.07921 0.04890 0.05870 -0.01893 -0.00549 0.07361 0.08558 -0.01311 -0.01025 -0.4842527 0.5902331 0.391319 -0.5138031 0.9463546 -0.2852964 -0.0947453 -0.1185002
0.27616 -0.10643 1.36866 -0.22163 -0.01572 1.35228 0.01319 0.16479 -0.00399 -0.00263 0.00302 0.02288 0.04045 0.06054 -0.00845 0.00184 0.06447 0.09958 -0.00914 0.01400 0.6803492 -0.2420333 -0.4533053 0.5225506 0.9499843 -0.2759959 -0.0511921 -0.1368774
0.27517 -0.03922 1.38771 -0.22423 -0.01767 1.37817 -0.00099 0.06721 0.01905 -0.00260 -0.00195 0.02589 0.04258 0.06386 0.00213 0.00332 0.06286 0.08795 -0.00161 -0.01163 0.730485 -0.2084316 -0.4565846 0.4631183 0.9726545 -0.1460373 -0.1449166 -0.1077754
0.26033 0.02368 1.38934 -0.22127 -0.01762 1.37258 -0.01484 0.06290 0.00163 0.00296 0.00005 -0.00559 0.04976 0.06287 0.00718 -0.00099 0.04645 0.10278 -0.01641 0.01483 0.6691607 -0.2020023 -0.5108426 0.5004585 0.9797544 -0.1108289 -0.1064654 -0.1283088
0.24479 0.07401 1.39721 -0.21663 -0.01848 1.3625 -0.01554 0.05033 0.00787 0.00464 -0.00086 -0.01008 0.06540 0.06453 0.01564 0.00166 0.05492 0.08085 0.00847 -0.02193 0.7246029 -0.140182 -0.5092681 0.4426574 0.9771128 -0.09552 -0.1190526 -0.1481653
0.22791 0.11877 1.41706 -0.21575 -0.01796 1.37021 -0.01688 0.04476 0.01985 0.00088 0.00052 0.00771 0.07250 0.06498 0.00710 0.00045 0.07764 0.08959 0.02272 0.00874 0.7667909 -0.1635176 -0.4301817 0.447479 0.9756923 -0.074621 -0.1356723 -0.1550779
0.20911 0.14975 1.4099 -0.21139 -0.01796 1.3506 -0.01880 0.03098 -0.00716 0.00436 0.00000 -0.01961 0.07830 0.06390 0.00580 -0.00108 0.06402 0.09258 -0.01362 0.00299 0.7432506 -0.1062696 -0.4599794 0.4740297 0.9773579 -0.0679249 -0.1244055 -0.1571022
0.19396 0.18423 1.42111 -0.20801 -0.01362 1.35054 -0.01515 0.03448 0.01121 0.00338 0.00434 -0.00006 0.07759 0.06040 -0.00071 -0.00350 0.05977 0.10362 -0.00425 0.01104 0.747793 -0.0277196 -0.5089801 0.4254133 0.9772401 -0.0608271 -0.1398003 -0.1475049
0.19795 0.18753 1.42658 -0.20734 -0.01119 1.35684 0.00399 0.00330 0.00547 0.00067 0.00243 0.00630 0.06993 0.06064 -0.00766 0.00024 0.06738 0.08207 0.00761 -0.02155 0.7955241 -0.0887032 -0.4351699 0.4121897 0.9791967 -0.0807033 -0.126574 -0.1365281
0.20982 0.1792 1.41909 -0.20985 -0.01049 1.35997 0.01187 -0.00833 -0.00749 -0.00251 0.00070 0.00313 0.06938 0.06198 -0.00055 0.00134 0.04648 0.08111 -0.02090 -0.00096 -0.3238999 -0.1416541 0.836865 -0.4179473 0.9846942 -0.0659788 -0.119435 -0.1084406
0.23128 0.15463 1.41704 -0.21378 -0.01046 1.36814 0.02146 -0.02457 -0.00205 -0.00393 0.00003 0.00817 0.06357 0.06568 -0.00581 0.00370 0.06736 0.08542 0.02088 0.00431 0.360612 -0.3860227 0.8106398 -0.2526037 0.9913706 -0.0381739 -0.1040653 -0.0699834
0.26525 0.11288 1.42418 -0.21854 -0.00754 1.38965 0.03397 -0.04175 0.00714 -0.00476 0.00292 0.02151 0.06656 0.06337 0.00299 -0.00231 0.07143 0.09144 0.00407 0.00602 0.2905875 -0.3198258 0.864878 -0.2554534 0.9885776 -0.0365151 -0.1388009 -0.0459914
0.30869 -0.00084 1.35164 -0.21787 -0.0058 1.34885 0.04344 -0.11372 -0.07254 0.00067 0.00174 -0.04080 0.05521 0.06085 -0.01135 -0.00252 0.06089 0.08404 -0.01054 -0.00740 -0.2230314 0.2158815 -0.5316969 0.7880043 0.9886434 -0.1242626 -0.0584042 -0.0610891
0.33887 -0.04734 1.41068 -0.23162 -0.00626 1.41761 0.03018 -0.04650 0.05904 -0.01375 -0.00046 0.06876 0.05392 0.06500 -0.00129 0.00415 0.05685 0.08555 -0.00404 0.00151 0.2538282 -0.2084064 0.8070739 -0.4906829 0.9863182 -0.1387367 -0.0676951 -0.057844
0.34552 -0.06524 1.41475 -0.2348 -0.00455 1.42572 0.00665 -0.01790 0.00407 -0.00318 0.00171 0.00811 0.05367 0.06457 -0.00025 -0.00043 0.05645 0.09066 -0.00040 0.00511 0.2930579 -0.228008 0.7797619 -0.5040841 0.9603624 -0.2550744 -0.0450166 -0.103028
0.34382 -0.05523 1.42317 -0.23628 -0.0039 1.42952 -0.00170 0.01001 0.00842 -0.00148 0.00065 0.00380 0.05864 0.06298 0.00497 -0.00159 0.05545 0.09701 -0.00100 0.00635 0.3114705 -0.2328639 0.7915094 -0.4714587 0.9699845 -0.2142376 -0.0683848 -0.0924978
0.3235 0.02231 1.44393 -0.23781 -0.00388 1.43285 -0.02032 0.07754 0.02076 -0.00153 0.00002 0.00333 0.06913 0.06428 0.01049 0.00130 0.06190 0.09588 0.00645 -0.00113 0.3305502 -0.2906614 0.8163592 -0.3739121 0.9698275 -0.2150384 -0.0713051 -0.0900485
0.3045 0.06708 1.45323 -0.23542 -0.00371 1.42899 -0.01900 0.04477 0.00930 0.00239 0.00017 -0.00386 0.07324 0.06587 0.00411 0.00159 0.07185 0.09059 0.00995 -0.00529 0.3350275 -0.2909867 0.8519807 -0.2778709 0.9721379 -0.1875523 -0.1056837 -0.0927515
0.27704 0.10863 1.4418 -0.22911 -0.00375 1.41012 -0.02746 0.04155 -0.01143 0.00631 -0.00004 -0.01887 0.07289 0.06565 -0.00035 -0.00022 0.07153 0.09365 -0.00032 0.00306 0.3330055 -0.3437526 0.8378555 -0.2625636 0.9804682 -0.1399558 -0.0757714 -0.1155561
0.25562 0.14387 1.46392 -0.22942 -0.00512 1.41979 -0.02142 0.03524 0.02212 -0.00031 -0.00137 0.00967 0.07490 0.06388 0.00201 -0.00177 0.06950 0.08984 -0.00203 -0.00381 0.366629 -0.3649611 0.8365048 -0.1806829 0.9773404 -0.1441186 -0.0888536 -0.1270458
0.23737 0.16846 1.47109 -0.22677 -0.00553 1.41668 -0.01825 0.02459 0.00717 0.00265 -0.00041 -0.00311 0.07632 0.06570 0.00142 0.00182 0.07068 0.08591 0.00118 -0.00393 0.396764 -0.3837931 0.8231211 -0.1332403 0.9739287 -0.1367553 -0.1096846 -0.1439794
0.22424 0.18359 1.47348 -0.22304 -0.007 1.41251 -0.01313 0.01513 0.00239 0.00373 -0.00147 -0.00417 0.07790 0.06447 0.00158 -0.00123 0.06884 0.08573 -0.00184 -0.00018 0.3680626 -0.3855869 0.8373331 -0.1213501 0.9722287 -0.0926721 -0.1429848 -0.1604322
0.22408 0.19205 1.47121 -0.22031 -0.00663 1.40768 -0.00016 0.00846 -0.00227 0.00273 0.00037 -0.00483 0.07646 0.06404 -0.00144 -0.00043 0.07011 0.08543 0.00127 -0.00030 0.3457383 -0.3633252 0.8553454 -0.1297848 0.9710391 -0.098119 -0.1276547 -0.1765221
0.23673 0.18758 1.46987 -0.22184 -0.00642 1.41835 0.01265 -0.00447 -0.00134 -0.00153 0.00021 0.01067 0.06887 0.06523 -0.00759 0.00119 0.07458 0.08793 0.00447 0.00250 0.3282602 -0.3463442 0.8532786 -0.2102538 0.9709995 -0.1069789 -0.1262706 -0.1725436
0.25874 0.16589 1.45424 -0.22243 -0.00664 1.41489 0.02201 -0.02169 -0.01563 -0.00059 -0.00022 -0.00346 0.06621 0.06534 -0.00266 0.00011 0.06550 0.08418 -0.00908 -0.00375 0.3226498 -0.3304946 0.8385426 -0.2889924 0.9783064 -0.0870321 -0.1122807 -0.1507812
0.29063 0.12556 1.44259 -0.22405 -0.00548 1.41683 0.03189 -0.04033 -0.01165 -0.00162 0.00116 0.00194 0.06841 0.06240 0.00220 -0.00294 0.06814 0.09075 0.00264 0.00657 0.3459571 -0.3127093 0.8390201 -0.2803065 0.9858598 -0.0394364 -0.1151113 -0.115216
0.32271 0.07668 1.43635 -0.22866 -0.00706 1.43007 0.03208 -0.04888 -0.00624 -0.00461 -0.00158 0.01324 0.06813 0.06259 -0.00028 0.00019 0.06156 0.09087 -0.00658 0.00012 0.4548079 -0.3442286 0.7597583 -0.3121278 0.9883519 -0.034913 -0.1211668 -0.0852072
0.34945 0.02395 1.42594 -0.23236 -0.00671 1.44363 0.02674 -0.05273 -0.01041 -0.00370 0.00035 0.01356 0.05990 0.06374 -0.00823 0.00115 0.06108 0.09308 -0.00048 0.00221 0.300339 -0.2580596 0.8083599 -0.43561 0.9886119 -0.0656392 -0.1060002 -0.0842733
0.36331 -0.06989 1.39649 -0.23761 -0.00817 1.44561 0.01386 -0.09384 -0.02945 -0.00525 -0.00146 0.00198 0.04626 0.06513 -0.01364 0.00139 0.05197 0.10612 -0.00911 0.01304 0.2634667 -0.2578504 0.7987009 -0.475579 0.986572 -0.1305787 -0.0794381 -0.057572
0.36069 -0.09366 1.42619 -0.24465 -0.00942 1.47341 -0.00262 -0.02377 0.02970 -0.00704 -0.00125 0.02780 0.04934 0.06509 0.00308 -0.00004 0.05219 0.09327 0.00022 -0.01285 0.2297845 -0.2468131 0.8217534 -0.4593515 0.9810514 -0.1718823 -0.0642971 -0.0621334
0.33797 -0.0916 1.40346 -0.24116 -0.00931 1.4428 -0.02272 0.00206 -0.02273 0.00349 0.00011 -0.03061 0.05558 0.06645 0.00624 0.00136 0.05898 0.08970 0.00679 -0.00357 0.1044448 -0.2159934 0.8347898 -0.4955444 0.9794098 -0.1842501 -0.0544948 -0.0619568
0.33469 -0.0807 1.43153 -0.24572 -0.00783 1.46391 -0.00328 0.01090 0.02807 -0.00456 0.00148 0.02111 0.07795 0.06508 0.02237 -0.00137 0.05709 0.10960 -0.00189 0.01990 0.0174209 -0.1979306 0.8518848 -0.4845743 0.9800191 -0.1807348 -0.0498792 -0.0664046
0.32448 -0.05832 1.42959 -0.24454 -0.00809 1.44725 -0.01021 0.02238 -0.00194 0.00118 -0.00026 -0.01666 0.09037 0.06686 0.01242 0.00178 0.05541 0.09771 -0.00168 -0.01189 -0.09417 -0.2124738 0.8480299 -0.4762691 0.9725156 -0.2106196 -0.0736911 -0.0665008
0.32395 -0.02997 1.45491 -0.2449 -0.00516 1.45041 -0.00053 0.02835 0.02532 -0.00036 0.00293 0.00316 0.09313 0.06418 0.00276 -0.00268 0.05835 0.09323 0.00294 -0.00448 -0.1442473 -0.1872486 0.8651443 -0.4423302 0.9745041 -0.1960808 -0.0766493 -0.0775828
0.32039 0.00021 1.46461 -0.24378 -0.00274 1.4465 -0.00356 0.03018 0.00970 0.00112 0.00242 -0.00391 0.10159 0.06635 0.00846 0.00217 0.05907 0.05160 0.00072 -0.04163 -0.3830491 -0.2849615 0.8780754 -0.0324645 0.9575872 -0.1383552 0.2153757 -0.1322798
0.31543 0.02906 1.46849 -0.24172 -0.00235 1.43925 -0.00496 0.02885 0.00388 0.00206 0.00039 -0.00725 0.11261 0.06493 0.01102 -0.00142 0.06014 0.08804 0.00107 0.03644 -0.3620833 -0.3992932 0.831631 0.1336053 0.9809552 -0.1584911 -0.0478523 -0.1015756
0.31119 0.05321 1.47835 -0.2413 -0.00275 1.43932 -0.00424 0.02415 0.00986 0.00042 -0.00040 0.00007 0.12476 0.06435 0.01215 -0.00058 0.06313 0.08808 0.00299 0.00004 -0.3272723 -0.5181933 0.7776185 0.1402781 0.9792566 -0.1559108 -0.0739304 -0.10622
0.30042 0.07955 1.46442 -0.23686 -0.00298 1.41903 -0.01077 0.02634 -0.01393 0.00444 -0.00023 -0.02029 0.12868 0.06355 0.00392 -0.00080 0.06553 0.08683 0.00240 -0.00125 -0.3173884 -0.2261804 0.8717075 -0.2970406 0.9763202 -0.16375 -0.0756102 -0.119448
0.29662 0.07662 1.44762 -0.23479 -0.00491 1.4058 -0.00380 -0.00293 -0.01680 0.00207 -0.00193 -0.01323 0.13101 0.06529 0.00233 0.00174 0.09312 0.08752 0.02759 0.00069 0.828045 -0.3411743 0.3978496 0.1991417 0.9745321 -0.1716043 -0.0716257 -0.125335
0.29652 0.06381 1.43278 -0.23362 -0.00489 1.4051 -0.00010 -0.01281 -0.01484 0.00117 0.00002 -0.00070 0.13045 0.06368 -0.00056 -0.00161 0.07282 0.09284 -0.02030 0.00532 0.7955251 -0.1128673 -0.3931366 0.4470396 0.9733899 -0.1682279 -0.0720111 -0.1379343
0.30939 0.03929 1.44696 -0.23921 -0.00721 1.4366 0.01287 -0.02452 0.01418 -0.00559 -0.00232 0.03150 0.13250 0.06444 0.00205 0.00076 0.09509 0.08991 0.02227 -0.00293 0.5775775 -0.2961144 0.4880383 0.5835572 0.9655344 -0.2043234 -0.0784807 -0.1408404
0.31103 -0.01301 1.37205 -0.23326 -0.00983 1.40039 0.00164 -0.05230 -0.07491 0.00595 -0.00262 -0.03621 0.12601 0.06174 -0.00649 -0.00270 0.09368 0.09386 -0.00141 0.00395 0.8038027 -0.4441451 0.3493334 0.1860175 0.9568163 -0.2338806 -0.0957386 -0.1436543
0.31653 -0.02582 1.36753 -0.23325 -0.01062 1.40159 0.00550 -0.01281 -0.00452 0.00001 -0.00079 0.00120 0.12810 0.06156 0.00209 -0.00018 0.09421 0.08844 0.00053 -0.00542 0.7982813 -0.4760174 0.3320292 0.1609691 0.9573327 -0.2321341 -0.0833336 -0.15061
0.31582 -0.03193 1.36383 -0.23417 -0.01144 1.39886 -0.00071 -0.00611 -0.00370 -0.00092 -0.00082 -0.00273 0.12599 0.06346 -0.00211 0.00190 0.09823 0.09850 0.00402 0.01006 0.7586796 -0.5064591 0.3915019 0.1209579 0.96097 -0.2272963 -0.068228 -0.1421895
0.31415 -0.02965 1.36529 -0.23437 -0.00915 1.39784 -0.00167 0.00228 0.00146 -0.00020 0.00229 -0.00102 0.12204 0.06241 -0.00395 -0.00105 0.09419 0.09157 -0.00404 -0.00693 0.7974085 -0.4694002 0.340295 0.1673391 0.9659496 -0.2109997 -0.0674912 -0.1336615
0.31465 -0.02712 1.36725 -0.23479 -0.00944 1.39611 0.00050 0.00253 0.00196 -0.00042 -0.00029 -0.00173 0.12478 0.06218 0.00274 -0.00023 0.09504 0.09529 0.00085 0.00372 0.7973095 -0.4442288 0.3800629 0.1500349 0.9642248 -0.2204646 -0.0712985 -0.1287733
0.31395 -0.02413 1.36352 -0.23455 -0.00977 1.3895 -0.00070 0.00299 -0.00373 0.00024 -0.00033 -0.00661 0.11961 0.06119 -0.00517 -0.00099 0.09587 0.09517 0.00083 -0.00012 0.8033027 -0.4291241 0.38857 0.139895 0.9575495 -0.2522705 -0.0542639 -0.1285071
0.31404 -0.0223 1.3637 -0.23535 -0.01041 1.39029 0.00009 0.00183 0.00018 -0.00080 -0.00064 0.00079 0.11362 0.06216 -0.00599 0.00097 0.09333 0.08998 -0.00254 -0.00519 0.8324553 -0.413175 0.3311035 0.1633248 0.9458221 -0.2913343 -0.053795 -0.132857
0.31464 -0.02183 1.36199 -0.23386 -0.00849 1.3905 0.00060 0.00047 -0.00171 0.00149 0.00192 0.00021 0.12631 0.06112 0.01269 -0.00104 0.09164 0.10144 -0.00169 0.01146 0.8208486 -0.4228373 0.3580125 0.1387203 0.9499229 -0.2730433 -0.023087 -0.1502028
0.31452 -0.02175 1.36153 -0.23397 -0.00842 1.39086 -0.00012 0.00008 -0.00046 -0.00011 0.00007 0.00036 0.12630 0.06295 -0.00001 0.00183 0.09204 0.08695 0.00040 -0.01449 0.8307176 -0.4215435 0.3307927 0.1509488 0.9493753 -0.2754993 -0.0493637 -0.1426525
0.31209 -0.02205 1.35022 -0.23265 -0.00767 1.39031 -0.00243 -0.00030 -0.01131 0.00132 0.00075 -0.00055 0.12721 0.06477 0.00091 0.00182 0.09298 0.09141 0.00094 0.00446 0.8266993 -0.4550162 0.2979925 0.1439758 0.950207 -0.2661445 -0.0765962 -0.1428521
0.30825 -0.02343 1.34494 -0.23188 -0.0071 1.38765 -0.00384 -0.00138 -0.00528 0.00077 0.00057 -0.00266 0.12471 0.06308 -0.00250 -0.00169 0.09033 0.08871 -0.00265 -0.00270 0.804672 -0.4806918 0.3345446 0.0975608 0.9527197 -0.2570447 -0.0726427 -0.1448316
0.30872 -0.02354 1.35274 -0.23296 -0.00725 1.39675 0.00047 -0.00011 0.00780 -0.00108 -0.00015 0.00910 0.11917 0.06458 -0.00554 0.00150 0.08644 0.08969 -0.00389 0.00098 0.8186176 -0.4409343 0.3252889 0.1721318 0.9551706 -0.2461056 -0.0725448 -0.1477102
0.30462 -0.02354 1.35593 -0.2343 -0.00837 1.40123 -0.00410 0.00000 0.00319 -0.00134 -0.00112 0.00448 0.11283 0.06543 -0.00634 0.00085 0.09397 0.08805 0.00753 -0.00164 0.7883149 -0.4561474 0.3803051 0.1608015 0.9558139 -0.2462254 -0.0622207 -0.1480584
0.29703 -0.01925 1.3528 -0.2345 -0.00701 1.40141 -0.00759 0.00429 -0.00313 -0.00020 0.00136 0.00018 0.11886 0.06431 0.00603 -0.00112 0.08555 0.08828 -0.00842 0.00023 0.8124238 -0.4379953 0.3407958 0.1788461 0.9628655 -0.2206449 -0.0720309 -0.1379038
0.28718 -0.01592 1.35217 -0.23554 -0.00659 1.40533 -0.00985 0.00333 -0.00063 -0.00104 0.00042 0.00392 0.11081 0.06373 -0.00805 -0.00058 0.08976 0.08995 0.00421 0.00167 0.7928261 -0.4463733 0.3698391 0.1881399 0.9648108 -0.2181242 -0.0520036 -0.1373228
0.27747 -0.01015 1.35814 -0.23759 -0.00395 1.41694 -0.00971 0.00577 0.00597 -0.00205 0.00264 0.01161 0.11775 0.06321 0.00694 -0.00052 0.09010 0.10743 0.00034 0.01748 0.7810162 -0.4427565 0.3973458 0.1899911 0.9686261 -0.2034007 -0.0559782 -0.1313697
0.26213 -0.00167 1.33522 -0.23492 -0.00385 1.3972 -0.01534 0.00848 -0.02292 0.00267 0.00010 -0.01974 0.11478 0.06309 -0.00297 -0.00012 0.09317 0.08741 0.00307 -0.02002 0.812062 -0.407207 0.3586142 0.2147874 0.9812474 -0.1507126 -0.0765163 -0.0926527
0.23874 0.01063 1.31802 -0.23308 -0.00359 1.38721 -0.02339 0.01230 -0.01720 0.00184 0.00026 -0.00999 0.12562 0.06332 0.01084 0.00023 0.08576 0.09298 -0.00741 0.00557 0.8047342 -0.2646981 0.4985062 0.1839271 0.9544957 -0.259212 -0.0539693 -0.137238
0.23634 0.02031 1.35235 -0.23951 -0.00353 1.42812 -0.00240 0.00968 0.03433 -0.00643 0.00006 0.04091 0.12008 0.06585 -0.00554 0.00253 0.08806 0.09212 0.00230 -0.00086 0.8100457 -0.3956618 0.401832 0.1606509 0.9586046 -0.2406058 -0.0758015 -0.1320613
0.18374 0.04683 1.28239 -0.22713 -0.00183 1.36862 -0.05260 0.02652 -0.06996 0.01238 0.00170 -0.05950 0.12794 0.06236 0.00786 -0.00349 0.08665 0.05830 -0.00141 -0.03382 0.7887734 -0.3677216 0.4384665 0.22442 0.9379634 -0.1766033 0.2133627 -0.2085963
0.17634 0.05834 1.3428 -0.23602 0.00055 1.43619 -0.00740 0.01151 0.06041 -0.00889 0.00238 0.06757 0.12629 0.06545 -0.00165 0.00309 0.09108 0.11347 0.00443 0.05517 0.7923903 -0.2918665 0.4739595 0.2495878 0.9648333 -0.198315 -0.0690697 -0.1581055
0.14713 0.06968 1.31905 -0.23075 0.00024 1.41446 -0.02921 0.01134 -0.02375 0.00527 -0.00031 -0.02173 0.12691 0.06640 0.00062 0.00095 0.09628 0.09918 0.00520 -0.01429 0.753385 -0.3591558 0.4770615 0.2753732 0.9607941 -0.2052858 -0.0841098 -0.1663069
0.08805 0.08911 1.29291 -0.22242 0.00087 1.38872 -0.05908 0.01943 -0.02614 0.00833 0.00063 -0.02574 0.12963 0.06640 0.00272 0.00000 0.09710 0.08503 0.00082 -0.01415 0.7582282 -0.3893318 0.4642287 0.2408367 0.971912 -0.1053693 -0.1041465 -0.1828605
0.06961 0.0899 1.30275 -0.22221 0.00069 1.39571 -0.01844 0.00079 0.00984 0.00021 -0.00018 0.00699 0.11961 0.06403 -0.01002 -0.00237 0.08510 0.08334 -0.01200 -0.00169 0.7390507 -0.3879868 0.4462107 0.322748 0.9714676 -0.0877469 -0.1168707 -0.186795
0.04498 0.0918 1.29561 -0.219 0.00242 1.38461 -0.02463 0.00190 -0.00714 0.00321 0.00173 -0.01110 0.11653 0.16165 -0.00308 0.09762 0.09404 0.08485 0.00894 0.00151 0.7061785 -0.3668614 0.4756842 0.3747655 0.9568319 -0.2638995 -0.0677869 0.1011668
0.02191 0.09197 1.31893 -0.21705 0.0063 1.4037 -0.02307 0.00017 0.02332 0.00195 0.00388 0.01909 0.11441 0.14627 -0.00212 -0.01538 0.07761 0.07173 -0.01643 -0.01312 0.7272696 -0.3778584 0.4554886 0.3476091 0.9439943 -0.3050742 -0.1002942 -0.0757987
-0.00555 0.08631 1.26353 -0.20412 0.01046 1.33828 -0.02746 -0.00566 -0.05540 0.01293 0.00416 -0.06542 0.11415 0.12496 -0.00026 -0.02131 0.06550 0.07345 -0.01211 0.00172 0.7126018 0.2013086 0.4813047 0.4690623 0.9400898 -0.2918283 -0.1472847 -0.0968226
-0.03014 0.08501 1.32253 -0.21321 0.00974 1.39544 -0.02459 -0.00130 0.05900 -0.00909 -0.00072 0.05716 0.11606 0.13388 0.00191 0.00892 0.07696 0.06062 0.01146 -0.01283 0.6592827 -0.3302641 0.4944008 0.4602605 0.8332211 -0.4562466 -0.2920434 -0.1108706
-0.0527 0.07918 1.37616 -0.21712 0.01438 1.44066 -0.02256 -0.00583 0.05363 -0.00391 0.00464 0.04522 0.11728 0.13836 0.00122 0.00448 0.07265 0.05984 -0.00431 -0.00078 0.6619545 -0.3487405 0.4570835 0.4809064 0.8544257 -0.3079248 0.2380742 -0.3441797
-0.05568 0.05845 1.25569 -0.11768 0.07873 1.25549 -0.00298 -0.02073 -0.12047 0.09944 0.06435 -0.18517 0.08847 0.07375 -0.02881 -0.06461 0.06304 0.08407 -0.00961 0.02423 0.7392318 0.5009167 0.2567568 0.3697225 0.7733086 -0.3995635 -0.4533744 -0.1918194
-0.08702 0.05389 1.26581 -0.11254 0.07164 1.26663 -0.03134 -0.00456 0.01012 0.00514 -0.00709 0.01114 0.10177 0.07937 0.01330 0.00562 0.06327 0.08800 0.00023 0.00393 0.4788679 -0.2673899 0.5897811 0.5927448 -0.3862915 0.4552526 0.6463519 0.475135
-0.09904 0.04862 1.27847 -0.14609 0.06479 1.28303 -0.01202 -0.00527 0.01266 -0.03355 -0.00685 0.01640 0.10601 0.06209 0.00424 -0.01728 0.06736 0.07623 0.00409 -0.01177 0.6125658 -0.3064308 0.5386261 0.4906579 -0.0667812 0.6902162 0.5433016 0.4732497
-0.10706 0.04658 1.27945 -0.15255 0.0624 1.28407 -0.00802 -0.00204 0.00098 -0.00646 -0.00239 0.00104 0.11038 0.08083 0.00437 0.01874 0.06981 0.09069 0.00245 0.01446 0.5915536 -0.3576696 0.5455576 0.4738182 0.0653487 0.8045712 0.5076879 0.3010777
-0.11147 0.04367 1.28158 -0.12387 0.04852 1.28088 -0.00441 -0.00291 0.00213 0.02868 -0.01388 -0.00319 0.11076 0.07000 0.00038 -0.01083 0.06757 0.06727 -0.00224 -0.02342 0.5979202 -0.3947604 0.5626006 0.4124755 0.8637904 0.2237394 -0.4015582 -0.2062955
-0.11367 0.04314 1.28131 -0.12434 0.05031 1.28056 -0.00220 -0.00053 -0.00027 -0.00047 0.00179 -0.00032 0.11242 0.08494 0.00166 0.01494 0.06594 0.07261 -0.00163 0.00534 0.6591318 -0.3842146 0.5224459 0.3807553 0.8477092 0.1760431 -0.4598422 -0.1973402
-0.11531 0.04164 1.28184 -0.14595 0.06931 1.28258 -0.00164 -0.00150 0.00053 -0.02161 0.01900 0.00202 0.11367 0.07122 0.00125 -0.01372 0.06907 0.05606 0.00313 -0.01655 0.6205341 -0.4138473 0.5458675 0.3817021 -0.2149224 0.675364 0.5903963 0.3861656
-0.11727 0.0425 1.28378 -0.14624 0.07104 1.28492 -0.00196 0.00086 0.00194 -0.00029 0.00173 0.00234 0.11394 0.07921 0.00027 0.00799 0.06747 0.08698 -0.00160 0.03092 0.6304927 -0.3835439 0.5431561 0.4004429 -0.2886541 0.612609 0.5882948 0.4419254
-0.11779 0.04226 1.28725 -0.14577 0.07188 1.28862 -0.00052 -0.00024 0.00347 0.00047 0.00084 0.00370 0.11520 0.07959 0.00126 0.00038 0.06511 0.08529 -0.00236 -0.00169 0.6446527 -0.3829483 0.5504826 0.3670726 -0.3175611 0.5979815 0.5835515 0.4483755
-0.11717 0.04276 1.28917 -0.14394 0.07302 1.29027 0.00062 0.00050 0.00192 0.00183 0.00114 0.00165 0.11533 0.07816 0.00013 -0.00143 0.06505 0.06666 -0.00006 -0.01863 0.6182584 -0.3823951 0.6038486 0.3269517 -0.3098972 0.6051093 0.5957926 0.4275952
-0.11778 0.04299 1.2912 -0.1442 0.07373 1.29191 -0.00061 0.00023 0.00203 -0.00026 0.00071 0.00164 0.11791 0.08108 0.00258 0.00292 0.06616 0.08760 0.00111 0.02094 0.6133966 -0.387312 0.634082 0.26772 -0.3217471 0.5926277 0.5908385 0.4429234
-0.11557 0.04168 1.29352 -0.1382 0.06912 1.2948 0.00221 -0.00131 0.00232 0.00600 -0.00461 0.00289 0.11548 0.07954 -0.00243 -0.00154 0.06438 0.08836 -0.00178 0.00076 0.6467095 -0.3774342 0.5670475 0.3431724 -0.4037179 0.6471884 0.492993 0.4184698
-0.11277 0.03963 1.29733 -0.13765 0.06826 1.29832 0.00280 -0.00205 0.00381 0.00055 -0.00086 0.00352 0.11906 0.08060 0.00358 0.00106 0.06166 0.08587 -0.00272 -0.00249 0.6279966 -0.3265485 0.5797642 0.4035589 -0.3217746 0.6417781 0.5197756 0.4630502
-0.10825 0.03601 1.30389 -0.1078 0.07701 1.31141 0.00452 -0.00362 0.00656 0.02985 0.00875 0.01309 0.11701 0.07472 -0.00205 -0.00588 0.06066 0.05563 -0.00100 -0.03024 0.6055019 -0.2521971 0.5894995 0.4714386 0.6624138 -0.6047776 -0.2855846 0.3374812
-0.10501 0.02824 1.31958 -0.11195 0.06917 1.32603 0.00324 -0.00777 0.01569 -0.00415 -0.00784 0.01462 0.11798 0.06838 0.00097 -0.00634 0.06245 0.07260 0.00179 0.01697 0.5785075 -0.2756528 0.5626132 0.5223132 -0.6305841 0.7668301 -0.1031818 -0.0607369
-0.09548 0.01789 1.34271 -0.11794 0.05168 1.34543 0.00953 -0.01035 0.02313 -0.00599 -0.01749 0.01940 0.11259 0.08187 -0.00539 0.01349 0.06379 0.07139 0.00134 -0.00121 0.5731777 -0.3195259 0.5936651 0.4657601 -0.5646465 0.821339 -0.0011849 0.0810883
-0.08958 0.00494 1.30805 -0.09661 0.0445 1.31405 0.00590 -0.01295 -0.03466 0.02133 -0.00718 -0.03138 0.11534 0.06495 0.00275 -0.01692 0.05565 0.07684 -0.00814 0.00545 0.6123421 -0.3106922 0.7163511 -0.1238904 0.7838667 -0.5882987 -0.151562 -0.1284002
-0.07185 -0.012 1.33785 -0.04943 -0.0174 1.33583 0.01773 -0.01694 0.02980 0.04718 -0.06190 0.02178 0.11916 0.06428 0.00382 -0.00067 0.06268 0.06862 0.00703 -0.00822 0.758944 -0.4289189 0.4212612 0.2501432 -0.6245354 0.5105269 0.5900025 -0.0348527
-0.02983 -0.04217 1.35644 -0.04375 -0.03916 1.34961 0.04202 -0.03017 0.01859 0.00568 -0.02176 0.01378 0.09944 0.04345 -0.01972 -0.02083 0.06453 0.07303 0.00185 0.00441 0.7113236 -0.5473076 0.3032439 0.3201818 -0.6364927 0.5551705 0.5351239 -0.0174629
-0.01318 -0.07053 1.37992 -0.03731 -0.06084 1.3739 0.01665 -0.02836 0.02348 0.00644 -0.02168 0.02429 0.09081 0.03849 -0.00863 -0.00496 0.05624 0.07178 -0.00829 -0.00125 0.6768894 -0.2462645 0.5859896 0.3712016 -0.6824215 0.5780309 0.4412617 0.073956
0.01655 -0.10251 1.40171 0.03598 -0.11092 1.40813 0.02973 -0.03198 0.02179 0.07329 -0.05008 0.03423 0.08565 0.03794 -0.00516 -0.00055 0.05656 0.07062 0.00032 -0.00116 0.6946819 -0.4516317 0.4327458 0.3552139 -0.5078976 0.5406862 0.625161 -0.2426358
0.0525 -0.14074 1.4141 0.05251 -0.14011 1.41552 0.03595 -0.03823 0.01239 0.01653 -0.02919 0.00739 0.07645 0.02921 -0.00920 -0.00873 0.05414 0.07154 -0.00242 0.00092 -0.568631 0.6099012 -0.5318969 -0.1475299 -0.5683048 0.5988377 0.5317545 -0.1888391
0.17334 -0.26036 1.39045 -0.37649 -0.49711 1.54044 0.12084 -0.11962 -0.02365 -0.42900 -0.35700 0.12492 0.10279 0.06009 0.02634 0.03088 0.05769 0.05258 0.00355 -0.01896 -0.2841294 0.1883066 -0.2417761 0.9084907 -0.2946927 0.4159392 0.5843744 -0.6313933
0.24326 -0.3078 1.37209 -0.39828 -0.54759 1.58772 0.06992 -0.04744 -0.01836 -0.02179 -0.05048 0.04728 0.11431 0.08662 0.01152 0.02653 0.05453 0.05731 -0.00316 0.00473 0.1019164 -0.0404842 -0.6146638 0.7811289 0.3177413 -0.5059447 -0.4265445 0.6790583
0.31142 -0.34373 1.38189 -0.41689 -0.59019 1.63769 0.06816 -0.03593 0.00980 -0.01861 -0.04260 0.04997 0.11051 0.09640 -0.00380 0.00978 0.06002 0.05534 0.00549 -0.00197 -0.0802103 -0.0264693 -0.5674483 0.8190654 0.254567 -0.5101449 -0.3268499 0.7537352
0.37383 -0.37466 1.39595 -0.4265 -0.62219 1.66637 0.06241 -0.03093 0.01406 -0.00961 -0.03200 0.02868 0.08522 0.09402 -0.02529 -0.00238 0.05399 0.05140 -0.00603 -0.00394 -0.4104834 0.5583737 0.4348679 -0.5749887 0.1953384 -0.4939963 -0.2459429 0.8107544
0.43153 -0.40149 1.42002 -0.43078 -0.63896 1.69895 0.05770 -0.02683 0.02407 -0.00428 -0.01677 0.03258 0.08647 0.09481 0.00125 0.00079 0.05940 0.04742 0.00541 -0.00398 0.6114114 -0.5281543 -0.3973951 0.4350934 0.13768 -0.4856525 -0.149656 0.8501699
0.49259 -0.45149 1.55184 -0.46466 -0.708 1.83646 0.06106 -0.05000 0.13182 -0.03388 -0.06904 0.13751 0.11529 0.10070 0.02882 0.00589 0.06772 0.06858 0.00832 0.02116 -0.5152118 0.5707913 0.5006984 -0.3975616 0.1131602 -0.3896719 -0.1108667 0.9072261
0.51748 -0.49098 1.60908 -0.45837 -0.69098 1.86411 0.02489 -0.03949 0.05724 0.00629 0.01702 0.02765 0.11216 0.10048 -0.00313 -0.00022 0.08689 0.05394 0.01917 -0.01464 -0.5899884 0.7886637 0.143391 0.0967581 0.1156931 -0.3706562 -0.0856131 0.9175509
0.53326 -0.53326 1.64637 -0.45981 -0.71568 1.88105 0.01578 -0.04228 0.03729 -0.00144 -0.02470 0.01694 0.15412 0.08767 0.04196 -0.01281 0.12361 0.07480 0.03672 0.02086 -0.4104899 0.8876549 0.2086711 0.004817 0.0836598 -0.3345542 -0.0028552 0.9386514
0.55098 -0.57296 1.66196 -0.45613 -0.71767 1.88832 0.01772 -0.03970 0.01559 0.00368 -0.00199 0.00727 0.10964 0.07978 -0.04448 -0.00789 0.16786 0.05233 0.04425 -0.02247 -0.332199 0.8989649 0.1203524 0.2588846 0.0589676 -0.3094373 0.0149681 0.9489717
0.56673 -0.60439 1.6557 -0.43875 -0.67721 1.8941 0.01575 -0.03143 -0.00626 0.01738 0.04046 0.00578 0.08473 0.10774 -0.02491 0.02796 0.15361 0.04714 -0.01425 -0.00519 -0.5476285 0.8165605 0.1289499 0.1292432 -0.0734466 -0.3264426 0.0798834 0.9389673
0.56266 -0.60529 1.64787 -0.4482 -0.7222 1.89754 -0.00407 -0.00090 -0.00783 -0.00945 -0.04499 0.00344 0.08451 0.12054 -0.00022 0.01280 0.09667 0.03980 -0.05694 -0.00734 -0.4644119 0.4633385 -0.3211743 0.6829978 0.0693129 -0.2384454 0.110639 0.9623401
0.56371 -0.60712 1.64701 -0.44256 -0.70527 1.89548 0.00105 -0.00183 -0.00086 0.00564 0.01693 -0.00206 0.08434 0.12652 -0.00017 0.00598 0.13243 0.06323 0.03576 0.02343 -0.3281247 0.190019 -0.4580885 0.8039789 0.0491478 -0.208139 0.1550674 0.9644775
0.55055 -0.60987 1.64099 -0.44033 -0.71303 1.88807 -0.01316 -0.00275 -0.00602 0.00223 -0.00776 -0.00741 0.08848 0.06997 0.00414 -0.05655 0.11780 0.05741 -0.01463 -0.00582 -0.4090838 0.4093834 -0.3591014 0.7321897 0.1492802 -0.1107354 0.2226683 0.957012
0.5508 -0.61161 1.63764 -0.43119 -0.6968 1.87376 0.00025 -0.00174 -0.00335 0.00914 0.01623 -0.01431 0.08766 0.12615 -0.00082 0.05618 0.07959 0.02242 -0.03821 -0.03499 -0.4784934 0.4607054 -0.3187951 0.6761393 0.1032192 -0.2309199 0.2107647 0.9442458
0.55354 -0.61618 1.64393 -0.422 -0.67061 1.85136 0.00274 -0.00457 0.00629 0.00919 0.02619 -0.02240 0.08763 0.10630 -0.00003 -0.01985 0.08852 0.09389 0.00893 0.07147 -0.5047597 0.4632552 -0.315138 0.6567345 0.194739 -0.0759382 0.160143 0.9647095
0.55556 -0.61609 1.63941 -0.42474 -0.67756 1.84918 0.00202 0.00009 -0.00452 -0.00274 -0.00695 -0.00218 0.08495 0.10797 -0.00268 0.00167 0.08295 0.10497 -0.00557 0.01108 -0.536209 0.4705421 -0.3099694 0.6284816 0.1930804 -0.0642832 0.1208246 0.971591
0.55684 -0.61599 1.63956 -0.42562 -0.68411 1.84203 0.00128 0.00010 0.00015 -0.00088 -0.00655 -0.00715 0.14563 0.14248 0.06068 0.03451 0.13447 0.05696 0.05152 -0.04801 -0.5400663 0.4569538 -0.3166831 0.6318492 0.1571773 -0.2040445 0.1184131 0.9589783
0.5574 -0.61547 1.64029 -0.42589 -0.6861 1.83186 0.00056 0.00052 0.00073 -0.00027 -0.00199 -0.01017 0.14525 0.12232 -0.00038 -0.02016 0.12532 0.06301 -0.00915 0.00605 -0.3155546 0.6279759 0.5451821 -0.4569989 0.1637736 -0.2425862 0.0533779 0.9547151
0.56115 -0.61671 1.64 -0.41103 -0.64252 1.81788 0.00375 -0.00124 -0.00029 0.01486 0.04358 -0.01398 0.14078 0.12001 -0.00447 -0.00231 0.12699 0.05486 0.00167 -0.00815 -0.3366805 0.6551832 0.5317099 -0.4179302 0.1534439 -0.2105094 -0.1744008 0.9495921
0.56333 -0.61677 1.63831 -0.40684 -0.6237 1.82004 0.00218 -0.00006 -0.00169 0.00419 0.01882 0.00216 0.14165 0.11852 0.00087 -0.00149 0.12819 0.04238 0.00120 -0.01248 -0.3127785 0.6381854 0.5488688 -0.4400365 0.2733643 0.1727182 0.9342996 0.1500823
0.5587 -0.61625 1.63913 -0.41874 -0.67025 1.80561 -0.00463 0.00052 0.00082 -0.01190 -0.04655 -0.01443 0.08328 0.09255 -0.05837 -0.02597 0.12291 0.06258 -0.00528 0.02020 -0.2469832 0.5662663 0.5838541 -0.526741 0.1513686 -0.1515842 -0.0643492 0.9746635
0.5631 -0.61688 1.63836 -0.42035 -0.67322 1.80908 0.00440 -0.00063 -0.00077 -0.00161 -0.00297 0.00347 0.07622 0.08950 -0.00706 -0.00305 0.12264 0.04544 -0.00027 -0.01714 -0.2924088 0.6147596 0.5649266 -0.4662893 0.1587714 -0.1543869 -0.036211 0.9744973
0.56086 -0.61739 1.64163 -0.41881 -0.66692 1.82396 -0.00224 -0.00051 0.00327 0.00154 0.00630 0.01488 0.14738 0.12051 0.07116 0.03101 0.12735 0.04565 0.00471 0.00021 -0.3458528 0.6539493 0.5329732 -0.4107016 0.1765175 -0.2555557 0.0956501 0.9457187
0.5639 -0.61777 1.63892 -0.42884 -0.69334 1.83614 0.00304 -0.00038 -0.00271 -0.01003 -0.02642 0.01218 0.08448 0.08953 -0.06290 -0.03098 0.12443 0.07291 -0.00292 0.02726 -0.2885137 0.6103356 0.5679983 -0.4707741 0.1720873 -0.0850455 0.1087121 0.975364
0.5656 -0.61531 1.6346 -0.42888 -0.68766 1.85316 0.00170 0.00246 -0.00432 -0.00004 0.00568 0.01702 0.12278 0.13308 0.03830 0.04355 0.12270 0.06558 -0.00173 -0.00733 -0.292702 0.6143369 0.5724995 -0.4573403 0.1211373 -0.2034447 0.2716665 0.9328094
0.56652 -0.61633 1.63436 -0.42362 -0.67391 1.85567 0.00092 -0.00102 -0.00024 0.00526 0.01375 0.00251 0.13629 0.09684 0.01351 -0.03624 0.12602 0.09020 0.00332 0.02462 -0.3298333 0.6462193 0.5506293 -0.4128171 0.1397385 -0.037569 0.3064927 0.9408102
0.56658 -0.61563 1.63682 -0.42852 -0.68311 1.86812 0.00006 0.00070 0.00246 -0.00490 -0.00920 0.01245 0.13793 0.11781 0.00164 0.02097 0.12818 0.04511 0.00216 -0.04509 -0.3089057 0.6310847 0.5649919 -0.4325432 0.1109417 -0.1957999 0.3269286 0.9178628
]
