classifier_Car_man_bumps_into_each_other_877 [ 0.50805 -0.71992 1.88196 -0.17379 -0.61501 1.81366 0.50805 -0.71992 1.88196 -0.17379 -0.61501 1.81366 0.07600 0.11649 0.07600 0.11649 0.07808 0.07953 0.07808 0.07953 -0.4961556 0.6069597 -0.1725316 0.5963743 -0.2243156 0.5679031 0.5622919 -0.5576704
0.51849 -0.73219 1.91486 -0.19276 -0.60001 1.87436 0.01044 -0.01227 0.03290 -0.01897 0.01500 0.06070 0.07552 0.12418 -0.00048 0.00769 0.07646 0.08153 -0.00162 0.00200 -0.5264574 0.8103355 0.0807878 0.244279 -0.2201017 0.61303 0.5331691 -0.5398891
0.52344 -0.73874 1.93175 -0.14517 -0.55112 1.82033 0.00495 -0.00655 0.01689 0.04759 0.04889 -0.05403 0.07570 0.13795 0.00018 0.01377 0.07840 0.09810 0.00194 0.01657 -0.517513 0.821252 0.1076798 0.2147801 -0.2072052 -0.2628986 -0.512664 0.7906491
0.53213 -0.72701 1.87399 -0.1207 -0.4105 1.71296 0.00869 0.01173 -0.05776 0.02447 0.14062 -0.10737 0.11760 0.14224 0.04190 0.00429 0.09623 0.06521 0.01783 -0.03289 -0.5029342 0.5017657 -0.1631399 0.6845976 -0.2648751 -0.1904178 -0.6567666 0.6798822
0.54821 -0.73251 1.87814 -0.13994 -0.30485 1.72379 0.01608 -0.00550 0.00415 -0.01924 0.10565 0.01083 0.11481 0.13584 -0.00279 -0.00640 0.10053 0.11364 0.00430 0.04843 -0.4916986 0.326388 -0.3471171 0.7288436 0.8440173 -0.1285671 0.2753039 -0.4419422
0.54751 -0.73315 1.88611 -0.06562 -0.13528 1.6286 -0.00070 -0.00064 0.00797 0.07432 0.16957 -0.09519 0.11716 0.09755 0.00235 -0.03829 0.10222 0.05059 0.00169 -0.06305 -0.5402564 0.4886355 -0.2082701 0.6526729 0.8702054 -0.3271748 0.1238462 -0.3469313
0.5401 -0.73064 1.89582 -0.08726 -0.03456 1.6531 -0.00741 0.00251 0.00971 -0.02164 0.10072 0.02450 0.12399 0.13742 0.00683 0.03987 0.10201 0.06469 -0.00021 0.01410 -0.4961449 0.4391923 -0.2592213 0.7026768 0.9052564 -0.1392933 0.2774645 -0.2900374
0.54436 -0.72674 1.8859 -0.04694 0.14828 1.63145 0.00426 0.00390 -0.00992 0.04032 0.18284 -0.02165 0.11825 0.12015 -0.00574 -0.01727 0.12370 0.05267 0.02169 -0.01202 -0.4289146 0.2281172 -0.3506357 0.8006555 0.9182656 -0.1601777 0.190071 -0.308228
0.54529 -0.72778 1.89529 -0.05056 0.23424 1.68285 0.00093 -0.00104 0.00939 -0.00362 0.08596 0.05140 0.12008 0.11359 0.00183 -0.00656 0.10910 0.03826 -0.01460 -0.01441 -0.4080198 0.1769685 -0.3592249 0.8204629 0.9405239 0.0498992 0.3155604 -0.1155272
0.52577 -0.7282 1.92541 -0.04722 0.31065 1.73646 -0.01952 -0.00042 0.03012 0.00334 0.07641 0.05361 0.06103 0.10520 -0.05905 -0.00839 0.09079 0.05970 -0.01831 0.02144 -0.3960949 0.300839 -0.2810514 0.8207405 0.9717814 0.0235817 0.1693055 -0.1625439
0.52475 -0.72453 1.92302 -0.03327 0.39448 1.77364 -0.00102 0.00367 -0.00239 0.01395 0.08383 0.03718 0.07119 0.11808 0.01016 0.01288 0.08364 0.05630 -0.00715 -0.00340 -0.3843283 0.267256 -0.2566365 0.8455789 0.9603762 0.1783131 0.2137097 0.0144971
0.51935 -0.71266 1.90642 -0.02863 0.40228 1.79479 -0.00540 0.01187 -0.01660 0.00464 0.00780 0.02115 0.09702 0.12965 0.02583 0.01157 0.07258 0.10483 -0.01106 0.04853 -0.3124293 0.0321962 -0.3426363 0.8854105 0.9494441 0.2356889 0.1273952 -0.1636372
0.52945 -0.71843 1.93555 -0.02467 0.40184 1.83804 0.01010 -0.00577 0.02913 0.00396 -0.00044 0.04325 0.09637 0.12885 -0.00065 -0.00080 0.08249 0.09744 0.00991 -0.00739 -0.4347837 0.3713534 -0.2016875 0.7952244 0.9165763 0.3452049 0.1534335 -0.1310711
0.53394 -0.71704 1.95811 -0.03953 0.34422 1.84143 0.00449 0.00139 0.02256 -0.01486 -0.05762 0.00339 0.11287 0.12556 0.01650 -0.00329 0.06553 0.09886 -0.01696 0.00142 -0.2920515 -0.058197 -0.3989988 0.8672479 0.9111175 0.4087783 0.0084186 -0.0519069
0.53457 -0.72003 1.99381 -0.01851 0.34202 1.85821 0.00063 -0.00299 0.03570 0.02102 -0.00220 0.01678 0.11775 0.12962 0.00488 0.00406 0.08475 0.10685 0.01922 0.00799 -0.32638 0.034399 -0.3623518 0.8723497 0.867884 0.4788894 -0.0075678 -0.1318523
0.53589 -0.72803 2.01521 -0.01299 0.34081 1.86307 0.00132 -0.00800 0.02140 0.00552 -0.00121 0.00486 0.10105 0.12831 -0.01670 -0.00131 0.07085 0.10409 -0.01390 -0.00276 -0.2801687 -0.0627733 -0.3696981 0.8836789 0.8760868 0.4768127 -0.0070296 -0.0712198
0.53944 -0.74141 2.04866 -0.0082 0.39329 1.94316 0.00355 -0.01338 0.03345 0.00479 0.05248 0.08009 0.07168 0.12114 -0.02937 -0.00717 0.08445 0.09657 0.01360 -0.00752 -0.4108928 0.37192 -0.2020663 0.8074725 0.9268611 0.366878 0.0722771 0.0332422
0.54332 -0.75469 2.06883 -0.00138 0.35203 1.94558 0.00388 -0.01328 0.02017 0.00682 -0.04126 0.00242 0.11134 0.13895 0.03966 0.01781 0.06999 0.08166 -0.01446 -0.01491 -0.293252 -0.008329 -0.2922438 0.9102348 0.8206502 0.3097888 -0.4684369 -0.1055031
0.5458 -0.76668 2.10125 0.01721 0.32132 1.96904 0.00248 -0.01199 0.03242 0.01859 -0.03071 0.02346 0.09443 0.11478 -0.01691 -0.02417 0.07010 0.08790 0.00011 0.00624 -0.3531168 0.2093274 -0.2266921 0.8832334 0.8916916 0.3326614 -0.2905762 -0.0989335
0.51975 -0.7433 2.04218 0.03356 0.29207 1.93117 -0.02605 0.02338 -0.05907 0.01635 -0.02925 -0.03787 0.08023 0.06619 -0.01420 -0.04859 0.07119 0.07140 0.00109 -0.01650 -0.4110478 0.5249441 -0.1344054 0.7330815 0.828357 0.4117316 -0.3656837 -0.1028459
0.54128 -0.77291 2.12464 0.08672 0.11045 1.97436 0.02153 -0.02961 0.08246 0.05316 -0.18162 0.04319 0.07597 0.12524 -0.00426 0.05905 0.09623 0.08044 0.02504 0.00904 -0.4223388 0.8410711 0.1223632 0.3150501 0.8087934 -0.0433605 -0.5389456 -0.2313238
0.53758 -0.7677 2.10964 0.06602 -0.04606 1.99054 -0.00370 0.00521 -0.01500 -0.02070 -0.15651 0.01618 0.08187 0.09761 0.00590 -0.02763 0.08735 0.07585 -0.00888 -0.00459 -0.4270245 0.8713052 0.1738528 0.1680848 -0.176187 0.1297534 0.9465289 0.2370769
0.50964 -0.72626 1.99277 0.13059 -0.05441 2.00173 -0.02794 0.04144 -0.11687 0.06457 -0.00835 0.01119 0.08241 0.02538 0.00054 -0.07223 0.08066 0.05839 -0.00669 -0.01746 -0.4116844 0.8797305 0.2118255 0.1082594 -0.1061204 0.0327914 0.7597076 0.6407087
0.50661 -0.72239 1.9813 0.13403 -0.08507 2.02037 -0.00303 0.00387 -0.01147 0.00344 -0.03066 0.01864 0.07336 0.04818 -0.00905 0.02280 0.08345 0.06633 0.00279 0.00794 -0.4610646 0.6627217 -0.0636077 0.5866629 -0.4043941 -0.0738729 0.6175517 0.6705505
0.51927 -0.74068 2.0303 0.02347 -0.10553 1.99452 0.01266 -0.01829 0.04900 -0.11056 -0.02046 -0.02585 0.08874 0.07007 0.01538 0.02189 0.07897 0.11160 -0.00448 0.04527 -0.3215496 0.1510613 -0.3352715 0.8725705 -0.397333 -0.0194832 0.6224172 0.6740503
0.58758 -0.78651 2.1163 -0.10435 -0.17321 2.03499 0.06831 -0.04583 0.08600 -0.12782 -0.06768 0.04047 0.15775 0.09565 0.06901 0.02558 0.10008 0.12931 0.02111 0.01771 -0.5180926 0.2694136 -0.2326316 0.7777396 0.6126809 -0.2872856 -0.604643 -0.4201141
0.55172 -0.73903 1.9873 -0.15434 -0.14817 1.89395 -0.03586 0.04748 -0.12900 -0.04999 0.02504 -0.14104 0.12909 0.10365 -0.02866 0.00800 0.09566 0.11947 -0.00442 -0.00984 -0.5150574 0.261636 -0.2531966 0.7759858 0.100727 0.3013676 0.7256134 0.6103416
0.54533 -0.751 2.03322 -0.38613 0.00323 1.81684 -0.00639 -0.01197 0.04592 -0.23179 0.15140 -0.07711 0.10674 0.06700 -0.02235 -0.03665 0.11112 0.08065 0.01546 -0.03882 -0.4470155 0.3154604 -0.3020777 0.7806477 -0.0712526 0.2436259 0.96643 -0.0397811
0.54191 -0.75149 2.03833 -0.44954 -0.00614 1.81303 -0.00342 -0.00049 0.00511 -0.06341 -0.00937 -0.00381 0.13022 0.07567 0.02348 0.00867 0.10131 0.12526 -0.00981 0.04461 -0.442019 0.3341384 -0.2951886 0.7783538 0.9865305 -0.1042938 0.1215643 -0.0332022
0.54106 -0.75152 2.04114 -0.48895 -0.03245 1.80819 -0.00085 -0.00003 0.00281 -0.03941 -0.02631 -0.00484 0.09125 0.06822 -0.03897 -0.00745 0.11767 0.11905 0.01636 -0.00621 -0.3883227 0.2058703 -0.3598017 0.8230223 0.9331666 -0.2896493 0.20114 0.0696134
0.53642 -0.74858 2.034 -0.50777 -0.09066 1.79416 -0.00464 0.00294 -0.00714 -0.01882 -0.05821 -0.01403 0.07977 0.06671 -0.01148 -0.00151 0.12585 0.11673 0.00818 -0.00232 -0.3941221 0.2288526 -0.3431036 0.8213247 0.8095071 -0.569197 0.1391626 0.0366974
0.51388 -0.71553 1.94823 -0.4796 -0.17949 1.712 -0.02254 0.03305 -0.08577 0.02817 -0.08883 -0.08216 0.11430 0.05965 0.03453 -0.00706 0.09796 0.09499 -0.02789 -0.02174 -0.3950141 0.2032976 -0.3374059 0.8299345 0.9012016 -0.4254957 0.056605 -0.0598744
0.51342 -0.71478 1.9495 -0.4758 -0.17624 1.71468 -0.00046 0.00075 0.00127 0.00380 0.00325 0.00268 0.12567 0.05890 0.01137 -0.00075 0.08925 0.09825 -0.00871 0.00326 -0.3968295 0.1906871 -0.3241323 0.837319 0.9120498 -0.4034501 0.0360884 -0.0639591
0.48825 -0.69455 1.90458 -0.46675 -0.1556 1.67746 -0.02517 0.02023 -0.04492 0.00905 0.02064 -0.03722 0.07425 0.06453 -0.05142 0.00563 0.06889 0.09483 -0.02036 -0.00342 -0.3121134 0.0961257 -0.3999485 0.8563797 0.9148405 -0.3990152 0.0539782 -0.0306613
0.48956 -0.6956 1.90927 -0.47157 -0.13584 1.68022 0.00131 -0.00105 0.00469 -0.00482 0.01976 0.00276 0.09001 0.06768 0.01576 0.00315 0.06977 0.09356 0.00088 -0.00127 -0.3280666 0.1204966 -0.3874274 0.8530843 0.9331372 -0.3546807 0.0580541 -0.0092888
0.48158 -0.6886 1.89715 -0.47026 -0.11835 1.66261 -0.00798 0.00700 -0.01212 0.00131 0.01749 -0.01761 0.07072 0.06613 -0.01929 -0.00155 0.07015 0.09401 0.00038 0.00045 -0.3295114 0.1466928 -0.3777651 0.8527584 0.9350715 -0.3394415 0.0931466 0.0417663
0.47972 -0.68676 1.898 -0.47184 -0.11036 1.65753 -0.00186 0.00184 0.00085 -0.00158 0.00799 -0.00508 0.09471 0.06777 0.02399 0.00164 0.06425 0.09901 -0.00590 0.00500 -0.3251036 0.134887 -0.3797721 0.8555035 0.9328852 -0.3480555 0.0792889 0.0479142
0.48844 -0.69438 1.92682 -0.47889 -0.10822 1.67673 0.00872 -0.00762 0.02882 -0.00705 0.00214 0.01920 0.07525 0.06813 -0.01946 0.00036 0.08230 0.09826 0.01805 -0.00075 -0.107909 -0.323422 -0.4915403 0.8013376 0.9257597 -0.3730077 0.059134 -0.0183693
0.41848 -0.69017 2.00475 -0.48889 -0.113 1.69675 -0.06996 0.00421 0.07793 -0.01000 -0.00478 0.02002 0.08738 0.06744 0.01213 -0.00069 0.10101 0.10447 0.01871 0.00621 0.2229432 0.3452336 0.647285 -0.6419752 0.9077343 -0.4077169 0.0934105 -0.0325542
0.41593 -0.68383 2.00191 -0.49049 -0.11435 1.69301 -0.00255 0.00634 -0.00284 -0.00160 -0.00135 -0.00374 0.09527 0.06725 0.00789 -0.00019 0.10286 0.10561 0.00185 0.00114 -0.2884076 -0.2671607 -0.6241038 0.6752337 0.9033989 -0.4159423 0.1002006 -0.0286742
0.4706 -0.66402 1.95437 -0.4937 -0.11667 1.6792 0.05467 0.01981 -0.04754 -0.00321 -0.00232 -0.01381 0.13422 0.06351 0.03895 -0.00374 0.06161 0.10022 -0.04125 -0.00539 -0.3918276 0.0813591 -0.3914632 0.8286184 0.8985013 -0.4348958 0.058092 0.0136531
0.46405 -0.66498 1.9565 -0.49701 -0.12013 1.67538 -0.00655 -0.00096 0.00213 -0.00331 -0.00346 -0.00382 0.14088 0.06283 0.00666 -0.00068 0.07054 0.10073 0.00893 0.00051 -0.3473408 0.0194753 -0.4251603 0.835592 0.8923791 -0.4469331 0.0609435 0.0140062
0.45361 -0.66791 1.95232 -0.50026 -0.12268 1.67137 -0.01044 -0.00293 -0.00418 -0.00325 -0.00255 -0.00401 0.13301 0.06287 -0.00787 0.00004 0.08176 0.11109 0.01122 0.01036 -0.3556806 0.1030824 -0.3977256 0.839452 0.8880699 -0.4559194 0.0539064 0.0237349
0.44488 -0.66976 1.95316 -0.50428 -0.12327 1.6732 -0.00873 -0.00185 0.00084 -0.00402 -0.00059 0.00183 0.13566 0.06164 0.00265 -0.00123 0.06899 0.09915 -0.01277 -0.01194 -0.3018537 0.0356728 -0.43347 0.8483605 0.8876182 -0.4518046 0.0886705 0.0120034
0.44055 -0.66376 1.92964 -0.50156 -0.12114 1.65646 -0.00433 0.00600 -0.02352 0.00272 0.00213 -0.01674 0.13622 0.06180 0.00056 0.00016 0.07319 0.10512 0.00420 0.00597 -0.3567753 -0.0608527 -0.4723741 0.803661 0.89686 -0.4366324 0.064783 0.0282392
0.43625 -0.65542 1.92142 -0.50408 -0.11855 1.65758 -0.00430 0.00834 -0.00822 -0.00252 0.00259 0.00112 0.13815 0.06244 0.00193 0.00064 0.03698 0.10044 -0.03621 -0.00468 0.1477758 0.3344498 0.6268683 -0.6879983 0.9026439 -0.4227484 0.0751473 0.0295067
0.43239 -0.64441 1.90555 -0.50594 -0.11796 1.65764 -0.00386 0.01101 -0.01587 -0.00186 0.00059 0.00006 0.14709 0.06225 0.00894 -0.00019 0.04811 0.09623 0.01113 -0.00421 -0.2443246 -0.2929311 -0.578231 0.7212113 0.9049327 -0.4192047 0.0643848 0.0349126
0.41744 -0.57578 1.92851 -0.52259 -0.12034 1.70443 -0.01495 0.06863 0.02296 -0.01665 -0.00238 0.04679 0.06535 0.06365 -0.08174 0.00140 0.07385 0.09833 0.02574 0.00210 -0.5053757 0.2337899 -0.4070729 0.7240369 0.9071319 -0.4132491 0.0687683 0.0400978
0.41899 -0.53797 1.90911 -0.525 -0.12159 1.7118 0.00155 0.03781 -0.01940 -0.00241 -0.00125 0.00737 0.06957 0.06404 0.00422 0.00039 0.06854 0.10260 -0.00531 0.00427 -0.4803659 0.1813636 -0.5457204 0.6622275 0.9053717 -0.4129958 0.0960836 0.0224609
0.44553 -0.4601 1.84766 -0.52794 -0.12276 1.72042 0.02654 0.07787 -0.06145 -0.00294 -0.00117 0.00862 0.06933 0.06295 -0.00024 -0.00109 0.05409 0.10528 -0.01445 0.00268 -0.4644006 0.1917664 -0.5947497 0.6275591 0.9075359 -0.4145397 0.0578348 0.0345023
0.43177 -0.38374 1.75773 -0.5154 -0.12208 1.68266 -0.01376 0.07636 -0.08993 0.01254 0.00068 -0.03776 0.05910 0.06123 -0.01023 -0.00172 0.03409 0.09974 -0.02000 -0.00554 -0.4887931 0.1803281 -0.6338108 0.5717052 0.9054883 -0.4200987 0.0525101 0.0291674
0.38252 -0.20178 1.75806 -0.53954 -0.13572 1.77729 -0.04925 0.18196 0.00033 -0.02414 -0.01364 0.09463 0.08349 0.06216 0.02439 0.00093 0.05419 0.11734 0.02010 0.01760 0.3094025 -0.2934304 0.8132984 -0.3958718 0.8983859 -0.4379684 0.0311325 0.010828
0.32899 -0.12272 1.7243 -0.53649 -0.14177 1.77925 -0.05353 0.07906 -0.03376 0.00305 -0.00605 0.00196 0.08726 0.06287 0.00377 0.00071 0.05329 0.12067 -0.00090 0.00333 0.3925392 -0.36164 0.8070178 -0.2526889 0.8954005 -0.444961 0.0156351 0.0048066
0.25844 -0.05109 1.66314 -0.5314 -0.15025 1.77286 -0.07055 0.07163 -0.06116 0.00509 -0.00848 -0.00639 0.06464 0.06067 -0.02262 -0.00220 0.03900 0.11664 -0.01429 -0.00403 0.2668618 -0.3869206 0.7995961 -0.373796 0.8875525 -0.4606655 0.0061593 5.34E-05
0.1925 -0.01106 1.59428 -0.50623 -0.15278 1.69776 -0.06594 0.04003 -0.06886 0.02517 -0.00253 -0.07510 0.08972 0.05787 0.02508 -0.00280 0.06489 0.09953 0.02589 -0.01711 0.1626807 -0.4055799 0.8400161 -0.3215786 0.8913665 -0.4503152 0.0509499 -0.0092876
0.13074 0.03885 1.58967 -0.50852 -0.16219 1.71337 -0.06176 0.04991 -0.00461 -0.00229 -0.00941 0.01561 0.08237 0.05911 -0.00735 0.00124 0.05173 0.11084 -0.01316 0.01131 -0.061565 -0.3344143 0.8479462 -0.4066497 0.8887711 -0.4554496 0.0513342 -0.0040591
0.09764 0.07492 1.59395 -0.50337 -0.16772 1.7077 -0.03310 0.03607 0.00428 0.00515 -0.00553 -0.00567 0.08726 0.05867 0.00489 -0.00044 0.05884 0.10589 0.00711 -0.00495 0.367027 -0.4931161 0.7766061 -0.1378788 0.8886493 -0.4580271 -0.000973 0.0226365
0.04693 0.12876 1.51465 -0.48053 -0.16385 1.6378 -0.05071 0.05384 -0.07930 0.02284 0.00387 -0.06990 0.04661 0.05680 -0.04065 -0.00187 0.02912 0.10423 -0.02972 -0.00166 0.8019645 -0.3758287 0.3867817 0.2569156 0.8911574 -0.4524773 -0.0072631 0.0324026
0.07342 0.14532 1.68665 -0.52088 -0.17952 1.78039 0.02649 0.01656 0.17200 -0.04035 -0.01567 0.14259 0.07896 0.06413 0.03235 0.00733 0.07243 0.11164 0.04331 0.00741 0.9759618 0.0902483 -0.0502162 0.1919166 0.8909529 -0.4532426 0.0093494 0.0262029
0.09904 0.14645 1.69696 -0.51717 -0.17549 1.76522 0.02562 0.00113 0.01031 0.00371 0.00403 -0.01517 0.07891 0.06347 -0.00005 -0.00066 0.06105 0.10642 -0.01138 -0.00522 0.9616707 -0.0651471 -0.1986056 0.1774857 0.8963154 -0.44202 0.008392 0.0341559
0.14058 0.11855 1.71575 -0.51654 -0.1698 1.75713 0.04154 -0.02790 0.01879 0.00063 0.00569 -0.00809 0.08360 0.06356 0.00469 0.00009 0.04852 0.09952 -0.01253 -0.00690 0.9740201 -0.0766652 -0.1774261 0.1180132 0.9038998 -0.4252608 0.0301436 0.0347824
0.18722 0.08641 1.75787 -0.52891 -0.16573 1.79302 0.04664 -0.03214 0.04212 -0.01237 0.00407 0.03589 0.07170 0.06656 -0.01190 0.00300 0.04549 0.10386 -0.00303 0.00434 0.9585077 -0.1709981 -0.1162374 0.1962437 0.9140481 -0.4010981 0.0455584 0.0395069
0.23702 0.00634 1.7744 -0.53143 -0.15642 1.79042 0.04980 -0.08007 0.01653 -0.00252 0.00931 -0.00260 0.09064 0.06746 0.01894 0.00090 0.08013 0.09623 0.03464 -0.00763 0.9654034 -0.2010242 -0.129519 0.1039727 0.9206091 -0.3817433 0.0725679 0.0385332
0.29443 -0.08841 1.73977 -0.53052 -0.13909 1.76663 0.05741 -0.09475 -0.03463 0.00091 0.01733 -0.02379 0.07435 0.06648 -0.01629 -0.00098 0.06973 0.09859 -0.01040 0.00236 0.8612359 -0.4888429 -0.1295152 -0.0503107 0.927797 -0.3578225 0.0953443 0.0454455
0.28601 -0.10675 1.62265 -0.49945 -0.12705 1.65444 -0.00842 -0.01834 -0.11712 0.03107 0.01204 -0.11219 0.07147 0.06072 -0.00288 -0.00576 0.06353 0.08905 -0.00620 -0.00954 0.7866312 -0.595336 -0.1194065 -0.1119309 0.9223133 -0.3711779 0.10043 0.038458
0.28053 -0.10268 1.62747 -0.50413 -0.12532 1.66109 -0.00548 0.00407 0.00482 -0.00468 0.00173 0.00665 0.06988 0.05901 -0.00159 -0.00171 0.04555 0.09275 -0.01798 0.00370 0.8054218 -0.5684426 -0.1672941 -0.0134685 0.91772 -0.3831338 0.0985202 0.0359476
0.27426 -0.08411 1.72479 -0.53495 -0.13156 1.76042 -0.00627 0.01857 0.09732 -0.03082 -0.00624 0.09933 0.08658 0.06491 0.01670 0.00590 0.07312 0.09461 0.02757 0.00186 0.8864279 -0.4240129 -0.1491868 0.1104623 0.9294772 -0.350481 0.1136584 0.0178005
0.20362 -0.00777 1.70857 -0.52866 -0.12763 1.74611 -0.07064 0.07634 -0.01622 0.00629 0.00393 -0.01431 0.09391 0.06374 0.00733 -0.00117 0.10294 0.09318 0.02982 -0.00143 0.9111648 -0.219873 -0.1761815 0.300657 0.92097 -0.3806176 0.079674 0.0244255
0.15279 0.03804 1.71915 -0.5332 -0.1278 1.77142 -0.05083 0.04581 0.01058 -0.00454 -0.00017 0.02531 0.08043 0.06625 -0.01348 0.00251 0.07227 0.08826 -0.03067 -0.00492 0.9036294 -0.1061448 -0.1499925 0.3868971 0.9222801 -0.3805408 0.0663911 0.0134307
0.11822 0.05808 1.72052 -0.52956 -0.12696 1.77169 -0.03457 0.02004 0.00137 0.00364 0.00084 0.00027 0.08642 0.06450 0.00599 -0.00175 0.07495 0.10033 0.00268 0.01207 0.8940669 -0.0375886 -0.147195 0.4213846 0.9260753 -0.3748057 0.0426339 0.009356
0.0907 0.0701 1.73242 -0.52934 -0.12878 1.78383 -0.02752 0.01202 0.01190 0.00022 -0.00182 0.01214 0.09070 0.06466 0.00428 0.00016 0.06564 0.09208 -0.00931 -0.00825 0.8216172 -0.0371399 -0.1824394 0.5387779 0.9253976 -0.3753862 0.0515503 -0.0081966
0.0638 0.06348 1.70168 -0.51272 -0.12909 1.74939 -0.02690 -0.00662 -0.03074 0.01662 -0.00031 -0.03444 0.08551 0.06221 -0.00519 -0.00245 0.07582 0.10860 0.01018 0.01652 0.8267652 -0.0557014 -0.1836488 0.5288003 0.9217245 -0.3869199 0.0206706 -0.0170181
0.06198 0.05148 1.69825 -0.50996 -0.1308 1.74517 -0.00182 -0.01200 -0.00343 0.00276 -0.00171 -0.00422 0.07965 0.06084 -0.00586 -0.00137 0.05041 0.09947 -0.02541 -0.00913 0.8064994 -0.0717278 -0.1744127 0.5603517 0.9184492 -0.3944612 0.0263733 -0.0124873
0.06922 0.03565 1.69197 -0.50848 -0.13219 1.73899 0.00724 -0.01583 -0.00628 0.00148 -0.00139 -0.00618 0.07532 0.05995 -0.00433 -0.00089 0.02955 0.11191 -0.02086 0.01244 0.6621328 -0.1692324 -0.1482681 0.7148128 0.9102703 -0.4045556 0.0642477 0.0601246
0.07564 0.02219 1.69231 -0.51032 -0.13375 1.7386 0.00642 -0.01346 0.00034 -0.00184 -0.00156 -0.00039 0.07045 0.06083 -0.00487 0.00088 0.04728 0.10424 0.01773 -0.00767 0.6731592 -0.2962444 -0.1520083 0.660295 0.8997426 -0.413747 0.1270159 0.0560692
0.09211 0.01129 1.82924 -0.5564 -0.14453 1.88333 0.01647 -0.01090 0.13693 -0.04608 -0.01078 0.14473 0.07417 0.06591 0.00372 0.00508 0.04264 0.10911 -0.00464 0.00487 0.7297322 -0.413933 -0.0539042 0.5415208 0.9140205 -0.396181 0.0854011 0.017717
0.093 0.00536 1.71502 -0.52629 -0.13444 1.77044 0.00089 -0.00593 -0.11422 0.03011 0.01009 -0.11289 0.06724 0.05914 -0.00693 -0.00677 0.03527 0.10225 -0.00737 -0.00686 0.7324347 -0.3718581 -0.1605124 0.547263 0.9127231 -0.3995235 0.0763601 0.038558
0.09624 0.00341 1.65678 -0.51234 -0.12809 1.71267 0.00324 -0.00195 -0.05824 0.01395 0.00635 -0.05777 0.06596 0.05987 -0.00128 0.00073 0.04369 0.09652 0.00842 -0.00573 0.7508883 -0.3278514 -0.2144977 0.5316681 0.9132959 -0.3949174 0.089113 0.0446063
0.10569 0.00143 1.70176 -0.5287 -0.12989 1.75871 0.00945 -0.00198 0.04498 -0.01636 -0.00180 0.04604 0.07155 0.06239 0.00559 0.00252 0.10683 0.09865 0.06314 0.00213 0.7649153 -0.3531909 -0.2088469 0.4965315 0.9134704 -0.3961696 0.0779985 0.0503757
0.10923 0.00488 1.70265 -0.53179 -0.12717 1.75978 0.00354 0.00345 0.00089 -0.00309 0.00272 0.00107 0.06857 0.06478 -0.00298 0.00239 0.11024 0.10260 0.00341 0.00395 0.7966923 -0.3149397 -0.2319093 0.4607737 0.9156234 -0.3898095 0.0812659 0.0554816
0.11451 0.0089 1.70602 -0.53505 -0.1248 1.76436 0.00528 0.00402 0.00337 -0.00326 0.00237 0.00458 0.06989 0.06391 0.00132 -0.00087 0.09990 0.09546 -0.01034 -0.00714 0.8268484 -0.292484 -0.2514693 0.4093142 0.9188845 -0.3813769 0.0831788 0.0573085
0.12284 0.02078 1.70549 -0.53788 -0.12179 1.76226 0.00833 0.01188 -0.00053 -0.00283 0.00301 -0.00210 0.06897 0.06461 -0.00092 0.00070 0.04039 0.10082 -0.05951 0.00536 0.8891544 -0.2371975 -0.2430906 0.3066739 0.9194902 -0.3777027 0.0916356 0.0590031
0.12631 0.02587 1.7024 -0.53928 -0.12064 1.7608 0.00347 0.00509 -0.00309 -0.00140 0.00115 -0.00146 0.06780 0.06383 -0.00117 -0.00078 0.03425 0.09862 -0.00614 -0.00220 0.8682092 -0.1994602 -0.3068263 0.3350911 0.9185719 -0.3819381 0.0847431 0.0562802
0.12819 0.03285 1.70065 -0.54038 -0.11978 1.75916 0.00188 0.00698 -0.00175 -0.00110 0.00086 -0.00164 0.06736 0.06530 -0.00044 0.00147 0.04931 0.09861 0.01506 -0.00001 0.8397067 -0.1235668 -0.3454913 0.4003245 0.9174185 -0.3851678 0.0858118 0.0512387
0.13722 0.04446 1.71416 -0.54609 -0.11992 1.77362 0.00903 0.01161 0.01351 -0.00571 -0.00014 0.01446 0.07331 0.06779 0.00595 0.00249 0.06791 0.09328 0.01860 -0.00533 0.8623041 -0.1602045 -0.1715615 0.4487012 0.9154929 -0.3898343 0.089212 0.0440803
0.1693 0.09252 1.73619 -0.55187 -0.11426 1.7836 0.03208 0.04806 0.02203 -0.00578 0.00566 0.00998 0.10218 0.06568 0.02887 -0.00211 0.05732 0.10317 -0.01059 0.00989 0.7787928 -0.377434 0.2210122 0.449643 0.9178536 -0.3855397 0.0845438 0.0419072
0.20808 0.12506 1.8651 -0.59037 -0.11852 1.90184 0.03878 0.03254 0.12891 -0.03850 -0.00426 0.11824 0.12569 0.07038 0.02351 0.00470 0.04747 0.10339 -0.00985 0.00022 0.7930603 -0.356113 0.4092645 0.2770225 0.9320801 -0.3474949 0.0999645 0.0219307
0.21435 0.13995 1.79403 -0.56368 -0.11038 1.81322 0.00627 0.01489 -0.07107 0.02669 0.00814 -0.08862 0.11817 0.06721 -0.00752 -0.00317 0.08233 0.09694 0.03486 -0.00645 0.8469056 -0.2797143 0.330462 0.3087164 0.9192781 -0.3819984 0.0893469 0.0319699
0.24093 0.12973 1.80854 -0.56403 -0.10982 1.8161 0.02658 -0.01022 0.01451 -0.00035 0.00056 0.00288 0.12337 0.06695 0.00520 -0.00026 0.08632 0.09787 0.00399 0.00093 0.8331525 -0.2648898 0.2303533 0.4273494 0.919386 -0.381561 0.0925556 0.0239583
0.24848 0.07652 1.79894 -0.56004 -0.11145 1.80729 0.00755 -0.05321 -0.00960 0.00399 -0.00163 -0.00881 0.09212 0.06759 -0.03125 0.00064 0.11834 0.09581 0.03202 -0.00206 0.6793501 0.0484375 -0.2710211 0.6802094 0.9111875 -0.4044824 0.0770345 0.0140379
0.21475 -0.1143 1.82604 -0.56874 -0.11969 1.84666 -0.03373 -0.19082 0.02710 -0.00870 -0.00824 0.03937 0.05368 0.06733 -0.03844 -0.00026 0.10093 0.09987 -0.01741 0.00406 0.756537 0.4198405 -0.1649727 0.4734658 0.905422 -0.4175973 0.0724432 -0.0239918
0.19849 -0.15813 1.66101 -0.51829 -0.10605 1.68525 -0.01626 -0.04383 -0.16503 0.05045 0.01364 -0.16141 0.09279 0.06290 0.03911 -0.00443 0.05520 0.10451 -0.04573 0.00464 -0.1482395 -0.5229813 0.6359705 -0.5477747 -0.6557347 0.7546512 -0.0216943 -0.0065555
0.21194 -0.1685 1.6724 -0.52028 -0.10666 1.6941 0.01345 -0.01037 0.01139 -0.00199 -0.00061 0.00885 0.09412 0.05887 0.00133 -0.00403 0.08680 0.10738 0.03160 0.00287 0.3825812 0.2134997 -0.4771412 0.7618304 -0.6474438 0.7618869 -0.0175782 0.0059856
0.21743 -0.14539 1.67742 -0.52126 -0.10778 1.69885 0.00549 0.02311 0.00502 -0.00098 -0.00112 0.00475 0.09145 0.05993 -0.00267 0.00106 0.08316 0.10385 -0.00364 -0.00353 0.5432076 0.1304447 -0.6815277 0.4726835 -0.6381833 0.7676264 -0.0437348 0.0394844
0.22993 -0.11319 1.66998 -0.51912 -0.1074 1.69117 0.01250 0.03220 -0.00744 0.00214 0.00038 -0.00768 0.09470 0.05975 0.00325 -0.00018 0.10194 0.09811 0.01878 -0.00574 -0.5533829 -0.1624861 0.7392566 -0.3476569 -0.6346003 0.7723358 -0.0264466 0.0089726
0.27322 -0.09644 1.68355 -0.52088 -0.10633 1.69442 0.04329 0.01675 0.01357 -0.00176 0.00107 0.00325 0.12661 0.05984 0.03191 0.00009 0.05509 0.10267 -0.04685 0.00456 -0.4602917 0.1510988 0.8732023 -0.0530906 -0.6453414 0.762984 -0.0367403 0.006331
0.2867 -0.09134 1.7376 -0.53867 -0.11091 1.75061 0.01348 0.00510 0.05405 -0.01779 -0.00458 0.05619 0.12931 0.06249 0.00270 0.00265 0.08658 0.09954 0.03149 -0.00313 0.8548895 -0.1049955 0.4852325 -0.1506299 0.9101859 -0.4084231 0.0682744 -0.0095364
0.29236 -0.08983 1.72803 -0.53669 -0.10834 1.74551 0.00566 0.00151 -0.00957 0.00198 0.00257 -0.00510 0.12708 0.06259 -0.00223 0.00010 0.09036 0.09610 0.00378 -0.00344 0.837694 -0.1500139 0.4475318 -0.2747357 0.9123802 -0.4024734 0.0732247 -0.0146876
0.29884 -0.09664 1.68929 -0.52743 -0.10466 1.71362 0.00648 -0.00681 -0.03874 0.00926 0.00368 -0.03189 0.12773 0.06330 0.00065 0.00071 0.09466 0.10051 0.00430 0.00441 0.8214536 -0.2523796 0.3037365 -0.4114154 0.8975385 -0.4341459 0.0770254 -0.0030155
0.30349 -0.10105 1.68687 -0.52746 -0.10493 1.7125 0.00465 -0.00441 -0.00242 -0.00003 -0.00027 -0.00112 0.12325 0.06136 -0.00448 -0.00194 0.09466 0.10263 0.00000 0.00212 0.7923942 -0.2252886 0.3344351 -0.4577222 0.8951398 -0.4394405 0.074863 -0.0035296
0.30472 -0.10147 1.64673 -0.51322 -0.10265 1.67233 0.00123 -0.00042 -0.04014 0.01424 0.00228 -0.04017 0.12026 0.05946 -0.00299 -0.00190 0.09724 0.09797 0.00258 -0.00466 0.7031141 -0.0165529 0.4018919 -0.5863783 0.7273772 -0.6838533 0.0539071 -0.0190002
0.3067 -0.10104 1.64291 -0.51024 -0.10398 1.66834 0.00198 0.00043 -0.00382 0.00298 -0.00133 -0.00399 0.11774 0.05723 -0.00252 -0.00223 0.08900 0.09744 -0.00824 -0.00053 0.7945496 -0.1680807 0.3846089 -0.4387662 -0.7017173 0.7108535 -0.0347032 0.0327988
0.30951 -0.10098 1.6392 -0.50695 -0.10241 1.66386 0.00281 0.00006 -0.00371 0.00329 0.00157 -0.00448 0.12147 0.05698 0.00373 -0.00025 0.07354 0.11095 -0.01546 0.01351 0.2643066 0.2330719 0.8606948 -0.3674564 -0.6936733 0.718333 -0.0294566 0.0441307
0.31077 -0.09946 1.65766 -0.51332 -0.10415 1.68449 0.00126 0.00152 0.01846 -0.00637 -0.00174 0.02063 0.12418 0.05802 0.00271 0.00104 0.09135 0.10675 0.01781 -0.00420 0.7693887 -0.5264472 0.3141234 0.1795012 0.7704855 -0.6346011 0.0541429 -0.0264959
0.31107 -0.09744 1.65105 -0.51095 -0.102 1.67736 0.00030 0.00202 -0.00661 0.00237 0.00215 -0.00713 0.12350 0.05871 -0.00068 0.00069 0.07442 0.11532 -0.01693 0.00857 0.8157955 -0.4652315 0.2034743 0.2768313 0.7359102 -0.6749215 0.0469756 -0.0266558
0.31374 -0.09771 1.67682 -0.51932 -0.10455 1.70475 0.00267 -0.00027 0.02577 -0.00837 -0.00255 0.02739 0.12283 0.06137 -0.00067 0.00266 0.06992 0.10614 -0.00450 -0.00918 0.8092442 -0.4545316 0.1941018 0.3175677 0.8614554 -0.503051 0.0660345 -0.0217631
0.31264 -0.09535 1.66536 -0.51589 -0.10415 1.69364 -0.00110 0.00236 -0.01146 0.00343 0.00040 -0.01111 0.11913 0.05855 -0.00370 -0.00282 0.08659 0.09102 0.01667 -0.01512 0.7986295 -0.4686542 0.3552786 0.1277934 0.8617747 -0.5021996 0.0689588 -0.0196095
0.30904 -0.09444 1.65027 -0.51134 -0.10153 1.67999 -0.00360 0.00091 -0.01509 0.00455 0.00262 -0.01365 0.12022 0.05901 0.00109 0.00046 0.06646 0.10028 -0.02013 0.00926 0.8100923 -0.4578224 0.1635748 0.3277079 0.7526288 -0.6549181 0.0630213 -0.0256966
0.30825 -0.09373 1.64488 -0.50997 -0.10209 1.67591 -0.00079 0.00071 -0.00539 0.00137 -0.00056 -0.00408 0.11956 0.05881 -0.00066 -0.00020 0.07172 0.09779 0.00526 -0.00249 0.8114823 -0.4742179 0.2613557 0.2197888 0.7172238 -0.6922804 0.0712667 -0.0354801
0.3078 -0.09351 1.64238 -0.50889 -0.10188 1.67282 -0.00045 0.00022 -0.00250 0.00108 0.00021 -0.00309 0.12169 0.05708 0.00213 -0.00173 0.07064 0.09917 -0.00108 0.00138 0.86018 -0.4223664 0.1619999 0.2354847 -0.7004505 0.7111824 -0.0548186 0.0241577
0.30508 -0.09195 1.63229 -0.50554 -0.10109 1.66129 -0.00272 0.00156 -0.01009 0.00335 0.00079 -0.01153 0.12768 0.05665 0.00599 -0.00043 0.07253 0.09184 0.00189 -0.00733 0.5332021 0.3953233 0.6872116 -0.2952205 0.7727929 -0.6299494 0.0738477 -0.0223919
0.30651 -0.09098 1.6349 -0.50636 -0.10125 1.66416 0.00143 0.00097 0.00261 -0.00082 -0.00016 0.00287 0.12300 0.05899 -0.00468 0.00234 0.07849 0.11087 0.00596 0.01903 0.8089139 0.0633274 0.4810821 -0.3319758 0.7336529 -0.6764003 0.0632355 -0.015409
0.314 -0.09262 1.66596 -0.51628 -0.1044 1.69473 0.00749 -0.00164 0.03106 -0.00992 -0.00315 0.03057 0.12380 0.05789 0.00080 -0.00110 0.08647 0.09529 0.00798 -0.01558 0.8827578 -0.1338117 0.3397037 -0.2956931 0.8598894 -0.5037535 0.0777279 -0.027949
0.31665 -0.09417 1.66757 -0.51794 -0.10253 1.69603 0.00265 -0.00155 0.00161 -0.00166 0.00187 0.00130 0.12177 0.05793 -0.00203 0.00004 0.06561 0.10241 -0.02086 0.00712 0.8087704 -0.0820563 0.4133625 -0.4102299 0.8687981 -0.4878449 0.0816659 -0.022976
0.31393 -0.09226 1.66436 -0.51692 -0.10239 1.69335 -0.00272 0.00191 -0.00321 0.00102 0.00014 -0.00268 0.11729 0.05852 -0.00448 0.00059 0.07452 0.10142 0.00891 -0.00099 0.92159 -0.2737433 0.2427472 -0.1296544 0.8683129 -0.4892508 0.0793502 -0.0192324
0.33151 -0.09879 1.74649 -0.54272 -0.10699 1.77676 0.01758 -0.00653 0.08213 -0.02580 -0.00460 0.08341 0.12732 0.06013 0.01003 0.00161 0.06997 0.10604 -0.00455 0.00462 0.7845903 -0.5756787 0.1463379 0.1777565 0.8670223 -0.4911895 0.0816654 -0.0183324
0.30948 -0.09057 1.63565 -0.50633 -0.10171 1.66347 -0.02203 0.00822 -0.11084 0.03639 0.00528 -0.11329 0.13022 0.05762 0.00290 -0.00251 0.08467 0.08886 0.01470 -0.01718 0.7278584 0.2250299 0.5608625 -0.3240631 0.8622 -0.4997677 0.0780621 -0.0273817
0.30296 -0.0887 1.62832 -0.50132 -0.09938 1.65568 -0.00652 0.00187 -0.00733 0.00501 0.00233 -0.00779 0.12096 0.05775 -0.00926 0.00013 0.07098 0.10493 -0.01369 0.01607 0.8726575 -0.0097188 0.4528902 -0.1823868 0.7429819 -0.6662964 0.0491111 -0.0401909
0.29812 -0.08828 1.63403 -0.49941 -0.10066 1.66188 -0.00484 0.00042 0.00571 0.00191 -0.00128 0.00620 0.12053 0.05701 -0.00043 -0.00074 0.07598 0.09812 0.00500 -0.00681 0.911245 -0.2410906 0.3245612 0.0785351 0.79302 -0.6054614 0.043118 -0.0517357
0.30142 -0.08976 1.67586 -0.5054 -0.10546 1.70295 0.00330 -0.00148 0.04183 -0.00599 -0.00480 0.04107 0.12215 0.05883 0.00162 0.00182 0.06774 0.10284 -0.00824 0.00472 0.8912104 -0.2894162 0.2950819 0.1868393 0.9047357 -0.4232103 0.0397716 -0.0276538
0.27292 -0.08235 1.66621 -0.47286 -0.10674 1.69112 -0.02850 0.00741 -0.00965 0.03254 -0.00128 -0.01183 0.11282 0.05852 -0.00933 -0.00031 0.06506 0.10009 -0.00268 -0.00275 0.8269433 -0.3536225 0.2010807 0.3881783 0.9086905 -0.4142023 0.0078269 -0.0515439
0.24989 -0.07645 1.66031 -0.44594 -0.10788 1.68253 -0.02303 0.00590 -0.00590 0.02692 -0.00114 -0.00859 0.11064 0.05849 -0.00218 -0.00003 0.07034 0.07484 0.00528 -0.02525 0.7969006 -0.3685754 0.2266279 0.4215938 0.8891538 -0.4308019 -0.1426248 -0.058936
0.21144 -0.06693 1.58149 -0.39362 -0.09912 1.60437 -0.03845 0.00952 -0.07882 0.05232 0.00876 -0.07816 0.11822 0.05495 0.00758 -0.00354 0.06092 0.08511 -0.00942 0.01027 0.8651782 -0.1242381 0.3899404 0.2897898 0.8952364 -0.4357071 -0.0262982 -0.0895507
0.19007 -0.05841 1.60349 -0.36569 -0.09966 1.62324 -0.02137 0.00852 0.02200 0.02793 -0.00054 0.01887 0.11746 0.05907 -0.00076 0.00412 0.05111 0.07393 -0.00981 -0.01118 0.4521706 -0.4514722 0.7496808 0.1723173 0.9054126 -0.3894566 -0.1503094 -0.0771924
0.05441 -0.01859 1.61959 -0.21819 -0.05113 1.62298 -0.13566 0.03982 0.01610 0.14750 0.04853 -0.00026 0.08920 0.12278 -0.02826 0.06371 0.07369 0.04781 0.02258 -0.02612 -0.3853756 0.7172482 -0.3750848 -0.4431163 0.8464156 -0.0128309 -0.5296246 0.0539803
0.07224 -0.02583 1.64349 -0.09749 -0.04632 1.63734 0.01783 -0.00724 0.02390 0.12070 0.00481 0.01436 0.08687 0.10284 -0.00233 -0.01994 0.06135 0.05902 -0.01234 0.01121 0.6393543 -0.3678107 0.2311648 0.6344321 0.7627426 -0.0968776 -0.6341066 0.0821405
0.06906 -0.01591 1.6732 -0.06263 -0.01822 1.67421 -0.00318 0.00992 0.02971 0.03486 0.02810 0.03687 0.11947 0.12273 0.03260 0.01989 0.07879 0.10487 0.01744 0.04585 0.7817649 -0.3069784 0.2912561 0.458015 0.6729469 -0.2413204 -0.5742828 -0.398881
0.13801 0.01075 1.78186 -0.10268 0.00971 1.77719 0.06895 0.02666 0.10866 -0.04005 0.02793 0.10298 0.11426 0.12696 -0.00521 0.00423 0.10155 0.10284 0.02276 -0.00203 0.8122504 -0.3850718 0.303258 0.3162333 0.729501 -0.0235389 -0.6498173 -0.2121594
0.2599 0.05777 1.8084 -0.24742 -0.02763 1.78422 0.12189 0.04702 0.02654 -0.14474 -0.03734 0.00703 0.12591 0.10669 0.01165 -0.02027 0.06412 0.06626 -0.03743 -0.03658 0.7804151 -0.0819945 -0.3529677 0.5095518 -0.3956494 0.2936007 0.8701336 0.011295
0.28786 0.05729 1.74543 -0.28375 -0.03375 1.71372 0.02796 -0.00048 -0.06297 -0.03633 -0.00612 -0.07050 0.12405 0.05331 -0.00186 -0.05338 0.07163 0.06415 0.00751 -0.00211 0.8191897 -0.3591372 0.1471642 0.4222457 -0.2565246 0.1819105 0.9257537 -0.2099617
0.27943 0.04782 1.6434 -0.27734 -0.03779 1.61464 -0.00843 -0.00947 -0.10203 0.00641 -0.00404 -0.09908 0.11735 0.05210 -0.00670 -0.00121 0.07252 0.05707 0.00089 -0.00708 0.8079026 -0.3825993 0.1751135 0.4126092 -0.3530475 0.2350838 0.8853166 -0.1905453
0.28502 0.04074 1.64497 -0.28051 -0.04204 1.61424 0.00559 -0.00708 0.00157 -0.00317 -0.00425 -0.00040 0.12349 0.05200 0.00614 -0.00010 0.06932 0.05727 -0.00320 0.00020 0.8134702 -0.3450914 0.1161687 0.4535229 0.0316226 0.1512182 0.9555508 -0.2511091
0.28616 0.03318 1.65198 -0.2797 -0.04949 1.62295 0.00114 -0.00756 0.00701 0.00081 -0.00745 0.00871 0.11517 0.05170 -0.00832 -0.00030 0.07291 0.05572 0.00359 -0.00155 0.7484003 -0.4613752 0.3355933 0.338241 -0.315967 0.2644473 0.8980185 -0.154257
0.29577 0.02642 1.73868 -0.2907 -0.05866 1.708 0.00961 -0.00676 0.08670 -0.01100 -0.00917 0.08505 0.12822 0.05310 0.01305 0.00140 0.07025 0.05806 -0.00266 0.00234 0.7819164 -0.4066012 0.20255 0.4269142 0.1095292 0.2069042 0.9358639 -0.2633494
0.2784 0.01758 1.63657 -0.26951 -0.06091 1.60728 -0.01737 -0.00884 -0.10211 0.02119 -0.00225 -0.10072 0.11742 0.09513 -0.01080 0.04203 0.06408 0.06364 -0.00617 0.00558 0.8091607 -0.3771978 0.1311566 0.4310206 0.2429894 0.1881096 0.898488 -0.3135127
0.27283 0.01253 1.62793 -0.26531 -0.06562 1.60168 -0.00557 -0.00505 -0.00864 0.00420 -0.00471 -0.00560 0.11470 0.05815 -0.00272 -0.03698 0.07628 0.05196 0.01220 -0.01168 0.752211 -0.4689583 0.311168 0.3426825 -0.3535582 0.351164 0.8577927 -0.1259843
0.26665 0.00978 1.61921 -0.26201 -0.06702 1.59678 -0.00618 -0.00275 -0.00872 0.00330 -0.00140 -0.00490 0.11023 0.09653 -0.00447 0.03838 0.07938 0.04782 0.00310 -0.00414 0.7384601 -0.4741072 0.3216603 0.3555751 -0.4308717 0.3488373 0.8284647 -0.0794252
0.26131 0.00617 1.6187 -0.25987 -0.06867 1.59729 -0.00534 -0.00361 -0.00051 0.00214 -0.00165 0.00051 0.10785 0.09779 -0.00238 0.00126 0.06494 0.06828 -0.01444 0.02046 0.7898508 -0.4039109 0.1825765 0.4238603 0.1154673 0.2444636 0.9277488 -0.2572682
0.25658 0.00556 1.6209 -0.25867 -0.06861 1.60033 -0.00473 -0.00061 0.00220 0.00120 0.00006 0.00304 0.11080 0.07522 0.00295 -0.02257 0.07227 0.05456 0.00733 -0.01372 0.7758612 -0.4380313 0.2636272 0.3696873 0.1238608 0.2384511 0.9307956 -0.2478289
0.25182 0.00617 1.61604 -0.25618 -0.07099 1.59447 -0.00476 0.00061 -0.00486 0.00249 -0.00238 -0.00586 0.10968 0.04840 -0.00112 -0.02682 0.06968 0.05323 -0.00259 -0.00133 0.8022941 -0.3924138 0.1958199 0.4049569 -0.3088225 0.3304151 0.8839514 -0.1186783
0.24863 0.00405 1.61663 -0.25413 -0.07065 1.59391 -0.00319 -0.00212 0.00059 0.00205 0.00034 -0.00056 0.10503 0.04839 -0.00465 -0.00001 0.07939 0.05909 0.00971 0.00586 0.7573476 -0.4570856 0.3273029 0.33222 0.0720729 0.2498691 0.9340808 -0.2446715
0.24658 0.00594 1.62097 -0.25252 -0.0703 1.59534 -0.00205 0.00189 0.00434 0.00161 0.00035 0.00143 0.10943 0.05852 0.00440 0.01013 0.07393 0.05671 -0.00546 -0.00238 0.7627132 -0.445226 0.3308235 0.3325632 0.0496534 0.2526216 0.9347049 -0.2450377
0.26051 0.00213 1.7169 -0.26635 -0.07384 1.69083 0.01393 -0.00381 0.09593 -0.01383 -0.00354 0.09549 0.12072 0.10036 0.01129 0.04184 0.06594 0.05376 -0.00799 -0.00295 0.8185685 -0.3826505 0.1631772 0.3961028 -0.5767589 0.3173267 0.7514393 0.0446318
0.25828 -0.00058 1.71801 -0.26405 -0.07335 1.69256 -0.00223 -0.00271 0.00111 0.00230 0.00049 0.00173 0.12146 0.11886 0.00074 0.01850 0.07470 0.06857 0.00876 0.01481 0.8194889 -0.373117 0.1231477 0.4172004 0.0721424 0.2677706 0.9433408 -0.1822157
0.25585 -0.00872 1.71852 -0.26262 -0.07736 1.6944 -0.00243 -0.00814 0.00051 0.00143 -0.00401 0.00184 0.12062 0.11872 -0.00084 -0.00014 0.08583 0.07299 0.01113 0.00442 0.7986866 -0.4102481 0.1523782 0.41301 0.1749235 0.2463644 0.9246155 -0.2319322
0.24977 -0.02052 1.71367 -0.25788 -0.08054 1.69245 -0.00608 -0.01180 -0.00485 0.00474 -0.00318 -0.00195 0.11710 0.12256 -0.00352 0.00384 0.07913 0.05116 -0.00670 -0.02183 0.7751194 -0.4605565 0.1884369 0.3893187 0.7571372 -0.0115457 0.5366495 -0.3723132
0.24201 -0.04252 1.69887 -0.25087 -0.08907 1.68004 -0.00776 -0.02200 -0.01480 0.00701 -0.00853 -0.01241 0.11770 0.12838 0.00060 0.00582 0.07612 0.06871 -0.00301 0.01755 0.7571924 -0.4800023 0.1813302 0.404199 0.1693879 0.2648564 0.9078217 -0.2775221
0.23679 -0.07222 1.70593 -0.24679 -0.10993 1.68821 -0.00522 -0.02970 0.00706 0.00408 -0.02086 0.00817 0.10432 0.11206 -0.01338 -0.01632 0.07239 0.06622 -0.00373 -0.00249 0.7250319 -0.4507573 0.0714839 0.5157874 0.168805 0.2834257 0.8668593 -0.3738045
0.23395 -0.11548 1.78393 -0.25109 -0.1463 1.76936 -0.00284 -0.04326 0.07800 -0.00430 -0.03637 0.08115 0.09881 0.05757 -0.00551 -0.05449 0.08416 0.07097 0.01177 0.00475 0.6759385 -0.4524895 0.0410038 0.5802404 0.1940186 0.4221618 0.7629528 -0.4494877
0.21567 -0.1646 1.73564 -0.23506 -0.1786 1.72882 -0.01828 -0.04912 -0.04829 0.01603 -0.03230 -0.04054 0.08695 0.05440 -0.01186 -0.00317 0.05653 0.06952 -0.02763 -0.00145 0.7350715 -0.2940179 0.0977714 0.6030458 0.1062544 0.1729428 0.9124992 -0.3551702
0.20631 -0.22415 1.75054 -0.22593 -0.22894 1.74728 -0.00936 -0.05955 0.01490 0.00913 -0.05034 0.01846 0.08231 0.05479 -0.00464 0.00039 0.04151 0.04875 -0.01502 -0.02077 0.5156571 -0.402913 -0.0426542 0.7549434 0.0513167 0.2756023 0.8671212 -0.4117169
0.18156 -0.45304 1.81195 -0.16782 -0.42583 1.79439 -0.02475 -0.22889 0.06141 0.05811 -0.19689 0.04711 0.10942 0.07453 0.02711 0.01974 0.06571 0.05951 0.02420 0.01076 0.5874634 -0.4343063 -0.2758029 0.6246579 -0.2006529 0.9033 0.3322544 -0.1827414
0.16825 -0.54878 1.8191 -0.15874 -0.49786 1.76935 -0.01331 -0.09574 0.00715 0.00908 -0.07203 -0.02504 0.11936 0.08518 0.00994 0.01065 0.11376 0.07047 0.04805 0.01096 0.2125071 0.1193686 -0.4905546 0.8366289 -0.1472249 0.4987339 0.64721 -0.5574123
0.14744 -0.62868 1.79929 -0.16141 -0.59819 1.78229 -0.02081 -0.07990 -0.01981 -0.00267 -0.10033 0.01294 0.11990 0.11469 0.00054 0.02951 0.07839 0.07612 -0.03537 0.00565 -0.2412862 0.6178011 -0.5281202 0.5302753 0.1386661 -0.4721105 -0.5111042 0.7047381
0.14559 -0.63224 1.78717 -0.1629 -0.61829 1.80085 -0.00185 -0.00356 -0.01212 -0.00149 -0.02010 0.01856 0.10489 0.11658 -0.01501 0.00189 0.08362 0.07525 0.00523 -0.00087 -0.2097471 0.5844857 -0.555446 0.5530481 -0.2279936 0.6354386 0.4606008 -0.576267
0.16821 -0.60559 1.96934 -0.16449 -0.63388 1.84964 0.02262 0.02665 0.18217 -0.00159 -0.01559 0.04879 0.14141 0.11879 0.03652 0.00221 0.09590 0.07975 0.01228 0.00450 -0.259371 0.6826162 -0.5824013 0.35717 -0.2256405 0.600017 0.4967243 -0.5850905
0.17474 -0.61567 1.97664 -0.16764 -0.6333 1.85933 0.00653 -0.01008 0.00730 -0.00315 0.00058 0.00969 0.13021 0.11578 -0.01120 -0.00301 0.10842 0.07771 0.01252 -0.00204 -0.3083212 0.7117971 -0.5447839 0.3185803 -0.2354744 0.5970062 0.5006149 -0.5809647
0.18254 -0.66219 1.72492 -0.18197 -0.59739 1.81942 0.00780 -0.04652 -0.25172 -0.01433 0.03591 -0.03991 0.15236 0.12378 0.02215 0.00800 0.09194 0.07458 -0.01648 -0.00313 -0.32359 0.754474 -0.3944337 0.4128929 -0.2196052 0.5943152 0.487184 -0.6010115
0.38479 -0.65213 1.89522 -0.18952 -0.61714 1.87434 0.20225 0.01006 0.17030 -0.00755 -0.01975 0.05492 0.11360 0.13581 -0.03876 0.01203 0.04789 0.07279 -0.04405 -0.00179 -0.479983 0.4394357 -0.4215576 0.6315076 -0.2104201 0.6072525 0.4776674 -0.5990006
0.50239 -0.70848 1.82746 -0.19359 -0.58929 1.83457 0.11760 -0.05635 -0.06776 -0.00407 0.02785 -0.03977 0.09764 0.13639 -0.01596 0.00058 0.17490 0.07695 0.12701 0.00416 -0.355472 0.1577989 -0.4956066 0.7766036 -0.1945781 0.6113391 0.4577754 -0.6155043
0.51659 -0.72661 1.86111 -0.19897 -0.59146 1.85814 0.01420 -0.01813 0.03365 -0.00538 -0.00217 0.02357 0.11337 0.13962 0.01573 0.00323 0.08249 0.06826 -0.09241 -0.00869 -0.5293068 0.5017367 -0.2316732 0.6437562 -0.1579526 0.5712267 0.4583613 -0.6623112
0.51724 -0.72767 1.87339 -0.20217 -0.59032 1.87062 0.00065 -0.00106 0.01228 -0.00320 0.00114 0.01248 0.11466 0.14060 0.00129 0.00098 0.09666 0.07783 0.01417 0.00957 -0.5160561 0.4920483 -0.2579112 0.6519635 -0.176162 0.6049396 0.4450848 -0.6363289
0.52166 -0.7321 1.88846 -0.20411 -0.59315 1.88289 0.00442 -0.00443 0.01507 -0.00194 -0.00283 0.01227 0.12045 0.14909 0.00579 0.00849 0.06197 0.08009 -0.03469 0.00226 -0.5045827 0.4858727 -0.2852353 0.6541902 -0.1783138 0.6058747 0.4451202 -0.6348135
0.52669 -0.7338 1.89583 -0.20557 -0.59433 1.89043 0.00503 -0.00170 0.00737 -0.00146 -0.00118 0.00754 0.12528 0.14511 0.00483 -0.00398 0.06674 0.08053 0.00477 0.00044 -0.528757 0.5288928 -0.2518483 0.6142157 -0.1820508 0.6156695 0.4402389 -0.6276929
0.53858 -0.73242 1.88728 -0.20568 -0.59 1.87944 0.01189 0.00138 -0.00855 -0.00011 0.00433 -0.01099 0.12144 0.14522 -0.00384 0.00011 0.07486 0.07824 0.00812 -0.00229 0.5729706 -0.5563472 0.2134584 -0.5626882 -0.1780162 0.6093692 0.4382077 -0.6363594
0.53928 -0.73332 1.88403 -0.20476 -0.58869 1.8781 0.00070 -0.00090 -0.00325 0.00092 0.00131 -0.00134 0.12135 0.14480 -0.00009 -0.00042 0.08140 0.08106 0.00654 0.00282 0.5954615 -0.6125438 0.160637 -0.4943799 -0.1787032 0.6164025 0.4414539 -0.6270818
0.53901 -0.73874 1.89767 -0.20546 -0.59301 1.88786 -0.00027 -0.00542 0.01364 -0.00070 -0.00432 0.00976 0.11810 0.14610 -0.00325 0.00130 0.07028 0.08046 -0.01112 -0.00060 -0.4985454 0.426706 -0.3402815 0.6734857 -0.1728277 0.6195161 0.4337346 -0.6310347
0.53851 -0.73909 1.8936 -0.20506 -0.59209 1.88588 -0.00050 -0.00035 -0.00407 0.00040 0.00092 -0.00198 0.11945 0.14539 0.00135 -0.00071 0.08185 0.06933 0.01157 -0.01113 -0.5507253 0.5276148 -0.2585516 0.5928536 0.1190845 -0.5332739 -0.4581552 0.7010933
0.53879 -0.7432 1.906 -0.20566 -0.59558 1.89469 0.00028 -0.00411 0.01240 -0.00060 -0.00349 0.00881 0.12171 0.14737 0.00226 0.00198 0.09673 0.06669 0.01488 -0.00264 -0.520138 0.4655597 -0.3107741 0.6450815 0.1138103 -0.5240665 -0.4615873 0.7066391
0.5394 -0.74502 1.91211 -0.20653 -0.59795 1.90082 0.00061 -0.00182 0.00611 -0.00087 -0.00237 0.00613 0.12331 0.14511 0.00160 -0.00226 0.08631 0.07177 -0.01042 0.00508 -0.5613282 0.5600113 -0.2284955 0.5648785 0.1196814 -0.5357989 -0.4555365 0.7007727
0.54071 -0.74424 1.90267 -0.20609 -0.59638 1.8972 0.00131 0.00078 -0.00944 0.00044 0.00157 -0.00362 0.12084 0.14359 -0.00247 -0.00152 0.09759 0.06954 0.01128 -0.00223 -0.5381335 0.4842723 -0.3028172 0.6198341 0.1146821 -0.5312616 -0.4580421 0.7034249
0.53909 -0.74254 1.90375 -0.20689 -0.59482 1.89863 -0.00162 0.00170 0.00108 -0.00080 0.00156 0.00143 0.12638 0.14567 0.00554 0.00208 0.14099 0.06954 0.04340 0.00000 -0.4841154 0.3753951 -0.3978676 0.6829438 -0.1288237 0.5456814 0.46029 -0.6883091
0.54377 -0.74366 1.90211 -0.20671 -0.5951 1.89869 0.00468 -0.00112 -0.00164 0.00018 -0.00028 0.00006 0.11773 0.14631 -0.00865 0.00064 0.12712 0.07487 -0.01387 0.00533 -0.4973584 0.373314 -0.3841338 0.6824313 -0.1674832 0.6146553 0.4373133 -0.6347481
0.5208 -0.71501 1.83309 -0.16744 -0.59652 1.76256 -0.02297 0.02865 -0.06902 0.03927 -0.00142 -0.13613 0.12422 0.13561 0.00649 -0.01070 0.07857 0.08149 -0.04855 0.00662 -0.552582 0.4803741 -0.3050068 0.6089867 -0.2626932 0.5928512 0.5150403 -0.5605829
0.52251 -0.71705 1.83667 -0.16161 -0.60103 1.75669 0.00171 -0.00204 0.00358 0.00583 -0.00451 -0.00587 0.10518 0.12947 -0.01904 -0.00614 0.07836 0.08094 -0.00021 -0.00055 -0.569201 0.5136338 -0.2678626 0.5834725 -0.2623284 0.6120369 0.5143018 -0.5404519
0.52345 -0.71774 1.83867 -0.14491 -0.60879 1.73637 0.00094 -0.00069 0.00200 0.01670 -0.00776 -0.02032 0.11295 0.11389 0.00777 -0.01558 0.07728 0.07879 -0.00108 -0.00215 -0.5669263 0.5033587 -0.2733841 0.5920185 -0.2547406 0.63702 0.5232573 -0.5054845
0.52531 -0.71936 1.8385 -0.14662 -0.60839 1.7394 0.00186 -0.00162 -0.00017 -0.00171 0.00040 0.00303 0.11359 0.11289 0.00064 -0.00100 0.07673 0.08144 -0.00055 0.00265 -0.562378 0.4941247 -0.2772338 0.6022567 -0.2473643 0.6281207 0.5258666 -0.5174356
0.52663 -0.71835 1.83725 -0.14112 -0.60845 1.73589 0.00132 0.00101 -0.00125 0.00550 -0.00006 -0.00351 0.11590 0.11253 0.00231 -0.00036 0.07779 0.07732 0.00106 -0.00412 -0.5779376 0.5120687 -0.25426 0.5823449 -0.2639261 0.6525029 0.5247551 -0.4787641
0.52452 -0.7209 1.84675 -0.14541 -0.6096 1.74551 -0.00211 -0.00255 0.00950 -0.00429 -0.00115 0.00962 0.11730 0.11270 0.00140 0.00017 0.08115 0.08142 0.00336 0.00410 -0.5610296 0.5122299 -0.2550528 0.5981759 -0.2531979 0.6384352 0.5266491 -0.5009311
]
