classifier_Monkey_jumps_on_car_26119 [ 0.52159 -0.71222 1.83697 -0.13936 -0.6112 1.75476 0.52159 -0.71222 1.83697 -0.13936 -0.6112 1.75476 0.11933 0.10291 0.11933 0.10291 0.09410 0.07192 0.09410 0.07192 -0.4719156 0.5616789 -0.1746395 0.6567447 -0.2787192 0.6338927 0.4660828 -0.5506928
0.51985 -0.7104 1.83684 -0.1387 -0.61071 1.75352 -0.00174 0.00182 -0.00013 0.00066 0.00049 -0.00124 0.11473 0.10140 -0.00460 -0.00151 0.08965 0.07196 -0.00445 0.00004 -0.4581087 0.5099971 -0.2152888 0.6954783 -0.2744803 0.6273076 0.4717649 -0.5555029
0.52129 -0.71038 1.83714 -0.13752 -0.61028 1.75618 0.00144 0.00002 0.00030 0.00118 0.00043 0.00266 0.11647 0.10322 0.00174 0.00182 0.09647 0.07409 0.00682 0.00213 -0.4747173 0.5523022 -0.1816328 0.6607687 -0.2671044 0.630175 0.4741872 -0.5537881
0.52785 -0.71096 1.83435 -0.13421 -0.60633 1.75998 0.00656 -0.00058 -0.00279 0.00331 0.00395 0.00380 0.11331 0.10668 -0.00316 0.00346 0.09110 0.07734 -0.00537 0.00325 -0.4844181 0.5293859 -0.1830674 0.671994 -0.2213567 0.590147 0.5088708 -0.586326
0.52971 -0.71003 1.83326 -0.13482 -0.60476 1.75945 0.00186 0.00093 -0.00109 -0.00061 0.00157 -0.00053 0.11014 0.10797 -0.00317 0.00129 0.08968 0.07551 -0.00142 -0.00183 -0.4899591 0.5254352 -0.1819075 0.6713923 -0.2160589 0.576853 0.514622 -0.5964255
0.54967 -0.73185 1.89503 -0.14182 -0.61487 1.81827 0.01996 -0.02182 0.06177 -0.00700 -0.01011 0.05882 0.11220 0.11000 0.00206 0.00203 0.15488 0.07888 0.06520 0.00337 -0.3971431 0.2403717 -0.3385113 0.8184797 -0.1709168 0.5294978 0.5601553 -0.6137146
0.56313 -0.71722 1.821 -0.13988 -0.59309 1.76875 0.01346 0.01463 -0.07403 0.00194 0.02178 -0.04952 0.11412 0.11179 0.00192 0.00179 0.14754 0.07799 -0.00734 -0.00089 -0.4629598 0.226264 -0.3706833 0.7727009 -0.1441094 0.4857095 0.5738102 -0.6434754
0.57189 -0.721 1.83475 -0.14735 -0.58554 1.77594 0.00876 -0.00378 0.01375 -0.00747 0.00755 0.00719 0.11267 0.11098 -0.00145 -0.00081 0.13748 0.09080 -0.01006 0.01281 -0.4677004 0.1974904 -0.3521551 0.7862828 -0.0954737 0.4223099 0.5889384 -0.6824153
0.5668 -0.73244 1.8959 -0.16038 -0.58543 1.82242 -0.00509 -0.01144 0.06115 -0.01303 0.00011 0.04648 0.10749 0.11207 -0.00518 0.00109 0.09212 0.08114 -0.04536 -0.00966 -0.3828472 0.2200295 -0.3841392 0.8108342 -0.0471828 0.3851982 0.5937563 -0.7048756
0.57635 -0.73746 1.91754 -0.17735 -0.55688 1.84291 0.00955 -0.00502 0.02164 -0.01697 0.02855 0.02049 0.11109 0.12604 0.00360 0.01397 0.10635 0.07908 0.01423 -0.00206 -0.3764167 0.146572 -0.3743252 0.8346902 0.0242288 0.3655314 0.6172605 -0.6962681
0.5672 -0.71274 1.86396 -0.1819 -0.54379 1.79706 -0.00915 0.02472 -0.05358 -0.00455 0.01309 -0.04585 0.12291 0.09615 0.01182 -0.02989 0.13134 0.09520 0.02499 0.01612 -0.3997656 0.1333637 -0.3688061 0.8284827 -0.1654972 -0.4156068 -0.4022262 0.798809
0.55481 -0.68439 1.82449 -0.18543 -0.45815 1.71937 -0.01239 0.02835 -0.03947 -0.00353 0.08564 -0.07769 0.12292 0.06147 0.00001 -0.03468 0.11840 0.14140 -0.01294 0.04620 -0.3936638 0.0923737 -0.4335793 0.8052981 -0.4104999 -0.0923649 -0.5070538 0.7522334
0.56813 -0.68736 1.87637 -0.20189 -0.43663 1.74824 0.01332 -0.00297 0.05188 -0.01646 0.02152 0.02887 0.09796 0.05626 -0.02496 -0.00521 0.17775 0.06842 0.05935 -0.07298 -0.3466697 0.0053698 -0.5153186 0.7837334 0.649688 -0.468031 0.1875491 -0.568927
0.53368 -0.64365 1.79884 -0.20677 -0.38744 1.67855 -0.03445 0.04371 -0.07753 -0.00488 0.04919 -0.06969 0.12362 0.05261 0.02566 -0.00365 0.16004 0.07723 -0.01771 0.00881 -0.2628089 -0.0353791 -0.5341001 0.8027558 0.6475039 -0.4400513 0.2868543 -0.5520944
0.53653 -0.63264 1.88102 -0.22721 -0.36906 1.75342 0.00285 0.01101 0.08218 -0.02044 0.01838 0.07487 0.14563 0.04998 0.02201 -0.00263 0.15148 0.07541 -0.00856 -0.00182 -0.3149584 0.0877636 -0.5113273 0.7947599 0.6665651 -0.444014 0.2320845 -0.5519776
0.47425 -0.50967 1.93972 -0.26265 -0.31251 1.77726 -0.06228 0.12297 0.05870 -0.03544 0.05655 0.02384 0.07550 0.04293 -0.07013 -0.00705 0.08130 0.07163 -0.07018 -0.00378 -0.2818263 0.1632091 -0.6058089 0.7259009 0.7963064 -0.4508809 0.2024038 -0.3487623
0.45123 -0.31935 1.72666 -0.28932 -0.28598 1.74802 -0.02302 0.19032 -0.21306 -0.02667 0.02653 -0.02924 0.05919 0.04298 -0.01631 0.00005 0.04475 0.06678 -0.03655 -0.00485 0.318239 -0.271315 0.732485 -0.5371944 -0.5624716 0.701425 -0.426612 0.0981371
0.42558 -0.22727 1.74772 -0.30857 -0.2965 1.79349 -0.02565 0.09208 0.02106 -0.01925 -0.01052 0.04547 0.05463 0.04103 -0.00456 -0.00195 0.04371 0.06885 -0.00104 0.00207 0.3585216 -0.3326841 0.7230436 -0.4878437 -0.4412127 0.8082357 -0.3784557 0.094115
0.38277 -0.13465 1.71981 -0.30994 -0.29346 1.75201 -0.04281 0.09262 -0.02791 -0.00137 0.00304 -0.04148 0.06146 0.04012 0.00683 -0.00091 0.05501 0.05737 0.01130 -0.01148 0.4347589 -0.3623663 0.7039481 -0.4291065 0.9587017 -0.2836941 -0.0176409 0.0098793
0.35882 -0.05883 1.74483 -0.31596 -0.2856 1.75046 -0.02395 0.07582 0.02502 -0.00602 0.00786 -0.00155 0.07550 0.04184 0.01404 0.00172 0.06507 0.05862 0.01006 0.00125 0.3706373 -0.3196101 0.7876533 -0.3742721 0.945722 -0.315802 0.0566347 0.0516869
0.34657 0.02004 1.87084 -0.32699 -0.21928 1.79802 -0.01225 0.07887 0.12601 -0.01103 0.06632 0.04756 0.08397 0.05376 0.00847 0.01192 0.08307 0.05931 0.01800 0.00069 0.2096477 -0.2190881 0.9030015 -0.3043623 0.8753333 -0.326192 0.2067425 -0.2909432
0.3324 0.01806 1.85802 -0.31229 -0.14551 1.75598 -0.01417 -0.00198 -0.01282 0.01470 0.07377 -0.04204 0.07813 0.06045 -0.00584 0.00669 0.08294 0.05577 -0.00013 -0.00354 0.1473954 -0.2238639 0.9263482 -0.2646481 0.8109037 -0.2863649 0.3744757 -0.346696
0.3075 -0.00809 1.76888 -0.28771 -0.06998 1.66133 -0.02490 -0.02615 -0.08914 0.02458 0.07553 -0.09465 0.06685 0.06405 -0.01128 0.00360 0.06844 0.06606 -0.01450 0.01029 0.1832595 -0.2914972 0.8907992 -0.2965166 0.8287683 -0.2488284 0.3800612 -0.3267736
0.31178 -0.05785 1.8512 -0.28635 -0.00145 1.73639 0.00428 -0.04976 0.08232 0.00136 0.06853 0.07506 0.06445 0.07637 -0.00240 0.01232 0.06866 0.05062 0.00022 -0.01544 0.1788481 -0.192682 0.884214 -0.3860732 0.7720736 -0.1593288 0.4848635 -0.3787139
0.29854 -0.11851 1.85124 -0.27179 0.05828 1.74738 -0.01324 -0.06066 0.00004 0.01456 0.05973 0.01099 0.06080 0.08205 -0.00365 0.00568 0.06681 0.06641 -0.00185 0.01579 0.1978354 -0.2064345 0.8096204 -0.5126019 0.7825966 -0.0813071 0.5129129 -0.3432956
0.28061 -0.1699 1.82653 -0.26405 0.09441 1.75915 -0.01793 -0.05139 -0.02471 0.00774 0.03613 0.01177 0.04930 0.08302 -0.01150 0.00097 0.05520 0.09348 -0.01161 0.02707 0.1141313 -0.3093486 0.6861247 -0.6484678 0.9022 -0.0947906 0.3046472 -0.2902412
0.2603 -0.19375 1.79906 -0.2563 0.11775 1.75337 -0.02031 -0.02385 -0.02747 0.00775 0.02334 -0.00578 0.05072 0.07308 0.00142 -0.00994 0.04967 0.05430 -0.00553 -0.03918 0.0415339 -0.1795761 0.8192647 -0.5429851 0.9121529 -0.1476048 0.2454815 -0.2931361
0.25079 -0.17312 1.79045 -0.26395 0.11154 1.75213 -0.00951 0.02063 -0.00861 -0.00765 -0.00621 -0.00124 0.04866 0.06759 -0.00206 -0.00549 0.04216 0.06095 -0.00751 0.00665 0.2819384 -0.3093675 0.81687 -0.3968953 0.8836901 -0.1133985 0.3513099 -0.2877741
0.25686 -0.1138 1.80372 -0.28266 0.07777 1.76939 0.00607 0.05932 0.01327 -0.01871 -0.03377 0.01726 0.05282 0.05681 0.00416 -0.01078 0.05121 0.07562 0.00905 0.01467 0.2448952 -0.3545537 0.8075016 -0.4028142 0.8782818 -0.2118121 0.3006815 -0.3055281
0.26914 -0.03701 1.81228 -0.31332 0.00798 1.78331 0.01228 0.07679 0.00856 -0.03066 -0.06979 0.01392 0.06110 0.05629 0.00828 -0.00052 0.05157 0.07063 0.00036 -0.00499 0.2322209 -0.3465055 0.8411599 -0.3441764 0.874778 -0.2439513 0.2834544 -0.3080663
0.27562 0.09855 1.82472 -0.33629 -0.12908 1.76482 0.00648 0.13556 0.01244 -0.02297 -0.13706 -0.01849 0.08399 0.03580 0.02289 -0.02049 0.07562 0.05531 0.02405 -0.01532 0.1652353 -0.3492748 0.8908609 -0.238896 0.8778319 -0.407247 0.0961922 -0.2330409
0.27269 0.14191 1.83686 -0.33837 -0.18756 1.77732 -0.00293 0.04336 0.01214 -0.00208 -0.05848 0.01250 0.09271 0.03725 0.00872 0.00145 0.08209 0.05968 0.00647 0.00437 0.1612009 -0.3073536 0.9219189 -0.1720858 0.8463767 -0.4681507 0.0423776 -0.2503709
0.24822 0.16694 1.78899 -0.31887 -0.20602 1.73353 -0.02447 0.02503 -0.04787 0.01950 -0.01846 -0.04379 0.08859 0.04357 -0.00412 0.00632 0.07814 0.05750 -0.00395 -0.00218 0.15252 -0.3322951 0.9169273 -0.1598806 0.7920938 -0.5353771 0.0691992 -0.2849042
0.23507 0.17003 1.81294 -0.30697 -0.20663 1.75975 -0.01315 0.00309 0.02395 0.01190 -0.00061 0.02622 0.09053 0.04201 0.00194 -0.00156 0.09936 0.05942 0.02122 0.00192 0.9034057 -0.1469149 -0.1485489 0.3744428 0.8418208 -0.4474371 -0.0455854 -0.2984288
0.16258 0.07359 1.82007 -0.2494 -0.08287 1.7762 -0.07249 -0.09644 0.00713 0.05757 0.12376 0.01645 0.05162 0.06758 -0.03891 0.02557 0.07495 0.04483 -0.02441 -0.01459 0.880625 -0.2810912 -0.1174194 0.3629049 0.7174335 -0.1750322 0.5007075 -0.4516025
0.1754 0.00211 1.89045 -0.24147 -0.01853 1.82298 0.01282 -0.07148 0.07038 0.00793 0.06434 0.04678 0.07415 0.07310 0.02253 0.00552 0.09058 0.03877 0.01563 -0.00606 0.8255154 -0.3178596 -0.0812484 0.4592257 0.7293247 -0.0632828 0.545101 -0.40859
0.1558 -0.03691 1.75613 -0.21115 0.04898 1.69688 -0.01960 -0.03902 -0.13432 0.03032 0.06751 -0.12610 0.06091 0.06985 -0.01324 -0.00325 0.08690 0.05299 -0.00368 0.01422 0.6861742 -0.4340499 -0.0055294 0.5837252 0.7884597 -0.1427192 0.4345452 -0.411258
0.16576 -0.07042 1.81299 -0.21708 0.11278 1.75468 0.00996 -0.03351 0.05686 -0.00593 0.06380 0.05780 0.06288 0.07020 0.00197 0.00035 0.07818 0.06457 -0.00872 0.01158 0.6388448 -0.2847744 -0.2072157 0.6839901 0.8053458 -0.051364 0.4675539 -0.3607952
0.16825 -0.08634 1.79489 -0.22359 0.16707 1.7443 0.00249 -0.01592 -0.01810 -0.00651 0.05429 -0.01038 0.05161 0.06856 -0.01127 -0.00164 0.06389 0.07575 -0.01429 0.01118 0.7194477 -0.3038005 -0.1844216 0.596732 0.7813911 -0.0232495 0.4642285 -0.4163884
0.20045 -0.09612 1.80124 -0.29362 0.23563 1.75323 0.03220 -0.00978 0.00635 -0.07003 0.06856 0.00893 0.05620 0.10999 0.00459 0.04143 0.07205 0.05480 0.00816 -0.02095 0.7444279 -0.2621236 -0.3407445 0.510893 0.3271625 0.2691475 0.8377993 -0.3444076
0.20105 -0.0916 1.73218 -0.30546 0.22026 1.67536 0.00060 0.00452 -0.06906 -0.01184 -0.01537 -0.07787 0.05474 0.11648 -0.00146 0.00649 0.07848 0.05332 0.00643 -0.00148 0.7534085 -0.2412947 -0.3292781 0.5154885 0.2504959 0.2560208 0.869014 -0.34135
0.23194 -0.0959 1.86446 -0.41951 0.13722 1.78629 0.03089 -0.00430 0.13228 -0.11405 -0.08304 0.11093 0.05996 0.09551 0.00522 -0.02097 0.08659 0.07525 0.00811 0.02193 0.7437835 -0.2061345 -0.4024626 0.4922585 0.2892056 0.2516108 0.8462057 -0.370119
0.23649 -0.08883 1.78976 -0.43159 0.00252 1.68274 0.00455 0.00707 -0.07470 -0.01208 -0.13470 -0.10355 0.06195 0.09090 0.00199 -0.00461 0.05314 0.06484 -0.03345 -0.01041 0.840342 -0.4496406 0.0356886 0.3006243 0.3457274 0.0904847 0.7872324 -0.5025439
0.23984 -0.0868 1.79464 -0.43386 -0.0308 1.67938 0.00335 0.00203 0.00488 -0.00227 -0.03332 -0.00336 0.06033 0.12717 -0.00162 0.03627 0.08583 0.06210 0.03269 -0.00274 0.7718159 -0.2610188 -0.3491807 0.4628631 0.4123542 0.0878747 0.7241792 -0.5457165
0.2412 -0.08194 1.79877 -0.4287 -0.03864 1.68323 0.00136 0.00486 0.00413 0.00516 -0.00784 0.00385 0.05649 0.11946 -0.00384 -0.00771 0.07769 0.06914 -0.00814 0.00704 0.7531756 -0.2174991 -0.4007461 0.4741553 -0.4683922 -0.1070294 -0.6829315 0.5502344
0.24409 -0.07515 1.80487 -0.42526 -0.03459 1.69389 0.00289 0.00679 0.00610 0.00344 0.00405 0.01066 0.06083 0.12068 0.00434 0.00122 0.05975 0.06573 -0.01794 -0.00341 -0.2759007 -0.1733256 0.8085173 -0.4900375 0.4304461 0.1594768 0.7324538 -0.502787
0.24269 -0.0666 1.80793 -0.41982 -0.0235 1.69779 -0.00140 0.00855 0.00306 0.00544 0.01109 0.00390 0.05992 0.11806 -0.00091 -0.00262 0.08477 0.05375 0.02502 -0.01198 0.7509292 -0.1923964 -0.4101983 0.4804438 0.3184788 0.2333439 0.806344 -0.4403761
0.24213 -0.05879 1.80773 -0.41289 -0.00959 1.69721 -0.00056 0.00781 -0.00020 0.00693 0.01391 -0.00058 0.06025 0.13115 0.00033 0.01309 0.05945 0.05393 -0.02532 0.00018 0.8568578 -0.4220669 0.0890141 0.2823662 0.3312196 0.206601 0.8090672 -0.4393401
0.22664 -0.04997 1.72513 -0.39106 0.00752 1.61511 -0.01549 0.00882 -0.08260 0.02183 0.01711 -0.08210 0.05504 0.12122 -0.00521 -0.00993 0.08481 0.05646 0.02536 0.00253 0.7628874 -0.1790643 -0.4011886 0.4743274 0.1657976 0.2262201 0.8845013 -0.3728178
0.22484 -0.05419 1.72806 -0.39275 0.00528 1.61912 -0.00180 -0.00422 0.00293 -0.00169 -0.00224 0.00401 0.05473 0.12572 -0.00031 0.00450 0.08994 0.05558 0.00513 -0.00088 0.7619593 -0.1993062 -0.3752553 0.4887519 0.2690553 0.1709412 0.8370388 -0.4446957
0.22093 -0.06085 1.70739 -0.38407 0.00051 1.59852 -0.00391 -0.00666 -0.02067 0.00868 -0.00477 -0.02060 0.05474 0.12164 0.00001 -0.00408 0.08241 0.05316 -0.00753 -0.00242 0.761302 -0.2260602 -0.3223882 0.5151523 0.0959522 0.3622058 0.8047359 -0.4604349
0.22824 -0.07256 1.77989 -0.40039 -0.00448 1.66598 0.00731 -0.01171 0.07250 -0.01632 -0.00499 0.06746 0.06081 0.12819 0.00607 0.00655 0.08758 0.08148 0.00517 0.02832 0.7463697 -0.2297403 -0.3292139 0.53082 0.4541699 0.019219 0.7421606 -0.4925017
0.22718 -0.08024 1.78147 -0.40301 -0.00589 1.667 -0.00106 -0.00768 0.00158 -0.00262 -0.00141 0.00102 0.05952 0.12733 -0.00129 -0.00086 0.08933 0.05902 0.00175 -0.02246 0.728351 -0.221458 -0.34616 0.5483015 0.2761311 0.1182636 0.8229562 -0.4821912
0.22864 -0.08577 1.78691 -0.4053 -0.00813 1.66971 0.00146 -0.00553 0.00544 -0.00229 -0.00224 0.00271 0.06117 0.12079 0.00165 -0.00654 0.09014 0.09166 0.00081 0.03264 0.7338469 -0.2329571 -0.3270473 0.5479413 0.4287636 0.0190481 0.7523909 -0.4997067
0.23011 -0.08698 1.78813 -0.40693 -0.00899 1.66474 0.00147 -0.00121 0.00122 -0.00163 -0.00086 -0.00497 0.06323 0.11934 0.00206 -0.00145 0.08653 0.05644 -0.00361 -0.03522 0.7403751 -0.2315215 -0.3285388 0.5387993 0.1440746 0.3108275 0.8471096 -0.406244
0.23167 -0.08647 1.79177 -0.40988 -0.00669 1.66446 0.00156 0.00051 0.00364 -0.00295 0.00230 -0.00028 0.06087 0.12626 -0.00236 0.00692 0.09738 0.05908 0.01085 0.00264 0.7623246 -0.2457824 -0.2971655 0.5197545 0.3991081 0.1701135 0.7684343 -0.4704071
0.23329 -0.08859 1.78982 -0.41158 -0.00667 1.6596 0.00162 -0.00212 -0.00195 -0.00170 0.00002 -0.00486 0.05823 0.11762 -0.00264 -0.00864 0.09079 0.06848 -0.00659 0.00940 0.7611445 -0.2491791 -0.3025091 0.5167757 0.4535782 0.1452647 0.7262782 -0.4956662
0.23299 -0.09396 1.79276 -0.41512 -0.00777 1.66135 -0.00030 -0.00537 0.00294 -0.00354 -0.00110 0.00175 0.05829 0.12466 0.00006 0.00704 0.08987 0.05598 -0.00092 -0.01250 0.7569888 -0.2605786 -0.2914861 0.5235481 0.2559259 0.2010073 0.8276857 -0.4572028
0.23182 -0.10282 1.79166 -0.41705 -0.01002 1.66361 -0.00117 -0.00886 -0.00110 -0.00193 -0.00225 0.00226 0.05667 0.13258 -0.00162 0.00792 0.09209 0.08536 0.00222 0.02938 0.7320597 -0.248336 -0.3166027 0.5497097 0.8510532 -0.4389512 -0.1763189 -0.2279078
0.23082 -0.14054 1.83421 -0.42985 -0.01611 1.70686 -0.00100 -0.03772 0.04255 -0.01280 -0.00609 0.04325 0.05967 0.12834 0.00300 -0.00424 0.08835 0.09705 -0.00374 0.01169 0.6740116 -0.2417047 -0.3348657 0.6124966 -0.7061373 0.5106946 0.490431 0.0062141
0.22963 -0.15298 1.84573 -0.43534 -0.01909 1.7185 -0.00119 -0.01244 0.01152 -0.00549 -0.00298 0.01164 0.05982 0.12591 0.00015 -0.00243 0.09164 0.09328 0.00329 -0.00377 0.6238249 -0.2416136 -0.2957514 0.6819065 0.8331164 -0.4813091 -0.2137493 -0.169026
0.22666 -0.16059 1.83874 -0.43371 -0.02301 1.71294 -0.00297 -0.00761 -0.00699 0.00163 -0.00392 -0.00556 0.06054 0.12828 0.00072 0.00237 0.08244 0.08279 -0.00920 -0.01049 0.6589243 -0.287856 -0.3009632 0.6264014 0.8312395 -0.4866361 -0.2046958 -0.1741431
0.21908 -0.16437 1.82765 -0.43471 -0.02601 1.71184 -0.00758 -0.00378 -0.01109 -0.00100 -0.00300 -0.00110 0.05925 0.13106 -0.00129 0.00278 0.07538 0.10113 -0.00706 0.01834 0.6350604 -0.269228 -0.3338687 0.6424533 0.7497962 -0.5163845 -0.412251 -0.0346676
0.21907 -0.16133 1.82557 -0.4365 -0.03043 1.71502 -0.00001 0.00304 -0.00208 -0.00179 -0.00442 0.00318 0.05802 0.12536 -0.00123 -0.00570 0.07269 0.08739 -0.00269 -0.01374 0.6122444 -0.1763065 -0.2756146 0.7197982 0.831624 -0.4908524 -0.1947217 -0.1718983
0.21734 -0.15535 1.81783 -0.43631 -0.03364 1.70975 -0.00173 0.00598 -0.00774 0.00019 -0.00321 -0.00527 0.05650 0.12630 -0.00152 0.00094 0.07382 0.10310 0.00113 0.01571 0.5929283 -0.1563594 -0.2737439 0.7409805 -0.7047951 0.5254565 0.4761792 -0.020316
0.20802 -0.14603 1.7638 -0.42743 -0.03436 1.65896 -0.00932 0.00932 -0.05403 0.00888 -0.00072 -0.05079 0.05652 0.11497 0.00002 -0.01133 0.07325 0.07692 -0.00057 -0.02618 0.8208637 -0.0623532 -0.2945336 0.4853297 0.7986943 -0.51573 -0.2991148 -0.0814886
0.2009 -0.16499 1.7712 -0.42874 -0.03606 1.66578 -0.00712 -0.01896 0.00740 -0.00131 -0.00170 0.00682 0.05385 0.11923 -0.00267 0.00426 0.07898 0.08691 0.00573 0.00999 0.6596035 -0.0607728 -0.2341397 0.7116239 0.7936643 -0.5140175 -0.3163017 -0.0763948
0.20411 -0.19804 1.82671 -0.44218 -0.03884 1.71466 0.00321 -0.03305 0.05551 -0.01344 -0.00278 0.04888 0.05425 0.11936 0.00040 0.00013 0.08695 0.08939 0.00797 0.00248 0.6337599 -0.2864438 -0.3669835 0.6177553 0.8292768 -0.4975151 -0.214017 -0.1377514
0.19516 -0.22694 1.74025 -0.41914 -0.03996 1.62605 -0.00895 -0.02890 -0.08646 0.02304 -0.00112 -0.08861 0.05634 0.11283 0.00209 -0.00653 0.07319 0.08180 -0.01376 -0.00759 0.5509873 -0.1996263 -0.3692252 0.7212732 0.8288333 -0.4997596 -0.2024252 -0.1493308
0.21152 -0.27341 1.76654 -0.42117 -0.04483 1.63093 0.01636 -0.04647 0.02629 -0.00203 -0.00487 0.00488 0.13319 0.11318 0.07685 0.00035 0.07339 0.08257 0.00020 0.00077 0.3844365 -0.0919225 -0.3500009 0.8492693 0.8237099 -0.5080859 -0.1971538 -0.156464
0.24234 -0.32963 1.8704 -0.4379 -0.04771 1.70093 0.03082 -0.05622 0.10386 -0.01673 -0.00288 0.07000 0.10590 0.11855 -0.02729 0.00537 0.06152 0.08168 -0.01187 -0.00089 0.3763795 -0.6400534 -0.072611 0.6658812 0.8245606 -0.5073374 -0.1972947 -0.1542185
0.2628 -0.37171 1.93323 -0.43964 -0.0523 1.71735 0.02046 -0.04208 0.06283 -0.00174 -0.00459 0.01642 0.10087 0.11899 -0.00503 0.00044 0.08093 0.09209 0.01941 0.01041 -0.2350083 0.9236582 -0.1362113 -0.2703204 0.7508226 -0.5420983 -0.3752539 -0.039741
0.2037 -0.40965 2.07693 -0.44183 -0.06059 1.72037 -0.05910 -0.03794 0.14370 -0.00219 -0.00829 0.00302 0.10036 0.11732 -0.00051 -0.00167 0.10387 0.08524 0.02294 -0.00685 -0.2380589 0.6063621 -0.4537982 -0.6080461 0.791455 -0.5215831 -0.2470279 -0.2013139
0.20921 -0.20617 2.1015 -0.44156 -0.06783 1.73347 0.00551 0.20348 0.02457 0.00027 -0.00724 0.01310 0.08318 0.11369 -0.01718 -0.00363 0.10569 0.10118 0.00182 0.01594 -0.1141002 0.6183817 -0.5691042 -0.5298165 0.7422993 -0.554373 -0.3642648 -0.0947288
0.26904 -0.1423 2.02708 -0.4368 -0.06838 1.72432 0.05983 0.06387 -0.07442 0.00476 -0.00055 -0.00915 0.12116 0.11622 0.03798 0.00253 0.07500 0.09034 -0.03069 -0.01084 0.1140962 0.8971183 -0.4205335 0.0728854 0.7649298 -0.5428277 -0.3295178 -0.1078825
0.34948 -0.14839 2.01055 -0.43835 -0.07031 1.74138 0.08044 -0.00609 -0.01653 -0.00155 -0.00193 0.01706 0.08642 0.11642 -0.03474 0.00020 0.06320 0.09424 -0.01180 0.00390 -0.210717 0.9468633 -0.2405097 -0.0346872 0.7307615 -0.5453132 -0.4059338 -0.0619589
0.39023 -0.21167 2.01031 -0.44026 -0.07326 1.74881 0.04075 -0.06328 -0.00024 -0.00191 -0.00295 0.00743 0.10242 0.11762 0.01600 0.00120 0.08873 0.08376 0.02553 -0.01048 -0.4219188 0.8386362 -0.3283887 -0.10409 0.7792584 -0.5392409 -0.2837735 -0.1464515
0.42527 -0.2662 2.00955 -0.44027 -0.07482 1.74327 0.03504 -0.05453 -0.00076 -0.00001 -0.00156 -0.00554 0.09573 0.11905 -0.00669 0.00143 0.11486 0.10190 0.02613 0.01814 0.1059619 0.1011761 -0.3274204 0.9334514 -0.6740561 0.6246707 0.3893071 0.0622473
0.39121 -0.32845 2.08726 -0.44285 -0.08343 1.75408 -0.03406 -0.06225 0.07771 -0.00258 -0.00861 0.01081 0.08571 0.11271 -0.01002 -0.00634 0.10711 0.10752 -0.00775 0.00562 0.2784169 0.1577843 -0.1902571 0.9281111 -0.683225 0.5987393 0.4178187 0.0119304
0.33273 -0.29386 2.10565 -0.44042 -0.08468 1.74677 -0.05848 0.03459 0.01839 0.00243 -0.00125 -0.00731 0.08995 0.10867 0.00424 -0.00404 0.09937 0.08571 -0.00774 -0.02181 0.5099228 0.2386166 -0.1463558 0.8134007 0.757283 -0.5450785 -0.2928933 -0.2088666
0.23631 -0.23121 2.1226 -0.43684 -0.08492 1.73864 -0.09642 0.06265 0.01695 0.00358 -0.00024 -0.00813 0.11609 0.10552 0.02614 -0.00315 0.07183 0.10344 -0.02754 0.01773 0.5823319 0.1273993 0.1367261 0.7911795 0.7111606 -0.5643448 -0.3882776 -0.1581331
0.226 -0.07741 1.97935 -0.41567 -0.07473 1.66902 -0.01031 0.15380 -0.14325 0.02117 0.01019 -0.06962 0.10197 0.10258 -0.01412 -0.00294 0.09703 0.09694 0.02520 -0.00650 0.5926073 0.2621563 0.1284123 0.7507336 -0.5902264 0.725963 0.3275371 0.1316436
0.28973 -0.01118 2.00777 -0.43184 -0.07856 1.73654 0.06373 0.06623 0.02842 -0.01617 -0.00383 0.06752 0.08545 0.11044 -0.01652 0.00786 0.11625 0.06012 0.01922 -0.03682 0.906804 -0.1961714 -0.228897 0.2946683 0.7352545 -0.5506009 -0.3952318 -0.0056002
0.29516 0.0232 1.9679 -0.42697 -0.07772 1.71825 0.00543 0.03438 -0.03987 0.00487 0.00084 -0.01829 0.08505 0.11611 -0.00040 0.00567 0.07638 0.09222 -0.03987 0.03210 -0.3023282 0.4775966 0.7966262 -0.2142099 0.7780332 -0.5482657 -0.2970506 -0.0763545
0.29251 0.04222 1.88281 -0.41315 -0.07499 1.65587 -0.00265 0.01902 -0.08509 0.01382 0.00273 -0.06238 0.08469 0.10606 -0.00036 -0.01005 0.06670 0.07995 -0.00968 -0.01227 0.8300511 -0.2480965 -0.2234059 0.4467138 0.7508572 -0.5410371 -0.3362792 -0.1743805
0.27424 0.07311 1.76419 -0.38999 -0.07013 1.55953 -0.01827 0.03089 -0.11862 0.02316 0.00486 -0.09634 0.07691 0.10648 -0.00778 0.00042 0.08246 0.08590 0.01576 0.00595 0.8659722 -0.2738407 -0.1794231 0.3780356 0.7058972 -0.6597615 -0.2261835 -0.1235507
0.28171 0.07978 1.77903 -0.39007 -0.07138 1.57371 0.00747 0.00667 0.01484 -0.00008 -0.00125 0.01418 0.08257 0.10719 0.00566 0.00071 0.06910 0.07357 -0.01336 -0.01233 0.8727007 -0.2709245 -0.2006729 0.3531628 0.715794 -0.6334998 -0.1482828 -0.253632
0.28924 0.07653 1.76622 -0.39083 -0.07061 1.56266 0.00753 -0.00325 -0.01281 -0.00076 0.00077 -0.01105 0.09347 0.10096 0.01090 -0.00623 0.07413 0.09188 0.00503 0.01831 0.8832533 -0.3035752 -0.1661863 0.3163666 -0.6891857 0.6741518 0.2488617 0.0927926
0.30321 0.07795 1.80871 -0.40042 -0.06665 1.60413 0.01397 0.00142 0.04249 -0.00959 0.00396 0.04147 0.09784 0.11220 0.00437 0.01124 0.07128 0.07824 -0.00285 -0.01364 0.8844788 -0.2876692 -0.2074619 0.3031553 0.720066 -0.5459428 -0.2010796 -0.3781778
0.31017 0.07978 1.80579 -0.40307 -0.06569 1.60961 0.00696 0.00183 -0.00292 -0.00265 0.00096 0.00548 0.09497 0.10539 -0.00287 -0.00681 0.05977 0.06767 -0.01151 -0.01057 0.9034917 -0.247923 -0.2076359 0.2812901 0.7511795 -0.5248435 -0.2323449 -0.3260134
0.31487 0.07735 1.78611 -0.39918 -0.06243 1.59909 0.00470 -0.00243 -0.01968 0.00389 0.00326 -0.01052 0.09587 0.11023 0.00090 0.00484 0.05549 0.08326 -0.00428 0.01559 0.9104633 -0.2749293 -0.2027117 0.2331917 0.8049012 -0.4489805 -0.0733146 -0.3810194
0.34348 0.08518 1.92577 -0.43319 -0.06615 1.72886 0.02861 0.00783 0.13966 -0.03401 -0.00372 0.12977 0.10453 0.12089 0.00866 0.01066 0.07094 0.08429 0.01545 0.00103 0.9333608 -0.2572592 -0.141877 0.2062194 0.80907 -0.4584339 -0.0788863 -0.3591951
0.3126 0.06401 1.80035 -0.40565 -0.06073 1.63279 -0.03088 -0.02117 -0.12542 0.02754 0.00542 -0.09607 0.09640 0.10897 -0.00813 -0.01192 0.08556 0.07364 0.01462 -0.01065 0.9475619 -0.2326655 -0.058288 0.2111768 0.7954063 -0.4987023 -0.1896501 -0.2875025
0.312 0.04106 1.85259 -0.42142 -0.06476 1.70562 -0.00060 -0.02295 0.05224 -0.01577 -0.00403 0.07283 0.10551 0.11789 0.00911 0.00892 0.05988 0.07506 -0.02568 0.00142 0.8844111 -0.1088624 -0.3373358 0.303596 0.796006 -0.4957911 -0.1922379 -0.2891544
0.29568 -0.0008 1.81925 -0.42185 -0.06997 1.70379 -0.01632 -0.04186 -0.03334 -0.00043 -0.00521 -0.00183 0.10929 0.12028 0.00378 0.00239 0.05345 0.07435 -0.00643 -0.00071 0.8840351 -0.1308042 -0.3207634 0.3138203 0.7961227 -0.5029015 -0.178899 -0.2850859
0.28152 -0.03976 1.78581 -0.41578 -0.07295 1.69584 -0.01416 -0.03896 -0.03344 0.00607 -0.00298 -0.00795 0.10479 0.10786 -0.00450 -0.01242 0.06024 0.08301 0.00679 0.00866 0.8902811 -0.2030623 -0.2702836 0.3051426 0.7286975 -0.5528845 -0.3566842 -0.1899866
0.26927 -0.06729 1.76062 -0.41258 -0.07642 1.68439 -0.01225 -0.02753 -0.02519 0.00320 -0.00347 -0.01145 0.09976 0.11259 -0.00503 0.00473 0.04623 0.07922 -0.01401 -0.00379 0.8819927 -0.2223165 -0.2776654 0.3091376 0.7379194 -0.538156 -0.3326217 -0.2350017
0.26192 -0.07945 1.75507 -0.40924 -0.07834 1.67924 -0.00735 -0.01216 -0.00555 0.00334 -0.00192 -0.00515 0.09919 0.11147 -0.00057 -0.00112 0.05136 0.08242 0.00513 0.00320 0.9196189 -0.2584083 -0.1473597 0.2565372 0.7616525 -0.5206121 -0.2607478 -0.2843576
0.25678 -0.07724 1.74506 -0.40314 -0.07934 1.66874 -0.00514 0.00221 -0.01001 0.00610 -0.00100 -0.01050 0.10141 0.11345 0.00222 0.00198 0.05950 0.09349 0.00814 0.01107 0.9365354 -0.236628 -0.1454843 0.2138763 0.700626 -0.560223 -0.3794839 -0.2264186
0.24924 -0.06848 1.6911 -0.3873 -0.07555 1.61621 -0.00754 0.00876 -0.05396 0.01584 0.00379 -0.05253 0.09660 0.10165 -0.00481 -0.01180 0.04666 0.07663 -0.01284 -0.01686 0.9353876 -0.2149145 -0.1940704 0.2029745 0.7688988 -0.5324606 -0.2048764 -0.2886277
0.25619 -0.06505 1.74553 -0.40101 -0.07483 1.66571 0.00695 0.00343 0.05443 -0.01371 0.00072 0.04950 0.10243 0.10761 0.00583 0.00596 0.04891 0.09119 0.00225 0.01456 0.8907858 -0.163996 -0.3571374 0.2281642 0.6975721 -0.569079 -0.3698464 -0.2296867
0.25875 -0.06192 1.74883 -0.40191 -0.0712 1.67007 0.00256 0.00313 0.00330 -0.00090 0.00363 0.00436 0.10547 0.11720 0.00304 0.00959 0.04942 0.08142 0.00051 -0.00977 0.8322833 -0.1357156 -0.4838922 0.2339533 0.7154031 -0.5500048 -0.3641523 -0.2304047
0.26339 -0.05602 1.75496 -0.40217 -0.06471 1.676 0.00464 0.00590 0.00613 -0.00026 0.00649 0.00593 0.10814 0.11069 0.00267 -0.00651 0.05832 0.07380 0.00890 -0.00762 0.9560775 -0.2182607 -0.1321993 0.1442271 0.7980011 -0.4592164 -0.1798519 -0.3463636
0.26713 -0.05582 1.76199 -0.40395 -0.06223 1.68274 0.00374 0.00020 0.00703 -0.00178 0.00248 0.00674 0.10743 0.10917 -0.00071 -0.00152 0.04896 0.08563 -0.00936 0.01183 0.8379378 -0.1578924 -0.4775829 0.2117662 0.8020332 -0.4537172 -0.1911631 -0.3381421
0.26833 -0.05732 1.76603 -0.40505 -0.06408 1.68655 0.00120 -0.00150 0.00404 -0.00110 -0.00185 0.00381 0.10284 0.10961 -0.00459 0.00044 0.04987 0.07772 0.00091 -0.00791 0.8542868 -0.1748225 -0.4371833 0.2202314 0.7910886 -0.4719867 -0.2122754 -0.3261081
0.26959 -0.06171 1.76944 -0.40703 -0.06739 1.68952 0.00126 -0.00439 0.00341 -0.00198 -0.00331 0.00297 0.10286 0.11522 0.00002 0.00561 0.04724 0.08206 -0.00263 0.00434 0.8924237 -0.2007782 -0.3477618 0.2057421 0.7937603 -0.470973 -0.1997575 -0.3289773
0.26835 -0.06662 1.771 -0.40632 -0.06784 1.68902 -0.00124 -0.00491 0.00156 0.00071 -0.00045 -0.00050 0.10420 0.10751 0.00134 -0.00771 0.04931 0.08995 0.00207 0.00789 0.8541594 -0.1828519 -0.4225791 0.2416691 0.7972502 -0.463222 -0.1791369 -0.3431146
0.26391 -0.07171 1.76444 -0.40277 -0.07205 1.6817 -0.00444 -0.00509 -0.00656 0.00355 -0.00421 -0.00732 0.10385 0.11197 -0.00035 0.00446 0.04953 0.08661 0.00022 -0.00334 0.9388481 -0.2508925 -0.1302034 0.1966323 0.785281 -0.4721565 -0.1911168 -0.3519608
0.24982 -0.08096 1.72529 -0.39168 -0.07519 1.64437 -0.01409 -0.00925 -0.03915 0.01109 -0.00314 -0.03733 0.10019 0.11432 -0.00366 0.00235 0.04739 0.08421 -0.00214 -0.00240 0.8815036 -0.2026618 -0.3196443 0.2823246 0.8018642 -0.5038412 -0.1961605 -0.2543206
0.25488 -0.0945 1.81366 -0.41001 -0.08476 1.72808 0.00506 -0.01354 0.08837 -0.01833 -0.00957 0.08371 0.10431 0.11062 0.00412 -0.00370 0.04696 0.07632 -0.00043 -0.00789 0.9081528 -0.2358793 -0.2001553 0.2820591 0.765081 -0.5149348 -0.182583 -0.3408175
0.23637 -0.10336 1.7491 -0.39146 -0.0857 1.66664 -0.01851 -0.00886 -0.06456 0.01855 -0.00094 -0.06144 0.10331 0.11259 -0.00100 0.00197 0.04360 0.08668 -0.00336 0.01036 0.8799032 -0.2193977 -0.2450233 0.3429265 0.7345294 -0.5551968 -0.334894 -0.2001732
0.22929 -0.11745 1.79772 -0.40023 -0.09429 1.72024 -0.00708 -0.01409 0.04862 -0.00877 -0.00859 0.05360 0.10397 0.09997 0.00066 -0.01262 0.05359 0.07411 0.00999 -0.01257 0.918894 -0.3070679 -0.0025754 0.2476622 0.7753702 -0.4903119 -0.2404401 -0.3171495
0.21916 -0.12384 1.84271 -0.40746 -0.10847 1.77432 -0.01013 -0.00639 0.04499 -0.00723 -0.01418 0.05408 0.10815 0.12000 0.00418 0.02003 0.07122 0.09384 0.01763 0.01973 0.9219772 -0.3227493 0.0818185 0.1977292 0.7250343 -0.5938595 -0.3411241 0.072736
0.1473 -0.00321 1.67824 -0.35926 -0.12211 1.66663 -0.07186 0.12063 -0.16447 0.04820 -0.01364 -0.10769 0.10895 0.10708 0.00080 -0.01292 0.07521 0.09981 0.00399 0.00597 0.8944668 -0.2819175 0.3378552 0.0794078 0.8448505 -0.3419367 -0.3983453 0.1030918
0.11581 0.04831 1.67644 -0.34786 -0.12683 1.67047 -0.03149 0.05152 -0.00180 0.01140 -0.00472 0.00384 0.10508 0.11484 -0.00387 0.00776 0.04213 0.07317 -0.03308 -0.02664 0.9191145 -0.0419418 -0.2962767 0.2563001 0.832698 -0.4464647 -0.0800975 -0.3175969
0.05283 0.19295 1.68855 -0.34164 -0.12993 1.70592 -0.06298 0.14464 0.01211 0.00622 -0.00310 0.03545 0.08619 0.11830 -0.01889 0.00346 0.04349 0.09479 0.00136 0.02162 0.9115741 -0.1116333 -0.3759536 0.123408 0.7595887 -0.5781984 -0.2817006 -0.0967283
0.00172 0.23669 1.70909 -0.32939 -0.12997 1.70615 -0.05111 0.04374 0.02054 0.01225 -0.00004 0.00023 0.11301 0.12168 0.02682 0.00338 0.03736 0.08925 -0.00613 -0.00554 0.8786407 -0.0588967 -0.4282566 0.2027753 0.783472 -0.5545745 -0.2326653 -0.1564782
-0.06465 0.2821 1.65569 -0.30458 -0.12261 1.63444 -0.06637 0.04541 -0.05340 0.02481 0.00736 -0.07171 0.10517 0.11275 -0.00784 -0.00893 0.03673 0.10314 -0.00063 0.01389 0.8375203 -0.017977 -0.5197199 0.1677134 0.7286664 -0.5714311 -0.3723132 -0.062407
-0.12918 0.30506 1.68062 -0.29269 -0.1166 1.63404 -0.06453 0.02296 0.02493 0.01189 0.00601 -0.00040 0.10831 0.12628 0.00314 0.01353 0.06626 0.09876 0.02953 -0.00438 -0.4153973 -0.3045843 0.840102 -0.170006 0.8406674 -0.2421297 -0.4642089 0.1384256
-0.19277 0.30266 1.70716 -0.28514 -0.11267 1.63137 -0.06359 -0.00240 0.02654 0.00755 0.00393 -0.00267 0.11292 0.12799 0.00461 0.00171 0.07202 0.07384 0.00576 -0.02492 -0.1883037 -0.3183911 0.9232686 -0.1036535 0.8380627 -0.4239877 -0.3171149 -0.1316183
-0.27197 0.30317 1.84136 -0.29741 -0.11557 1.73196 -0.07920 0.00051 0.13420 -0.01227 -0.00290 0.10059 0.10754 0.13126 -0.00538 0.00327 0.06523 0.07902 -0.00679 0.00518 -0.4482312 -0.2789793 0.8349881 -0.1550943 0.8021888 -0.5334198 -0.2178477 -0.1565209
-0.30017 0.22387 1.84215 -0.29073 -0.11315 1.70836 -0.02820 -0.07930 0.00079 0.00668 0.00242 -0.02360 0.09211 0.12377 -0.01543 -0.00749 0.08146 0.09466 0.01623 0.01564 -0.3664299 -0.3248502 0.8531912 -0.1796282 0.7480705 -0.5528627 -0.3626225 -0.0569045
-0.34134 0.17689 1.80625 -0.28254 -0.11349 1.65607 -0.04117 -0.04698 -0.03590 0.00819 -0.00034 -0.05229 0.11907 0.12904 0.02696 0.00527 0.07327 0.09532 -0.00819 0.00066 -0.1152384 -0.3825887 0.9126796 -0.0858014 0.783074 -0.562951 -0.2485761 0.0899522
-0.34242 -0.08517 1.78576 -0.2938 -0.13576 1.67508 -0.00108 -0.26206 -0.02049 -0.01126 -0.02227 0.01901 0.08468 0.12703 -0.03439 -0.00201 0.11686 0.05558 0.04359 -0.03974 -0.0008041 -0.5285406 0.848552 0.02457 0.6532888 -0.4458186 -0.338358 0.5098758
-0.30726 -0.14013 1.6078 -0.28751 -0.13725 1.59312 0.03516 -0.05496 -0.17796 0.00629 -0.00149 -0.08196 0.08964 0.11779 0.00496 -0.00924 0.07030 0.07815 -0.04656 0.02257 -0.0583468 -0.6366026 0.7688307 0.0152303 0.37206 0.7700053 -0.2268294 0.4660596
-0.32311 -0.12318 1.68245 -0.29674 -0.13509 1.63727 -0.01585 0.01695 0.07465 -0.00923 0.00216 0.04415 0.05568 0.12654 -0.03396 0.00875 0.08054 0.07875 0.01024 0.00060 0.3105785 -0.5387409 0.7652456 0.1664286 0.7990003 0.3868043 -0.4303937 0.1635303
-0.32822 -0.11935 1.66997 -0.29707 -0.1288 1.6267 -0.00511 0.00383 -0.01248 -0.00033 0.00629 -0.01057 0.05802 0.12823 0.00234 0.00169 0.07493 0.05698 -0.00561 -0.02177 0.1365556 -0.5829754 0.795736 0.0910847 0.8903971 0.2400404 -0.3165596 0.2221792
-0.32879 -0.09203 1.7813 -0.30652 -0.13046 1.67237 -0.00057 0.02732 0.11133 -0.00945 -0.00166 0.04567 0.10269 0.12925 0.04467 0.00102 0.10340 0.08335 0.02847 0.02637 -0.0450654 -0.5034527 0.8624982 0.0245231 0.8595673 0.2578371 -0.4407769 0.019486
-0.34056 -0.08617 1.77902 -0.30468 -0.12961 1.66205 -0.01177 0.00586 -0.00228 0.00184 0.00085 -0.01032 0.09839 0.12360 -0.00430 -0.00565 0.11590 0.07823 0.01250 -0.00512 -0.0151529 -0.5103614 0.8568059 0.0720087 0.8428103 0.1876848 -0.4979928 0.0803023
-0.30603 -0.11045 1.65908 -0.30186 -0.12693 1.62808 0.03453 -0.02428 -0.11994 0.00282 0.00268 -0.03397 0.04214 0.12282 -0.05625 -0.00078 0.08678 0.07934 -0.02912 0.00111 0.4996725 -0.455992 0.6759064 0.2924881 0.8207604 0.204581 -0.4923096 0.2052565
-0.30537 -0.11738 1.61254 -0.29834 -0.12452 1.60506 0.00066 -0.00693 -0.04654 0.00352 0.00241 -0.02302 0.06270 0.11750 0.02056 -0.00532 0.06582 0.07175 -0.02096 -0.00759 0.0523176 -0.567575 0.8210955 -0.0303913 0.8479728 0.0683701 -0.4318898 0.2995648
-0.30897 -0.08929 1.82349 -0.31566 -0.13061 1.68492 -0.00360 0.02809 0.21095 -0.01732 -0.00609 0.07986 0.11615 0.12540 0.05345 0.00790 0.13350 0.07091 0.06768 -0.00084 -0.0714282 -0.4803728 0.8701326 0.0837209 0.8204727 0.0616772 -0.4495464 0.3477477
-0.31303 -0.1005 1.64576 -0.30367 -0.12378 1.61633 -0.00406 -0.01121 -0.17773 0.01199 0.00683 -0.06859 0.04909 0.12642 -0.06706 0.00102 0.08324 0.06592 -0.05026 -0.00499 0.4397868 -0.4706609 0.7208974 0.255681 0.8331948 -0.0527928 -0.3428937 0.430608
-0.38663 -0.00799 1.83566 -0.30689 -0.1222 1.69208 -0.07360 0.09251 0.18990 -0.00322 0.00158 0.07575 0.11349 0.12461 0.06440 -0.00181 0.17716 0.11042 0.09392 0.04450 0.2152886 -0.420755 0.8810542 0.0189591 0.9304056 0.1120978 -0.3460151 -0.0453109
-0.36419 -0.02598 1.79673 -0.28493 -0.10926 1.64982 0.02244 -0.01799 -0.03893 0.02196 0.01294 -0.04226 0.12803 0.10121 0.01454 -0.02340 0.15389 0.09323 -0.02327 -0.01719 -0.0467477 -0.4303067 0.8959035 -0.1000382 0.7563413 -0.302406 -0.5740211 -0.0836563
-0.36413 0.01395 1.8257 -0.27564 -0.09902 1.64089 0.00006 0.03993 0.02897 0.00929 0.01024 -0.00893 0.09979 0.09166 -0.02824 -0.00955 0.09052 0.09214 -0.06337 -0.00109 -0.0315627 -0.373292 0.9271526 0.0067034 0.817744 -0.2611466 -0.4884359 0.1566124
-0.33459 0.0136 1.76505 -0.27336 -0.09401 1.58676 0.02954 -0.00035 -0.06065 0.00228 0.00501 -0.05413 0.10205 0.09256 0.00226 0.00090 0.09170 0.09762 0.00118 0.00548 -0.1474896 -0.3731342 0.8748795 0.2712997 0.7764588 -0.3321257 -0.5235956 -0.1124811
-0.33227 0.02724 1.85235 -0.27854 -0.09024 1.61933 0.00232 0.01364 0.08730 -0.00518 0.00377 0.03257 0.08187 0.09521 -0.02018 0.00265 0.05913 0.08641 -0.03257 -0.01121 0.4216934 -0.3147425 0.8099493 0.2590249 0.7507908 -0.3183356 -0.5601497 -0.1456295
-0.16059 -0.11645 1.98804 -0.29261 -0.07976 1.70712 0.17168 -0.14369 0.13569 -0.01407 0.01048 0.08779 0.15496 0.09771 0.07309 0.00250 0.12486 0.07555 0.06573 -0.01086 -0.2272318 -0.4087318 0.7985605 0.3789527 0.8604774 -0.2836558 -0.3712273 -0.2032448
-0.1563 -0.13974 2.03801 -0.31864 -0.11433 1.76985 0.00429 -0.02329 0.04997 -0.02603 -0.03457 0.06273 0.12101 0.11333 -0.03395 0.01562 0.09254 0.09466 -0.03232 0.01911 -0.2371605 -0.5199589 0.7326832 0.3695578 0.8574036 -0.3542296 -0.2204246 -0.3013195
-0.13493 -0.18652 2.12326 -0.31423 -0.14632 1.83501 0.02137 -0.04678 0.08525 0.00441 -0.03199 0.06516 0.13457 0.10127 0.01356 -0.01206 0.12523 0.09312 0.03269 -0.00154 -0.1104076 -0.4620056 0.7576878 0.4475155 0.8202425 -0.491907 -0.0532209 -0.2870492
-0.0605 -0.29687 1.84647 -0.2131 -0.28988 1.68531 0.07443 -0.11035 -0.27679 0.10113 -0.14356 -0.14970 0.19269 0.06207 0.05812 -0.03920 0.10046 0.06139 -0.02477 -0.03173 -0.1987288 -0.4780403 0.835296 0.1851075 0.7103295 -0.2721305 0.3851138 -0.5225556
0.01254 -0.41919 1.93235 -0.22508 -0.398 1.86123 0.07304 -0.12232 0.08588 -0.01198 -0.10812 0.17592 0.07246 0.07185 -0.12023 0.00978 0.07219 0.06579 -0.02827 0.00440 0.3756151 -0.5892161 0.7133459 -0.0536228 0.7091533 -0.4008055 0.216344 -0.5381932
0.08527 -0.47158 1.80711 -0.19062 -0.45392 1.78017 0.07273 -0.05239 -0.12524 0.03446 -0.05592 -0.08106 0.09851 0.07138 0.02605 -0.00047 0.05366 0.07077 -0.01853 0.00498 -0.6227902 0.6678312 -0.398875 -0.08386 -0.41506 0.0413466 -0.5219933 0.7440017
0.15657 -0.53466 1.71346 -0.16253 -0.53974 1.72049 0.07130 -0.06308 -0.09365 0.02809 -0.08582 -0.05968 0.11758 0.08898 0.01907 0.01760 0.08507 0.08315 0.03141 0.01238 -0.4115498 0.8961022 -0.1658714 0.0106925 -0.2797883 -0.1383123 -0.2770915 0.9087401
0.2316 -0.60861 1.83949 -0.16293 -0.59683 1.81208 0.07503 -0.07395 0.12603 -0.00040 -0.05709 0.09159 0.15138 0.11720 0.03380 0.02822 0.09749 0.07969 0.01242 -0.00346 -0.587321 0.6966807 -0.3450045 0.2250822 -0.1334557 0.6065603 0.5419079 -0.5662244
0.40574 -0.61071 1.83684 -0.14976 -0.6211 1.81524 0.17414 -0.00210 -0.00265 0.01317 -0.02427 0.00316 0.11004 0.12565 -0.04134 0.00845 0.05750 0.08362 -0.03999 0.00393 0.6257725 -0.5333824 0.311913 -0.4760485 -0.1672166 0.6281216 0.5363992 -0.5383101
0.44871 -0.66011 1.96068 -0.15484 -0.64107 1.87959 0.04297 -0.04940 0.12384 -0.00508 -0.01997 0.06435 0.07746 0.12928 -0.03258 0.00363 0.09725 0.08688 0.03975 0.00326 -0.5021039 0.5493168 -0.3379072 0.576161 -0.1644048 0.6019975 0.5500085 -0.5550321
0.48875 -0.67528 1.98428 -0.15561 -0.63708 1.8743 0.04004 -0.01517 0.02360 -0.00077 0.00399 -0.00529 0.10253 0.12779 0.02507 -0.00149 0.07705 0.08542 -0.02020 -0.00146 0.5451659 -0.6486986 0.1285146 -0.5152361 -0.1862688 0.6053408 0.5497112 -0.544687
0.55244 -0.71032 1.91264 -0.15015 -0.61609 1.81238 0.06369 -0.03504 -0.07164 0.00546 0.02099 -0.06192 0.11447 0.12020 0.01194 -0.00759 0.07885 0.08296 0.00180 -0.00246 -0.5247096 0.8238962 0.1786544 0.1181419 -0.1962475 0.6075164 0.5498362 -0.5386007
0.53891 -0.69582 1.87505 -0.14367 -0.59773 1.75836 -0.01353 0.01450 -0.03759 0.00648 0.01836 -0.05402 0.11403 0.11451 -0.00044 -0.00569 0.08613 0.08039 0.00728 -0.00257 -0.4465054 0.856386 0.2542397 0.0509716 -0.2425713 0.6203462 0.524364 -0.5304452
0.5533 -0.71687 1.88294 -0.14358 -0.60541 1.77678 0.01439 -0.02105 0.00789 0.00009 -0.00768 0.01842 0.11546 0.11486 0.00143 0.00035 0.11755 0.08274 0.03142 0.00235 -0.3353326 0.8266553 0.3843407 -0.2376457 -0.2111567 0.6186428 0.5183815 -0.5513389
0.57284 -0.74688 1.94497 -0.1554 -0.6299 1.8462 0.01954 -0.03001 0.06203 -0.01182 -0.02449 0.06942 0.12249 0.12402 0.00703 0.00916 0.11392 0.08661 -0.00363 0.00387 -0.3432937 0.8040633 0.3955647 -0.2813542 -0.1423744 0.5769602 0.5662073 -0.5711881
0.57193 -0.74563 1.93002 -0.15382 -0.62926 1.84479 -0.00091 0.00125 -0.01495 0.00158 0.00064 -0.00141 0.11398 0.12200 -0.00851 -0.00202 0.10551 0.08448 -0.00841 -0.00213 -0.3524794 0.7825417 0.4103075 -0.3082766 -0.1791541 0.6202453 0.5395278 -0.5404714
0.5647 -0.75086 1.93483 -0.15484 -0.63512 1.85902 -0.00723 -0.00523 0.00481 -0.00102 -0.00586 0.01423 0.11791 0.11939 0.00393 -0.00261 0.08580 0.08513 -0.01971 0.00065 -0.2950519 0.6958425 0.4623596 -0.4636498 -0.177351 0.6090237 0.5479965 -0.5452858
0.56724 -0.73931 1.87507 -0.15094 -0.62066 1.81666 0.00254 0.01155 -0.05976 0.00390 0.01446 -0.04236 0.13003 0.11622 0.01212 -0.00317 0.08144 0.08379 -0.00436 -0.00134 -0.3964831 0.765251 0.4336686 -0.2629138 -0.1780795 0.6063809 0.5511566 -0.5448086
0.56985 -0.73952 1.87392 -0.15178 -0.62125 1.82119 0.00261 -0.00021 -0.00115 -0.00084 -0.00059 0.00453 0.12815 0.11861 -0.00188 0.00239 0.09129 0.08445 0.00985 0.00066 -0.3428047 0.7233905 0.4887775 -0.3468252 -0.1780303 0.6050962 0.5529695 -0.5444157
0.56449 -0.74152 1.87653 -0.15231 -0.62094 1.82042 -0.00536 -0.00200 0.00261 -0.00053 0.00031 -0.00077 0.13345 0.11586 0.00530 -0.00275 0.06920 0.08349 -0.02209 -0.00096 -0.2424282 0.6441074 0.5370743 -0.4877556 -0.1792437 0.6043387 0.5535643 -0.5442547
0.56635 -0.7408 1.87394 -0.15253 -0.62082 1.82004 0.00186 0.00072 -0.00259 -0.00022 0.00012 -0.00038 0.12871 0.12123 -0.00474 0.00537 0.07564 0.08330 0.00644 -0.00019 -0.1908161 0.5926428 0.5660142 -0.5403627 -0.1779082 0.603061 0.5543091 -0.5453508
0.565 -0.74215 1.87655 -0.15309 -0.62148 1.82235 -0.00135 -0.00135 0.00261 -0.00056 -0.00066 0.00231 0.12722 0.11790 -0.00149 -0.00333 0.06454 0.08330 -0.01110 0.00000 -0.176902 0.5739264 0.5711753 -0.5595292 -0.1733384 0.5982066 0.5559198 -0.5505051
0.56608 -0.74216 1.8766 -0.15495 -0.62129 1.82539 0.00108 -0.00001 0.00005 -0.00186 0.00019 0.00304 0.12304 0.11973 -0.00418 0.00183 0.06373 0.08164 -0.00081 -0.00166 -0.1453066 0.5382935 0.5870631 -0.5869269 -0.1744351 0.5992272 0.5543239 -0.550658
0.56991 -0.74374 1.88162 -0.1567 -0.62229 1.83012 0.00383 -0.00158 0.00502 -0.00175 -0.00100 0.00473 0.12682 0.11963 0.00378 -0.00010 0.06477 0.08165 0.00104 0.00001 -0.1715281 0.5859594 0.5811737 -0.5380213 -0.1691121 0.5959182 0.5541713 -0.5560367
0.57023 -0.74433 1.8822 -0.1588 -0.62205 1.83332 0.00032 -0.00059 0.00058 -0.00210 0.00024 0.00320 0.12801 0.12077 0.00119 0.00114 0.08413 0.08082 0.01936 -0.00083 -0.5704257 0.4955652 -0.2068759 0.6214757 -0.1662232 0.5969685 0.5530537 -0.5568932
0.57473 -0.74424 1.88407 -0.15987 -0.6226 1.83631 0.00450 0.00009 0.00187 -0.00107 -0.00055 0.00299 0.12260 0.11975 -0.00541 -0.00102 0.08219 0.08210 -0.00194 0.00128 0.6054963 -0.5686488 0.1242825 -0.5427399 -0.1742947 0.6079078 0.5494486 -0.5460547
0.57346 -0.74209 1.89078 -0.16032 -0.62293 1.83901 -0.00127 0.00215 0.00671 -0.00045 -0.00033 0.00270 0.11311 0.12133 -0.00949 0.00158 0.08372 0.08216 0.00153 0.00006 0.6101462 -0.5529217 0.1359893 -0.5509141 -0.1612937 0.5999684 0.5517316 -0.55643
0.57758 -0.74222 1.88959 -0.16034 -0.62384 1.83939 0.00412 -0.00013 -0.00119 -0.00002 -0.00091 0.00038 0.12745 0.11927 0.01434 -0.00206 0.08602 0.08237 0.00230 0.00021 0.6206592 -0.5676215 0.1105766 -0.5294912 -0.1530955 0.5925241 0.5529608 -0.5654302
0.57751 -0.74227 1.88743 -0.16093 -0.623 1.83982 -0.00007 -0.00005 -0.00216 -0.00059 0.00084 0.00043 0.12560 0.11945 -0.00185 0.00018 0.08551 0.08273 -0.00051 0.00036 0.6217525 -0.5783277 0.0908558 -0.5202942 -0.1498648 0.5916705 0.5535858 -0.5665768
0.5768 -0.74245 1.88888 -0.16119 -0.62274 1.84149 -0.00071 -0.00018 0.00145 -0.00026 0.00026 0.00167 0.12793 0.12057 0.00233 0.00112 0.08321 0.08323 -0.00230 0.00050 0.620482 -0.5648289 0.1139008 -0.5319747 -0.1512219 0.594585 0.5539186 -0.5628275
0.57624 -0.74293 1.8891 -0.16143 -0.62204 1.84254 -0.00056 -0.00048 0.00022 -0.00024 0.00070 0.00105 0.12711 0.11841 -0.00082 -0.00216 0.15970 0.08328 0.07649 0.00005 -0.500297 0.2661373 -0.3831958 0.7294071 -0.1521473 0.5956016 0.5549579 -0.5604743
0.5734 -0.74271 1.89083 -0.16208 -0.62278 1.84217 -0.00284 0.00022 0.00173 -0.00065 -0.00074 -0.00037 0.10646 0.12052 -0.02065 0.00211 0.11101 0.08223 -0.04869 -0.00105 -0.5207758 0.3203553 -0.358381 0.7054985 -0.1635057 0.6051595 0.5511574 -0.5507028
0.57546 -0.74592 1.88949 -0.1621 -0.62339 1.84389 0.00206 -0.00321 -0.00134 -0.00002 -0.00061 0.00172 0.12670 0.12107 0.02024 0.00055 0.09184 0.08277 -0.01917 0.00054 0.6106273 -0.5593703 0.1439818 -0.5417641 -0.1410412 0.586372 0.555833 -0.5721232
0.57273 -0.74708 1.8925 -0.16238 -0.6241 1.84388 -0.00273 -0.00116 0.00301 -0.00028 -0.00071 -0.00001 0.12558 0.11805 -0.00112 -0.00302 0.08493 0.08239 -0.00691 -0.00038 0.6138288 -0.5795426 0.147603 -0.5153231 -0.1453118 0.5898153 0.5541613 -0.5691288
0.56577 -0.7514 1.91421 -0.16456 -0.62776 1.85722 -0.00696 -0.00432 0.02171 -0.00218 -0.00366 0.01334 0.13891 0.12023 0.01333 0.00218 0.08931 0.08367 0.00438 0.00128 0.5919129 -0.6008504 0.1639736 -0.511596 -0.1449917 0.5879088 0.5543894 -0.5709579
0.56806 -0.75254 1.91519 -0.16457 -0.62827 1.86078 0.00229 -0.00114 0.00098 -0.00001 -0.00051 0.00356 0.12997 0.12099 -0.00894 0.00076 0.09209 0.08365 0.00278 -0.00002 0.597033 -0.6011894 0.160376 -0.5063619 -0.1465781 0.5922224 0.5538321 -0.5666194
0.56932 -0.7523 1.913 -0.165 -0.62793 1.8594 0.00126 0.00024 -0.00219 -0.00043 0.00034 -0.00138 0.13574 0.12100 0.00577 0.00001 0.09077 0.08391 -0.00132 0.00026 0.595338 -0.5825276 0.1719556 -0.5259901 -0.1491634 0.5919515 0.5537152 -0.5663419
0.56748 -0.75509 1.92389 -0.16513 -0.63012 1.86564 -0.00184 -0.00279 0.01089 -0.00013 -0.00219 0.00624 0.12848 0.12107 -0.00726 0.00007 0.09350 0.08371 0.00273 -0.00020 0.5812712 -0.5853761 0.1632163 -0.5411276 -0.1455669 0.5884398 0.5554264 -0.5692542
0.56316 -0.75746 1.93194 -0.16657 -0.63198 1.87299 -0.00432 -0.00237 0.00805 -0.00144 -0.00186 0.00735 0.11603 0.11994 -0.01245 -0.00113 0.09504 0.08535 0.00154 0.00164 0.5714813 -0.5895553 0.1863023 -0.53956 -0.1410001 0.5840409 0.5560203 -0.5743314
0.56338 -0.75831 1.93227 -0.16667 -0.63267 1.87437 0.00022 -0.00085 0.00033 -0.00010 -0.00069 0.00138 0.11560 0.12129 -0.00043 0.00135 0.09479 0.08421 -0.00025 -0.00114 0.5753497 -0.6134223 0.158427 -0.5172879 -0.1425509 0.5857082 0.5558188 -0.5724426
0.56605 -0.75371 1.91485 -0.1667 -0.62952 1.86292 0.00267 0.00460 -0.01742 -0.00003 0.00315 -0.01145 0.13809 0.11978 0.02249 -0.00151 0.09750 0.08240 0.00271 -0.00181 -0.5707029 0.5528064 -0.1910055 0.5763853 -0.1450152 0.5834572 0.5557694 -0.5741678
0.56662 -0.75221 1.9103 -0.16546 -0.62819 1.85902 0.00057 0.00150 -0.00455 0.00124 0.00133 -0.00390 0.13601 0.12001 -0.00208 0.00023 0.09380 0.08470 -0.00370 0.00230 0.5846954 -0.5828328 0.1547702 -0.5426632 -0.1319404 0.5715775 0.5601637 -0.5848995
0.56279 -0.75503 1.92534 -0.16505 -0.6316 1.8659 -0.00383 -0.00282 0.01504 0.00041 -0.00341 0.00688 0.11684 0.12072 -0.01917 0.00071 0.09532 0.08393 0.00152 -0.00077 -0.5502276 0.5256724 -0.2395754 0.6029276 -0.1459704 0.5853689 0.5578926 -0.569905
0.56251 -0.75657 1.93004 -0.16591 -0.63337 1.87021 -0.00028 -0.00154 0.00470 -0.00086 -0.00177 0.00431 0.11699 0.12132 0.00015 0.00060 0.09758 0.08301 0.00226 -0.00092 0.5708535 -0.5978123 0.1761225 -0.5345349 -0.1406051 0.5820495 0.5576364 -0.5748827
0.55991 -0.7576 1.93111 -0.16644 -0.6331 1.87186 -0.00260 -0.00103 0.00107 -0.00053 0.00027 0.00165 0.12060 0.12241 0.00361 0.00109 0.08907 0.08308 -0.00851 0.00007 0.5652717 -0.6063981 0.1749621 -0.5311661 -0.1370748 0.5763104 0.5601093 -0.5790979
]
