classifier_Man_weaves_and_bumps_into_man_23430 [ 0.59762 -0.6823 1.7718 -0.45228 -0.69742 1.87255 0.59762 -0.6823 1.7718 -0.45228 -0.69742 1.87255 0.10968 0.11888 0.10968 0.11888 0.07622 0.06433 0.07622 0.06433 -0.469143 0.5433198 -0.1880607 0.6703296 -0.071813 0.9369695 -0.1640631 0.300024
0.60218 -0.6843 1.78029 -0.45172 -0.69183 1.88042 0.00456 -0.00200 0.00849 0.00056 0.00559 0.00787 0.10847 0.11477 -0.00121 -0.00411 0.06454 0.06759 -0.01168 0.00326 -0.4576463 0.4862068 -0.2118726 0.7136336 -0.079684 0.9364742 -0.1620615 0.3006701
0.59508 -0.67684 1.76217 -0.45243 -0.70764 1.85282 -0.00710 0.00746 -0.01812 -0.00071 -0.01581 -0.02760 0.10532 0.11505 -0.00315 0.00028 0.08510 0.06255 0.02056 -0.00504 -0.3664977 0.2369262 -0.3407257 0.8327373 -0.081227 0.9359429 -0.1690116 0.2980739
0.59289 -0.67471 1.76176 -0.4527 -0.70947 1.84849 -0.00219 0.00213 -0.00041 -0.00027 -0.00183 -0.00433 0.10339 0.11300 -0.00193 -0.00205 0.08415 0.06617 -0.00095 0.00362 -0.3672979 0.2403052 -0.3367654 0.8330275 -0.0811605 0.9392976 -0.169969 0.2867815
0.60091 -0.68478 1.79275 -0.45294 -0.69207 1.88569 0.00802 -0.01007 0.03099 -0.00024 0.01740 0.03720 0.10616 0.11561 0.00277 0.00261 0.09439 0.06304 0.01024 -0.00313 -0.3768845 0.2677744 -0.3173612 0.8279715 -0.0912304 0.9338177 -0.1611245 0.3061052
0.59486 -0.67601 1.77197 -0.45385 -0.70804 1.85514 -0.00605 0.00877 -0.02078 -0.00091 -0.01597 -0.03055 0.10439 0.11190 -0.00177 -0.00371 0.08754 0.06890 -0.00685 0.00586 -0.3709694 0.2405049 -0.3304771 0.8338609 -0.0890567 0.9389174 -0.1678595 0.2869256
0.59408 -0.67268 1.76821 -0.45368 -0.71128 1.84401 -0.00078 0.00333 -0.00376 0.00017 -0.00324 -0.01113 0.10852 0.11074 0.00413 -0.00116 0.08908 0.05872 0.00154 -0.01018 -0.3470688 0.1643461 -0.3592746 0.8505618 -0.0991091 0.9320689 -0.1730009 0.3024824
0.59226 -0.66914 1.77281 -0.45512 -0.71199 1.83283 -0.00182 0.00354 0.00460 -0.00144 -0.00071 -0.01118 0.11521 0.10741 0.00669 -0.00333 0.10174 0.10255 0.01266 0.04383 -0.3429655 0.1459902 -0.3666181 0.8524392 -0.1445105 0.9471487 -0.1769731 0.2251808
0.58396 -0.65843 1.74244 -0.45421 -0.72454 1.78379 -0.00830 0.01071 -0.03037 0.00091 -0.01255 -0.04904 0.10521 0.11477 -0.01000 0.00736 0.11479 0.10300 0.01305 0.00045 -0.35797 0.1780812 -0.3551297 0.8450015 -0.1580983 0.939408 -0.1851154 0.2413498
0.57165 -0.64838 1.71627 -0.45325 -0.72351 1.73787 -0.01231 0.01005 -0.02617 0.00096 0.00103 -0.04592 0.10382 0.10660 -0.00139 -0.00817 0.13226 0.06743 0.01747 -0.03557 -0.3476041 0.1952978 -0.3936831 0.8282776 -0.2204882 0.9067013 -0.2073808 0.2937193
0.5637 -0.64071 1.69388 -0.4509 -0.71614 1.70929 -0.00795 0.00767 -0.02239 0.00235 0.00737 -0.02858 0.10645 0.10616 0.00263 -0.00044 0.13382 0.06137 0.00156 -0.00606 -0.3289379 0.1751416 -0.4168286 0.8290834 -0.2677795 0.893226 -0.2070096 0.2959535
0.55677 -0.6362 1.68303 -0.45115 -0.71362 1.68419 -0.00693 0.00451 -0.01085 -0.00025 0.00252 -0.02510 0.12139 0.10236 0.01494 -0.00380 0.12968 0.05502 -0.00414 -0.00635 -0.31164 0.187065 -0.4295711 0.8266534 -0.2814985 0.8721873 -0.2166666 0.3363087
0.55149 -0.62951 1.67797 -0.44894 -0.67582 1.67559 -0.00528 0.00669 -0.00506 0.00221 0.03780 -0.00860 0.11175 0.10055 -0.00964 -0.00181 0.12945 0.07068 -0.00023 0.01566 -0.3190053 0.1773104 -0.4377314 0.8216982 -0.3498969 0.8246262 -0.2677217 0.3548081
0.54201 -0.62166 1.66417 -0.44933 -0.66258 1.64879 -0.00948 0.00785 -0.01380 -0.00039 0.01324 -0.02680 0.11588 0.10239 0.00413 0.00184 0.13707 0.07789 0.00762 0.00721 -0.2766828 0.0962713 -0.4578167 0.8393941 -0.3453833 0.834051 -0.2506979 0.3495997
0.54443 -0.63447 1.72668 -0.4681 -0.62668 1.72136 0.00242 -0.01281 0.06251 -0.01877 0.03590 0.07257 0.12913 0.10770 0.01325 0.00531 0.15369 0.10649 0.01662 0.02860 -0.2585651 0.1289825 -0.5086868 0.811015 -0.3783168 0.9111992 -0.1388765 0.0854734
0.48585 -0.58949 1.77817 -0.48103 -0.65063 1.67344 -0.05858 0.04498 0.05149 -0.01293 -0.02395 -0.04792 0.14964 0.10465 0.02051 -0.00305 0.17636 0.06477 0.02267 -0.04172 -0.1947936 0.1289317 -0.5378409 0.8100366 -0.453431 0.8348849 -0.1967868 0.2421619
0.45877 -0.58704 1.89059 -0.48162 -0.6173 1.64586 -0.02708 0.00245 0.11242 -0.00059 0.03333 -0.02758 0.10828 0.10508 -0.04136 0.00043 0.19268 0.10845 0.01632 0.04368 -0.1452508 0.1079871 -0.5866998 0.7893189 -0.3650663 0.5952432 -0.413908 0.5840311
0.47549 -0.60098 1.75924 -0.46979 -0.56035 1.60025 0.01672 -0.01394 -0.13135 0.01183 0.05695 -0.04561 0.09783 0.07608 -0.01045 -0.02900 0.15262 0.11951 -0.04006 0.01106 0.025091 -0.1071365 -0.6476268 0.7539707 -0.2411877 0.310047 -0.583322 0.7109393
0.45446 -0.60062 1.75822 -0.45516 -0.48128 1.56088 -0.02103 0.00036 -0.00102 0.01463 0.07907 -0.03937 0.09278 0.06708 -0.00505 -0.00900 0.15352 0.05741 0.00090 -0.06210 0.0422695 -0.0764371 -0.646045 0.7582852 0.2118131 -0.2539596 -0.6390497 0.694446
0.43638 -0.60467 1.76075 -0.42655 -0.37867 1.52681 -0.01808 -0.00405 0.00253 0.02861 0.10261 -0.03407 0.08326 0.07734 -0.00952 0.01026 0.15387 0.06271 0.00035 0.00530 0.0317836 -0.034687 -0.6400951 0.7668539 -0.1596786 0.2909048 0.7121838 -0.6186042
0.39632 -0.57008 1.67963 -0.36786 -0.2502 1.44749 -0.04006 0.03459 -0.08112 0.05869 0.12847 -0.07932 0.07863 0.07471 -0.00463 -0.00263 0.16242 0.06502 0.00855 0.00231 0.019904 0.0151794 -0.6479542 0.7612678 -0.2908375 0.2818613 0.7074518 -0.579206
0.37255 -0.55928 1.65507 -0.32451 -0.13423 1.43696 -0.02377 0.01080 -0.02456 0.04335 0.11597 -0.01053 0.07636 0.06877 -0.00227 -0.00594 0.15856 0.08316 -0.00386 0.01814 0.0113812 0.0669163 -0.6556568 0.7520019 -0.181427 0.3169129 0.8675029 -0.3377708
0.33946 -0.52073 1.84637 -0.28499 -0.02802 1.44425 -0.03309 0.03855 0.19130 0.03952 0.10621 0.00729 0.16438 0.07476 0.08802 0.00599 0.09205 0.10403 -0.06651 0.02087 0.5036174 -0.2239313 -0.365475 0.7501015 0.8645933 -0.3070869 0.2298652 -0.324558
0.32643 -0.52703 1.81653 -0.25503 0.07164 1.48463 -0.01303 -0.00630 -0.02984 0.02996 0.09966 0.04038 0.13718 0.12040 -0.02720 0.04564 0.06798 0.11026 -0.02407 0.00623 0.4824896 -0.272468 -0.4275502 0.7142588 0.8902197 -0.2468184 0.2148939 -0.3168758
0.32242 -0.55047 1.67387 -0.2112 0.23117 1.57007 -0.00401 -0.02344 -0.14266 0.04383 0.15953 0.08544 0.14634 0.09343 0.00916 -0.02697 0.08564 0.10348 0.01766 -0.00678 0.4584172 -0.3807067 -0.48271 0.6417998 0.8998682 -0.1259158 0.2543907 -0.3311612
0.31187 -0.5288 1.63313 -0.18113 0.29653 1.55237 -0.01055 0.02167 -0.04074 0.03007 0.06536 -0.01770 0.13594 0.09641 -0.01040 0.00298 0.07046 0.10185 -0.01518 -0.00163 0.1769103 -0.0292591 -0.6481276 0.7401198 0.9048184 -0.0774985 0.2666119 -0.3228246
0.31724 -0.53834 1.67857 -0.17046 0.35734 1.61953 0.00537 -0.00954 0.04544 0.01067 0.06081 0.06716 0.13946 0.10742 0.00352 0.01101 0.10192 0.09510 0.03146 -0.00675 0.1707414 -0.0160277 -0.6530012 0.7376856 0.925441 -0.0169673 0.2339507 -0.2975537
0.29675 -0.50704 1.60354 -0.154 0.37346 1.55858 -0.02049 0.03130 -0.07503 0.01646 0.01612 -0.06095 0.08586 0.11310 -0.05360 0.00568 0.09428 0.08759 -0.00764 -0.00751 0.2161832 -0.229796 -0.5640498 0.76309 0.9321301 0.036281 0.2366378 -0.2716978
0.30639 -0.50543 1.61983 -0.14829 0.40453 1.59317 0.00964 0.00161 0.01629 0.00571 0.03107 0.03459 0.08056 0.11773 -0.00530 0.00463 0.08641 0.09314 -0.00787 0.00555 0.1018742 -0.0504175 -0.5308016 0.8398389 0.928391 0.0598523 0.2483865 -0.2698369
0.3118 -0.5088 1.63342 -0.145 0.42306 1.62354 0.00541 -0.00337 0.01359 0.00329 0.01853 0.03037 0.08181 0.12229 0.00125 0.00456 0.10375 0.08351 0.01734 -0.00963 0.2518231 -0.3061052 -0.4718879 0.7875319 0.9303256 0.0924551 0.2400585 -0.2613777
0.31451 -0.51325 1.63253 -0.13975 0.41964 1.62579 0.00271 -0.00445 -0.00089 0.00525 -0.00342 0.00225 0.07918 0.11689 -0.00263 -0.00540 0.10124 0.08488 -0.00251 0.00137 0.2812341 -0.3105877 -0.493293 0.7623022 0.9124937 0.1084611 0.277943 -0.2798913
0.33459 -0.54199 1.70966 -0.13991 0.42605 1.70496 0.02008 -0.02874 0.07713 -0.00016 0.00641 0.07917 0.08022 0.12460 0.00104 0.00771 0.10188 0.09036 0.00064 0.00548 0.3456311 -0.2716132 -0.5639837 0.699062 0.905551 0.1138183 0.252389 -0.3214383
0.33606 -0.54779 1.70927 -0.13559 0.40115 1.70003 0.00147 -0.00580 -0.00039 0.00432 -0.02490 -0.00493 0.12749 0.11785 0.04727 -0.00675 0.10834 0.10374 0.00646 0.01338 0.1717103 -0.0708712 -0.6298074 0.7542118 0.8944415 0.0977798 0.2373571 -0.3661628
0.33443 -0.55286 1.70313 -0.13451 0.36063 1.6879 -0.00163 -0.00507 -0.00614 0.00108 -0.04052 -0.01213 0.12976 0.10994 0.00227 -0.00791 0.09512 0.07742 -0.01322 -0.02632 0.1735796 -0.0737791 -0.6229782 0.7591607 0.8840347 0.0704426 0.2619435 -0.3806652
0.33334 -0.55308 1.67872 -0.13412 0.24769 1.65643 -0.00109 -0.00022 -0.02441 0.00039 -0.11294 -0.03147 0.12965 0.09953 -0.00011 -0.01041 0.08822 0.07150 -0.00690 -0.00592 0.2168234 -0.1417159 -0.5954489 0.7604899 0.8984756 -0.0658516 0.2507125 -0.3543278
0.32691 -0.54322 1.63563 -0.12634 0.18883 1.62343 -0.00643 0.00986 -0.04309 0.00778 -0.05886 -0.03300 0.13438 0.09893 0.00473 -0.00060 0.08585 0.07973 -0.00237 0.00823 0.4648277 -0.4798417 -0.4257904 0.6102374 0.7646121 -0.1163469 0.1229332 -0.6218674
0.33299 -0.55357 1.65808 -0.12311 0.13683 1.65936 0.00608 -0.01035 0.02245 0.00323 -0.05200 0.03593 0.13893 0.08088 0.00455 -0.01805 0.08627 0.09493 0.00042 0.01520 0.4553911 -0.4784583 -0.4279044 0.6169234 0.9097667 -0.0340359 0.1966907 -0.3639766
0.32571 -0.53882 1.60793 -0.12682 0.06765 1.63238 -0.00728 0.01475 -0.05015 -0.00371 -0.06918 -0.02698 0.14290 0.09151 0.00397 0.01063 0.08873 0.07876 0.00246 -0.01617 0.4738804 -0.5228714 -0.3980006 0.5862069 0.9122555 -0.0435605 0.1910099 -0.3597327
0.32561 -0.52093 1.79448 -0.11831 0.0363 1.66604 -0.00010 0.01789 0.18655 0.00851 -0.03135 0.03366 0.12392 0.09399 -0.01898 0.00248 0.07906 0.06090 -0.00967 -0.01786 0.458529 -0.404283 -0.3528388 0.7083864 0.9089715 -0.0762241 0.0177838 -0.4094439
0.33997 -0.54242 1.85666 -0.12821 -0.02108 1.74552 0.01436 -0.02149 0.06218 -0.00990 -0.05738 0.07948 0.12673 0.09296 0.00281 -0.00103 0.08451 0.07802 0.00545 0.01712 0.4492317 -0.4078031 -0.3664749 0.7053962 0.8310237 -0.3107558 -0.346053 -0.3050866
0.33166 -0.52447 1.80433 -0.11584 -0.04177 1.69343 -0.00831 0.01795 -0.05233 0.01237 -0.02069 -0.05209 0.12346 0.07558 -0.00327 -0.01738 0.06320 0.10336 -0.02131 0.02534 0.3159439 -0.17691 -0.474328 0.8024309 0.8550164 -0.2640848 -0.2201039 -0.388279
0.34906 -0.55682 1.64727 -0.12656 -0.06764 1.69406 0.01740 -0.03235 -0.15706 -0.01072 -0.02587 0.00063 0.09291 0.06965 -0.03055 -0.00593 0.09386 0.10320 0.03066 -0.00016 0.4717102 -0.5803666 -0.3741584 0.5483334 0.8421208 -0.1042639 0.2044994 -0.4879974
0.34712 -0.55771 1.64393 -0.1366 -0.0695 1.70183 -0.00194 -0.00089 -0.00334 -0.01004 -0.00186 0.00777 0.10210 0.06842 0.00919 -0.00123 0.06841 0.09870 -0.02545 -0.00450 -0.5961798 0.7803668 0.0744364 -0.1733682 0.8874187 -0.0848762 0.1550908 -0.4257123
0.34926 -0.56206 1.6526 -0.20012 -0.06431 1.70785 0.00214 -0.00435 0.00867 -0.06352 0.00519 0.00602 0.12657 0.07692 0.02447 0.00850 0.09005 0.09702 0.02164 -0.00168 0.4646294 -0.5617845 -0.384939 0.5659857 0.9147454 -0.139107 0.2190527 -0.3096869
0.33864 -0.54306 1.59846 -0.23514 -0.0483 1.64363 -0.01062 0.01900 -0.05414 -0.03502 0.01601 -0.06422 0.11392 0.07346 -0.01265 -0.00346 0.08983 0.09966 -0.00022 0.00264 0.4572943 -0.5458043 -0.3991053 0.5776629 0.8668825 -0.1875209 0.1572671 -0.4343013
0.34754 -0.55604 1.64 -0.28983 -0.04041 1.66819 0.00890 -0.01298 0.04154 -0.05469 0.00789 0.02456 0.11667 0.07415 0.00275 0.00069 0.08865 0.09388 -0.00118 -0.00578 0.4602802 -0.5332308 -0.4069598 0.5815417 -0.2500144 0.8070845 -0.5341337 -0.0284363
0.35262 -0.55974 1.65909 -0.34186 -0.02819 1.67497 0.00508 -0.00370 0.01909 -0.05203 0.01222 0.00678 0.12056 0.07444 0.00389 0.00029 0.09433 0.07833 0.00568 -0.01555 0.4768352 -0.549413 -0.3961064 0.5602441 0.9336699 -0.3093953 0.1798604 -0.0136131
0.36289 -0.57361 1.70087 -0.39873 -0.01665 1.70828 0.01027 -0.01387 0.04178 -0.05687 0.01154 0.03331 0.12243 0.07960 0.00187 0.00516 0.09789 0.08315 0.00356 0.00482 0.4648983 -0.5342152 -0.4110397 0.574047 0.9108057 -0.3402191 0.1660245 -0.1646808
0.36176 -0.57204 1.69736 -0.44155 -0.00233 1.70146 -0.00113 0.00157 -0.00351 -0.04282 0.01432 -0.00682 0.11916 0.08050 -0.00327 0.00090 0.09379 0.10475 -0.00410 0.02160 0.4631393 -0.5262041 -0.4166324 0.5788167 0.920051 -0.3491599 0.1715404 -0.0465547
0.35517 -0.5615 1.66215 -0.47683 0.00161 1.65638 -0.00659 0.01054 -0.03521 -0.03528 0.00394 -0.04508 0.09953 0.08107 -0.01963 0.00057 0.09242 0.09637 -0.00137 -0.00838 0.4610921 -0.5238844 -0.4256576 0.5759817 0.9114206 -0.3530537 0.1975953 -0.0749777
0.35426 -0.56147 1.65442 -0.51449 -0.00049 1.63065 -0.00091 0.00003 -0.00773 -0.03766 -0.00210 -0.02573 0.09707 0.08102 -0.00246 -0.00005 0.09379 0.09726 0.00137 0.00089 0.4720206 -0.5542822 -0.3995234 0.5570896 0.8829796 -0.4053685 0.2335783 -0.0382704
0.35021 -0.55977 1.64373 -0.54959 -0.01073 1.59823 -0.00405 0.00170 -0.01069 -0.03510 -0.01024 -0.03242 0.09925 0.08390 0.00218 0.00288 0.07236 0.08339 -0.02143 -0.01387 -0.3960322 0.5620685 -0.4710968 0.5525445 0.878219 -0.44363 0.1768133 -0.0257101
0.34301 -0.56166 1.63271 -0.60734 -0.04512 1.54678 -0.00720 -0.00189 -0.01102 -0.05775 -0.03439 -0.05145 0.09341 0.07773 -0.00584 -0.00617 0.08116 0.08867 0.00880 0.00528 0.3326083 -0.5050662 0.511696 -0.6102844 0.8424248 -0.4886246 0.2173143 -0.0658868
0.34322 -0.56481 1.64082 -0.62682 -0.05506 1.54819 0.00021 -0.00315 0.00811 -0.01948 -0.00994 0.00141 0.09804 0.07644 0.00463 -0.00129 0.07743 0.09870 -0.00373 0.01003 -0.3607461 0.5389656 -0.495908 0.5774544 0.8137554 -0.5223274 0.2506745 -0.0462455
0.34119 -0.56364 1.63328 -0.63342 -0.06066 1.54025 -0.00203 0.00117 -0.00754 -0.00660 -0.00560 -0.00794 0.11194 0.07273 0.01390 -0.00371 0.06926 0.09763 -0.00817 -0.00107 -0.3825913 0.560522 -0.4848383 0.5516981 0.8025764 -0.5351287 0.2588886 -0.0498512
0.32613 -0.51931 1.81354 -0.62935 -0.06358 1.536 -0.01506 0.04433 0.18026 0.00407 -0.00292 -0.00425 0.14731 0.07337 0.03537 0.00064 0.13091 0.09181 0.06165 -0.00582 -0.4013349 0.7384398 -0.4716193 0.2668562 0.7925303 -0.5299627 0.2881765 -0.089384
0.32334 -0.50947 1.80648 -0.6234 -0.06352 1.53321 -0.00279 0.00984 -0.00706 0.00595 0.00006 -0.00279 0.14795 0.07433 0.00064 0.00096 0.12660 0.09372 -0.00431 0.00191 -0.4173379 0.7342538 -0.4736518 0.2497086 0.7987006 -0.5189087 0.2836239 -0.1112148
0.28971 -0.5051 1.59467 -0.61035 -0.05873 1.52877 -0.03363 0.00437 -0.21181 0.01305 0.00479 -0.00444 0.09871 0.07409 -0.04924 -0.00024 0.08167 0.09753 -0.04493 0.00381 -0.5718865 0.7487371 -0.3023596 0.144628 0.8460207 -0.5017806 0.1644991 -0.0735208
0.27277 -0.48678 1.61025 -0.61279 -0.05708 1.54666 -0.01694 0.01832 0.01558 -0.00244 0.00165 0.01789 0.14081 0.07598 0.04210 0.00189 0.12112 0.09699 0.03945 -0.00054 0.6773493 -0.6903595 0.0371112 0.2514444 0.8521429 -0.4859761 0.1738109 -0.0864261
0.255 -0.37187 1.55838 -0.59805 -0.05281 1.51991 -0.01777 0.11491 -0.05187 0.01474 0.00427 -0.02675 0.13252 0.07431 -0.00829 -0.00167 0.10154 0.10260 -0.01958 0.00561 0.823516 -0.4415204 -0.1541491 0.3211216 0.8645096 -0.4767031 0.1421051 -0.0719961
0.21003 -0.20157 1.55667 -0.60429 -0.04747 1.5606 -0.04497 0.17030 -0.00171 -0.00624 0.00534 0.04069 0.06932 0.07726 -0.06320 0.00295 0.11327 0.09578 0.01173 -0.00682 0.8278689 -0.4038251 -0.1522676 0.3582917 0.8774852 -0.4544964 0.1303391 -0.0804026
0.18601 -0.10759 1.56297 -0.60459 -0.04289 1.57458 -0.02402 0.09398 0.00630 -0.00030 0.00458 0.01398 0.10657 0.07887 0.03725 0.00161 0.08620 0.10131 -0.02707 0.00553 0.8711655 -0.3823258 -0.1098553 0.287801 0.8760237 -0.446573 0.1609004 -0.0852414
0.15224 -0.00265 1.54053 -0.58893 -0.03682 1.54875 -0.03377 0.10494 -0.02244 0.01566 0.00607 -0.02583 0.11008 0.07832 0.00351 -0.00055 0.07914 0.09989 -0.00706 -0.00142 0.8952792 -0.3625436 0.0415637 0.2555578 0.8790877 -0.4287916 0.181197 -0.1025193
0.12957 0.07828 1.51636 -0.56829 -0.02868 1.50664 -0.02267 0.08093 -0.02417 0.02064 0.00814 -0.04211 0.08789 0.07653 -0.02219 -0.00179 0.06540 0.09308 -0.01374 -0.00681 0.8573424 -0.3687832 0.2748834 0.2310888 0.8838675 -0.4098288 0.1980691 -0.107644
0.11338 0.1578 1.5217 -0.56054 -0.02157 1.4942 -0.01619 0.07952 0.00534 0.00775 0.00711 -0.01244 0.07985 0.07481 -0.00804 -0.00172 0.10022 0.09336 0.03482 0.00028 0.8878382 -0.2790726 0.2627763 0.2545789 0.8995233 -0.4099141 0.1352079 -0.0674327
0.10858 0.22594 1.57677 -0.57001 -0.0162 1.53302 -0.00480 0.06814 0.05507 -0.00947 0.00537 0.03882 0.08621 0.07683 0.00636 0.00202 0.07746 0.08885 -0.02276 -0.00451 0.944858 -0.0320897 -0.1592256 0.2843604 0.8827646 -0.4066676 0.2154071 -0.0945933
0.10292 0.27117 1.56286 -0.55753 -0.00955 1.5081 -0.00566 0.04523 -0.01391 0.01248 0.00665 -0.02492 0.09200 0.07749 0.00579 0.00066 0.07104 0.09679 -0.00642 0.00794 0.9401042 -0.0053653 -0.1854032 0.2860087 0.8882293 -0.4060374 0.198459 -0.0824405
0.08771 0.3322 1.59899 -0.56516 -0.00487 1.53486 -0.01521 0.06103 0.03613 -0.00763 0.00468 0.02676 0.09717 0.07511 0.00517 -0.00238 0.08458 0.09648 0.01354 -0.00031 0.9490381 -0.0164882 -0.1340907 0.2847357 0.88803 -0.410327 0.1958394 -0.0684211
0.08825 0.35495 1.64042 -0.57578 7E-05 1.57144 0.00054 0.02275 0.04143 -0.01062 0.00494 0.03658 0.10024 0.07611 0.00307 0.00100 0.08748 0.10020 0.00290 0.00372 0.9520372 0.0125965 -0.1628291 0.258753 0.8889695 -0.4165628 0.180525 -0.0601608
0.08207 0.36741 1.6477 -0.57626 0.0002 1.57484 -0.00618 0.01246 0.00728 -0.00048 0.00013 0.00340 0.10668 0.08023 0.00644 0.00412 0.08908 0.09037 0.00160 -0.00983 0.9528134 0.0151688 -0.1479811 0.2646093 0.8786091 -0.4173493 0.2196396 -0.0749939
0.06527 0.35425 1.65779 -0.57796 0.00134 1.57503 -0.01680 -0.01316 0.01009 -0.00170 0.00114 0.00019 0.10159 0.07644 -0.00509 -0.00379 0.08701 0.09866 -0.00207 0.00829 0.9332605 0.0521683 -0.1384803 0.3273017 0.8847601 -0.420216 0.1943418 -0.0533807
0.05615 0.33432 1.67121 -0.58127 -0.0009 1.58255 -0.00912 -0.01993 0.01342 -0.00331 -0.00224 0.00752 0.12564 0.07840 0.02405 0.00196 0.07964 0.11228 -0.00737 0.01362 0.9208979 0.0498272 -0.0918914 0.3755267 0.8857977 -0.421848 0.1875182 -0.0473652
0.04252 0.21825 1.66713 -0.57727 -0.00815 1.56494 -0.01363 -0.11607 -0.00408 0.00400 -0.00725 -0.01761 0.08505 0.07670 -0.04059 -0.00170 0.08903 0.10511 0.00939 -0.00717 0.9317758 0.0113789 -0.0814466 0.353597 0.8757687 -0.4436607 0.1849941 -0.044402
0.03169 0.15622 1.69771 -0.58414 -0.01068 1.58293 -0.01083 -0.06203 0.03058 -0.00687 -0.00253 0.01799 0.08050 0.07663 -0.00455 -0.00007 0.09105 0.10591 0.00202 0.00080 0.8898782 -0.0190752 -0.1327955 0.4360256 0.8732012 -0.4451082 0.1920191 -0.0502699
0.03187 0.07082 1.70277 -0.5772 -0.01326 1.5625 0.00018 -0.08540 0.00506 0.00694 -0.00258 -0.02043 0.08927 0.07669 0.00877 0.00006 0.06195 0.10067 -0.02910 -0.00524 0.9074433 -0.0491539 -0.092 0.4070216 0.8742847 -0.4487076 0.1799328 -0.0437231
0.0176 0.00638 1.6881 -0.56264 -0.0153 1.51976 -0.01427 -0.06444 -0.01467 0.01456 -0.00204 -0.04274 0.07572 0.07481 -0.01355 -0.00188 0.10359 0.10087 0.04164 0.00020 0.8645303 0.0388532 -0.1935055 0.4622048 0.8706039 -0.4535826 0.1851556 -0.0450462
0.03493 -0.11634 1.77905 -0.56959 -0.01464 1.53265 0.01733 -0.12272 0.09095 -0.00695 0.00066 0.01289 0.10182 0.07327 0.02610 -0.00154 0.09016 0.11062 -0.01343 0.00975 0.8946409 0.1647217 -0.1320476 0.3937611 0.8828873 -0.4463404 0.1455294 -0.0105564
0.0412 -0.13489 1.77501 -0.5713 -0.01721 1.53478 0.00627 -0.01855 -0.00404 -0.00171 -0.00257 0.00213 0.08569 0.07389 -0.01613 0.00062 0.09913 0.12125 0.00897 0.01063 0.8700802 0.1647961 -0.2241823 0.4068722 0.8739027 -0.4520453 0.1769987 -0.0249081
0.05582 -0.14747 1.80236 -0.58534 -0.01838 1.57409 0.01462 -0.01258 0.02735 -0.01404 -0.00117 0.03931 0.07199 0.07730 -0.01370 0.00341 0.11737 0.12345 0.01824 0.00220 0.8249751 0.0189707 -0.348374 0.4446254 0.8760809 -0.4460017 0.1797967 -0.0351834
0.07656 -0.1384 1.76037 -0.57531 -0.02008 1.54755 0.02074 0.00907 -0.04199 0.01003 -0.00170 -0.02654 0.06498 0.07421 -0.00701 -0.00309 0.09487 0.09544 -0.02250 -0.02801 0.8808842 -0.1087575 -0.2261907 0.4013135 0.8686473 -0.4545881 0.1905812 -0.0498038
0.13793 -0.0918 1.67301 -0.55147 -0.02265 1.49836 0.06137 0.04660 -0.08736 0.02384 -0.00257 -0.04919 0.05902 0.07498 -0.00596 0.00077 0.09042 0.11636 -0.00445 0.02092 0.9281314 -0.1317939 -0.1498479 0.314242 0.8699867 -0.4621687 0.1592296 -0.0645701
0.17456 -0.07074 1.63079 -0.53878 -0.02386 1.47278 0.03663 0.02106 -0.04222 0.01269 -0.00121 -0.02558 0.06070 0.07221 0.00168 -0.00277 0.08545 0.10153 -0.00497 -0.01483 0.9695031 0.0463407 -0.0101574 0.2404434 0.8666121 -0.4654133 0.1601231 -0.0820646
0.24439 -0.03863 1.62535 -0.5392 -0.02652 1.49635 0.06983 0.03211 -0.00544 -0.00042 -0.00266 0.02357 0.07650 0.07257 0.01580 0.00036 0.09325 0.10525 0.00780 0.00372 0.9724709 -0.1851337 0.0547501 0.1304927 0.869719 -0.4624852 0.1416074 -0.0982019
0.27645 -0.02875 1.60422 -0.53564 -0.0275 1.50111 0.03206 0.00988 -0.02113 0.00356 -0.00098 0.00476 0.07451 0.07338 -0.00199 0.00081 0.10420 0.11899 0.01095 0.01374 0.9439222 -0.3072925 0.0262399 0.1178713 0.8785697 -0.4536084 0.118751 -0.0908454
0.30403 -0.0297 1.57751 -0.53138 -0.02933 1.49737 0.02758 -0.00095 -0.02671 0.00426 -0.00183 -0.00374 0.07633 0.07578 0.00182 0.00240 0.09983 0.10000 -0.00437 -0.01899 0.9238802 -0.3743601 -0.0126648 0.0783555 0.8764535 -0.4504226 0.1405909 -0.0958283
0.32962 -0.03623 1.54662 -0.52513 -0.03208 1.49151 0.02559 -0.00653 -0.03089 0.00625 -0.00275 -0.00586 0.07345 0.07557 -0.00288 -0.00021 0.08139 0.09891 -0.01844 -0.00109 0.8876788 -0.3915314 -0.1979807 0.1397612 0.8759366 -0.4515768 0.1382061 -0.0985523
0.35667 -0.05485 1.53265 -0.52599 -0.03617 1.50406 0.02705 -0.01862 -0.01397 -0.00086 -0.00409 0.01255 0.07613 0.07542 0.00268 -0.00015 0.10939 0.09283 0.02800 -0.00608 0.8911131 -0.4493116 -0.0355854 0.0526337 0.8702957 -0.4578679 0.1475227 -0.1057333
0.37139 -0.07437 1.49192 -0.51697 -0.03804 1.48743 0.01472 -0.01952 -0.04073 0.00902 -0.00187 -0.01663 0.07344 0.07634 -0.00269 0.00092 0.10247 0.09199 -0.00692 -0.00084 0.8943756 -0.447013 -0.0028576 0.0162327 0.8700382 -0.45851 0.1467046 -0.1062072
0.37545 -0.08974 1.46056 -0.50782 -0.04036 1.47127 0.00406 -0.01537 -0.03136 0.00915 -0.00232 -0.01616 0.07323 0.07348 -0.00021 -0.00286 0.09879 0.08876 -0.00368 -0.00323 0.9295793 -0.3684688 0.0102367 0.0029161 0.8699493 -0.4629616 0.1343482 -0.103948
0.37166 -0.10062 1.46953 -0.50774 -0.04384 1.48344 -0.00379 -0.01088 0.00897 0.00008 -0.00348 0.01217 0.07536 0.07604 0.00213 0.00256 0.10889 0.09402 0.01010 0.00526 0.8992108 -0.4285946 0.0861445 0.0174872 0.8653947 -0.4692994 0.1348239 -0.1125725
0.36188 -0.10217 1.46916 -0.50528 -0.04476 1.48234 -0.00978 -0.00155 -0.00037 0.00246 -0.00092 -0.00110 0.07510 0.07398 -0.00026 -0.00206 0.09757 0.08137 -0.01132 -0.01265 0.8998052 -0.4259922 0.0708875 0.062099 0.863029 -0.467468 0.1527469 -0.1154255
0.35581 -0.10275 1.48819 -0.5101 -0.04473 1.50333 -0.00607 -0.00058 0.01903 -0.00482 0.00003 0.02099 0.07552 0.07783 0.00042 0.00385 0.10699 0.09426 0.00942 0.01289 0.9003512 -0.421108 0.0971121 0.0510384 0.8756337 -0.4498091 0.1525152 -0.0876157
0.34474 -0.10445 1.47519 -0.50458 -0.04323 1.49617 -0.01107 -0.00170 -0.01300 0.00552 0.00150 -0.00716 0.07581 0.07830 0.00029 0.00047 0.09018 0.10840 -0.01681 0.01414 0.897715 -0.4305444 0.045168 0.0818486 0.8822063 -0.4499064 0.1178114 -0.0735988
0.32582 -0.08845 1.39298 -0.49268 -0.04339 1.48501 -0.01892 0.01600 -0.08221 0.01190 -0.00016 -0.01116 0.07189 0.07481 -0.00392 -0.00349 0.09446 0.09291 0.00428 -0.01549 0.9066392 -0.4156224 0.0464608 0.0557203 0.8772334 -0.4511276 0.127144 -0.1038254
0.31875 -0.08543 1.34383 -0.48646 -0.04441 1.47457 -0.00707 0.00302 -0.04915 0.00622 -0.00102 -0.01044 0.06901 0.07355 -0.00288 -0.00126 0.09662 0.08141 0.00216 -0.01150 0.8597561 -0.5020205 0.0414371 0.0841301 0.8736838 -0.4528652 0.1375888 -0.1125132
0.31178 -0.07608 1.29981 -0.48156 -0.04504 1.46842 -0.00697 0.00935 -0.04402 0.00490 -0.00063 -0.00615 0.06569 0.07305 -0.00332 -0.00050 0.09417 0.09677 -0.00245 0.01536 0.8472368 -0.5208009 0.0389581 0.0971517 0.8741269 -0.4576015 0.1215437 -0.1083062
0.29925 -0.06698 1.25211 -0.4758 -0.04618 1.45614 -0.01253 0.00910 -0.04770 0.00576 -0.00114 -0.01228 0.06579 0.07507 0.00010 0.00202 0.09142 0.09430 -0.00275 -0.00247 0.8406207 -0.5233512 -0.0168047 0.1384846 0.8683988 -0.4606447 0.1397882 -0.1189508
0.25465 -0.04337 1.18677 -0.46593 -0.04702 1.43303 -0.04460 0.02361 -0.06534 0.00987 -0.00084 -0.02311 0.06642 0.07281 0.00063 -0.00226 0.09794 0.08060 0.00652 -0.01370 0.9166292 -0.395591 -0.0218539 0.0531148 0.8607525 -0.4643273 0.1604106 -0.1333185
0.22256 -0.03268 1.17366 -0.46056 -0.04576 1.42065 -0.03209 0.01069 -0.01311 0.00537 0.00126 -0.01238 0.06718 0.07099 0.00076 -0.00182 0.07471 0.09076 -0.02323 0.01016 0.8761637 -0.4050667 -0.1536939 0.2112727 0.8660373 -0.4615718 0.1484233 -0.1220711
0.18777 -0.02132 1.18977 -0.4602 -0.04608 1.42508 -0.03479 0.01136 0.01611 0.00036 -0.00032 0.00443 0.06754 0.07037 0.00036 -0.00062 0.06909 0.08672 -0.00562 -0.00404 0.9039494 -0.3236193 -0.1370379 0.2436527 0.8667529 -0.4596412 0.1491013 -0.1234433
0.15151 -0.01494 1.21529 -0.46021 -0.04905 1.42471 -0.03626 0.00638 0.02552 -0.00001 -0.00297 -0.00037 0.06555 0.07222 -0.00199 0.00185 0.07348 0.07462 0.00439 -0.01210 0.8892105 -0.2335492 -0.2644382 0.2912591 0.8515944 -0.4626451 0.1983457 -0.1463064
0.11473 -0.01569 1.26153 -0.46382 -0.05135 1.43483 -0.03678 -0.00075 0.04624 -0.00361 -0.00230 0.01012 0.06741 0.07149 0.00186 -0.00073 0.09867 0.08267 0.02519 0.00805 0.9309955 -0.2962747 0.0944851 0.191158 0.8601976 -0.4757205 0.145714 -0.1118817
0.04096 -0.05013 1.37973 -0.47398 -0.05929 1.46827 -0.07377 -0.03444 0.11820 -0.01016 -0.00794 0.03344 0.06976 0.07421 0.00235 0.00272 0.10833 0.07996 0.00966 -0.00271 0.9223762 -0.2713727 0.0133903 0.2745899 0.8507319 -0.4917862 0.1458008 -0.1146458
0.00386 -0.07167 1.43122 -0.4747 -0.06135 1.47156 -0.03710 -0.02154 0.05149 -0.00072 -0.00206 0.00329 0.06800 0.07114 -0.00176 -0.00307 0.11446 0.10010 0.00613 0.02014 0.894641 -0.3020006 0.099356 0.3139133 0.8569188 -0.4963501 0.1066962 -0.0891221
-0.02741 -0.09477 1.46103 -0.47077 -0.06518 1.4626 -0.03127 -0.02310 0.02981 0.00393 -0.00383 -0.00896 0.06886 0.07209 0.00086 0.00095 0.11280 0.10003 -0.00166 -0.00007 0.8794955 -0.2883343 0.0256527 0.3777473 0.8515175 -0.5027315 0.1138345 -0.0960247
-0.07415 -0.12111 1.47279 -0.45934 -0.07119 1.44271 -0.04674 -0.02634 0.01176 0.01143 -0.00601 -0.01989 0.06983 0.07111 0.00097 -0.00098 0.10591 0.09272 -0.00689 -0.00731 0.8970902 -0.3028223 0.1157517 0.3002156 0.8463858 -0.5085832 0.1116895 -0.1118021
-0.10032 -0.11741 1.44539 -0.45653 -0.07478 1.46118 -0.02617 0.00370 -0.02740 0.00281 -0.00359 0.01847 0.06862 0.07207 -0.00121 0.00096 0.09795 0.10459 -0.00796 0.01187 0.8741306 -0.3764105 0.1155428 0.2843601 0.8522467 -0.499829 0.092768 -0.1234528
-0.10513 -0.11201 1.4031 -0.45173 -0.07409 1.46146 -0.00481 0.00540 -0.04229 0.00480 0.00069 0.00028 0.07128 0.07323 0.00266 0.00116 0.08147 0.09800 -0.01648 -0.00659 0.8535898 -0.4404566 0.1714537 0.2190573 0.8602116 -0.4874133 0.0875983 -0.1216175
-0.10993 -0.09915 1.35225 -0.44575 -0.07292 1.46225 -0.00480 0.01286 -0.05085 0.00598 0.00117 0.00079 0.06933 0.07550 -0.00195 0.00227 0.07712 0.08871 -0.00435 -0.00929 0.8804581 -0.4017686 0.2104569 0.1381431 0.8655181 -0.4720194 0.0991427 -0.135081
-0.11312 -0.06759 1.28056 -0.4338 -0.06824 1.43833 -0.00319 0.03156 -0.07169 0.01195 0.00468 -0.02392 0.05838 0.07230 -0.01095 -0.00320 0.09429 0.08557 0.01717 -0.00314 0.8550381 -0.4369995 0.21872 0.1735017 0.8734278 -0.4523612 0.1165147 -0.1375411
-0.11478 -0.05125 1.22872 -0.42601 -0.06479 1.42378 -0.00166 0.01634 -0.05184 0.00779 0.00345 -0.01455 0.06152 0.07373 0.00314 0.00143 0.10190 0.08762 0.00761 0.00205 0.733495 -0.6108654 0.1964727 0.2241139 0.8804262 -0.4389982 0.1240783 -0.1293635
-0.1585 0.01368 1.18391 -0.43349 -0.05555 1.45089 -0.04372 0.06493 -0.04481 -0.00748 0.00924 0.02711 0.06697 0.07566 0.00545 0.00193 0.09088 0.08211 -0.01102 -0.00551 0.8899987 -0.3623519 0.2268828 0.1585168 0.8815917 -0.4144249 0.1721977 -0.146274
-0.20993 0.05361 1.2823 -0.46485 -0.05502 1.50215 -0.05143 0.03993 0.09839 -0.03136 0.00053 0.05126 0.07469 0.08473 0.00772 0.00907 0.10154 0.07851 0.01066 -0.00360 0.879761 -0.3580984 0.249968 0.1878888 0.8678123 -0.4358473 0.2084176 -0.1161945
-0.2464 0.04064 1.30908 -0.46049 -0.05316 1.46142 -0.03647 -0.01297 0.02678 0.00436 0.00186 -0.04073 0.09091 0.09002 0.01622 0.00529 0.10016 0.08491 -0.00138 0.00640 0.8337919 -0.3966999 0.3278584 0.1998228 0.8629526 -0.4521249 0.2042552 -0.0957898
-0.38897 0.0013 1.37112 -0.40736 -0.05208 1.39339 -0.14257 -0.03934 0.06204 0.05313 0.00108 -0.06803 0.08832 0.09988 -0.00259 0.00986 0.07612 0.08951 -0.02404 0.00460 0.6571098 -0.4085841 0.625306 0.1012827 0.7910293 -0.0910519 0.5965859 -0.1003364
-0.41904 0.01025 1.39277 -0.38987 0.02477 1.40575 -0.03007 0.00895 0.02165 0.01749 0.07685 0.01236 0.09648 0.08070 0.00816 -0.01918 0.06543 0.07738 -0.01069 -0.01213 0.7829584 -0.3564873 0.4082902 0.3052735 0.901737 0.410751 0.0924978 -0.0979703
-0.42249 0.02386 1.39924 -0.39438 0.03667 1.40831 -0.00345 0.01361 0.00647 -0.00451 0.01190 0.00256 0.09094 0.07576 -0.00554 -0.00494 0.05956 0.09093 -0.00587 0.01355 0.8343746 -0.2987269 0.2455887 0.3927689 0.8603289 -0.1016732 0.3947457 -0.3060598
-0.23916 0.06469 1.53444 -0.50217 0.03694 1.55269 0.18333 0.04083 0.13520 -0.10779 0.00027 0.14438 0.10566 0.08746 0.01472 0.01170 0.09541 0.09754 0.03585 0.00661 0.4703268 -0.3598544 0.8053266 0.0273209 0.9076886 -0.3829571 0.158359 -0.0660882
-0.08252 0.15477 1.44505 -0.49528 0.04339 1.50445 0.15664 0.09008 -0.08939 0.00689 0.00645 -0.04824 0.08056 0.07992 -0.02510 -0.00754 0.10867 0.10976 0.01326 0.01222 0.9224992 -0.1720635 0.326303 0.1136473 0.9234697 -0.3486522 0.1577064 -0.0278215
-0.00395 0.15818 1.39601 -0.48812 0.03884 1.46437 0.07857 0.00341 -0.04904 0.00716 -0.00455 -0.04008 0.07756 0.07933 -0.00300 -0.00059 0.04501 0.09604 -0.06366 -0.01372 0.946257 -0.1039384 -0.2792633 0.1257239 0.9174998 -0.3531376 0.17945 -0.0358549
0.07272 0.14964 1.45924 -0.51703 0.03608 1.5319 0.07667 -0.00854 0.06323 -0.02891 -0.00276 0.06753 0.09302 0.08290 0.01546 0.00357 0.05717 0.09480 0.01216 -0.00124 0.9303977 -0.1330582 -0.2545695 0.2277059 0.9071548 -0.3758219 0.1867763 -0.0307041
0.1875 0.13013 1.43215 -0.51633 0.02107 1.50243 0.11478 -0.01951 -0.02709 0.00070 -0.01501 -0.02947 0.07264 0.07920 -0.02038 -0.00370 0.07996 0.10108 0.02279 0.00628 0.940419 -0.2078519 -0.1758072 0.2037195 0.9015372 -0.3997155 0.1638365 -0.0248138
0.26681 0.07033 1.41665 -0.51212 0.00368 1.4868 0.07931 -0.05980 -0.01550 0.00421 -0.01739 -0.01563 0.06944 0.07699 -0.00320 -0.00221 0.10223 0.10392 0.02227 0.00284 0.9451876 -0.3041299 0.0732796 0.0935715 0.8912624 -0.4298919 0.1434954 -0.0159105
0.29441 0.04152 1.41919 -0.50944 -0.00451 1.4915 0.02760 -0.02881 0.00254 0.00268 -0.00819 0.00470 0.06641 0.07685 -0.00303 -0.00014 0.11757 0.10915 0.01534 0.00523 0.9327702 -0.3514434 0.0774325 0.0207696 0.8938715 -0.4351601 0.1068188 -0.0148039
0.30468 0.00415 1.39824 -0.49822 -0.01442 1.46537 0.01027 -0.03737 -0.02095 0.01122 -0.00991 -0.02613 0.06866 0.07523 0.00225 -0.00162 0.11203 0.09039 -0.00554 -0.01876 0.9185709 -0.3914456 0.052475 0.015624 0.8783869 -0.453965 0.1427033 -0.0445868
0.31805 -0.02664 1.41701 -0.49985 -0.02277 1.48316 0.01337 -0.03079 0.01877 -0.00163 -0.00835 0.01779 0.06720 0.07598 -0.00146 0.00075 0.11239 0.08788 0.00036 -0.00251 0.8987184 -0.4333533 0.0653189 0.015609 0.8893051 -0.4342838 0.1368043 -0.0426445
0.33011 -0.09326 1.42172 -0.48554 -0.03809 1.48489 0.01206 -0.06662 0.00471 0.01431 -0.01532 0.00173 0.06855 0.07757 0.00135 0.00159 0.11070 0.10632 -0.00169 0.01844 0.8823681 -0.461216 0.0739123 0.0569491 0.8828367 -0.4537169 0.1002259 -0.0685207
0.33208 -0.10028 1.41244 -0.47714 -0.04068 1.47165 0.00197 -0.00702 -0.00928 0.00840 -0.00259 -0.01324 0.07517 0.07516 0.00662 -0.00241 0.10977 0.11418 -0.00093 0.00786 0.8734604 -0.4761237 0.0993038 0.0226274 0.880967 -0.4619915 0.0773717 -0.0668935
0.33706 -0.10916 1.4153 -0.47224 -0.04445 1.46928 0.00498 -0.00888 0.00286 0.00490 -0.00377 -0.00237 0.06759 0.07476 -0.00758 -0.00040 0.10179 0.11103 -0.00798 -0.00315 0.8896925 -0.4541603 0.0440534 0.0156462 0.8797153 -0.4617756 0.0856284 -0.0743778
0.34429 -0.12064 1.42022 -0.47009 -0.04888 1.46663 0.00723 -0.01148 0.00492 0.00215 -0.00443 -0.00265 0.06841 0.07383 0.00082 -0.00093 0.10834 0.09202 0.00655 -0.01901 0.8920316 -0.4511318 0.027361 -0.003348 0.8711025 -0.4679817 0.1197279 -0.0885379
0.3586 -0.15528 1.41299 -0.45758 -0.0552 1.43386 0.01431 -0.03464 -0.00723 0.01251 -0.00632 -0.03277 0.07013 0.07295 0.00172 -0.00088 0.08256 0.10897 -0.02578 0.01695 0.8552238 -0.493312 -0.137423 -0.0796895 0.868237 -0.4823601 0.0912981 -0.0718187
0.38083 -0.18622 1.44916 -0.46439 -0.06036 1.45373 0.02223 -0.03094 0.03617 -0.00681 -0.00516 0.01987 0.07421 0.07329 0.00408 0.00034 0.08732 0.09128 0.00476 -0.01769 0.8975481 -0.4328004 -0.0776357 -0.0326172 0.8659138 -0.4857944 0.0994209 -0.0656706
0.39913 -0.22108 1.4609 -0.46356 -0.0657 1.44681 0.01830 -0.03486 0.01174 0.00083 -0.00534 -0.00692 0.07243 0.07356 -0.00178 0.00027 0.08074 0.08563 -0.00658 -0.00565 0.8733258 -0.4673286 -0.0946966 -0.0996929 0.8610643 -0.4856512 0.1341115 -0.0687409
0.42445 -0.26319 1.48524 -0.46659 -0.071 1.44963 0.02532 -0.04211 0.02434 -0.00303 -0.00530 0.00282 0.07294 0.07139 0.00051 -0.00217 0.08087 0.10648 0.00013 0.02085 0.8405086 -0.5300531 -0.107262 -0.0329204 0.862071 -0.4891518 0.1240972 -0.046517
0.4565 -0.30976 1.52164 -0.47279 -0.07776 1.46222 0.03205 -0.04657 0.03640 -0.00620 -0.00676 0.01259 0.07248 0.07225 -0.00046 0.00086 0.07618 0.10536 -0.00469 -0.00112 0.7714825 -0.6296257 -0.0915227 0.0031337 0.8565539 -0.5009397 0.1192666 -0.0339173
0.55676 -0.47208 1.67983 -0.48948 -0.10347 1.50002 0.10026 -0.16232 0.15819 -0.01669 -0.02571 0.03780 0.11940 0.07348 0.04692 0.00123 0.07647 0.09809 0.00029 -0.00727 -0.6556619 0.7188208 0.2241927 -0.0560509 0.8497202 -0.5126764 0.1201687 -0.026419
0.58453 -0.52367 1.73955 -0.49879 -0.11583 1.52272 0.02777 -0.05159 0.05972 -0.00931 -0.01236 0.02270 0.13629 0.07547 0.01689 0.00199 0.08576 0.10271 0.00929 0.00462 -0.5483384 0.7741032 0.2999216 -0.1006786 0.8702385 -0.4753469 0.1222872 -0.0421447
0.57628 -0.55142 1.76113 -0.4904 -0.12639 1.49806 -0.00825 -0.02775 0.02158 0.00839 -0.01056 -0.02466 0.15868 0.07259 0.02239 -0.00288 0.14586 0.10499 0.06010 0.00228 -0.3722773 0.7627707 0.4130601 -0.3301088 0.9224629 -0.3698567 0.1099532 -0.0133542
0.59553 -0.57917 1.75397 -0.48702 -0.13942 1.48562 0.01925 -0.02775 -0.00716 0.00338 -0.01303 -0.01244 0.15454 0.06992 -0.00414 -0.00267 0.09853 0.08986 -0.04733 -0.01513 -0.3018156 0.7124608 0.4804555 -0.4128794 0.8858525 -0.4454049 0.1270348 -0.027238
0.61778 -0.65423 1.79302 -0.49255 -0.16814 1.50906 0.02225 -0.07506 0.03905 -0.00553 -0.02872 0.02344 0.11647 0.07451 -0.03807 0.00459 0.15080 0.09763 0.05227 0.00777 -0.2472298 0.9055192 0.1954299 0.2841119 0.8426228 -0.5291758 0.0979617 -0.0190618
0.6149 -0.67511 1.81268 -0.49633 -0.1969 1.5269 -0.00288 -0.02088 0.01966 -0.00378 -0.02876 0.01784 0.11054 0.06923 -0.00593 -0.00528 0.15039 0.09972 -0.00041 0.00209 -0.215367 0.9145759 0.1570613 0.3041378 0.8124121 -0.5695417 0.1222856 -0.0255946
0.6139 -0.68069 1.81329 -0.49697 -0.2105 1.53239 -0.00100 -0.00558 0.00061 -0.00064 -0.01360 0.00549 0.10786 0.06745 -0.00268 -0.00178 0.14536 0.10438 -0.00503 0.00466 -0.2296848 0.8953966 0.1345915 0.3569241 0.807569 -0.5825561 0.0919265 0.0031747
0.6149 -0.68468 1.81417 -0.49621 -0.22692 1.53801 0.00100 -0.00399 0.00088 0.00076 -0.01642 0.00562 0.10555 0.06624 -0.00231 -0.00121 0.07928 0.10944 -0.06608 0.00506 -0.2681575 0.5104132 -0.0378298 0.8161733 0.8016084 -0.5928023 0.0770965 -0.0080867
0.6142 -0.68761 1.81583 -0.49625 -0.24913 1.54593 -0.00070 -0.00293 0.00166 -0.00004 -0.02221 0.00792 0.10582 0.06794 0.00027 0.00170 0.08616 0.09349 0.00688 -0.01595 -0.2382718 0.2013551 -0.1295868 0.9412173 0.820972 -0.5486799 0.1433347 0.0664114
0.59227 -0.66534 1.74191 -0.47451 -0.25951 1.48307 -0.02193 0.02227 -0.07392 0.02174 -0.01038 -0.06286 0.12071 0.05929 0.01489 -0.00865 0.09503 0.09516 0.00887 0.00167 -0.3584837 0.3423122 -0.2979869 0.8157914 0.7913845 -0.5988616 0.1165651 0.0385749
0.59506 -0.67153 1.74821 -0.48221 -0.3493 1.51352 0.00279 -0.00619 0.00630 -0.00770 -0.08979 0.03045 0.12437 0.05824 0.00366 -0.00105 0.09246 0.07370 -0.00257 -0.02146 -0.3426698 0.2941033 -0.333492 0.8275649 0.7255383 -0.6751159 -0.0402784 0.127241
0.56798 -0.64052 1.66757 -0.46278 -0.36888 1.4544 -0.02708 0.03101 -0.08064 0.01943 -0.01958 -0.05912 0.10591 0.05405 -0.01846 -0.00419 0.09389 0.06809 0.00143 -0.00561 -0.3752279 0.3560839 -0.3121749 0.7968407 0.8151299 -0.4355156 0.1668909 0.3435647
0.56968 -0.64229 1.66875 -0.45993 -0.4851 1.49585 0.00170 -0.00177 0.00118 0.00285 -0.11622 0.04145 0.10642 0.10954 0.00051 0.05549 0.08193 0.05568 -0.01196 -0.01241 -0.4196363 0.4617825 -0.254369 0.7388901 0.6066827 -0.4127984 -0.3337539 0.591728
0.59334 -0.6709 1.74169 -0.4732 -0.54414 1.59017 0.02366 -0.02861 0.07294 -0.01327 -0.05904 0.09432 0.13824 0.11949 0.03182 0.00995 0.06889 0.06495 -0.01304 0.00927 -0.462216 0.5929427 -0.1798175 0.6343822 0.4337346 -0.5633277 -0.354717 0.6072166
0.59325 -0.6707 1.74053 -0.46729 -0.57772 1.62239 -0.00009 0.00020 -0.00116 0.00591 -0.03358 0.03222 0.13023 0.12082 -0.00801 0.00133 0.07057 0.07807 0.00168 0.01312 -0.4765593 0.6416204 -0.1414029 0.5841403 0.2662053 -0.3931978 -0.3975328 0.7851738
]
