classifier_Monkey_monkey_bumps_into_each_other_1960 [ 0.56683 -0.67047 1.759 -0.10691 -0.52065 1.65695 0.56683 -0.67047 1.759 -0.10691 -0.52065 1.65695 0.14953 0.12721 0.14953 0.12721 0.06860 0.06361 0.06860 0.06361 -0.4966799 0.4534465 -0.3527447 0.6505894 0.1406541 -0.5829182 -0.3356048 0.7264931
0.56677 -0.67179 1.76168 -0.11201 -0.51753 1.66081 -0.00006 -0.00132 0.00268 -0.00510 0.00312 0.00386 0.13368 0.12451 -0.01585 -0.00270 0.08791 0.06964 0.01931 0.00603 -0.5151963 0.4939389 -0.3189138 0.6236113 0.135106 -0.5305182 -0.3240777 0.7715377
0.5858 -0.69562 1.82965 -0.12895 -0.53808 1.72066 0.01903 -0.02383 0.06797 -0.01694 -0.02055 0.05985 0.14332 0.12703 0.00964 0.00252 0.07457 0.07736 -0.01334 0.00772 -0.4289553 0.3396033 -0.4188759 0.7247137 -0.1255664 0.5871873 0.4876007 -0.63379
0.57711 -0.66998 1.78108 -0.13986 -0.52587 1.68214 -0.00869 0.02564 -0.04857 -0.01091 0.01221 -0.03852 0.15555 0.07712 0.01223 -0.04991 0.12217 0.07217 0.04760 -0.00519 -0.4028716 0.3127057 -0.4841765 0.7109731 -0.1195308 0.6664004 0.5438961 -0.4957821
0.59551 -0.68012 1.83389 -0.18912 -0.50263 1.77908 0.01840 -0.01014 0.05281 -0.04926 0.02324 0.09694 0.15596 0.12883 0.00041 0.05171 0.12283 0.09315 0.00066 0.02098 -0.3057822 0.2392633 -0.4010732 0.829693 -0.2713414 0.7731964 0.5028269 -0.2751477
0.60727 -0.68636 1.86646 -0.23989 -0.48661 1.8172 0.01176 -0.00624 0.03257 -0.05077 0.01602 0.03812 0.17210 0.13230 0.01614 0.00347 0.13335 0.12087 0.01052 0.02772 -0.2748213 0.2182104 -0.4179358 0.8379661 -0.4846704 0.3217294 -0.3156466 0.7496345
0.5254 -0.51189 1.67845 -0.23886 -0.43829 1.68861 -0.08187 0.17447 -0.18801 0.00103 0.04832 -0.12859 0.11837 0.13620 -0.05373 0.00390 0.13458 0.09535 0.00123 -0.02552 -0.2835562 0.3749439 -0.5980726 0.6490932 -0.4948524 0.2693891 -0.2158384 0.7974737
0.56079 -0.50965 1.8328 -0.34837 -0.42249 1.86977 0.03539 0.00224 0.15435 -0.10951 0.01580 0.18116 0.13595 0.11302 0.01758 -0.02318 0.18691 0.06610 0.05233 -0.02925 -0.115315 0.2805724 -0.6328949 0.712338 -0.3035033 -0.1150954 -0.5583522 0.763467
0.55643 -0.49035 1.8387 -0.41224 -0.41206 1.91891 -0.00436 0.01930 0.00590 -0.06387 0.01043 0.04914 0.11446 0.08680 -0.02149 -0.02622 0.07468 0.06997 -0.11223 0.00387 0.0959242 -0.3221119 0.6492098 -0.6823263 -0.3779206 -0.1187767 -0.5507478 0.7346734
0.541 -0.44202 1.80918 -0.43074 -0.39334 1.87597 -0.01543 0.04833 -0.02952 -0.01850 0.01872 -0.04294 0.10253 0.11250 -0.01193 0.02570 0.05984 0.08401 -0.01484 0.01404 0.1145599 0.3483393 -0.6025509 0.70885 -0.3998576 0.0678565 -0.5030233 0.7632018
0.50213 -0.39861 1.71733 -0.43097 -0.3635 1.77728 -0.03887 0.04341 -0.09185 -0.00023 0.02984 -0.09869 0.09713 0.11458 -0.00540 0.00208 0.10839 0.06961 0.04855 -0.01440 0.5002288 -0.0276415 -0.4708421 0.7261645 -0.2283469 -0.0161112 -0.5480168 0.8045344
0.53257 -0.40174 1.82077 -0.46548 -0.38244 1.87757 0.03044 -0.00313 0.10344 -0.03451 -0.01894 0.10029 0.10247 0.11470 0.00534 0.00012 0.06227 0.07047 -0.04612 0.00086 0.2436694 0.1959922 -0.4994802 0.8079182 -0.1461806 -0.0395768 -0.5334555 0.8321599
0.51155 -0.38203 1.77319 -0.45963 -0.3677 1.82732 -0.02102 0.01971 -0.04758 0.00585 0.01474 -0.05025 0.11066 0.11097 0.00819 -0.00373 0.06014 0.11929 -0.00213 0.04882 0.2107097 0.1528093 -0.4973453 0.8275859 -0.2327832 0.1840781 -0.4766901 0.8274622
0.52213 -0.38668 1.83001 -0.47399 -0.37619 1.88386 0.01058 -0.00465 0.05682 -0.01436 -0.00849 0.05654 0.11693 0.11486 0.00627 0.00389 0.07021 0.12329 0.01007 0.00400 0.2166479 0.2050286 -0.4165423 0.8587896 -0.2170445 0.1222526 -0.4650323 0.8495239
0.51336 -0.37597 1.80495 -0.4656 -0.36835 1.85642 -0.00877 0.01071 -0.02506 0.00839 0.00784 -0.02744 0.11973 0.11524 0.00280 0.00038 0.05732 0.12571 -0.01289 0.00242 0.1995244 0.2458291 -0.4204863 0.8502643 -0.2402284 0.0870759 -0.4522455 0.854507
0.49517 -0.36152 1.75201 -0.45062 -0.35396 1.80214 -0.01819 0.01445 -0.05294 0.01498 0.01439 -0.05428 0.11986 0.11145 0.00013 -0.00379 0.06589 0.11902 0.00857 -0.00669 0.2107937 0.15791 -0.4777556 0.8380812 -0.2715489 0.0844067 -0.4490991 0.8470223
0.51192 -0.36392 1.80174 -0.45953 -0.36182 1.84721 0.01675 -0.00240 0.04973 -0.00891 -0.00786 0.04507 0.12531 0.11422 0.00545 0.00277 0.12542 0.12138 0.05953 0.00236 0.3059036 -0.0741854 -0.3544516 0.8805019 -0.1820348 0.1324413 -0.4144594 0.8817857
0.5264 -0.37973 1.89845 -0.45302 -0.38332 1.93736 0.01448 -0.01581 0.09671 0.00651 -0.02150 0.09015 0.12301 0.08393 -0.00230 -0.03029 0.10095 0.08244 -0.02447 -0.03894 0.3921892 -0.0747311 -0.3133264 0.8616436 -0.5166768 0.2000643 -0.2429982 0.7962231
0.4915 -0.3715 1.8299 -0.45788 -0.35752 1.87662 -0.03490 0.00823 -0.06855 -0.00486 0.02580 -0.06074 0.10918 0.10217 -0.01383 0.01824 0.09082 0.07705 -0.01013 -0.00539 0.3746012 -0.056736 -0.315996 0.8698284 -0.44642 0.1504912 -0.4096824 0.781167
0.48546 -0.36687 1.82139 -0.45507 -0.35643 1.86673 -0.00604 0.00463 -0.00851 0.00281 0.00109 -0.00989 0.10637 0.10217 -0.00281 0.00000 0.07281 0.08280 -0.01801 0.00575 0.4638974 -0.1034325 -0.2879759 0.8313668 -0.3960073 0.0908708 -0.4535938 0.7932045
0.48328 -0.36625 1.81879 -0.45841 -0.35259 1.86369 -0.00218 0.00062 -0.00260 -0.00334 0.00384 -0.00304 0.10587 0.11042 -0.00050 0.00825 0.07974 0.09730 0.00693 0.01450 0.4715984 -0.1143156 -0.2971856 0.8223185 -0.3019055 0.241991 -0.4084631 0.8267111
0.46781 -0.36487 1.7874 -0.44491 -0.35482 1.82834 -0.01547 0.00138 -0.03139 0.01350 -0.00223 -0.03535 0.10023 0.10600 -0.00564 -0.00442 0.09019 0.10820 0.01045 0.01090 0.4025416 -0.1719932 -0.3776419 0.8159444 -0.3240206 0.0092096 -0.3723683 0.8696366
0.45918 -0.36136 1.75926 -0.44486 -0.34475 1.8038 -0.00863 0.00351 -0.02814 0.00005 0.01007 -0.02454 0.11008 0.11216 0.00985 0.00616 0.06353 0.12115 -0.02666 0.01295 0.1994368 0.2617089 -0.4718554 0.8179767 -0.2992786 -0.0066466 -0.3932659 0.8693273
0.4577 -0.3587 1.75566 -0.44123 -0.3472 1.79788 -0.00148 0.00266 -0.00360 0.00363 -0.00245 -0.00592 0.11708 0.12201 0.00700 0.00985 0.05806 0.12370 -0.00547 0.00255 0.1790034 0.2734185 -0.5148529 0.7925444 -0.295996 -0.0169483 -0.3741854 0.8786833
0.44897 -0.35296 1.72626 -0.43237 -0.3433 1.76878 -0.00873 0.00574 -0.02940 0.00886 0.00390 -0.02910 0.12210 0.12215 0.00502 0.00014 0.06477 0.12033 0.00671 -0.00337 0.1735049 0.3350423 -0.4809464 0.7914121 -0.3015617 0.1010811 -0.4188551 0.8505313
0.47578 -0.37763 1.83608 -0.45946 -0.35919 1.88422 0.02681 -0.02467 0.10982 -0.02709 -0.01589 0.11544 0.13668 0.11997 0.01458 -0.00218 0.06356 0.11791 -0.00121 -0.00242 0.1656622 0.3465719 -0.4677471 0.7960255 -0.3855132 0.2018538 -0.3762774 0.8179547
0.45048 -0.36286 1.75082 -0.4256 -0.34529 1.79796 -0.02530 0.01477 -0.08526 0.03386 0.01390 -0.08626 0.12107 0.10503 -0.01561 -0.01494 0.10679 0.08582 0.04323 -0.03209 0.3507611 -0.02177 -0.3489805 0.8687378 -0.4711929 0.3411857 -0.2509521 0.7736876
0.46704 -0.3724 1.81531 -0.43438 -0.35437 1.86088 0.01656 -0.00954 0.06449 -0.00878 -0.00908 0.06292 0.12385 0.10770 0.00278 0.00267 0.10531 0.08040 -0.00148 -0.00542 0.4404234 -0.1494044 -0.3177543 0.8262795 -0.453839 0.156644 -0.3098017 0.8206801
0.45048 -0.36818 1.79623 -0.40671 -0.35775 1.81832 -0.01656 0.00422 -0.01908 0.02767 -0.00338 -0.04256 0.11149 0.09027 -0.01236 -0.01743 0.08642 0.06608 -0.01889 -0.01432 0.5014222 -0.2156307 -0.2337881 0.8046256 -0.4583525 0.1100411 -0.3321949 0.8169765
0.44015 -0.36424 1.78497 -0.39845 -0.35194 1.78437 -0.01033 0.00394 -0.01126 0.00826 0.00581 -0.03395 0.10576 0.08811 -0.00573 -0.00216 0.10866 0.09264 0.02224 0.02656 0.4629638 -0.1837705 -0.3961837 0.7713179 0.5842648 -0.6451186 -0.0192303 -0.4920233
0.45761 -0.38196 1.86663 -0.41854 -0.35278 1.84078 0.01746 -0.01772 0.08166 -0.02009 -0.00084 0.05641 0.11461 0.09587 0.00885 0.00776 0.09900 0.09736 -0.00966 0.00472 0.4763339 -0.1395779 -0.2751416 0.8233597 0.6177469 -0.6091588 0.0952696 -0.4880965
0.44337 -0.37579 1.83021 -0.40192 -0.33096 1.7689 -0.01424 0.00617 -0.03642 0.01662 0.02182 -0.07188 0.10968 0.08864 -0.00493 -0.00723 0.09644 0.09255 -0.00256 -0.00481 0.4853609 -0.1396209 -0.2574265 0.8238097 -0.5117583 0.4763011 -0.2453998 0.67158
0.43844 -0.38295 1.85507 -0.39042 -0.30848 1.74808 -0.00493 -0.00716 0.02486 0.01150 0.02248 -0.02082 0.10359 0.08426 -0.00609 -0.00438 0.09820 0.10157 0.00176 0.00902 0.5007375 -0.2070078 -0.3234856 0.7757363 -0.4619852 0.341619 -0.4039294 0.7118337
0.40138 -0.37943 1.79871 -0.36385 -0.25877 1.64488 -0.03706 0.00352 -0.05636 0.02657 0.04971 -0.10320 0.09414 0.06960 -0.00945 -0.01466 0.09099 0.08466 -0.00721 -0.01691 0.530889 -0.1344668 -0.2291299 0.8047204 -0.4909493 0.3514655 -0.4424824 0.6630612
0.39289 -0.39925 1.85501 -0.35641 -0.21528 1.66353 -0.00849 -0.01982 0.05630 0.00744 0.04349 0.01865 0.08208 0.06437 -0.01206 -0.00523 0.07360 0.06545 -0.01739 -0.01921 0.3832282 0.3339049 -0.4978182 0.7027237 -0.5537683 0.2750297 -0.30881 0.7227279
0.40228 -0.4298 1.98408 -0.3533 -0.16683 1.74729 0.00939 -0.03055 0.12907 0.00311 0.04845 0.08376 0.08724 0.05986 0.00516 -0.00451 0.09689 0.07888 0.02329 0.01343 0.6093986 -0.0770293 -0.0757177 0.7854722 0.7182579 -0.14107 0.3074944 -0.60799
0.38934 -0.4272 1.96857 -0.33196 -0.1016 1.71278 -0.01294 0.00260 -0.01551 0.02134 0.06523 -0.03451 0.08943 0.06899 0.00219 0.00913 0.07215 0.08098 -0.02474 0.00210 0.4500426 0.4266807 -0.4239506 0.660054 0.6891857 -0.1528191 0.3218949 -0.6309145
0.37842 -0.43519 1.98107 -0.31039 -0.04247 1.70867 -0.01092 -0.00799 0.01250 0.02157 0.05913 -0.00411 0.20119 0.07404 0.11176 0.00505 0.09856 0.07466 0.02641 -0.00632 0.6003942 -0.1297312 0.0343401 0.7883638 0.7921271 -0.037347 0.3083031 -0.5254417
0.36053 -0.41965 1.9052 -0.28171 0.00684 1.63265 -0.01789 0.01554 -0.07587 0.02868 0.04931 -0.07602 0.19374 0.07435 -0.00745 0.00031 0.09425 0.07704 -0.00431 0.00238 0.5891474 -0.1732472 0.0737035 0.7857853 0.8177758 -0.196542 0.282479 -0.4613237
0.36091 -0.42118 1.90989 -0.27465 0.04207 1.62624 0.00038 -0.00153 0.00469 0.00706 0.03523 -0.00641 0.19631 0.08154 0.00257 0.00719 0.09606 0.05776 0.00181 -0.01928 0.5892766 -0.131813 0.0391582 0.7961439 0.8407205 -0.1644958 0.3155949 -0.4080808
0.35903 -0.41957 1.8973 -0.26384 0.06614 1.60348 -0.00188 0.00161 -0.01259 0.01081 0.02407 -0.02276 0.18943 0.08301 -0.00688 0.00147 0.09567 0.06134 -0.00039 0.00358 0.5785406 -0.1250112 0.0461006 0.8046973 0.8487753 -0.160246 0.3043354 -0.401599
0.35959 -0.42213 1.90236 -0.26096 0.08147 1.59032 0.00056 -0.00256 0.00506 0.00288 0.01533 -0.01316 0.19561 0.08468 0.00618 0.00167 0.09783 0.05366 0.00216 -0.00768 0.5702237 -0.1691214 0.0739149 0.800487 0.8345533 -0.1615169 0.3437507 -0.3990846
0.36162 -0.4227 1.90096 -0.25591 0.09175 1.57321 0.00203 -0.00057 -0.00140 0.00505 0.01028 -0.01711 0.19365 0.08135 -0.00196 -0.00333 0.09748 0.05725 -0.00035 0.00359 0.5656322 -0.1769499 0.0597885 0.8032275 0.8466912 -0.1929308 0.308208 -0.388458
0.36288 -0.42193 1.89909 -0.25683 0.09467 1.56069 0.00126 0.00077 -0.00187 -0.00092 0.00292 -0.01252 0.19384 0.08331 0.00019 0.00196 0.10117 0.05086 0.00369 -0.00639 0.5714554 -0.1370007 0.0132903 0.8090073 0.8258914 -0.1950651 0.3541747 -0.3929546
0.36395 -0.42192 1.89608 -0.25446 0.09568 1.5542 0.00107 0.00001 -0.00301 0.00237 0.00101 -0.00649 0.19585 0.08392 0.00201 0.00061 0.10046 0.07591 -0.00071 0.02505 0.5676033 -0.1156344 0.000788 0.8151408 0.8310426 -0.1915361 0.3438562 -0.3929949
0.36553 -0.42239 1.89974 -0.25516 0.0963 1.55486 0.00158 -0.00047 0.00366 -0.00070 0.00062 0.00066 0.19468 0.08607 -0.00117 0.00215 0.10275 0.06305 0.00229 -0.01286 0.5711308 -0.1186477 -0.0012056 0.8122382 0.8703264 -0.2421668 0.2300079 -0.3619166
0.36769 -0.42255 1.90527 -0.25544 0.09767 1.55657 0.00216 -0.00016 0.00553 -0.00028 0.00137 0.00171 0.19783 0.08636 0.00315 0.00029 0.10266 0.05312 -0.00009 -0.00993 0.5784399 -0.1220538 -0.0102971 0.8064764 0.8496367 -0.209995 0.3008434 -0.3788308
0.37018 -0.42158 1.9035 -0.25543 0.09619 1.55308 0.00249 0.00097 -0.00177 0.00001 -0.00148 -0.00349 0.20060 0.08709 0.00277 0.00073 0.10373 0.08927 0.00107 0.03615 0.579507 -0.1236021 -0.0183443 0.8053308 0.8989099 -0.3244415 0.0184528 -0.2938674
0.37126 -0.42182 1.90594 -0.25372 0.0951 1.55305 0.00108 -0.00024 0.00244 0.00171 -0.00109 -0.00003 0.19913 0.08411 -0.00147 -0.00298 0.10167 0.06846 -0.00206 -0.02081 0.5810999 -0.1116938 -0.0264881 0.8056959 0.8945807 -0.3116722 0.0572365 -0.3151345
0.37098 -0.42374 1.90936 -0.2535 0.09441 1.55176 -0.00028 -0.00192 0.00342 0.00022 -0.00069 -0.00129 0.20063 0.08305 0.00150 -0.00106 0.09977 0.05896 -0.00190 -0.00950 0.5710901 -0.104959 0.0028074 0.8141448 0.8900463 -0.299085 0.0979651 -0.3298007
0.37149 -0.42468 1.91026 -0.25724 0.09327 1.54963 0.00051 -0.00094 0.00090 -0.00374 -0.00114 -0.00213 0.19997 0.08186 -0.00066 -0.00119 0.09850 0.07922 -0.00127 0.02026 0.5636399 -0.1180294 0.0212403 0.8172686 0.8883533 -0.3017026 0.1188655 -0.3250767
0.37204 -0.42537 1.9125 -0.25892 0.09373 1.55085 0.00055 -0.00069 0.00224 -0.00168 0.00046 0.00122 0.19998 0.08393 0.00001 0.00207 0.09948 0.08221 0.00098 0.00299 0.5598944 -0.1143608 0.0249668 0.8202539 0.8979705 -0.3187673 0.0542149 -0.2984915
0.37348 -0.42483 1.91117 -0.26294 0.09386 1.55026 0.00144 0.00054 -0.00133 -0.00402 0.00013 -0.00059 0.20211 0.08525 0.00213 0.00132 0.10106 0.07426 0.00158 -0.00795 0.5619807 -0.1234433 0.0115941 0.8178051 0.8300375 -0.2055171 0.3554077 -0.377473
0.37501 -0.4236 1.91242 -0.26319 0.09651 1.54835 0.00153 0.00123 0.00125 -0.00025 0.00265 -0.00191 0.20072 0.08324 -0.00139 -0.00201 0.10339 0.05485 0.00233 -0.01941 0.5647516 -0.1140254 0.0177786 0.8171521 0.8410636 -0.2099584 0.3374044 -0.3669984
0.37608 -0.42216 1.90975 -0.26407 0.09766 1.54576 0.00107 0.00144 -0.00267 -0.00088 0.00115 -0.00259 0.20483 0.08563 0.00411 0.00239 0.10630 0.06031 0.00291 0.00546 0.5685823 -0.0682279 -0.0127115 0.8196935 0.8872305 -0.2669826 0.1941266 -0.3222689
0.41249 -0.41164 1.94006 -0.27066 0.10195 1.56991 0.03641 0.01052 0.03031 -0.00659 0.00429 0.02415 0.09109 0.09246 -0.11374 0.00683 0.08415 0.06661 -0.02215 0.00630 0.4626875 0.3174674 -0.3432075 0.7532219 0.9068896 -0.2929252 0.1052171 -0.2840345
0.41442 -0.40608 1.93402 -0.26801 0.10439 1.56698 0.00193 0.00556 -0.00604 0.00265 0.00244 -0.00293 0.09241 0.09343 0.00132 0.00097 0.05355 0.05304 -0.03060 -0.01357 0.2993577 0.5315163 -0.5121765 0.6046079 0.8213109 -0.1720017 0.4002643 -0.3683101
0.39928 -0.40577 1.91693 -0.26739 0.10598 1.55879 -0.01514 0.00031 -0.01709 0.00062 0.00159 -0.00819 0.20112 0.09588 0.10871 0.00245 0.21367 0.06855 0.16012 0.01551 -0.1437179 0.8137759 -0.5600377 0.058922 0.8963537 -0.246341 0.1951481 -0.3127033
0.41951 -0.38291 1.89074 -0.26399 0.10818 1.55222 0.02023 0.02286 -0.02619 0.00340 0.00220 -0.00657 0.12659 0.09880 -0.07453 0.00292 0.09938 0.06758 -0.11429 -0.00097 -0.606954 0.6775767 -0.2805073 -0.3062878 0.90841 -0.260001 0.1320026 -0.29961
0.42034 -0.38105 1.87827 -0.26215 0.10668 1.55009 0.00083 0.00186 -0.01247 0.00184 -0.00150 -0.00213 0.12227 0.09867 -0.00432 -0.00013 0.09776 0.08719 -0.00162 0.01961 0.6473784 -0.6175423 0.1548965 0.4189866 0.8634308 -0.1865772 0.3097503 -0.351754
0.4289 -0.36608 1.86419 -0.26053 0.10537 1.54061 0.00856 0.01497 -0.01408 0.00162 -0.00131 -0.00948 0.12174 0.09904 -0.00053 0.00037 0.10043 0.05820 0.00267 -0.02899 0.7380959 -0.580693 0.1813195 0.291776 0.9062613 -0.2568865 0.1301623 -0.3094472
0.4593 -0.34705 1.88089 -0.2601 0.10591 1.5486 0.03040 0.01903 0.01670 0.00043 0.00054 0.00799 0.12521 0.09759 0.00347 -0.00145 0.12320 0.05858 0.02277 0.00038 0.6052079 -0.1929473 -0.552654 0.5395075 0.9093263 -0.2740326 0.0833757 -0.3017953
0.45102 -0.32989 1.86662 -0.257 0.10035 1.53621 -0.00828 0.01716 -0.01427 0.00310 -0.00556 -0.01239 0.10553 0.09993 -0.01968 0.00234 0.08432 0.09063 -0.03888 0.03205 0.72458 -0.1509205 -0.4467505 0.502614 0.9026958 -0.2929991 0.0645148 -0.308431
0.45372 -0.32593 1.86205 -0.25718 0.09992 1.53811 0.00270 0.00396 -0.00457 -0.00018 -0.00043 0.00190 0.10350 0.09737 -0.00203 -0.00256 0.07554 0.08048 -0.00878 -0.01015 0.4149856 0.0881936 -0.6797956 0.5982363 0.901058 -0.2887228 0.081059 -0.3133099
0.45318 -0.32559 1.85988 -0.25689 0.09977 1.53821 -0.00054 0.00034 -0.00217 0.00029 -0.00015 0.00010 0.10370 0.09844 0.00020 0.00107 0.10781 0.05776 0.03227 -0.02272 0.5623341 -0.0387906 -0.541173 0.6240251 0.8370599 -0.1742982 0.3488603 -0.3837281
0.45254 -0.32351 1.85457 -0.25684 0.0992 1.53471 -0.00064 0.00208 -0.00531 0.00005 -0.00057 -0.00350 0.10914 0.09870 0.00544 0.00026 0.04528 0.05767 -0.06253 -0.00009 -0.223383 -0.3625056 0.692901 -0.5818745 0.8547096 -0.193964 0.3055491 -0.3721415
0.44702 -0.32165 1.8441 -0.25632 0.0987 1.5243 -0.00552 0.00186 -0.01047 0.00052 -0.00050 -0.01041 0.12929 0.09808 0.02015 -0.00062 0.11183 0.08761 0.06655 0.02994 0.7488401 -0.5290686 0.2279764 0.3276457 0.9020108 -0.281929 0.0996671 -0.3113826
0.42226 -0.31668 1.77566 -0.24699 0.09584 1.47098 -0.02476 0.00497 -0.06844 0.00933 -0.00286 -0.05332 0.12782 0.09310 -0.00147 -0.00498 0.10526 0.06171 -0.00657 -0.02590 0.6334463 -0.5930543 0.2075165 0.4516297 0.9018499 -0.2795979 0.1043684 -0.3124082
0.41916 -0.31446 1.77742 -0.24816 0.09606 1.47445 -0.00310 0.00222 0.00176 -0.00117 0.00022 0.00347 0.11648 0.09252 -0.01134 -0.00058 0.10181 0.06173 -0.00345 0.00002 0.6281302 -0.5902337 0.2247197 0.4545081 0.9046332 -0.2813878 0.0932693 -0.3062035
0.43264 -0.31369 1.83917 -0.25631 0.09945 1.52554 0.01348 0.00077 0.06175 -0.00815 0.00339 0.05109 0.11503 0.09569 -0.00145 0.00317 0.09732 0.06440 -0.00449 0.00267 0.681297 -0.098184 -0.2793448 0.6694481 0.8999935 -0.2602023 0.1385787 -0.3210954
0.39313 -0.28831 1.73411 -0.24243 0.09445 1.44098 -0.03951 0.02538 -0.10506 0.01388 -0.00500 -0.08456 0.10318 0.09179 -0.01185 -0.00390 0.08111 0.07276 -0.01621 0.00836 0.6161945 -0.2078139 -0.2399497 0.7207925 0.9069927 -0.2780716 0.0879804 -0.3038088
0.38459 -0.27837 1.74212 -0.24674 0.09674 1.46097 -0.00854 0.00994 0.00801 -0.00431 0.00229 0.01999 0.09714 0.09252 -0.00604 0.00073 0.09438 0.07316 0.01327 0.00040 0.72325 -0.3102888 -0.0647298 0.6135474 0.9127067 -0.3051724 0.0060732 -0.2716606
0.36662 -0.22888 1.70687 -0.24975 0.09712 1.47985 -0.01797 0.04949 -0.03525 -0.00301 0.00038 0.01888 0.09331 0.09441 -0.00383 0.00189 0.09585 0.08143 0.00147 0.00827 0.5962406 -0.1174327 -0.2229957 0.7622201 0.9102339 -0.2990251 0.036495 -0.2841238
0.34987 -0.18638 1.65268 -0.24601 0.09548 1.46623 -0.01675 0.04250 -0.05419 0.00374 -0.00164 -0.01362 0.09233 0.09422 -0.00098 -0.00019 0.07508 0.06771 -0.02077 -0.01372 0.7117016 -0.2379397 -0.2196894 0.6233795 0.8988154 -0.2491372 0.1537722 -0.3262142
0.32091 -0.08763 1.58365 -0.24157 0.09474 1.45127 -0.02896 0.09875 -0.06903 0.00444 -0.00074 -0.01496 0.08441 0.09561 -0.00792 0.00139 0.05585 0.05975 -0.01923 -0.00796 0.7805313 -0.0454784 -0.3430626 0.5205867 0.9081444 -0.2700303 0.0782958 -0.310205
0.33916 -0.03963 1.6331 -0.25168 0.10195 1.52336 0.01825 0.04800 0.04945 -0.01011 0.00721 0.07209 0.09403 0.09633 0.00962 0.00072 0.05964 0.06461 0.00379 0.00486 0.7673864 -0.154291 -0.4535037 0.4262005 0.8404357 -0.1557672 0.3575617 -0.3762366
0.32395 0.0145 1.59196 -0.24619 0.10111 1.50227 -0.01521 0.05413 -0.04114 0.00549 -0.00084 -0.02109 0.08602 0.09481 -0.00801 -0.00152 0.05887 0.05441 -0.00077 -0.01020 0.7761793 -0.1394772 -0.4377943 0.4317733 0.9017012 -0.235352 0.1498859 -0.3302706
0.32495 0.0477 1.57122 -0.24394 0.10003 1.48994 0.00100 0.03320 -0.02074 0.00225 -0.00108 -0.01233 0.09434 0.09452 0.00832 -0.00029 0.05904 0.05778 0.00017 0.00337 0.9013809 -0.2512058 -0.1339168 0.3263041 0.9088641 -0.2683738 0.0811916 -0.3087872
0.33091 0.08062 1.51766 -0.2479 0.09951 1.49971 0.00596 0.03292 -0.05356 -0.00396 -0.00052 0.00977 0.09409 0.09247 -0.00025 -0.00205 0.06850 0.06918 0.00946 0.01140 0.8823732 -0.3262818 -0.1955598 0.276973 0.8974093 -0.2231936 0.1916376 -0.3288104
0.33135 0.07273 1.50615 -0.25058 0.09908 1.50013 0.00044 -0.00789 -0.01151 -0.00268 -0.00043 0.00042 0.09261 0.09367 -0.00148 0.00120 0.05599 0.06905 -0.01251 -0.00013 0.9015124 -0.3686977 0.1617459 0.1586685 0.9116972 -0.2570506 0.1154567 -0.2990032
0.32891 0.06773 1.50101 -0.25561 0.10042 1.49945 -0.00244 -0.00500 -0.00514 -0.00503 0.00134 -0.00068 0.09047 0.09064 -0.00214 -0.00303 0.07104 0.07077 0.01505 0.00172 0.8949081 -0.3100845 -0.1436874 0.2869511 0.9165 -0.2637517 0.1152415 -0.2778172
0.32884 0.06631 1.49945 -0.25809 0.09983 1.49649 -0.00007 -0.00142 -0.00156 -0.00248 -0.00059 -0.00296 0.09097 0.08989 0.00050 -0.00075 0.06567 0.05616 -0.00537 -0.01461 0.8955979 -0.3145334 -0.1335402 0.2848511 0.9196928 -0.2899852 0.0712597 -0.2549426
0.32728 0.06688 1.49976 -0.26047 0.10071 1.49639 -0.00156 0.00057 0.00031 -0.00238 0.00088 -0.00010 0.09179 0.08904 0.00082 -0.00085 0.05505 0.07917 -0.01062 0.02301 0.6342382 -0.0676987 -0.6494339 0.4139981 0.8633908 -0.205246 0.3325652 -0.3191093
0.32545 0.06655 1.50013 -0.2642 0.09848 1.49488 -0.00183 -0.00033 0.00037 -0.00373 -0.00223 -0.00151 0.09210 0.09057 0.00031 0.00153 0.05857 0.08104 0.00352 0.00187 -0.5399027 0.0024154 0.7294806 -0.4199492 0.9155325 -0.2895145 0.1159315 -0.2540499
0.32406 0.06769 1.50063 -0.26611 0.09936 1.49672 -0.00139 0.00114 0.00050 -0.00191 0.00088 0.00184 0.09068 0.09196 -0.00142 0.00139 0.06602 0.07242 0.00745 -0.00862 0.8995526 -0.288277 -0.136814 0.2983009 0.8578698 -0.2071931 0.3505099 -0.3134859
0.32227 0.06701 1.49953 -0.26531 0.102 1.49617 -0.00179 -0.00068 -0.00110 0.00080 0.00264 -0.00055 0.09178 0.08895 0.00110 -0.00301 0.07127 0.08745 0.00525 0.01503 0.8951237 -0.2816827 -0.1535387 0.3095711 0.9234802 -0.2798237 0.0951604 -0.2445968
0.31985 0.06719 1.49623 -0.26627 0.10095 1.49545 -0.00242 0.00018 -0.00330 -0.00096 -0.00105 -0.00072 0.09007 0.09028 -0.00171 0.00133 0.05484 0.06992 -0.01643 -0.01753 0.6516281 -0.0570025 -0.6300839 0.4184804 0.91598 -0.2699649 0.1431807 -0.2599979
0.31775 0.0676 1.49626 -0.26723 0.10074 1.49631 -0.00210 0.00041 0.00003 -0.00096 -0.00021 0.00086 0.09078 0.09165 0.00071 0.00137 0.06677 0.07841 0.01193 0.00849 0.896354 -0.2798702 -0.1404492 0.3138412 0.9165047 -0.26589 0.1468459 -0.2603036
0.31568 0.06674 1.49702 -0.26707 0.10094 1.49711 -0.00207 -0.00086 0.00076 0.00016 0.00020 0.00080 0.08997 0.09227 -0.00081 0.00062 0.06724 0.08114 0.00047 0.00273 0.8055039 -0.1635837 -0.4134521 0.3917413 0.917083 -0.2702317 0.1346432 -0.2603934
0.31419 0.06629 1.49638 -0.2677 0.10051 1.49703 -0.00149 -0.00045 -0.00064 -0.00063 -0.00043 -0.00008 0.09098 0.09357 0.00101 0.00130 0.05609 0.08190 -0.01115 0.00076 0.7273768 -0.0937444 -0.5390002 0.414263 0.9162686 -0.2675696 0.1410134 -0.2626281
0.31374 0.06629 1.49714 -0.26891 0.09989 1.49764 -0.00045 0.00000 0.00076 -0.00121 -0.00062 0.00061 0.09170 0.09477 0.00072 0.00120 0.06370 0.06348 0.00761 -0.01842 -0.1767636 -0.2086672 0.8888043 -0.3677494 0.9069165 -0.2560366 0.1890738 -0.2760412
0.31135 0.06617 1.49535 -0.26809 0.10081 1.49689 -0.00239 -0.00012 -0.00179 0.00082 0.00092 -0.00075 0.09013 0.09447 -0.00157 -0.00030 0.06597 0.06377 0.00227 0.00029 0.0164172 -0.2861772 0.9048518 -0.3147638 0.9149694 -0.2656083 0.1461104 -0.2663364
0.30952 0.06595 1.49466 -0.26608 0.10306 1.49691 -0.00183 -0.00022 -0.00069 0.00201 0.00225 0.00002 0.09062 0.09190 0.00049 -0.00257 0.06294 0.08241 -0.00303 0.01864 -0.1835355 -0.211142 0.8846816 -0.3729238 0.9190758 -0.2716697 0.1127016 -0.2622856
0.30586 0.06648 1.49512 -0.26597 0.10466 1.49845 -0.00366 0.00053 0.00046 0.00011 0.00160 0.00154 0.09078 0.09068 0.00016 -0.00122 0.05526 0.08998 -0.00768 0.00757 0.6929519 -0.0587203 -0.5782656 0.4265893 0.9259307 -0.2862454 0.0462166 -0.2420331
0.29751 0.06766 1.50056 -0.26705 0.10591 1.50625 -0.00835 0.00118 0.00544 -0.00108 0.00125 0.00780 0.09051 0.09418 -0.00027 0.00350 0.05748 0.06603 0.00222 -0.02395 0.7406896 -0.0818976 -0.5192621 0.4183759 0.9176074 -0.2607285 0.1335508 -0.268666
0.28962 0.06579 1.49852 -0.26344 0.10628 1.504 -0.00789 -0.00187 -0.00204 0.00361 0.00037 -0.00225 0.09305 0.09300 0.00254 -0.00118 0.05798 0.06489 0.00050 -0.00114 0.7403217 -0.0687681 -0.5208799 0.4193793 0.9162185 -0.2515706 0.1358313 -0.2807238
0.27962 0.06569 1.49686 -0.25945 0.10521 1.5012 -0.01000 -0.00010 -0.00166 0.00399 -0.00107 -0.00280 0.09155 0.09381 -0.00150 0.00081 0.05299 0.06656 -0.00499 0.00167 0.8090132 -0.1160237 -0.4022404 0.4126 0.9101107 -0.249209 0.143797 -0.2981876
0.25127 0.06501 1.486 -0.24456 0.10224 1.4931 -0.02835 -0.00068 -0.01086 0.01489 -0.00297 -0.00810 0.09157 0.09708 0.00002 0.00327 0.08055 0.06935 0.02756 0.00279 0.8613712 -0.3633654 0.2443507 0.2574838 0.9051122 -0.2576488 0.0993405 -0.3232964
0.23057 0.06412 1.4761 -0.2298 0.10051 1.48165 -0.02070 -0.00089 -0.00990 0.01476 -0.00173 -0.01145 0.09164 0.09453 0.00007 -0.00255 0.05525 0.04521 -0.02530 -0.02414 0.4460721 -0.4423444 0.7757517 -0.0596699 0.8413309 -0.1647293 0.3334754 -0.3921999
0.21897 0.06471 1.54689 -0.22535 0.09782 1.55025 -0.01160 0.00059 0.07079 0.00445 -0.00269 0.06860 0.09859 0.10213 0.00695 0.00760 0.06367 0.05106 0.00842 0.00585 0.4902952 -0.4520171 0.7450533 -0.0136648 0.7815537 -0.0991083 0.4331845 -0.4378384
0.1948 0.0606 1.57524 -0.19807 0.09397 1.57883 -0.02417 -0.00411 0.02835 0.02728 -0.00385 0.02858 0.10387 0.10041 0.00528 -0.00172 0.05688 0.07836 -0.00679 0.02730 0.4468958 -0.4651366 0.7640281 -0.0139019 0.8852679 -0.3094935 -0.1069869 -0.330255
0.16078 0.05497 1.58807 -0.16061 0.08069 1.58671 -0.03402 -0.00563 0.01283 0.03746 -0.01328 0.00788 0.10434 0.09693 0.00047 -0.00348 0.06131 0.03139 0.00443 -0.04697 0.458889 -0.4764254 0.7495881 0.023609 0.8718944 -0.3241502 -0.1920688 -0.3127881
0.1281 0.04192 1.55374 -0.11469 0.05834 1.55041 -0.03268 -0.01305 -0.03433 0.04592 -0.02235 -0.03630 0.10643 0.10003 0.00209 0.00310 0.07033 0.05443 0.00902 0.02304 0.4973636 -0.4690376 0.7283592 0.0461094 0.7707776 0.0068762 0.4187839 -0.4800776
0.04103 0.06241 1.64556 -0.07517 0.04732 1.64897 -0.08707 0.02049 0.09182 0.03952 -0.01102 0.09856 0.09889 0.11910 -0.00754 0.01907 0.06273 0.05321 -0.00760 -0.00122 0.7561875 -0.3551068 0.4300937 0.3421972 0.7020308 0.0946502 0.4958239 -0.5023472
0.03562 0.06034 1.6332 -0.0181 0.0623 1.63337 -0.00541 -0.00207 -0.01236 0.05707 0.01498 -0.01560 0.09031 0.09998 -0.00858 -0.01912 0.07298 0.08452 0.01025 0.03131 0.6320786 -0.4209259 0.5940246 0.2653918 0.6235338 0.2143859 0.6130664 -0.435194
0.03928 0.07016 1.6478 -0.06238 0.05979 1.65448 0.00366 0.00982 0.01460 -0.04428 -0.00251 0.02111 0.10056 0.13445 0.01025 0.03447 0.07863 0.05683 0.00565 -0.02769 0.3773867 -0.4588272 0.8006123 0.0779542 0.8413903 -0.0334198 0.3672508 -0.3950599
0.13493 0.03877 1.67635 -0.09097 0.07229 1.6852 0.09565 -0.03139 0.02855 -0.02859 0.01250 0.03072 0.11237 0.10079 0.01181 -0.03366 0.06927 0.05755 -0.00936 0.00072 0.8383898 -0.0753797 -0.3759309 0.3874226 0.8044595 0.0157735 0.4651465 -0.3690999
0.20552 0.05761 1.70989 -0.17134 0.09199 1.72469 0.07059 0.01884 0.03354 -0.08037 0.01970 0.03949 0.10559 0.09909 -0.00678 -0.00170 0.07650 0.06530 0.00723 0.00775 0.8474423 -0.1072805 -0.3423488 0.3913179 0.8474123 -0.1200785 0.3454708 -0.3848683
0.2176 0.05732 1.49651 -0.1879 0.08976 1.50794 0.01208 -0.00029 -0.21338 -0.01656 -0.00223 -0.21675 0.09071 0.08227 -0.01488 -0.01682 0.06005 0.04975 -0.01645 -0.01555 0.8435196 -0.1463625 -0.4008573 0.3261383 0.874068 -0.1850684 0.3357891 -0.2983296
0.26028 0.06426 1.51935 -0.23364 0.09584 1.53414 0.04268 0.00694 0.02284 -0.04574 0.00608 0.02620 0.08907 0.08200 -0.00164 -0.00027 0.05366 0.05376 -0.00639 0.00401 0.8344319 -0.1507292 -0.4092223 0.3369589 0.8743913 -0.2120888 0.3358934 -0.2786286
0.29843 0.07027 1.53125 -0.28067 0.09459 1.54932 0.03815 0.00601 0.01190 -0.04703 -0.00125 0.01518 0.08675 0.08810 -0.00232 0.00610 0.05584 0.05120 0.00218 -0.00256 0.7419484 -0.1218702 -0.5720494 0.3277493 0.8634359 -0.2348929 0.3370988 -0.2926914
0.33124 0.06968 1.54118 -0.31883 0.0975 1.55792 0.03281 -0.00059 0.00993 -0.03816 0.00291 0.00860 0.08907 0.08501 0.00232 -0.00309 0.05810 0.05257 0.00226 0.00137 0.8404436 -0.1985457 -0.4157035 0.2853506 0.8653386 -0.2477909 0.3564208 -0.2505052
0.35982 0.06863 1.54514 -0.35513 0.09413 1.56209 0.02858 -0.00105 0.00396 -0.03630 -0.00337 0.00417 0.08885 0.08522 -0.00022 0.00021 0.06000 0.05864 0.00190 0.00607 0.9233797 -0.287909 -0.1630791 0.1946373 0.9107351 -0.3000133 0.2019281 -0.1994463
0.38456 0.06487 1.55268 -0.38809 0.09253 1.57115 0.02474 -0.00376 0.00754 -0.03296 -0.00160 0.00906 0.08873 0.08414 -0.00012 -0.00108 0.06049 0.05442 0.00049 -0.00422 0.7948269 -0.2103928 -0.492675 0.2850551 0.9180079 -0.3182786 0.1873059 -0.1444882
0.40468 0.06077 1.56194 -0.4187 0.0892 1.58151 0.02012 -0.00410 0.00926 -0.03061 -0.00333 0.01036 0.08811 0.08612 -0.00062 0.00198 0.06566 0.06817 0.00517 0.01375 -0.3630055 0.0204699 0.8617427 -0.3538468 0.9176933 -0.3417479 0.1682926 -0.1128047
0.42015 0.05583 1.56665 -0.44233 0.08433 1.59072 0.01547 -0.00494 0.00471 -0.02363 -0.00487 0.00921 0.08877 0.08706 0.00066 0.00094 0.07125 0.05068 0.00559 -0.01749 -0.1729767 -0.045243 0.9161625 -0.3587178 0.9166461 -0.3445815 0.1791453 -0.0945005
0.42839 0.05285 1.56626 -0.45633 0.08044 1.59274 0.00824 -0.00298 -0.00039 -0.01400 -0.00389 0.00202 0.08854 0.08833 -0.00023 0.00127 0.06384 0.06014 -0.00741 0.00946 0.1622871 -0.1646248 0.9197104 -0.3173237 0.9161985 -0.3486595 0.1762379 -0.0892031
0.43082 0.05098 1.56826 -0.46619 0.07766 1.59797 0.00243 -0.00187 0.00200 -0.00986 -0.00278 0.00523 0.08590 0.09042 -0.00264 0.00209 0.07067 0.07722 0.00683 0.01708 -0.1825816 -0.0527367 0.9138009 -0.3589577 0.9204491 -0.3563722 0.1440087 -0.0709491
0.43097 0.04669 1.56764 -0.46975 0.07666 1.59767 0.00015 -0.00429 -0.00062 -0.00356 -0.00100 -0.00030 0.08970 0.08877 0.00380 -0.00165 0.07254 0.07245 0.00187 -0.00477 -0.2970552 -0.0149173 0.877645 -0.3758655 0.9161429 -0.3578154 0.1613127 -0.0814162
0.42846 0.04563 1.56716 -0.47001 0.07634 1.5978 -0.00251 -0.00106 -0.00048 -0.00026 -0.00032 0.00013 0.08994 0.09036 0.00024 0.00159 0.06526 0.07168 -0.00728 -0.00077 0.1597956 -0.2084035 0.9103733 -0.3197714 0.9141628 -0.352777 0.1748814 -0.0962881
0.42415 0.04563 1.56554 -0.46714 0.07648 1.59573 -0.00431 0.00000 -0.00162 0.00287 0.00014 -0.00207 0.08973 0.08920 -0.00021 -0.00116 0.06868 0.07442 0.00342 0.00274 -0.2837997 -0.0534661 0.8776476 -0.3825358 0.9246348 -0.3595978 0.095008 -0.0819368
0.42071 0.04524 1.56458 -0.46369 0.07463 1.595 -0.00344 -0.00039 -0.00096 0.00345 -0.00185 -0.00073 0.08885 0.08975 -0.00088 0.00055 0.07093 0.07182 0.00225 -0.00260 -0.1258946 -0.133338 0.9126047 -0.3654098 0.9186538 -0.353888 0.133741 -0.1138062
0.42214 0.02486 1.57014 -0.45341 0.06301 1.59124 0.00143 -0.02038 0.00556 0.01028 -0.01162 -0.00376 0.08774 0.08710 -0.00111 -0.00265 0.05122 0.06980 -0.01971 -0.00202 0.5150865 -0.3722565 0.7452829 -0.2016542 0.9057378 -0.3873605 0.0879121 -0.1478596
0.43032 0.00405 1.57527 -0.44996 0.04582 1.59335 0.00818 -0.02081 0.00513 0.00345 -0.01719 0.00211 0.08608 0.08609 -0.00166 -0.00101 0.06218 0.07425 0.01096 0.00445 0.4495426 -0.3591457 0.7748058 -0.2619192 0.8881011 -0.4007842 0.1370921 -0.1784776
0.44534 -0.02656 1.58879 -0.44573 0.02145 1.60727 0.01502 -0.03061 0.01352 0.00423 -0.02437 0.01392 0.08628 0.08529 0.00020 -0.00080 0.05707 0.05622 -0.00511 -0.01803 0.4498589 -0.3708393 0.7521661 -0.3071666 0.9000394 -0.3848149 0.1309308 -0.1571739
0.44597 -0.06904 1.54525 -0.42336 -0.0123 1.55817 0.00063 -0.04248 -0.04354 0.02237 -0.03375 -0.04910 0.08353 0.07708 -0.00275 -0.00821 0.05539 0.07897 -0.00168 0.02275 0.4148972 0.0597492 0.9069646 -0.0412988 0.8789079 -0.4528396 0.0272376 -0.1473612
0.49396 -0.17421 1.58739 -0.40367 -0.10272 1.58714 0.04799 -0.10517 0.04214 0.01969 -0.09042 0.02897 0.05576 0.06372 -0.02777 -0.01336 0.05063 0.05601 -0.00476 -0.02296 0.3343298 -0.250869 0.7872123 -0.4534152 0.8690325 -0.4221886 0.1696528 -0.1943123
0.51764 -0.23948 1.59634 -0.38029 -0.15806 1.58505 0.02368 -0.06527 0.00895 0.02338 -0.05534 -0.00209 0.07578 0.06103 0.02002 -0.00269 0.05509 0.06221 0.00446 0.00620 0.507288 -0.3527798 0.658732 -0.4292755 0.8322529 -0.502067 0.10282 -0.2114518
0.54042 -0.29924 1.59829 -0.34883 -0.21494 1.58574 0.02278 -0.05976 0.00195 0.03146 -0.05688 0.00069 0.07584 0.06385 0.00006 0.00282 0.06409 0.05562 0.00900 -0.00659 0.4813921 -0.3457363 0.6173839 -0.5172669 0.7981503 -0.4668449 0.2181938 -0.3120952
0.56575 -0.36552 1.60839 -0.31459 -0.26861 1.58817 0.02533 -0.06628 0.01010 0.03424 -0.05367 0.00243 0.10760 0.06691 0.03176 0.00306 0.06806 0.06596 0.00397 0.01034 -0.5222782 0.3582775 -0.5392429 0.5550494 0.799155 -0.525504 0.1602971 -0.2439296
0.54415 -0.45578 1.66272 -0.23557 -0.33275 1.52739 -0.02160 -0.09026 0.05433 0.07902 -0.06414 -0.06078 0.15679 0.06008 0.04919 -0.00683 0.10010 0.06370 0.03204 -0.00226 -0.1572752 0.1703469 -0.0459824 0.9716647 0.7855926 -0.5761272 0.0530324 -0.2193384
0.60014 -0.52627 1.67732 -0.21813 -0.39991 1.63061 0.05599 -0.07049 0.01460 0.01744 -0.06716 0.10322 0.11416 0.08757 -0.04263 0.02749 0.06584 0.04721 -0.03426 -0.01649 0.621044 -0.476572 0.3007107 -0.5447537 -0.6605649 0.6939816 0.2863364 0.0074211
0.57303 -0.54814 1.83814 -0.18943 -0.43347 1.67372 -0.02711 -0.02187 0.16082 0.02870 -0.03356 0.04311 0.13653 0.10220 0.02237 0.01463 0.09621 0.08754 0.03037 0.04033 -0.4183072 0.2142022 -0.500275 0.7272287 -0.6263004 0.7336292 0.0456658 0.2597127
0.60273 -0.60058 1.9252 -0.18142 -0.49334 1.77618 0.02970 -0.05244 0.08706 0.00801 -0.05987 0.10246 0.11851 0.12828 -0.01802 0.02608 0.15098 0.11796 0.05477 0.03042 -0.2883061 0.1168629 -0.5665705 0.7630337 0.5899191 -0.6619312 0.1068813 -0.4499098
0.62456 -0.69201 1.84906 -0.15379 -0.49954 1.75947 0.02183 -0.09143 -0.07614 0.02763 -0.00620 -0.01671 0.16169 0.13171 0.04318 0.00343 0.09503 0.11436 -0.05595 -0.00360 0.1333371 -0.438199 -0.5217925 0.7196774 -0.5418791 0.5589179 -0.1506451 0.6093307
0.61303 -0.68715 1.83372 -0.1309 -0.50715 1.7594 -0.01153 0.00486 -0.01534 0.02289 -0.00761 -0.00007 0.15576 0.12733 -0.00593 -0.00438 0.08983 0.13409 -0.00520 0.01973 0.1079226 -0.3648141 -0.5313851 0.7568972 -0.5244681 0.4900695 -0.1809221 0.6723335
0.60866 -0.68992 1.82569 -0.11484 -0.51421 1.76076 -0.00437 -0.00277 -0.00803 0.01606 -0.00706 0.00136 0.15752 0.12753 0.00176 0.00020 0.10954 0.12180 0.01971 -0.01229 -0.2532239 0.2123911 -0.4715092 0.8175859 -0.5278255 0.4825058 -0.1595767 0.6805319
0.58194 -0.66276 1.73844 -0.09407 -0.49422 1.6928 -0.02672 0.02716 -0.08725 0.02077 0.01999 -0.06796 0.15079 0.12031 -0.00673 -0.00722 0.09890 0.14211 -0.01064 0.02031 -0.1931404 0.2416123 -0.5288417 0.790346 -0.167466 0.7052342 0.520918 -0.4508264
0.60343 -0.68762 1.80313 -0.09141 -0.51691 1.75959 0.02149 -0.02486 0.06469 0.00266 -0.02269 0.06679 0.15706 0.11982 0.00627 -0.00049 0.08754 0.15289 -0.01136 0.01078 -0.2819509 0.1639256 -0.4771301 0.8160753 -0.1472526 0.7002001 0.5220243 -0.4642488
0.58087 -0.66459 1.72015 -0.08368 -0.49961 1.69619 -0.02256 0.02303 -0.08298 0.00773 0.01730 -0.06340 0.13685 0.11513 -0.02021 -0.00469 0.07123 0.14318 -0.01631 -0.00971 -0.4674553 0.6509841 -0.2887447 0.5237669 -0.1786963 0.7337387 0.5126381 -0.4085309
0.61044 -0.69999 1.82493 -0.08612 -0.53089 1.79019 0.02957 -0.03540 0.10478 -0.00244 -0.03128 0.09400 0.15164 0.12100 0.01479 0.00587 0.07012 0.14713 -0.00111 0.00395 -0.530733 0.613916 -0.2145115 0.5435203 -0.1661539 0.7017643 0.5399088 -0.4340716
0.61661 -0.70895 1.83745 -0.08598 -0.53817 1.80916 0.00617 -0.00896 0.01252 0.00014 -0.00728 0.01897 0.14695 0.12223 -0.00469 0.00123 0.09685 0.15151 0.02673 0.00438 -0.2999772 0.1798877 -0.4892313 0.7989411 -0.1787464 0.7110664 0.5338225 -0.4212693
0.61639 -0.7105 1.83863 -0.0845 -0.53911 1.81131 -0.00022 -0.00155 0.00118 0.00148 -0.00094 0.00215 0.14706 0.12208 0.00011 -0.00015 0.10123 0.14880 0.00438 -0.00271 -0.3085732 0.1981555 -0.483255 0.7949728 -0.1651379 0.7041429 0.5390888 -0.4316194
0.59632 -0.6915 1.78558 -0.08692 -0.5313 1.74888 -0.02007 0.01900 -0.05305 -0.00242 0.00781 -0.06243 0.14265 0.11449 -0.00441 -0.00759 0.07555 0.14495 -0.02568 -0.00385 -0.3483571 0.24981 -0.4971433 0.7543811 -0.1295754 0.6870755 0.5841926 -0.4121365
0.60355 -0.70095 1.80614 -0.0888 -0.53843 1.76985 0.00723 -0.00945 0.02056 -0.00188 -0.00713 0.02097 0.14167 0.11574 -0.00098 0.00125 0.09361 0.14341 0.01806 -0.00154 -0.4561466 0.417944 -0.3782932 0.6885836 -0.1327201 0.6859756 0.5875248 -0.4082125
0.59816 -0.6961 1.79271 -0.08745 -0.53542 1.75652 -0.00539 0.00485 -0.01343 0.00135 0.00301 -0.01333 0.14204 0.11436 0.00037 -0.00138 0.06939 0.14164 -0.02422 -0.00177 -0.4844494 0.4519059 -0.3586853 0.6575977 -0.1702604 0.7129672 0.5750808 -0.3632784
0.60449 -0.70305 1.81175 -0.08774 -0.54128 1.77327 0.00633 -0.00695 0.01904 -0.00029 -0.00586 0.01675 0.14263 0.11291 0.00059 -0.00145 0.08627 0.14671 0.01688 0.00507 -0.5057891 0.4934931 -0.3056797 0.6381237 -0.1670451 0.7078054 0.5765327 -0.372448
0.60217 -0.70196 1.81621 -0.08763 -0.54194 1.77097 -0.00232 0.00109 0.00446 0.00011 -0.00066 -0.00230 0.14749 0.11125 0.00486 -0.00166 0.09100 0.14852 0.00473 0.00181 -0.4922166 0.4700159 -0.3217594 0.658239 -0.1702497 0.7097834 0.5774099 -0.3658147
0.60229 -0.70177 1.80882 -0.08621 -0.54033 1.76858 0.00012 0.00019 -0.00739 0.00142 0.00161 -0.00239 0.14461 0.11252 -0.00288 0.00127 0.07853 0.14695 -0.01247 -0.00157 -0.4194133 0.3316607 -0.4119196 0.7378454 -0.1672343 0.7074467 0.5765099 -0.3730794
0.60346 -0.70302 1.81651 -0.08565 -0.54114 1.77508 0.00117 -0.00125 0.00769 0.00056 -0.00081 0.00650 0.14561 0.11477 0.00100 0.00225 0.08076 0.14750 0.00223 0.00055 -0.4698849 0.424435 -0.3541405 0.6882206 -0.1482924 0.6923226 0.5709478 -0.4155928
0.58015 -0.6759 1.7471 -0.08192 -0.52029 1.70835 -0.02331 0.02712 -0.06941 0.00373 0.02085 -0.06673 0.13983 0.11199 -0.00578 -0.00278 0.06306 0.14211 -0.01770 -0.00539 -0.4923161 0.4310766 -0.3639566 0.6628224 -0.19934 0.7254642 0.5591499 -0.3483053
0.60481 -0.7046 1.81378 -0.08497 -0.54142 1.77701 0.02466 -0.02870 0.06668 -0.00305 -0.02113 0.06866 0.14296 0.11531 0.00313 0.00332 0.06861 0.14813 0.00555 0.00602 -0.4902616 0.4578689 -0.3390894 0.6595589 -0.1851391 0.7182049 0.5634611 -0.3638913
0.59201 -0.69186 1.78374 -0.08466 -0.53223 1.74456 -0.01280 0.01274 -0.03004 0.00031 0.00919 -0.03245 0.14444 0.11505 0.00148 -0.00026 0.07748 0.14446 0.00887 -0.00367 -0.5009186 0.4557177 -0.3555619 0.6441877 -0.1934969 0.7223324 0.5599455 -0.3567294
0.59605 -0.69816 1.8013 -0.0864 -0.53749 1.75965 0.00404 -0.00630 0.01756 -0.00174 -0.00526 0.01509 0.14655 0.11467 0.00211 -0.00038 0.07590 0.14434 -0.00158 -0.00012 -0.5197054 0.5228246 -0.2907519 0.6099377 -0.1835007 0.7167026 0.5707498 -0.3562436
0.60014 -0.70259 1.81167 -0.08638 -0.54127 1.77099 0.00409 -0.00443 0.01037 0.00002 -0.00378 0.01134 0.14560 0.11681 -0.00095 0.00214 0.07576 0.14475 -0.00014 0.00041 -0.4990025 0.4886267 -0.3135349 0.6433789 -0.1858447 0.7201102 0.5693845 -0.350292
0.60442 -0.70772 1.82841 -0.08568 -0.54517 1.7882 0.00428 -0.00513 0.01674 0.00070 -0.00390 0.01721 0.14818 0.11714 0.00258 0.00033 0.08536 0.14819 0.00960 0.00344 -0.36559 0.2514497 -0.4655007 0.7657846 -0.2047055 0.728705 0.5481797 -0.3557859
0.60414 -0.70834 1.83109 -0.08441 -0.54584 1.79017 -0.00028 -0.00062 0.00268 0.00127 -0.00067 0.00197 0.15101 0.11824 0.00283 0.00110 0.08193 0.14608 -0.00343 -0.00211 -0.4741709 0.4440842 -0.356941 0.671226 -0.1464705 0.6896731 0.5613392 -0.433354
]
