classifier_Monkey_jumps_on_man_26122 [ 0.57309 -0.74267 1.94364 -0.15819 -0.62335 1.79642 0.57309 -0.74267 1.94364 -0.15819 -0.62335 1.79642 0.12230 0.11419 0.12230 0.11419 0.09132 0.07030 0.09132 0.07030 -0.4783595 0.3917398 -0.2203121 0.7544366 -0.528856 0.509754 -0.337628 0.5886167
0.57363 -0.74205 1.94028 -0.15791 -0.62229 1.79435 0.00054 0.00062 -0.00336 0.00028 0.00106 -0.00207 0.12346 0.11602 0.00116 0.00183 0.10046 0.06989 0.00914 -0.00041 -0.4651774 0.3413823 -0.2484395 0.7780398 -0.5288209 0.5107386 -0.3374387 0.5879028
0.57343 -0.74211 1.94025 -0.15748 -0.62156 1.7931 -0.00020 -0.00006 -0.00003 0.00043 0.00073 -0.00125 0.12335 0.11673 -0.00011 0.00071 0.11664 0.06951 0.01618 -0.00038 -0.4519075 0.3032597 -0.2674418 0.7951655 -0.5259801 0.5037889 -0.3439773 0.5926393
0.58755 -0.76069 1.98859 -0.16627 -0.6372 1.83568 0.01412 -0.01858 0.04834 -0.00879 -0.01564 0.04258 0.12661 0.11920 0.00326 0.00247 0.12681 0.07062 0.01017 0.00111 -0.4454023 0.2867882 -0.274731 0.802429 -0.5342873 0.5118261 -0.2999375 0.60217
0.57042 -0.74006 1.93471 -0.15568 -0.61934 1.78672 -0.01713 0.02063 -0.05388 0.01059 0.01786 -0.04896 0.12344 0.11632 -0.00317 -0.00288 0.12009 0.06773 -0.00672 -0.00289 -0.4407014 0.2835497 -0.2787871 0.804773 -0.5231153 0.504845 -0.3521844 0.5894473
0.56961 -0.73924 1.93157 -0.15572 -0.6183 1.7862 -0.00081 0.00082 -0.00314 -0.00004 0.00104 -0.00052 0.12256 0.11486 -0.00088 -0.00146 0.11314 0.06726 -0.00695 -0.00047 -0.440546 0.286781 -0.2826685 0.8023555 -0.5205525 0.4988085 -0.3571944 0.5938243
0.58456 -0.75855 1.98145 -0.16672 -0.63573 1.83033 0.01495 -0.01931 0.04988 -0.01100 -0.01743 0.04413 0.12639 0.11971 0.00383 0.00485 0.11639 0.07512 0.00325 0.00786 -0.4441769 0.2972103 -0.2752354 0.799136 -0.5568864 0.5350635 -0.2790933 0.5706939
0.58396 -0.75716 1.98081 -0.16625 -0.63463 1.82949 -0.00060 0.00139 -0.00064 0.00047 0.00110 -0.00084 0.12697 0.11893 0.00058 -0.00078 0.11680 0.07476 0.00041 -0.00036 -0.4408715 0.2820938 -0.2830881 0.8036893 -0.5562349 0.5326666 -0.2804352 0.5729095
0.58491 -0.75633 1.97982 -0.16477 -0.63378 1.82729 0.00095 0.00083 -0.00099 0.00148 0.00085 -0.00220 0.12669 0.11748 -0.00028 -0.00145 0.11743 0.07465 0.00063 -0.00011 -0.4400472 0.2671844 -0.2888142 0.8071911 -0.543644 0.5380197 -0.281704 0.5793348
0.56832 -0.73777 1.92531 -0.15609 -0.61674 1.78035 -0.01659 0.01856 -0.05451 0.00868 0.01704 -0.04694 0.12246 0.11427 -0.00423 -0.00321 0.11364 0.06836 -0.00379 -0.00629 -0.4402478 0.2910165 -0.2818428 0.801284 -0.5326498 0.5098715 -0.34177 0.5826735
0.56877 -0.73775 1.92413 -0.15637 -0.61605 1.77977 0.00045 0.00002 -0.00118 -0.00028 0.00069 -0.00058 0.11979 0.11525 -0.00267 0.00098 0.13048 0.06831 0.01684 -0.00005 -0.4293972 0.2583878 -0.2983792 0.8122953 -0.5330558 0.509979 -0.3427204 0.5816492
0.56835 -0.73775 1.92223 -0.15608 -0.61592 1.77817 -0.00042 0.00000 -0.00190 0.00029 0.00013 -0.00160 0.12017 0.11693 0.00038 0.00168 0.11841 0.06814 -0.01207 -0.00017 -0.4318212 0.2701733 -0.2939167 0.8087953 -0.5314114 0.5082286 -0.3441644 0.5838292
0.56734 -0.73641 1.9216 -0.15533 -0.61529 1.77607 -0.00101 0.00134 -0.00063 0.00075 0.00063 -0.00210 0.12198 0.11576 0.00181 -0.00117 0.12525 0.06884 0.00684 0.00070 -0.4254608 0.2507393 -0.3036571 0.8148038 -0.5339299 0.5113982 -0.3400919 0.5811439
0.56859 -0.7368 1.91945 -0.15499 -0.61518 1.77512 0.00125 -0.00039 -0.00215 0.00034 0.00011 -0.00095 0.11944 0.11490 -0.00254 -0.00086 0.12108 0.06759 -0.00417 -0.00125 -0.4272088 0.2506974 -0.3026661 0.8142707 -0.5270939 0.4993784 -0.3502625 0.5917003
0.56915 -0.73658 1.92027 -0.15626 -0.61423 1.77618 0.00056 0.00022 0.00082 -0.00127 0.00095 0.00106 0.11959 0.11521 0.00015 0.00031 0.11886 0.07003 -0.00222 0.00244 -0.4326848 0.2588287 -0.292682 0.8124831 -0.5346792 0.5135366 -0.3403166 0.5784315
0.56962 -0.73713 1.92289 -0.15566 -0.61504 1.77538 0.00047 -0.00055 0.00262 0.00060 -0.00081 -0.00080 0.12127 0.11574 0.00168 0.00053 0.12173 0.06899 0.00287 -0.00104 -0.434097 0.2604397 -0.2824025 0.8148496 -0.5330768 0.5133357 -0.3392716 0.5806983
0.57095 -0.73755 1.9275 -0.15618 -0.61583 1.77764 0.00133 -0.00042 0.00461 -0.00052 -0.00079 0.00226 0.12407 0.11718 0.00280 0.00144 0.11532 0.07249 -0.00641 0.00350 -0.430923 0.2388459 -0.2909739 0.8201172 -0.5377991 0.5219477 -0.3325291 0.5725093
0.58871 -0.7569 1.98184 -0.1649 -0.63294 1.82434 0.01776 -0.01935 0.05434 -0.00872 -0.01711 0.04670 0.12734 0.11842 0.00327 0.00124 0.11959 0.07218 0.00427 -0.00031 -0.4356074 0.2266436 -0.2882906 0.8220508 -0.540809 0.5199013 -0.2956754 0.5914426
0.57064 -0.73619 1.9267 -0.15541 -0.6149 1.7749 -0.01807 0.02071 -0.05514 0.00949 0.01804 -0.04944 0.12388 0.11493 -0.00346 -0.00349 0.11307 0.06943 -0.00652 -0.00275 -0.4404619 0.257855 -0.2761616 0.8143949 -0.5288783 0.5153153 -0.3366476 0.5842999
0.57118 -0.73652 1.92593 -0.15494 -0.61417 1.7744 0.00054 -0.00033 -0.00077 0.00047 0.00073 -0.00050 0.12319 0.11510 -0.00069 0.00017 0.11284 0.06755 -0.00023 -0.00188 -0.4421276 0.261343 -0.2748606 0.812819 -0.529107 0.5112723 -0.3391984 0.5861663
0.5708 -0.73651 1.92571 -0.15553 -0.61462 1.77499 -0.00038 0.00001 -0.00022 -0.00059 -0.00045 0.00059 0.12175 0.11600 -0.00144 0.00090 0.11234 0.06805 -0.00050 0.00050 -0.437718 0.2531216 -0.2842816 0.8145651 -0.527934 0.5135942 -0.3387073 0.5854777
0.57213 -0.73807 1.92637 -0.1552 -0.61503 1.77477 0.00133 -0.00156 0.00066 0.00033 -0.00041 -0.00022 0.12197 0.11287 0.00022 -0.00313 0.11085 0.07021 -0.00149 0.00216 -0.4367824 0.2501592 -0.2796611 0.8175764 -0.5297325 0.5179827 -0.3341552 0.5825956
0.58924 -0.75733 1.98548 -0.16433 -0.63293 1.82587 0.01711 -0.01926 0.05911 -0.00913 -0.01790 0.05110 0.12918 0.11711 0.00721 0.00424 0.11460 0.07368 0.00375 0.00347 -0.4391606 0.2320998 -0.2836406 0.8202534 -0.5361254 0.5223733 -0.2871226 0.5977092
0.57232 -0.73565 1.92639 -0.15332 -0.61243 1.77376 -0.01692 0.02168 -0.05909 0.01101 0.02050 -0.05211 0.12391 0.11376 -0.00527 -0.00335 0.10608 0.06824 -0.00852 -0.00544 -0.4390514 0.2409418 -0.2827951 0.8180512 -0.5177006 0.5165664 -0.3367312 0.5930913
0.59031 -0.75847 1.99301 -0.16275 -0.62967 1.8299 0.01799 -0.02282 0.06662 -0.00943 -0.01724 0.05614 0.12924 0.11329 0.00533 -0.00047 0.10184 0.07373 -0.00424 0.00549 -0.4715933 0.3393022 -0.2117592 0.7858956 -0.5287243 0.5577967 -0.2508073 0.5885653
0.59078 -0.75968 2.00108 -0.16195 -0.62585 1.83372 0.00047 -0.00121 0.00807 0.00080 0.00382 0.00382 0.13218 0.11574 0.00294 0.00245 0.10878 0.07334 0.00694 -0.00039 -0.4441305 0.2514241 -0.2644662 0.8182858 0.5536229 -0.6052187 0.1996441 -0.5360543
0.5979 -0.76412 2.01475 -0.16621 -0.61382 1.83028 0.00712 -0.00444 0.01367 -0.00426 0.01203 -0.00344 0.13545 0.12364 0.00327 0.00790 0.10567 0.08322 -0.00311 0.00988 -0.4594349 0.2658993 -0.2321091 0.8150721 0.5740882 -0.6701625 0.1165336 -0.4557686
0.585 -0.7486 1.986 -0.15872 -0.53283 1.79852 -0.01290 0.01552 -0.02875 0.00749 0.08099 -0.03176 0.13458 0.12241 -0.00087 -0.00123 0.10496 0.07237 -0.00071 -0.01085 -0.4617657 0.267732 -0.2304155 0.8136342 -0.5307329 0.5440361 -0.2305408 0.6076169
0.60276 -0.77261 2.05635 -0.13704 -0.40853 1.78056 0.01776 -0.02401 0.07035 0.02168 0.12430 -0.01796 0.14456 0.13175 0.00998 0.00934 0.11374 0.05517 0.00878 -0.01720 -0.4469816 0.2059627 -0.2257005 0.8407414 0.7044922 -0.4742028 0.1464219 -0.5073293
0.59601 -0.76057 2.03372 -0.13055 -0.30398 1.73307 -0.00675 0.01204 -0.02263 0.00649 0.10455 -0.04749 0.14583 0.16080 0.00127 0.02905 0.11166 0.12029 -0.00208 0.06512 -0.4540403 0.1921098 -0.2104695 0.8441824 0.7736517 -0.5466003 -0.022115 -0.3196908
0.60105 -0.76723 2.04785 -0.1492 -0.21403 1.7714 0.00504 -0.00666 0.01413 -0.01865 0.08995 0.03833 0.14547 0.17777 -0.00036 0.01697 0.10101 0.04010 -0.01065 -0.08019 -0.4750486 0.3059138 -0.1355761 0.8138579 -0.1086155 0.7358762 -0.6669816 0.0427135
0.58681 -0.75284 2.01291 -0.1082 -0.07759 1.70343 -0.01424 0.01439 -0.03494 0.04100 0.13644 -0.06797 0.15133 0.14888 0.00586 -0.02889 0.10412 0.09918 0.00311 0.05908 -0.4588479 0.2641249 -0.1529739 0.8344433 0.4314031 -0.6299936 0.6454604 -0.0195003
0.58862 -0.75934 2.03535 -0.047 0.11244 1.69676 0.00181 -0.00650 0.02244 0.06120 0.19003 -0.00667 0.14024 0.12102 -0.01109 -0.02786 0.10233 0.05583 -0.00179 -0.04335 -0.4676625 0.3325726 -0.1435624 0.8062736 0.8659254 -0.3137588 0.2149072 -0.3248748
0.57002 -0.74085 1.99156 -0.04473 0.21469 1.70711 -0.01860 0.01849 -0.04379 0.00227 0.10225 0.01035 0.13775 0.12126 -0.00249 0.00024 0.09810 0.07290 -0.00423 0.01707 -0.4649824 0.3643529 -0.1149696 0.7986366 0.8323998 -0.4941223 0.2238121 -0.1134097
0.56461 -0.73699 1.98261 -0.04678 0.28613 1.75571 -0.00541 0.00386 -0.00895 -0.00205 0.07144 0.04860 0.14184 0.10655 0.00409 -0.01471 0.09564 0.13356 -0.00246 0.06066 -0.4628211 0.3928188 -0.1034095 0.7879063 0.9902782 -0.008551 0.129301 -0.05057
0.58629 -0.76609 2.06255 -0.03611 0.39184 1.90428 0.02168 -0.02910 0.07994 0.01067 0.10571 0.14857 0.14435 0.12814 0.00251 0.02159 0.09786 0.10672 0.00222 -0.02684 -0.4533422 0.3403723 -0.141792 0.811494 0.9663112 0.2185366 0.1340304 0.0228097
0.58638 -0.76897 2.07401 -0.06035 0.33415 1.93873 0.00009 -0.00288 0.01146 -0.02424 -0.05769 0.03445 0.14977 0.13934 0.00542 0.01120 0.10922 0.09298 0.01136 -0.01374 -0.4300164 0.2409925 -0.1769667 0.8518752 0.8680139 0.4755106 0.0055763 0.1428655
0.58647 -0.76742 2.06709 -0.05655 0.34242 1.93695 0.00009 0.00155 -0.00692 0.00380 0.00827 -0.00178 0.13481 0.13414 -0.01496 -0.00520 0.09452 0.09564 -0.01470 0.00266 -0.4498619 0.3250546 -0.1275879 0.8220007 0.892934 0.4354609 0.0386665 0.1074598
0.58546 -0.7672 2.07024 -0.05086 0.33075 1.92806 -0.00101 0.00022 0.00315 0.00569 -0.01167 -0.00889 0.14293 0.11992 0.00812 -0.01422 0.09786 0.09908 0.00334 0.00344 -0.4400574 0.2708046 -0.1438052 0.8439991 0.8948173 0.4432085 0.041421 0.0339495
0.5873 -0.76905 2.07882 -0.05199 0.31197 1.91608 0.00184 -0.00185 0.00858 -0.00113 -0.01878 -0.01198 0.12308 0.10196 -0.01985 -0.01796 0.09937 0.12454 0.00151 0.02546 -0.4471631 0.2892079 -0.1352847 0.835525 0.8813674 0.3260877 0.3418433 0.00126
0.58648 -0.76957 2.07822 -0.09434 0.15455 1.84675 -0.00082 -0.00052 -0.00060 -0.04235 -0.15742 -0.06933 0.12573 0.11476 0.00265 0.01280 0.10036 0.06964 0.00099 -0.05490 -0.4516785 0.3186693 -0.130896 0.822984 0.9455568 0.0641807 0.3140396 -0.0564121
0.57464 -0.75612 2.04179 -0.13244 0.07672 1.78998 -0.01184 0.01345 -0.03643 -0.03810 -0.07783 -0.05677 0.12716 0.10315 0.00143 -0.01161 0.09964 0.06818 -0.00072 -0.00146 -0.443223 0.2878592 -0.1528492 0.8350614 0.7722138 -0.5826979 0.1796908 -0.1784948
0.57685 -0.7589 2.0486 -0.17815 0.00789 1.77091 0.00221 -0.00278 0.00681 -0.04571 -0.06883 -0.01907 0.12557 0.08542 -0.00159 -0.01773 0.10019 0.05580 0.00055 -0.01238 -0.4466314 0.3048605 -0.1436153 0.8288276 0.9234552 0.3807612 0.0433746 -0.0192349
0.57597 -0.75373 2.03005 -0.22997 -0.06093 1.73493 -0.00088 0.00517 -0.01855 -0.05182 -0.06882 -0.03598 0.12688 0.07244 0.00131 -0.01298 0.11638 0.09781 0.01619 0.04201 -0.4320171 0.1933902 -0.2127949 0.8547981 0.975517 0.0652518 -0.180409 0.1075234
0.57448 -0.752 2.02894 -0.28002 -0.12711 1.71645 -0.00149 0.00173 -0.00111 -0.05005 -0.06618 -0.01848 0.13279 0.06808 0.00591 -0.00436 0.11172 0.09504 -0.00466 -0.00277 -0.4455507 0.2409706 -0.1734261 0.8445953 0.9757445 -0.1647816 -0.0884266 -0.1137995
0.56836 -0.74325 2.00355 -0.3385 -0.22667 1.68946 -0.00612 0.00875 -0.02539 -0.05848 -0.09956 -0.02699 0.14193 0.04569 0.00914 -0.02239 0.10025 0.09250 -0.01147 -0.00254 -0.4560442 0.2810904 -0.1596986 0.8291612 0.9582152 -0.2819111 0.0189848 0.0446014
0.58541 -0.76493 2.06711 -0.35161 -0.25475 1.75297 0.01705 -0.02168 0.06356 -0.01311 -0.02808 0.06351 0.12605 0.05184 -0.01588 0.00615 0.10236 0.09223 0.00211 -0.00027 -0.4586632 0.2721286 -0.1679069 0.8290846 0.9210234 -0.3869008 0.0120431 0.0433442
0.58102 -0.76224 2.06259 -0.3323 -0.2319 1.76713 -0.00439 0.00269 -0.00452 0.01931 0.02285 0.01416 0.13839 0.04850 0.01234 -0.00334 0.09480 0.07842 -0.00756 -0.01381 -0.4557142 0.2844558 -0.1496119 0.8300757 0.9652483 -0.2590724 -0.0297327 -0.0171248
0.56834 -0.74837 2.02768 -0.32439 -0.21195 1.74023 -0.01268 0.01387 -0.03491 0.00791 0.01995 -0.02690 0.12350 0.04992 -0.01489 0.00142 0.10212 0.09516 0.00732 0.01674 -0.4401862 0.222454 -0.2017987 0.8461841 0.8847031 -0.4657508 0.0089967 0.0171969
0.56586 -0.74714 2.02063 -0.32397 -0.19849 1.73316 -0.00248 0.00123 -0.00705 0.00042 0.01346 -0.00707 0.13605 0.04813 0.01255 -0.00179 0.10119 0.09251 -0.00093 -0.00265 -0.4424191 0.2513338 -0.1990873 0.8375326 0.9155595 -0.4005897 0.0289195 0.0210316
0.57217 -0.75727 2.04874 -0.32969 -0.19774 1.75264 0.00631 -0.01013 0.02811 -0.00572 0.00075 0.01948 0.12654 0.05095 -0.00951 0.00282 0.08362 0.07852 -0.01757 -0.01399 -0.4673809 0.3917646 -0.1196493 0.7834281 0.9701945 -0.2248207 0.0297589 0.0853976
0.57132 -0.75641 2.04639 -0.3371 -0.19446 1.74314 -0.00085 0.00086 -0.00235 -0.00741 0.00328 -0.00950 0.12621 0.05496 -0.00033 0.00401 0.08651 0.07547 0.00289 -0.00305 -0.4752172 0.4309336 -0.1066508 0.7596647 0.9609764 -0.2560032 0.0162229 0.1035546
0.57063 -0.75579 2.04439 -0.34062 -0.19484 1.74094 -0.00069 0.00062 -0.00200 -0.00352 -0.00038 -0.00220 0.12487 0.05357 -0.00134 -0.00139 0.08600 0.06895 -0.00051 -0.00652 -0.4718422 0.4131528 -0.1174233 0.7699879 0.9570151 -0.2457019 -0.0964397 0.120217
0.57106 -0.7552 2.04125 -0.34216 -0.19319 1.73798 0.00043 0.00059 -0.00314 -0.00154 0.00165 -0.00296 0.13889 0.05117 0.01402 -0.00240 0.08486 0.07370 -0.00114 0.00475 -0.4712542 0.3968982 -0.1279771 0.7771828 0.9600231 -0.2623227 0.0649981 0.0729227
0.56955 -0.75484 2.04189 -0.34654 -0.19279 1.73851 -0.00151 0.00036 0.00064 -0.00438 0.00040 0.00053 0.13043 0.05169 -0.00846 0.00052 0.08505 0.07797 0.00019 0.00427 -0.4714178 0.4177065 -0.1147704 0.7681889 0.9619179 -0.2562296 0.0555666 0.0772824
0.56471 -0.74767 2.02379 -0.34593 -0.18798 1.72406 -0.00484 0.00717 -0.01810 0.00061 0.00481 -0.01445 0.12137 0.05548 -0.00906 0.00379 0.08750 0.08326 0.00245 0.00529 -0.4716847 0.4079185 -0.1208101 0.7723477 0.9337407 -0.3577505 0.006368 -0.0101134
0.56927 -0.7545 2.04334 -0.35457 -0.18579 1.74211 0.00456 -0.00683 0.01955 -0.00864 0.00219 0.01805 0.12272 0.05334 0.00135 -0.00214 0.09038 0.07765 0.00288 -0.00561 -0.4474741 0.2984818 -0.1975024 0.8195537 0.955805 -0.2898652 -0.048116 0.009995
0.56474 -0.75146 2.03955 -0.35508 -0.18269 1.73715 -0.00453 0.00304 -0.00379 -0.00051 0.00310 -0.00496 0.12199 0.05776 -0.00073 0.00442 0.08778 0.08148 -0.00260 0.00383 -0.4725163 0.4529345 -0.1107511 0.7478723 0.9395415 -0.3421678 -0.0099435 -0.0091662
0.56112 -0.74574 2.02364 -0.35328 -0.1799 1.72351 -0.00362 0.00572 -0.01591 0.00180 0.00279 -0.01364 0.12343 0.05255 0.00144 -0.00521 0.08276 0.07950 -0.00502 -0.00198 -0.4426078 0.2933144 -0.2088085 0.8212576 0.9340233 -0.3566142 0.016325 -0.0126636
0.5594 -0.74326 2.0149 -0.35233 -0.17703 1.71671 -0.00172 0.00248 -0.00874 0.00095 0.00287 -0.00680 0.12661 0.05701 0.00318 0.00446 0.08206 0.08031 -0.00070 0.00081 -0.4602167 0.3801898 -0.1834016 0.7810379 0.9302979 -0.3422851 -0.1238755 0.0451844
0.56011 -0.74311 2.01505 -0.35197 -0.17396 1.71439 0.00071 0.00015 0.00015 0.00036 0.00307 -0.00232 0.12103 0.05219 -0.00558 -0.00482 0.08300 0.07847 0.00094 -0.00184 -0.4382766 0.2871546 -0.2255414 0.8213324 0.939027 -0.3314599 -0.0868941 0.0284973
0.55993 -0.74231 2.02089 -0.35389 -0.17354 1.71465 -0.00018 0.00080 0.00584 -0.00192 0.00042 0.00026 0.12262 0.05406 0.00159 0.00187 0.09681 0.08527 0.01381 0.00680 -0.4508829 0.3259035 -0.1977399 0.8070877 0.9395597 -0.3420557 0.0043047 0.0143838
0.52904 -0.7015 1.90755 -0.33334 -0.16211 1.61606 -0.03089 0.04081 -0.11334 0.02055 0.01143 -0.09859 0.12112 0.05366 -0.00150 -0.00040 0.11546 0.06919 0.01865 -0.01608 -0.4237662 0.227415 -0.2414708 0.8428502 0.9342601 -0.3415663 -0.0927428 0.043466
0.52443 -0.69258 1.8959 -0.32986 -0.15926 1.59933 -0.00461 0.00892 -0.01165 0.00348 0.00285 -0.01673 0.11391 0.05290 -0.00721 -0.00076 0.10362 0.09142 -0.01184 0.02223 -0.4402972 0.2495112 -0.2007335 0.8388019 0.9130567 -0.4077683 -0.0061554 -0.003815
0.53043 -0.68929 1.90851 -0.32846 -0.15905 1.60061 0.00600 0.00329 0.01261 0.00140 0.00021 0.00128 0.11077 0.05546 -0.00314 0.00256 0.09625 0.07550 -0.00737 -0.01592 -0.4325455 0.0965743 -0.2436961 0.8626644 0.9376748 -0.346068 -0.0316477 0.00116
0.56962 -0.72739 2.04897 -0.34762 -0.16935 1.7101 0.03919 -0.03810 0.14046 -0.01916 -0.01030 0.10949 0.12973 0.05533 0.01896 -0.00013 0.11515 0.08598 0.01890 0.01048 -0.4404148 0.0068703 -0.2897801 0.8497148 0.9319361 -0.3593155 -0.0259662 -0.0413917
0.53339 -0.67209 1.9203 -0.32458 -0.16127 1.60562 -0.03623 0.05530 -0.12867 0.02304 0.00808 -0.10448 0.12619 0.05260 -0.00354 -0.00273 0.12018 0.07423 0.00503 -0.01175 -0.425513 -0.0165436 -0.375775 0.8230786 0.919736 -0.386468 -0.0347774 -0.0593194
0.52916 -0.66874 1.91042 -0.32368 -0.16258 1.60192 -0.00423 0.00335 -0.00988 0.00090 -0.00131 -0.00370 0.13189 0.05351 0.00570 0.00091 0.12657 0.07616 0.00639 0.00193 -0.3553085 -0.0062484 -0.4561376 0.815877 0.9487474 -0.3120295 -0.043547 -0.0248931
0.55681 -0.70165 2.01273 -0.34143 -0.17142 1.68905 0.02765 -0.03291 0.10231 -0.01775 -0.00884 0.08713 0.13204 0.05929 0.00015 0.00578 0.14176 0.07934 0.01519 0.00318 -0.2986253 -0.0353313 -0.5200264 0.7994668 0.9360086 -0.3486673 -0.0430126 -0.0216566
0.51975 -0.65958 1.88152 -0.31984 -0.15944 1.57518 -0.03706 0.04207 -0.13121 0.02159 0.01198 -0.11387 0.12574 0.05526 -0.00630 -0.00403 0.12302 0.09083 -0.01874 0.01149 -0.2727761 -0.0435001 -0.5059734 0.8171241 0.9330579 -0.3544588 -0.0580934 -0.0196719
0.50669 -0.6556 1.8386 -0.32779 -0.15966 1.57334 -0.01306 0.00398 -0.04292 -0.00795 -0.00022 -0.00184 0.11970 0.05266 -0.00604 -0.00260 0.12698 0.08439 0.00396 -0.00644 -0.2280195 -0.015124 -0.4944668 0.8386185 0.9218813 -0.3870653 -0.0082575 0.0157207
0.3929 -0.52639 1.934 -0.35882 -0.16207 1.63628 -0.11379 0.12921 0.09540 -0.03103 -0.00241 0.06294 0.08626 0.05592 -0.03344 0.00326 0.08355 0.06391 -0.04343 -0.02048 0.1136336 -0.0104034 -0.4432195 0.8891206 0.872849 -0.4013424 0.2773843 -0.0108036
0.35233 -0.51569 1.88676 -0.35359 -0.15481 1.58869 -0.04057 0.01070 -0.04724 0.00523 0.00726 -0.04759 0.14648 0.05634 0.06022 0.00042 0.07291 0.06111 -0.01064 -0.00280 0.1740921 -0.2419403 -0.2362281 0.924853 0.8621235 -0.3853116 0.3286098 -0.0171372
0.3381 -0.43258 2.21666 -0.40528 -0.16244 1.78222 -0.01423 0.08311 0.32990 -0.05169 -0.00763 0.19353 0.10700 0.05488 -0.03948 -0.00146 0.11496 0.08886 0.04205 0.02775 0.2793371 0.1123024 -0.281069 0.9112405 0.9328728 -0.3336871 0.0867021 0.1043263
0.26474 -0.33018 2.10994 -0.383 -0.15009 1.6711 -0.07336 0.10240 -0.10672 0.02228 0.01235 -0.11112 0.15163 0.05166 0.04463 -0.00322 0.09682 0.09030 -0.01814 0.00144 0.4267698 0.4422848 -0.2459761 0.7494981 0.9166428 -0.3919049 0.0642016 0.0453294
0.17207 -0.18735 1.94003 -0.37464 -0.13808 1.61265 -0.09267 0.14283 -0.16991 0.00836 0.01201 -0.05845 0.11716 0.05435 -0.03447 0.00269 0.09673 0.06891 -0.00009 -0.02139 0.5069956 0.3841575 -0.3250349 0.6998076 0.9083254 -0.3795113 -0.1580354 0.0770777
0.22556 -0.14764 2.00598 -0.38377 -0.14084 1.65549 0.05349 0.03971 0.06595 -0.00913 -0.00276 0.04284 0.13468 0.05690 0.01752 0.00255 0.10049 0.08665 0.00376 0.01774 0.5689378 0.2951751 -0.2273677 0.733134 0.9238577 -0.3826229 0.0092977 0.0001927
0.38298 -0.20443 1.999 -0.38691 -0.1448 1.66687 0.15742 -0.05679 -0.00698 -0.00314 -0.00396 0.01138 0.08049 0.05333 -0.05419 -0.00357 0.09834 0.08811 -0.00215 0.00146 0.3755386 0.0245265 -0.4427964 0.8138185 0.9054798 -0.4235823 0.024932 -0.0079228
0.29219 -0.27259 2.11088 -0.38813 -0.15143 1.67429 -0.09079 -0.06816 0.11188 -0.00122 -0.00663 0.00742 0.11954 0.05217 0.03905 -0.00116 0.07406 0.10267 -0.02428 0.01456 0.4301774 0.5024772 -0.2873095 0.6927606 0.8961692 -0.4434342 0.0128462 -0.0090471
0.28289 -0.24818 2.36378 -0.43454 -0.17234 1.87816 -0.00930 0.02441 0.25290 -0.04641 -0.02091 0.20387 0.08382 0.05690 -0.03572 0.00473 0.10057 0.10025 0.02651 -0.00242 0.5402661 0.3437633 -0.2428551 0.7286705 0.9301382 -0.3657006 0.0253342 -0.0215485
0.26819 -0.18337 2.16485 -0.40703 -0.16237 1.76327 -0.01470 0.06481 -0.19893 0.02751 0.00997 -0.11489 0.06754 0.06230 -0.01628 0.00540 0.09888 0.06606 -0.00169 -0.03419 0.5315029 0.1654755 -0.4960912 0.6663453 0.8859344 -0.3996949 0.2101375 -0.1058604
0.19527 -0.17708 1.9717 -0.37976 -0.15017 1.64223 -0.07292 0.00629 -0.19315 0.02727 0.01220 -0.12104 0.08396 0.05190 0.01642 -0.01040 0.08841 0.09152 -0.01047 0.02546 0.6670308 0.23129 -0.1114459 0.699396 0.9050995 -0.4120246 -0.0996393 0.0332077
0.3101 -0.12125 2.16482 -0.42641 -0.17165 1.83922 0.11483 0.05583 0.19312 -0.04665 -0.02148 0.19699 0.09713 0.05741 0.01317 0.00551 0.11599 0.10362 0.02758 0.01210 0.6862105 -0.1940105 -0.101216 0.6937078 0.8956333 -0.4401687 0.0535473 -0.035003
0.29321 -0.0712 1.99471 -0.40518 -0.16227 1.75144 -0.01689 0.05005 -0.17011 0.02123 0.00938 -0.08778 0.09809 0.05834 0.00096 0.00093 0.08450 0.09686 -0.03149 -0.00676 0.6984242 -0.2874686 -0.2812692 0.5919908 0.8935508 -0.4482715 0.0134731 -0.0209328
0.29742 -0.00513 1.94092 -0.39257 -0.16128 1.70844 0.00421 0.06607 -0.05379 0.01261 0.00099 -0.04300 0.11596 0.05959 0.01787 0.00125 0.07221 0.07289 -0.01229 -0.02397 0.784391 -0.1527417 -0.2564554 0.5437198 0.8619824 -0.4924059 0.090883 -0.0791393
0.28585 0.04848 1.92161 -0.38588 -0.15705 1.69961 -0.01157 0.05361 -0.01931 0.00669 0.00423 -0.00883 0.09898 0.05632 -0.01698 -0.00327 0.05799 0.10300 -0.01422 0.03011 0.7934062 -0.1176901 -0.3837358 0.4576051 0.8881861 -0.4585425 0.0031029 -0.0292332
0.30082 0.09724 2.0992 -0.41237 -0.16013 1.85908 0.01497 0.04876 0.17759 -0.02649 -0.00308 0.15947 0.12292 0.06350 0.02394 0.00718 0.08093 0.09503 0.02294 -0.00797 0.9093757 -0.1072927 -0.1638831 0.3669693 0.9186882 -0.3877534 -0.0204814 -0.0723868
0.25499 0.0852 1.83072 -0.35608 -0.13582 1.62506 -0.04583 -0.01204 -0.26848 0.05629 0.02431 -0.23402 0.10964 0.06038 -0.01328 -0.00312 0.06495 0.08362 -0.01598 -0.01141 0.8248678 0.0135657 -0.4419395 0.3522761 0.9057888 -0.4177214 -0.0377788 -0.0602342
0.23607 0.06714 1.73968 -0.33538 -0.12294 1.55323 -0.01892 -0.01806 -0.09104 0.02070 0.01288 -0.07183 0.10093 0.05604 -0.00871 -0.00434 0.06476 0.08913 -0.00019 0.00551 0.8184085 -0.0873825 -0.3041092 0.4796764 0.9173012 -0.3941105 -0.0108521 -0.0558356
0.24245 -0.0034 1.81742 -0.34155 -0.12032 1.65919 0.00638 -0.07054 0.07774 -0.00617 0.00262 0.10596 0.10501 0.05824 0.00408 0.00220 0.06734 0.07623 0.00258 -0.01290 0.8944671 -0.083851 -0.3603622 0.2510714 0.9195713 -0.3640302 -0.1263979 -0.076773
0.22277 -0.03419 1.67061 -0.31039 -0.10872 1.54673 -0.01968 -0.03079 -0.14681 0.03116 0.01160 -0.11246 0.09236 0.05554 -0.01265 -0.00270 0.06622 0.07829 -0.00112 0.00206 0.8667017 -0.2391156 -0.2777883 0.3383572 0.9293403 -0.3407738 -0.1117084 -0.08787
0.22271 -0.057 1.63947 -0.30059 -0.10409 1.53296 -0.00006 -0.02281 -0.03114 0.00980 0.00463 -0.01377 0.09183 0.04952 -0.00053 -0.00602 0.07219 0.07311 0.00597 -0.00518 0.8715754 -0.2806927 -0.2750877 0.2930781 0.9552304 -0.2918721 -0.0480034 -0.0064179
0.24203 -0.07123 1.74554 -0.31704 -0.11083 1.63897 0.01932 -0.01423 0.10607 -0.01645 -0.00674 0.10601 0.09806 0.05287 0.00623 0.00335 0.06515 0.08177 -0.00704 0.00866 0.8928357 -0.2738267 -0.261649 0.2437275 0.9538849 -0.2933412 -0.052617 -0.0358592
0.2363 -0.06945 1.66068 -0.29809 -0.10541 1.55797 -0.00573 0.00178 -0.08486 0.01895 0.00542 -0.08100 0.09225 0.04980 -0.00581 -0.00307 0.05704 0.05600 -0.00811 -0.02577 0.9101524 -0.2410014 -0.2616248 0.2123518 0.9002422 -0.3111832 0.2654803 -0.1491617
0.24144 -0.06658 1.6657 -0.29578 -0.10726 1.55875 0.00514 0.00287 0.00502 0.00231 -0.00185 0.00078 0.09138 0.05054 -0.00087 0.00074 0.06428 0.06978 0.00724 0.01378 0.923164 -0.2280362 -0.2596876 0.1683149 0.9332029 -0.3470106 -0.0874437 -0.0327041
0.24416 -0.06393 1.67139 -0.2926 -0.10419 1.56346 0.00272 0.00265 0.00569 0.00318 0.00307 0.00471 0.09099 0.04967 -0.00039 -0.00087 0.06710 0.09671 0.00282 0.02693 0.9285437 -0.2157261 -0.2557603 0.1607967 0.9296803 -0.3600052 -0.0476246 -0.0618292
0.24619 -0.06259 1.67909 -0.28733 -0.10479 1.56584 0.00203 0.00134 0.00770 0.00527 -0.00060 0.00238 0.09298 0.04943 0.00199 -0.00024 0.06472 0.09686 -0.00238 0.00015 0.9391772 -0.2131453 -0.2193019 0.1562749 0.9282469 -0.356625 -0.0620308 -0.0856067
0.24964 -0.06397 1.68342 -0.2862 -0.10589 1.56875 0.00345 -0.00138 0.00433 0.00113 -0.00110 0.00291 0.09087 0.04920 -0.00211 -0.00023 0.05700 0.10130 -0.00772 0.00444 0.9503292 -0.2317667 -0.1512557 0.1424085 0.9224238 -0.3684571 -0.0874936 -0.0756213
0.27028 -0.07247 1.80503 -0.30567 -0.11694 1.68109 0.02064 -0.00850 0.12161 -0.01947 -0.01105 0.11234 0.09899 0.05319 0.00812 0.00399 0.05713 0.11666 0.00013 0.01536 0.940758 -0.2423149 -0.1812961 0.1529364 0.9331018 -0.3324856 -0.100364 -0.0932812
0.27185 -0.07761 1.80294 -0.3059 -0.11994 1.68009 0.00157 -0.00514 -0.00209 -0.00023 -0.00300 -0.00100 0.09490 0.05096 -0.00409 -0.00223 0.05882 0.09794 0.00169 -0.01872 0.9422255 -0.2695888 -0.1345662 0.1463728 0.9360023 -0.3332766 -0.0330844 -0.1083141
0.27586 -0.08664 1.83182 -0.31043 -0.12856 1.71094 0.00401 -0.00903 0.02888 -0.00453 -0.00862 0.03085 0.09510 0.05567 0.00020 0.00471 0.05468 0.10208 -0.00414 0.00414 0.9292301 -0.2730975 -0.1614204 0.1894532 0.959141 -0.2676314 -0.0160128 -0.0903643
0.26835 -0.09076 1.80039 -0.30628 -0.13238 1.68871 -0.00751 -0.00412 -0.03143 0.00415 -0.00382 -0.02223 0.09643 0.05399 0.00133 -0.00168 0.06529 0.08932 0.01061 -0.01276 0.9165252 -0.2804843 -0.2081122 0.194934 0.9659232 -0.2444443 -0.0301971 -0.0795446
0.24082 -0.04195 1.78242 -0.30396 -0.15639 1.70255 -0.02753 0.04881 -0.01797 0.00232 -0.02401 0.01384 0.11019 0.06040 0.01376 0.00641 0.06376 0.09192 -0.00153 0.00260 0.9152064 -0.2416332 -0.2444072 0.2104181 0.9611177 -0.2588868 0.0285333 -0.0917396
0.21674 0.03098 1.77255 -0.3018 -0.16229 1.7091 -0.02408 0.07293 -0.00987 0.00216 -0.00590 0.00655 0.10679 0.05596 -0.00340 -0.00444 0.04695 0.10885 -0.01681 0.01693 0.9662685 -0.2048992 -0.0260002 0.1538356 0.9573364 -0.2741102 -0.0628993 -0.0664409
0.14625 0.16505 1.81303 -0.29972 -0.17004 1.75138 -0.07049 0.13407 0.04048 0.00208 -0.00775 0.04228 0.11303 0.07095 0.00624 0.01499 0.05959 0.07149 0.01264 -0.03736 0.9468057 0.010179 -0.21316 0.2408694 0.9453463 -0.2815031 0.0284038 -0.162079
0.07928 0.23723 1.71827 -0.27962 -0.15877 1.65486 -0.06697 0.07218 -0.09476 0.02010 0.01127 -0.09652 0.11733 0.05628 0.00430 -0.01467 0.03592 0.06923 -0.02367 -0.00226 0.9923894 -0.0343242 -0.0548031 0.104794 0.9458634 -0.2856242 -0.0254164 -0.1520371
0.0233 0.27778 1.80143 -0.28586 -0.15911 1.71673 -0.05598 0.04055 0.08316 -0.00624 -0.00034 0.06187 0.12283 0.05626 0.00550 -0.00002 0.03166 0.06408 -0.00426 -0.00515 0.9664298 -0.0950322 0.0931038 0.2198043 0.9236199 -0.21372 0.230216 -0.2196601
-0.05544 0.31591 1.78879 -0.27782 -0.15023 1.6842 -0.07874 0.03813 -0.01264 0.00804 0.00888 -0.03253 0.11125 0.05573 -0.01158 -0.00053 0.05777 0.06982 0.02611 0.00574 0.9937722 -0.0213154 -0.0271219 0.1059569 0.9355736 -0.3342394 0.0623786 -0.0953675
-0.19239 0.24656 1.93988 -0.29067 -0.1528 1.79507 -0.13695 -0.06935 0.15109 -0.01285 -0.00257 0.11087 0.12098 0.06574 0.00973 0.01001 0.12263 0.11082 0.06486 0.04100 0.9466426 -0.0318218 0.1903019 0.2581479 0.8506442 -0.5134282 -0.0728088 -0.0865716
-0.26902 0.1977 1.94506 -0.28665 -0.15739 1.79496 -0.07663 -0.04886 0.00518 0.00402 -0.00459 -0.00011 0.12903 0.06247 0.00805 -0.00327 0.04618 0.07552 -0.07645 -0.03530 0.9434086 -0.0683387 0.1740198 0.2739107 0.8073683 -0.4296251 0.2759759 -0.2956618
-0.29435 0.09695 1.80948 -0.26782 -0.15277 1.67943 -0.02533 -0.10075 -0.13558 0.01883 0.00462 -0.11553 0.13289 0.05385 0.00386 -0.00862 0.05596 0.08530 0.00978 0.00978 0.9244871 -0.1381395 0.128904 0.3310967 -0.5260533 0.8466985 -0.077714 -0.0181684
-0.33672 0.04117 1.80926 -0.26891 -0.1194 1.69167 -0.04237 -0.05578 -0.00022 -0.00109 0.03337 0.01224 0.05013 0.12816 -0.08276 0.07431 0.04715 0.10386 -0.00881 0.01856 0.8977207 -0.0786033 0.3380866 0.2713237 0.9877133 -0.0848346 -0.1308493 -0.0102002
-0.33667 -0.05151 1.80868 -0.2726 -0.16739 1.70049 0.00005 -0.09268 -0.00058 -0.00369 -0.04799 0.00882 0.07925 0.06215 0.02912 -0.06601 0.03966 0.06903 -0.00749 -0.03483 0.940427 -0.1335773 0.0888248 0.2997737 0.782708 -0.6092917 0.055883 -0.1140571
-0.35635 -0.07558 1.80429 -0.27345 -0.17192 1.69554 -0.01968 -0.02407 -0.00439 -0.00085 -0.00453 -0.00495 0.06779 0.06034 -0.01146 -0.00181 0.04069 0.06622 0.00103 -0.00281 0.916429 -0.1483101 0.1220139 0.3511048 0.9812741 0.1847782 -0.0325128 0.0436015
-0.36186 -0.08569 1.80372 -0.274 -0.17721 1.6898 -0.00551 -0.01011 -0.00057 -0.00055 -0.00529 -0.00574 0.06752 0.06375 -0.00027 0.00341 0.02396 0.07340 -0.01673 0.00718 0.9031004 -0.0179932 -0.1812803 0.3888744 0.888086 0.4155013 -0.1587671 0.1159953
-0.36942 -0.08594 1.80517 -0.27652 -0.18008 1.69014 -0.00756 -0.00025 0.00145 -0.00252 -0.00287 0.00034 0.07145 0.05459 0.00393 -0.00916 0.01892 0.06283 -0.00504 -0.01057 0.9182344 -0.1032634 0.0272001 0.3813693 0.783271 0.5286429 -0.2692196 0.1858606
-0.35872 -0.08646 1.79956 -0.28072 -0.17997 1.69502 0.01070 -0.00052 -0.00561 -0.00420 0.00011 0.00488 0.06362 0.05854 -0.00783 0.00395 0.01375 0.07906 -0.00517 0.01623 0.9234825 -0.0921629 -0.06705 0.3663199 0.7253408 0.4063141 -0.2480591 0.4972487
-0.31626 -0.11318 1.73462 -0.28442 -0.1435 1.68788 0.04246 -0.02672 -0.06494 -0.00370 0.03647 -0.00714 0.13671 0.12912 0.07309 0.07058 0.07477 0.05633 0.06102 -0.02273 0.8407518 -0.2919275 -0.289086 0.3526244 0.8312218 -0.0788868 0.5490353 0.0375171
-0.28036 -0.16062 1.70467 -0.28401 -0.15645 1.6825 0.03590 -0.04744 -0.02995 0.00041 -0.01295 -0.00538 0.05991 0.04596 -0.07680 -0.08316 0.09052 0.05551 0.01575 -0.00082 0.7253381 -0.528331 -0.2735576 0.3462906 0.348338 -0.1275212 0.9203811 -0.1236829
-0.28137 -0.15315 1.70641 -0.28734 -0.15146 1.67987 -0.00101 0.00747 0.00174 -0.00333 0.00499 -0.00263 0.06480 0.04949 0.00489 0.00353 0.08277 0.05131 -0.00775 -0.00420 0.7584782 -0.6204925 -0.0171031 0.1985127 0.4636228 -0.1479898 0.8670235 -0.1068788
-0.28135 -0.15124 1.70327 -0.28841 -0.15328 1.68052 0.00002 0.00191 -0.00314 -0.00107 -0.00182 0.00065 0.06170 0.04450 -0.00310 -0.00499 0.08082 0.05888 -0.00195 0.00757 0.7172902 -0.6053619 0.2026883 0.2791938 0.9036261 -0.2045654 0.3760727 -0.013496
-0.2835 -0.14768 1.70388 -0.29288 -0.1262 1.69776 -0.00215 0.00356 0.00061 -0.00447 0.02708 0.01724 0.05901 0.13041 -0.00269 0.08591 0.08816 0.08686 0.00734 0.02798 0.7308918 -0.5855104 0.1920677 0.293402 0.9921565 0.0094559 -0.1093681 0.0597885
-0.28276 -0.14751 1.7066 -0.29363 -0.12573 1.69923 0.00074 0.00017 0.00272 -0.00075 0.00047 0.00147 0.06060 0.13294 0.00159 0.00253 0.09001 0.09186 0.00185 0.00500 0.7268268 -0.591949 0.2095808 0.2781994 0.9892638 -0.0179113 -0.1358225 0.0508773
-0.28308 -0.14652 1.69136 -0.28711 -0.12414 1.68981 -0.00032 0.00099 -0.01524 0.00652 0.00159 -0.00942 0.05256 0.12803 -0.00804 -0.00491 0.08859 0.05590 -0.00142 -0.03596 0.7177311 -0.6016983 0.216975 0.2752146 0.9079687 -0.0661272 0.411987 -0.0385576
-0.29637 -0.03646 1.77348 -0.28419 -0.13316 1.67036 -0.01329 0.11006 0.08212 0.00292 -0.00902 -0.01945 0.07370 0.11390 0.02114 -0.01413 0.11814 0.05333 0.02955 -0.00257 0.832521 -0.3913877 0.0178579 0.3916703 0.8698735 -0.0762736 0.4839797 -0.0571493
-0.29354 -0.03169 1.8151 -0.28677 -0.1377 1.69276 0.00283 0.00477 0.04162 -0.00258 -0.00454 0.02240 0.09330 0.13003 0.01960 0.01613 0.08433 0.05460 -0.03381 0.00127 0.8664778 -0.2676741 0.0636331 0.4165545 0.8945186 -0.0755391 0.4354062 -0.0674669
-0.25703 -0.04746 1.81188 -0.27851 -0.14399 1.66334 0.03651 -0.01577 -0.00322 0.00826 -0.00629 -0.02942 0.12761 0.12054 0.03431 -0.00949 0.15937 0.04988 0.07504 -0.00472 -0.1803835 -0.4967608 0.8466988 0.0615781 0.8943443 -0.0380975 0.4346088 -0.0990556
-0.21359 -0.08229 1.93675 -0.28283 -0.15937 1.72263 0.04344 -0.03483 0.12487 -0.00432 -0.01538 0.05929 0.13560 0.10455 0.00799 -0.01599 0.18433 0.06850 0.02496 0.01862 -0.1396856 -0.3802506 0.9122279 0.0611374 0.9781967 0.0491142 -0.1545639 -0.1297265
-0.21693 -0.08053 1.85001 -0.23432 -0.14813 1.64629 -0.00334 0.00176 -0.08674 0.04851 0.01124 -0.07634 0.09117 0.02415 -0.04443 -0.08040 0.16016 0.06498 -0.02417 -0.00352 -0.121452 -0.2602023 0.9349524 0.2083463 0.8171824 0.4186182 -0.0769829 -0.3886457
-0.21678 -0.12456 1.81217 -0.24257 -0.21975 1.63546 0.00015 -0.04403 -0.03784 -0.00825 -0.07162 -0.01083 0.15640 0.04254 0.06523 0.01839 0.17559 0.06765 0.01543 0.00267 0.0758166 -0.6323885 0.7677919 0.0695137 0.8777933 -0.4009487 -0.1219909 -0.2320286
-0.16486 -0.19522 1.83371 -0.22622 -0.27123 1.65751 0.05192 -0.07066 0.02154 0.01635 -0.05148 0.02205 0.16368 0.03815 0.00728 -0.00439 0.08207 0.03768 -0.09352 -0.02997 0.1003907 -0.6530648 0.7466234 -0.0773409 -0.6148812 0.4521504 -0.0980996 0.6386373
-0.14785 -0.29675 1.77715 -0.22144 -0.33285 1.72077 0.01701 -0.10153 -0.05656 0.00478 -0.06162 0.06326 0.11519 0.04503 -0.04849 0.00688 0.11554 0.05100 0.03347 0.01332 -0.2533773 -0.4347249 0.718136 -0.4807233 0.8353455 -0.5217585 -0.128077 -0.116457
-0.01695 -0.35708 1.8198 -0.20787 -0.39085 1.74772 0.13090 -0.06033 0.04265 0.01357 -0.05800 0.02695 0.17782 0.06934 0.06263 0.02431 0.05323 0.06201 -0.06231 0.01101 -0.2567006 -0.3054716 0.829655 -0.3904669 0.8456198 -0.528367 0.0525476 -0.0547197
0.09721 -0.52765 1.92153 -0.18022 -0.46092 1.77633 0.11416 -0.17057 0.10173 0.02765 -0.07007 0.02861 0.17115 0.06787 -0.00667 -0.00147 0.11186 0.05558 0.05863 -0.00643 0.2966099 0.2774085 -0.1810973 0.8956957 0.7360514 -0.5732167 0.0051852 -0.3600335
0.11315 -0.55658 1.93248 -0.16658 -0.5383 1.81985 0.01594 -0.02893 0.01095 0.01364 -0.07738 0.04352 0.15572 0.08387 -0.01543 0.01600 0.11294 0.05033 0.00108 -0.00525 0.3736296 -0.3335424 -0.0786135 0.8619573 -0.6215143 0.7278101 0.2066587 0.2032353
0.16911 -0.57918 1.93503 -0.15235 -0.62482 1.86611 0.05596 -0.02260 0.00255 0.01423 -0.08652 0.04626 0.11165 0.11270 -0.04407 0.02883 0.09974 0.07162 -0.01320 0.02129 -0.5171243 0.8298485 -0.120317 -0.1716321 -0.4902281 0.4996321 -0.2269664 0.6771486
0.23258 -0.60343 2.0105 -0.15017 -0.64653 1.88386 0.06347 -0.02425 0.07547 0.00218 -0.02171 0.01775 0.14683 0.12325 0.03518 0.01055 0.07930 0.07151 -0.02044 -0.00011 -0.6053249 0.7316344 0.0451118 -0.3102544 -0.50137 0.5457775 -0.1935987 0.6428644
0.18584 -0.62465 1.83632 -0.14423 -0.61156 1.79538 -0.04674 -0.02122 -0.17418 0.00594 0.03497 -0.08848 0.11810 0.11710 -0.02873 -0.00615 0.07569 0.07435 -0.00361 0.00284 0.5361796 -0.5898097 -0.2543038 0.547691 -0.5171443 0.526877 -0.2283759 0.6346707
0.18533 -0.62587 1.83371 -0.14344 -0.61261 1.79077 -0.00051 -0.00122 -0.00261 0.00079 -0.00105 -0.00461 0.11849 0.11240 0.00039 -0.00470 0.07508 0.07712 -0.00061 0.00277 0.5320643 -0.5859526 -0.2612845 0.5525373 -0.5213318 0.5385317 -0.2246311 0.6226858
0.1853 -0.62592 1.83031 -0.14257 -0.61302 1.79 -0.00003 -0.00005 -0.00340 0.00087 -0.00041 -0.00077 0.11745 0.11178 -0.00104 -0.00062 0.07525 0.07749 0.00017 0.00037 0.5344591 -0.5864977 -0.2654833 0.5476245 -0.524039 0.5288436 -0.230606 0.626521
0.18444 -0.61667 1.80532 -0.14075 -0.60643 1.76527 -0.00086 0.00925 -0.02499 0.00182 0.00659 -0.02473 0.11954 0.10955 0.00209 -0.00223 0.07562 0.07574 0.00037 -0.00175 0.5338435 -0.5865263 -0.2706679 0.5456526 -0.5452597 0.5159746 -0.2519596 0.6107195
0.26604 -0.63747 2.06454 -0.15019 -0.64283 1.86888 0.08160 -0.02080 0.25922 -0.00944 -0.03640 0.10361 0.16437 0.11271 0.04483 0.00316 0.09778 0.07987 0.02216 0.00413 -0.5865152 0.7699806 -0.0225516 -0.2502423 -0.5463465 0.5178804 -0.2400577 0.6129255
0.20421 -0.62912 1.75214 -0.14109 -0.60065 1.74884 -0.06183 0.00835 -0.31240 0.00910 0.04218 -0.12004 0.13356 0.11073 -0.03081 -0.00198 0.05255 0.07569 -0.04523 -0.00418 -0.4874123 0.7325492 0.1187391 -0.4601108 -0.5531118 0.4995765 -0.268851 0.61009
0.22883 -0.63057 1.79437 -0.14251 -0.60569 1.76216 0.02462 -0.00145 0.04223 -0.00142 -0.00504 0.01332 0.13241 0.10969 -0.00115 -0.00104 0.06096 0.07766 0.00841 0.00197 -0.5469953 0.7466827 0.1291565 -0.3557804 -0.5510154 0.5009238 -0.271069 0.6099008
0.2972 -0.63293 1.77766 -0.141 -0.59537 1.73482 0.06837 -0.00236 -0.01671 0.00151 0.01032 -0.02734 0.09717 0.11014 -0.03524 0.00045 0.07385 0.07671 0.01289 -0.00095 0.3376 -0.4766066 -0.4106567 0.7001668 -0.5542753 0.4991032 -0.2728303 0.6076499
0.36392 -0.62646 1.90026 -0.14581 -0.61275 1.78413 0.06672 0.00647 0.12260 -0.00481 -0.01738 0.04931 0.12730 0.11430 0.03013 0.00416 0.07401 0.07927 0.00016 0.00256 -0.5306163 0.562727 0.5445356 -0.3244465 -0.5566887 0.5052555 -0.2706743 0.6012903
0.42199 -0.62142 1.85451 -0.14317 -0.60227 1.75497 0.05807 0.00504 -0.04575 0.00264 0.01048 -0.02916 0.09388 0.10987 -0.03342 -0.00443 0.07998 0.07719 0.00597 -0.00208 -0.3964467 0.6215184 0.6009111 -0.3089512 -0.5609866 0.5014384 -0.2732686 0.5993144
0.4649 -0.64232 1.90808 -0.14812 -0.61772 1.79502 0.04291 -0.02090 0.05357 -0.00495 -0.01545 0.04005 0.10797 0.11312 0.01409 0.00325 0.09161 0.07967 0.01163 0.00248 -0.3719838 0.6363941 0.603743 -0.303521 -0.5574688 0.5214832 -0.2374105 0.6007662
0.53495 -0.71298 1.95799 -0.15076 -0.62687 1.82234 0.07005 -0.07066 0.04991 -0.00264 -0.00915 0.02732 0.13935 0.11684 0.03138 0.00372 0.07204 0.08215 -0.01957 0.00248 -0.4641546 0.8366827 0.28416 -0.0614468 -0.5542852 0.512053 -0.247656 0.6076483
0.54687 -0.72396 1.95395 -0.15033 -0.62493 1.81907 0.01192 -0.01098 -0.00404 0.00043 0.00194 -0.00327 0.12431 0.11500 -0.01504 -0.00184 0.06719 0.08111 -0.00485 -0.00104 -0.4666217 0.8465216 0.2539321 0.0344089 -0.5452496 0.5212097 -0.2411239 0.6106576
0.57595 -0.7293 1.94836 -0.15172 -0.62175 1.81738 0.02908 -0.00534 -0.00559 -0.00139 0.00318 -0.00169 0.12448 0.11680 0.00017 0.00180 0.09735 0.07965 0.03016 -0.00146 -0.5620205 0.5624442 -0.1367282 0.5908425 -0.547415 0.5267096 -0.2378653 0.6052554
0.5657 -0.71745 1.88689 -0.14399 -0.59874 1.75243 -0.01025 0.01185 -0.06147 0.00773 0.02301 -0.06495 0.11820 0.10986 -0.00628 -0.00694 0.09553 0.07524 -0.00182 -0.00441 -0.4697489 0.3332453 -0.2703508 0.7714882 -0.5712376 0.5123789 -0.2637923 0.5844392
0.56868 -0.71947 1.88769 -0.14377 -0.5994 1.75294 0.00298 -0.00202 0.00080 0.00022 -0.00066 0.00051 0.11821 0.11259 0.00001 0.00273 0.11478 0.07558 0.01925 0.00034 -0.4634687 0.3124582 -0.2856556 0.7784391 -0.5699081 0.5096917 -0.2660629 0.5870517
0.57014 -0.72092 1.89105 -0.14285 -0.60008 1.7512 0.00146 -0.00145 0.00336 0.00092 -0.00068 -0.00174 0.12011 0.11143 0.00190 -0.00116 0.12204 0.07592 0.00726 0.00034 -0.4640518 0.3155109 -0.2804213 0.7787637 -0.5682364 0.5077583 -0.2660977 0.5903228
0.58884 -0.74703 1.95809 -0.14703 -0.62196 1.81344 0.01870 -0.02611 0.06704 -0.00418 -0.02188 0.06224 0.12438 0.11509 0.00427 0.00366 0.09011 0.07851 -0.03193 0.00259 -0.5210355 0.5111344 -0.1634526 0.6637371 -0.5381743 0.5215421 -0.2487666 0.6135775
0.59029 -0.74764 1.95634 -0.14693 -0.62116 1.81439 0.00145 -0.00061 -0.00175 0.00010 0.00080 0.00095 0.12270 0.11562 -0.00168 0.00053 0.10793 0.07758 0.01782 -0.00093 -0.4850118 0.3802868 -0.2620343 0.7426195 -0.5398809 0.5219772 -0.2460303 0.6128111
0.58998 -0.74741 1.95329 -0.14754 -0.62163 1.81244 -0.00031 0.00023 -0.00305 -0.00061 -0.00047 -0.00195 0.11983 0.11459 -0.00287 -0.00103 0.10387 0.07876 -0.00406 0.00118 -0.4928114 0.3976358 -0.2602389 0.7289022 -0.5320255 0.5258055 -0.2427309 0.6177047
0.56768 -0.72354 1.88938 -0.14405 -0.6011 1.75285 -0.02230 0.02387 -0.06391 0.00349 0.02053 -0.05959 0.11863 0.11243 -0.00120 -0.00216 0.10411 0.07721 0.00024 -0.00155 -0.5091929 0.4640833 -0.2188007 0.6909961 -0.5733605 0.4927379 -0.2674629 0.5974367
0.56907 -0.72516 1.8948 -0.14522 -0.60325 1.75799 0.00139 -0.00162 0.00542 -0.00117 -0.00215 0.00514 0.11443 0.11259 -0.00420 0.00016 0.08715 0.07789 -0.01696 0.00068 -0.5340255 0.5419877 -0.1537087 0.6304283 -0.5736647 0.5013245 -0.2617654 0.5925044
0.56823 -0.72617 1.89513 -0.1456 -0.60368 1.75955 -0.00084 -0.00101 0.00033 -0.00038 -0.00043 0.00156 0.11885 0.11175 0.00442 -0.00084 0.09031 0.07721 0.00316 -0.00068 -0.5255005 0.5108813 -0.1856592 0.6545075 -0.5703072 0.493959 -0.2706521 0.5979143
0.56871 -0.72672 1.895 -0.14602 -0.60361 1.7615 0.00048 -0.00055 -0.00013 -0.00042 0.00007 0.00195 0.11858 0.11321 -0.00027 0.00146 0.08544 0.07866 -0.00487 0.00145 -0.5433807 0.5726389 -0.1317572 0.5995516 -0.5715385 0.4948531 -0.2693839 0.5965705
0.56942 -0.72771 1.8962 -0.14604 -0.60399 1.76198 0.00071 -0.00099 0.00120 -0.00002 -0.00038 0.00048 0.11407 0.11174 -0.00451 -0.00147 0.08785 0.07922 0.00241 0.00056 -0.5459901 0.5804904 -0.1185285 0.5923485 -0.5688688 0.4885282 -0.275788 0.6013895
0.56971 -0.72772 1.89498 -0.14586 -0.60392 1.76175 0.00029 -0.00001 -0.00122 0.00018 0.00007 -0.00023 0.11322 0.11113 -0.00085 -0.00061 0.08779 0.07697 -0.00006 -0.00225 -0.5428059 0.5547265 -0.1345027 0.6160757 -0.5726201 0.4978448 -0.2656489 0.5947164
0.56737 -0.72724 1.89616 -0.14636 -0.60421 1.76226 -0.00234 0.00048 0.00118 -0.00050 -0.00029 0.00051 0.11244 0.11181 -0.00078 0.00068 0.08769 0.07543 -0.00010 -0.00154 -0.5441324 0.5639337 -0.1290848 0.6076478 0.5822524 -0.5223395 0.2426758 -0.5738049
0.58622 -0.75237 1.96181 -0.15032 -0.62476 1.82325 0.01885 -0.02513 0.06565 -0.00396 -0.02055 0.06099 0.12020 0.11593 0.00776 0.00412 0.08797 0.07735 0.00028 0.00192 -0.5461296 0.5704945 -0.1209946 0.601364 -0.5384358 0.5281303 -0.2399989 0.6112003
0.56783 -0.7271 1.89526 -0.14591 -0.60447 1.76098 -0.01839 0.02527 -0.06655 0.00441 0.02029 -0.06227 0.11226 0.11283 -0.00794 -0.00310 0.08901 0.07813 0.00104 0.00078 -0.5317852 0.4893479 -0.1681106 0.6704341 -0.5766885 0.5073452 -0.2569194 0.5865352
0.5704 -0.72795 1.90136 -0.14651 -0.60563 1.76468 0.00257 -0.00085 0.00610 -0.00060 -0.00116 0.00370 0.11352 0.11277 0.00126 -0.00006 0.09951 0.07787 0.01050 -0.00026 -0.5268593 0.4473397 -0.1926812 0.696549 -0.5780815 0.5084076 -0.258249 0.583653
0.59178 -0.75342 1.96477 -0.15116 -0.62688 1.82485 0.02138 -0.02547 0.06341 -0.00465 -0.02125 0.06017 0.11920 0.11428 0.00568 0.00151 0.11515 0.08165 0.01564 0.00378 -0.5228995 0.4238655 -0.2163961 0.7071683 -0.5437222 0.5296901 -0.2385041 0.6057312
0.5914 -0.75317 1.96609 -0.15186 -0.62687 1.82607 -0.00038 0.00025 0.00132 -0.00070 0.00001 0.00122 0.11709 0.11509 -0.00211 0.00081 0.11640 0.08174 0.00125 0.00009 -0.5210772 0.41752 -0.2196527 0.7112723 -0.5414793 0.5254175 -0.243169 0.6095945
0.59098 -0.7538 1.96693 -0.15133 -0.6273 1.82697 -0.00042 -0.00063 0.00084 0.00053 -0.00043 0.00090 0.12082 0.11610 0.00373 0.00101 0.09729 0.08148 -0.01911 -0.00026 -0.5357429 0.4773692 -0.1747589 0.6742088 -0.5422688 0.5256259 -0.2416431 0.6093197
]
