classifier_Car_goes_to_monkey_2011 [ 0.58623 -0.65769 1.8321 -0.29679 -0.35724 1.63272 0.58623 -0.65769 1.8321 -0.29679 -0.35724 1.63272 0.13046 0.04911 0.13046 0.04911 0.08791 0.05903 0.08791 0.05903 -0.4587799 0.41221 -0.2652106 0.7411256 -0.6454542 0.7070667 -0.2437182 0.1550712
0.58833 -0.65688 1.83589 -0.29829 -0.35855 1.63741 0.00210 0.00081 0.00379 -0.00150 -0.00131 0.00469 0.16574 0.04924 0.03528 0.00013 0.09961 0.05724 0.01170 -0.00179 -0.433265 0.315235 -0.3008432 0.7889243 -0.6646467 0.7204683 -0.1819007 0.07799
0.59979 -0.6451 1.84897 -0.30719 -0.3813 1.68527 0.01146 0.01178 0.01308 -0.00890 -0.02275 0.04786 0.17377 0.06763 0.00803 0.01839 0.08273 0.06505 -0.01688 0.00781 -0.3460915 0.030196 -0.4030362 0.8466821 -0.1494504 0.105162 -0.6938964 0.6965007
0.59289 -0.59872 1.83851 -0.31679 -0.38291 1.69494 -0.00690 0.04638 -0.01046 -0.00960 -0.00161 0.00967 0.12772 0.06396 -0.04605 -0.00367 0.10718 0.05755 0.02445 -0.00750 -0.1482799 -0.1276375 -0.3999764 0.8953997 -0.1021925 0.0346695 -0.6633053 0.7405274
0.62518 -0.5299 1.77623 -0.33782 -0.3838 1.72103 0.03229 0.06882 -0.06228 -0.02103 -0.00089 0.02609 0.13377 0.06943 0.00605 0.00547 0.06231 0.05730 -0.04487 -0.00025 -0.2813242 -0.0105346 -0.6406423 0.7143691 0.0580796 -0.1100814 -0.6843435 0.7184587
0.63061 -0.4492 1.78024 -0.38682 -0.37659 1.7861 0.00543 0.08070 0.00401 -0.04900 0.00721 0.06507 0.14158 0.08432 0.00781 0.01489 0.10739 0.07094 0.04508 0.01364 0.2946117 -0.3010655 0.7367761 -0.52889 0.108205 -0.1241404 0.7117733 -0.682832
0.57141 -0.45189 1.67722 -0.40299 -0.36286 1.80091 -0.05920 -0.00269 -0.10302 -0.01617 0.01373 0.01481 0.07746 0.09232 -0.06412 0.00800 0.08898 0.03852 -0.01841 -0.03242 0.0507086 0.1303827 -0.4452238 0.8844234 0.0546037 0.3996074 0.5916334 -0.6980703
0.55379 -0.36891 1.73113 -0.44352 -0.32675 1.8227 -0.01762 0.08298 0.05391 -0.04053 0.03611 0.02179 0.08567 0.11376 0.00821 0.02144 0.09551 0.09322 0.00653 0.05470 -0.1247934 0.1716914 -0.6427954 0.7360453 -0.6287708 0.7435418 0.2123687 0.0818081
0.52509 -0.3454 1.72591 -0.44393 -0.31671 1.80754 -0.02870 0.02351 -0.00522 -0.00041 0.01004 -0.01516 0.10037 0.11450 0.01470 0.00074 0.05605 0.08430 -0.03946 -0.00892 0.1330944 0.1198857 -0.5679162 0.8033583 -0.5717931 0.7627991 0.3018352 0.0092622
0.49438 -0.32065 1.78132 -0.46673 -0.30474 1.85229 -0.03071 0.02475 0.05541 -0.02280 0.01197 0.04475 0.11367 0.11995 0.01330 0.00545 0.06486 0.07922 0.00881 -0.00508 0.3885812 0.1682614 -0.5290663 0.7353786 -0.3381971 0.8251049 0.4523813 -0.0132602
0.48104 -0.30136 1.76835 -0.46018 -0.29519 1.83267 -0.01334 0.01929 -0.01297 0.00655 0.00955 -0.01962 0.11276 0.12337 -0.00091 0.00342 0.05911 0.07490 -0.00575 -0.00432 0.3360131 0.1406039 -0.5375388 0.7605116 -0.3207005 0.8140596 0.4841029 -0.0101301
0.44602 -0.28322 1.6976 -0.44371 -0.27337 1.75733 -0.03502 0.01814 -0.07075 0.01647 0.02182 -0.07534 0.11143 0.11781 -0.00133 -0.00556 0.05438 0.07705 -0.00473 0.00215 0.421149 0.1447627 -0.5367954 0.7166087 -0.3831358 0.7866995 0.4783123 0.0743521
0.42768 -0.27679 1.68502 -0.42984 -0.26055 1.74194 -0.01834 0.00643 -0.01258 0.01387 0.01282 -0.01539 0.11266 0.10537 0.00123 -0.01244 0.07957 0.06923 0.02519 -0.00782 -0.528939 0.6675224 -0.5040224 -0.1435225 0.8030046 -0.2739901 -0.1732364 0.5001021
0.44858 -0.2923 1.78103 -0.44941 -0.26477 1.85241 0.02090 -0.01551 0.09601 -0.01957 -0.00422 0.11047 0.10857 0.08002 -0.00409 -0.02535 0.07090 0.10849 -0.00867 0.03926 -0.4247301 0.6580142 -0.621015 0.0310173 -0.2918924 0.5138769 -0.4560432 0.6653976
0.44717 -0.29381 1.78393 -0.44477 -0.25945 1.86055 -0.00141 -0.00151 0.00290 0.00464 0.00532 0.00814 0.09970 0.05650 -0.00887 -0.02352 0.07728 0.07794 0.00638 -0.03055 -0.5773619 0.6537097 -0.461907 -0.1611169 -0.3519906 0.5139852 -0.3661301 0.6912819
0.44489 -0.29705 1.77434 -0.39547 -0.28729 1.83564 -0.00228 -0.00324 -0.00959 0.04930 -0.02784 -0.02491 0.09560 0.05139 -0.00410 -0.00511 0.07649 0.04132 -0.00079 -0.03662 -0.5748808 0.6914969 -0.4063828 -0.161855 -0.4761493 -0.1289068 -0.2827235 0.8226374
0.4588 -0.31951 1.83585 -0.46283 -0.2933 1.87619 0.01391 -0.02246 0.06151 -0.06736 -0.00601 0.04055 0.10946 0.07779 0.01386 0.02640 0.06184 0.04726 -0.01465 0.00594 -0.3189834 0.7911242 -0.5109347 0.1063847 -0.4283442 -0.3181087 -0.45414 0.7135019
0.44918 -0.31179 1.79804 -0.38509 -0.33045 1.85078 -0.00962 0.00772 -0.03781 0.07774 -0.03715 -0.02541 0.11266 0.04495 0.00320 -0.03284 0.08437 0.08033 0.02253 0.03307 -0.437946 0.8201672 -0.3065102 -0.203913 -0.5184692 0.2142068 0.0775185 0.8241942
0.44096 -0.30006 1.77468 -0.40151 -0.30872 1.82991 -0.00822 0.01173 -0.02336 -0.01642 0.02173 -0.02087 0.10875 0.07025 -0.00391 0.02530 0.06445 0.08303 -0.01992 0.00270 -0.331023 0.7781755 -0.5168481 0.1331716 -0.5352265 0.1497266 0.0116908 0.8312508
0.43048 -0.29924 1.79199 -0.42673 -0.28903 1.84175 -0.01048 0.00082 0.01731 -0.02522 0.01969 0.01184 0.09676 0.09428 -0.01199 0.02403 0.08785 0.10004 0.02340 0.01701 0.6068253 -0.1784878 -0.2502023 0.7330102 -0.6208163 0.0908822 -0.1656632 0.7608438
0.41534 -0.29855 1.77033 -0.39969 -0.27532 1.77496 -0.01514 0.00069 -0.02166 0.02704 0.01371 -0.06679 0.09560 0.09006 -0.00116 -0.00422 0.06790 0.10113 -0.01995 0.00109 0.37944 0.1522828 -0.4518655 0.7928763 0.715012 -0.6039454 -0.0433027 -0.3494749
0.40683 -0.30631 1.78001 -0.39274 -0.26416 1.74446 -0.00851 -0.00776 0.00968 0.00695 0.01116 -0.03050 0.08973 0.08998 -0.00587 -0.00008 0.07616 0.10131 0.00826 0.00018 0.4269446 0.1490167 -0.3786556 0.807547 0.7612637 -0.5366881 0.169973 -0.321796
0.41687 -0.347 1.94267 -0.41641 -0.26844 1.86 0.01004 -0.04069 0.16266 -0.02367 -0.00428 0.11554 0.09299 0.08876 0.00326 -0.00122 0.07877 0.10539 0.00261 0.00408 0.4825627 0.275909 -0.3406123 0.7582815 0.7128131 -0.4689825 0.2550914 -0.454842
0.40801 -0.35613 1.92568 -0.39837 -0.23479 1.79721 -0.00886 -0.00913 -0.01699 0.01804 0.03365 -0.06279 0.09482 0.08293 0.00183 -0.00583 0.07231 0.11664 -0.00646 0.01125 0.4421134 0.2889775 -0.3372547 0.7792863 0.6063211 -0.343221 0.4063781 -0.5911268
0.38864 -0.35894 1.87954 -0.37451 -0.18587 1.72122 -0.01937 -0.00281 -0.04614 0.02386 0.04892 -0.07599 0.09291 0.07938 -0.00191 -0.00355 0.07540 0.07242 0.00309 -0.04422 0.4529538 0.2560364 -0.3090107 0.7961097 0.7030893 -0.3068121 0.3389414 -0.5446562
0.3906 -0.37212 1.90708 -0.36449 -0.13145 1.72421 0.00196 -0.01318 0.02754 0.01002 0.05442 0.00299 0.09482 0.07679 0.00191 -0.00259 0.11050 0.06225 0.03510 -0.01017 0.5224451 -0.072489 -0.1153789 0.841715 0.8408741 -0.3128626 0.2636255 -0.3543295
0.38553 -0.38304 1.93 -0.34812 -0.06017 1.73201 -0.00507 -0.01092 0.02292 0.01637 0.07128 0.00780 0.09473 0.09690 -0.00009 0.02011 0.10209 0.05859 -0.00841 -0.00366 0.5340836 -0.0713034 -0.1320242 0.8320097 0.861209 -0.4018615 0.1459333 -0.2748272
0.35791 -0.37923 1.87705 -0.33063 -0.01257 1.68752 -0.02762 0.00381 -0.05295 0.01749 0.04760 -0.04449 0.09171 0.08717 -0.00302 -0.00973 0.10570 0.05740 0.00361 -0.00119 0.494937 0.2609831 -0.3422917 0.7548255 0.8624135 -0.1858666 0.356714 -0.3073301
0.34871 -0.37875 1.85925 -0.31681 0.0255 1.68742 -0.00920 0.00048 -0.01780 0.01382 0.03807 -0.00010 0.08958 0.09711 -0.00213 0.00994 0.10133 0.06120 -0.00437 0.00380 0.5897677 -0.0692728 -0.1212329 0.7954106 0.8942073 -0.1609674 0.3258451 -0.2613575
0.36939 -0.40631 1.99054 -0.32849 0.05896 1.81282 0.02068 -0.02756 0.13129 -0.01168 0.03346 0.12540 0.09878 0.10723 0.00920 0.01012 0.10953 0.05964 0.00820 -0.00156 0.5893762 -0.0408309 -0.1592475 0.7909543 0.9137986 -0.1441944 0.2937333 -0.2406262
0.24726 -0.50468 1.76605 -0.29284 0.09791 1.62937 -0.12213 -0.09837 -0.22449 0.03565 0.03895 -0.18345 0.13916 0.09277 0.04038 -0.01446 0.09370 0.07961 -0.01583 0.01997 0.3148006 0.2180521 -0.3140824 0.8687382 0.92918 -0.1699446 0.2537508 -0.2082155
0.32198 -0.38539 1.84767 -0.29848 0.105 1.62 0.07472 0.11929 0.08162 -0.00564 0.00709 -0.00937 0.07889 0.09474 -0.06027 0.00197 0.06783 0.06574 -0.02587 -0.01387 0.3958662 0.38874 -0.5022398 0.6632694 0.9231456 -0.1771552 0.2728198 -0.2049085
0.32201 -0.38684 1.85302 -0.29665 0.11232 1.61018 0.00003 -0.00145 0.00535 0.00183 0.00732 -0.00982 0.07929 0.09699 0.00040 0.00225 0.07340 0.07069 0.00557 0.00495 0.4572172 0.3048946 -0.4346834 0.7134718 0.928051 -0.1911244 0.2486048 -0.2009688
0.34483 -0.41234 1.97263 -0.30835 0.12085 1.71595 0.02282 -0.02550 0.11961 -0.01170 0.00853 0.10577 0.08510 0.10228 0.00581 0.00529 0.07510 0.07314 0.00170 0.00245 0.3530994 0.4556898 -0.5072887 0.6405668 0.9266319 -0.1563208 0.262549 -0.2190552
0.3712 -0.41333 2.00915 -0.30668 0.12643 1.75437 0.02637 -0.00099 0.03652 0.00167 0.00558 0.03842 0.09754 0.10799 0.01244 0.00571 0.08408 0.06675 0.00898 -0.00639 0.4531748 0.2553151 -0.4280027 0.7390944 0.9282712 -0.1298151 0.2610166 -0.2309348
0.37048 -0.41389 2.00694 -0.30057 0.1293 1.75222 -0.00072 -0.00056 -0.00221 0.00611 0.00287 -0.00215 0.09396 0.10538 -0.00358 -0.00261 0.07424 0.06383 -0.00984 -0.00292 0.4488998 0.2722763 -0.4310516 0.7338591 0.9244268 -0.1162816 0.2741705 -0.2382105
0.37303 -0.41764 2.00694 -0.30118 0.12505 1.74367 0.00255 -0.00375 0.00000 -0.00061 -0.00425 -0.00855 0.09538 0.10446 0.00142 -0.00092 0.08443 0.07108 0.01019 0.00725 0.4501499 0.2553574 -0.4002418 0.7562832 0.9250329 -0.1452271 0.2581204 -0.2379015
0.37332 -0.41893 2.00629 -0.30153 0.12256 1.74005 0.00029 -0.00129 -0.00065 -0.00035 -0.00249 -0.00362 0.09383 0.10458 -0.00155 0.00012 0.08874 0.09532 0.00431 0.02424 0.4778633 0.2133707 -0.3671212 0.7689875 0.9335088 -0.1635385 0.2197969 -0.2313133
0.37565 -0.41911 2.00566 -0.30285 0.1201 1.73774 0.00233 -0.00018 -0.00063 -0.00132 -0.00246 -0.00231 0.09648 0.10330 0.00265 -0.00128 0.08356 0.06061 -0.00518 -0.03471 0.4474903 0.2531543 -0.4011767 0.7581046 0.9144747 -0.1548553 0.2868479 -0.2397374
0.37592 -0.41954 2.0077 -0.30409 0.11908 1.74069 0.00027 -0.00043 0.00204 -0.00124 -0.00102 0.00295 0.09550 0.10317 -0.00098 -0.00013 0.07971 0.06455 -0.00385 0.00394 0.4518002 0.2584763 -0.4032161 0.7526509 0.9244233 -0.1531741 0.26304 -0.2297591
0.37264 -0.41973 2.0044 -0.30617 0.11674 1.7404 -0.00328 -0.00019 -0.00330 -0.00208 -0.00234 -0.00029 0.09279 0.10511 -0.00271 0.00194 0.07767 0.07234 -0.00204 0.00779 0.4496141 0.2392576 -0.4042955 0.7597027 0.9489875 -0.1734481 0.1658014 -0.2045689
0.37367 -0.42015 2.00213 -0.30934 0.11587 1.73846 0.00103 -0.00042 -0.00227 -0.00317 -0.00087 -0.00194 0.09491 0.10570 0.00212 0.00059 0.08995 0.05784 0.01228 -0.01450 0.4672857 0.1892065 -0.3823832 0.7743565 0.9267454 -0.1590599 0.2677233 -0.2101597
0.37602 -0.41989 2.00288 -0.31136 0.11816 1.74202 0.00235 0.00026 0.00075 -0.00202 0.00229 0.00356 0.09810 0.10193 0.00319 -0.00377 0.08338 0.06591 -0.00657 0.00807 0.4488744 0.2081163 -0.4052643 0.7687393 0.9390846 -0.1563559 0.2365346 -0.1942272
0.37459 -0.42027 2.00264 -0.31579 0.11754 1.7454 -0.00143 -0.00038 -0.00024 -0.00443 -0.00062 0.00338 0.09584 0.10224 -0.00226 0.00031 0.09249 0.09142 0.00911 0.02551 0.4422424 0.2168066 -0.4188122 0.7628976 0.943965 -0.1557837 0.2277639 -0.1810667
0.36956 -0.4196 1.99298 -0.3185 0.11646 1.74174 -0.00503 0.00067 -0.00966 -0.00271 -0.00108 -0.00366 0.09812 0.10404 0.00228 0.00180 0.09791 0.07205 0.00542 -0.01937 0.4618482 0.1815763 -0.4196123 0.7600341 0.9364061 -0.1552484 0.2590856 -0.1786511
0.32931 -0.40818 1.9129 -0.30791 0.11135 1.67529 -0.04025 0.01142 -0.08008 0.01059 -0.00511 -0.06645 0.07913 0.09980 -0.01899 -0.00424 0.13920 0.06965 0.04129 -0.00240 0.6809953 -0.0728204 0.0254644 0.7282131 0.9454685 -0.1656609 0.2214997 -0.1719986
0.35397 -0.40261 1.93623 -0.31796 0.11471 1.71539 0.02466 0.00557 0.02333 -0.01005 0.00336 0.04010 0.08898 0.10378 0.00985 0.00398 0.08175 0.07458 -0.05745 0.00493 0.4673652 0.2336975 -0.4453691 0.72705 0.9456592 -0.1720302 0.2205728 -0.1657766
0.35596 -0.38413 1.90589 -0.31863 0.11471 1.71442 0.00199 0.01848 -0.03034 -0.00067 0.00000 -0.00097 0.08484 0.10254 -0.00414 -0.00124 0.07479 0.06075 -0.00696 -0.01383 0.4800497 0.1196195 -0.5065368 0.7061615 0.9301321 -0.1604201 0.2791846 -0.1765663
0.36307 -0.36186 1.88949 -0.32145 0.11633 1.73196 0.00711 0.02227 -0.01640 -0.00282 0.00162 0.01754 0.08160 0.10542 -0.00324 0.00288 0.08002 0.06355 0.00523 0.00280 0.5255849 0.0946434 -0.4730045 0.7007638 0.9266502 -0.157735 0.2886169 -0.1820424
0.33765 -0.29963 1.70903 -0.29561 0.10955 1.60464 -0.02542 0.06223 -0.18046 0.02584 -0.00678 -0.12732 0.07325 0.09459 -0.00835 -0.01083 0.06768 0.05844 -0.01234 -0.00511 0.3339719 0.262515 -0.5946649 0.6825851 0.9341819 -0.158964 0.2600854 -0.185446
0.35572 -0.25723 1.74655 -0.31036 0.11192 1.6893 0.01807 0.04240 0.03752 -0.01475 0.00237 0.08466 0.07335 0.10383 0.00010 0.00924 0.06370 0.05586 -0.00398 -0.00258 0.5399058 0.0912576 -0.6813745 0.4856979 0.9190492 -0.1582862 0.2983877 -0.2031228
0.36947 -0.17381 1.76496 -0.31908 0.11466 1.75613 0.01375 0.08342 0.01841 -0.00872 0.00274 0.06683 0.07875 0.10781 0.00540 0.00398 0.06385 0.06377 0.00015 0.00791 0.4999765 -0.2602621 -0.4782391 0.6734794 0.9286379 -0.1694729 0.2524317 -0.2125767
0.34094 -0.0477 1.64183 -0.30117 0.10566 1.66862 -0.02853 0.12611 -0.12313 0.01791 -0.00900 -0.08751 0.07588 0.10274 -0.00287 -0.00507 0.07438 0.06375 0.01053 -0.00002 0.7023231 -0.6221135 -0.1069358 0.3290618 0.9262793 -0.1784894 0.2448934 -0.2239986
0.3268 0.07059 1.61379 -0.29407 0.10408 1.64469 -0.01414 0.11829 -0.02804 0.00710 -0.00158 -0.02393 0.08558 0.10080 0.00970 -0.00194 0.04533 0.07848 -0.02905 0.01473 0.7714419 -0.1706634 -0.3622985 0.4944605 0.9282383 -0.1809224 0.2324965 -0.2271256
0.31527 0.16811 1.62821 -0.29195 0.10102 1.63844 -0.01153 0.09752 0.01442 0.00212 -0.00306 -0.00625 0.08178 0.10064 -0.00380 -0.00016 0.04284 0.07410 -0.00249 -0.00438 0.7822667 -0.0825368 -0.4422941 0.4308393 0.9270192 -0.1935772 0.2247959 -0.2294125
0.31109 0.22331 1.6612 -0.29392 0.10137 1.64801 -0.00418 0.05520 0.03299 -0.00197 0.00035 0.00957 0.07544 0.10061 -0.00634 -0.00003 0.04235 0.05928 -0.00049 -0.01482 0.9052544 -0.2636958 0.2237871 0.246776 0.9209849 -0.1872054 0.2533577 -0.2292399
0.2997 0.18165 1.64306 -0.30145 0.10089 1.65354 -0.01139 -0.04166 -0.01814 -0.00753 -0.00048 0.00553 0.06662 0.10026 -0.00882 -0.00035 0.05439 0.06945 0.01204 0.01017 0.8548104 -0.3759259 0.1620375 0.3189403 0.9275409 -0.1909871 0.2527891 -0.1982159
0.30165 0.09688 1.63856 -0.31321 0.10262 1.68199 0.00195 -0.08477 -0.00450 -0.01176 0.00173 0.02845 0.06815 0.10124 0.00153 0.00098 0.04694 0.07062 -0.00745 0.00117 0.8045787 -0.4450439 0.2980331 0.2564475 0.9468592 -0.2050084 0.1890368 -0.1602939
0.298 -0.12625 1.66204 -0.33772 0.1032 1.72632 -0.00365 -0.22313 0.02348 -0.02451 0.00058 0.04433 0.05617 0.10426 -0.01198 0.00302 0.06932 0.05790 0.02238 -0.01272 0.7672995 -0.3200575 0.0287573 0.5549665 0.9286286 -0.2101677 0.2735015 -0.1366576
0.31014 -0.20985 1.7186 -0.34793 0.10191 1.75449 0.01214 -0.08360 0.05656 -0.01021 -0.00129 0.02817 0.06031 0.10760 0.00414 0.00334 0.07439 0.06791 0.00507 0.01001 0.7033661 -0.4506461 0.0016462 0.5497195 0.9227487 -0.2059142 0.292506 -0.1434378
0.28492 -0.21192 1.64085 -0.32754 0.09511 1.65471 -0.02522 -0.00207 -0.07775 0.02039 -0.00680 -0.09978 0.06829 0.10210 0.00798 -0.00550 0.07442 0.06620 0.00003 -0.00171 -0.4603466 0.7257999 -0.4824698 -0.168874 0.931945 -0.2097157 0.2557202 -0.148678
0.27834 -0.16885 1.64697 -0.32591 0.09285 1.66397 -0.00658 0.04307 0.00612 0.00163 -0.00226 0.00926 0.06625 0.10311 -0.00204 0.00101 0.06461 0.06824 -0.00981 0.00204 -0.4298804 0.7147549 -0.5514688 -0.0145004 0.9216914 -0.2104376 0.2722666 -0.1790865
0.27735 0.03052 1.64171 -0.31558 0.09269 1.6755 -0.00099 0.19937 -0.00526 0.01033 -0.00016 0.01153 0.08377 0.10484 0.01752 0.00173 0.05964 0.07351 -0.00497 0.00527 0.3032683 -0.6002686 0.727302 -0.1368861 0.919453 -0.207559 0.2482713 -0.2233535
0.29464 0.14011 1.69819 -0.31944 0.09552 1.7228 0.01729 0.10959 0.05648 -0.00386 0.00283 0.04730 0.09881 0.10915 0.01504 0.00431 0.05123 0.06602 -0.00841 -0.00749 0.2693503 -0.4549483 0.8407753 -0.1164871 0.9183642 -0.1914611 0.2579135 -0.2311504
0.28558 0.21254 1.6202 -0.29863 0.08973 1.62793 -0.00906 0.07243 -0.07799 0.02081 -0.00579 -0.09487 0.07525 0.10196 -0.02356 -0.00719 0.05622 0.05671 0.00499 -0.00931 0.0625229 -0.3716947 0.8971748 -0.2302417 0.9247949 -0.1916705 0.2365384 -0.2281806
0.29277 0.25453 1.63665 -0.29609 0.09301 1.62938 0.00719 0.04199 0.01645 0.00254 0.00328 0.00145 0.07055 0.10276 -0.00470 0.00080 0.05817 0.05604 0.00195 -0.00067 0.0080154 -0.2948905 0.936215 -0.1909886 0.9121397 -0.1636096 0.2913244 -0.2374094
0.2923 0.26091 1.64295 -0.29598 0.09317 1.62679 -0.00047 0.00638 0.00630 0.00011 0.00016 -0.00259 0.07119 0.09959 0.00064 -0.00317 0.05958 0.06296 0.00141 0.00692 -0.1206117 -0.2696034 0.9308983 -0.2149303 0.9266257 -0.1692536 0.2498233 -0.224291
0.28775 0.23941 1.64214 -0.29865 0.09288 1.6282 -0.00455 -0.02150 -0.00081 -0.00267 -0.00029 0.00141 0.06533 0.10051 -0.00586 0.00092 0.05566 0.06409 -0.00392 0.00113 -0.1515159 -0.3111046 0.8975801 -0.2731427 0.9380922 -0.1811947 0.2153697 -0.2019094
0.28946 0.19229 1.65071 -0.30351 0.09298 1.64094 0.00171 -0.04712 0.00857 -0.00486 0.00010 0.01274 0.06552 0.10123 0.00019 0.00072 0.05412 0.06418 -0.00154 0.00009 0.2752306 -0.4518527 0.8352601 -0.1497258 0.9259833 -0.1710477 0.2709619 -0.1996927
0.29279 0.13541 1.64945 -0.30869 0.09023 1.64562 0.00333 -0.05688 -0.00126 -0.00518 -0.00275 0.00468 0.06554 0.10109 0.00002 -0.00014 0.04926 0.06283 -0.00486 -0.00135 -0.283855 -0.2336938 0.8471733 -0.3835506 0.9306888 -0.1823972 0.2590186 -0.1829179
0.31644 0.05269 1.73624 -0.32815 0.09584 1.72828 0.02365 -0.08272 0.08679 -0.01946 0.00561 0.08266 0.06364 0.10484 -0.00190 0.00375 0.05818 0.08348 0.00892 0.02065 0.1534622 -0.3998526 0.8696778 -0.2454132 0.943033 -0.1763732 0.2348757 -0.1562519
0.30264 0.03856 1.65694 -0.31186 0.09118 1.64491 -0.01380 -0.01413 -0.07930 0.01629 -0.00466 -0.08337 0.06608 0.10098 0.00244 -0.00386 0.06275 0.07750 0.00457 -0.00598 0.0901939 -0.4002371 0.8693042 -0.2756546 0.9420804 -0.1742326 0.2377809 -0.1599616
0.30728 0.03788 1.66711 -0.31167 0.09096 1.64723 0.00464 -0.00068 0.01017 0.00019 -0.00022 0.00232 0.06339 0.10326 -0.00269 0.00228 0.06253 0.07298 -0.00022 -0.00452 0.1744012 -0.4019492 0.8720266 -0.2181529 0.9392058 -0.1665559 0.2508495 -0.1650036
0.31332 0.04559 1.67814 -0.31017 0.09211 1.64783 0.00604 0.00771 0.01103 0.00150 0.00115 0.00060 0.06751 0.10191 0.00412 -0.00135 0.06428 0.07116 0.00175 -0.00182 -0.0609012 -0.3000514 0.9115855 -0.2743578 0.9368903 -0.1585525 0.2600312 -0.1717014
0.32026 0.05296 1.68887 -0.31093 0.09219 1.64945 0.00694 0.00737 0.01073 -0.00076 0.00008 0.00162 0.06917 0.10205 0.00166 0.00014 0.07313 0.07063 0.00885 -0.00053 0.1499684 -0.3193292 0.9197109 -0.1722499 0.9568176 -0.1641161 0.183675 -0.1543678
0.32386 0.06402 1.69741 -0.31083 0.09332 1.65247 0.00360 0.01106 0.00854 0.00010 0.00113 0.00302 0.07374 0.10259 0.00457 0.00054 0.07051 0.06091 -0.00262 -0.00972 0.1390142 -0.2913924 0.9335965 -0.1554451 0.9427127 -0.1399388 0.2545246 -0.1640949
0.32691 0.07056 1.70268 -0.3113 0.09343 1.65219 0.00305 0.00654 0.00527 -0.00047 0.00011 -0.00028 0.07462 0.10196 0.00088 -0.00063 0.07469 0.08264 0.00418 0.02173 0.1645865 -0.2852235 0.9335077 -0.1418528 0.9533846 -0.1427064 0.2161621 -0.1548112
0.32819 0.08209 1.70907 -0.31315 0.09043 1.65524 0.00128 0.01153 0.00639 -0.00185 -0.00300 0.00305 0.08165 0.10217 0.00703 0.00021 0.07902 0.06730 0.00433 -0.01534 0.1559175 -0.2785115 0.9378171 -0.1364556 0.9507675 -0.1445484 0.2263747 -0.154601
0.33033 0.08359 1.70817 -0.31477 0.08928 1.65598 0.00214 0.00150 -0.00090 -0.00162 -0.00115 0.00074 0.08119 0.10230 -0.00046 0.00013 0.07682 0.07095 -0.00220 0.00365 0.1658527 -0.2814383 0.9333656 -0.148708 0.9440867 -0.1470152 0.2509676 -0.1552484
0.33139 0.08403 1.70738 -0.31645 0.08672 1.65709 0.00106 0.00044 -0.00079 -0.00168 -0.00256 0.00111 0.07926 0.10520 -0.00193 0.00290 0.07666 0.07124 -0.00016 0.00029 0.1654336 -0.2859239 0.9303547 -0.1591206 0.9426476 -0.153308 0.2527735 -0.1549761
0.33106 0.08407 1.70532 -0.31804 0.08498 1.65668 -0.00033 0.00004 -0.00206 -0.00159 -0.00174 -0.00041 0.07522 0.10222 -0.00404 -0.00298 0.07634 0.06405 -0.00032 -0.00719 0.1799963 -0.2963874 0.922888 -0.1674325 0.9451141 -0.1696592 0.2335773 -0.1530252
0.33079 0.08309 1.70217 -0.31879 0.08608 1.65363 -0.00027 -0.00098 -0.00315 -0.00075 0.00110 -0.00305 0.07749 0.10042 0.00227 -0.00180 0.07385 0.06804 -0.00249 0.00399 0.1872431 -0.3044831 0.9174406 -0.1747361 0.9371152 -0.1748621 0.2578498 -0.1573271
0.32924 0.08252 1.70181 -0.31993 0.08473 1.65422 -0.00155 -0.00057 -0.00036 -0.00114 -0.00135 0.00059 0.07801 0.10146 0.00052 0.00104 0.07607 0.07195 0.00222 0.00391 0.200271 -0.3173771 0.9109055 -0.1715066 0.9400796 -0.1808964 0.242881 -0.1566385
0.32609 0.08183 1.6988 -0.32012 0.08532 1.65699 -0.00315 -0.00069 -0.00301 -0.00019 0.00059 0.00277 0.07808 0.10086 0.00007 -0.00060 0.06830 0.07144 -0.00777 -0.00051 0.2364642 -0.3413555 0.8928086 -0.174511 0.9370536 -0.1788726 0.2533889 -0.1604033
0.32211 0.08445 1.69737 -0.32087 0.08355 1.66379 -0.00398 0.00262 -0.00143 -0.00075 -0.00177 0.00680 0.07458 0.10399 -0.00350 0.00313 0.06872 0.06995 0.00042 -0.00149 0.2338096 -0.3544944 0.8854766 -0.188674 0.9341005 -0.178846 0.2593987 -0.1678768
0.31069 0.07878 1.67902 -0.31696 0.08452 1.65804 -0.01142 -0.00567 -0.01835 0.00391 0.00097 -0.00575 0.10345 0.10247 0.02887 -0.00152 0.05310 0.05957 -0.01562 -0.01038 0.3446141 -0.4348525 0.8227847 -0.1231655 0.937346 -0.1752793 0.244756 -0.1753684
0.31129 0.0794 1.67047 -0.31308 0.08306 1.64703 0.00060 0.00062 -0.00855 0.00388 -0.00146 -0.01101 0.13026 0.10332 0.02681 0.00085 0.06750 0.05458 0.01440 -0.00499 -0.2384687 -0.2898944 0.8697513 -0.3203539 0.931561 -0.1824028 0.2526938 -0.1872674
0.3139 0.07905 1.65848 -0.31073 0.08276 1.64263 0.00261 -0.00035 -0.01199 0.00235 -0.00030 -0.00440 0.14659 0.10255 0.01633 -0.00077 0.09881 0.07777 0.03131 0.02319 0.8628765 -0.3403422 0.2728522 0.2552703 0.9335618 -0.1785773 0.2469011 -0.1887125
0.31481 0.07486 1.62955 -0.30526 0.07988 1.63329 0.00091 -0.00419 -0.02893 0.00547 -0.00288 -0.00934 0.14626 0.10177 -0.00033 -0.00078 0.08060 0.07096 -0.01821 -0.00681 0.835503 -0.3781843 0.3428822 0.20333 0.9403483 -0.1811177 0.2104055 -0.1966492
0.31554 0.06954 1.61781 -0.30317 0.08085 1.62798 0.00073 -0.00532 -0.01174 0.00209 0.00097 -0.00531 0.14921 0.09884 0.00295 -0.00293 0.08179 0.05876 0.00119 -0.01220 0.8567298 -0.1719518 -0.2704232 0.404126 0.9498266 -0.1869265 0.1667383 -0.1873131
0.31468 0.06154 1.604 -0.30116 0.08102 1.62025 -0.00086 -0.00800 -0.01381 0.00201 0.00017 -0.00773 0.14215 0.09784 -0.00706 -0.00100 0.09231 0.06148 0.01052 0.00272 0.8556362 -0.1736922 -0.2466251 0.4205872 0.9370551 -0.1752196 0.2285569 -0.1974527
0.31563 0.05671 1.59659 -0.30091 0.07952 1.61526 0.00095 -0.00483 -0.00741 0.00025 -0.00150 -0.00499 0.14141 0.09935 -0.00074 0.00151 0.08185 0.06637 -0.01046 0.00489 0.8051822 -0.4090804 0.3837665 0.1925049 0.9346724 -0.1738033 0.24104 -0.1951403
0.31556 0.05494 1.59524 -0.30194 0.07909 1.61106 -0.00007 -0.00177 -0.00135 -0.00103 -0.00043 -0.00420 0.14537 0.09954 0.00396 0.00019 0.09485 0.05421 0.01300 -0.01216 0.8683577 -0.1537777 -0.2401188 0.4057714 0.923703 -0.1728436 0.2807435 -0.1951432
0.31724 0.05567 1.59624 -0.30335 0.07913 1.61248 0.00168 0.00073 0.00100 -0.00141 0.00004 0.00142 0.14624 0.09955 0.00087 0.00001 0.08976 0.05599 -0.00509 0.00178 0.8725762 -0.1401306 -0.2568875 0.3911304 0.919302 -0.1724118 0.2966655 -0.1927367
0.32242 0.05604 1.61651 -0.30676 0.08221 1.63242 0.00518 0.00037 0.02027 -0.00341 0.00308 0.01994 0.14369 0.10026 -0.00255 0.00071 0.09634 0.07037 0.00658 0.01438 0.8972095 -0.0836862 -0.2214626 0.3727813 0.9539627 -0.1955081 0.1586571 -0.1629709
0.32311 0.05876 1.60139 -0.30512 0.08333 1.61842 0.00069 0.00272 -0.01512 0.00164 0.00112 -0.01400 0.14588 0.10431 0.00219 0.00405 0.06233 0.05408 -0.03401 -0.01629 -0.4859516 -0.1640084 0.7936969 -0.3271048 0.9285329 -0.1736116 0.2750958 -0.1789075
0.32375 0.05993 1.60267 -0.30541 0.08491 1.6209 0.00064 0.00117 0.00128 -0.00029 0.00158 0.00248 0.14576 0.10215 -0.00012 -0.00216 0.05626 0.05993 -0.00607 0.00585 0.217887 -0.3408527 0.9076869 -0.1115754 0.9425496 -0.1724587 0.232599 -0.1666009
0.32731 0.06149 1.6049 -0.30495 0.08528 1.62382 0.00356 0.00156 0.00223 0.00046 0.00037 0.00292 0.14469 0.10211 -0.00107 -0.00004 0.06370 0.05828 0.00744 -0.00165 -0.4142469 -0.1996784 0.8413486 -0.2840079 0.9404082 -0.1665486 0.2425841 -0.1704318
0.32772 0.06056 1.60391 -0.30389 0.08589 1.62201 0.00041 -0.00093 -0.00099 0.00106 0.00061 -0.00181 0.14567 0.10265 0.00098 0.00054 0.10703 0.05838 0.04333 0.00010 0.8364534 -0.2875635 0.4226189 0.197601 0.936895 -0.1648624 0.2536193 -0.1752862
0.32658 0.05947 1.60036 -0.30242 0.08608 1.61657 -0.00114 -0.00109 -0.00355 0.00147 0.00019 -0.00544 0.14677 0.09993 0.00110 -0.00272 0.10405 0.05410 -0.00298 -0.00428 0.8417695 -0.2887394 0.4140778 0.1912939 0.9359093 -0.1713606 0.2504022 -0.1789078
0.326 0.05859 1.60405 -0.30247 0.08541 1.61914 -0.00058 -0.00088 0.00369 -0.00005 -0.00067 0.00257 0.14679 0.10258 0.00002 0.00265 0.10860 0.05986 0.00455 0.00576 0.8332838 -0.2844436 0.4131587 0.2324431 0.9303086 -0.1716965 0.2657905 -0.1854768
0.33115 0.05798 1.62049 -0.3055 0.08499 1.63651 0.00515 -0.00061 0.01644 -0.00303 -0.00042 0.01737 0.14720 0.10433 0.00041 0.00175 0.10972 0.07807 0.00112 0.01821 0.8099724 -0.2798691 0.4336132 0.2785637 0.937719 -0.1799389 0.2345908 -0.1824064
0.33128 0.05617 1.61656 -0.30455 0.08435 1.63253 0.00013 -0.00181 -0.00393 0.00095 -0.00064 -0.00398 0.14768 0.10484 0.00048 0.00051 0.10734 0.07574 -0.00238 -0.00233 0.8101399 -0.2841238 0.4304556 0.2786665 0.9350559 -0.1807293 0.2420421 -0.1855345
0.3287 0.05567 1.61164 -0.3036 0.0832 1.62825 -0.00258 -0.00050 -0.00492 0.00095 -0.00115 -0.00428 0.14765 0.10617 -0.00003 0.00133 0.09127 0.07162 -0.01607 -0.00412 0.8917399 -0.031895 -0.2071425 0.4010917 0.9339147 -0.1844436 0.241789 -0.1879417
0.32782 0.05346 1.60809 -0.30315 0.08263 1.62564 -0.00088 -0.00221 -0.00355 0.00045 -0.00057 -0.00261 0.14399 0.10583 -0.00366 -0.00034 0.08847 0.07262 -0.00280 0.00100 0.7751428 -0.3155959 0.4775298 0.2674288 0.9336212 -0.1837215 0.2434555 -0.1879555
0.32585 0.05335 1.61073 -0.30451 0.08283 1.62931 -0.00197 -0.00011 0.00264 -0.00136 0.00020 0.00367 0.14106 0.10604 -0.00293 0.00021 0.12588 0.06803 0.03741 -0.00459 0.8961733 -0.0486439 -0.1431189 0.417162 0.9318251 -0.182783 0.2520273 -0.1864794
0.3239 0.05299 1.60671 -0.30408 0.08414 1.62762 -0.00195 -0.00036 -0.00402 0.00043 0.00131 -0.00169 0.14168 0.10461 0.00062 -0.00143 0.10211 0.08906 -0.02377 0.02103 0.7978774 -0.2974611 0.4310633 0.2984843 0.9408017 -0.1840268 0.2221994 -0.1779147
0.31855 0.05089 1.59621 -0.30264 0.08275 1.61825 -0.00535 -0.00210 -0.01050 0.00144 -0.00139 -0.00937 0.14014 0.10497 -0.00154 0.00036 0.09386 0.07225 -0.00825 -0.01681 0.8810302 -0.0508854 -0.2138254 0.4188976 0.9407669 -0.1887442 0.2183563 -0.1779152
0.31519 0.05066 1.60047 -0.30426 0.08428 1.62409 -0.00336 -0.00023 0.00426 -0.00162 0.00153 0.00584 0.14048 0.10275 0.00034 -0.00222 0.08313 0.06646 -0.01073 -0.00579 0.7977053 -0.3128354 0.4348896 0.2768958 0.9407179 -0.1861477 0.2232988 -0.174747
0.30791 0.05078 1.59829 -0.30441 0.08323 1.62437 -0.00728 0.00012 -0.00218 -0.00015 -0.00105 0.00028 0.13782 0.10254 -0.00266 -0.00021 0.08140 0.06046 -0.00173 -0.00600 0.7956148 -0.3378064 0.4238787 0.270575 0.9363719 -0.1814203 0.2412974 -0.1790809
0.32822 0.05453 1.73512 -0.3311 0.08822 1.76594 0.02031 0.00375 0.13683 -0.02669 0.00499 0.14157 0.13893 0.11051 0.00111 0.00797 0.08885 0.05528 0.00745 -0.00518 0.7854216 -0.3526484 0.4246511 0.2800418 0.958059 -0.2070356 0.1214636 -0.1565434
0.26971 0.0569 1.59208 -0.30368 0.07914 1.6256 -0.05851 0.00237 -0.14304 0.02742 -0.00908 -0.14034 0.13086 0.10186 -0.00807 -0.00865 0.07538 0.05340 -0.01347 -0.00188 0.7827393 -0.3747124 0.4180981 0.2685212 0.9293357 -0.1880587 0.2531184 -0.1920947
0.24764 0.05974 1.58484 -0.30112 0.08014 1.62112 -0.02207 0.00284 -0.00724 0.00256 0.00100 -0.00448 0.13430 0.09994 0.00344 -0.00192 0.07898 0.07634 0.00360 0.02294 0.7654306 -0.550974 0.2354081 0.2347908 0.9326404 -0.1870744 0.2398184 -0.1940933
0.2258 0.06501 1.59671 -0.3031 0.07897 1.63616 -0.02184 0.00527 0.01187 -0.00198 -0.00117 0.01504 0.13103 0.10232 -0.00327 0.00238 0.08006 0.06350 0.00108 -0.01284 0.7569222 -0.4127176 0.424092 0.2772705 0.9310827 -0.1933918 0.2366948 -0.1991489
0.19672 0.06977 1.5987 -0.30249 0.07625 1.63935 -0.02908 0.00476 0.00199 0.00061 -0.00272 0.00319 0.13549 0.10475 0.00446 0.00243 0.07997 0.05388 -0.00009 -0.00962 0.7313951 -0.3881776 0.4550233 0.3276175 0.9126554 -0.1888051 0.2896882 -0.2179302
0.16445 0.07492 1.60841 -0.30103 0.07655 1.6481 -0.03227 0.00515 0.00971 0.00146 0.00030 0.00875 0.13524 0.10536 -0.00025 0.00061 0.08709 0.05533 0.00712 0.00145 0.7467032 -0.3531311 0.443592 0.3477913 0.9192004 -0.1970183 0.2597408 -0.2208827
0.13294 0.07563 1.60303 -0.29654 0.07692 1.6409 -0.03151 0.00071 -0.00538 0.00449 0.00037 -0.00720 0.13262 0.10444 -0.00262 -0.00092 0.07317 0.05711 -0.01392 0.00178 0.7243876 -0.3594204 0.4764411 0.3450848 0.9139654 -0.1965877 0.2712789 -0.2289722
0.09442 0.08063 1.62552 -0.29708 0.07836 1.6608 -0.03852 0.00500 0.02249 -0.00054 0.00144 0.01990 0.14029 0.10559 0.00767 0.00115 0.08206 0.06857 0.00889 0.01146 0.676316 -0.3608625 0.5386084 0.3496799 0.9202195 -0.2011253 0.2479398 -0.2264299
0.06055 0.08348 1.65986 -0.29959 0.08035 1.69371 -0.03387 0.00285 0.03434 -0.00251 0.00199 0.03291 0.13680 0.10796 -0.00349 0.00237 0.08699 0.05325 0.00493 -0.01532 0.6550374 -0.3666331 0.5550013 0.3584407 0.9524255 -0.2372569 0.0544757 -0.1833771
0.02113 0.08409 1.64941 -0.29488 0.07831 1.67563 -0.03942 0.00061 -0.01045 0.00471 -0.00204 -0.01808 0.13946 0.10778 0.00266 -0.00018 0.08734 0.06372 0.00035 0.01047 0.6012928 -0.3552885 0.7155244 0.0155502 0.921592 -0.1832009 0.2495466 -0.2341627
0.00274 0.08673 1.81132 -0.31895 0.08619 1.83592 -0.01839 0.00264 0.16191 -0.02407 0.00788 0.16029 0.14275 0.11840 0.00329 0.01062 0.12366 0.08114 0.03632 0.01742 0.6168764 -0.4423287 0.6138165 0.2168832 0.9188989 -0.1591692 0.2698733 -0.2397047
-0.02613 0.08497 1.7666 -0.30437 0.086 1.78766 -0.02887 -0.00176 -0.04472 0.01458 -0.00019 -0.04826 0.13704 0.11349 -0.00571 -0.00491 0.11604 0.11331 -0.00762 0.03217 0.6706516 -0.4189803 0.5367737 0.2942038 0.9281843 -0.1329781 0.2468143 -0.2446909
-0.10994 0.11871 1.6785 -0.28381 0.08018 1.67136 -0.08381 0.03374 -0.08810 0.02056 -0.00582 -0.11630 0.15515 0.10677 0.01811 -0.00672 0.09942 0.09774 -0.01662 -0.01557 0.5676612 -0.3088636 0.6043023 0.4660288 0.9159757 -0.1166718 0.2920272 -0.2491913
-0.12171 0.11553 1.68525 -0.28505 0.08266 1.67863 -0.01177 -0.00318 0.00675 -0.00124 0.00248 0.00727 0.15525 0.10521 0.00010 -0.00156 0.11181 0.09430 0.01239 -0.00344 0.595843 -0.2692108 0.5881557 0.4759932 0.9231184 -0.0927801 0.2858922 -0.2398122
-0.13036 0.11423 1.68905 -0.28607 0.08144 1.68314 -0.00865 -0.00130 0.00380 -0.00102 -0.00122 0.00451 0.15522 0.10694 -0.00003 0.00173 0.09845 0.08789 -0.01336 -0.00641 0.60764 -0.2635802 0.5763851 0.4786224 0.9270949 -0.0869197 0.2743031 -0.2402034
-0.12524 0.10883 1.70786 -0.29319 0.08388 1.70556 0.00512 -0.00540 0.01881 -0.00712 0.00244 0.02242 0.16093 0.10620 0.00571 -0.00074 0.09956 0.09283 0.00111 0.00494 0.6241415 -0.2452134 0.5616925 0.4845816 0.9171064 -0.0762384 0.322287 -0.2218888
-0.12423 0.10789 1.71342 -0.29771 0.08404 1.71204 0.00101 -0.00094 0.00556 -0.00452 0.00016 0.00648 0.16253 0.10790 0.00160 0.00170 0.10254 0.09244 0.00298 -0.00039 0.6158341 -0.2419442 0.5764726 0.4794693 0.9323307 -0.0960489 0.2846566 -0.201258
-0.1231 0.10544 1.71485 -0.30255 0.08591 1.71655 0.00113 -0.00245 0.00143 -0.00484 0.00187 0.00451 0.16188 0.10635 -0.00065 -0.00155 0.09124 0.09975 -0.01130 0.00731 0.6282581 -0.2349902 0.5678781 0.4770596 0.884707 -0.0636296 0.4170109 -0.1983599
-0.12561 0.10754 1.71397 -0.30349 0.08421 1.71523 -0.00251 0.00210 -0.00088 -0.00094 -0.00170 -0.00132 0.16329 0.10716 0.00141 0.00081 0.10545 0.09805 0.01421 -0.00170 0.6284292 -0.2246969 0.5782948 0.4692157 0.8990158 -0.0646228 0.3852985 -0.1978371
-0.12616 0.10716 1.71233 -0.30349 0.08523 1.71414 -0.00055 -0.00038 -0.00164 0.00000 0.00102 -0.00109 0.16300 0.10718 -0.00029 0.00002 0.10156 0.09747 -0.00389 -0.00058 0.6288291 -0.2283105 0.5816106 0.462793 0.8944021 -0.0616116 0.395752 -0.1990708
-0.12724 0.10753 1.71129 -0.30363 0.08463 1.7125 -0.00108 0.00037 -0.00104 -0.00014 -0.00060 -0.00164 0.16174 0.10452 -0.00126 -0.00266 0.09997 0.09765 -0.00159 0.00018 0.6286982 -0.2215062 0.5837842 0.4635404 0.8928598 -0.06384 0.3979163 -0.2009689
-0.12873 0.10684 1.69937 -0.30187 0.07937 1.70341 -0.00149 -0.00069 -0.01192 0.00176 -0.00526 -0.00909 0.16304 0.10728 0.00130 0.00276 0.09961 0.09450 -0.00036 -0.00315 0.6461499 -0.220911 0.5628923 0.4656619 0.923166 -0.0809103 0.315572 -0.2040404
-0.13171 0.10683 1.70094 -0.30288 0.08178 1.69891 -0.00298 -0.00001 0.00157 -0.00101 0.00241 -0.00450 0.16479 0.10489 0.00175 -0.00239 0.10533 0.08909 0.00572 -0.00541 0.641888 -0.2056877 0.5608763 0.4807186 0.9398098 -0.0883022 0.2671734 -0.1938523
-0.13126 0.10588 1.6978 -0.30242 0.08123 1.6955 0.00045 -0.00095 -0.00314 0.00046 -0.00055 -0.00341 0.16621 0.10479 0.00142 -0.00010 0.08813 0.09127 -0.01720 0.00218 0.6841539 -0.1676892 0.5080172 0.4957141 0.9259263 -0.0864343 0.310858 -0.1963592
-0.12979 0.10566 1.69844 -0.30189 0.07863 1.69866 0.00147 -0.00022 0.00064 0.00053 -0.00260 0.00316 0.16596 0.10745 -0.00025 0.00266 0.09086 0.09484 0.00273 0.00357 0.6924468 -0.1553249 0.5010645 0.4953038 0.9228526 -0.0852756 0.3172887 -0.2009951
-0.13089 0.1048 1.69862 -0.30368 0.08076 1.69781 -0.00110 -0.00086 0.00018 -0.00179 0.00213 -0.00085 0.16714 0.10562 0.00118 -0.00183 0.09821 0.09097 0.00735 -0.00387 0.6430593 -0.2029964 0.5582742 0.4833187 0.9372906 -0.1026557 0.2759587 -0.1865339
-0.13149 0.10639 1.70041 -0.30428 0.0801 1.7006 -0.00060 0.00159 0.00179 -0.00060 -0.00066 0.00279 0.16499 0.10622 -0.00215 0.00060 0.09634 0.09316 -0.00187 0.00219 0.6488313 -0.1909042 0.5578047 0.481069 0.9409802 -0.0905091 0.2649883 -0.1901198
-0.12826 0.10614 1.7101 -0.30804 0.0805 1.71045 0.00323 -0.00025 0.00969 -0.00376 0.00040 0.00985 0.16568 0.10737 0.00069 0.00115 0.09778 0.09612 0.00144 0.00296 0.6826628 -0.1502678 0.5229049 0.4878129 0.9282613 -0.0760017 0.3121031 -0.1874736
-0.13152 0.10545 1.70399 -0.30688 0.079 1.70532 -0.00326 -0.00069 -0.00611 0.00116 -0.00150 -0.00513 0.16618 0.10732 0.00050 -0.00005 0.09780 0.09496 0.00002 -0.00116 0.6447647 -0.1957615 0.5616419 0.4801191 0.9395955 -0.0787748 0.2745868 -0.1885657
-0.1281 0.10536 1.70008 -0.30677 0.08016 1.70355 0.00342 -0.00009 -0.00391 0.00011 0.00116 -0.00177 0.16434 0.10605 -0.00184 -0.00127 0.09090 0.09272 -0.00690 -0.00224 0.6921631 -0.1599311 0.5170138 0.4775238 0.9465802 -0.0706084 0.2547429 -0.1846793
-0.13242 0.10656 1.69869 -0.30526 0.08073 1.70107 -0.00432 0.00120 -0.00139 0.00151 0.00057 -0.00248 0.16357 0.10532 -0.00077 -0.00073 0.09675 0.09226 0.00585 -0.00046 0.6871999 -0.1620608 0.5214329 0.4791662 0.9275231 -0.0506185 0.3157555 -0.1934866
-0.12829 0.10442 1.7052 -0.30735 0.08074 1.71053 0.00413 -0.00214 0.00651 -0.00209 0.00001 0.00946 0.16568 0.10716 0.00211 0.00184 0.09837 0.09016 0.00162 -0.00210 0.6811037 -0.1760368 0.5326725 0.4704984 0.9335586 -0.0681981 0.2926566 -0.1953704
-0.12976 0.10494 1.70102 -0.30674 0.08085 1.70539 -0.00147 0.00052 -0.00418 0.00061 0.00011 -0.00514 0.16333 0.10644 -0.00235 -0.00072 0.09900 0.09442 0.00063 0.00426 0.6877871 -0.1641896 0.5255292 0.4730854 0.8902112 -0.0402122 0.4059393 -0.2027813
-0.13539 0.10417 1.70124 -0.30623 0.07909 1.70509 -0.00563 -0.00077 0.00022 0.00051 -0.00176 -0.00030 0.16275 0.10772 -0.00058 0.00128 0.09993 0.09296 0.00093 -0.00146 0.6465955 -0.2034557 0.561031 0.4751466 0.9151922 -0.0561695 0.3408582 -0.2075667
-0.13511 0.1037 1.6982 -0.30526 0.0804 1.70173 0.00028 -0.00047 -0.00304 0.00097 0.00131 -0.00336 0.16264 0.10562 -0.00011 -0.00210 0.10002 0.09256 0.00009 -0.00040 0.6044583 -0.241203 0.6066279 0.4565675 0.9137356 -0.0561835 0.3435413 -0.2095473
-0.13347 0.1025 1.68657 -0.30225 0.07981 1.68935 0.00164 -0.00120 -0.01163 0.00301 -0.00059 -0.01238 0.16234 0.10479 -0.00030 -0.00083 0.09959 0.08996 -0.00043 -0.00260 0.6804518 -0.1706038 0.5196004 0.4877448 0.9157485 -0.0618437 0.3366123 -0.2104096
-0.13455 0.10265 1.68675 -0.30263 0.07979 1.68997 -0.00108 0.00015 0.00018 -0.00038 -0.00002 0.00062 0.16138 0.10439 -0.00096 -0.00040 0.09976 0.09116 0.00017 0.00120 0.6292703 -0.2147345 0.5795389 0.471214 0.9169728 -0.0613976 0.3359318 -0.2062548
-0.13678 0.10303 1.68514 -0.30113 0.08002 1.68641 -0.00223 0.00038 -0.00161 0.00150 0.00023 -0.00356 0.15898 0.10496 -0.00240 0.00057 0.10101 0.08886 0.00125 -0.00230 0.6505033 -0.1969325 0.5531957 0.4817029 0.9069179 -0.049408 0.3601624 -0.2129363
-0.13502 0.10358 1.68296 -0.3004 0.08079 1.68394 0.00176 0.00055 -0.00218 0.00073 0.00077 -0.00247 0.15982 0.10420 0.00084 -0.00076 0.10144 0.09088 0.00043 0.00202 0.69145 -0.1574546 0.5093542 0.4875071 0.9032417 -0.0534143 0.3687336 -0.2129246
-0.13487 0.10247 1.68959 -0.2992 0.08027 1.68901 0.00015 -0.00111 0.00663 0.00120 -0.00052 0.00507 0.16176 0.10434 0.00194 0.00014 0.09940 0.08789 -0.00204 -0.00299 0.6698886 -0.1766525 0.5357181 0.4827517 0.8970301 -0.0600436 0.3760941 -0.2242433
-0.13333 0.10066 1.70174 -0.29912 0.0789 1.70088 0.00154 -0.00181 0.01215 0.00008 -0.00137 0.01187 0.16245 0.10609 0.00069 0.00175 0.09923 0.08733 -0.00017 -0.00056 0.6576076 -0.1706744 0.545432 0.4908426 0.9156915 -0.0634768 0.3299189 -0.2205296
-0.1348 0.10047 1.71575 -0.29461 0.07593 1.70738 -0.00147 -0.00019 0.01401 0.00451 -0.00297 0.00650 0.15797 0.10174 -0.00448 -0.00435 0.10258 0.08284 0.00335 -0.00449 0.6357088 -0.1620819 0.5653427 0.4999914 0.9402969 -0.0550332 0.2424734 -0.2324216
-0.13932 0.09631 1.70884 -0.28666 0.06842 1.69306 -0.00452 -0.00416 -0.00691 0.00795 -0.00751 -0.01432 0.15283 0.09921 -0.00514 -0.00253 0.15432 0.09881 0.05174 0.01597 -0.0022013 -0.5047841 0.835854 0.2157225 0.9373974 -0.0171617 0.2459264 -0.2459917
-0.11013 0.082 1.72741 -0.2852 0.05589 1.70179 0.02919 -0.01431 0.01857 0.00146 -0.01253 0.00873 0.16545 0.09974 0.01262 0.00053 0.16866 0.06433 0.01434 -0.03448 0.1721087 -0.3670521 0.8699565 0.2807616 0.9327999 -0.0453786 0.2497544 -0.2558277
0.01599 -0.01507 1.75859 -0.26861 0.00159 1.73618 0.12612 -0.09707 0.03118 0.01659 -0.05430 0.03439 0.13358 0.10259 -0.03187 0.00285 0.05156 0.06757 -0.11710 0.00324 0.6983635 -0.1456547 0.5238563 0.4654542 0.9358978 -0.1324783 0.2235621 -0.2378337
0.03893 -0.04862 1.72429 -0.24333 -0.03744 1.69259 0.02294 -0.03355 -0.03430 0.02528 -0.03903 -0.04359 0.10809 0.09223 -0.02549 -0.01036 0.04672 0.04968 -0.00484 -0.01789 0.2568796 -0.4806358 0.8302505 0.1169876 0.9316751 -0.2282516 -0.0019408 -0.2826285
0.07898 -0.0937 1.68066 -0.21806 -0.09705 1.65091 0.04005 -0.04508 -0.04363 0.02527 -0.05961 -0.04168 0.09851 0.08571 -0.00958 -0.00652 0.05315 0.07378 0.00643 0.02410 0.3357585 -0.4903045 0.8016636 0.0648319 0.9026318 -0.2552329 0.1708354 -0.3015415
0.09962 -0.13537 1.65764 -0.18291 -0.1548 1.63575 0.02064 -0.04167 -0.02302 0.03515 -0.05775 -0.01516 0.08152 0.07258 -0.01699 -0.01313 0.07754 0.07781 0.02439 0.00403 0.2307725 -0.664606 0.7033054 -0.102002 0.9362975 -0.1589892 0.0258536 -0.3120914
0.1784 -0.23932 1.60568 -0.12266 -0.30118 1.63679 0.07878 -0.10395 -0.05196 0.06025 -0.14638 0.00104 0.05806 0.07497 -0.02346 0.00239 0.05580 0.11452 -0.02174 0.03671 0.2348816 -0.4226999 0.5956149 -0.6414035 0.6847668 -0.1079373 0.3552312 -0.6271003
0.24193 -0.31071 1.61125 -0.10268 -0.37876 1.69459 0.06353 -0.07139 0.00557 0.01998 -0.07758 0.05780 0.04978 0.09485 -0.00828 0.01988 0.05249 0.10929 -0.00331 -0.00523 0.2747127 -0.4002137 0.7428204 -0.4610635 0.6816831 -0.4193352 0.0042526 -0.5995399
0.31469 -0.37571 1.6088 -0.10014 -0.42571 1.72862 0.07276 -0.06500 -0.00245 0.00254 -0.04695 0.03403 0.05001 0.11049 0.00023 0.01564 0.04504 0.07194 -0.00745 -0.03735 -0.0344398 0.1827855 0.7555947 -0.6280764 -0.488155 0.7472524 0.367394 0.2614195
0.39642 -0.44958 1.6594 -0.07032 -0.42771 1.79713 0.08173 -0.07387 0.05060 0.02982 -0.00200 0.06851 0.05895 0.11119 0.00894 0.00070 0.06182 0.08589 0.01678 0.01395 0.4368288 -0.4313051 -0.5533907 0.5629523 0.6757309 -0.3184733 -0.0325742 -0.664004
0.4721 -0.49972 1.68651 -0.06958 -0.44297 1.8301 0.07568 -0.05014 0.02711 0.00074 -0.01526 0.03297 0.06860 0.11066 0.00965 -0.00053 0.05719 0.08296 -0.00463 -0.00293 0.6145195 -0.5928075 -0.3803338 0.3553746 0.6791936 -0.3552412 -0.1369998 -0.6274797
0.52097 -0.52047 1.65777 -0.02614 -0.50152 1.73873 0.04887 -0.02075 -0.02874 0.04344 -0.05855 -0.09137 0.15143 0.08452 0.08283 -0.02614 0.06776 0.12484 0.01057 0.04188 -0.4430187 0.6019605 0.4990499 -0.4385512 -0.4216189 0.5224682 0.239445 0.7013777
0.56556 -0.56784 1.84268 -0.06411 -0.47231 1.85344 0.04459 -0.04737 0.18491 -0.03797 0.02921 0.11471 0.13019 0.09916 -0.02124 0.01464 0.09489 0.08816 0.02713 -0.03668 -0.4906393 0.6731017 0.4549648 -0.314983 0.7053548 -0.3231673 -0.1289178 -0.6175903
0.58741 -0.59243 1.88362 -0.06418 -0.48134 1.85136 0.02185 -0.02459 0.04094 -0.00007 -0.00903 -0.00208 0.15115 0.09902 0.02096 -0.00014 0.07063 0.09002 -0.02426 0.00186 -0.4263554 0.7757696 0.4146205 -0.2109324 0.7005737 -0.3306825 -0.1220059 -0.6204516
0.59449 -0.574 1.68632 0.00018 -0.45513 1.70373 0.00708 0.01843 -0.19730 0.06436 0.02621 -0.14763 0.12759 0.08128 -0.02356 -0.01774 0.11101 0.07778 0.04038 -0.01224 -0.2716813 -0.0094896 -0.5723501 0.7736372 -0.589713 0.2297989 0.2694665 0.7258229
0.64253 -0.64736 1.91378 -0.07392 -0.48597 1.83989 0.04804 -0.07336 0.22746 -0.07410 -0.03084 0.13616 0.11701 0.10945 -0.01058 0.02817 0.12881 0.09019 0.01780 0.01241 -0.3271948 0.0374009 -0.423124 0.8441036 0.6675507 -0.3271786 -0.0836879 -0.6635712
0.59232 -0.59719 1.73309 -0.01335 -0.43058 1.69343 -0.05021 0.05017 -0.18069 0.06057 0.05539 -0.14646 0.13448 0.09338 0.01747 -0.01607 0.08340 0.07808 -0.04541 -0.01211 -0.1001542 -0.4123665 -0.4379274 0.7925544 0.6970769 0.0648796 -0.3249681 -0.6358224
0.60739 -0.61306 1.83744 -0.01315 -0.45358 1.76378 0.01507 -0.01587 0.10435 0.00020 -0.02300 0.07035 0.14674 0.09635 0.01226 0.00297 0.09275 0.08022 0.00935 0.00214 -0.2914266 -0.0366232 -0.4681492 0.8334061 0.6858169 0.0711244 -0.3125267 -0.6533938
0.61097 -0.65253 1.84965 -0.01567 -0.45754 1.77434 0.00358 -0.03947 0.01221 -0.00252 -0.00396 0.01056 0.16003 0.07788 0.01329 -0.01847 0.08100 0.08113 -0.01175 0.00091 -0.101021 0.6137079 0.466118 -0.629199 -0.6312615 0.0276511 0.4096637 0.6579667
0.61122 -0.65464 1.85512 -0.01907 -0.46056 1.77706 0.00025 -0.00211 0.00547 -0.00340 -0.00302 0.00272 0.13679 0.08915 -0.02324 0.01127 0.04810 0.08057 -0.03290 -0.00056 -0.2313342 -0.0511179 -0.4111796 0.8802288 -0.6414333 0.0100436 0.3856943 0.6631005
0.61289 -0.66102 1.85797 -0.02108 -0.46288 1.77691 0.00167 -0.00638 0.00285 -0.00201 -0.00232 -0.00015 0.14788 0.10061 0.01109 0.01146 0.07576 0.07695 0.02766 -0.00362 -0.0717201 0.5967495 0.4605637 -0.6531671 -0.6657225 -0.0233597 0.3327245 0.6675045
0.60933 -0.66707 1.87045 -0.02321 -0.46896 1.78382 -0.00356 -0.00605 0.01248 -0.00213 -0.00608 0.00691 0.14105 0.09583 -0.00683 -0.00478 0.10681 0.07674 0.03105 -0.00021 -0.3064408 0.8308117 0.3741389 -0.2754379 -0.6486793 0.0121302 0.3443046 0.6786181
0.60699 -0.67026 1.86818 -0.02314 -0.46953 1.78586 -0.00234 -0.00319 -0.00227 0.00007 -0.00057 0.00204 0.13709 0.09550 -0.00396 -0.00033 0.06702 0.07899 -0.03979 0.00225 -0.328492 0.8288217 0.3665788 -0.2660218 -0.6408176 0.0303051 0.3598308 0.6774631
0.60698 -0.67223 1.87257 -0.02357 -0.47092 1.78981 -0.00001 -0.00197 0.00439 -0.00043 -0.00139 0.00395 0.13689 0.09932 -0.00020 0.00382 0.08490 0.07859 0.01788 -0.00040 -0.1564798 0.6568791 0.4745667 -0.564633 -0.6325023 0.0470006 0.3733287 0.6770211
0.60371 -0.67235 1.87675 -0.0241 -0.47259 1.79323 -0.00327 -0.00012 0.00418 -0.00053 -0.00167 0.00342 0.13824 0.10022 0.00135 0.00090 0.06221 0.08031 -0.02269 0.00172 -0.2525114 0.7444128 0.4443555 -0.4296926 -0.6379414 0.0406331 0.3608367 0.6790999
0.6047 -0.67129 1.88931 -0.02528 -0.47288 1.79325 0.00099 0.00106 0.01256 -0.00118 -0.00029 0.00002 0.13989 0.09962 0.00165 -0.00060 0.07153 0.08073 0.00932 0.00042 -0.1641797 0.7071453 0.4741591 -0.4981605 -0.64051 0.0455631 0.3579072 0.6779185
0.60239 -0.66911 1.87864 -0.02687 -0.472 1.78391 -0.00231 0.00218 -0.01067 -0.00159 0.00088 -0.00934 0.13586 0.09755 -0.00403 -0.00207 0.11118 0.08062 0.03965 -0.00011 -0.3375873 0.8414731 0.3771789 -0.1889284 -0.637833 0.0539105 0.3574418 0.6800721
0.60255 -0.67154 1.87806 -0.02701 -0.47471 1.78492 0.00016 -0.00243 -0.00058 -0.00014 -0.00271 0.00101 0.13721 0.10130 0.00135 0.00375 0.07141 0.08217 -0.03977 0.00155 -0.1388 0.6617759 0.4909193 -0.54935 -0.6373847 0.0546138 0.3433185 0.6876704
0.60315 -0.67292 1.88081 -0.02706 -0.47605 1.7897 0.00060 -0.00138 0.00275 -0.00005 -0.00134 0.00478 0.13774 0.10082 0.00053 -0.00048 0.10815 0.08221 0.03674 0.00004 -0.2258377 0.738597 0.4649966 -0.4327238 -0.6324623 0.0578994 0.3520508 0.6875314
0.6046 -0.67406 1.88086 -0.02872 -0.47671 1.7909 0.00145 -0.00114 0.00005 -0.00166 -0.00066 0.00120 0.13600 0.10073 -0.00174 -0.00009 0.07670 0.08355 -0.03145 0.00134 -0.1689327 0.6765231 0.4929658 -0.5203489 -0.6351106 0.0581559 0.3487466 0.686752
0.60586 -0.67534 1.88473 -0.0296 -0.47855 1.79395 0.00126 -0.00128 0.00387 -0.00088 -0.00184 0.00305 0.13258 0.10088 -0.00342 0.00015 0.07146 0.08448 -0.00524 0.00093 -0.1708229 0.6783922 0.4952153 -0.5151362 -0.6297659 0.0670906 0.3524302 0.6889752
0.60479 -0.67447 1.8849 -0.03021 -0.47862 1.79366 -0.00107 0.00087 0.00017 -0.00061 -0.00007 -0.00029 0.13887 0.10113 0.00629 0.00025 0.09234 0.08377 0.02088 -0.00071 -0.3150284 0.7945562 0.4246857 -0.298462 -0.6334875 0.0716995 0.3486439 0.6870228
0.60475 -0.67363 1.87489 -0.02929 -0.47636 1.78734 -0.00004 0.00084 -0.01001 0.00092 0.00226 -0.00632 0.13387 0.10117 -0.00500 0.00004 0.10205 0.08345 0.00971 -0.00032 -0.1904539 0.7012798 0.4842884 -0.4872358 -0.6363804 0.0700341 0.3480475 0.6848199
0.60568 -0.67311 1.87003 -0.02952 -0.47642 1.78493 0.00093 0.00052 -0.00486 -0.00023 -0.00006 -0.00241 0.13706 0.10015 0.00319 -0.00102 0.06872 0.08385 -0.03333 0.00040 -0.1235946 0.6353565 0.5062369 -0.5698866 -0.6317548 0.0664538 0.3498757 0.6885178
0.60616 -0.67487 1.87571 -0.03044 -0.47788 1.78872 0.00048 -0.00176 0.00568 -0.00092 -0.00146 0.00379 0.13532 0.10040 -0.00174 0.00025 0.08396 0.08374 0.01524 -0.00011 -0.3332624 0.8134868 0.4067503 -0.2484542 -0.6326321 0.0723561 0.348098 0.6880181
0.60453 -0.67338 1.88215 -0.0319 -0.48038 1.785 -0.00163 0.00149 0.00644 -0.00146 -0.00250 -0.00372 0.13334 0.10451 -0.00198 0.00411 0.08088 0.08399 -0.00308 0.00025 -0.1982458 0.7273927 0.4776601 -0.4510424 -0.6300396 0.0778852 0.3303593 0.6984603
0.60686 -0.67684 1.88825 -0.03161 -0.48339 1.79327 0.00233 -0.00346 0.00610 0.00029 -0.00301 0.00827 0.13314 0.10418 -0.00020 -0.00033 0.05749 0.08644 -0.02339 0.00245 -0.2982229 0.7980231 0.4284869 -0.3010338 -0.626914 0.0879882 0.3314494 0.6995557
0.60782 -0.67684 1.89088 -0.03196 -0.48283 1.79106 0.00096 0.00000 0.00263 -0.00035 0.00056 -0.00221 0.13335 0.10329 0.00021 -0.00089 0.06328 0.08652 0.00579 0.00008 -0.2222486 0.7604775 0.463604 -0.3966747 -0.6277525 0.0921654 0.3319322 0.6980353
]
