classifier_Car_goes_to_man_18529 [ 0.6018 -0.73187 1.78418 -0.34571 -0.77946 1.97229 0.6018 -0.73187 1.78418 -0.34571 -0.77946 1.97229 0.12161 0.08404 0.12161 0.08404 0.08770 0.05905 0.08770 0.05905 -0.5295573 0.2879261 -0.3118814 0.7344369 -0.2950233 0.6683126 -0.2733433 -0.6257819
0.63318 -0.75923 1.83911 -0.33685 -0.77593 2.04823 0.03138 -0.02736 0.05493 0.00886 0.00353 0.07594 0.13037 0.07774 0.00876 -0.00630 0.08055 0.08699 -0.00715 0.02794 -0.5785978 0.3804742 -0.2323954 0.6829761 0.3060893 -0.1693053 -0.2785721 0.894451
0.60913 -0.73128 1.76881 -0.34615 -0.77953 1.96805 -0.02405 0.02795 -0.07030 -0.00930 -0.00360 -0.08018 0.12267 0.07632 -0.00770 -0.00142 0.08041 0.07814 -0.00014 -0.00885 -0.5744675 0.3961179 -0.2311375 0.6779772 0.4068124 -0.3275449 0.1010694 0.8467603
0.61057 -0.72916 1.76207 -0.34515 -0.77572 1.96079 0.00144 0.00212 -0.00674 0.00100 0.00381 -0.00726 0.12022 0.07401 -0.00245 -0.00231 0.07827 0.07690 -0.00214 -0.00124 -0.569313 0.3613278 -0.2565653 0.6924588 0.4127307 -0.364058 0.1541821 0.8205748
0.60721 -0.72795 1.76123 -0.34514 -0.77686 1.96145 -0.00336 0.00121 -0.00084 0.00001 -0.00114 0.00066 0.12566 0.07884 0.00544 0.00483 0.08409 0.07787 0.00582 0.00097 -0.5402641 0.2871267 -0.3205059 0.7231521 0.4011237 -0.4164881 0.1041951 0.8091853
0.58535 -0.72473 1.78741 -0.34581 -0.7777 1.96437 -0.02186 0.00322 0.02618 -0.00067 -0.00084 0.00292 0.11371 0.08146 -0.01195 0.00262 0.10854 0.07809 0.02445 0.00022 -0.5652353 0.3993008 -0.241642 0.6802037 0.4054591 -0.3829136 0.1074506 0.823064
0.57345 -0.72261 1.80159 -0.34765 -0.77934 1.96741 -0.01190 0.00212 0.01418 -0.00184 -0.00164 0.00304 0.09997 0.07948 -0.01374 -0.00198 0.12609 0.07679 0.01755 -0.00130 -0.4839196 0.2315837 -0.3717926 0.7576023 0.3663878 -0.5522893 0.2103548 0.7186705
0.57252 -0.72355 1.80773 -0.34658 -0.77978 1.97095 -0.00093 -0.00094 0.00614 0.00107 -0.00044 0.00354 0.09682 0.08181 -0.00315 0.00233 0.12614 0.03765 0.00005 -0.03914 -0.4976508 0.2583712 -0.3453107 0.7525613 -0.2398427 0.8547001 -0.3314195 -0.3195687
0.59258 -0.74918 1.87331 -0.33631 -0.7747 2.04897 0.02006 -0.02563 0.06558 0.01027 0.00508 0.07802 0.10166 0.07796 0.00484 -0.00385 0.11845 0.05539 -0.00769 0.01774 -0.523003 0.2984992 -0.3366676 0.7238929 -0.3161036 0.8931199 -0.2834134 0.1486343
0.56653 -0.75204 1.89743 -0.33143 -0.77139 2.04356 -0.02605 -0.00286 0.02412 0.00488 0.00331 -0.00541 0.07352 0.11087 -0.02814 0.03291 0.07801 0.04724 -0.04044 -0.00815 0.5647133 -0.6108232 0.1199161 -0.5418617 -0.2098514 0.9344759 -0.2632929 0.1157325
0.56513 -0.74935 1.89535 -0.33122 -0.77137 2.03941 -0.00140 0.00269 -0.00208 0.00021 0.00002 -0.00415 0.07154 0.06872 -0.00198 -0.04215 0.07939 0.07715 0.00138 0.02991 -0.5576699 0.5560072 -0.1612937 0.5948484 -0.0191133 0.931005 -0.3254369 0.1641806
0.54826 -0.72699 1.84244 -0.11706 -0.61852 1.71876 -0.01687 0.02236 -0.05291 0.21416 0.15285 -0.32065 0.06975 0.13389 -0.00179 0.06517 0.08304 0.11641 0.00365 0.03926 -0.5400681 0.4800072 -0.2210815 0.6550134 -0.203838 0.8528007 0.2817484 -0.3896137
0.55308 -0.73213 1.85693 -0.11451 -0.62261 1.74284 0.00482 -0.00514 0.01449 0.00255 -0.00409 0.02408 0.07540 0.13498 0.00565 0.00109 0.07459 0.10752 -0.00845 -0.00889 0.5738311 -0.587004 0.1094289 -0.5605083 -0.1468875 0.8884914 0.250885 -0.3550548
0.58583 -0.76086 1.91736 -0.12974 -0.52458 1.84435 0.03275 -0.02873 0.06043 -0.01523 0.09803 0.10151 0.11350 0.08647 0.03810 -0.04851 0.08496 0.06409 0.01037 -0.04343 -0.4813294 0.305703 -0.3266701 0.7537601 -0.0139582 0.8519173 0.3468705 -0.3920752
0.6032 -0.76115 1.88383 -0.11305 -0.49062 1.84786 0.01737 -0.00029 -0.03353 0.01669 0.03396 0.00351 0.11324 0.08213 -0.00026 -0.00434 0.07267 0.06445 -0.01229 0.00036 -0.5082216 0.3050579 -0.3116483 0.7426478 -0.414466 -0.3677976 -0.1000205 0.8264011
0.55951 -0.73128 1.84659 -0.07958 -0.32495 1.72039 -0.04369 0.02987 -0.03724 0.03347 0.16567 -0.12747 0.11264 0.02626 -0.00060 -0.05587 0.08137 0.07468 0.00870 0.01023 -0.5368846 0.4495639 -0.2272624 0.6767563 -0.3269309 -0.332009 -0.1727141 0.8677881
0.55745 -0.72916 1.83959 -0.07439 -0.22994 1.69328 -0.00206 0.00212 -0.00700 0.00519 0.09501 -0.02711 0.11010 0.10174 -0.00254 0.07548 0.08259 0.10385 0.00122 0.02917 -0.5145638 0.3875146 -0.27323 0.7144243 -0.4518048 -0.1282744 -0.3141044 0.8250796
0.58726 -0.76004 1.90209 -0.04214 -0.13899 1.71972 0.02981 -0.03088 0.06250 0.03225 0.09095 0.02644 0.11382 0.10456 0.00372 0.00282 0.07710 0.07146 -0.00549 -0.03239 -0.5342355 0.4133773 -0.2431676 0.6961187 0.7182993 -0.0053488 0.2540559 -0.6476674
0.57608 -0.7459 1.86604 -0.02581 0.04294 1.66109 -0.01118 0.01414 -0.03605 0.01633 0.18193 -0.05863 0.11489 0.12434 0.00107 0.01978 0.07498 0.08690 -0.00212 0.01544 -0.5537978 0.4754736 -0.1913526 0.6562142 0.8598018 -0.1396897 0.1506254 -0.4674823
0.56119 -0.7227 1.80622 -0.01068 0.12507 1.61247 -0.01489 0.02320 -0.05982 0.01513 0.08213 -0.04862 0.10759 0.11937 -0.00730 -0.00497 0.06992 0.08300 -0.00506 -0.00390 -0.5434057 0.4140721 -0.2289662 0.6934184 0.9239557 -0.1385526 0.154916 -0.3211077
0.66125 -0.85811 2.15206 -0.16734 -0.01493 1.95919 0.10006 -0.13541 0.34584 -0.15666 -0.14000 0.34672 0.12608 0.16497 0.01849 0.04560 0.08691 0.06569 0.01699 -0.01731 -0.5313112 0.4034577 -0.2484576 0.7022813 0.9309918 -0.0781563 0.2350921 -0.2681001
0.60275 -0.76487 1.90053 0.00025 0.2823 1.72171 -0.05850 0.09324 -0.25153 0.16759 0.29723 -0.23748 0.10896 0.12124 -0.01712 -0.04373 0.07056 0.06931 -0.01635 0.00362 -0.5205033 0.3586271 -0.2724886 0.7254053 0.9826643 -0.0452542 0.1405427 -0.1121187
0.57999 -0.76197 1.92906 0.00952 0.25734 1.73119 -0.02276 0.00290 0.02853 0.00927 -0.02496 0.00948 0.12285 0.12301 0.01389 0.00177 0.08635 0.08003 0.01579 0.01072 -0.5400634 0.4954128 -0.1855019 0.6545891 0.9751278 -0.0123966 0.1201681 -0.1858277
0.57629 -0.76491 1.94282 0.01811 0.20975 1.74244 -0.00370 -0.00294 0.01376 0.00859 -0.04759 0.01125 0.09405 0.12298 -0.02880 -0.00003 0.09508 0.05861 0.00873 -0.02142 -0.4987931 0.3705839 -0.2950793 0.7258107 0.9854295 -0.0304989 0.1377676 -0.0949656
0.60451 -0.77246 1.92621 0.04747 0.20452 1.75908 0.02822 -0.00755 -0.01661 0.02936 -0.00523 0.01664 0.10527 0.13501 0.01122 0.01203 0.07431 0.09569 -0.02077 0.03708 -0.5525928 0.4041768 -0.2344403 0.6901596 0.956666 0.0011985 0.109322 -0.269884
0.55459 -0.72986 1.84543 0.05179 0.13939 1.66711 -0.04992 0.04260 -0.08078 0.00432 -0.06513 -0.09197 0.11878 0.12175 0.01351 -0.01326 0.08449 0.07249 0.01018 -0.02320 -0.5515256 0.4869806 -0.1830559 0.6520428 0.9295022 -0.054346 0.1196989 -0.3445929
0.55196 -0.7262 1.84834 0.04734 0.06498 1.67885 -0.00263 0.00366 0.00291 -0.00445 -0.07441 0.01174 0.12303 0.12021 0.00425 -0.00154 0.08739 0.08403 0.00290 0.01154 -0.5517557 0.4623254 -0.2005948 0.6645169 0.9478091 -0.0416237 0.1228667 -0.2912544
0.55791 -0.71161 1.77108 0.05311 0.02326 1.63369 0.00595 0.01459 -0.07726 0.00577 -0.04172 -0.04516 0.10369 0.11347 -0.01934 -0.00674 0.06693 0.07304 -0.02046 -0.01099 -0.5523143 0.4156351 -0.2296569 0.6851671 0.9066919 -0.0842348 0.1392137 -0.389145
0.58114 -0.74386 1.85028 -0.0008 -0.08824 1.73105 0.02323 -0.03225 0.07920 -0.05391 -0.11150 0.09736 0.10334 0.12832 -0.00035 0.01485 0.06923 0.11009 0.00230 0.03705 -0.5530953 0.4316616 -0.220762 0.6775086 0.8906122 -0.1493521 0.1684371 -0.3951362
0.57229 -0.73294 1.82302 -0.00771 -0.1247 1.71218 -0.00885 0.01092 -0.02726 -0.00691 -0.03646 -0.01887 0.09679 0.11407 -0.00655 -0.01425 0.07328 0.10858 0.00405 -0.00151 -0.5421848 0.4037969 -0.2439481 0.6953223 0.8373945 -0.154109 0.1739485 -0.4947351
0.57856 -0.74126 1.8454 -0.03258 -0.17266 1.73237 0.00627 -0.00832 0.02238 -0.02487 -0.04796 0.02019 0.10138 0.08437 0.00459 -0.02970 0.07075 0.10915 -0.00253 0.00057 -0.5500314 0.4159776 -0.2352075 0.6849129 0.8641912 -0.1250464 0.2138358 -0.4379625
0.59614 -0.74627 1.84109 -0.08141 -0.22625 1.75155 0.01758 -0.00501 -0.00431 -0.04883 -0.05359 0.01918 0.11842 0.09291 0.01704 0.00854 0.06221 0.09481 -0.00854 -0.01434 -0.4906979 0.2899425 -0.3134409 0.7595418 0.8558123 -0.0937421 0.2331675 -0.4521401
0.59646 -0.75001 1.85389 -0.1409 -0.27164 1.7732 0.00032 -0.00374 0.01280 -0.05949 -0.04539 0.02165 0.10969 0.10266 -0.00873 0.00975 0.06186 0.11000 -0.00035 0.01519 -0.4843782 0.2856257 -0.3185666 0.7630931 0.8650894 -0.1207757 0.1343877 -0.4679461
0.55775 -0.73229 1.84551 -0.18172 -0.2877 1.7444 -0.03871 0.01772 -0.00838 -0.04082 -0.01606 -0.02880 0.11616 0.06062 0.00647 -0.04204 0.08525 0.07466 0.02339 -0.03534 -0.5087517 0.473083 -0.2186084 0.6852551 0.879003 -0.1782707 0.2430615 -0.3694513
0.56577 -0.74106 1.87027 -0.24235 -0.28748 1.78342 0.00802 -0.00877 0.02476 -0.06063 0.00022 0.03902 0.11554 0.06738 -0.00062 0.00676 0.08595 0.05630 0.00070 -0.01836 -0.5159323 0.4430945 -0.2350162 0.6944412 0.764997 -0.6053247 0.1764272 0.1312822
0.60821 -0.80098 2.01811 -0.31996 -0.2861 1.95068 0.04244 -0.05992 0.14784 -0.07761 0.00138 0.16726 0.12796 0.09668 0.01242 0.02930 0.09446 0.04655 0.00851 -0.00975 -0.520735 0.4460312 -0.2497455 0.6837533 0.8351769 -0.5016165 0.2250464 0.0146398
0.55593 -0.73215 1.84382 -0.33935 -0.23112 1.80128 -0.05228 0.06883 -0.17429 -0.01939 0.05498 -0.14940 0.06876 0.08943 -0.05920 -0.00725 0.08636 0.07170 -0.00810 0.02515 -0.4830588 0.326898 -0.3279279 0.7431387 0.7557386 -0.6416589 0.1140419 0.0642459
0.56385 -0.7386 1.85793 -0.37431 -0.20272 1.83438 0.00792 -0.00645 0.01411 -0.03496 0.02840 0.03310 0.11567 0.09142 0.04691 0.00199 0.08324 0.07214 -0.00312 0.00044 -0.5410161 0.4444316 -0.2397684 0.6725276 0.8644972 -0.4243283 0.2135545 0.1642697
0.56277 -0.74267 1.8708 -0.39665 -0.18053 1.85423 -0.00108 -0.00407 0.01287 -0.02234 0.02219 0.01985 0.07072 0.09223 -0.04495 0.00081 0.08899 0.07990 0.00575 0.00776 -0.4783021 0.3119924 -0.3398253 0.7472662 0.9500946 -0.2217447 0.1552163 0.1551043
0.55309 -0.72696 1.83163 -0.40052 -0.15668 1.82146 -0.00968 0.01571 -0.03917 -0.00387 0.02385 -0.03277 0.06678 0.08967 -0.00394 -0.00256 0.08528 0.07046 -0.00371 -0.00944 -0.5537698 0.4669417 -0.2128493 0.6557435 0.9613689 -0.1848482 0.1686338 0.114733
0.5544 -0.72923 1.83555 -0.40594 -0.14771 1.8256 0.00131 -0.00227 0.00392 -0.00542 0.00897 0.00414 0.06920 0.08875 0.00242 -0.00092 0.08595 0.06708 0.00067 -0.00338 -0.5104825 0.3489392 -0.2973126 0.7274987 0.9616742 -0.1975778 0.1658206 0.0930018
0.53988 -0.71203 1.79081 -0.39392 -0.14148 1.77527 -0.01452 0.01720 -0.04474 0.01202 0.00623 -0.05033 0.06910 0.08538 -0.00010 -0.00337 0.08345 0.07969 -0.00250 0.01261 -0.5247466 0.3880198 -0.2635139 0.7103816 0.8751531 -0.4196405 0.1853181 0.1538376
0.54293 -0.71603 1.80181 -0.37838 -0.16849 1.75529 0.00305 -0.00400 0.01100 0.01554 -0.02701 -0.01998 0.07039 0.12223 0.00129 0.03685 0.08339 0.07887 -0.00006 -0.00082 -0.5341331 0.4116571 -0.239561 0.6984632 0.8458635 -0.5152552 -0.0699979 0.1188582
0.54303 -0.71589 1.80166 -0.36397 -0.18513 1.74285 0.00010 0.00014 -0.00015 0.01441 -0.01664 -0.01244 0.07013 0.12119 -0.00026 -0.00104 0.08401 0.05886 0.00062 -0.02001 -0.5312427 0.4055497 -0.246131 0.7019473 0.8051556 -0.5926312 0.0218592 0.0058955
0.54538 -0.72071 1.81281 -0.3508 -0.19647 1.74343 0.00235 -0.00482 0.01115 0.01317 -0.01134 0.00058 0.07088 0.11852 0.00075 -0.00267 0.07155 0.06652 -0.01246 0.00766 -0.5625138 0.5321018 -0.1447152 0.6160386 0.8764634 -0.4756836 0.0613757 -0.0420704
0.56443 -0.72389 1.81948 -0.34206 -0.19981 1.75015 0.01905 -0.00318 0.00667 0.00874 -0.00334 0.00672 0.10770 0.12406 0.03682 0.00554 0.07191 0.06754 0.00036 0.00102 -0.5660994 0.4438419 -0.19211 0.667555 0.923149 -0.3731206 0.0324633 -0.0867362
0.56617 -0.72749 1.83051 -0.33485 -0.20002 1.75429 0.00174 -0.00360 0.01103 0.00721 -0.00021 0.00414 0.11062 0.11700 0.00292 -0.00706 0.07443 0.07005 0.00252 0.00251 -0.5622683 0.434231 -0.2049729 0.6732635 0.93106 -0.351205 0.0242495 -0.0958871
0.57861 -0.72314 1.80182 -0.32615 -0.19478 1.73535 0.01244 0.00435 -0.02869 0.00870 0.00524 -0.01894 0.11199 0.11650 0.00137 -0.00050 0.06784 0.05294 -0.00659 -0.01711 -0.5144052 0.2481329 -0.3192472 0.7562398 0.9081818 -0.4068609 0.0637685 -0.0748575
0.58977 -0.73792 1.83895 -0.32512 -0.18857 1.76456 0.01116 -0.01478 0.03713 0.00103 0.00621 0.02921 0.12252 0.10204 0.01053 -0.01446 0.07421 0.06243 0.00637 0.00949 -0.4915299 0.2102063 -0.3361606 0.7753758 0.9135731 -0.3908914 0.0994972 -0.0518502
0.59217 -0.73977 1.84576 -0.32467 -0.18535 1.76956 0.00240 -0.00185 0.00681 0.00045 0.00322 0.00500 0.12097 0.09343 -0.00155 -0.00861 0.06885 0.05310 -0.00536 -0.00933 -0.4918751 0.2137061 -0.3323921 0.7758248 0.8778691 -0.3562623 0.2886887 -0.1381372
0.5858 -0.72976 1.83297 -0.32126 -0.17395 1.74701 -0.00637 0.01001 -0.01279 0.00341 0.01140 -0.02255 0.10115 0.10804 -0.01982 0.01461 0.09300 0.06690 0.02415 0.01380 -0.5473934 0.3254094 -0.2733161 0.7209491 0.7264297 -0.6297429 -0.0705232 -0.2659892
0.5516 -0.71409 1.81706 -0.31372 -0.17242 1.71439 -0.03420 0.01567 -0.01591 0.00754 0.00153 -0.03262 0.06523 0.09994 -0.03592 -0.00810 0.07877 0.06082 -0.01423 -0.00608 -0.4390481 0.1894328 -0.3947639 0.7845467 0.8745391 -0.4708084 0.0857227 -0.0785646
0.58096 -0.71546 1.81384 -0.31413 -0.17106 1.71753 0.02936 -0.00137 -0.00322 -0.00041 0.00136 0.00314 0.10533 0.09979 0.04010 -0.00015 0.09857 0.05863 0.01980 -0.00219 -0.5117136 0.1810152 -0.3410047 0.7675275 0.8850171 -0.4347113 0.1302143 -0.1039956
0.58964 -0.70788 1.82837 -0.3141 -0.16944 1.72046 0.00868 0.00758 0.01453 0.00003 0.00162 0.00293 0.11743 0.09732 0.01210 -0.00247 0.09830 0.05799 -0.00027 -0.00064 -0.5302916 0.1605321 -0.3509691 0.7548782 0.9050668 -0.4107553 0.0748037 -0.0808619
0.59752 -0.70503 1.82893 -0.31277 -0.16605 1.7192 0.00788 0.00285 0.00056 0.00133 0.00339 -0.00126 0.12646 0.09438 0.00903 -0.00294 0.10467 0.06686 0.00637 0.00887 -0.5003026 0.1255064 -0.3899829 0.7627967 0.9188478 -0.3650772 0.0994218 -0.1120384
0.58023 -0.70523 1.89925 -0.31184 -0.16255 1.72185 -0.01729 -0.00020 0.07032 0.00093 0.00350 0.00265 0.09473 0.08716 -0.03173 -0.00722 0.11204 0.06148 0.00737 -0.00538 -0.4202122 -0.0229614 -0.3500043 0.836894 0.9338046 -0.3133102 0.1212546 -0.123057
0.55663 -0.61884 1.83897 -0.31087 -0.15766 1.72144 -0.02360 0.08639 -0.06028 0.00097 0.00489 -0.00041 0.11354 0.08665 0.01881 -0.00051 0.08521 0.07268 -0.02683 0.01120 0.6442589 -0.39705 0.4998997 -0.4211675 0.9196562 -0.2556211 0.2513808 -0.1603062
0.5533 -0.5894 1.80851 -0.31202 -0.155 1.73052 -0.00333 0.02944 -0.03046 -0.00115 0.00266 0.00908 0.09237 0.08811 -0.02117 0.00146 0.21718 0.06692 0.13197 -0.00576 -0.1064507 -0.0891391 -0.5953421 0.7913851 0.8943427 -0.2709939 0.3119607 -0.1714466
0.53419 -0.55103 1.84252 -0.31919 -0.15747 1.77981 -0.01911 0.03837 0.03401 -0.00717 -0.00247 0.04929 0.07514 0.09675 -0.01723 0.00864 0.06568 0.08748 -0.15150 0.02056 -0.4640725 0.5122862 -0.4381392 0.5746595 0.9307911 -0.3423637 0.0568285 -0.1148293
0.49591 -0.47576 1.8059 -0.3181 -0.16055 1.79494 -0.03828 0.07527 -0.03662 0.00109 -0.00308 0.01513 0.07201 0.11218 -0.00313 0.01543 0.05701 0.10810 -0.00867 0.02062 -0.6441583 0.7603402 -0.0825239 0.0115197 0.8926396 -0.3774636 0.0837469 -0.2317371
0.38088 -0.2113 1.69598 -0.29109 -0.17205 1.7129 -0.11503 0.26446 -0.10992 0.02701 -0.01150 -0.08204 0.05203 0.12038 -0.01998 0.00820 0.05173 0.05227 -0.00528 -0.05583 -0.522734 0.6621861 0.4600827 -0.2767357 0.9295183 -0.3529587 0.1010698 -0.0346524
0.34763 -0.0793 1.7104 -0.28622 -0.18763 1.73065 -0.03325 0.13200 0.01442 0.00487 -0.01558 0.01775 0.05541 0.12947 0.00338 0.00909 0.03795 0.05636 -0.01378 0.00409 -0.4918712 0.1234006 0.7008197 -0.501684 0.8964505 -0.4300872 0.051481 -0.0935485
0.35045 0.06548 1.86784 -0.28695 -0.21101 1.82173 0.00282 0.14478 0.15744 -0.00073 -0.02338 0.09108 0.05459 0.12270 -0.00082 -0.00677 0.07080 0.04046 0.03285 -0.01590 0.8816032 -0.2438757 -0.1813941 0.3611047 0.8247013 -0.080217 -0.5202737 0.2067567
0.36072 0.07638 1.88585 -0.2831 -0.20435 1.82544 0.01027 0.01090 0.01801 0.00385 0.00666 0.00371 0.06660 0.12508 0.01201 0.00238 0.06453 0.05370 -0.00627 0.01324 0.9068253 -0.2139876 -0.1853655 0.3122766 0.9379886 -0.3064342 0.1531786 0.0530263
0.36419 0.06515 1.87698 -0.28231 -0.19433 1.82898 0.00347 -0.01123 -0.00887 0.00079 0.01002 0.00354 0.06330 0.11214 -0.00330 -0.01294 0.09814 0.05604 0.03361 0.00234 0.9078004 -0.2661133 -0.1344609 0.2949617 0.9529715 -0.2478134 0.1731655 0.0211566
0.36292 0.02406 1.84701 -0.2849 -0.18242 1.83281 -0.00127 -0.04109 -0.02997 -0.00259 0.01191 0.00383 0.05618 0.09320 -0.00712 -0.01894 0.07345 0.06462 -0.02469 0.00858 0.9018328 -0.236063 -0.1988076 0.3024027 0.9682703 -0.1963068 0.1537353 0.0167868
0.33401 -0.14102 1.73262 -0.28757 -0.14595 1.80316 -0.02891 -0.16508 -0.11439 -0.00267 0.03647 -0.02965 0.03705 0.11367 -0.01913 0.02047 0.04272 0.08867 -0.03073 0.02405 0.7210604 -0.4045791 -0.4917792 0.2730218 0.9474839 -0.242373 0.2086119 -0.0032678
0.31127 -0.32083 1.70918 -0.28903 -0.13288 1.78255 -0.02274 -0.17981 -0.02344 -0.00146 0.01307 -0.02061 0.05612 0.09836 0.01907 -0.01531 0.05941 0.06983 0.01669 -0.01884 -0.5354275 0.7585093 0.0315243 -0.3701179 0.9488581 -0.2497753 0.1930693 -0.0021952
0.2881 -0.31655 1.73085 -0.28994 -0.13452 1.77673 -0.02317 0.00428 0.02167 -0.00091 -0.00164 -0.00582 0.05497 0.11366 -0.00115 0.01530 0.05223 0.09548 -0.00718 0.02565 -0.2843725 0.8575852 -0.4035463 -0.1443275 0.9464588 -0.2456046 0.2094102 -0.0064305
0.28153 -0.2706 1.82125 -0.30252 -0.14707 1.84452 -0.00657 0.04595 0.09040 -0.01258 -0.01255 0.06779 0.06893 0.12197 0.01396 0.00831 0.06592 0.06311 0.01369 -0.03237 0.8099974 -0.4304469 -0.0698608 0.3920957 0.953227 -0.2351537 0.1880337 -0.0265387
0.28068 -0.18304 1.83438 -0.30454 -0.15729 1.84616 -0.00085 0.08756 0.01313 -0.00202 -0.01022 0.00164 0.06314 0.12856 -0.00579 0.00659 0.06473 0.07604 -0.00119 0.01293 0.7666563 -0.3313982 -0.1880487 0.5167696 0.607135 -0.1384977 0.7601248 -0.1855149
0.2967 -0.01941 1.70746 -0.27743 -0.16045 1.68355 0.01602 0.16363 -0.12692 0.02711 -0.00316 -0.16261 0.05516 0.12570 -0.00798 -0.00286 0.06156 0.06801 -0.00317 -0.00803 0.8615811 -0.2335869 -0.2762825 0.3560661 0.9196509 -0.2466175 0.2884163 -0.1011832
0.35137 0.01508 1.87301 -0.30101 -0.17692 1.83676 0.05467 0.03449 0.16555 -0.02358 -0.01647 0.15321 0.05973 0.13112 0.00457 0.00542 0.07700 0.07742 0.01544 0.00941 0.929152 -0.2402591 -0.1996106 0.1977566 0.5667811 -0.199636 0.7422516 -0.2965926
0.33418 0.01082 1.6995 -0.27242 -0.15674 1.67649 -0.01719 -0.00426 -0.17351 0.02859 0.02018 -0.16027 0.05103 0.11472 -0.00870 -0.01640 0.06282 0.06341 -0.01418 -0.01401 0.9162102 -0.2710423 -0.2076122 0.2097431 0.9554923 -0.2329601 0.1528969 -0.0968843
0.34331 -0.0319 1.7063 -0.27589 -0.1524 1.70884 0.00913 -0.04272 0.00680 -0.00347 0.00434 0.03235 0.04793 0.10817 -0.00310 -0.00655 0.06869 0.05989 0.00587 -0.00352 0.9563425 -0.2220305 -0.1539836 0.1113581 0.961584 -0.1980415 0.1760197 -0.0717835
0.32836 -0.17484 1.68199 -0.28254 -0.13765 1.74868 -0.01495 -0.14294 -0.02431 -0.00665 0.01475 0.03984 0.03124 0.08867 -0.01669 -0.01950 0.03423 0.06527 -0.03446 0.00538 0.3637133 -0.4869815 -0.2621685 0.7495527 0.9454395 -0.1413513 0.2862272 -0.0651001
0.33576 -0.27467 1.72145 -0.28599 -0.1325 1.77092 0.00740 -0.09983 0.03946 -0.00345 0.00515 0.02224 0.05371 0.10103 0.02247 0.01236 0.05519 0.05350 0.02096 -0.01177 -0.0388124 0.3994943 0.6099584 -0.6832632 0.9789097 -0.1387188 0.1449219 -0.0386071
0.33781 -0.29327 1.79963 -0.2972 -0.13494 1.83513 0.00205 -0.01860 0.07818 -0.01121 -0.00244 0.06421 0.05798 0.10847 0.00427 0.00744 0.06465 0.08359 0.00946 0.03009 0.467609 0.0695773 -0.5453274 0.6921842 0.9577726 -0.1440025 0.2437911 -0.0500091
0.31901 -0.24923 1.76158 -0.29139 -0.13331 1.79239 -0.01880 0.04404 -0.03805 0.00581 0.00163 -0.04274 0.04970 0.10334 -0.00828 -0.00513 0.04285 0.07620 -0.02180 -0.00739 0.525187 -0.2000873 -0.5217919 0.6417764 0.9694422 -0.1571635 0.1837802 -0.0413078
0.32088 -0.19676 1.81289 -0.2985 -0.1392 1.82441 0.00187 0.05247 0.05131 -0.00711 -0.00589 0.03202 0.05801 0.11603 0.00831 0.01269 0.06453 0.06943 0.02168 -0.00677 0.8115488 -0.2292257 -0.3532629 0.4050301 0.9660936 -0.1716536 0.1894304 -0.0362516
0.32474 -0.14125 1.86678 -0.30483 -0.14682 1.85649 0.00386 0.05551 0.05389 -0.00633 -0.00762 0.03208 0.06323 0.12198 0.00522 0.00595 0.09059 0.07623 0.02606 0.00680 0.7938825 0.328972 -0.0698962 0.5065988 0.6244729 -0.1296908 0.7539902 -0.1572031
0.32592 -0.09649 1.88286 -0.30624 -0.15256 1.85775 0.00118 0.04476 0.01608 -0.00141 -0.00574 0.00126 0.06906 0.12607 0.00583 0.00409 0.05509 0.07445 -0.03550 -0.00178 -0.5441463 -0.3212619 0.7155925 -0.2976959 0.9545976 -0.2148137 0.2020348 -0.0421948
0.36106 -0.10045 1.90151 -0.30474 -0.15801 1.8527 0.03514 -0.00396 0.01865 0.00150 -0.00545 -0.00505 0.12476 0.12965 0.05570 0.00358 0.06547 0.07780 0.01038 0.00335 -0.3808227 -0.0954583 0.6770623 0.6224535 0.5707389 -0.1608283 0.7834548 -0.1859835
0.37511 -0.13345 2.0007 -0.31733 -0.17409 1.95585 0.01405 -0.03300 0.09919 -0.01259 -0.01608 0.10315 0.13943 0.14134 0.01467 0.01169 0.11244 0.07346 0.04697 -0.00434 0.8226969 -0.482982 0.2856619 0.0910796 -0.0641625 0.0272312 0.9614981 -0.2658251
0.27167 -0.11914 1.86941 -0.296 -0.16695 1.84739 -0.10344 0.01431 -0.13129 0.02133 0.00714 -0.10846 0.06208 0.12827 -0.07735 -0.01307 0.09802 0.07474 -0.01442 0.00128 0.5821451 0.3321169 0.0154305 0.7420022 0.5861626 -0.1164247 0.7808025 -0.1822255
0.23325 -0.14442 1.83774 -0.28884 -0.16503 1.82256 -0.03842 -0.02528 -0.03167 0.00716 0.00192 -0.02483 0.04682 0.12659 -0.01526 -0.00168 0.04128 0.07295 -0.05674 -0.00179 0.517459 0.4490249 0.0482556 0.7268316 0.697996 -0.111909 0.6889928 -0.1598968
0.34781 -0.23949 1.98994 -0.30894 -0.17799 1.96603 0.11456 -0.09507 0.15220 -0.02010 -0.01296 0.14347 0.14798 0.13565 0.10116 0.00906 0.16878 0.07774 0.12750 0.00479 0.8344118 -0.3621067 -0.2725162 0.3136409 0.5544248 -0.0791332 0.809957 -0.1741285
0.34209 -0.26894 2.04304 -0.31674 -0.18265 2.0184 -0.00572 -0.02945 0.05310 -0.00780 -0.00466 0.05237 0.15492 0.13419 0.00694 -0.00146 0.11161 0.10315 -0.05717 0.02541 0.7712154 -0.5244269 0.3607731 0.0067793 0.9548407 -0.2035289 0.2135557 -0.0353438
0.32034 -0.2748 1.98816 -0.30959 -0.17435 1.96083 -0.02175 -0.00586 -0.05488 0.00715 0.00830 -0.05757 0.15049 0.13774 -0.00443 0.00355 0.12260 0.07466 0.01099 -0.02849 0.7492324 -0.5385627 0.3854854 -0.0014158 0.8197429 -0.5044888 0.2242056 0.1524617
0.29978 -0.27149 1.92052 -0.30115 -0.16611 1.88802 -0.02056 0.00331 -0.06764 0.00844 0.00824 -0.07281 0.13571 0.13120 -0.01478 -0.00654 0.15305 0.04079 0.03045 -0.03387 0.8339337 -0.3909082 -0.2733159 0.2775677 0.8137547 -0.0945107 -0.4713939 0.3265866
0.30676 -0.2872 2.01104 -0.31776 -0.17454 1.97336 0.00698 -0.01571 0.09052 -0.01661 -0.00843 0.08534 0.14412 0.12824 0.00841 -0.00296 0.12384 0.04527 -0.02921 0.00448 0.777942 -0.4722255 0.4075947 -0.0753381 0.7713117 -0.1521766 -0.6117662 0.0875372
0.30614 -0.28885 2.02606 -0.32245 -0.17379 1.98663 -0.00062 -0.00165 0.01502 -0.00469 0.00075 0.01327 0.14791 0.12630 0.00379 -0.00194 0.12297 0.07819 -0.00087 0.03292 0.7740847 -0.4585685 0.4277147 -0.0869941 -0.2072358 0.0482563 0.9625992 -0.1677126
0.29586 -0.27647 1.95901 -0.31345 -0.16357 1.9204 -0.01028 0.01238 -0.06705 0.00900 0.01022 -0.06623 0.14122 0.12786 -0.00669 0.00156 0.10995 0.04863 -0.01302 -0.02956 0.805266 -0.4570631 0.3731097 -0.0585592 0.7647733 -0.1471378 -0.5777251 0.2443483
0.29944 -0.27522 1.96546 -0.31513 -0.16284 1.92704 0.00358 0.00125 0.00645 -0.00168 0.00073 0.00664 0.14411 0.12786 0.00289 0.00000 0.15131 0.07409 0.04136 0.02546 0.841336 -0.3766155 -0.2864696 0.2612463 -0.2036463 -0.045842 0.934031 -0.2898498
0.31166 -0.27838 2.02285 -0.32514 -0.16919 1.98533 0.01222 -0.00316 0.05739 -0.01001 -0.00635 0.05829 0.14663 0.12476 0.00252 -0.00310 0.15845 0.07788 0.00714 0.00379 0.8470668 -0.3821411 -0.2759776 0.245525 -0.1909003 0.0495724 0.9564347 -0.2152496
0.31562 -0.27364 2.02578 -0.32554 -0.16836 1.99167 0.00396 0.00474 0.00293 -0.00040 0.00083 0.00634 0.14753 0.12961 0.00090 0.00485 0.16184 0.07705 0.00339 -0.00083 0.8313127 -0.3690377 -0.3282751 0.2548841 -0.2056613 0.056695 0.9542736 -0.2094061
0.3198 -0.26572 2.0258 -0.32492 -0.16909 1.99533 0.00418 0.00792 0.00002 0.00062 -0.00073 0.00366 0.14991 0.12533 0.00238 -0.00428 0.16812 0.07349 0.00628 -0.00356 0.8089302 -0.3543352 -0.3777922 0.2781217 -0.2122976 0.0653795 0.9516968 -0.2119637
0.3251 -0.2587 2.03476 -0.32615 -0.17074 2.00887 0.00530 0.00702 0.00896 -0.00123 -0.00165 0.01354 0.15003 0.12937 0.00012 0.00404 0.16515 0.07525 -0.00297 0.00176 0.8141772 -0.3542953 -0.3597328 0.286675 -0.1685996 0.050287 0.9615495 -0.2108741
0.28025 -0.21422 1.76018 -0.28175 -0.14819 1.74394 -0.04485 0.04448 -0.27458 0.04440 0.02255 -0.26493 0.12974 0.11509 -0.02029 -0.01428 0.14745 0.06667 -0.01770 -0.00858 0.7800943 -0.3332156 -0.3414418 0.4047688 -0.1607528 0.0306606 0.9678524 -0.1909978
0.3233 -0.23961 2.02828 -0.32339 -0.17338 2.0154 0.04305 -0.02539 0.26810 -0.04164 -0.02519 0.27146 0.15343 0.13354 0.02369 0.01845 0.16041 0.05561 0.01296 -0.01106 0.8250659 -0.3268313 -0.3272951 0.324539 0.7277949 -0.1589446 -0.6551372 0.1258824
0.33267 -0.23729 2.11718 -0.33654 -0.18255 2.11479 0.00937 0.00232 0.08890 -0.01315 -0.00917 0.09939 0.16111 0.13866 0.00768 0.00512 0.18179 0.06410 0.02138 0.00849 0.816763 -0.2909669 -0.2934513 0.4026446 0.7244322 -0.1642321 -0.6592844 0.1164894
0.30901 -0.21571 2.05521 -0.32589 -0.17737 2.06482 -0.02366 0.02158 -0.06197 0.01065 0.00518 -0.04997 0.15526 0.14119 -0.00585 0.00253 0.15797 0.05593 -0.02382 -0.00817 0.8316684 -0.2892414 -0.2607553 0.3958203 0.7348814 -0.196451 -0.6376475 0.1214999
0.2955 -0.20101 2.04442 -0.32247 -0.17968 2.06402 -0.01351 0.01470 -0.01079 0.00342 -0.00231 -0.00080 0.15629 0.13632 0.00103 -0.00487 0.15817 0.06124 0.00020 0.00531 0.8251194 -0.2868655 -0.2763315 0.4006583 0.7022145 -0.1873998 -0.6735634 0.1344937
0.25511 -0.17334 1.9233 -0.3022 -0.1722 1.95124 -0.04039 0.02767 -0.12112 0.02027 0.00748 -0.11278 0.14399 0.12703 -0.01230 -0.00929 0.14328 0.05728 -0.01489 -0.00396 0.8142548 -0.28532 -0.2776756 0.4224665 0.7438518 -0.1349292 -0.6533473 0.0401992
0.22124 -0.15089 1.77213 -0.27678 -0.1589 1.81013 -0.03387 0.02245 -0.15117 0.02542 0.01330 -0.14111 0.13316 0.12040 -0.01083 -0.00663 0.12234 0.04553 -0.02094 -0.01175 0.6794764 -0.4909872 -0.4640146 0.2862409 0.7445573 -0.1491997 -0.6408536 0.1126084
0.15567 -0.11979 1.65914 -0.25648 -0.15192 1.72615 -0.06557 0.03110 -0.11299 0.02030 0.00698 -0.08398 0.11918 0.11618 -0.01398 -0.00422 0.10056 0.04550 -0.02178 -0.00003 0.8174675 0.0176083 -0.2028347 0.5387903 0.7349808 -0.1759312 -0.6479938 0.0946332
0.14176 -0.11726 1.64289 -0.25367 -0.15147 1.72038 -0.01391 0.00253 -0.01625 0.00281 0.00045 -0.00577 0.11184 0.12018 -0.00734 0.00400 0.10322 0.05439 0.00266 0.00889 0.7352731 0.0175562 -0.3385141 0.5869187 -0.6766979 0.1689856 0.709086 -0.1035417
0.11343 -0.10966 1.66485 -0.25671 -0.15426 1.7487 -0.02833 0.00760 0.02196 -0.00304 -0.00279 0.02832 0.12117 0.12363 0.00933 0.00345 0.10860 0.06803 0.00538 0.01364 0.7463543 0.0813484 -0.3305728 0.571891 -0.1993456 0.0890993 0.9596786 -0.1770299
0.09671 -0.10992 1.64742 -0.25408 -0.15549 1.73715 -0.01672 -0.00026 -0.01743 0.00263 -0.00123 -0.01155 0.11823 0.12012 -0.00294 -0.00351 0.10358 0.06592 -0.00502 -0.00211 0.7250013 0.1111984 -0.3578576 0.5778806 -0.1663891 0.0757315 0.9660039 -0.1828004
0.07365 -0.11068 1.64216 -0.25243 -0.15661 1.73742 -0.02306 -0.00076 -0.00526 0.00165 -0.00112 0.00027 0.11684 0.12124 -0.00139 0.00112 0.09998 0.06711 -0.00360 0.00119 0.7130159 0.1558087 -0.3944741 0.5583208 -0.1884578 0.0987157 0.9622901 -0.1695186
0.05498 -0.11664 1.63225 -0.25012 -0.1568 1.7312 -0.01867 -0.00596 -0.00991 0.00231 -0.00019 -0.00622 0.11185 0.12017 -0.00499 -0.00107 0.05868 0.06821 -0.04130 0.00110 -0.4851246 -0.3909824 0.6521176 -0.4318908 -0.1521851 0.1095711 0.9677656 -0.1681174
0.03772 -0.12728 1.66064 -0.25197 -0.16504 1.76564 -0.01726 -0.01064 0.02839 -0.00185 -0.00824 0.03444 0.11827 0.11672 0.00642 -0.00345 0.06127 0.06883 0.00259 0.00062 -0.4909576 -0.3708143 0.6568143 -0.43595 -0.1535352 0.1731277 0.9637668 -0.1326925
0.02457 -0.14413 1.69813 -0.25575 -0.17176 1.80972 -0.01315 -0.01685 0.03749 -0.00378 -0.00672 0.04408 0.12111 0.11228 0.00284 -0.00444 0.06199 0.07146 0.00072 0.00263 0.6103101 0.3264497 -0.5204813 0.5000513 -0.1346833 0.1553539 0.9636952 -0.1703442
0.01506 -0.15943 1.71518 -0.25788 -0.18183 1.82643 -0.00951 -0.01530 0.01705 -0.00213 -0.01007 0.01671 0.11220 0.08542 -0.00891 -0.02686 0.06687 0.07386 0.00488 0.00240 0.6327189 0.2697031 -0.5135652 0.5130085 -0.118838 0.1387842 0.9830073 -0.0176968
0.0297 -0.17623 1.66087 -0.22957 -0.12191 1.73157 0.01464 -0.01680 -0.05431 0.02831 0.05992 -0.09486 0.10596 0.11515 -0.00624 0.02973 0.07697 0.09429 0.01010 0.02043 -0.5103138 -0.4668748 0.5757875 -0.4359776 0.4399137 0.2178439 0.8414152 -0.2259213
0.02926 -0.18706 1.66638 -0.22803 -0.12559 1.73325 -0.00044 -0.01083 0.00551 0.00154 -0.00368 0.00168 0.10871 0.11998 0.00275 0.00483 0.07378 0.10878 -0.00319 0.01449 0.690429 0.3902683 -0.2267196 0.5653288 0.4734743 0.2172838 0.8086231 -0.2733832
0.00879 -0.18073 1.65065 -0.24493 -0.12969 1.72468 -0.02047 0.00633 -0.01573 -0.01690 -0.00410 -0.00857 0.10278 0.11391 -0.00593 -0.00607 0.06741 0.10328 -0.00637 -0.00550 0.5410869 0.3625322 -0.6002952 0.4641564 0.3758807 0.1538339 0.9008731 -0.1532199
0.00576 -0.18202 1.64909 -0.24668 -0.12946 1.72214 -0.00303 -0.00129 -0.00156 -0.00175 0.00023 -0.00254 0.10439 0.11359 0.00161 -0.00032 0.06668 0.10593 -0.00073 0.00265 0.5531074 0.3368917 -0.5924482 0.4791465 0.4197275 0.1224304 0.8849994 -0.1600492
0.00115 -0.18121 1.65062 -0.24851 -0.13027 1.72446 -0.00461 0.00081 0.00153 -0.00183 -0.00081 0.00232 0.10390 0.11458 -0.00049 0.00099 0.06467 0.10721 -0.00201 0.00128 0.5861588 0.3180522 -0.5707114 0.4791128 0.4535083 0.1167208 0.8743787 -0.1271553
-0.00075 -0.17905 1.64965 -0.24892 -0.13017 1.72288 -0.00190 0.00216 -0.00097 -0.00041 0.00010 -0.00158 0.10299 0.11516 -0.00091 0.00058 0.06610 0.11074 0.00143 0.00353 0.5503114 0.3376227 -0.6194369 0.4466164 0.4160716 0.1105972 0.8929367 -0.1315932
-0.00414 -0.17735 1.64447 -0.24881 -0.12887 1.7197 -0.00339 0.00170 -0.00518 0.00011 0.00130 -0.00318 0.10310 0.11362 0.00011 -0.00154 0.06371 0.11032 -0.00239 -0.00042 0.588804 0.3081153 -0.5881323 0.4609504 0.4001096 0.1529189 0.8889358 -0.1622381
-0.0031 -0.17708 1.6418 -0.2484 -0.12774 1.71666 0.00104 0.00027 -0.00267 0.00041 0.00113 -0.00304 0.10476 0.11210 0.00166 -0.00152 0.07345 0.10920 0.00974 -0.00112 0.6561332 0.2511639 -0.5149481 0.4911563 0.3893631 0.1426425 0.8986044 -0.1433866
-0.00165 -0.1744 1.64006 -0.24686 -0.12865 1.71511 0.00145 0.00268 -0.00174 0.00154 -0.00091 -0.00155 0.10651 0.11322 0.00175 0.00112 0.06220 0.10887 -0.01125 -0.00033 0.6146606 0.2775404 -0.5776001 0.4599368 0.4341293 0.145367 0.8727883 -0.1692363
0.00709 -0.17731 1.65617 -0.24837 -0.12714 1.73226 0.00874 -0.00291 0.01611 -0.00151 0.00151 0.01715 0.10814 0.11272 0.00163 -0.00050 0.07052 0.10986 0.00832 0.00099 0.5952823 0.3312194 -0.6205881 0.3883339 0.4233186 0.1496313 0.8749533 -0.1812967
0.00539 -0.17165 1.64552 -0.24645 -0.12539 1.72276 -0.00170 0.00566 -0.01065 0.00192 0.00175 -0.00950 0.10507 0.11116 -0.00307 -0.00156 0.07571 0.10892 0.00519 -0.00094 0.6229925 0.257165 -0.5994568 0.4317386 0.4174314 0.1472899 0.8750679 -0.1957368
0.00496 -0.16595 1.70199 -0.26583 -0.16194 1.81376 -0.00043 0.00570 0.05647 -0.01938 -0.03655 0.09100 0.11973 0.14408 0.01466 0.03292 0.06500 0.12327 -0.01071 0.01435 -0.565541 -0.2544989 0.6868849 -0.3789234 0.4931322 -0.053734 0.8425251 -0.2099639
0.00896 -0.1595 1.69583 -0.26726 -0.16136 1.81393 0.00400 0.00645 -0.00616 -0.00143 0.00058 0.00017 0.12118 0.14354 0.00145 -0.00054 0.06987 0.08944 0.00487 -0.03383 0.7171894 0.1293641 -0.5438508 0.4160897 0.9344037 -0.1752331 0.295598 -0.0938346
0.01677 -0.15202 1.68928 -0.26836 -0.16023 1.81064 0.00781 0.00748 -0.00655 -0.00110 0.00113 -0.00329 0.13284 0.14388 0.01166 0.00034 0.06033 0.09192 -0.00954 0.00248 0.6461708 0.1479785 -0.6432843 0.383081 0.9604639 -0.1903496 0.194408 -0.0590069
0.0395 -0.14416 1.66671 -0.27035 -0.15671 1.79563 0.02273 0.00786 -0.02257 -0.00199 0.00352 -0.01501 0.13395 0.13196 0.00111 -0.01192 0.06090 0.07008 0.00057 -0.02184 0.6589434 0.084334 -0.6472206 0.3738808 0.9571218 -0.1998196 0.2096525 -0.005969
0.06216 -0.14821 1.65603 -0.2723 -0.15515 1.79263 0.02266 -0.00405 -0.01068 -0.00195 0.00156 -0.00300 0.13220 0.12976 -0.00175 -0.00220 0.08626 0.05927 0.02536 -0.01081 0.6574379 -0.401839 0.6276683 0.1110556 0.9666705 -0.193435 0.1622641 0.0424437
0.09445 -0.15782 1.64613 -0.27474 -0.15464 1.789 0.03229 -0.00961 -0.00990 -0.00244 0.00051 -0.00363 0.12579 0.12921 -0.00641 -0.00055 0.05521 0.07186 -0.03105 0.01259 0.4041482 -0.459015 0.7888967 -0.0600961 0.6104844 -0.1878873 0.7652317 -0.0801716
0.12174 -0.16528 1.59447 -0.26987 -0.1498 1.73894 0.02729 -0.00746 -0.05166 0.00487 0.00484 -0.05006 0.12169 0.12443 -0.00410 -0.00478 0.08493 0.09105 0.02972 0.01919 0.7677755 -0.5013083 0.3931592 0.0680922 0.9470745 -0.2190641 0.2201708 0.081151
0.15595 -0.17955 1.58916 -0.27275 -0.14999 1.73778 0.03421 -0.01427 -0.00531 -0.00288 -0.00019 -0.00116 0.12141 0.12305 -0.00028 -0.00138 0.08497 0.07878 0.00004 -0.01227 0.6638491 -0.4989264 0.5222828 0.1939015 0.9290134 -0.2034643 0.3010375 0.0700924
0.19352 -0.20157 1.64317 -0.28416 -0.15621 1.79525 0.03757 -0.02202 0.05401 -0.01141 -0.00622 0.05747 0.11783 0.12784 -0.00358 0.00479 0.08170 0.06655 -0.00327 -0.01223 0.7373587 -0.5010518 0.4181032 0.1744673 0.9434814 -0.190476 0.2404583 0.1254649
0.22885 -0.22247 1.64236 -0.28637 -0.15822 1.79205 0.03533 -0.02090 -0.00081 -0.00221 -0.00201 -0.00320 0.11712 0.12868 -0.00071 0.00084 0.09256 0.06740 0.01086 0.00085 0.7730779 -0.5494931 0.2652307 0.1733799 0.9187292 -0.2300981 0.257452 0.1915985
0.25788 -0.24598 1.63668 -0.28881 -0.16378 1.78703 0.02903 -0.02351 -0.00568 -0.00244 -0.00556 -0.00502 0.10282 0.13032 -0.01430 0.00164 0.07340 0.09187 -0.01916 0.02447 0.837845 -0.431004 0.2913994 0.1653412 0.8253904 -0.3231617 0.3469565 0.3064612
0.27671 -0.26772 1.56763 -0.28103 -0.1717 1.71895 0.01883 -0.02174 -0.06905 0.00778 -0.00792 -0.06808 0.08675 0.12507 -0.01607 -0.00525 0.07267 0.07221 -0.00073 -0.01966 -0.6048988 0.7590544 0.1739244 -0.166386 0.914283 -0.267511 0.2987434 0.0572433
0.33975 -0.33421 1.70239 -0.31013 -0.20985 1.86804 0.06304 -0.06649 0.13476 -0.02910 -0.03815 0.14909 0.06278 0.13655 -0.02397 0.01148 0.06980 0.06652 -0.00287 -0.00569 0.7719513 -0.5850205 -0.0435171 0.2448437 0.8338863 -0.5185356 0.1828746 0.048078
0.37103 -0.35882 1.61796 -0.29682 -0.23115 1.77122 0.03128 -0.02461 -0.08443 0.01331 -0.02130 -0.09682 0.05737 0.13009 -0.00541 -0.00646 0.04461 0.06317 -0.02519 -0.00335 -0.6217099 0.7798983 -0.061546 0.0380458 -0.6869952 0.7242879 -0.0572308 0.0130062
0.41175 -0.39321 1.60537 -0.2893 -0.26293 1.73114 0.04072 -0.03439 -0.01259 0.00752 -0.03178 -0.04008 0.06888 0.08462 0.01151 -0.04547 0.04481 0.05356 0.00020 -0.00961 0.7114336 -0.6560897 0.1811188 -0.1749409 0.7510146 -0.4402246 0.4152299 -0.2641277
0.44895 -0.43731 1.62543 -0.28116 -0.29804 1.70862 0.03720 -0.04410 0.02006 0.00814 -0.03511 -0.02252 0.08745 0.08113 0.01857 -0.00349 0.05005 0.05644 0.00524 0.00288 0.7163008 -0.6612863 0.1033645 -0.1973054 -0.5648347 0.8025727 -0.0960491 0.1661725
0.50426 -0.48733 1.6741 -0.27778 -0.33815 1.72943 0.05531 -0.05002 0.04867 0.00338 -0.04011 0.02081 0.08455 0.10265 -0.00290 0.02152 0.08308 0.05021 0.03303 -0.00623 -0.5232391 0.3538823 -0.4416872 0.6371033 0.7639163 -0.5319529 0.2691919 -0.2469688
0.5672 -0.55592 1.8108 -0.2839 -0.39291 1.83098 0.06294 -0.06859 0.13670 -0.00612 -0.05476 0.10155 0.10106 0.10575 0.01651 0.00310 0.07480 0.05467 -0.00828 0.00446 0.6649305 -0.2801848 0.5090066 -0.469336 -0.6572639 0.6440185 -0.3005735 0.2507986
0.58714 -0.59597 1.84166 -0.27314 -0.42462 1.82088 0.01994 -0.04005 0.03086 0.01076 -0.03171 -0.01010 0.07639 0.09666 -0.02467 -0.00909 0.12421 0.05357 0.04941 -0.00110 0.6287953 -0.1974579 0.4872004 -0.572942 -0.6350023 0.6720217 -0.2681454 0.2706603
0.56106 -0.63307 1.78603 -0.23566 -0.47525 1.69709 -0.02608 -0.03710 -0.05563 0.03748 -0.05063 -0.12379 0.08275 0.08029 0.00636 -0.01637 0.08937 0.06921 -0.03484 0.01564 0.6789782 -0.3886318 0.3702244 -0.500887 -0.6330681 0.7353251 -0.2145084 0.1118389
0.57072 -0.69257 1.84755 -0.20427 -0.60075 1.7649 0.00966 -0.05950 0.06152 0.03139 -0.12550 0.06781 0.10005 0.11148 0.01730 0.03119 0.07271 0.10529 -0.01666 0.03608 -0.4721929 0.2462308 -0.4664329 0.7062892 -0.4505631 0.8429353 0.256549 -0.1436511
0.57031 -0.71915 1.80584 -0.17512 -0.61057 1.75108 -0.00041 -0.02658 -0.04171 0.02915 -0.00982 -0.01382 0.10057 0.09128 0.00052 -0.02020 0.07084 0.10662 -0.00187 0.00133 -0.4391037 0.2939914 -0.3669673 0.7655665 0.4934107 -0.2919421 -0.531467 0.6235852
0.604 -0.73229 1.79633 -0.21137 -0.62011 1.77189 0.03369 -0.01314 -0.00951 -0.03625 -0.00954 0.02081 0.13322 0.09164 0.03265 0.00036 0.11653 0.07634 0.04569 -0.03028 -0.5080653 0.3037075 -0.3436022 0.7290877 -0.2134618 0.2932521 0.6634403 -0.6544342
0.59472 -0.73276 1.80539 -0.21095 -0.62111 1.77827 -0.00928 -0.00047 0.00906 0.00042 -0.00100 0.00638 0.12899 0.09591 -0.00423 0.00427 0.12044 0.08102 0.00391 0.00468 -0.5008543 0.3021047 -0.3372255 0.7376697 -0.2533625 0.3253985 0.6613933 -0.6264839
0.5763 -0.71293 1.755 -0.35268 -0.7918 1.95975 -0.01842 0.01983 -0.05039 -0.14173 -0.17069 0.18148 0.12821 0.06439 -0.00078 -0.03152 0.12214 0.04055 0.00170 -0.04047 -0.5158915 0.3355267 -0.3115385 0.7240315 0.3163176 0.4039479 -0.0844847 0.8541848
0.58079 -0.71348 1.75841 -0.35401 -0.79278 1.96201 0.00449 -0.00055 0.00341 -0.00133 -0.00098 0.00226 0.12570 0.05636 -0.00251 -0.00803 0.10932 0.01882 -0.01282 -0.02173 -0.5153389 0.3013966 -0.31422 0.7381408 0.3112541 -0.1443818 0.1214842 0.9314056
0.57131 -0.71512 1.78481 -0.35385 -0.79189 1.96886 -0.00948 -0.00164 0.02640 0.00016 0.00089 0.00685 0.11715 0.07047 -0.00855 0.01411 0.11880 0.01929 0.00948 0.00047 -0.4636874 0.1989219 -0.3562594 0.7864498 0.3176832 0.0911951 -0.0109869 0.9437373
0.57218 -0.71702 1.78675 -0.35358 -0.79158 1.96973 0.00087 -0.00190 0.00194 0.00027 0.00031 0.00087 0.11546 0.07320 -0.00169 0.00273 0.08961 0.01295 -0.02919 -0.00634 -0.5634608 0.4904348 -0.1414577 0.6495963 0.3181944 0.086102 -0.0068857 0.9440823
0.57329 -0.71807 1.78747 -0.35047 -0.78751 1.97055 0.00111 -0.00105 0.00072 0.00311 0.00407 0.00082 0.11547 0.07233 0.00001 -0.00087 0.08947 0.01852 -0.00014 0.00557 -0.5604132 0.4717185 -0.1602891 0.6616087 0.3145667 0.0046454 -0.0199639 0.9490141
0.57066 -0.7197 1.79029 -0.35204 -0.79004 1.97321 -0.00263 -0.00163 0.00282 -0.00157 -0.00253 0.00266 0.11768 0.07867 0.00221 0.00634 0.09697 0.01419 0.00750 -0.00433 -0.5633185 0.5160551 -0.1266183 0.6327142 0.3059298 0.1246315 -0.0489223 0.9425925
0.57345 -0.7203 1.79152 -0.35298 -0.79203 1.97588 0.00279 -0.00060 0.00123 -0.00094 -0.00199 0.00267 0.11529 0.07909 -0.00239 0.00042 0.09248 0.03946 -0.00449 0.02527 -0.5626477 0.5028943 -0.1343813 0.6422356 0.300967 0.1426124 -0.0633302 0.9407815
0.57002 -0.72126 1.79459 -0.35459 -0.79407 1.97965 -0.00343 -0.00096 0.00307 -0.00161 -0.00204 0.00377 0.11479 0.07726 -0.00050 -0.00183 0.09574 0.02069 0.00326 -0.01877 -0.5602577 0.5276295 -0.120602 0.6270356 0.3050392 0.1195267 -0.0400615 0.9439595
0.56506 -0.72256 1.79563 -0.3508 -0.79127 1.97775 -0.00496 -0.00130 0.00104 0.00379 0.00280 -0.00190 0.10430 0.07656 -0.01049 -0.00070 0.07365 0.03420 -0.02209 0.01351 -0.529 0.4463608 -0.2050713 0.692002 0.2495651 0.4059727 -0.1589548 0.86466
0.55241 -0.72236 1.82284 -0.34683 -0.78721 1.9856 -0.01265 0.00020 0.02721 0.00397 0.00406 0.00785 0.10703 0.08891 0.00273 0.01235 0.08206 0.03981 0.00841 0.00561 -0.5154824 0.4812656 -0.1924362 0.6823706 0.2529004 0.2886464 -0.1355597 0.9134266
0.55039 -0.72196 1.82246 -0.34569 -0.78583 1.98306 -0.00202 0.00040 -0.00038 0.00114 0.00138 -0.00254 0.11003 0.07187 0.00300 -0.01704 0.08563 0.02768 0.00357 -0.01213 -0.5123832 0.4802504 -0.1962543 0.6843297 0.2798755 0.3962703 -0.1130536 0.8670978
0.55414 -0.72253 1.82796 -0.34406 -0.78346 1.98787 0.00375 -0.00057 0.00550 0.00163 0.00237 0.00481 0.11185 0.06947 0.00182 -0.00240 0.07674 0.05497 -0.00889 0.02729 -0.5198156 0.4593695 -0.2024232 0.6912282 0.194377 0.8269131 -0.2357774 0.4720607
0.55617 -0.72056 1.82453 -0.34381 -0.7829 1.98305 0.00203 0.00197 -0.00343 0.00025 0.00056 -0.00482 0.11185 0.06623 0.00000 -0.00324 0.08068 0.04183 0.00394 -0.01314 -0.5310435 0.456151 -0.204903 0.6840568 0.2564852 0.7126985 -0.1881412 0.6252033
]
