classifier_Monkey_weaves_and_bumps_into_man_22323 [ 0.7084 -0.77412 2.03656 -0.10724 -0.62707 1.94308 0.7084 -0.77412 2.03656 -0.10724 -0.62707 1.94308 0.10304 0.10650 0.10304 0.10650 0.10649 0.06487 0.10649 0.06487 -0.3440631 0.0442867 -0.3765115 0.8590102 -0.5066088 0.5286034 -0.1645873 0.6609365
0.70069 -0.76263 2.02685 -0.10094 -0.63361 1.93237 -0.00771 0.01149 -0.00971 0.00630 -0.00654 -0.01071 0.11540 0.09744 0.01236 -0.00906 0.13775 0.07399 0.03126 0.00912 -0.2821712 -0.0403298 -0.482992 0.8279322 -0.5267823 0.7468269 0.0381288 0.4040993
0.65807 -0.71091 1.96274 -0.11157 -0.61836 1.93104 -0.04262 0.05172 -0.06411 -0.01063 0.01525 -0.00133 0.14756 0.09858 0.03216 0.00114 0.11841 0.07815 -0.01934 0.00416 -0.2639899 0.1466058 -0.4196577 0.855981 -0.5401695 0.7713836 0.0664858 0.3297937
0.54539 -0.65193 2.02533 -0.11557 -0.61119 1.93224 -0.11268 0.05898 0.06259 -0.00400 0.00717 0.00120 0.12755 0.06911 -0.02001 -0.02947 0.06541 0.06558 -0.05300 -0.01257 -0.2277638 0.2639317 -0.5094955 0.786688 -0.5996417 0.3414809 0.3113766 0.6533493
0.51237 -0.64357 1.97145 -0.11584 -0.69104 1.8301 -0.03302 0.00836 -0.05388 -0.00027 -0.07985 -0.10214 0.11489 0.11882 -0.01266 0.04971 0.06940 0.06330 0.00399 -0.00228 -0.0648636 0.1327476 -0.5842229 0.7980316 -0.3461565 0.559323 -0.2473424 0.7114458
0.46001 -0.62628 1.95916 -0.11541 -0.68977 1.83087 -0.05236 0.01729 -0.01229 0.00043 0.00127 0.00077 0.09231 0.11996 -0.02258 0.00114 0.04868 0.06496 -0.02072 0.00166 0.0101667 0.1563398 -0.5731878 0.8043072 -0.3425964 0.5539826 -0.2469538 0.7174571
0.41483 -0.60678 1.95872 -0.11377 -0.68913 1.83646 -0.04518 0.01950 -0.00044 0.00164 0.00064 0.00559 0.08233 0.12208 -0.00998 0.00212 0.08362 0.06124 0.03494 -0.00372 0.0632511 0.185781 -0.5819515 0.7891877 -0.34432 0.5435833 -0.2492339 0.7237703
0.35838 -0.61467 1.97668 -0.15053 -0.61134 1.9452 -0.05645 -0.00789 0.01796 -0.03676 0.07779 0.10874 0.08204 0.11405 -0.00029 -0.00803 0.08545 0.08179 0.00183 0.02055 0.2856644 -0.1541173 -0.4281541 0.8434026 0.7714059 -0.5039175 -0.194651 -0.3363199
0.31154 -0.59761 1.94289 -0.09801 -0.6719 1.82094 -0.04684 0.01706 -0.03379 0.05252 -0.06056 -0.12426 0.12927 0.12625 0.04723 0.01220 0.09114 0.05593 0.00569 -0.02586 0.2978115 0.2269605 -0.4748314 0.7964498 -0.3269497 0.4904527 -0.2570138 0.7658355
0.27228 -0.57612 1.89156 -0.18007 -0.67809 1.79316 -0.03926 0.02149 -0.05133 -0.08206 -0.00619 -0.02778 0.06201 0.11669 -0.06726 -0.00956 0.08364 0.07766 -0.00750 0.02173 0.1739006 0.2482837 -0.2114667 0.9291909 -0.4403209 0.7720297 -0.2074044 0.4087433
0.21833 -0.63411 1.83279 -0.17387 -0.67504 1.80346 -0.05395 -0.05799 -0.05877 0.00620 0.00305 0.01030 0.12237 0.12076 0.06036 0.00407 0.06525 0.07635 -0.01839 -0.00131 -0.0126665 0.5902069 -0.4681154 0.6575435 -0.4375673 0.7602552 -0.18942 0.4412109
0.22252 -0.61536 1.99061 -0.14461 -0.60396 1.95683 0.00419 0.01875 0.15782 0.02926 0.07108 0.15337 0.12357 0.10913 0.00120 -0.01163 0.10613 0.05833 0.04088 -0.01802 0.2259054 0.6294196 -0.5203055 0.5311119 -0.4459364 0.5334205 -0.2992295 0.653502
0.22923 -0.60485 2.0139 -0.15303 -0.68331 1.9109 0.00671 0.01051 0.02329 -0.00842 -0.07935 -0.04593 0.11883 0.07085 -0.00474 -0.03828 0.10708 0.08084 0.00095 0.02251 0.049582 0.55543 -0.4993229 0.6631107 -0.4237706 0.6276144 -0.2205222 0.6147264
0.22259 -0.60901 1.99966 -0.15853 -0.67991 1.89971 -0.00664 -0.00416 -0.01424 -0.00550 0.00340 -0.01119 0.12247 0.12086 0.00364 0.05001 0.10712 0.09534 0.00004 0.01450 0.0149493 0.6104033 -0.4882458 0.6235385 -0.4338707 0.6445647 -0.2147138 0.591769
0.22003 -0.61194 1.99818 -0.16449 -0.68294 1.89593 -0.00256 -0.00293 -0.00148 -0.00596 -0.00303 -0.00378 0.12510 0.12869 0.00263 0.00783 0.10730 0.08649 0.00018 -0.00885 -0.0041575 0.6165472 -0.4915446 0.615009 -0.4346562 0.6811087 -0.1977533 0.5550303
0.20547 -0.59309 1.91923 -0.16083 -0.66165 1.84347 -0.01456 0.01885 -0.07895 0.00366 0.02129 -0.05246 0.11646 0.12826 -0.00864 -0.00043 0.07676 0.07739 -0.03054 -0.00910 -0.1366911 0.6503908 -0.5436764 0.5125654 -0.4410358 0.692889 -0.1853833 0.5394676
0.20442 -0.59187 1.91429 -0.16066 -0.66068 1.83581 -0.00105 0.00122 -0.00494 0.00017 0.00097 -0.00766 0.11665 0.12920 0.00019 0.00094 0.07299 0.07911 -0.00377 0.00172 -0.1127981 0.6341917 -0.5463952 0.5352848 -0.4418286 0.6966145 -0.1806877 0.5356003
0.21958 -0.61256 2.00575 -0.16679 -0.68454 1.89774 0.01516 -0.02069 0.09146 -0.00613 -0.02386 0.06193 0.12741 0.12855 0.01076 -0.00065 0.10989 0.08051 0.03690 0.00140 -0.0353418 0.6048026 -0.5156438 0.6058682 -0.4354573 0.6934794 -0.1836727 0.5438085
0.22651 -0.62838 2.06001 -0.1532 -0.63282 2.00643 0.00693 -0.01582 0.05426 0.01359 0.05172 0.10869 0.13294 0.11452 0.00553 -0.01403 0.11281 0.05864 0.00292 -0.02187 -0.0322597 0.5970764 -0.5164134 0.6130059 -0.5063049 0.5700489 -0.1585992 0.6273323
0.22966 -0.62687 2.06589 -0.15766 -0.63608 2.03003 0.00315 0.00151 0.00588 -0.00446 -0.00326 0.02360 0.13114 0.11639 -0.00180 0.00187 0.05889 0.06208 -0.05392 0.00344 -0.004227 -0.4857172 0.5525873 -0.6772799 -0.519281 0.7384941 -0.037267 0.4284681
0.22121 -0.60344 1.99043 -0.15535 -0.68703 1.87013 -0.00845 0.02343 -0.07546 0.00231 -0.05095 -0.15990 0.12725 0.12608 -0.00389 0.00969 0.05705 0.06653 -0.00184 0.00445 0.0562718 0.4209794 -0.5503233 0.718856 -0.4651259 0.6243414 -0.1968133 0.5959199
0.22093 -0.60405 1.98968 -0.15544 -0.68422 1.87234 -0.00028 -0.00061 -0.00075 -0.00009 0.00281 0.00221 0.12564 0.12818 -0.00161 0.00210 0.05790 0.06641 0.00085 -0.00012 0.048785 0.4276988 -0.5512688 0.7147003 -0.4673193 0.6226761 -0.1957854 0.5962844
0.2319 -0.63494 2.09156 -0.16523 -0.62511 2.05595 0.01097 -0.03089 0.10188 -0.00979 0.05911 0.18361 0.13236 0.12139 0.00672 -0.00679 0.06309 0.07177 0.00519 0.00536 0.0431912 0.4369507 -0.5520664 0.708824 0.5377336 -0.6764802 0.1018294 -0.492796
0.22937 -0.62718 2.06608 -0.16919 -0.60011 2.02557 -0.00253 0.00776 -0.02548 -0.00396 0.02500 -0.03038 0.13159 0.12490 -0.00077 0.00351 0.05843 0.09336 -0.00466 0.02159 0.0412794 -0.5383964 0.5528048 -0.6346906 -0.6192106 0.7632967 0.1824081 0.0261485
0.21958 -0.5909 1.90112 -0.16368 -0.66417 1.81937 -0.00979 0.03628 -0.16496 0.00551 -0.06406 -0.20620 0.11901 0.11766 -0.01258 -0.00724 0.06434 0.07452 0.00591 -0.01884 -0.1263597 -0.4198886 0.738094 -0.5127807 -0.4090165 0.7135917 -0.1666667 0.5437965
0.22282 -0.599 1.92729 -0.1731 -0.46503 1.80542 0.00324 -0.00810 0.02617 -0.00942 0.19914 -0.01395 0.11715 0.03997 -0.00186 -0.07769 0.06309 0.05397 -0.00125 -0.02055 -0.129716 -0.4165488 0.7384909 -0.5140934 0.7110903 -0.640149 0.0701491 -0.2822036
0.20827 -0.60904 1.96286 -0.18786 -0.42939 1.84088 -0.01455 -0.01004 0.03557 -0.01476 0.03564 0.03546 0.11856 0.08193 0.00141 0.04196 0.07418 0.08238 0.01109 0.02841 -0.1071222 0.6155415 -0.5771269 0.525888 0.8299965 -0.4054951 0.3146723 -0.2183137
0.22445 -0.61865 2.0382 -0.17788 -0.31017 1.79682 0.01618 -0.00961 0.07534 0.00998 0.11922 -0.04406 0.12792 0.04358 0.00936 -0.03835 0.11613 0.03321 0.04195 -0.04917 -0.025001 0.5986284 -0.5084975 0.618425 0.7873634 -0.1147985 0.5497868 -0.2541943
0.18188 -0.60006 1.9127 -0.17826 -0.23645 1.73822 -0.04257 0.01859 -0.12550 -0.00038 0.07372 -0.05860 0.11524 0.11305 -0.01268 0.06947 0.09843 0.08824 -0.01770 0.05503 -0.2104591 0.7906804 -0.3574036 0.4503267 0.3364308 0.8213248 -0.4183588 -0.1929144
0.17814 -0.59808 1.87077 -0.16941 -0.12679 1.68489 -0.00374 0.00198 -0.04193 0.00885 0.10966 -0.05333 0.11243 0.12053 -0.00281 0.00748 0.08825 0.08819 -0.01018 -0.00005 -0.2471083 0.8128206 -0.3859024 0.359638 0.9222767 -0.2873871 0.1898888 -0.1753755
0.22485 -0.62156 2.06728 -0.16137 0.02342 1.78003 0.04671 -0.02348 0.19651 0.00804 0.15021 0.09514 0.12598 0.08312 0.01355 -0.03741 0.11459 0.08531 0.02634 -0.00288 -0.0118999 0.6178761 -0.4958801 0.610074 0.9217182 -0.3297202 0.1199301 -0.1653388
0.22366 -0.62138 2.06597 -0.16759 0.07265 1.81512 -0.00119 0.00018 -0.00131 -0.00622 0.04923 0.03509 0.12454 0.10185 -0.00144 0.01873 0.11520 0.09562 0.00061 0.01031 -0.0044589 0.6309752 -0.4965203 0.5960855 0.9621482 -0.0373961 0.2483294 -0.1058536
0.23225 -0.61625 2.05877 -0.15588 0.16495 1.83788 0.00859 0.00513 -0.00720 0.01171 0.09230 0.02276 0.12583 0.10243 0.00129 0.00058 0.06213 0.09383 -0.05307 -0.00179 -0.0721036 -0.4401026 0.5578018 -0.6999772 0.9499988 -0.0868671 0.2324899 -0.1894859
0.23285 -0.61585 2.05593 -0.13809 0.24956 1.8587 0.00060 0.00040 -0.00284 0.01779 0.08461 0.02082 0.12523 0.10098 -0.00060 -0.00145 0.06157 0.08136 -0.00056 -0.01247 0.1154252 0.3956535 -0.5676357 0.7126887 0.9730043 0.0697025 0.1940828 -0.1036154
0.23273 -0.61871 2.06153 -0.12723 0.3031 1.88795 -0.00012 -0.00286 0.00560 0.01086 0.05354 0.02925 0.12636 0.11299 0.00113 0.01201 0.06127 0.09112 -0.00030 0.00976 -0.0734745 -0.438123 0.5594038 -0.6997981 0.9545244 -0.0262345 0.2260936 -0.1925528
0.24164 -0.63911 2.12753 -0.11982 0.35156 1.97289 0.00891 -0.02040 0.06600 0.00741 0.04846 0.08494 0.12836 0.12204 0.00200 0.00905 0.06930 0.09449 0.00803 0.00337 0.1124966 0.4022542 -0.5725634 0.7054837 0.9356206 -0.0213891 0.2617224 -0.2359196
0.23087 -0.61511 2.0378 -0.09139 0.38874 1.92052 -0.01077 0.02400 -0.08973 0.02843 0.03718 -0.05237 0.12527 0.10555 -0.00309 -0.01649 0.06450 0.07960 -0.00480 -0.01489 -0.0991735 -0.4245811 0.5800647 -0.6880556 0.9538627 0.0573041 0.2078587 -0.2089425
0.23154 -0.61631 2.0504 -0.08644 0.39984 1.95094 0.00067 -0.00120 0.01260 0.00495 0.01110 0.03042 0.12438 0.11395 -0.00089 0.00840 0.06573 0.07902 0.00123 -0.00058 -0.073969 -0.4394133 0.5666203 -0.6930988 0.9467142 0.1362902 0.2166885 -0.1954564
0.22362 -0.59281 1.97226 -0.04147 0.43001 1.93689 -0.00792 0.02350 -0.07814 0.04497 0.03017 -0.01405 0.11961 0.11741 -0.00477 0.00346 0.06399 0.07489 -0.00174 -0.00413 0.1182963 0.4043584 -0.5743583 0.7018638 0.9422557 0.1717328 0.2290077 -0.1738319
0.22281 -0.59546 1.97466 -0.03731 0.42924 1.95086 -0.00081 -0.00265 0.00240 0.00416 -0.00077 0.01397 0.12168 0.12179 0.00207 0.00438 0.06093 0.07695 -0.00306 0.00206 -0.0102675 -0.5177348 0.5769001 -0.6316894 0.9347993 0.2238066 0.2067769 -0.1824945
0.20352 -0.59592 1.92576 -0.03581 0.41717 1.92282 -0.01929 -0.00046 -0.04890 0.00150 -0.01207 -0.02804 0.11608 0.12498 -0.00560 0.00319 0.07379 0.07996 0.01286 0.00301 -0.0773071 0.6201771 -0.5702475 0.5331245 0.9258688 0.2487874 0.2232722 -0.1761285
0.21235 -0.65212 1.97261 -0.05116 0.40266 2.00158 0.00883 -0.05620 0.04685 -0.01535 -0.01451 0.07876 0.12946 0.12317 0.01338 -0.00181 0.07258 0.08264 -0.00121 0.00268 -0.0731906 0.5159132 -0.500627 0.6912664 0.9311621 0.1767708 0.226703 -0.2242656
0.23369 -0.62754 2.08324 -0.08856 0.376 2.05235 0.02134 0.02458 0.11063 -0.03740 -0.02666 0.05077 0.12783 0.12141 -0.00163 -0.00176 0.06469 0.09255 -0.00789 0.00991 0.0125953 -0.5401483 0.5589718 -0.6289926 0.9532584 0.1466403 0.190233 -0.1833206
0.23732 -0.63146 2.10319 -0.1105 0.35097 2.0656 0.00363 -0.00392 0.01995 -0.02194 -0.02503 0.01325 0.12676 0.12156 -0.00107 0.00015 0.06225 0.07879 -0.00244 -0.01376 -0.0373601 -0.4868909 0.5589842 -0.6701329 0.9511561 0.1376668 0.2337651 -0.1473222
0.23999 -0.64065 2.12648 -0.16156 0.27805 2.08937 0.00267 -0.00919 0.02329 -0.05106 -0.07292 0.02377 0.13165 0.11652 0.00489 -0.00504 0.06191 0.10146 -0.00034 0.02267 0.0687028 0.4412435 -0.5499892 0.7057592 0.9739428 0.1103721 0.1849891 -0.07094
0.23892 -0.6376 2.11899 -0.18514 0.24217 2.0773 -0.00107 0.00305 -0.00749 -0.02358 -0.03588 -0.01207 0.12826 0.12493 -0.00339 0.00841 0.06289 0.09893 0.00098 -0.00253 -0.0618268 -0.4537694 0.5505133 -0.6980013 0.9724986 0.1015977 0.2035953 0.0497319
0.24012 -0.63672 2.11664 -0.22786 0.17181 2.07112 0.00120 0.00088 -0.00235 -0.04272 -0.07036 -0.00618 0.12786 0.10557 -0.00040 -0.01936 0.06481 0.08394 0.00192 -0.01499 -0.0831506 -0.4371501 0.5643293 -0.6953548 0.9601591 0.016942 0.2754559 0.0439502
0.24092 -0.63394 2.11139 -0.29329 0.07699 2.07337 0.00080 0.00278 -0.00525 -0.06543 -0.09482 0.00225 0.12869 0.10090 0.00083 -0.00467 0.06102 0.08551 -0.00379 0.00157 0.1023828 0.3995045 -0.5566611 0.7211396 0.879546 -0.3354823 0.293935 -0.1656884
0.2318 -0.64115 2.1082 -0.35406 -0.02371 2.0767 -0.00912 -0.00721 -0.00319 -0.06077 -0.10070 0.00333 0.13825 0.09593 0.00956 -0.00497 0.11722 0.07562 0.05620 -0.00989 -0.0208604 0.6197884 -0.4996383 0.6048046 0.9455772 -0.0523706 0.29788 -0.1200354
0.23001 -0.63972 2.09701 -0.37753 -0.06835 2.08054 -0.00179 0.00143 -0.01119 -0.02347 -0.04464 0.00384 0.13600 0.09407 -0.00225 -0.00186 0.11793 0.09378 0.00071 0.01816 -0.0177345 0.6163163 -0.50496 0.6040324 0.9099253 -0.2876512 0.2972818 -0.0302715
0.21206 -0.59853 1.93427 -0.38521 -0.13553 1.94991 -0.01795 0.04119 -0.16274 -0.00768 -0.06718 -0.13063 0.12398 0.07783 -0.01202 -0.01624 0.11428 0.11225 -0.00365 0.01847 -0.1127208 -0.5986013 0.6631675 -0.4349476 -0.3987293 0.9059201 -0.1245055 -0.0694415
0.2115 -0.59784 1.93202 -0.39601 -0.15862 1.95255 -0.00056 0.00069 -0.00225 -0.01080 -0.02309 0.00264 0.12401 0.08453 0.00003 0.00670 0.11543 0.10481 0.00115 -0.00744 -0.1251675 -0.5973863 0.6623318 -0.4344874 0.9045846 -0.3405328 0.2466368 -0.070245
0.22043 -0.6152 2.02821 -0.41879 -0.17823 2.04657 0.00893 -0.01736 0.09619 -0.02278 -0.01961 0.09402 0.13080 0.09452 0.00679 0.00999 0.11338 0.10759 -0.00205 0.00278 -0.0546997 0.6457949 -0.4780794 0.5927875 0.8983796 -0.3573311 0.2519241 -0.0419855
0.22005 -0.61277 2.02651 -0.42315 -0.18641 2.0527 -0.00038 0.00243 -0.00170 -0.00436 -0.00818 0.00613 0.12686 0.09304 -0.00394 -0.00148 0.11317 0.10744 -0.00021 -0.00015 -0.0369375 0.6191711 -0.4901621 0.6123757 0.8903873 -0.3677574 0.2676525 -0.0180843
0.21448 -0.60061 1.97586 -0.40927 -0.18637 2.00466 -0.00557 0.01216 -0.05065 0.01388 0.00004 -0.04804 0.12921 0.09976 0.00235 0.00672 0.10931 0.11357 -0.00386 0.00613 -0.0422063 0.6275164 -0.4824971 0.6096215 0.8903748 -0.3711371 0.2610711 -0.0364949
0.21498 -0.59761 1.95965 -0.40343 -0.18643 1.98797 0.00050 0.00300 -0.01621 0.00584 -0.00006 -0.01669 0.12671 0.10039 -0.00250 0.00063 0.10607 0.10590 -0.00324 -0.00767 -0.0282017 0.6140131 -0.4951518 0.6140172 0.8849022 -0.3809281 0.2608423 -0.0616696
0.20827 -0.58778 1.896 -0.38638 -0.1817 1.92705 -0.00671 0.00983 -0.06365 0.01705 0.00473 -0.06092 0.12051 0.10603 -0.00620 0.00564 0.10972 0.10418 0.00365 -0.00172 -0.1399894 -0.5990385 0.6748912 -0.4075263 0.8778081 -0.3964601 0.2489932 -0.1013643
0.21709 -0.58901 1.9285 -0.39121 -0.18474 1.96452 0.00882 -0.00123 0.03250 -0.00483 -0.00304 0.03747 0.12086 0.10429 0.00035 -0.00174 0.05772 0.10242 -0.05200 -0.00176 -0.0405978 -0.4948579 0.599383 -0.6278595 0.881704 -0.4008987 0.2274782 -0.1006578
0.21348 -0.58552 1.90328 -0.38472 -0.18299 1.94048 -0.00361 0.00349 -0.02522 0.00649 0.00175 -0.02404 0.12172 0.10441 0.00086 0.00012 0.05797 0.10948 0.00025 0.00706 -0.1549034 -0.4327482 0.6442438 -0.611297 0.8776474 -0.4052604 0.2324687 -0.1070384
0.2238 -0.61018 2.02488 -0.40112 -0.18663 2.03102 0.01032 -0.02466 0.12160 -0.01640 -0.00364 0.09054 0.12699 0.10230 0.00527 -0.00211 0.11165 0.11104 0.05368 0.00156 -0.0429931 0.6198167 -0.5037042 0.6002175 0.8829349 -0.3951844 0.2297374 -0.1071262
0.22435 -0.61054 2.02709 -0.40049 -0.18539 2.03213 0.00055 -0.00036 0.00221 0.00063 0.00124 0.00111 0.12638 0.10146 -0.00061 -0.00084 0.11168 0.10818 0.00003 -0.00286 -0.0471156 0.6267568 -0.4997275 0.5960105 0.8887926 -0.3882891 0.222674 -0.0984662
0.22172 -0.5987 1.97465 -0.39248 -0.1843 1.99861 -0.00263 0.01184 -0.05244 0.00801 0.00109 -0.03352 0.12093 0.10187 -0.00545 0.00041 0.05884 0.10801 -0.05284 -0.00017 0.0347389 0.4416318 -0.5465817 0.7106357 0.8868856 -0.3988417 0.2104731 -0.1003006
0.22012 -0.59337 1.96115 -0.38887 -0.18624 1.98262 -0.00160 0.00533 -0.01350 0.00361 -0.00194 -0.01599 0.12008 0.09902 -0.00085 -0.00285 0.05594 0.10344 -0.00290 -0.00457 -0.0515854 0.5513217 -0.5412797 0.6327713 0.8790413 -0.4113497 0.217605 -0.1035662
0.20863 -0.58547 1.89044 -0.374 -0.1787 1.90848 -0.01149 0.00790 -0.07071 0.01487 0.00754 -0.07414 0.12130 0.09886 0.00122 -0.00016 0.11186 0.09718 0.05592 -0.00626 -0.1331014 -0.6033216 0.6734375 -0.4059176 0.882304 -0.4174904 0.1960226 -0.0938972
0.22012 -0.60158 1.99307 -0.39106 -0.18686 1.99609 0.01149 -0.01611 0.10263 -0.01706 -0.00816 0.08761 0.12177 0.10204 0.00047 0.00318 0.10607 0.10623 -0.00579 0.00905 -0.0486672 0.6197295 -0.4867395 0.6137194 0.8831385 -0.4097542 0.2094385 -0.0911227
0.22059 -0.60211 1.99779 -0.39228 -0.18789 1.99878 0.00047 -0.00053 0.00472 -0.00122 -0.00103 0.00269 0.12247 0.10204 0.00070 0.00000 0.10650 0.10700 0.00043 0.00077 -0.0583644 0.6312603 -0.4882669 0.5997495 0.8811909 -0.4167476 0.2067153 -0.0842184
0.21813 -0.59986 1.97638 -0.38812 -0.18759 1.98184 -0.00246 0.00225 -0.02141 0.00416 0.00030 -0.01694 0.12969 0.10009 0.00722 -0.00195 0.10570 0.10475 -0.00080 -0.00225 -0.0396024 0.6036284 -0.4899366 0.6277153 0.8804355 -0.4178747 0.2067871 -0.0863315
0.18552 -0.63527 1.80253 -0.37288 -0.18066 1.90444 -0.03261 -0.03541 -0.17385 0.01524 0.00693 -0.07740 0.12169 0.09534 -0.00800 -0.00475 0.07605 0.10381 -0.02965 -0.00094 -0.2334983 0.6942594 -0.4447574 0.5154351 0.8794928 -0.4212807 0.2040274 -0.0859522
0.22644 -0.60224 2.00953 -0.39325 -0.18773 2.0079 0.04092 0.03303 0.20700 -0.02037 -0.00707 0.10346 0.12355 0.09908 0.00186 0.00374 0.10746 0.10503 0.03141 0.00122 -0.0153355 0.610951 -0.4729092 0.6347131 0.8829077 -0.4088353 0.2142147 -0.0862531
0.22768 -0.59649 2.00436 -0.39239 -0.18792 2.00637 0.00124 0.00575 -0.00517 0.00086 -0.00019 -0.00153 0.12330 0.09887 -0.00025 -0.00021 0.11032 0.10564 0.00286 0.00061 0.0181833 0.539251 -0.4894307 0.6850806 0.8842703 -0.4126026 0.2014393 -0.085132
0.22773 -0.58017 1.98756 -0.38921 -0.18707 1.9971 0.00005 0.01632 -0.01680 0.00318 0.00085 -0.00927 0.12083 0.10144 -0.00247 0.00257 0.11055 0.10844 0.00023 0.00280 0.1193558 0.4375726 -0.4715788 0.7562393 0.884455 -0.4065202 0.2093489 -0.0930252
0.23925 -0.5396 1.96385 -0.38454 -0.18536 1.98337 0.01152 0.04057 -0.02371 0.00467 0.00171 -0.01373 0.11713 0.09804 -0.00370 -0.00340 0.09722 0.10593 -0.01333 -0.00251 0.4285796 -0.1114587 -0.256983 0.8589855 0.8930131 -0.3993242 0.1867219 -0.0905681
0.24937 -0.49267 1.91363 -0.37964 -0.19006 1.96296 0.01012 0.04693 -0.05022 0.00490 -0.00470 -0.02041 0.07518 0.10112 -0.04195 0.00308 0.12033 0.10410 0.02311 -0.00183 0.3302614 0.0915033 -0.4471579 0.8261987 0.8697554 -0.4337413 0.2113673 -0.1035268
0.27896 -0.45641 1.92123 -0.38212 -0.18267 1.98694 0.02959 0.03626 0.00760 -0.00248 0.00739 0.02398 0.08666 0.09635 0.01148 -0.00477 0.07748 0.10787 -0.04285 0.00377 0.4702193 -0.2497563 -0.3179886 0.7844736 0.8085859 -0.5508147 0.1993128 -0.0553751
0.29613 -0.4266 1.91181 -0.382 -0.18146 1.9946 0.01717 0.02981 -0.00942 0.00012 0.00121 0.00766 0.08549 0.09938 -0.00117 0.00303 0.07622 0.10794 -0.00126 0.00007 0.1429813 0.2694192 -0.6140522 0.7279488 0.8225647 -0.5363553 0.1784434 -0.0621967
0.32748 -0.37621 1.89271 -0.38253 -0.18826 2.00202 0.03135 0.05039 -0.01910 -0.00053 -0.00680 0.00742 0.08660 0.10543 0.00111 0.00605 0.07464 0.10774 -0.00158 -0.00020 0.4973184 -0.2371293 -0.2606859 0.7927718 0.8945821 -0.3843721 0.2031793 -0.1034366
0.36634 -0.38415 2.02121 -0.41008 -0.19685 2.14517 0.03886 -0.00794 0.12850 -0.02755 -0.00859 0.14315 0.09042 0.10488 0.00382 -0.00055 0.09376 0.11559 0.01912 0.00785 0.4403659 -0.1207768 -0.4430721 0.7714778 0.8508455 -0.4735263 0.2093432 -0.0895003
0.34641 -0.33569 1.8218 -0.37025 -0.17704 1.93932 -0.01993 0.04846 -0.19941 0.03983 0.01981 -0.20585 0.07941 0.09620 -0.01101 -0.00868 0.08020 0.10199 -0.01356 -0.01360 0.2730839 0.0435786 -0.5746168 0.7702867 0.865961 -0.4486767 0.2060992 -0.0795238
0.36345 -0.33245 1.82266 -0.37283 -0.18218 1.94269 0.01704 0.00324 0.00086 -0.00258 -0.00514 0.00337 0.08195 0.10118 0.00254 0.00498 0.06030 0.10411 -0.01990 0.00212 0.3323888 -0.1042456 -0.5153781 0.7829661 0.9125548 -0.3414572 0.2057516 -0.0911974
0.38105 -0.33765 1.81826 -0.37206 -0.18231 1.93394 0.01760 -0.00520 -0.00440 0.00077 -0.00013 -0.00875 0.09271 0.09719 0.01076 -0.00399 0.06124 0.09987 0.00094 -0.00424 -0.0585211 0.3800781 -0.5509022 0.7406907 0.9078558 -0.3515246 0.2098038 -0.0906124
0.43142 -0.34513 1.82742 -0.36772 -0.1725 1.90773 0.05037 -0.00748 0.00916 0.00434 0.00981 -0.02621 0.11037 0.09237 0.01766 -0.00482 0.07046 0.10410 0.00922 0.00423 -0.0870462 0.3541531 -0.4068577 0.8375353 0.835505 -0.5117666 0.1920897 -0.0559288
0.44711 -0.36053 1.83865 -0.36603 -0.17664 1.89548 0.01569 -0.01540 0.01123 0.00169 -0.00414 -0.01225 0.10421 0.09501 -0.00616 0.00264 0.06775 0.10370 -0.00271 -0.00040 -0.0258464 0.399313 -0.262832 0.8779524 0.8560862 -0.4751408 0.1954616 -0.0561475
0.45053 -0.40257 1.85741 -0.36514 -0.17834 1.88765 0.00342 -0.04204 0.01876 0.00089 -0.00170 -0.00783 0.10807 0.09701 0.00386 0.00200 0.07004 0.10132 0.00229 -0.00238 0.1014086 0.3987655 -0.2020628 0.888748 0.8739359 -0.4369865 0.203058 -0.0636114
0.46252 -0.41292 1.92848 -0.37061 -0.18199 1.92429 0.01199 -0.01035 0.07107 -0.00547 -0.00365 0.03664 0.07115 0.10052 -0.03692 0.00351 0.08110 0.10731 0.01106 0.00599 0.1902912 0.3780454 -0.1905571 0.8857533 0.8748333 -0.4354398 0.1995902 -0.0722688
0.45673 -0.40838 1.96601 -0.37123 -0.18329 1.93738 -0.00579 0.00454 0.03753 -0.00062 -0.00130 0.01309 0.08945 0.10271 0.01830 0.00219 0.08524 0.10611 0.00414 -0.00120 0.328413 0.2965201 -0.0811485 0.8931046 0.8730109 -0.4302165 0.212797 -0.0865053
0.46005 -0.3811 2.00259 -0.37627 -0.18521 1.97064 0.00332 0.02728 0.03658 -0.00504 -0.00192 0.03326 0.10164 0.09845 0.01219 -0.00426 0.07392 0.10624 -0.01132 0.00013 0.3155471 0.2529208 -0.2985892 0.8644685 0.8072681 -0.5427189 0.2260122 -0.0518936
0.46105 -0.2653 1.97211 -0.37336 -0.18145 1.97838 0.00100 0.11580 -0.03048 0.00291 0.00376 0.00774 0.09823 0.10782 -0.00341 0.00937 0.09600 0.10664 0.02208 0.00040 0.5972521 0.0020531 -0.3118865 0.7389266 0.9176521 -0.3368619 0.194346 -0.0816598
0.46448 -0.25555 1.96055 -0.37336 -0.18068 1.9767 0.00343 0.00975 -0.01156 0.00000 0.00077 -0.00168 0.09714 0.10280 -0.00109 -0.00502 0.07815 0.10629 -0.01785 -0.00035 0.5550753 -0.1231429 -0.5298692 0.6292582 0.9077616 -0.3450255 0.2212532 -0.0892938
0.47335 -0.26129 1.96078 -0.37382 -0.18053 1.98088 0.00887 -0.00574 0.00023 -0.00046 0.00015 0.00418 0.09974 0.10396 0.00260 0.00116 0.08616 0.10567 0.00801 -0.00062 0.4517623 -0.2725794 -0.5083919 0.6805505 0.9075469 -0.3527341 0.2091251 -0.0905754
0.48332 -0.28602 1.96326 -0.37381 -0.18033 1.97958 0.00997 -0.02473 0.00248 0.00001 0.00020 -0.00130 0.10454 0.10426 0.00480 0.00030 0.09559 0.10674 0.00943 0.00107 0.1809369 -0.2445424 -0.3521578 0.8851247 0.9021886 -0.3635117 0.2136878 -0.0908436
0.49013 -0.44245 1.96396 -0.36164 -0.17094 1.92743 0.00681 -0.15643 0.00070 0.01217 0.00939 -0.05215 0.11659 0.09708 0.01205 -0.00718 0.07774 0.10230 -0.01785 -0.00444 0.1764881 0.1749877 -0.3130783 0.9166315 0.8125095 -0.5396977 0.2036737 -0.0840943
0.48573 -0.43744 1.99331 -0.36113 -0.16932 1.9283 -0.00440 0.00501 0.02935 0.00051 0.00162 0.00087 0.11839 0.09664 0.00180 -0.00044 0.07166 0.10626 -0.00608 0.00396 0.2594746 0.2721496 -0.2193097 0.9002838 0.8187338 -0.5368155 0.1874622 -0.0797621
0.47426 -0.43748 2.01815 -0.36128 -0.16958 1.93141 -0.01147 -0.00004 0.02484 -0.00015 -0.00026 0.00311 0.10544 0.09447 -0.01295 -0.00217 0.07603 0.10719 0.00437 0.00093 0.3326866 0.3072266 -0.190535 0.8709925 0.8100263 -0.5479501 0.1895247 -0.0876843
0.45622 -0.41051 2.04991 -0.36297 -0.17122 1.94947 -0.01804 0.02697 0.03176 -0.00169 -0.00164 0.01806 0.09019 0.09767 -0.01525 0.00320 0.08071 0.10594 0.00468 -0.00125 0.4270689 0.2688 -0.2446143 0.8279629 0.8109698 -0.5509545 0.1732963 -0.0935183
0.45608 -0.38385 2.06354 -0.36657 -0.17333 1.97218 -0.00014 0.02666 0.01363 -0.00360 -0.00211 0.02271 0.10503 0.09907 0.01484 0.00140 0.08289 0.10730 0.00218 0.00136 0.4066664 0.1942781 -0.3547017 0.8191857 0.8097805 -0.5527604 0.1719658 -0.0955996
0.44345 -0.35355 2.03977 -0.36505 -0.17313 1.9664 -0.01263 0.03030 -0.02377 0.00152 0.00020 -0.00578 0.09916 0.09648 -0.00587 -0.00259 0.09313 0.10400 0.01024 -0.00330 0.4864166 0.139253 -0.4406911 0.7414842 0.8009874 -0.5581045 0.1842512 -0.1139743
0.45348 -0.30956 2.02672 -0.36536 -0.1694 1.97318 0.01003 0.04399 -0.01305 -0.00031 0.00373 0.00678 0.10662 0.09433 0.00746 -0.00215 0.09415 0.11084 0.00102 0.00684 0.5057262 0.1168836 -0.5243143 0.6750361 0.8231845 -0.5305471 0.1693531 -0.1104834
0.44699 -0.26538 1.99625 -0.36493 -0.17565 1.97366 -0.00649 0.04418 -0.03047 0.00043 -0.00625 0.00048 0.10055 0.10148 -0.00607 0.00715 0.09571 0.10901 0.00156 -0.00183 0.4791801 0.1120403 -0.5180965 0.699578 0.898271 -0.380058 0.1924211 -0.1078854
0.45975 -0.17591 2.01635 -0.37695 -0.18051 2.04459 0.01276 0.08947 0.02010 -0.01202 -0.00486 0.07093 0.10164 0.10598 0.00109 0.00450 0.10835 0.11037 0.01264 0.00136 0.3765451 -0.1032627 -0.5024006 0.7714558 0.9071689 -0.3444334 0.2113013 -0.1173116
0.36434 -0.12123 1.86062 -0.35379 -0.16802 1.92582 -0.09541 0.05468 -0.15573 0.02316 0.01249 -0.11877 0.04699 0.09802 -0.05465 -0.00796 0.07901 0.10506 -0.02934 -0.00531 0.7316943 0.013184 -0.313253 0.6052455 0.8359625 -0.5044436 0.1948086 -0.0935575
0.37712 0.00441 1.86542 -0.36201 -0.17109 1.96872 0.01278 0.12564 0.00480 -0.00822 -0.00307 0.04290 0.05036 0.10265 0.00337 0.00463 0.07513 0.10541 -0.00388 0.00035 0.8134529 0.0742385 -0.2758253 0.5066592 0.8782427 -0.4092132 0.2226484 -0.1079908
0.39778 0.10336 1.86014 -0.36235 -0.16954 1.96924 0.02066 0.09895 -0.00528 -0.00034 0.00155 0.00052 0.07440 0.10068 0.02404 -0.00197 0.08062 0.10417 0.00549 -0.00124 0.8416442 -0.0242139 -0.2928289 0.4531006 0.8947025 -0.3812951 0.2108308 -0.0983464
0.41736 0.12257 1.86903 -0.36246 -0.16589 1.97095 0.01958 0.01921 0.00889 -0.00011 0.00365 0.00171 0.09640 0.10205 0.02200 0.00137 0.07675 0.10355 -0.00387 -0.00062 0.7982992 -0.0594648 -0.4357708 0.4114441 0.8673182 -0.4346157 0.2252734 -0.0901127
0.41861 0.15115 1.8751 -0.36274 -0.1656 1.97387 0.00125 0.02858 0.00607 -0.00028 0.00029 0.00292 0.09980 0.09845 0.00340 -0.00360 0.07051 0.10342 -0.00624 -0.00013 0.8099023 -0.0676395 -0.4536617 0.3656151 0.8537455 -0.4697211 0.2059632 -0.0897763
0.4188 0.17072 1.88277 -0.36334 -0.1625 1.97571 0.00019 0.01957 0.00767 -0.00060 0.00310 0.00184 0.10046 0.10012 0.00066 0.00167 0.08128 0.10358 0.01077 0.00016 0.8575931 -0.0943114 -0.3708938 0.3436237 0.8560746 -0.4587503 0.2237521 -0.0813595
0.41871 0.18503 1.88893 -0.36422 -0.16392 1.97706 -0.00009 0.01431 0.00616 -0.00088 -0.00142 0.00135 0.10211 0.10509 0.00165 0.00497 0.07993 0.10171 -0.00135 -0.00187 0.8728659 -0.1044108 -0.3360354 0.3380586 0.8894786 -0.3855565 0.2302258 -0.0846761
0.40922 0.19422 1.86115 -0.35708 -0.15703 1.9341 -0.00949 0.00919 -0.02778 0.00714 0.00689 -0.04296 0.10059 0.09974 -0.00152 -0.00535 0.06891 0.10489 -0.01102 0.00318 0.8767125 -0.0760454 -0.3458256 0.3255718 0.8770377 -0.4238869 0.2131571 -0.0754238
0.40181 0.19511 1.86649 -0.35527 -0.15612 1.9265 -0.00741 0.00089 0.00534 0.00181 0.00091 -0.00760 0.10650 0.10480 0.00591 0.00506 0.07970 0.10099 0.01079 -0.00390 0.9171448 -0.0735247 -0.2123243 0.3291778 0.8775631 -0.423859 0.2122952 -0.0718152
0.39358 0.19122 1.86457 -0.35361 -0.1549 1.91507 -0.00823 -0.00389 -0.00192 0.00166 0.00122 -0.01143 0.10738 0.09780 0.00088 -0.00700 0.07382 0.10252 -0.00588 0.00153 0.9116623 -0.0590964 -0.1963531 0.3561246 0.880125 -0.4107438 0.2253303 -0.0767835
0.38027 0.16849 1.86788 -0.34919 -0.14963 1.89788 -0.01331 -0.02273 0.00331 0.00442 0.00527 -0.01719 0.11249 0.09350 0.00511 -0.00430 0.07557 0.09572 0.00175 -0.00680 0.9091036 -0.0581549 -0.1396656 0.3881264 0.8786449 -0.4133725 0.2239947 -0.0832622
0.37609 0.15359 1.87311 -0.34848 -0.15317 1.89692 -0.00418 -0.01490 0.00523 0.00071 -0.00354 -0.00096 0.10697 0.09486 -0.00552 0.00136 0.07689 0.09652 0.00132 0.00080 0.8823757 -0.0115506 -0.252048 0.3971795 0.8851677 -0.3831273 0.2439563 -0.1008813
0.37161 0.12664 1.85407 -0.34327 -0.14922 1.87412 -0.00448 -0.02695 -0.01904 0.00521 0.00395 -0.02280 0.10463 0.08546 -0.00234 -0.00940 0.07843 0.10165 0.00154 0.00513 0.8846325 -0.0328771 -0.2668169 0.3809899 0.8855229 -0.3961504 0.2250099 -0.0910198
0.37132 0.10041 1.85621 -0.34144 -0.14749 1.87274 -0.00029 -0.02623 0.00214 0.00183 0.00173 -0.00138 0.10284 0.08639 -0.00179 0.00093 0.07840 0.09653 -0.00003 -0.00512 0.8612521 -0.0993403 -0.2908564 0.4046959 0.8690976 -0.4296907 0.2335016 -0.0742447
0.40395 0.02195 1.99716 -0.3656 -0.16221 2.01202 0.03263 -0.07846 0.14095 -0.02416 -0.01472 0.13928 0.12280 0.09244 0.01996 0.00605 0.07481 0.10252 -0.00359 0.00599 0.8792506 -0.2916313 -0.2561715 0.2761262 0.9018713 -0.3577796 0.2249755 -0.0894881
0.39724 0.00082 1.97826 -0.36283 -0.16344 1.99525 -0.00671 -0.02113 -0.01890 0.00277 -0.00123 -0.01677 0.11891 0.09311 -0.00389 0.00067 0.08082 0.10280 0.00601 0.00028 0.9748437 -0.1305187 -0.0848364 0.1595221 0.9155494 -0.3213978 0.2210491 -0.0980312
0.39649 -0.01937 1.97805 -0.36145 -0.16145 1.99579 -0.00075 -0.02019 -0.00021 0.00138 0.00199 0.00054 0.11991 0.08987 0.00100 -0.00324 0.07608 0.10389 -0.00474 0.00109 0.9569659 -0.1868849 -0.0909646 0.2025234 0.8966497 -0.382825 0.2014664 -0.0942107
0.40377 -0.02596 2.01364 -0.36787 -0.16535 2.03277 0.00728 -0.00659 0.03559 -0.00642 -0.00390 0.03698 0.11713 0.09577 -0.00278 0.00590 0.06460 0.10492 -0.01148 0.00103 0.9007366 -0.3789629 -0.0715607 0.1998492 0.8712306 -0.4295323 0.2129763 -0.1053577
0.40688 -0.03685 2.01724 -0.36745 -0.16469 2.03709 0.00311 -0.01089 0.00360 0.00042 0.00066 0.00432 0.12086 0.09300 0.00373 -0.00277 0.07477 0.11114 0.01017 0.00622 0.9015775 -0.3916473 -0.0515971 0.1763753 0.8557101 -0.4603821 0.2107588 -0.1067202
0.40067 -0.04581 1.97637 -0.36086 -0.1589 1.99357 -0.00621 -0.00896 -0.04087 0.00659 0.00579 -0.04352 0.12271 0.09724 0.00185 0.00424 0.07826 0.10303 0.00349 -0.00811 0.9669856 -0.1959165 -0.1021584 0.1269606 0.8622182 -0.4372413 0.2299703 -0.1118631
0.40485 -0.04502 1.97732 -0.36112 -0.1563 1.99412 0.00418 0.00079 0.00095 -0.00026 0.00260 0.00055 0.12221 0.09907 -0.00050 0.00183 0.08032 0.10292 0.00206 -0.00011 0.9728491 -0.1968019 -0.0820515 0.0900067 0.8643886 -0.4357041 0.2392504 -0.0758517
0.40816 -0.04547 1.97766 -0.36257 -0.15683 1.99426 0.00331 -0.00045 0.00034 -0.00145 -0.00053 0.00014 0.12499 0.09995 0.00278 0.00088 0.06824 0.10210 -0.01208 -0.00082 0.9174393 -0.1820227 -0.3317277 0.1230024 0.8668731 -0.4315577 0.2378397 -0.0756385
0.41129 -0.04514 1.97744 -0.36249 -0.1561 1.99342 0.00313 0.00033 -0.00022 0.00008 0.00073 -0.00084 0.12226 0.09852 -0.00273 -0.00143 0.07928 0.10307 0.01104 0.00097 0.9206831 -0.1946719 -0.3173223 0.1172693 0.8707697 -0.4310346 0.2236593 -0.0771097
0.41321 -0.04484 1.97767 -0.36237 -0.15622 1.99254 0.00192 0.00030 0.00023 0.00012 -0.00012 -0.00088 0.12452 0.09662 0.00226 -0.00190 0.09216 0.10347 0.01288 0.00040 0.971045 -0.2177902 -0.0743145 0.0641603 0.8705155 -0.4269557 0.2293316 -0.0855493
0.41495 -0.04563 1.97989 -0.36305 -0.15531 1.99314 0.00174 -0.00079 0.00222 -0.00068 0.00091 0.00060 0.12438 0.09932 -0.00014 0.00270 0.06979 0.10364 -0.02237 0.00017 0.9253905 -0.1963031 -0.302292 0.1172046 0.8661125 -0.4400022 0.2216775 -0.0842979
0.41534 -0.04595 1.97977 -0.36368 -0.15996 1.99361 0.00039 -0.00032 -0.00012 -0.00063 -0.00465 0.00047 0.12536 0.10205 0.00098 0.00273 0.08978 0.10434 0.01999 0.00070 0.9645581 -0.2315032 -0.0939398 0.0849075 0.9102806 -0.336096 0.220507 -0.099022
0.41389 -0.0454 1.98056 -0.36148 -0.15746 1.99297 -0.00145 0.00055 0.00079 0.00220 0.00250 -0.00064 0.12622 0.10155 0.00086 -0.00050 0.07894 0.10299 -0.01084 -0.00135 0.9593769 -0.2210156 -0.1350589 0.1118355 0.8800921 -0.4058758 0.2216217 -0.1076404
0.41262 -0.04711 1.97917 -0.36067 -0.1559 1.991 -0.00127 -0.00171 -0.00139 0.00081 0.00156 -0.00197 0.12176 0.10122 -0.00446 -0.00033 0.08012 0.10469 0.00118 0.00170 0.960445 -0.2353258 -0.091843 0.117184 0.8915365 -0.3859259 0.2110963 -0.1079922
0.41224 -0.048 1.97895 -0.36108 -0.15563 1.99058 -0.00038 -0.00089 -0.00022 -0.00041 0.00027 -0.00042 0.12451 0.10394 0.00275 0.00272 0.06926 0.10671 -0.01086 0.00202 0.947934 -0.2301517 -0.1668584 0.1435604 0.8826798 -0.393485 0.2311297 -0.112361
0.41223 -0.04734 1.97765 -0.36232 -0.15728 1.9907 -0.00001 0.00066 -0.00130 -0.00124 -0.00165 0.00012 0.12333 0.10092 -0.00118 -0.00302 0.07200 0.10232 0.00274 -0.00439 0.9080216 -0.2113467 -0.3126488 0.1818794 0.9177074 -0.295574 0.2385864 -0.1163001
0.41326 -0.04739 1.97412 -0.36204 -0.15522 1.99164 0.00103 -0.00005 -0.00353 0.00028 0.00206 0.00094 0.12567 0.10271 0.00234 0.00179 0.07997 0.10159 0.00797 -0.00073 0.949477 -0.2710195 -0.0968189 0.1251715 0.889778 -0.3766634 0.2345459 -0.1068085
0.41479 -0.04766 1.96836 -0.36247 -0.15283 1.98953 0.00153 -0.00027 -0.00576 -0.00043 0.00239 -0.00211 0.12389 0.09871 -0.00178 -0.00400 0.08107 0.10091 0.00110 -0.00068 0.9387936 -0.2974903 -0.1188926 0.1266119 0.8915724 -0.3778613 0.2288254 -0.0997928
0.4167 -0.04724 1.9599 -0.36329 -0.15525 1.99018 0.00191 0.00042 -0.00846 -0.00082 -0.00242 0.00065 0.12338 0.10082 -0.00051 0.00211 0.06832 0.10091 -0.01275 0.00000 0.9202533 -0.3143476 -0.1820584 0.1455137 0.918672 -0.2941855 0.2379641 -0.1134455
0.41901 -0.04541 1.94526 -0.36263 -0.15219 1.98832 0.00231 0.00183 -0.01464 0.00066 0.00306 -0.00186 0.12790 0.10002 0.00452 -0.00080 0.06779 0.10151 -0.00053 0.00060 0.9117855 -0.3312391 -0.1915371 0.1491348 0.8980136 -0.3574497 0.2348265 -0.1032369
0.42213 -0.04231 1.9244 -0.36092 -0.14961 1.98659 0.00312 0.00310 -0.02086 0.00171 0.00258 -0.00173 0.12822 0.10148 0.00032 0.00146 0.06037 0.10241 -0.00742 0.00090 0.904738 -0.3375272 -0.2119173 0.1503845 0.887127 -0.3847212 0.2329612 -0.1035585
0.4259 -0.046 1.89485 -0.35968 -0.14813 1.97834 0.00377 -0.00369 -0.02955 0.00124 0.00148 -0.00825 0.12560 0.09657 -0.00262 -0.00491 0.06551 0.10541 0.00514 0.00300 0.8976714 -0.362716 -0.2080591 0.1390484 0.892217 -0.3711995 0.2363193 -0.1015524
0.43076 -0.05118 1.86254 -0.35793 -0.147 1.97061 0.00486 -0.00518 -0.03231 0.00175 0.00113 -0.00773 0.12483 0.10202 -0.00077 0.00545 0.06894 0.10812 0.00343 0.00271 0.9004899 -0.3757298 -0.1832279 0.1198853 0.8990592 -0.3698915 0.2152556 -0.0924007
0.43105 -0.07689 1.70062 -0.3391 -0.13994 1.87881 0.00029 -0.02571 -0.16192 0.01883 0.00706 -0.09180 0.12242 0.09757 -0.00241 -0.00445 0.06530 0.09559 -0.00364 -0.01253 0.9105539 -0.3493514 -0.1874087 0.1171462 0.8979181 -0.3532293 0.2349414 -0.1173655
0.43267 -0.08006 1.68912 -0.34105 -0.13985 1.8864 0.00162 -0.00317 -0.01150 -0.00195 0.00009 0.00759 0.12260 0.09537 0.00018 -0.00220 0.06136 0.09789 -0.00394 0.00230 0.8756445 -0.4068458 -0.2161088 0.1449834 0.9178282 -0.3110062 0.2202697 -0.1111211
0.42706 -0.08349 1.67277 -0.33991 -0.13825 1.88118 -0.00561 -0.00343 -0.01635 0.00114 0.00160 -0.00522 0.11899 0.09750 -0.00361 0.00213 0.07336 0.09477 0.01200 -0.00312 0.7213352 -0.3232727 -0.5268327 0.312438 0.9195732 -0.2959293 0.2323666 -0.1132106
0.41645 -0.08719 1.66133 -0.33698 -0.13244 1.87169 -0.01061 -0.00370 -0.01144 0.00293 0.00581 -0.00949 0.11777 0.08954 -0.00122 -0.00796 0.05594 0.09836 -0.01742 0.00359 0.8692089 -0.4165615 -0.1887508 0.1879511 0.8877819 -0.388849 0.2189167 -0.1127618
0.40284 -0.0926 1.66292 -0.33662 -0.13094 1.86745 -0.01361 -0.00541 0.00159 0.00036 0.00150 -0.00424 0.12124 0.08965 0.00347 0.00011 0.06564 0.10325 0.00970 0.00489 0.7606801 -0.2940477 -0.4620177 0.3484844 0.892105 -0.3853274 0.2101975 -0.1071838
0.37624 -0.1034 1.73733 -0.3475 -0.13875 1.92294 -0.02660 -0.01080 0.07441 -0.01088 -0.00781 0.05549 0.12898 0.09628 0.00774 0.00663 0.07481 0.09946 0.00917 -0.00379 0.8546558 -0.2393113 -0.3112419 0.3397382 0.9164289 -0.3111286 0.2226717 -0.1173642
0.35241 -0.10629 1.76074 -0.34897 -0.13849 1.93106 -0.02383 -0.00289 0.02341 -0.00147 0.00026 0.00812 0.12541 0.09423 -0.00357 -0.00205 0.05908 0.10162 -0.01573 0.00216 0.8949929 -0.2137821 -0.1886888 0.3430473 0.9035237 -0.3470608 0.2290179 -0.1036555
0.32506 -0.11177 1.78963 -0.35014 -0.13841 1.94097 -0.02735 -0.00548 0.02889 -0.00117 0.00008 0.00991 0.12412 0.09713 -0.00129 0.00290 0.05775 0.10197 -0.00133 0.00035 0.897781 -0.1268639 -0.1845407 0.379262 0.914177 -0.31725 0.2260253 -0.1120059
0.30141 -0.11589 1.86542 -0.35976 -0.14019 2.0011 -0.02365 -0.00412 0.07579 -0.00962 -0.00178 0.06013 0.12365 0.09768 -0.00047 0.00055 0.07187 0.10592 0.01412 0.00395 0.76916 -0.2151697 -0.3138964 0.5133847 0.8961423 -0.3673688 0.2227703 -0.1110969
0.23968 -0.1206 1.85964 -0.3484 -0.1365 1.95212 -0.06173 -0.00471 -0.00578 0.01136 0.00369 -0.04898 0.12271 0.09878 -0.00094 0.00110 0.09168 0.10504 0.01981 -0.00088 0.8000169 0.0397432 -0.21595 0.5583538 0.8850312 -0.3883704 0.2207268 -0.1310263
0.22858 -0.1246 1.87276 -0.34821 -0.13719 1.95644 -0.01110 -0.00400 0.01312 0.00019 -0.00069 0.00432 0.13133 0.09972 0.00862 0.00094 0.08753 0.11476 -0.00415 0.00972 0.7555109 0.217858 -0.1656514 0.5952318 0.8819098 -0.4078968 0.2012144 -0.1239672
0.23303 -0.1305 1.98267 -0.36644 -0.14006 2.07015 0.00445 -0.00590 0.10991 -0.01823 -0.00287 0.11371 0.14453 0.10091 0.01320 0.00119 0.09173 0.11392 0.00420 -0.00084 0.7666962 0.2247 -0.1799437 0.573853 0.9332055 -0.2427202 0.1975144 -0.1766418
0.22256 -0.11205 1.91716 -0.35564 -0.13476 2.03443 -0.01047 0.01845 -0.06551 0.01080 0.00530 -0.03572 0.14240 0.09427 -0.00213 -0.00664 0.10350 0.11521 0.01177 0.00129 -0.3647229 0.9199027 -0.0712747 -0.1252045 0.8789262 -0.4041098 0.211148 -0.1400016
0.23089 -0.10677 1.98054 -0.37112 -0.13768 2.13281 0.00833 0.00528 0.06338 -0.01548 -0.00292 0.09838 0.14304 0.10027 0.00064 0.00600 0.10223 0.12077 -0.00127 0.00556 0.7860569 -0.2960502 -0.2466392 0.4833611 0.8292657 -0.4982685 0.1910193 -0.1660076
0.2231 -0.09798 1.85548 -0.35129 -0.13097 2.03312 -0.00779 0.00879 -0.12506 0.01983 0.00671 -0.09969 0.13336 0.09643 -0.00968 -0.00384 0.08869 0.11449 -0.01354 -0.00628 0.7965937 -0.0148397 -0.2458532 0.5520638 0.8577045 -0.4353837 0.1848282 -0.2015508
0.22464 -0.08842 1.81424 -0.3492 -0.13114 2.02574 0.00154 0.00956 -0.04124 0.00209 -0.00017 -0.00738 0.12447 0.09503 -0.00889 -0.00140 0.07777 0.12044 -0.01092 0.00595 0.876772 -0.2754248 -0.1488353 0.3650479 0.8732891 -0.4061942 0.1702763 -0.2082747
0.22699 -0.08831 1.7514 -0.34312 -0.12914 2.00486 0.00235 0.00011 -0.06284 0.00608 0.00200 -0.02088 0.11874 0.09645 -0.00573 0.00142 0.08165 0.11517 0.00388 -0.00527 0.9047812 -0.2282089 -0.1474464 0.3279499 0.8271894 -0.4873246 0.1310409 -0.2471856
0.22268 -0.09164 1.74241 -0.34106 -0.12804 1.9964 -0.00431 -0.00333 -0.00899 0.00206 0.00110 -0.00846 0.11953 0.09454 0.00079 -0.00191 0.06761 0.11408 -0.01404 -0.00109 0.9142259 -0.2132192 -0.0581894 0.3396213 0.7868216 -0.5534375 0.1174407 -0.2466299
0.19945 -0.09542 1.76704 -0.34103 -0.12772 1.99547 -0.02323 -0.00378 0.02463 0.00003 0.00032 -0.00093 0.11941 0.09498 -0.00012 0.00044 0.07233 0.11530 0.00472 0.00122 0.8568357 0.1062933 -0.2495571 0.4384697 0.7676403 -0.5881097 0.105809 -0.231646
0.18739 -0.10299 1.82429 -0.34793 -0.12822 2.03126 -0.01206 -0.00757 0.05725 -0.00690 -0.00050 0.03579 0.12258 0.09226 0.00317 -0.00272 0.07919 0.11438 0.00686 -0.00092 0.8716019 0.1443657 -0.2081683 0.4196838 0.7379864 -0.6289003 0.0999001 -0.223339
0.1449 -0.13105 1.93207 -0.35021 -0.13011 2.04592 -0.04249 -0.02806 0.10778 -0.00228 -0.00189 0.01466 0.14352 0.10031 0.02094 0.00805 0.09266 0.11794 0.01347 0.00356 0.8904427 0.0486966 -0.2113592 0.4000847 0.7173533 -0.657149 0.0772868 -0.2181422
0.13713 -0.13806 1.9673 -0.35213 -0.13071 2.05978 -0.00777 -0.00701 0.03523 -0.00192 -0.00060 0.01386 0.15378 0.10028 0.01026 -0.00003 0.08216 0.11919 -0.01050 0.00125 0.8288057 0.2451656 -0.1612431 0.4764195 0.7187227 -0.6544173 0.0741763 -0.2228756
0.13294 -0.14004 1.97999 -0.35225 -0.13202 2.05909 -0.00419 -0.00198 0.01269 -0.00012 -0.00131 -0.00069 0.15915 0.09785 0.00537 -0.00243 0.08417 0.11823 0.00201 -0.00096 0.823713 0.2737884 -0.1555102 0.4715436 0.8878926 -0.3648517 0.1506492 -0.2362937
0.13478 -0.13942 2.04226 -0.36106 -0.13653 2.11941 0.00184 0.00062 0.06227 -0.00881 -0.00451 0.06032 0.15421 0.10357 -0.00494 0.00572 0.09108 0.12276 0.00691 0.00453 0.7398242 -0.0040555 -0.2971706 0.6036003 0.8235468 -0.4873828 0.1190517 -0.2646795
0.13602 -0.1339 2.04326 -0.36083 -0.13726 2.12355 0.00124 0.00552 0.00100 0.00023 -0.00073 0.00414 0.12063 0.10224 -0.03358 -0.00133 0.09558 0.11828 0.00450 -0.00448 0.7672601 -0.0759824 -0.2540615 0.5839447 0.8998504 -0.3007088 0.1484249 -0.2789508
0.1263 -0.11401 1.91317 -0.33861 -0.12851 2.0017 -0.00972 0.01989 -0.13009 0.02222 0.00875 -0.12185 0.11324 0.09371 -0.00739 -0.00853 0.09234 0.11038 -0.00324 -0.00790 -0.3501049 0.924962 0.1206878 -0.0854769 0.8323707 -0.4585965 0.1061798 -0.2925305
0.12445 -0.09517 1.90104 -0.33877 -0.12644 2.00846 -0.00185 0.01884 -0.01213 -0.00016 0.00207 0.00676 0.15639 0.09270 0.04315 -0.00101 0.09441 0.10905 0.00207 -0.00133 -0.5268542 0.8041488 0.1138599 -0.2506098 0.8023323 -0.527011 0.1274944 -0.2495345
0.1198 -0.09269 1.96945 -0.35623 -0.13578 2.08731 -0.00465 0.00248 0.06841 -0.01746 -0.00934 0.07885 0.16264 0.10636 0.00625 0.01366 0.09768 0.11825 0.00327 0.00920 0.751377 -0.2614157 -0.2168005 0.5657666 0.9381911 -0.2559556 0.1920451 -0.1319206
0.06788 -0.12057 2.05008 -0.36242 -0.135 2.16423 -0.05192 -0.02788 0.08063 -0.00619 0.00078 0.07692 0.16378 0.10076 0.00114 -0.00560 0.08889 0.12679 -0.00879 0.00854 0.813274 0.0403891 -0.2969305 0.4987851 0.8630809 -0.4599175 0.1855608 -0.0955747
-0.01009 -0.11242 2.04028 -0.34324 -0.13573 2.14254 -0.07797 0.00815 -0.00980 0.01918 -0.00073 -0.02169 0.14772 0.10450 -0.01606 0.00374 0.09208 0.12259 0.00319 -0.00420 0.7830247 0.1168154 -0.3755373 0.4818695 0.8607647 -0.4567672 0.1650364 -0.1523512
-0.08571 -0.11393 1.87414 -0.29068 -0.15429 1.94145 -0.07562 -0.00151 -0.16614 0.05256 -0.01856 -0.20109 0.13675 0.10464 -0.01097 0.00014 0.07838 0.06459 -0.01370 -0.05800 0.8336222 -0.1293849 0.2139092 0.4925205 0.8496307 -0.2750551 0.3686334 -0.2580346
-0.22648 -0.08253 1.89434 -0.23738 -0.06148 1.88931 -0.14077 0.03140 0.02020 0.05330 0.09281 -0.05214 0.07899 0.07621 -0.05776 -0.02843 0.05852 0.08586 -0.01986 0.02127 0.7732533 0.1443495 -0.3727174 0.4922645 0.6103921 0.0075717 0.737685 -0.2884181
-0.18824 0.00904 1.8696 -0.23185 0.04885 1.87118 0.03824 0.09157 -0.02474 0.00553 0.11033 -0.01813 0.12207 0.07680 0.04308 0.00059 0.04236 0.07124 -0.01616 -0.01462 0.8496895 -0.2117877 -0.3442702 0.3386027 0.5657297 0.153567 0.7577136 -0.2867701
-0.17684 0.06916 2.04508 -0.22938 0.11923 2.04714 0.01140 0.06012 0.17548 0.00247 0.07038 0.17596 0.13793 0.08185 0.01586 0.00505 0.05651 0.07850 0.01415 0.00726 0.829852 0.0640949 -0.4469531 0.3278266 0.6521009 0.0760803 0.7058337 -0.2660356
-0.14603 0.10616 2.04775 -0.27652 0.10287 2.07589 0.03081 0.03700 0.00267 -0.04714 -0.01636 0.02875 0.12376 0.12661 -0.01417 0.04476 0.07713 0.08403 0.02062 0.00553 -0.4374515 -0.1734142 0.8672945 -0.1623697 0.845885 -0.0251158 0.4792865 -0.2326633
-0.11752 0.1517 2.02957 -0.36703 0.03333 2.12736 0.02851 0.04554 -0.01818 -0.09051 -0.06954 0.05147 0.12210 0.12040 -0.00166 -0.00621 0.08086 0.09524 0.00373 0.01121 -0.3824122 -0.198637 0.8947694 -0.1170129 0.9511945 0.0152394 0.1685117 0.258071
-0.106 0.23907 2.01762 -0.37164 0.06147 2.12004 0.01152 0.08737 -0.01195 -0.00461 0.02814 -0.00732 0.11061 0.10127 -0.01149 -0.01913 0.06563 0.10709 -0.01523 0.01185 0.3201907 -0.1348605 0.9358168 0.0594768 0.9838654 0.0316288 0.083052 0.1552768
-0.02537 0.29858 2.05086 -0.3894 -0.04516 2.15984 0.08063 0.05951 0.03324 -0.01776 -0.10663 0.03980 0.10616 0.11169 -0.00445 0.01042 0.06850 0.12211 0.00287 0.01502 0.1763563 -0.1484165 0.9722534 0.0399289 0.981076 0.0438697 0.1849197 -0.0370132
0.02889 0.31543 2.10336 -0.39922 -0.04588 2.22101 0.05426 0.01685 0.05250 -0.00982 -0.00072 0.06117 0.09960 0.10867 -0.00656 -0.00302 0.07135 0.12102 0.00285 -0.00109 0.20462 -0.0688993 0.9754519 0.0433246 0.9756218 0.0159398 0.1943138 -0.1007483
0.05935 0.3149 2.10568 -0.40018 -0.04697 2.22752 0.03046 -0.00053 0.00232 -0.00096 -0.00109 0.00651 0.09839 0.10821 -0.00121 -0.00046 0.07406 0.12053 0.00271 -0.00049 0.1899419 -0.0204518 0.9811217 0.0300675 0.9689515 -0.0030385 0.2139172 -0.1239481
0.09264 0.30935 2.10254 -0.40006 -0.04865 2.22989 0.03329 -0.00555 -0.00314 0.00012 -0.00168 0.00237 0.09656 0.10885 -0.00183 0.00064 0.07607 0.11734 0.00201 -0.00319 0.2010278 0.0075294 0.9788183 0.0380246 0.9660769 -0.0315099 0.2107879 -0.1458459
0.12803 0.29319 2.10416 -0.40112 -0.05242 2.23727 0.03539 -0.01616 0.00162 -0.00106 -0.00377 0.00738 0.10125 0.10628 0.00469 -0.00257 0.07593 0.12380 -0.00014 0.00646 0.2308753 0.0706716 0.9702749 -0.016393 0.9669485 -0.0484479 0.1911686 -0.1616105
0.16075 0.27505 2.10203 -0.40125 -0.0577 2.23772 0.03272 -0.01814 -0.00213 -0.00013 -0.00528 0.00045 0.10446 0.10412 0.00321 -0.00216 0.07589 0.12147 -0.00004 -0.00233 0.2057443 0.0846091 0.9749103 -0.0077822 0.9547885 -0.1224958 0.1909937 -0.1920811
0.19035 0.25983 2.091 -0.39968 -0.06182 2.23024 0.02960 -0.01522 -0.01103 0.00157 -0.00412 -0.00748 0.09947 0.10607 -0.00499 0.00195 0.07792 0.12197 0.00203 0.00050 0.2167729 0.0427729 0.9727201 -0.0706785 0.9400527 -0.214252 0.1863038 -0.1889125
0.2266 0.14924 2.01544 -0.38584 -0.06437 2.15134 0.03625 -0.11059 -0.07556 0.01384 -0.00255 -0.07890 0.11506 0.09903 0.01559 -0.00704 0.07999 0.12047 0.00207 -0.00150 -0.3695543 -0.1643795 -0.1139271 0.9074302 0.8823121 -0.4160222 0.2180608 -0.0300037
0.27685 0.1255 1.92192 -0.36679 -0.07117 2.04692 0.05025 -0.02374 -0.09352 0.01905 -0.00680 -0.10442 0.10915 0.09845 -0.00591 -0.00058 0.08876 0.11330 0.00877 -0.00717 0.2261222 0.4703299 0.8391031 -0.1535076 0.8843359 -0.4261704 0.1805362 -0.0611189
0.31252 0.11008 1.92007 -0.36697 -0.07709 2.04288 0.03567 -0.01542 -0.00185 -0.00018 -0.00592 -0.00404 0.11431 0.09745 0.00516 -0.00100 0.08136 0.10809 -0.00740 -0.00521 0.2444716 0.2170065 0.9407026 -0.0906664 0.8730123 -0.442489 0.1882802 -0.0812626
0.34048 0.07383 1.88343 -0.36039 -0.08218 1.99922 0.02796 -0.03625 -0.03664 0.00658 -0.00509 -0.04366 0.11432 0.09604 0.00001 -0.00141 0.07424 0.11164 -0.00712 0.00355 0.2372643 -0.0667313 0.9638137 -0.1015665 0.8610161 -0.4689085 0.1764141 -0.0874884
0.3678 0.04865 1.84511 -0.35296 -0.0867 1.9553 0.02732 -0.02518 -0.03832 0.00743 -0.00452 -0.04392 0.11123 0.09343 -0.00309 -0.00261 0.07150 0.10755 -0.00274 -0.00409 0.2803531 0.2110923 0.874261 -0.335425 0.8345802 -0.5130226 0.191901 -0.0588023
0.40395 -0.00574 1.87537 -0.35589 -0.09434 1.97643 0.03615 -0.05439 0.03026 -0.00293 -0.00764 0.02113 0.12222 0.10012 0.01099 0.00669 0.08327 0.10839 0.01177 0.00084 0.2183407 0.0604312 0.9715879 -0.0685012 0.8374253 -0.5148129 0.1634701 -0.0834515
0.43829 -0.02963 1.86654 -0.35324 -0.10349 1.96572 0.03434 -0.02389 -0.00883 0.00265 -0.00915 -0.01071 0.11280 0.09656 -0.00942 -0.00356 0.07022 0.10331 -0.01305 -0.00508 0.2940373 0.1972229 0.908255 -0.2229754 0.8281353 -0.5252784 0.1681218 -0.1000477
0.49939 -0.13473 1.86355 -0.34731 -0.12942 1.9416 0.06110 -0.10510 -0.00299 0.00593 -0.02593 -0.02412 0.11555 0.10082 0.00275 0.00426 0.06888 0.09926 -0.00134 -0.00405 0.2304103 0.0063584 0.8956088 -0.3804676 0.8895678 -0.4080531 0.1825002 -0.094104
0.53459 -0.24717 1.79377 -0.32133 -0.15067 1.83643 0.03520 -0.11244 -0.06978 0.02598 -0.02125 -0.10517 0.13763 0.10171 0.02208 0.00089 0.08892 0.09662 0.02004 -0.00264 0.0359812 0.1361935 0.8673809 -0.4772914 0.8322791 -0.5227937 0.1276094 -0.1330939
0.57392 -0.30232 1.80713 -0.31849 -0.17106 1.84499 0.03933 -0.05515 0.01336 0.00284 -0.02039 0.00856 0.12552 0.08868 -0.01211 -0.01303 0.08322 0.09998 -0.00570 0.00336 0.0509642 0.2598042 0.7839057 -0.5616016 0.8980719 -0.3805058 0.2079612 -0.073718
0.66295 -0.39622 1.99044 -0.33923 -0.20287 2.01289 0.08903 -0.09390 0.18331 -0.02074 -0.03181 0.16790 0.11663 0.13941 -0.00889 0.05073 0.08578 0.09979 0.00256 -0.00019 2.24E-05 0.3024515 0.7509798 -0.5869859 0.7989505 -0.5831606 0.1419482 -0.0381141
0.66367 -0.44332 1.92652 -0.31204 -0.20513 1.92557 0.00072 -0.04710 -0.06392 0.02719 -0.00226 -0.08732 0.12667 0.12333 0.01004 -0.01608 0.08813 0.09325 0.00235 -0.00654 -0.0672066 0.4510553 0.665437 -0.5909535 -0.3264713 0.9088009 -0.0732013 -0.249277
0.73178 -0.53147 2.08122 -0.32846 -0.2611 2.0536 0.06811 -0.08815 0.15470 -0.01642 -0.05597 0.12803 0.12952 0.14430 0.00285 0.02097 0.07839 0.10588 -0.00974 0.01263 -0.4716879 0.7728499 0.4190302 -0.0680243 0.7703674 -0.6246306 0.1222691 -0.0376937
0.72802 -0.57643 2.13653 -0.31728 -0.2969 2.0634 -0.00376 -0.04496 0.05531 0.01118 -0.03580 0.00980 0.10851 0.13312 -0.02101 -0.01118 0.10988 0.09961 0.03149 -0.00627 -0.3320312 0.793736 0.453979 -0.2316064 0.7288636 -0.6621489 0.1646745 -0.0565595
0.73667 -0.61876 2.17694 -0.30582 -0.33973 2.08418 0.00865 -0.04233 0.04041 0.01146 -0.04283 0.02078 0.12721 0.08462 0.01870 -0.04850 0.11572 0.10915 0.00584 0.00954 -0.4087353 0.2684203 -0.2790853 0.8264366 -0.6921899 0.7031099 -0.15375 0.0535763
0.71972 -0.62823 2.12168 -0.28275 -0.36771 2.01667 -0.01695 -0.00947 -0.05526 0.02307 -0.02798 -0.06751 0.12827 0.07646 0.00106 -0.00816 0.08976 0.09262 -0.02596 -0.01653 -0.4382685 0.4469027 -0.1701161 0.7610909 0.8402845 -0.5026675 0.2023077 -0.0178553
0.72056 -0.64613 2.12029 -0.26129 -0.40314 2.01096 0.00084 -0.01790 -0.00139 0.02146 -0.03543 -0.00571 0.12735 0.07931 -0.00092 0.00285 0.07013 0.10013 -0.01963 0.00751 -0.4090533 0.3210147 -0.2381455 0.8203119 0.6925107 -0.6883475 0.1189909 -0.1801325
0.7222 -0.66271 2.11688 -0.24154 -0.42919 1.99077 0.00164 -0.01658 -0.00341 0.01975 -0.02605 -0.02019 0.12150 0.09905 -0.00585 0.01974 0.11222 0.09617 0.04209 -0.00396 -0.4443726 0.3993154 -0.2166392 0.772106 0.7008801 -0.6931844 0.0314192 -0.1651528
0.72375 -0.68936 2.12985 -0.19982 -0.48491 1.99718 0.00155 -0.02665 0.01297 0.04172 -0.05572 0.00641 0.10650 0.10726 -0.01500 0.00821 0.10097 0.07976 -0.01125 -0.01641 -0.2063821 -0.1488992 -0.4394743 0.861451 0.6258244 -0.6463071 0.0820661 -0.4288312
0.69172 -0.66966 2.02754 -0.1502 -0.67495 1.85421 -0.03203 0.01970 -0.10231 0.04962 -0.19004 -0.14297 0.11574 0.11047 0.00924 0.00321 0.07954 0.05689 -0.02143 -0.02287 -0.2528924 -0.0550266 -0.4598199 0.8494605 -0.3200752 0.6180446 -0.1836616 0.6941478
0.69127 -0.68748 2.03235 -0.12233 -0.5995 1.88984 -0.00045 -0.01782 0.00481 0.02787 0.07545 0.03563 0.13809 0.08648 0.02235 -0.02399 0.08755 0.04761 0.00801 -0.00928 -0.3490771 0.26504 -0.3163297 0.841329 -0.0949356 0.1213076 -0.1446835 0.9774141
0.6924 -0.70556 1.99977 -0.1146 -0.62577 1.8554 0.00113 -0.01808 -0.03258 0.00773 -0.02627 -0.03444 0.14420 0.11578 0.00611 0.02930 0.09738 0.01887 0.00983 -0.02874 -0.3680245 0.3157278 -0.363095 0.7956356 0.0210527 -0.3697487 -0.3377743 0.8653041
0.6883 -0.70726 1.98696 -0.10762 -0.63355 1.84007 -0.00410 -0.00170 -0.01281 0.00698 -0.00778 -0.01533 0.14168 0.11855 -0.00252 0.00277 0.11827 0.04945 0.02089 0.03058 -0.3879371 0.3687323 -0.3200645 0.781729 0.1073511 -0.6000399 -0.3347033 0.7186108
0.68815 -0.70881 1.98728 -0.10463 -0.64898 1.84122 -0.00015 -0.00155 0.00032 0.00299 -0.01543 0.00115 0.13661 0.13009 -0.00507 0.01154 0.11379 0.07182 -0.00448 0.02237 -0.4307439 0.4740933 -0.244913 0.7278137 -0.2279609 0.7526553 0.3405279 -0.515349
0.6854 -0.7146 1.99393 -0.10451 -0.59641 1.93562 -0.00275 -0.00579 0.00665 0.00012 0.05257 0.09440 0.14070 0.10557 0.00409 -0.02452 0.09012 0.11793 -0.02367 0.04611 -0.3586395 0.3438219 -0.3142306 0.8089644 0.115943 0.6184282 0.7343357 -0.254666
0.68576 -0.71946 1.99233 -0.1047 -0.59003 1.93314 0.00036 -0.00486 -0.00160 -0.00019 0.00638 -0.00248 0.11993 0.11298 -0.02077 0.00741 0.09097 0.06220 0.00085 -0.05573 -0.3624561 0.3577687 -0.3131992 0.8015817 0.2316278 0.4946362 0.759829 -0.3526237
0.68097 -0.72265 1.94723 -0.07808 -0.64578 1.81987 -0.00479 -0.00319 -0.04510 0.02662 -0.05575 -0.11327 0.11312 0.13237 -0.00681 0.01939 0.14006 0.07778 0.04909 0.01558 -0.1942271 -0.0242467 -0.4433568 0.8747129 -0.2521372 0.8030238 0.3259969 -0.4304714
0.68498 -0.72436 1.94299 -0.08038 -0.58926 1.90355 0.00401 -0.00171 -0.00424 -0.00230 0.05652 0.08368 0.11385 0.08072 0.00073 -0.05165 0.14313 0.11250 0.00307 0.03472 -0.2228181 -0.0115076 -0.4402292 0.869723 0.2518341 0.7306576 0.6043009 -0.1937514
0.68271 -0.72397 1.93737 -0.08028 -0.64678 1.81299 -0.00227 0.00039 -0.00562 0.00010 -0.05752 -0.09056 0.10971 0.13058 -0.00414 0.04986 0.14092 0.07798 -0.00221 -0.03452 -0.2146901 -0.0287697 -0.4388614 0.8720556 -0.2217698 0.7373186 0.3686479 -0.5208437
0.68355 -0.72527 1.93516 -0.07866 -0.64702 1.80665 0.00084 -0.00130 -0.00221 0.00162 -0.00024 -0.00634 0.11992 0.12906 0.01021 -0.00152 0.13976 0.07622 -0.00116 -0.00176 -0.232891 -0.0125398 -0.4231259 0.8755394 -0.2157945 0.7296855 0.3659977 -0.5357589
0.68659 -0.72898 1.94787 -0.08968 -0.6466 1.83165 0.00304 -0.00371 0.01271 -0.01102 0.00042 0.02500 0.11301 0.12482 -0.00691 -0.00424 0.13096 0.08269 -0.00880 0.00647 -0.236522 -0.0072065 -0.4285259 0.8719925 -0.2634914 0.7553381 0.3732686 -0.4697948
0.68993 -0.7319 1.94739 -0.08865 -0.58323 1.8915 0.00334 -0.00292 -0.00048 0.00103 0.06337 0.05985 0.11926 0.08244 0.00625 -0.04238 0.13965 0.05951 0.00869 -0.02318 -0.2492448 -0.012267 -0.418647 0.8731903 0.1977273 0.4700806 0.8006385 -0.3144933
0.69113 -0.73327 1.94871 -0.08659 -0.58895 1.88694 0.00120 -0.00137 0.00132 0.00206 -0.00572 -0.00456 0.12492 0.07710 0.00566 -0.00534 0.11595 0.05647 -0.02370 -0.00304 -0.2665711 0.001801 -0.4035733 0.8752514 0.1311894 0.521116 0.761546 -0.3623192
0.68793 -0.72961 1.94229 -0.08159 -0.5872 1.87808 -0.00320 0.00366 -0.00642 0.00500 0.00175 -0.00886 0.11370 0.07325 -0.01122 -0.00385 0.12052 0.05627 0.00457 -0.00020 -0.2458728 -0.0451084 -0.4191396 0.8728309 0.1956666 0.5620703 0.7385253 -0.3168155
0.69045 -0.73125 1.94707 -0.08249 -0.58946 1.87979 0.00252 -0.00164 0.00478 -0.00090 -0.00226 0.00171 0.11396 0.07647 0.00026 0.00322 0.12668 0.05558 0.00616 -0.00069 -0.2556787 -0.043439 -0.412253 0.8733779 0.1520317 0.5644721 0.7343783 -0.3448857
0.7222 -0.76463 2.03644 -0.09757 -0.6136 1.97713 0.03175 -0.03338 0.08937 -0.01508 -0.02414 0.09734 0.12226 0.10648 0.00830 0.03001 0.06363 0.06185 -0.06305 0.00627 -0.4082409 0.3323122 -0.2685825 0.806704 -0.0821423 0.6128258 0.5304177 -0.5799606
0.69683 -0.73804 1.96416 -0.09252 -0.60533 1.89535 -0.02537 0.02659 -0.07228 0.00505 0.00827 -0.08178 0.11773 0.10681 -0.00453 0.00033 0.11201 0.06547 0.04838 0.00362 -0.3034794 0.0594449 -0.3799318 0.8717903 0.0287125 0.5144063 0.7079527 -0.4830784
0.69036 -0.73066 1.94681 -0.08121 -0.59216 1.87887 -0.00647 0.00738 -0.01735 0.01131 0.01317 -0.01648 0.10560 0.05244 -0.01213 -0.05437 0.09463 0.06107 -0.01738 -0.00440 -0.3156251 0.0853517 -0.3746214 0.8676144 0.2859718 0.5182561 0.6877378 -0.4202946
0.68978 -0.73072 1.94519 -0.07872 -0.59237 1.87473 -0.00058 -0.00006 -0.00162 0.00249 -0.00021 -0.00414 0.10640 0.05349 0.00080 0.00105 0.12062 0.06088 0.02599 -0.00019 -0.2579785 -0.0511067 -0.4079804 0.8742924 0.2913727 0.556186 0.6591461 -0.4138665
0.68977 -0.73114 1.946 -0.07927 -0.59374 1.87696 -0.00001 -0.00042 0.00081 -0.00055 -0.00137 0.00223 0.11365 0.05405 0.00725 0.00056 0.12129 0.06087 0.00067 -0.00001 -0.2512651 -0.0604632 -0.4146796 0.8724969 0.2757194 0.550344 0.6464563 -0.4507711
0.69091 -0.73236 1.94763 -0.0789 -0.59414 1.8787 0.00114 -0.00122 0.00163 0.00037 -0.00040 0.00174 0.11355 0.05315 -0.00010 -0.00090 0.09225 0.06106 -0.02904 0.00019 -0.3290611 0.11999 -0.3613697 0.8641372 0.2706379 0.5666763 0.6502932 -0.4274949
]
