classifier_Car_monkey_bumps_into_each_other_6402 [ 0.58057 -0.65414 1.66098 -0.46021 -0.70383 1.80498 0.58057 -0.65414 1.66098 -0.46021 -0.70383 1.80498 0.10346 0.10907 0.10346 0.10907 0.09503 0.04430 0.09503 0.04430 -0.2017838 -0.0625466 -0.4612431 0.8617575 0.1779154 -0.2770948 -0.1621847 0.9301939
0.58025 -0.64728 1.65794 -0.46484 -0.68967 1.79016 -0.00032 0.00686 -0.00304 -0.00463 0.01416 -0.01482 0.09594 0.10552 -0.00752 -0.00355 0.11431 0.05773 0.01928 0.01343 -0.2527512 0.0264531 -0.4551941 0.8533554 0.1961758 -0.289033 -0.2178487 0.911327
0.59704 -0.66123 1.701 -0.48318 -0.66376 1.8454 0.01679 -0.01395 0.04306 -0.01834 0.02591 0.05524 0.11237 0.10647 0.01643 0.00095 0.13332 0.05396 0.01901 -0.00377 -0.350431 0.2200627 -0.3966256 0.8194258 0.1305511 -0.4363306 -0.195391 0.8685587
0.5835 -0.64372 1.71991 -0.48713 -0.65155 1.8272 -0.01354 0.01751 0.01891 -0.00395 0.01221 -0.01820 0.12994 0.10530 0.01757 -0.00117 0.12028 0.06364 -0.01304 0.00968 -0.2175865 0.0962342 -0.4244764 0.8736218 0.1580278 -0.3957375 -0.2560765 0.8676658
0.58957 -0.64843 1.72527 -0.49304 -0.6362 1.80824 0.00607 -0.00471 0.00536 -0.00591 0.01535 -0.01896 0.12410 0.08988 -0.00584 -0.01542 0.11861 0.07766 -0.00167 0.01402 -0.155333 -0.0287871 -0.4026321 0.9016265 0.1447427 -0.3845496 -0.3098633 0.8574122
0.54166 -0.55209 1.75011 -0.50185 -0.62393 1.80599 -0.04791 0.09634 0.02484 -0.00881 0.01227 -0.00225 0.11228 0.09498 -0.01182 0.00510 0.07980 0.08536 -0.03881 0.00770 -0.3355108 0.5123354 -0.3878548 0.6888494 0.1607609 -0.4180154 -0.3433147 0.8255629
0.52181 -0.50728 1.68531 -0.49235 -0.56452 1.7371 -0.01985 0.04481 -0.06480 0.00950 0.05941 -0.06889 0.13060 0.09786 0.01832 0.00288 0.08921 0.06463 0.00941 -0.02073 -0.338746 0.4865018 -0.4180756 0.6883168 0.1969188 -0.4818124 -0.3609827 0.7738032
0.52084 -0.49776 1.69558 -0.50673 -0.54444 1.76256 -0.00097 0.00952 0.01027 -0.01438 0.02008 0.02546 0.13005 0.10185 -0.00055 0.00399 0.11163 0.06554 0.02242 0.00091 0.2860776 -0.4667655 0.5326476 -0.6454272 0.2014738 -0.4820151 -0.3896604 0.7584422
0.4808 -0.46281 1.64964 -0.51142 -0.47521 1.73435 -0.04004 0.03495 -0.04594 -0.00469 0.06923 -0.02821 0.08493 0.10070 -0.04512 -0.00115 0.07072 0.06923 -0.04091 0.00369 -0.1855352 0.4477088 -0.4718481 0.7365411 0.1858069 -0.5148551 -0.3841953 0.7435012
0.47554 -0.42196 1.68151 -0.51826 -0.45929 1.72992 -0.00526 0.04085 0.03187 -0.00684 0.01592 -0.00443 0.10381 0.10524 0.01888 0.00454 0.07869 0.07157 0.00797 0.00234 -0.1575719 0.4211127 -0.5333813 0.7164772 0.210242 -0.5130796 -0.3817365 0.7394761
0.46634 -0.41245 1.67388 -0.52292 -0.44249 1.71847 -0.00920 0.00951 -0.00763 -0.00466 0.01680 -0.01145 0.10110 0.11123 -0.00271 0.00599 0.06928 0.05039 -0.00941 -0.02118 -0.1496142 0.4387392 -0.5252808 0.7135851 0.2901327 -0.603627 -0.3498538 0.6550264
0.45311 -0.41694 1.63109 -0.52209 -0.42679 1.69305 -0.01323 -0.00449 -0.04279 0.00083 0.01570 -0.02542 0.09123 0.11421 -0.00987 0.00298 0.06757 0.07907 -0.00171 0.02868 -0.2270083 0.5458915 -0.3595652 0.7219298 -0.3080132 0.6002295 -0.3300977 0.660218
0.464 -0.40695 1.68505 -0.53454 -0.42675 1.73187 0.01089 0.00999 0.05396 -0.01245 0.00004 0.03882 0.10389 0.11771 0.01266 0.00350 0.06009 0.08212 -0.00748 0.00305 -0.3515914 0.7040017 -0.3536971 0.5056318 -0.3234737 0.6599697 -0.2802309 0.6174749
0.45242 -0.39749 1.6921 -0.52149 -0.39976 1.73698 -0.01158 0.00946 0.00705 0.01305 0.02699 0.00511 0.11180 0.12320 0.00791 0.00549 0.06908 0.07681 0.00899 -0.00531 -0.3688705 0.7589502 -0.3461557 0.4100065 -0.3675396 0.5963814 -0.2700365 0.6605483
0.43823 -0.37774 1.77552 -0.52773 -0.35981 1.81194 -0.01419 0.01975 0.08342 -0.00624 0.03995 0.07496 0.11918 0.12418 0.00738 0.00098 0.09800 0.10966 0.02892 0.03285 0.2784718 -0.238025 -0.3447791 0.8642482 -0.2449729 -0.0251098 -0.4117306 0.8774028
0.41209 -0.32937 1.83449 -0.50694 -0.32491 1.85749 -0.02614 0.04837 0.05897 0.02079 0.03490 0.04555 0.10146 0.10006 -0.01772 -0.02412 0.08114 0.09823 -0.01686 -0.01143 0.5168988 -0.4299133 -0.1532293 0.7242313 -0.513338 0.2255537 -0.245655 0.7907358
0.42135 -0.28296 1.96405 -0.49857 -0.30118 1.96601 0.00926 0.04641 0.12956 0.00837 0.02373 0.10852 0.08733 0.08522 -0.01413 -0.01484 0.07607 0.11378 -0.00507 0.01555 0.3890962 0.1565828 -0.4004818 0.8146781 -0.4189589 0.4292704 -0.2725605 0.7522707
0.35129 -0.24189 1.86417 -0.40515 -0.28666 1.83914 -0.07006 0.04107 -0.09988 0.09342 0.01452 -0.12687 0.07480 0.05751 -0.01253 -0.02771 0.09826 0.05125 0.02219 -0.06253 0.4736607 0.1182991 -0.4053058 0.7729023 -0.4004422 -0.2625056 -0.3825786 0.7901711
0.33274 -0.23869 1.88016 -0.41027 -0.29991 1.851 -0.01855 0.00320 0.01599 -0.00512 -0.01325 0.01186 0.08145 0.06388 0.00665 0.00637 0.10379 0.04147 0.00553 -0.00978 0.5668182 0.1294437 -0.3213016 0.7474802 -0.3655974 -0.1757708 -0.2892919 0.8670371
0.36219 -0.29167 1.84614 -0.4589 -0.37028 1.83845 0.02945 -0.05298 -0.03402 -0.04863 -0.07037 -0.01255 0.10483 0.11375 0.02338 0.04987 0.09777 0.04986 -0.00602 0.00839 0.0069594 0.5056164 -0.3479187 0.7894658 -0.0663008 0.6858886 0.2662211 -0.6740085
0.39096 -0.31694 1.83657 -0.47704 -0.39044 1.8393 0.02877 -0.02527 -0.00957 -0.01814 -0.02016 0.00085 0.10419 0.11708 -0.00064 0.00333 0.11728 0.10012 0.01951 0.05026 -0.0696767 0.4879168 -0.3073457 0.8140153 -0.1949826 0.5874685 -0.1526873 0.7704213
0.38908 -0.32047 1.81158 -0.46455 -0.36935 1.81882 -0.00188 -0.00353 -0.02499 0.01249 0.02109 -0.02048 0.10005 0.10740 -0.00414 -0.00968 0.05250 0.08997 -0.06478 -0.01015 -0.1955574 0.8437514 -0.2739122 0.4181064 -0.2749343 0.5911877 -0.090904 0.752758
0.37312 -0.27914 1.81509 -0.45625 -0.32428 1.82155 -0.01596 0.04133 0.00351 0.00830 0.04507 0.00273 0.08559 0.10065 -0.01446 -0.00675 0.05907 0.09774 0.00657 0.00777 0.0790006 0.6171604 -0.4547075 0.63727 -0.4665687 0.0989929 -0.4825338 0.7346259
0.35155 -0.24535 1.80464 -0.42581 -0.29326 1.80915 -0.02157 0.03379 -0.01045 0.03044 0.03102 -0.01240 0.07023 0.05955 -0.01536 -0.04110 0.08808 0.09946 0.02901 0.00172 0.5268945 0.1505851 -0.3909107 0.7395236 -0.5299498 0.2824897 -0.1577056 0.7838889
0.34045 -0.22459 1.80501 -0.40562 -0.27496 1.80487 -0.01110 0.02076 0.00037 0.02019 0.01830 -0.00428 0.08319 0.06589 0.01296 0.00634 0.08797 0.09594 -0.00011 -0.00352 0.585737 0.0779131 -0.4278686 0.6839373 0.7045325 -0.2399853 0.1361525 -0.6538375
0.33456 -0.24256 1.75046 -0.38833 -0.30583 1.70353 -0.00589 -0.01797 -0.05455 0.01729 -0.03087 -0.10134 0.10170 0.06072 0.01851 -0.00517 0.09484 0.07771 0.00687 -0.01823 0.3915799 0.0209152 -0.4980698 0.7734043 -0.4038737 0.3561267 -0.3011318 0.7870066
0.35049 -0.26702 1.77287 -0.40462 -0.29337 1.71899 0.01593 -0.02446 0.02241 -0.01629 0.01246 0.01546 0.10150 0.09865 -0.00020 0.03793 0.05710 0.09879 -0.03774 0.02108 -0.0254222 0.5336614 -0.5304782 0.6581429 -0.1854071 0.0572599 -0.6116026 0.7669992
0.32107 -0.31921 1.69362 -0.38433 -0.174 1.6055 -0.02942 -0.05219 -0.07925 0.02029 0.11937 -0.11349 0.08513 0.10736 -0.01637 0.00871 0.11630 0.06110 0.05920 -0.03769 0.3199157 -0.0083111 -0.4469604 0.835351 -0.0890139 0.162121 0.7877992 -0.587508
0.30543 -0.31676 1.64432 -0.37124 -0.11479 1.55618 -0.01564 0.00245 -0.04930 0.01309 0.05921 -0.04932 0.08274 0.09440 -0.00239 -0.01296 0.10590 0.05624 -0.01040 -0.00486 0.366923 -0.0680668 -0.4319912 0.8210469 -0.1485824 0.1140443 0.8542971 -0.4848645
0.29949 -0.32803 1.66148 -0.3701 -0.05923 1.57362 -0.00594 -0.01127 0.01716 0.00114 0.05556 0.01744 0.08257 0.10245 -0.00017 0.00805 0.05999 0.05698 -0.04591 0.00074 -0.0155814 -0.444896 0.5715137 -0.6893452 -0.1057899 0.1864862 0.8865248 -0.4100064
0.29073 -0.34316 1.68874 -0.36568 -0.00577 1.61018 -0.00876 -0.01513 0.02726 0.00442 0.05346 0.03656 0.08106 0.09084 -0.00151 -0.01161 0.06773 0.06583 0.00774 0.00885 0.0835868 0.3850868 -0.5687768 0.7219518 -0.0591287 0.1729197 0.9203751 -0.3457054
0.29805 -0.34876 1.71947 -0.35869 0.0329 1.63079 0.00732 -0.00560 0.03073 0.00699 0.03867 0.02061 0.09666 0.10384 0.01560 0.01300 0.07152 0.07202 0.00379 0.00619 0.0943415 0.3518899 -0.5796823 0.7288634 -0.0204534 0.1614385 0.9434864 -0.2887084
0.27988 -0.34973 1.67922 -0.33968 0.06371 1.58767 -0.01817 -0.00097 -0.04025 0.01901 0.03081 -0.04312 0.09506 0.10575 -0.00160 0.00191 0.06777 0.07133 -0.00375 -0.00069 -0.0381596 -0.4190611 0.5901319 -0.6889673 -0.0983396 0.1863459 0.9289183 -0.304492
0.27584 -0.35669 1.6829 -0.33171 0.08525 1.57304 -0.00404 -0.00696 0.00368 0.00797 0.02154 -0.01463 0.09818 0.10636 0.00312 0.00061 0.07324 0.06752 0.00547 -0.00381 -0.0428568 -0.4203977 0.5845545 -0.6926219 -0.3357216 0.2615592 0.871804 -0.2425604
0.27921 -0.36183 1.69947 -0.32673 0.09655 1.55141 0.00337 -0.00514 0.01657 0.00498 0.01130 -0.02163 0.10493 0.10669 0.00675 0.00033 0.07551 0.07235 0.00227 0.00483 0.1260369 0.3057993 -0.5812744 0.7434524 -0.2359929 0.2381319 0.8992361 -0.2810246
0.28001 -0.36891 1.71657 -0.32639 0.09571 1.52767 0.00080 -0.00708 0.01710 0.00034 -0.00084 -0.02374 0.10543 0.10629 0.00050 -0.00040 0.08152 0.08127 0.00601 0.00892 0.1185286 0.3123291 -0.5845782 0.7393712 -0.0500365 0.175571 0.9166855 -0.3554699
0.22062 -0.39563 1.62723 -0.31643 0.09118 1.45069 -0.05939 -0.02672 -0.08934 0.00996 -0.00453 -0.07698 0.07973 0.09807 -0.02570 -0.00822 0.12519 0.07701 0.04367 -0.00426 0.3549167 -0.0368512 -0.4814778 0.8005344 -0.2180505 0.2300323 0.8874425 -0.3346415
0.24225 -0.39411 1.6561 -0.31897 0.08584 1.44133 0.02163 0.00152 0.02887 -0.00254 -0.00534 -0.00936 0.09717 0.10048 0.01744 0.00241 0.07485 0.07578 -0.05034 -0.00123 0.1375826 0.2537409 -0.6026399 0.7439837 -0.1258118 0.1938871 0.8969622 -0.3768792
0.19966 -0.40563 1.60804 -0.30719 0.07924 1.40724 -0.04259 -0.01152 -0.04806 0.01178 -0.00660 -0.03409 0.07291 0.09836 -0.02426 -0.00212 0.11440 0.07895 0.03955 0.00317 0.3440267 0.0244232 -0.507274 0.7897609 -0.0225001 0.1708715 0.9005802 -0.3990637
0.27549 -0.38874 1.72457 -0.3162 0.08058 1.45401 0.07583 0.01689 0.11653 -0.00901 0.00134 0.04677 0.11968 0.10072 0.04677 0.00236 0.10666 0.07947 -0.00774 0.00052 0.4515748 -0.185355 -0.4877819 0.7237351 -0.0395562 0.1802421 0.9057902 -0.3814346
0.24382 -0.36699 1.62379 -0.31545 0.07882 1.45954 -0.03167 0.02175 -0.10078 0.00075 -0.00176 0.00553 0.05878 0.10219 -0.06090 0.00147 0.08788 0.07184 -0.01878 -0.00763 0.3629437 -0.0759336 -0.5608165 0.7402641 -0.2485798 0.2683866 0.8751135 -0.3167856
0.25371 -0.30159 1.50274 -0.29637 0.07403 1.37567 0.00989 0.06540 -0.12105 0.01908 -0.00479 -0.08387 0.05113 0.09661 -0.00765 -0.00558 0.07564 0.07342 -0.01224 0.00158 -0.2693128 0.2001704 0.8998387 -0.2787342 -0.0037602 0.1752141 0.9125079 -0.369615
0.28291 -0.25287 1.50945 -0.30268 0.07607 1.40844 0.02920 0.04872 0.00671 -0.00631 0.00204 0.03277 0.05296 0.09932 0.00183 0.00271 0.07858 0.07062 0.00294 -0.00280 0.5382433 -0.58491 -0.336522 0.5049033 -0.2686905 0.2735124 0.8748432 -0.2960502
0.31495 -0.18996 1.52501 -0.31191 0.07892 1.45189 0.03204 0.06291 0.01556 -0.00923 0.00285 0.04345 0.04670 0.10198 -0.00626 0.00266 0.07247 0.08304 -0.00611 0.01242 -0.6162353 0.6145831 0.3686078 -0.3266035 0.0450775 0.1542286 0.9157166 -0.3682998
0.32006 -0.10748 1.4501 -0.30034 0.07688 1.4063 0.00511 0.08248 -0.07491 0.01157 -0.00204 -0.04559 0.04841 0.09924 0.00171 -0.00274 0.07065 0.08194 -0.00182 -0.00110 0.6450708 -0.5193899 -0.4047276 0.3877028 0.0513794 0.156096 0.9147117 -0.3691839
0.32826 -0.02932 1.44602 -0.30051 0.0804 1.41933 0.00820 0.07816 -0.00408 -0.00017 0.00352 0.01303 0.04718 0.09860 -0.00123 -0.00064 0.06987 0.07637 -0.00078 -0.00557 0.6533139 -0.3928632 -0.4665821 0.448487 0.0268441 0.1693455 0.9184564 -0.3564255
0.33127 0.04908 1.50401 -0.3096 0.08635 1.48308 0.00301 0.07840 0.05799 -0.00909 0.00595 0.06375 0.05401 0.10419 0.00683 0.00559 0.06705 0.06923 -0.00282 -0.00714 0.6850274 -0.2881259 -0.4806267 0.4655309 -0.3356061 0.3005068 0.8562375 -0.2528268
0.3085 0.11731 1.49813 -0.30396 0.08648 1.47463 -0.02277 0.06823 -0.00588 0.00564 0.00013 -0.00845 0.05376 0.10435 -0.00025 0.00016 0.06620 0.07565 -0.00085 0.00642 0.6601284 -0.2410333 -0.5231354 0.482144 -0.0551281 0.213576 0.9159614 -0.3352028
0.28642 0.16971 1.51794 -0.30078 0.09015 1.48077 -0.02208 0.05240 0.01981 0.00318 0.00367 0.00614 0.05843 0.10518 0.00467 0.00083 0.07669 0.07855 0.01049 0.00290 0.6402349 -0.1659199 -0.5690691 0.4886001 0.0064992 0.188306 0.9182411 -0.3483273
0.27413 0.21035 1.57179 -0.30407 0.09501 1.51902 -0.01229 0.04064 0.05385 -0.00329 0.00486 0.03825 0.06525 0.11033 0.00682 0.00515 0.07400 0.07821 -0.00269 -0.00034 0.7257109 -0.1763417 -0.4889233 0.4507785 -0.0083084 0.1893973 0.9219959 -0.3376141
0.26901 0.21947 1.51158 -0.28631 0.09597 1.44254 -0.00512 0.00912 -0.06021 0.01776 0.00096 -0.07648 0.06761 0.10828 0.00236 -0.00205 0.06477 0.08184 -0.00923 0.00363 0.7935805 -0.2439881 -0.3869924 0.4011691 0.0288835 0.1748738 0.9252171 -0.3354969
0.2939 0.20339 1.51631 -0.28946 0.10038 1.4535 0.02489 -0.01608 0.00473 -0.00315 0.00441 0.01096 0.06585 0.10766 -0.00176 -0.00062 0.08491 0.07098 0.02014 -0.01086 0.8119822 -0.3510208 -0.3161752 0.3427863 -0.3012132 0.267936 0.8826957 -0.2415147
0.33411 0.1603 1.50881 -0.29267 0.10408 1.45936 0.04021 -0.04309 -0.00750 -0.00321 0.00370 0.00586 0.06888 0.11032 0.00303 0.00266 0.07338 0.07816 -0.01153 0.00718 0.8340341 -0.3680373 -0.2635365 0.315411 -0.0839135 0.1895813 0.934805 -0.2883697
0.37237 0.09891 1.46581 -0.2934 0.10554 1.44836 0.03826 -0.06139 -0.04300 -0.00073 0.00146 -0.01100 0.05703 0.10723 -0.01185 -0.00309 0.04625 0.07315 -0.02713 -0.00501 0.7724318 -0.6155914 0.1481809 -0.0493844 -0.2573849 0.2228895 0.9084265 -0.2425581
0.41218 0.02254 1.47082 -0.30225 0.11015 1.48313 0.03981 -0.07637 0.00501 -0.00885 0.00461 0.03477 0.04599 0.11062 -0.01104 0.00339 0.06291 0.07986 0.01666 0.00671 0.842573 -0.4992559 -0.1308746 0.1539027 -0.0889354 0.169044 0.9444841 -0.2673285
0.43009 -0.04691 1.45414 -0.30541 0.11059 1.48053 0.01791 -0.06945 -0.01668 -0.00316 0.00044 -0.00260 0.04886 0.10742 0.00287 -0.00320 0.07888 0.08320 0.01597 0.00334 0.7339561 -0.665301 -0.1040902 0.0885909 -0.0828154 0.1577007 0.9469254 -0.26759
0.44145 -0.07219 1.446 -0.30713 0.11176 1.47804 0.01136 -0.02528 -0.00814 -0.00172 0.00117 -0.00249 0.04770 0.10566 -0.00116 -0.00176 0.08132 0.08553 0.00244 0.00233 -0.6457207 0.7063912 0.2331163 -0.1723748 0.0189832 0.1323739 0.9429505 -0.3048953
0.42891 0.00316 1.44785 -0.31074 0.11183 1.48226 -0.01254 0.07535 0.00185 -0.00361 0.00007 0.00422 0.06313 0.10378 0.01543 -0.00188 0.06642 0.07538 -0.01490 -0.01015 0.82682 -0.4967929 -0.2161279 0.1511759 -0.2691867 0.2186972 0.9052908 -0.2452725
0.41027 0.07725 1.45879 -0.31028 0.11093 1.48307 -0.01864 0.07409 0.01094 0.00046 -0.00090 0.00081 0.07012 0.10381 0.00699 0.00003 0.06374 0.07545 -0.00268 0.00007 0.8046752 -0.471431 -0.2681854 0.2415104 -0.2106731 0.2096443 0.9185078 -0.2607862
0.38344 0.14961 1.49229 -0.31251 0.11026 1.49545 -0.02683 0.07236 0.03350 -0.00223 -0.00067 0.01238 0.07891 0.10555 0.00879 0.00174 0.07510 0.08365 0.01136 0.00820 0.8164963 -0.3999815 -0.3052721 0.2831212 -0.0825365 0.1753928 0.9379001 -0.2876952
0.30414 0.24144 1.47231 -0.29959 0.10197 1.43946 -0.07930 0.09183 -0.01998 0.01292 -0.00829 -0.05599 0.08002 0.10211 0.00111 -0.00344 0.07397 0.08392 -0.00113 0.00027 0.8071436 -0.3318037 -0.3402472 0.3502248 -0.0125719 0.1579559 0.938425 -0.3070022
0.28164 0.26509 1.49828 -0.30148 0.09981 1.45342 -0.02250 0.02365 0.02597 -0.00189 -0.00216 0.01396 0.07991 0.10461 -0.00011 0.00250 0.08006 0.08286 0.00609 -0.00106 0.8346249 -0.2314185 -0.3345934 0.3713408 0.0406376 0.1443976 0.9366489 -0.3165228
0.26882 0.27536 1.50559 -0.30215 0.09918 1.45661 -0.01282 0.01027 0.00731 -0.00067 -0.00063 0.00319 0.07599 0.10302 -0.00392 -0.00159 0.07947 0.08454 -0.00059 0.00168 0.8269654 -0.2042597 -0.3524853 0.3875052 0.0936301 0.1211033 0.9329891 -0.3257282
0.27002 0.26769 1.50062 -0.30386 0.09823 1.45806 0.00120 -0.00767 -0.00497 -0.00171 -0.00095 0.00145 0.07383 0.10388 -0.00216 0.00086 0.08077 0.08282 0.00130 -0.00172 0.8208739 -0.2482549 -0.3276217 0.396484 -0.0597735 0.1625447 0.9393077 -0.2961543
0.28665 0.24361 1.48952 -0.30639 0.09781 1.45929 0.01663 -0.02408 -0.01110 -0.00253 -0.00042 0.00123 0.07312 0.10377 -0.00071 -0.00011 0.07824 0.08501 -0.00253 0.00219 0.7412872 -0.2946965 -0.4152195 0.4373098 -0.0278906 0.1428534 0.9435126 -0.2976557
0.34538 0.15092 1.45293 -0.31305 0.09647 1.45943 0.05873 -0.09269 -0.03659 -0.00666 -0.00134 0.00014 0.06492 0.10333 -0.00820 -0.00044 0.08586 0.08500 0.00762 -0.00001 0.7725368 -0.3625223 -0.3691185 0.368125 0.0632492 0.0878326 0.94463 -0.3097726
0.38605 0.09333 1.47398 -0.32761 0.09806 1.50855 0.04067 -0.05759 0.02105 -0.01456 0.00159 0.04912 0.05946 0.10666 -0.00546 0.00333 0.05981 0.07844 -0.02605 -0.00656 0.7379165 -0.3844347 -0.4096548 0.3739949 -0.2314859 0.1737523 0.9156635 -0.2788992
0.39052 0.03097 1.40861 -0.31982 0.09295 1.45274 0.00447 -0.06236 -0.06537 0.00779 -0.00511 -0.05581 0.05754 0.10256 -0.00192 -0.00410 0.06749 0.07436 0.00768 -0.00408 0.7051175 -0.3984351 -0.4377977 0.3903741 -0.2308719 0.1761615 0.9179249 -0.2703316
0.40795 -0.01503 1.44924 -0.33099 0.09404 1.48962 0.01743 -0.04600 0.04063 -0.01117 0.00109 0.03688 0.04900 0.10645 -0.00854 0.00389 0.08201 0.08385 0.01452 0.00949 0.6657837 -0.520955 -0.3626864 0.3921689 -0.1097512 0.1364137 0.9395843 -0.2941554
0.39262 -0.03999 1.41646 -0.32474 0.0916 1.44496 -0.01533 -0.02496 -0.03278 0.00625 -0.00244 -0.04466 0.05130 0.10221 0.00230 -0.00424 0.09128 0.07327 0.00927 -0.01058 0.7233878 -0.5416966 -0.2891867 0.3156673 -0.268805 0.1776637 0.9071592 -0.2706319
0.41156 -0.04913 1.51721 -0.34606 0.09705 1.53603 0.01894 -0.00914 0.10075 -0.02132 0.00545 0.09107 0.06185 0.10973 0.01055 0.00752 0.09341 0.07840 0.00213 0.00513 0.8313085 -0.4523739 -0.1317457 0.294834 -0.2425359 0.1758516 0.9129975 -0.276926
0.41466 -0.04488 1.52953 -0.34664 0.09794 1.53525 0.00310 0.00425 0.01232 -0.00058 0.00089 -0.00078 0.07426 0.10930 0.01241 -0.00043 0.10407 0.08995 0.01066 0.01155 0.8588565 -0.4501272 -0.0492258 0.2394322 0.0135954 0.0971924 0.9444173 -0.3137591
0.3867 -0.02532 1.44758 -0.32669 0.0937 1.44541 -0.02796 0.01956 -0.08195 0.01995 -0.00424 -0.08984 0.08708 0.10365 0.01282 -0.00565 0.10109 0.08755 -0.00298 -0.00240 0.8001992 -0.5863243 -0.0682177 0.106073 0.0363958 0.1079389 0.9397208 -0.3224119
0.38648 -0.0097 1.45422 -0.32486 0.09367 1.43891 -0.00022 0.01562 0.00664 0.00183 -0.00003 -0.00650 0.10352 0.10386 0.01644 0.00021 0.09741 0.07284 -0.00368 -0.01471 0.8560567 -0.4673059 0.142688 0.1686185 -0.2470621 0.2069066 0.907302 -0.270098
0.39366 0.00823 1.4785 -0.32549 0.0966 1.4456 0.00718 0.01793 0.02428 -0.00063 0.00293 0.00669 0.10605 0.10547 0.00253 0.00161 0.09840 0.08601 0.00099 0.01317 0.86026 -0.4483114 0.2191059 0.1047014 0.0255026 0.1225325 0.9439915 -0.3053121
0.39916 0.02768 1.49156 -0.32527 0.09824 1.44848 0.00550 0.01945 0.01306 0.00022 0.00164 0.00288 0.11975 0.10619 0.01370 0.00072 0.09078 0.07311 -0.00762 -0.01290 0.8688403 -0.4013319 0.2815983 0.0689323 -0.2284605 0.2011971 0.917657 -0.2554039
0.40487 0.03971 1.49763 -0.32399 0.09858 1.44616 0.00571 0.01203 0.00607 0.00128 0.00034 -0.00232 0.11975 0.10535 0.00000 -0.00084 0.08558 0.07204 -0.00520 -0.00107 0.8625315 -0.3520758 0.3604129 0.0467397 -0.2580961 0.2112609 0.9092303 -0.2491092
0.40718 0.04449 1.49276 -0.32207 0.09758 1.44437 0.00231 0.00478 -0.00487 0.00192 -0.00100 -0.00179 0.12240 0.10739 0.00265 0.00204 0.08647 0.08595 0.00089 0.01391 0.8443175 -0.3567456 0.3985265 0.032205 0.0030067 0.1396964 0.9445487 -0.2971595
0.40684 0.0389 1.48176 -0.31944 0.09681 1.44277 -0.00034 -0.00559 -0.01100 0.00263 -0.00077 -0.00160 0.12640 0.10210 0.00400 -0.00529 0.09045 0.08466 0.00398 -0.00129 0.825811 -0.3913398 0.4057228 0.016681 -0.065796 0.1700478 0.9407196 -0.286009
0.40574 0.02666 1.46565 -0.31729 0.09571 1.44217 -0.00110 -0.01224 -0.01611 0.00215 -0.00110 -0.00060 0.13843 0.10319 0.01203 0.00109 0.08888 0.07342 -0.00157 -0.01124 0.8205305 -0.4578434 0.3413645 0.0240698 -0.2439435 0.2288795 0.9096582 -0.2462271
0.40272 0.01487 1.44552 -0.31523 0.09353 1.43702 -0.00302 -0.01179 -0.02013 0.00206 -0.00218 -0.00515 0.13757 0.10176 -0.00086 -0.00143 0.05603 0.08320 -0.03285 0.00978 0.5932587 -0.4632562 0.6320024 -0.1844201 -0.0604549 0.1708111 0.936532 -0.3001279
0.38908 0.00254 1.41501 -0.31604 0.09015 1.41878 -0.01364 -0.01233 -0.03051 -0.00081 -0.00338 -0.01824 0.13154 0.09859 -0.00603 -0.00317 0.09764 0.08082 0.04161 -0.00238 0.8257121 -0.4678115 0.3018585 0.0907382 0.000357 0.130932 0.9412968 -0.3111547
0.38485 0.00851 1.41228 -0.31801 0.09177 1.41681 -0.00423 0.00597 -0.00273 -0.00197 0.00162 -0.00197 0.12298 0.10021 -0.00856 0.00162 0.08634 0.06870 -0.01130 -0.01212 0.8155065 -0.4486897 0.3578506 0.0746303 -0.3198752 0.2199371 0.8863509 -0.2523679
0.38262 0.01046 1.41168 -0.31619 0.0929 1.42038 -0.00223 0.00195 -0.00060 0.00182 0.00113 0.00357 0.12162 0.10123 -0.00136 0.00102 0.09051 0.07148 0.00417 0.00278 0.8354925 -0.4412279 0.3099061 0.1059645 -0.2887505 0.2200404 0.8980671 -0.2483562
0.38275 0.01325 1.42593 -0.31509 0.09704 1.43608 0.00013 0.00279 0.01425 0.00110 0.00414 0.01570 0.12342 0.09873 0.00180 -0.00250 0.09186 0.08360 0.00135 0.01212 0.8279948 -0.4370131 0.3332245 0.1113804 -0.0568137 0.162145 0.9435562 -0.2831658
0.37299 0.01676 1.42649 -0.30648 0.09764 1.44178 -0.00976 0.00351 0.00056 0.00861 0.00060 0.00570 0.11770 0.10340 -0.00572 0.00467 0.08959 0.07089 -0.00227 -0.01271 0.8182373 -0.440143 0.3403957 0.1445432 -0.2718141 0.2512707 0.902159 -0.2215609
0.32904 0.02556 1.42565 -0.25603 0.1055 1.45459 -0.04395 0.00880 -0.00084 0.05045 0.00786 0.01281 0.12489 0.10432 0.00719 0.00092 0.09667 0.08378 0.00708 0.01289 0.7828158 -0.4561085 0.3959613 0.1495969 0.2599694 0.0984782 0.9065108 -0.3177361
0.28364 0.02821 1.39838 -0.20108 0.1093 1.4361 -0.04540 0.00265 -0.02727 0.05495 0.00380 -0.01849 0.12213 0.10365 -0.00276 -0.00067 0.04791 0.07456 -0.04876 -0.00922 0.4933628 -0.453535 0.7353863 -0.1005297 -0.236962 0.1564579 0.9419077 -0.1793875
0.23059 0.03757 1.41267 -0.13483 0.12104 1.45303 -0.05305 0.00936 0.01429 0.06625 0.01174 0.01693 0.12563 0.10091 0.00350 -0.00274 0.09018 0.08454 0.04227 0.00998 0.7506729 -0.4330163 0.4580707 0.1978849 0.2976181 0.1402786 0.9049967 -0.2696784
0.03929 0.11678 1.42563 0.02206 0.1028 1.43787 -0.19130 0.07921 0.01296 0.15689 -0.01824 -0.01516 0.09544 0.09034 -0.03019 -0.01057 0.07845 0.07790 -0.01173 -0.00664 0.5827973 -0.4305168 0.635345 0.2670938 0.5894538 0.1136879 0.6276861 -0.4956101
0.05956 0.13663 1.43836 0.05339 0.11466 1.44423 0.02027 0.01985 0.01273 0.03133 0.01186 0.00636 0.12666 0.07457 0.03122 -0.01577 0.07003 0.09143 -0.00842 0.01353 0.4766393 -0.3718707 0.7857527 0.1308432 0.5459604 0.1210381 0.6929241 -0.4551189
0.07723 0.17001 1.43353 0.05738 0.16078 1.4416 0.01767 0.03338 -0.00483 0.00399 0.04612 -0.00263 0.13444 0.07523 0.00778 0.00066 0.06623 0.09582 -0.00380 0.00439 0.5225342 -0.3066555 0.7798702 0.1572348 0.5372579 0.126965 0.7250883 -0.4116805
0.11308 0.20301 1.4259 0.11436 0.21643 1.43037 0.03585 0.03300 -0.00763 0.05698 0.05565 -0.01123 0.12584 0.06341 -0.00860 -0.01182 0.06204 0.07443 -0.00419 -0.02139 0.5562825 -0.3783304 0.7356508 0.0789539 0.484683 0.3117019 0.6570211 -0.486053
0.1778 0.21759 1.39348 -0.02126 0.2665 1.43192 0.06472 0.01458 -0.03242 -0.13562 0.05007 0.00155 0.13217 0.09934 0.00633 0.03593 0.08607 0.09709 0.02403 0.02266 0.8882126 -0.2929417 0.3293913 0.1294794 0.5909792 0.1146654 0.7799954 -0.1708879
0.23286 0.25345 1.44155 -0.07375 0.29805 1.47785 0.05506 0.03586 0.04807 -0.05249 0.03155 0.04593 0.11535 0.09588 -0.01682 -0.00346 0.11497 0.06290 0.02890 -0.03419 0.8873482 -0.2829859 0.294075 0.2145977 0.9485095 -0.0551788 0.2487601 -0.188158
0.29115 0.28245 1.49993 -0.12234 0.34589 1.53425 0.05829 0.02900 0.05838 -0.04859 0.04784 0.05640 0.12326 0.12687 0.00791 0.03099 0.10886 0.06765 -0.00611 0.00475 0.8921287 -0.3201976 0.2692482 0.1705441 0.947992 -0.0423698 0.2525771 -0.1889994
0.33564 0.28825 1.48414 -0.17231 0.33968 1.51022 0.04449 0.00580 -0.01579 -0.04997 -0.00621 -0.02403 0.12129 0.11793 -0.00197 -0.00894 0.10859 0.07530 -0.00027 0.00765 0.8629658 -0.3252732 0.3762293 0.0891012 0.9535929 -0.048914 0.2310433 -0.1867805
0.38266 0.29706 1.50809 -0.22378 0.35323 1.52727 0.04702 0.00881 0.02395 -0.05147 0.01355 0.01705 0.12936 0.12262 0.00807 0.00469 0.11184 0.07536 0.00325 0.00006 0.8746803 -0.3197568 0.3585345 0.0643656 0.9716512 -0.0604073 0.1769374 -0.1446999
0.49623 0.23989 1.53337 -0.36801 0.28985 1.52276 0.11357 -0.05717 0.02528 -0.14423 -0.06338 -0.00451 0.12393 0.10097 -0.00543 -0.02165 0.05986 0.05946 -0.05198 -0.01590 0.8652666 -0.2682794 -0.3211376 0.2760625 0.9289145 -0.1253384 0.2898183 -0.1934255
0.50082 0.20936 1.48795 -0.39366 0.26713 1.47064 0.00459 -0.03053 -0.04542 -0.02565 -0.02272 -0.05212 0.13710 0.10999 0.01317 0.00902 0.09164 0.05280 0.03178 -0.00666 0.8666706 -0.4177679 0.2726584 0.0030628 0.9450624 -0.1967352 0.2344861 -0.1147548
0.53543 0.12612 1.4941 -0.4561 0.20014 1.47372 0.03461 -0.08324 0.00615 -0.06244 -0.06699 0.00308 0.11266 0.10999 -0.02444 0.00000 0.04418 0.05124 -0.04746 -0.00156 0.8758314 -0.4425058 0.1885743 0.0393418 0.9216 -0.2468268 0.265974 -0.1377967
0.53514 0.09249 1.48336 -0.47458 0.16722 1.46633 -0.00029 -0.03363 -0.01074 -0.01848 -0.03292 -0.00739 0.12546 0.10776 0.01280 -0.00223 0.11543 0.06920 0.07125 0.01796 0.8465466 -0.5122957 0.1335519 0.0554598 0.9287747 -0.3263777 0.1652476 -0.0595692
0.53444 0.05109 1.48242 -0.48977 0.1303 1.467 -0.00070 -0.04140 -0.00094 -0.01519 -0.03692 0.00067 0.12772 0.10833 0.00226 0.00057 0.10605 0.08713 -0.00938 0.01793 0.8619637 -0.4686323 0.1866689 0.0505673 0.928802 -0.3673009 0.0471837 -0.0138026
0.51108 0.01103 1.42549 -0.47996 0.09443 1.41246 -0.02336 -0.04006 -0.05693 0.00981 -0.03587 -0.05454 0.12167 0.10477 -0.00605 -0.00356 0.09549 0.07597 -0.01056 -0.01116 0.9416901 -0.1087342 0.2867006 0.1385616 0.916702 -0.3966215 -0.0311313 0.0371449
0.54443 -0.01533 1.53585 -0.52271 0.07366 1.52406 0.03335 -0.02636 0.11036 -0.04275 -0.02077 0.11160 0.12512 0.11094 0.00345 0.00617 0.10953 0.09512 0.01404 0.01915 0.8371529 -0.5084478 0.2013024 -0.0115405 0.9244117 -0.3803889 0.0256033 0.01058
0.49784 -0.06006 1.4631 -0.49735 0.02659 1.45618 -0.04659 -0.04473 -0.07275 0.02536 -0.04707 -0.06788 0.11427 0.10335 -0.01085 -0.00759 0.11236 0.07592 0.00283 -0.01920 0.8216321 -0.5546243 0.1312691 -0.0090028 0.8947201 -0.4394621 0.0792117 -0.0086294
0.49194 -0.07458 1.46889 -0.4948 0.00827 1.46418 -0.00590 -0.01452 0.00579 0.00255 -0.01832 0.00800 0.12837 0.10143 0.01410 -0.00192 0.10359 0.08434 -0.00877 0.00842 0.7981625 -0.5857048 0.1408808 0.0062454 0.9107572 -0.4115351 0.0309243 0.0142781
0.48274 -0.09166 1.4617 -0.48707 -0.00916 1.45953 -0.00920 -0.01708 -0.00719 0.00773 -0.01743 -0.00465 0.12572 0.09957 -0.00265 -0.00186 0.10045 0.08503 -0.00314 0.00069 0.7784375 -0.612855 0.1356564 0.0064149 0.9001271 -0.4350635 0.0192057 0.0110512
0.47903 -0.10844 1.45821 -0.47739 -0.03505 1.45611 -0.00371 -0.01678 -0.00349 0.00968 -0.02589 -0.00342 0.11887 0.10085 -0.00685 0.00128 0.10791 0.07978 0.00746 -0.00525 0.7798467 -0.6206668 0.0739549 0.0338011 0.8704448 -0.4921457 0.0053046 -0.009496
0.48628 -0.13212 1.47144 -0.47332 -0.06511 1.47125 0.00725 -0.02368 0.01323 0.00407 -0.03006 0.01514 0.10172 0.09979 -0.01715 -0.00106 0.10897 0.08571 0.00106 0.00593 0.7682523 -0.6339658 -0.026007 0.0848494 0.8685238 -0.4952636 -0.0191232 0.0038115
0.49445 -0.16383 1.47775 -0.46453 -0.10002 1.46959 0.00817 -0.03171 0.00631 0.00879 -0.03491 -0.00166 0.09022 0.09595 -0.01150 -0.00384 0.10578 0.07972 -0.00319 -0.00599 0.7614039 -0.6349401 -0.0870169 0.0976899 0.8612136 -0.5077008 0.016368 -0.0168262
0.5063 -0.2357 1.46457 -0.44205 -0.18361 1.43739 0.01185 -0.07187 -0.01318 0.02248 -0.08359 -0.03220 0.07319 0.07718 -0.01703 -0.01877 0.07985 0.06546 -0.02593 -0.01426 0.7271596 -0.620555 -0.238402 0.1712159 0.8318026 -0.554426 0.007204 0.0257758
0.54248 -0.29233 1.53829 -0.45713 -0.24006 1.49233 0.03618 -0.05663 0.07372 -0.01508 -0.05645 0.05494 0.07938 0.07674 0.00619 -0.00044 0.05558 0.07584 -0.02427 0.01038 0.6571109 -0.590192 -0.3833671 0.2700159 0.7214252 -0.6302186 0.2263466 -0.1764578
0.55008 -0.34079 1.52648 -0.45146 -0.29446 1.47133 0.00760 -0.04846 -0.01181 0.00567 -0.05440 -0.02100 0.08064 0.07593 0.00126 -0.00081 0.06262 0.08083 0.00704 0.00499 -0.6955654 0.7048682 0.1388481 -0.0084163 -0.682362 0.682875 -0.2582779 -0.0368273
0.57374 -0.387 1.57409 -0.46472 -0.36101 1.51301 0.02366 -0.04621 0.04761 -0.01326 -0.06655 0.04168 0.09459 0.07204 0.01395 -0.00389 0.05758 0.08349 -0.00504 0.00266 0.6189625 -0.5028331 0.3593049 -0.4847106 -0.6896134 0.7176123 0.0506154 -0.0830914
0.59541 -0.53457 1.77731 -0.51008 -0.55745 1.65673 0.02167 -0.14757 0.20322 -0.04536 -0.19644 0.14372 0.14293 0.07862 0.04834 0.00658 0.11451 0.07212 0.05693 -0.01137 -0.4257392 0.3164545 -0.4338163 0.72829 -0.5082577 0.6422436 0.3201264 -0.4761472
0.57482 -0.5327 1.65792 -0.49045 -0.57062 1.60492 -0.02059 0.00187 -0.11939 0.01963 -0.01317 -0.05181 0.14424 0.08642 0.00131 0.00780 0.05420 0.07232 -0.06031 0.00020 -0.461869 0.415384 -0.3561461 0.6980639 -0.428736 0.6590634 0.2699293 -0.5558408
0.57981 -0.57539 1.7931 -0.51862 -0.63874 1.71223 0.00499 -0.04269 0.13518 -0.02817 -0.06812 0.10731 0.14893 0.09725 0.00469 0.01083 0.07917 0.05367 0.02497 -0.01865 -0.3682914 0.3318462 -0.3469405 0.7961607 0.1279466 -0.0819399 -0.4705058 0.8692179
0.5774 -0.59362 1.77169 -0.51168 -0.62756 1.77931 -0.00241 -0.01823 -0.02141 0.00694 0.01118 0.06708 0.14571 0.10819 -0.00322 0.01094 0.07325 0.08368 -0.00592 0.03001 -0.3864903 0.3980346 -0.3084525 0.7726907 0.1715009 -0.1683147 -0.3499371 0.9054289
0.571 -0.59687 1.75973 -0.50898 -0.6421 1.76648 -0.00640 -0.00325 -0.01196 0.00270 -0.01454 -0.01283 0.14890 0.10113 0.00319 -0.00706 0.08598 0.04427 0.01273 -0.03941 -0.3717984 0.2930539 -0.3247013 0.8188128 0.301923 -0.5899809 -0.1926434 0.723639
0.5665 -0.62064 1.73058 -0.51005 -0.65858 1.77441 -0.00450 -0.02377 -0.02915 -0.00107 -0.01648 0.00793 0.11629 0.10266 -0.03261 0.00153 0.11251 0.09135 0.02653 0.04708 -0.1742949 -0.0316009 -0.4415466 0.879579 0.2884749 -0.620146 -0.1488879 0.7141663
0.5721 -0.63429 1.72419 -0.51225 -0.6734 1.79691 0.00560 -0.01365 -0.00639 -0.00220 -0.01482 0.02250 0.11888 0.10102 0.00259 -0.00164 0.11773 0.09807 0.00522 0.00672 -0.2475921 0.1113705 -0.3838585 0.88258 -0.2889991 0.8844272 -0.0150886 -0.3661153
0.57314 -0.64123 1.71201 -0.51393 -0.68393 1.81545 0.00104 -0.00694 -0.01218 -0.00168 -0.01053 0.01854 0.11888 0.10064 0.00000 -0.00038 0.11193 0.08615 -0.00580 -0.01192 -0.2457971 0.0868352 -0.3972577 0.8799032 0.2464361 -0.6044013 -0.1015802 0.7507662
0.58418 -0.6531 1.75256 -0.53234 -0.71438 1.89228 0.01104 -0.01187 0.04055 -0.01841 -0.03045 0.07683 0.10989 0.10535 -0.00899 0.00471 0.08897 0.04566 -0.02296 -0.04049 -0.1845427 -0.041722 -0.2127706 0.9586094 0.2194325 -0.4718325 -0.1241174 0.8448778
0.58011 -0.65463 1.64815 -0.50916 -0.69736 1.82364 -0.00407 -0.00153 -0.10441 0.02318 0.01702 -0.06864 0.13792 0.09316 0.02803 -0.01219 0.11534 0.04968 0.02637 0.00402 -0.3168406 0.2401721 -0.3912757 0.8299595 0.2161258 -0.6246228 -0.0709981 0.7470577
0.60973 -0.65918 1.60459 -0.50984 -0.70374 1.8269 0.02962 -0.00455 -0.04356 -0.00068 -0.00638 0.00326 0.14739 0.09196 0.00947 -0.00120 0.06235 0.08159 -0.05299 0.03191 -0.3511421 0.1840046 -0.425951 0.8132695 -0.085508 0.7867355 -0.2127859 0.5731124
0.58181 -0.65484 1.64513 -0.51131 -0.70719 1.83514 -0.02792 0.00434 0.04054 -0.00147 -0.00345 0.00824 0.13376 0.09183 -0.01363 -0.00013 0.06783 0.07796 0.00548 -0.00363 0.045883 -0.4140066 -0.5129671 0.7505718 -0.0585136 0.7247889 -0.2185696 0.6507569
0.58959 -0.65866 1.63099 -0.51197 -0.70742 1.84011 0.00778 -0.00382 -0.01414 -0.00066 -0.00023 0.00497 0.13759 0.09692 0.00383 0.00509 0.07186 0.08272 0.00403 0.00476 0.0817472 -0.4603659 -0.5253267 0.7109237 -0.0877711 0.8096352 -0.2102426 0.5409113
0.59545 -0.65743 1.6213 -0.50965 -0.70505 1.8354 0.00586 0.00123 -0.00969 0.00232 0.00237 -0.00471 0.15096 0.09649 0.01337 -0.00043 0.06615 0.08383 -0.00571 0.00111 -0.414871 0.8082558 0.3560258 -0.2187471 -0.1047605 0.811078 -0.2145387 0.5339952
0.59746 -0.6596 1.62534 -0.50645 -0.70378 1.83047 0.00201 -0.00217 0.00404 0.00320 0.00127 -0.00493 0.14362 0.09440 -0.00734 -0.00209 0.06780 0.07961 0.00165 -0.00422 -0.4164422 0.8154942 0.3496259 -0.1982591 -0.1296619 0.7887575 -0.2248879 0.5572027
0.58491 -0.65944 1.64925 -0.50566 -0.70216 1.82927 -0.01255 0.00016 0.02391 0.00079 0.00162 -0.00120 0.13029 0.09346 -0.01333 -0.00094 0.06904 0.07473 0.00124 -0.00488 -0.0954621 0.4946536 0.5143139 -0.6940361 -0.1083265 0.6882824 -0.2531857 0.6711406
0.59018 -0.66061 1.63752 -0.50268 -0.69989 1.82438 0.00527 -0.00117 -0.01173 0.00298 0.00227 -0.00489 0.13277 0.09207 0.00248 -0.00139 0.06005 0.07939 -0.00899 0.00466 -0.4160193 0.8159855 0.3409448 -0.2117837 -0.1158141 0.6558049 -0.2659517 0.6969769
0.58005 -0.6477 1.60465 -0.49021 -0.69134 1.78069 -0.01013 0.01291 -0.03287 0.01247 0.00855 -0.04369 0.13401 0.09192 0.00124 -0.00015 0.11959 0.07119 0.05954 -0.00820 -0.4858067 0.8403223 0.2399731 -0.0162299 -0.1416333 0.8015361 -0.2460974 0.5262281
0.59701 -0.66453 1.62864 -0.49428 -0.68031 1.83006 0.01696 -0.01683 0.02399 -0.00407 0.01103 0.04937 0.16135 0.11477 0.02734 0.02285 0.07919 0.06850 -0.04040 -0.00269 -0.4232267 0.8132629 0.3458032 -0.1997569 -0.1115735 0.7466061 -0.2555872 0.6039917
0.56577 -0.64574 1.63366 -0.48297 -0.67369 1.78458 -0.03124 0.01879 0.00502 0.01131 0.00662 -0.04548 0.13142 0.11047 -0.02993 -0.00430 0.07599 0.06719 -0.00320 -0.00131 -0.3986217 0.839012 0.3117623 -0.1999097 -0.1157762 0.771001 -0.258998 0.570152
0.56446 -0.64483 1.63539 -0.48024 -0.67318 1.77957 -0.00131 0.00091 0.00173 0.00273 0.00051 -0.00501 0.12853 0.11215 -0.00289 0.00168 0.07438 0.09904 -0.00161 0.03185 -0.4042028 0.8397754 0.3060738 -0.1942063 -0.0353559 0.4796827 -0.3019249 0.8231013
]
