classifier_Man_bumps_into_house_23410 [ 0.55849 -0.65098 1.73892 -0.46552 -0.72846 1.81443 0.55849 -0.65098 1.73892 -0.46552 -0.72846 1.81443 0.11534 0.10921 0.11534 0.10921 0.08286 0.08291 0.08286 0.08291 -0.4261237 0.528072 -0.1791479 0.7123654 -0.1988247 0.9195098 -0.1917014 0.2796804
0.55815 -0.65074 1.74072 -0.46363 -0.71968 1.81527 -0.00034 0.00024 0.00180 0.00189 0.00878 0.00084 0.11605 0.10463 0.00071 -0.00458 0.08096 0.09335 -0.00190 0.01044 -0.4272888 0.539907 -0.1662346 0.7058971 -0.2012288 0.9098769 -0.1992098 0.3032265
0.5603 -0.65158 1.74113 -0.46441 -0.72299 1.81193 0.00215 -0.00084 0.00041 -0.00078 -0.00331 -0.00334 0.11392 0.10279 -0.00213 -0.00184 0.09059 0.10189 0.00963 0.00854 -0.4114177 0.4652424 -0.2007382 0.7576208 -0.2050745 0.9092847 -0.1959776 0.3045299
0.56121 -0.65187 1.74071 -0.46553 -0.72138 1.81067 0.00091 -0.00029 -0.00042 -0.00112 0.00161 -0.00126 0.11437 0.10207 0.00045 -0.00072 0.09788 0.07949 0.00729 -0.02240 -0.4099885 0.4498352 -0.2079962 0.7656993 -0.2084182 0.9078044 -0.1992664 0.3045419
0.58678 -0.66804 1.79558 -0.48827 -0.73847 1.87365 0.02557 -0.01617 0.05487 -0.02274 -0.01709 0.06298 0.11789 0.11700 0.00352 0.01493 0.07354 0.07381 -0.02434 -0.00568 -0.2371568 0.2209136 -0.054452 0.9444516 -0.2511488 0.8863813 -0.2325449 0.3117298
0.58766 -0.6663 1.79667 -0.48919 -0.73029 1.85444 0.00088 0.00174 0.00109 -0.00092 0.00818 -0.01921 0.11850 0.11662 0.00061 -0.00038 0.05806 0.06879 -0.01548 -0.00502 -0.2462913 0.1550398 -0.0955433 0.9519321 -0.2743008 0.8552821 -0.2514579 0.3605837
0.58621 -0.66627 1.79023 -0.49048 -0.7171 1.83503 -0.00145 0.00003 -0.00644 -0.00129 0.01319 -0.01941 0.11445 0.11634 -0.00405 -0.00028 0.11830 0.07315 0.06024 0.00436 -0.11211 0.9540558 0.2491763 -0.1229636 -0.3117968 0.8564401 -0.2405316 0.3338226
0.60198 -0.67827 1.83645 -0.51251 -0.70433 1.88143 0.01577 -0.01200 0.04622 -0.02203 0.01277 0.04640 0.12032 0.11818 0.00587 0.00184 0.13142 0.08020 0.01312 0.00705 -0.16948 0.9543359 0.2430966 -0.0377313 -0.2482634 0.8247617 -0.2248823 0.455589
0.59312 -0.65445 1.82075 -0.51787 -0.68359 1.85381 -0.00886 0.02382 -0.01570 -0.00536 0.02074 -0.02762 0.12916 0.12154 0.00884 0.00336 0.13338 0.08026 0.00196 0.00006 -0.2206649 0.9315084 0.2700539 -0.1032965 -0.3317509 0.8055496 -0.2695426 0.4103389
0.55462 -0.59107 1.74911 -0.51059 -0.66633 1.73768 -0.03850 0.06338 -0.07164 0.00728 0.01726 -0.11613 0.06203 0.11597 -0.06713 -0.00557 0.11546 0.06304 -0.01792 -0.01722 -0.4539887 0.7350375 0.4340183 -0.2554256 -0.4439343 0.8841047 -0.1178899 0.0859243
0.53153 -0.56738 1.75213 -0.51841 -0.6412 1.69753 -0.02309 0.02369 0.00302 -0.00782 0.02513 -0.04015 0.07955 0.11284 0.01752 -0.00313 0.10273 0.06239 -0.01273 -0.00065 -0.5468696 0.7424261 0.3426532 -0.1797939 -0.4643666 0.8428114 -0.1830107 0.2013446
0.52707 -0.53677 1.74453 -0.5242 -0.61372 1.66611 -0.00446 0.03061 -0.00760 -0.00579 0.02748 -0.03142 0.08110 0.10714 0.00155 -0.00570 0.09421 0.05860 -0.00852 -0.00379 -0.4282883 0.7080911 0.4493064 -0.3366005 -0.5067956 0.8175032 -0.1880368 0.198718
0.51614 -0.48238 1.68726 -0.52085 -0.55651 1.62292 -0.01093 0.05439 -0.05727 0.00335 0.05721 -0.04319 0.07491 0.09700 -0.00619 -0.01014 0.08610 0.05666 -0.00811 -0.00194 -0.5843605 0.6903449 0.3687655 -0.2143795 -0.5709229 0.8019087 -0.1344089 0.1136827
0.48954 -0.39765 1.56568 -0.49199 -0.4839 1.51312 -0.02660 0.08473 -0.12158 0.02886 0.07261 -0.10980 0.11067 0.09264 0.03576 -0.00436 0.06670 0.05981 -0.01940 0.00315 -0.6159059 0.7537315 0.2290554 0.0090681 -0.6184685 0.781849 0.0337371 -0.0712082
0.46071 -0.28423 1.60532 -0.49337 -0.35786 1.52829 -0.02883 0.11342 0.03964 -0.00138 0.12604 0.01517 0.12998 0.08370 0.01931 -0.00894 0.06936 0.06427 0.00266 0.00446 0.7473446 -0.6248105 -0.2220029 0.0424584 0.7259292 -0.6769834 0.0603571 -0.1052486
0.42614 -0.2107 1.60608 -0.47265 -0.27103 1.51583 -0.03457 0.07353 0.00076 0.02072 0.08683 -0.01246 0.14616 0.06301 0.01618 -0.02069 0.06674 0.06579 -0.00262 0.00152 0.8488125 -0.4363734 -0.2600791 0.1464734 0.7702053 -0.5469711 0.218943 -0.2442754
0.38593 -0.12198 1.59524 -0.4394 -0.17966 1.50457 -0.04021 0.08872 -0.01084 0.03325 0.09137 -0.01126 0.13153 0.07276 -0.01463 0.00975 0.07378 0.06206 0.00704 -0.00373 0.7869805 -0.3751107 -0.4078476 0.2713191 0.7580823 -0.4942253 0.2943531 -0.3072603
0.33576 -0.04342 1.56577 -0.40118 -0.09597 1.49388 -0.05017 0.07856 -0.02947 0.03822 0.08369 -0.01069 0.12220 0.09136 -0.00933 0.01860 0.07170 0.06360 -0.00208 0.00154 0.8049092 -0.2936776 -0.4258026 0.2908036 0.7505577 -0.383226 0.3659837 -0.394787
0.27682 0.03166 1.53778 -0.36425 -0.02362 1.50205 -0.05894 0.07508 -0.02799 0.03693 0.07235 0.00817 0.13193 0.13932 0.00973 0.04796 0.08583 0.06226 0.01413 -0.00134 0.8064182 -0.2334935 -0.4221354 0.342012 0.7466705 -0.2912586 0.4093806 -0.4359576
0.16591 0.15478 1.52387 -0.28354 0.10386 1.52118 -0.11091 0.12312 -0.01391 0.08071 0.12748 0.01913 0.13989 0.14838 0.00796 0.00906 0.08456 0.06966 -0.00127 0.00740 0.8415822 -0.1506697 -0.3612621 0.3721934 0.6882396 -0.1224888 0.5171766 -0.4938129
0.10183 0.20256 1.48864 -0.22363 0.16327 1.47539 -0.06408 0.04778 -0.03523 0.05991 0.05941 -0.04579 0.14103 0.15246 0.00114 0.00408 0.07906 0.06286 -0.00550 -0.00680 0.8395433 -0.1148882 -0.3545876 0.3952663 0.7734951 -0.1682363 0.4007838 -0.4612747
0.00946 0.24743 1.45104 -0.18256 0.20138 1.44696 -0.09237 0.04487 -0.03760 0.04107 0.03811 -0.02843 0.16491 0.15790 0.02388 0.00544 0.09552 0.06411 0.01646 0.00125 0.7991631 -0.0103807 -0.3760841 0.4688191 0.7656159 -0.186161 0.3935516 -0.4735963
-0.05982 0.2723 1.42236 -0.08201 0.27955 1.40838 -0.06928 0.02487 -0.02868 0.10055 0.07817 -0.03858 0.13093 0.12165 -0.03398 -0.03625 0.06737 0.06828 -0.02815 0.00417 0.7329658 0.0199205 -0.4839609 0.4776465 0.7270016 -0.0302023 0.4356604 -0.5298645
-0.06588 0.29193 1.42683 -0.07877 0.29211 1.4257 -0.00606 0.01963 0.00447 0.00324 0.01256 0.01732 0.12714 0.11925 -0.00379 -0.00240 0.06468 0.06480 -0.00269 -0.00348 0.7671531 0.0183167 -0.4658059 0.4406419 0.7819856 -0.0078978 0.3668566 -0.5038376
-0.06209 0.3139 1.41731 -0.09348 0.33003 1.38954 0.00379 0.02197 -0.00952 -0.01471 0.03792 -0.03616 0.13823 0.12492 0.01109 0.00567 0.06964 0.07088 0.00496 0.00608 0.7572789 0.0260378 -0.4502947 0.4723192 0.8035403 -0.1417589 0.4047482 -0.412803
-0.05864 0.34101 1.41666 -0.1378 0.34091 1.39978 0.00345 0.02711 -0.00065 -0.04432 0.01088 0.01024 0.12565 0.13457 -0.01258 0.00965 0.07939 0.06114 0.00975 -0.00974 0.7604428 0.0431451 -0.4822923 0.4327348 0.7642891 -0.156318 0.4771512 -0.4046648
0.04441 0.34648 1.45631 -0.21122 0.33163 1.45406 0.10305 0.00547 0.03965 -0.07342 -0.00928 0.05428 0.13205 0.15054 0.00640 0.01597 0.10047 0.07789 0.02108 0.01675 0.8607785 -0.1166791 -0.3032742 0.3917539 0.7343987 -0.1047978 0.5059029 -0.440157
0.10228 0.35602 1.52061 -0.2616 0.3504 1.51339 0.05787 0.00954 0.06430 -0.05038 0.01877 0.05933 0.15121 0.16407 0.01916 0.01353 0.09445 0.08593 -0.00602 0.00804 0.8785917 -0.1402438 -0.2618079 0.3739851 0.7781749 -0.1394845 0.4688539 -0.3939085
0.19492 0.3484 1.49528 -0.34559 0.33555 1.49056 0.09264 -0.00762 -0.02533 -0.08399 -0.01485 -0.02283 0.14631 0.16996 -0.00490 0.00589 0.07202 0.08497 -0.02243 -0.00096 0.9005714 -0.2473233 -0.2057931 0.292321 0.8269837 -0.3008884 0.398036 -0.2590973
0.23463 0.32985 1.47765 -0.37976 0.31439 1.47342 0.03971 -0.01855 -0.01763 -0.03417 -0.02116 -0.01714 0.14418 0.15690 -0.00213 -0.01306 0.06790 0.09028 -0.00412 0.00531 0.9032148 -0.3085411 -0.2142698 0.2075906 0.8562667 -0.317744 0.3392722 -0.2252564
0.30565 0.2277 1.42572 -0.42786 0.22343 1.40126 0.07102 -0.10215 -0.05193 -0.04810 -0.09096 -0.07216 0.12787 0.05525 -0.01631 -0.10165 0.06404 0.05309 -0.00386 -0.03719 0.7420251 -0.5573002 -0.3674974 0.0613269 -0.6387012 0.5768955 -0.4823852 0.1629626
0.35994 0.12574 1.51066 -0.47662 0.10321 1.48618 0.05429 -0.10196 0.08494 -0.04876 -0.12022 0.08492 0.13795 0.15251 0.01008 0.09726 0.09005 0.07840 0.02601 0.02531 0.8216328 -0.4802615 -0.2558703 0.1697019 0.8653888 -0.4584294 0.1760821 -0.0996984
0.38405 0.0542 1.58309 -0.49712 0.03429 1.54632 0.02411 -0.07154 0.07243 -0.02050 -0.06892 0.06014 0.11609 0.15796 -0.02186 0.00545 0.07074 0.08045 -0.01931 0.00205 0.8780887 -0.3513969 -0.2375258 0.2214995 0.8595312 -0.4647845 0.1825612 -0.1088712
0.38573 -0.02158 1.56372 -0.48602 -0.03083 1.51853 0.00168 -0.07578 -0.01937 0.01110 -0.06512 -0.02779 0.12270 0.16580 0.00661 0.00784 0.06398 0.08411 -0.00676 0.00366 0.8532778 -0.4164683 -0.2117518 0.2315868 0.8079541 -0.5596005 0.1507869 -0.1063996
0.38638 -0.07084 1.53408 -0.47627 -0.07717 1.48668 0.00065 -0.04926 -0.02964 0.00975 -0.04634 -0.03185 0.16221 0.16947 0.03951 0.00367 0.10979 0.10083 0.04581 0.01672 0.8380285 -0.4969558 -0.1638665 0.1545672 0.7897337 -0.5852574 0.1620342 -0.0868295
0.40122 -0.11841 1.54789 -0.4716 -0.1276 1.4941 0.01484 -0.04757 0.01381 0.00467 -0.05043 0.00742 0.17309 0.16053 0.01088 -0.00894 0.10943 0.10778 -0.00036 0.00695 0.8013471 -0.5552695 -0.1607839 0.1538408 0.7620909 -0.6227605 0.1484297 -0.0967233
0.40161 -0.11507 1.55498 -0.46764 -0.1207 1.49197 0.00039 0.00334 0.00709 0.00396 0.00690 -0.00213 0.17992 0.15824 0.00683 -0.00229 0.08679 0.09792 -0.02264 -0.00986 0.8142788 -0.529305 -0.1768836 0.1596823 0.7820016 -0.6017447 0.1350425 -0.0902239
0.40152 -0.10816 1.55859 -0.46422 -0.1119 1.49189 -0.00009 0.00691 0.00361 0.00342 0.00880 -0.00008 0.17602 0.16918 -0.00390 0.01094 0.08238 0.09963 -0.00441 0.00171 0.8251328 -0.5004484 -0.2026635 0.1662368 0.7996069 -0.5784602 0.1338537 -0.0899768
0.40305 -0.10509 1.56052 -0.46172 -0.10069 1.49513 0.00153 0.00307 0.00193 0.00250 0.01121 0.00324 0.19063 0.16844 0.01461 -0.00074 0.08038 0.10259 -0.00200 0.00296 0.8272652 -0.4943625 -0.2061006 0.1695891 0.8177864 -0.5483957 0.146282 -0.095337
0.40229 -0.10094 1.55841 -0.45884 -0.09012 1.4931 -0.00076 0.00415 -0.00211 0.00288 0.01057 -0.00203 0.18361 0.16651 -0.00702 -0.00193 0.08273 0.09681 0.00235 -0.00578 0.824069 -0.4887159 -0.2250548 0.1772491 0.8287644 -0.5324073 0.1454215 -0.0924375
0.40319 -0.10131 1.55743 -0.45763 -0.07988 1.49319 0.00090 -0.00037 -0.00098 0.00121 0.01024 0.00009 0.18249 0.16691 -0.00112 0.00040 0.08860 0.09421 0.00587 -0.00260 0.8259962 -0.4979891 -0.2079672 0.162748 0.8419188 -0.5158336 0.1353802 -0.0822237
0.40603 -0.10282 1.5715 -0.46144 -0.07376 1.51634 0.00284 -0.00151 0.01407 -0.00381 0.00612 0.02315 0.18569 0.17489 0.00320 0.00798 0.08381 0.08141 -0.00479 -0.01280 0.8225682 -0.5010142 -0.2072317 0.1715264 0.8596617 -0.4724419 0.168367 -0.0971243
0.40378 -0.10571 1.57487 -0.45975 -0.06556 1.51714 -0.00225 -0.00289 0.00337 0.00169 0.00820 0.00080 0.18572 0.17883 0.00003 0.00394 0.09060 0.08560 0.00679 0.00419 0.8242243 -0.4967611 -0.2052974 0.1781448 0.8628629 -0.4677131 0.1661101 -0.0954953
0.40003 -0.10924 1.56906 -0.45737 -0.05941 1.51622 -0.00375 -0.00353 -0.00581 0.00238 0.00615 -0.00092 0.18369 0.17130 -0.00203 -0.00753 0.09441 0.09388 0.00381 0.00828 0.8246235 -0.5147805 -0.164515 0.1671291 0.8661378 -0.4598571 0.1686158 -0.0995262
0.39673 -0.11667 1.56937 -0.45663 -0.05288 1.52035 -0.00330 -0.00743 0.00031 0.00074 0.00653 0.00413 0.17288 0.18574 -0.01081 0.01444 0.10692 0.07969 0.01251 -0.01419 0.8158041 -0.5209144 -0.1686573 0.1861897 0.8737164 -0.4314013 0.192225 -0.1164558
0.39507 -0.12506 1.57326 -0.45628 -0.04702 1.52502 -0.00166 -0.00839 0.00389 0.00035 0.00586 0.00467 0.18162 0.18851 0.00874 0.00277 0.10293 0.08037 -0.00399 0.00068 0.8105179 -0.5275513 -0.1651404 0.1935948 0.884907 -0.4213888 0.1613495 -0.1154877
0.39071 -0.13085 1.57865 -0.45726 -0.04054 1.52989 -0.00436 -0.00579 0.00539 -0.00098 0.00648 0.00487 0.19458 0.17314 0.01296 -0.01537 0.10646 0.07397 0.00353 -0.00640 0.8389227 -0.4873208 -0.1480553 0.1918509 0.873412 -0.4169457 0.2027076 -0.1490553
0.38842 -0.1412 1.5861 -0.45594 -0.028 1.52463 -0.00229 -0.01035 0.00745 0.00132 0.01254 -0.00526 0.18563 0.16767 -0.00895 -0.00547 0.10579 0.07999 -0.00067 0.00602 0.8351584 -0.4932758 -0.1355424 0.202034 0.8494093 -0.4225944 0.244498 -0.2003457
0.38496 -0.14914 1.60542 -0.45324 -0.01628 1.50703 -0.00346 -0.00794 0.01932 0.00270 0.01172 -0.01760 0.18023 0.14361 -0.00540 -0.02406 0.08935 0.07699 -0.01644 -0.00300 0.8594148 -0.4459174 -0.1506334 0.1996834 0.8496529 -0.452345 0.1838633 -0.199169
0.37389 -0.14819 1.59467 -0.44219 -0.00632 1.46461 -0.01107 0.00095 -0.01075 0.01105 0.00996 -0.04242 0.17761 0.10411 -0.00262 -0.03950 0.06954 0.08338 -0.01981 0.00639 0.8411993 -0.4626083 -0.1527229 0.2346334 0.8116273 -0.5035298 0.1626932 -0.2474869
0.35863 -0.15682 1.54841 -0.43149 -0.00336 1.43318 -0.01526 -0.00863 -0.04626 0.01070 0.00296 -0.03143 0.13160 0.09159 -0.04601 -0.01252 0.14306 0.10785 0.07352 0.02447 0.8122105 -0.5353634 -0.0759307 0.2189398 0.6872019 -0.4123388 0.4069832 -0.4382865
0.35297 -0.17814 1.56262 -0.44637 -0.0012 1.47334 -0.00566 -0.02132 0.01421 -0.01488 0.00216 0.04016 0.11177 0.08266 -0.01983 -0.00893 0.09738 0.10189 -0.04568 -0.00596 -0.6262684 0.698523 0.2111456 -0.2743558 0.7347612 -0.4961848 0.2816175 -0.3669034
0.32235 -0.23126 1.55723 -0.43289 0.00149 1.45617 -0.03062 -0.05312 -0.00539 0.01348 0.00269 -0.01717 0.09501 0.10046 -0.01676 0.01780 0.11082 0.10890 0.01344 0.00701 -0.5610271 0.7117415 0.1454796 -0.3968732 -0.3580982 0.3708282 0.6348502 -0.5755149
0.30982 -0.25716 1.60048 -0.44074 -0.01235 1.46881 -0.01253 -0.02590 0.04325 -0.00785 -0.01384 0.01264 0.09811 0.10383 0.00310 0.00337 0.09821 0.10321 -0.01261 -0.00569 -0.5343342 0.6962503 0.1440999 -0.457119 0.4586909 -0.4140138 -0.4477575 0.6463038
0.27877 -0.29077 1.56027 -0.42708 -0.02946 1.41597 -0.03105 -0.03361 -0.04021 0.01366 -0.01711 -0.05284 0.08348 0.11052 -0.01463 0.00669 0.09829 0.06976 0.00008 -0.03345 0.6497045 -0.6131772 -0.0745569 0.4431016 -0.5845925 0.7114646 0.1445526 -0.36218
0.25533 -0.31691 1.53061 -0.41764 -0.05464 1.36593 -0.02344 -0.02614 -0.02966 0.00944 -0.02518 -0.05004 0.07658 0.11867 -0.00690 0.00815 0.09215 0.05495 -0.00614 -0.01481 0.6169161 -0.6063645 -0.1205523 0.4870357 -0.604528 0.7038444 0.1689336 -0.3325814
0.2242 -0.39535 1.56937 -0.42048 -0.11674 1.33691 -0.03113 -0.07844 0.03876 -0.00284 -0.06210 -0.02902 0.08013 0.11740 0.00355 -0.00127 0.08126 0.12029 -0.01089 0.06534 0.5684355 -0.5127342 -0.2113496 0.6077138 -0.1210616 0.2819261 -0.6220491 0.7203587
0.22309 -0.41281 1.59698 -0.42303 -0.1225 1.35157 -0.00111 -0.01746 0.02761 -0.00255 -0.00576 0.01466 0.08123 0.11994 0.00110 0.00254 0.07644 0.12365 -0.00482 0.00336 -0.6240429 0.7451705 -0.1893929 -0.1393621 -0.1279215 0.2845353 -0.5962566 0.7396985
0.22186 -0.42349 1.60856 -0.42161 -0.12548 1.35195 -0.00123 -0.01068 0.01158 0.00142 -0.00298 0.00038 0.08156 0.12161 0.00033 0.00167 0.07512 0.12079 -0.00132 -0.00286 -0.6086799 0.752291 -0.2054355 -0.1461618 -0.1280556 0.2743243 -0.5858916 0.7517173
0.22383 -0.42704 1.61017 -0.42054 -0.1275 1.35048 0.00197 -0.00355 0.00161 0.00107 -0.00202 -0.00147 0.07971 0.12202 -0.00185 0.00041 0.07435 0.12640 -0.00077 0.00561 -0.5657779 0.7767214 -0.2757327 -0.0238877 -0.1261863 0.2674779 -0.5820298 0.7574787
0.22548 -0.4265 1.6056 -0.42246 -0.12994 1.34876 0.00165 0.00054 -0.00457 -0.00192 -0.00244 -0.00172 0.07648 0.11809 -0.00323 -0.00393 0.06963 0.11731 -0.00472 -0.00909 -0.5963873 0.7586649 -0.2507269 -0.0767195 -0.1142186 0.283252 -0.5951657 0.7433035
0.22608 -0.41468 1.59924 -0.42369 -0.12973 1.3482 0.00060 0.01182 -0.00636 -0.00123 0.00021 -0.00056 0.07784 0.11955 0.00136 0.00146 0.06887 0.11761 -0.00076 0.00030 -0.5766888 0.7384174 -0.3470987 0.041135 -0.1098078 0.2953548 -0.6035283 0.7324352
0.22406 -0.38992 1.58409 -0.42363 -0.1285 1.34472 -0.00202 0.02476 -0.01515 0.00006 0.00123 -0.00348 0.08021 0.11778 0.00237 -0.00177 0.06847 0.12044 -0.00040 0.00283 -0.5796954 0.7509233 -0.3106364 -0.05977 -0.1048347 0.2884907 -0.6164408 0.7251093
0.22466 -0.35557 1.56951 -0.42781 -0.12718 1.35058 0.00060 0.03435 -0.01458 -0.00418 0.00132 0.00586 0.08107 0.11703 0.00086 -0.00075 0.06601 0.12559 -0.00246 0.00515 0.7049685 -0.6268972 0.0712444 0.32395 -0.0901257 0.2915669 -0.6310566 0.7131855
0.22505 -0.31444 1.56161 -0.43057 -0.12662 1.35413 0.00039 0.04113 -0.00790 -0.00276 0.00056 0.00355 0.08631 0.11610 0.00524 -0.00093 0.09607 0.11467 0.03006 -0.01092 0.7519059 -0.4617978 -0.1467233 0.4470487 -0.1035873 0.3050319 -0.6370444 0.7002853
0.22239 -0.26019 1.54082 -0.43082 -0.12376 1.3482 -0.00266 0.05425 -0.02079 -0.00025 0.00286 -0.00593 0.08481 0.11127 -0.00150 -0.00483 0.08261 0.12146 -0.01346 0.00679 0.8659118 -0.3848782 -0.1370598 0.2885828 0.0903677 -0.3001031 0.6505941 -0.6917362
0.21474 -0.19704 1.53383 -0.43323 -0.12073 1.35268 -0.00765 0.06315 -0.00699 -0.00241 0.00303 0.00448 0.09160 0.11234 0.00679 0.00107 0.06205 0.12164 -0.02056 0.00018 0.7858043 -0.5504222 0.0231803 0.2810864 0.0891336 -0.3038513 0.665042 -0.6763496
0.2002 -0.12969 1.53192 -0.43544 -0.11638 1.35292 -0.01454 0.06735 -0.00191 -0.00221 0.00435 0.00024 0.08164 0.11259 -0.00996 0.00025 0.07433 0.12433 0.01228 0.00269 0.8754037 -0.3857181 -0.1825168 0.2271068 0.0751856 -0.300512 0.6836069 -0.6608489
0.19976 -0.06769 1.5965 -0.4542 -0.11738 1.4063 -0.00044 0.06200 0.06458 -0.01876 -0.00100 0.05338 0.09317 0.11210 0.01153 -0.00049 0.08558 0.12388 0.01125 -0.00045 0.8646209 -0.2883642 -0.1911846 0.3643151 0.0989727 -0.3126998 0.6883457 -0.6469956
0.18361 -0.00031 1.54238 -0.43846 -0.1096 1.35493 -0.01615 0.06738 -0.05412 0.01574 0.00778 -0.05137 0.10066 0.10367 0.00749 -0.00843 0.05326 0.12165 -0.03232 -0.00223 0.8496364 -0.2860157 -0.2141909 0.3878598 0.0897634 -0.3023011 0.6888552 -0.6527136
0.1673 0.06394 1.52512 -0.4318 -0.10302 1.33257 -0.01631 0.06425 -0.01726 0.00666 0.00658 -0.02236 0.11600 0.10625 0.01534 0.00258 0.10209 0.11420 0.04883 -0.00745 0.8616978 -0.2396761 -0.2303595 0.3833626 0.097413 -0.3134563 0.6990672 -0.6352644
0.15946 0.12196 1.54142 -0.42973 -0.09986 1.33032 -0.00784 0.05802 0.01630 0.00207 0.00316 -0.00225 0.11596 0.10687 -0.00004 0.00062 0.07592 0.12264 -0.02617 0.00844 0.8710982 -0.1924475 -0.2598628 0.3696257 0.0979767 -0.3039042 0.6992649 -0.6395869
0.1073 0.28739 1.61798 -0.43016 -0.09247 1.33319 -0.05216 0.16543 0.07656 -0.00043 0.00739 0.00287 0.09230 0.10259 -0.02366 -0.00428 0.06714 0.11678 -0.00878 -0.00586 0.9066755 -0.0422713 -0.2233687 0.3553295 0.1293837 -0.3133816 0.7033495 -0.6247811
0.11187 0.31543 1.68495 -0.44064 -0.09191 1.36847 0.00457 0.02804 0.06697 -0.01048 0.00056 0.03528 0.10732 0.10537 0.01502 0.00278 0.07543 0.11822 0.00829 0.00144 0.9341908 0.0041006 -0.1851705 0.3049303 0.1352312 -0.3187885 0.6968639 -0.6280661
0.11645 0.32907 1.73052 -0.44702 -0.09115 1.39052 0.00458 0.01364 0.04557 -0.00638 0.00076 0.02205 0.12755 0.10487 0.02023 -0.00050 0.10956 0.13223 0.03413 0.01401 0.9391097 -0.0171839 -0.160213 0.3034954 0.1104832 -0.3012303 0.6991631 -0.6389246
0.11816 0.33765 1.76542 -0.45252 -0.09121 1.40634 0.00171 0.00858 0.03490 -0.00550 -0.00006 0.01582 0.13667 0.10553 0.00912 0.00066 0.09717 0.12068 -0.01239 -0.01155 0.9425585 0.0299834 -0.1609383 0.2911759 0.1385718 -0.3355694 0.6602899 -0.6574255
0.09864 0.29256 1.77531 -0.45614 -0.0936 1.40863 -0.01952 -0.04509 0.00989 -0.00362 -0.00239 0.00229 0.11322 0.10988 -0.02345 0.00435 0.07781 0.11841 -0.01936 -0.00227 0.9017395 0.0773441 -0.1560457 0.3956431 0.1441687 -0.3673166 0.6508514 -0.6486034
0.09551 0.24313 1.75921 -0.45577 -0.095 1.40135 -0.00313 -0.04943 -0.01610 0.00037 -0.00140 -0.00728 0.10870 0.10765 -0.00452 -0.00223 0.05996 0.12218 -0.01785 0.00377 0.8689103 0.067741 -0.211634 0.442286 0.1411605 -0.3839028 0.641441 -0.6490344
0.07912 0.19318 1.75446 -0.45596 -0.09688 1.39828 -0.01639 -0.04995 -0.00475 -0.00019 -0.00188 -0.00307 0.09229 0.10597 -0.01641 -0.00168 0.07107 0.12482 0.01111 0.00264 0.9512441 -0.0268451 -0.1948641 0.2375752 0.1295697 -0.365428 0.6336925 -0.6694086
0.06766 0.12738 1.76854 -0.4589 -0.09692 1.41023 -0.01146 -0.06580 0.01408 -0.00294 -0.00004 0.01195 0.08719 0.11173 -0.00510 0.00576 0.07630 0.12530 0.00523 0.00048 0.8714877 0.0490299 -0.2029703 0.4437437 0.1262628 -0.3693631 0.6354293 -0.6662268
0.04522 -0.02027 1.73715 -0.44627 -0.09188 1.36191 -0.02244 -0.14765 -0.03139 0.01263 0.00504 -0.04832 0.07565 0.10947 -0.01154 -0.00226 0.09721 0.12264 0.02091 -0.00266 0.8428328 -0.2184661 0.2497971 0.4236825 0.130129 -0.3926357 0.6443579 -0.6432003
0.04466 -0.09962 1.77538 -0.45391 -0.09325 1.37466 -0.00056 -0.07935 0.03823 -0.00764 -0.00137 0.01275 0.08680 0.10979 0.01115 0.00032 0.09086 0.11110 -0.00635 -0.01154 0.8784283 -0.0461701 -0.1554068 0.449534 -0.4253179 0.6631907 -0.5014471 0.3575383
0.04168 -0.15011 1.74634 -0.44478 -0.08784 1.34319 -0.00298 -0.05049 -0.02904 0.00913 0.00541 -0.03147 0.07857 0.11004 -0.00823 0.00025 0.09018 0.09469 -0.00068 -0.01641 0.8249449 0.0287116 -0.2692256 0.4961443 0.5197561 -0.3592524 -0.4283798 0.6459737
0.05975 -0.19642 1.77403 -0.45351 -0.08778 1.35853 0.01807 -0.04631 0.02769 -0.00873 0.00006 0.01534 0.09121 0.10821 0.01264 -0.00183 0.12230 0.09544 0.03212 0.00075 0.8257766 -0.0407068 -0.3079445 0.4707507 0.5165192 -0.347982 -0.4332508 0.6514676
0.09315 -0.18312 1.75652 -0.46051 -0.0822 1.36518 0.03340 0.01330 -0.01751 -0.00700 0.00558 0.00665 0.06330 0.11067 -0.02791 0.00246 0.11137 0.06235 -0.01093 -0.03309 0.8793191 -0.2570934 -0.0696289 0.3947819 0.6844923 -0.6172333 -0.1093975 0.3721901
0.12841 -0.16934 1.72856 -0.45753 -0.07937 1.35134 0.03526 0.01378 -0.02796 0.00298 0.00283 -0.01384 0.06397 0.10923 0.00067 -0.00144 0.10847 0.06314 -0.00290 0.00079 0.9001011 -0.2482 -0.1479118 0.3260933 0.6893777 -0.6238247 -0.0916424 0.3566552
0.17038 -0.14657 1.71766 -0.45767 -0.07692 1.34832 0.04197 0.02277 -0.01090 -0.00014 0.00245 -0.00302 0.06818 0.10809 0.00421 -0.00114 0.10998 0.09840 0.00151 0.03526 0.9155661 -0.2140519 -0.2176351 0.2618311 0.5274118 -0.3414862 -0.4595529 0.6277221
0.21574 -0.12747 1.6547 -0.44414 -0.07317 1.31262 0.04536 0.01910 -0.06296 0.01353 0.00375 -0.03570 0.07556 0.10635 0.00738 -0.00174 0.08762 0.09506 -0.02236 -0.00334 0.9622992 -0.0109876 -0.1566979 0.2220481 0.514777 -0.3448486 -0.4769652 0.6233684
0.25761 -0.09444 1.61674 -0.43729 -0.0709 1.2958 0.04187 0.03303 -0.03796 0.00685 0.00227 -0.01682 0.07594 0.10273 0.00038 -0.00362 0.10472 0.06070 0.01710 -0.03436 0.9263801 -0.064612 -0.2065354 0.3082019 0.6833737 -0.6272397 -0.153256 0.34071
0.30647 -0.07277 1.59785 -0.43891 -0.06909 1.30216 0.04886 0.02167 -0.01889 -0.00162 0.00181 0.00636 0.07513 0.10449 -0.00081 0.00176 0.11862 0.09205 0.01390 0.03135 0.8509374 -0.3099278 -0.3888304 0.1692964 0.509535 -0.3650621 -0.4850169 0.6098052
0.35738 -0.05623 1.60044 -0.44339 -0.06842 1.32458 0.05091 0.01654 0.00259 -0.00448 0.00067 0.02242 0.08160 0.10466 0.00647 0.00017 0.08945 0.09254 -0.02917 0.00049 0.8980121 -0.3494615 -0.186923 0.1910778 0.6346564 -0.5441883 -0.3050866 0.456062
0.40514 -0.04439 1.59118 -0.44466 -0.07044 1.34305 0.04776 0.01184 -0.00926 -0.00127 -0.00202 0.01847 0.08255 0.10765 0.00095 0.00299 0.09358 0.06167 0.00413 -0.03087 0.8981047 -0.3984702 -0.1430536 0.1190175 0.6644827 -0.6545764 -0.169517 0.3182083
0.43588 -0.04168 1.52966 -0.43406 -0.06936 1.32281 0.03074 0.00271 -0.06152 0.01060 0.00108 -0.02024 0.07507 0.10552 -0.00748 -0.00213 0.11614 0.05963 0.02256 -0.00204 0.8973997 -0.4227323 -0.089857 0.0888642 0.6505011 -0.6610015 -0.1916369 0.3212485
0.46753 -0.05427 1.47073 -0.42898 -0.0695 1.30851 0.03165 -0.01259 -0.05893 0.00508 -0.00014 -0.01430 0.07748 0.10478 0.00241 -0.00074 0.10652 0.06172 -0.00962 0.00209 0.851516 -0.5093871 -0.1083015 0.0609588 0.638193 -0.6644679 -0.1920447 0.338099
0.49316 -0.07648 1.40637 -0.42088 -0.0694 1.29026 0.02563 -0.02221 -0.06436 0.00810 0.00010 -0.01825 0.07268 0.10239 -0.00480 -0.00239 0.09097 0.06056 -0.01555 -0.00116 0.8353692 -0.5320784 -0.1197846 0.0685746 0.6318274 -0.6786699 -0.1778238 0.3295149
0.51358 -0.10028 1.372 -0.4174 -0.07043 1.28739 0.02042 -0.02380 -0.03437 0.00348 -0.00103 -0.00287 0.07019 0.10124 -0.00249 -0.00115 0.09394 0.06098 0.00297 0.00042 0.7915377 -0.598658 -0.1121959 0.0498866 -0.6247776 0.6927518 0.1742265 -0.3152667
0.53931 -0.13198 1.39557 -0.43008 -0.07106 1.33431 0.02573 -0.03170 0.02357 -0.01268 -0.00063 0.04692 0.07330 0.10241 0.00311 0.00117 0.08949 0.06484 -0.00445 0.00386 0.8465937 -0.5152381 -0.0939735 0.094751 0.6252096 -0.6764081 -0.200914 0.3334945
0.50748 -0.12791 1.33245 -0.40928 -0.06648 1.27636 -0.03183 0.00407 -0.06312 0.02080 0.00458 -0.05795 0.07010 0.09930 -0.00320 -0.00311 0.10167 0.06012 0.01218 -0.00472 0.7855115 -0.6108993 -0.0732115 0.066437 0.6312134 -0.6776816 -0.1951463 0.3228546
0.49857 -0.12997 1.33229 -0.40981 -0.06518 1.27756 -0.00891 -0.00206 -0.00016 -0.00053 0.00130 0.00120 0.06812 0.09606 -0.00198 -0.00324 0.10406 0.11465 0.00239 0.05453 0.7843571 -0.613118 -0.0392086 0.0856326 0.189788 -0.3313264 0.6392334 -0.6675209
0.48723 -0.13463 1.32405 -0.40831 -0.06392 1.27 -0.01134 -0.00466 -0.00824 0.00150 0.00126 -0.00756 0.06941 0.09696 0.00129 0.00090 0.08748 0.11645 -0.01658 0.00180 0.9123954 -0.3790926 -0.1448654 -0.0532674 0.1775351 -0.3397113 0.6434755 -0.6625834
0.50577 -0.1466 1.3938 -0.43002 -0.06673 1.33383 0.01854 -0.01197 0.06975 -0.02171 -0.00281 0.06383 0.07468 0.10272 0.00527 0.00576 0.09130 0.12079 0.00382 0.00434 0.876378 -0.4701085 -0.0788988 0.0688084 0.1608171 -0.3384117 0.6505038 -0.6606513
0.49905 -0.14953 1.39409 -0.43037 -0.06627 1.33309 -0.00672 -0.00293 0.00029 -0.00035 0.00046 -0.00074 0.07261 0.10537 -0.00207 0.00265 0.09634 0.09598 0.00504 -0.02481 0.8700987 -0.4866815 -0.0586475 0.0512823 -0.434774 0.5982716 -0.5137402 0.4348719
0.4954 -0.15303 1.39729 -0.43083 -0.06607 1.33307 -0.00365 -0.00350 0.00320 -0.00046 0.00020 -0.00002 0.07201 0.09991 -0.00060 -0.00546 0.10210 0.12147 0.00576 0.02549 0.866487 -0.4927899 -0.05407 0.0586063 0.1506526 -0.3257293 0.6593181 -0.6606843
0.49387 -0.15691 1.40217 -0.43203 -0.06598 1.33456 -0.00153 -0.00388 0.00488 -0.00120 0.00009 0.00149 0.07317 0.10368 0.00116 0.00377 0.09651 0.12114 -0.00559 -0.00033 0.8627546 -0.4977488 -0.0617095 0.0639739 0.1481942 -0.329733 0.6611722 -0.6573933
0.49104 -0.15879 1.40336 -0.42953 -0.06495 1.3315 -0.00283 -0.00188 0.00119 0.00250 0.00103 -0.00306 0.07286 0.09933 -0.00031 -0.00435 0.10447 0.12176 0.00796 0.00062 0.8586831 -0.5084555 -0.0427565 0.0480432 0.1552287 -0.3116378 0.6643935 -0.6613374
0.46917 -0.15225 1.35244 -0.41158 -0.06145 1.27963 -0.02187 0.00654 -0.05092 0.01795 0.00350 -0.05187 0.06973 0.09827 -0.00313 -0.00106 0.10369 0.11491 -0.00078 -0.00685 0.8298885 -0.5549806 -0.0324138 0.0472337 0.1776968 -0.3305096 0.6625372 -0.6482529
0.4666 -0.15205 1.35287 -0.41091 -0.0615 1.27694 -0.00257 0.00020 0.00043 0.00067 -0.00005 -0.00269 0.07012 0.09576 0.00039 -0.00251 0.10037 0.11384 -0.00332 -0.00107 0.829769 -0.5551752 -0.0239962 0.0518477 0.1698693 -0.3224789 0.662827 -0.6540736
0.46399 -0.15264 1.35384 -0.40858 -0.06019 1.27737 -0.00261 -0.00059 0.00097 0.00233 0.00131 0.00043 0.06888 0.09594 -0.00124 0.00018 0.10039 0.11530 0.00002 0.00146 0.8292978 -0.5553226 -0.0209691 0.058671 0.1680047 -0.3056622 0.6684477 -0.6569039
0.45809 -0.1511 1.35606 -0.40643 -0.06289 1.27452 -0.00590 0.00154 0.00222 0.00215 -0.00270 -0.00285 0.06940 0.09601 0.00052 0.00007 0.09943 0.10966 -0.00096 -0.00564 0.8329825 -0.5487151 -0.0091145 0.0704895 0.1890938 -0.3274831 0.6446726 -0.6643761
0.43003 -0.14449 1.35476 -0.40078 -0.061 1.27507 -0.02806 0.00661 -0.00130 0.00565 0.00189 0.00055 0.06958 0.09507 0.00018 -0.00094 0.09214 0.11228 -0.00729 0.00262 0.8436549 -0.5250357 0.0123599 0.1114948 0.1972175 -0.2914693 0.6513703 -0.672211
0.41883 -0.14265 1.35434 -0.40025 -0.06026 1.2761 -0.01120 0.00184 -0.00042 0.00053 0.00074 0.00103 0.06997 0.09401 0.00039 -0.00106 0.09190 0.11132 -0.00024 -0.00096 0.8612494 -0.5021197 -0.0068512 0.0779633 0.186509 -0.2881387 0.6576426 -0.6705943
0.35788 -0.12244 1.33694 -0.39658 -0.05772 1.27622 -0.06095 0.02021 -0.01740 0.00367 0.00254 0.00012 0.06885 0.09455 -0.00112 0.00054 0.08082 0.11075 -0.01108 -0.00057 0.8737326 -0.475633 -0.0645135 0.0787575 0.2052267 -0.2788176 0.6613784 -0.6653731
0.33057 -0.11702 1.33659 -0.39642 -0.05782 1.28506 -0.02731 0.00542 -0.00035 0.00016 -0.00010 0.00884 0.07121 0.09209 0.00236 -0.00246 0.08699 0.11439 0.00617 0.00364 0.8953189 -0.4276749 -0.0046511 0.1244052 0.1921135 -0.2713432 0.6617526 -0.6719738
0.30746 -0.10956 1.39377 -0.41442 -0.05721 1.34879 -0.02311 0.00746 0.05718 -0.01800 0.00061 0.06373 0.06963 0.10139 -0.00158 0.00930 0.09394 0.11670 0.00695 0.00231 0.8183294 -0.5537012 -0.0175795 0.1531107 0.208083 -0.28488 0.6704075 -0.6527624
0.25001 -0.08952 1.3186 -0.39201 -0.05174 1.28666 -0.05745 0.02004 -0.07517 0.02241 0.00547 -0.06213 0.06731 0.09392 -0.00232 -0.00747 0.08946 0.10900 -0.00448 -0.00770 0.8827638 -0.4454837 0.0547543 0.1388317 0.2210527 -0.2842997 0.674908 -0.6440564
0.19849 -0.07358 1.30557 -0.38469 -0.04838 1.27893 -0.05152 0.01594 -0.01303 0.00732 0.00336 -0.00773 0.06669 0.09837 -0.00062 0.00445 0.09173 0.10968 0.00227 0.00068 0.9440775 -0.3272463 0.0360375 0.0181333 0.2197583 -0.273818 0.6785431 -0.6452203
0.1417 -0.05637 1.31282 -0.37925 -0.04422 1.28778 -0.05679 0.01721 0.00725 0.00544 0.00416 0.00885 0.06760 0.09507 0.00091 -0.00330 0.09288 0.07920 0.00115 -0.03048 0.917234 -0.3355567 0.1374291 0.1649142 0.4521368 -0.4609849 0.5616294 -0.517337
0.08107 -0.04589 1.39982 -0.39406 -0.04085 1.37436 -0.06063 0.01048 0.08700 -0.01481 0.00337 0.08658 0.06443 0.10584 -0.00317 0.01077 0.09325 0.11524 0.00037 0.03604 0.8747606 -0.4354081 0.1650505 0.1340596 0.264842 -0.2541608 0.6741616 -0.6409113
0.00377 -0.03171 1.36694 -0.37166 -0.03415 1.33712 -0.07730 0.01418 -0.03288 0.02240 0.00670 -0.03724 0.06317 0.10664 -0.00126 0.00080 0.09274 0.12247 -0.00051 0.00723 0.8747862 -0.4137998 0.1612462 0.1936972 0.159751 -0.3206677 0.6710512 -0.6491087
-0.07835 -0.03369 1.35464 -0.3542 -0.02384 1.31955 -0.08212 -0.00198 -0.01230 0.01746 0.01031 -0.01757 0.07837 0.10017 0.01520 -0.00647 0.08902 0.11384 -0.00372 -0.00863 0.8284463 -0.4589063 0.238468 0.2149762 -0.2763254 0.3064651 -0.6260975 0.6616082
-0.27468 -0.01688 1.27911 -0.28529 -0.00207 1.27726 -0.19633 0.01681 -0.07553 0.06891 0.02177 -0.04229 0.09919 0.08904 0.02082 -0.01113 0.05055 0.08136 -0.03847 -0.03248 0.8492929 -0.3193921 -0.010797 0.4202065 -0.5855929 0.167085 -0.2941628 0.7366354
-0.28863 -0.01167 1.30643 -0.29259 0.00024 1.30913 -0.01395 0.00521 0.02732 -0.00730 0.00231 0.03187 0.11055 0.08879 0.01136 -0.00025 0.06975 0.07086 0.01920 -0.01050 0.7523873 -0.4752452 -0.0131262 0.455942 -0.5309204 -0.0288417 -0.3498532 0.771294
-0.29844 -0.00482 1.30165 -0.21634 -0.02334 1.3484 -0.00981 0.00685 -0.00478 0.07625 -0.02358 0.03927 0.10862 0.05519 -0.00193 -0.03360 0.06938 0.05916 -0.00037 -0.01170 0.7575927 -0.4875678 0.0381188 0.4322937 0.2356027 0.3922871 0.6210424 -0.6363243
-0.14583 -0.04247 1.45118 -0.38818 0.01596 1.37088 0.15261 -0.03765 0.14953 -0.17184 0.03930 0.02248 0.10142 0.07365 -0.00720 0.01846 0.06810 0.07999 -0.00128 0.02083 0.6440619 -0.5084959 0.564502 0.0891834 0.4569561 -0.2554131 -0.4841119 0.7011355
-0.05075 0.02006 1.41256 -0.39697 0.02565 1.36678 0.09508 0.06253 -0.03862 -0.00879 0.00969 -0.00410 0.06859 0.08126 -0.03283 0.00761 0.08551 0.07207 0.01741 -0.00792 0.8907753 -0.3421384 0.2426986 0.1748082 0.5914491 -0.5127891 -0.358299 0.5087799
0.01245 0.02949 1.41796 -0.40364 0.02735 1.37477 0.06320 0.00943 0.00540 -0.00667 0.00170 0.00799 0.06673 0.08153 -0.00186 0.00027 0.09738 0.07080 0.01187 -0.00127 0.8964508 -0.3681205 0.1691732 0.1795655 0.660444 -0.4772408 -0.2934128 0.4999638
0.06936 0.03465 1.38937 -0.40157 0.02825 1.34918 0.05691 0.00516 -0.02859 0.00207 0.00090 -0.02559 0.06513 0.08168 -0.00160 0.00015 0.09443 0.07467 -0.00295 0.00387 0.8885478 -0.3935997 0.1986284 0.1269209 0.5517426 -0.3206096 -0.4549 0.6211727
0.12008 0.02454 1.36457 -0.3967 0.02547 1.32345 0.05072 -0.01011 -0.02480 0.00487 -0.00278 -0.02573 0.06918 0.08026 0.00405 -0.00142 0.08898 0.07410 -0.00545 -0.00057 0.8979819 -0.3950102 0.1308991 0.1430411 -0.5560966 0.5407552 0.4745108 -0.4161489
0.16256 0.01373 1.3464 -0.39387 0.02452 1.30584 0.04248 -0.01081 -0.01817 0.00283 -0.00095 -0.01761 0.06598 0.08068 -0.00320 0.00042 0.09120 0.07032 0.00222 -0.00378 0.9157686 -0.3830251 0.0892734 0.0817919 0.6243085 -0.5103639 -0.2953957 0.5123562
0.20075 -2E-05 1.35569 -0.39875 0.0202 1.31385 0.03819 -0.01375 0.00929 -0.00488 -0.00432 0.00801 0.06796 0.08509 0.00198 0.00441 0.09381 0.07253 0.00261 0.00221 0.8895288 -0.4322133 0.1083021 0.1009991 0.5540597 -0.4030805 -0.3947853 0.6121179
0.22996 -0.01955 1.35914 -0.40086 0.01602 1.31482 0.02921 -0.01953 0.00345 -0.00211 -0.00418 0.00097 0.06782 0.08488 -0.00014 -0.00021 0.09889 0.07372 0.00508 0.00119 0.8854316 -0.4537825 0.0662267 0.0755404 0.6111218 -0.5213491 -0.274782 0.5284131
0.27063 -0.08145 1.37873 -0.40354 0.00175 1.32817 0.04067 -0.06190 0.01959 -0.00268 -0.01427 0.01335 0.06634 0.09020 -0.00148 0.00532 0.11576 0.07737 0.01687 0.00365 0.8391446 -0.5145814 0.1250585 0.1241075 0.5489224 -0.4795302 -0.3290251 0.6003979
0.27549 -0.1158 1.3928 -0.40463 -0.00698 1.33176 0.00486 -0.03435 0.01407 -0.00109 -0.00873 0.00359 0.06641 0.08871 0.00007 -0.00149 0.09444 0.07778 -0.02132 0.00041 0.8617103 -0.4959854 0.0578544 0.0900378 0.5649484 -0.4961584 -0.3573829 0.5540195
0.27083 -0.12459 1.36409 -0.39553 -0.00908 1.30153 -0.00466 -0.00879 -0.02871 0.00910 -0.00210 -0.03023 0.06444 0.08802 -0.00197 -0.00069 0.10064 0.07526 0.00620 -0.00252 0.8801264 -0.4697727 0.0243255 0.0640272 0.5735958 -0.5236706 -0.3370076 0.5321494
0.27791 -0.1409 1.39328 -0.40561 -0.01184 1.32662 0.00708 -0.01631 0.02919 -0.01008 -0.00276 0.02509 0.06343 0.09115 -0.00101 0.00313 0.10032 0.07752 -0.00032 0.00226 0.8411459 -0.5276586 0.0788027 0.0885441 0.6061804 -0.5579987 -0.3019445 0.4795959
0.28187 -0.15635 1.39873 -0.4063 -0.01462 1.3224 0.00396 -0.01545 0.00545 -0.00069 -0.00278 -0.00422 0.06507 0.09057 0.00164 -0.00058 0.10097 0.05354 0.00065 -0.02398 0.8850301 -0.4616669 0.0356318 0.0481241 0.6421647 -0.6526821 -0.1598409 0.3688923
0.28861 -0.17436 1.40806 -0.4091 -0.01994 1.32639 0.00674 -0.01801 0.00933 -0.00280 -0.00532 0.00399 0.06274 0.09184 -0.00233 0.00127 0.09601 0.08020 -0.00496 0.02666 0.9083962 -0.4178995 0.0102155 0.0084845 0.4822853 -0.3950265 -0.4324923 0.6513872
0.29709 -0.1948 1.42114 -0.41395 -0.02476 1.32792 0.00848 -0.02044 0.01308 -0.00485 -0.00482 0.00153 0.06245 0.09162 -0.00029 -0.00022 0.08429 0.07571 -0.01172 -0.00449 0.9248577 -0.3801373 0.0049524 -0.0104575 0.5841206 -0.5658204 -0.2606739 0.5202879
0.31074 -0.22378 1.44753 -0.42216 -0.0321 1.34506 0.01365 -0.02898 0.02639 -0.00821 -0.00734 0.01714 0.06260 0.09533 0.00015 0.00371 0.09083 0.08122 0.00654 0.00551 0.9102999 -0.4103602 0.0377829 0.0391285 0.5717798 -0.5227804 -0.3148542 0.5483022
0.32273 -0.25697 1.47811 -0.43396 -0.04413 1.35994 0.01199 -0.03319 0.03058 -0.01180 -0.01203 0.01488 0.06440 0.09720 0.00180 0.00187 0.09645 0.06010 0.00562 -0.02112 0.7606825 -0.6487015 -0.0193187 0.0132438 0.6217774 -0.6676644 -0.1347548 0.3865985
0.33253 -0.29894 1.49224 -0.43917 -0.05634 1.36272 0.00980 -0.04197 0.01413 -0.00521 -0.01221 0.00278 0.05800 0.10103 -0.00640 0.00383 0.08820 0.08319 -0.00825 0.02309 0.7630655 -0.6409634 -0.0828211 -0.0061378 0.4876451 -0.4605536 -0.3605832 0.6481299
0.34243 -0.33954 1.48851 -0.43963 -0.07145 1.3457 0.00990 -0.04060 -0.00373 -0.00046 -0.01511 -0.01702 0.05691 0.10010 -0.00109 -0.00093 0.08516 0.05536 -0.00304 -0.02783 -0.6274688 0.7365499 0.1924874 -0.1634802 0.5676367 -0.6906091 -0.1313812 0.4284701
0.36807 -0.38882 1.52087 -0.4507 -0.09059 1.363 0.02564 -0.04928 0.03236 -0.01107 -0.01914 0.01730 0.04994 0.10137 -0.00697 0.00127 0.08681 0.05925 0.00165 0.00389 -0.5829582 0.6928503 0.2348116 -0.3535274 0.5428358 -0.687094 -0.1430089 0.4612804
0.44002 -0.46772 1.59267 -0.47179 -0.13562 1.38882 0.07195 -0.07890 0.07180 -0.02109 -0.04503 0.02582 0.05684 0.10105 0.00690 -0.00032 0.06326 0.06049 -0.02355 0.00124 0.4465952 -0.4256737 -0.5394437 0.5730229 -0.5613496 0.7138274 0.1472411 -0.3919914
0.47871 -0.4948 1.61882 -0.47959 -0.15376 1.39458 0.03869 -0.02708 0.02615 -0.00780 -0.01814 0.00576 0.06167 0.10930 0.00483 0.00825 0.06934 0.07724 0.00608 0.01675 -0.4615755 0.5375717 0.4879324 -0.5097908 0.491746 -0.6560824 -0.1793832 0.5436575
0.56934 -0.6186 1.70861 -0.48476 -0.25166 1.35082 0.09063 -0.12380 0.08979 -0.00517 -0.09790 -0.04376 0.12465 0.10216 0.06298 -0.00714 0.12327 0.05794 0.05393 -0.01930 -0.4425488 0.876003 0.1881057 -0.0372254 -0.4989354 0.7333707 0.2709483 -0.3739223
0.56874 -0.62257 1.67481 -0.48257 -0.31537 1.33463 -0.00060 -0.00397 -0.03380 0.00219 -0.06371 -0.01619 0.11712 0.09395 -0.00753 -0.00821 0.12109 0.07797 -0.00218 0.02003 -0.3827371 0.9013662 0.1981955 0.0420678 -0.4010788 0.6974642 0.320302 -0.5000859
0.57307 -0.63112 1.68679 -0.49015 -0.35369 1.36223 0.00433 -0.00855 0.01198 -0.00758 -0.03832 0.02760 0.11811 0.09554 0.00099 0.00159 0.10937 0.07613 -0.01172 -0.00184 -0.4226543 0.8871754 0.1495332 0.1091917 -0.3457747 0.723444 0.2751206 -0.53045
0.57427 -0.63815 1.68828 -0.49635 -0.39626 1.38853 0.00120 -0.00703 0.00149 -0.00620 -0.04257 0.02630 0.12895 0.09339 0.01084 -0.00215 0.08752 0.05555 -0.02185 -0.02058 -0.3680572 0.8672113 0.2740102 -0.1933824 -0.3819871 0.7629862 0.2391709 -0.4633953
0.57795 -0.64447 1.69043 -0.49871 -0.4439 1.41708 0.00368 -0.00632 0.00215 -0.00236 -0.04764 0.02855 0.12459 0.09174 -0.00436 -0.00165 0.08319 0.07441 -0.00433 0.01886 -0.3624856 0.868205 0.2783939 -0.1931872 -0.3322912 0.7106652 0.2517368 -0.5667151
0.5875 -0.65074 1.66359 -0.49926 -0.48265 1.45105 0.00955 -0.00627 -0.02684 -0.00055 -0.03875 0.03397 0.11789 0.09205 -0.00670 0.00031 0.07812 0.06118 -0.00507 -0.01323 0.0952283 -0.4719546 -0.5017922 0.7186063 -0.3394654 0.7485847 0.2085164 -0.5300047
0.58852 -0.65571 1.6643 -0.4998 -0.51965 1.49437 0.00102 -0.00497 0.00071 -0.00054 -0.03700 0.04332 0.11270 0.09079 -0.00519 -0.00126 0.07559 0.06448 -0.00253 0.00330 0.1042643 -0.4721876 -0.5059268 0.7142869 -0.3194929 0.7718348 0.1996613 -0.5121822
0.58792 -0.65721 1.66885 -0.49815 -0.56548 1.52891 -0.00060 -0.00150 0.00455 0.00165 -0.04583 0.03454 0.11899 0.09069 0.00629 -0.00010 0.07530 0.05823 -0.00029 -0.00625 0.1195657 -0.4854415 -0.508703 0.7009079 -0.257243 0.7875716 0.1730921 -0.5325376
0.58093 -0.6491 1.64961 -0.48958 -0.58534 1.54878 -0.00699 0.00811 -0.01924 0.00857 -0.01986 0.01987 0.11518 0.08929 -0.00381 -0.00140 0.07532 0.05591 0.00002 -0.00232 0.1079692 -0.4760482 -0.5142781 0.7051517 -0.2426695 0.7647263 0.1771789 -0.5700114
0.58239 -0.65077 1.65382 -0.48782 -0.61196 1.59061 0.00146 -0.00167 0.00421 0.00176 -0.02662 0.04183 0.11674 0.08929 0.00156 0.00000 0.07363 0.04793 -0.00169 -0.00798 0.0554667 -0.4056648 -0.5246195 0.7464141 -0.219675 0.8056285 0.1333579 -0.5337802
0.5921 -0.6619 1.68074 -0.48371 -0.65785 1.7313 0.00971 -0.01113 0.02692 0.00411 -0.04589 0.14069 0.11558 0.09264 -0.00116 0.00335 0.07446 0.04083 0.00083 -0.00710 0.0683425 -0.4306958 -0.5246941 0.7311131 -0.2260834 0.7504031 0.1256648 -0.6082678
0.59236 -0.66209 1.68451 -0.47946 -0.66998 1.76259 0.00026 -0.00019 0.00377 0.00425 -0.01213 0.03129 0.12018 0.09344 0.00460 0.00080 0.07527 0.05355 0.00081 0.01272 0.0717344 -0.430271 -0.5300201 0.7271863 0.1304982 -0.5800286 -0.1227475 0.7946509
0.59403 -0.66491 1.69014 -0.47747 -0.68414 1.79502 0.00167 -0.00282 0.00563 0.00199 -0.01416 0.03243 0.11996 0.09372 -0.00022 0.00028 0.07562 0.03450 0.00035 -0.01905 0.0802658 -0.4389738 -0.5302562 0.7208937 -0.1617693 0.8406152 0.0485967 -0.5146214
0.58332 -0.65255 1.66045 -0.45983 -0.68212 1.8231 -0.01071 0.01236 -0.02969 0.01764 0.00202 0.02808 0.11993 0.10106 -0.00003 0.00734 0.07532 0.05801 -0.00030 0.02351 -0.1120562 0.4864154 0.5244946 -0.6897455 0.1707081 -0.360378 -0.0980043 0.9118013
0.596 -0.66838 1.70033 -0.46584 -0.68965 1.88396 0.01268 -0.01583 0.03988 -0.00601 -0.00753 0.06086 0.12223 0.10136 0.00230 0.00030 0.07479 0.05610 -0.00053 -0.00191 -0.1116484 0.4744685 0.5277122 -0.6956539 0.1554181 -0.3596839 -0.1353569 0.9100282
0.59569 -0.66817 1.70041 -0.46289 -0.69024 1.89524 -0.00031 0.00021 0.00008 0.00295 -0.00059 0.01128 0.12284 0.10818 0.00061 0.00682 0.07461 0.05295 -0.00018 -0.00315 -0.1299875 0.4967774 0.5250061 -0.6787371 0.1302311 -0.349702 -0.1035014 0.9219739
0.60002 -0.67194 1.71057 -0.46262 -0.69345 1.91392 0.00433 -0.00377 0.01016 0.00027 -0.00321 0.01868 0.12323 0.11290 0.00039 0.00472 0.07609 0.04775 0.00148 -0.00520 -0.1270225 0.5074725 0.5273319 -0.6695208 0.115845 -0.3427081 -0.0821504 0.9286455
0.58687 -0.66843 1.75281 -0.46147 -0.69061 1.92971 -0.01315 0.00351 0.04224 0.00115 0.00284 0.01579 0.12237 0.11419 -0.00086 0.00129 0.09346 0.04956 0.01737 0.00181 -0.2535208 0.6882912 0.4448346 -0.5139112 0.1167713 -0.327624 -0.0803594 0.9341142
0.58669 -0.67008 1.76199 -0.45969 -0.68829 1.94064 -0.00018 -0.00165 0.00918 0.00178 0.00232 0.01093 0.12390 0.11571 0.00153 0.00152 0.09473 0.05115 0.00127 0.00159 -0.2643616 0.6961086 0.440442 -0.5015543 0.1151522 -0.3128702 -0.0841174 0.9390295
]
