classifier_Monkey_bumps_into_man_26500 [ 0.54926 -0.61403 1.64041 -0.40801 -0.64623 1.87447 0.54926 -0.61403 1.64041 -0.40801 -0.64623 1.87447 0.12870 0.04624 0.12870 0.04624 0.12846 0.03670 0.12846 0.03670 -0.3374722 0.6476988 0.5749247 -0.3688636 0.2469254 -0.0494232 0.752871 0.6080875
0.54885 -0.61468 1.64272 -0.41083 -0.65133 1.87918 -0.00041 -0.00065 0.00231 -0.00282 -0.00510 0.00471 0.12328 0.10129 -0.00542 0.05505 0.12997 0.08360 0.00151 0.04690 -0.3397259 0.6535366 0.5703982 -0.3634862 0.2311116 -0.0636698 0.685901 0.687076
0.54826 -0.61383 1.64139 -0.40794 -0.64748 1.87101 -0.00059 0.00085 -0.00133 0.00289 0.00385 -0.00817 0.13053 0.09333 0.00725 -0.00796 0.12925 0.07992 -0.00072 -0.00368 -0.3447599 0.6528739 0.5709211 -0.3590898 0.241023 -0.0682767 0.7510703 0.6108515
0.54763 -0.61428 1.6426 -0.40782 -0.64655 1.86727 -0.00063 -0.00045 0.00121 0.00012 0.00093 -0.00374 0.12916 0.08283 -0.00137 -0.01050 0.12982 0.09598 0.00057 0.01606 -0.328419 0.6417841 0.5800421 -0.3792165 0.2764203 -0.0872435 0.7717772 0.5659862
0.54758 -0.61398 1.64303 -0.40869 -0.64819 1.86518 -0.00005 0.00030 0.00043 -0.00087 -0.00164 -0.00209 0.12936 0.07547 0.00020 -0.00736 0.12982 0.10019 0.00000 0.00421 -0.3587766 0.6597329 0.5631747 -0.3447696 0.3001669 -0.1156622 0.7437226 0.5860024
0.54662 -0.61337 1.64111 -0.40775 -0.64742 1.86762 -0.00096 0.00061 -0.00192 0.00094 0.00077 0.00244 0.13123 0.06321 0.00187 -0.01226 0.12874 0.04940 -0.00108 -0.05079 -0.3402399 0.6427358 0.5766017 -0.3723679 0.2672595 -0.053312 0.7592995 0.5909268
0.5464 -0.61321 1.64067 -0.41022 -0.6502 1.86466 -0.00022 0.00016 -0.00044 -0.00247 -0.00278 -0.00296 0.13064 0.08942 -0.00059 0.02621 0.12827 0.07483 -0.00047 0.02543 -0.3613885 0.6569512 0.5633988 -0.3469802 0.3059005 -0.0875589 0.690415 0.6496811
0.54664 -0.61294 1.63947 -0.40501 -0.64336 1.85222 0.00024 0.00027 -0.00120 0.00521 0.00684 -0.01244 0.12792 0.05160 -0.00272 -0.03782 0.13195 0.03862 0.00368 -0.03621 -0.3721308 0.662227 0.5580283 -0.3340337 0.2368077 -0.1556398 0.875074 0.3923568
0.5449 -0.61219 1.63859 -0.40823 -0.64665 1.85149 -0.00174 0.00075 -0.00088 -0.00322 -0.00329 -0.00073 0.12880 0.04467 0.00088 -0.00693 0.13362 0.03870 0.00167 0.00008 -0.3839459 0.6624434 0.5524855 -0.3294147 0.3166332 -0.2226367 0.753729 0.5311016
0.54434 -0.61097 1.63817 -0.40968 -0.6497 1.85346 -0.00056 0.00122 -0.00042 -0.00145 -0.00305 0.00197 0.13115 0.10350 0.00235 0.05883 0.13434 0.10164 0.00072 0.06294 -0.398773 0.6665409 0.5454459 -0.3149478 0.3329164 -0.0988242 0.6340542 0.6909238
0.54271 -0.61014 1.63648 -0.40604 -0.64183 1.83734 -0.00163 0.00083 -0.00169 0.00364 0.00787 -0.01612 0.13030 0.07847 -0.00085 -0.02503 0.12704 0.10268 -0.00730 0.00104 -0.4020006 0.6650456 0.5435688 -0.3172422 0.2342372 -0.3357912 0.856846 0.3133562
0.5406 -0.60905 1.63586 -0.41148 -0.65195 1.84748 -0.00211 0.00109 -0.00062 -0.00544 -0.01012 0.01014 0.10531 0.11760 -0.02499 0.03913 0.12933 0.02359 0.00229 -0.07909 -0.3894905 0.6498048 0.5547969 -0.3438768 0.342289 -0.1708074 0.5127 0.7686363
0.53933 -0.60657 1.63424 -0.41339 -0.65926 1.83799 -0.00127 0.00248 -0.00162 -0.00191 -0.00731 -0.00949 0.09665 0.15242 -0.00866 0.03482 0.12430 0.05338 -0.00503 0.02979 -0.3922029 0.6598021 0.5468811 -0.3343038 0.2387389 -0.1675306 0.2713618 0.917224
0.53775 -0.60409 1.63222 -0.42347 -0.68511 1.81597 -0.00158 0.00248 -0.00202 -0.01008 -0.02585 -0.02202 0.09846 0.08433 0.00181 -0.06809 0.13993 0.04810 0.01563 -0.00528 -0.3949482 0.6687635 0.5389969 -0.3259659 0.2146391 -0.0966738 -0.0264876 0.9715362
0.52081 -0.59471 1.63467 -0.427 -0.69957 1.74483 -0.01694 0.00938 0.00245 -0.00353 -0.01446 -0.07114 0.09683 0.06929 -0.00163 -0.01504 0.13541 0.03081 -0.00452 -0.01729 -0.3210803 0.6775564 0.5710362 -0.3342792 0.1942971 -0.1315071 -0.271778 0.9333226
0.50931 -0.58845 1.63579 -0.41737 -0.66762 1.69431 -0.01150 0.00626 0.00112 0.00963 0.03195 -0.05052 0.10044 0.08485 0.00361 0.01556 0.12170 0.05052 -0.01371 0.01971 -0.45216 0.7815502 0.4092203 -0.1314135 0.1912328 -0.2199772 -0.2961286 0.9095867
0.50674 -0.58887 1.63423 -0.41393 -0.6379 1.67021 -0.00257 -0.00042 -0.00156 0.00344 0.02972 -0.02410 0.10480 0.09402 0.00436 0.00917 0.12613 0.05187 0.00443 0.00135 -0.4512398 0.7882855 0.3922026 -0.1454844 0.3730602 -0.4909586 -0.3699486 0.6949272
0.50146 -0.58437 1.61356 -0.41025 -0.59884 1.60386 -0.00528 0.00450 -0.02067 0.00368 0.03906 -0.06635 0.10590 0.08504 0.00110 -0.00898 0.13155 0.04993 0.00542 -0.00194 -0.4451322 0.7822012 0.4140346 -0.1363603 0.1166926 -0.0149559 -0.4607766 0.8796841
0.48791 -0.59294 1.63044 -0.41584 -0.54815 1.57158 -0.01355 -0.00857 0.01688 -0.00559 0.05069 -0.03228 0.11977 0.08237 0.01387 -0.00267 0.13109 0.04241 -0.00046 -0.00752 -0.4192827 0.8245983 0.3435974 -0.1618038 0.3903843 -0.4629457 -0.4054106 0.68478
0.47116 -0.59662 1.63507 -0.40634 -0.4875 1.52944 -0.01675 -0.00368 0.00463 0.00950 0.06065 -0.04214 0.10345 0.06793 -0.01632 -0.01444 0.13392 0.02779 0.00283 -0.01462 -0.421604 0.8407956 0.303008 -0.1532937 0.17761 -0.1106734 -0.6436604 0.7361436
0.46416 -0.60227 1.65693 -0.38519 -0.41075 1.50399 -0.00700 -0.00565 0.02186 0.02115 0.07675 -0.02545 0.10115 0.06289 -0.00230 -0.00504 0.13621 0.12877 0.00229 0.10098 -0.4467837 0.8442346 0.2535104 -0.1529204 0.2416301 -0.1945723 0.683842 -0.6603913
0.42551 -0.58767 1.60401 -0.33945 -0.28836 1.41854 -0.03865 0.01460 -0.05292 0.04574 0.12239 -0.08545 0.10255 0.08391 0.00140 0.02102 0.10831 0.06192 -0.02790 -0.06685 -0.3631859 0.7738949 0.3881583 -0.3442611 0.3047172 -0.1172413 -0.6115329 0.7207144
0.41851 -0.58597 1.60198 -0.3039 -0.18129 1.42121 -0.00700 0.00170 -0.00203 0.03555 0.10707 0.00267 0.10558 0.08754 0.00303 0.00363 0.10890 0.05750 0.00059 -0.00442 -0.3710798 0.785387 0.3533176 -0.3473237 -0.2474266 0.1546642 0.8286139 -0.4777635
0.40583 -0.57888 1.58361 -0.27516 -0.07697 1.47252 -0.01268 0.00709 -0.01837 0.02874 0.10432 0.05131 0.12263 0.08298 0.01705 -0.00456 0.09037 0.06840 -0.01853 0.01090 0.2961884 -0.4054868 -0.5621012 0.6571873 -0.2087341 0.2603519 0.8644637 -0.3759646
0.40819 -0.5878 1.60814 -0.24403 0.02056 1.52051 0.00236 -0.00892 0.02453 0.03113 0.09753 0.04799 0.12550 0.08515 0.00287 0.00217 0.08742 0.07782 -0.00295 0.00942 -0.146586 0.1203572 -0.6199761 0.7613517 -0.279833 0.2091697 0.8616582 -0.3680851
0.39777 -0.58737 1.59637 -0.21413 0.10464 1.53943 -0.01042 0.00043 -0.01177 0.02990 0.08408 0.01892 0.11281 0.11225 -0.01269 0.02710 0.08931 0.08848 0.00189 0.01066 -0.5239905 0.6212541 -0.3523994 0.4639956 -0.245784 0.2694045 0.9221593 -0.1289723
0.4006 -0.59562 1.61825 -0.17295 0.24076 1.60521 0.00283 -0.00825 0.02188 0.04118 0.13612 0.06578 0.12156 0.09970 0.00875 -0.01255 0.11307 0.08095 0.02376 -0.00753 -0.1845619 0.1974677 -0.605047 0.7489069 -0.2520276 0.3163015 0.9092309 -0.0986637
0.40722 -0.60655 1.63413 -0.16284 0.31067 1.64599 0.00662 -0.01093 0.01588 0.01011 0.06991 0.04078 0.11806 0.10154 -0.00350 0.00184 0.12045 0.08179 0.00738 0.00084 -0.1758004 0.1714626 -0.5986987 0.7624005 -0.2383232 0.1269561 0.9587742 0.0885221
0.37853 -0.6117 1.68927 -0.1605 0.32225 1.63021 -0.02869 -0.00515 0.05514 0.00234 0.01158 -0.01578 0.12658 0.10176 0.00852 0.00022 0.07119 0.10062 -0.04926 0.01883 -0.0225508 0.1552947 -0.5251821 0.8363963 0.9498831 0.030995 0.2741015 -0.1470706
0.3848 -0.6197 1.7118 -0.15951 0.33176 1.65163 0.00627 -0.00800 0.02253 0.00099 0.00951 0.02142 0.12833 0.10574 0.00175 0.00398 0.08581 0.11031 0.01462 0.00969 -0.0758794 0.2305104 -0.5075837 0.8267201 0.965071 0.1027961 0.2254845 -0.0850159
0.41336 -0.61342 1.6451 -0.15524 0.32145 1.64673 0.02856 0.00628 -0.06670 0.00427 -0.01031 -0.00490 0.10342 0.10769 -0.02491 0.00195 0.13243 0.10383 0.04662 -0.00648 -0.3237461 0.3554423 -0.4977489 0.7218694 0.9289989 0.1020761 0.265776 -0.2364413
0.41547 -0.61918 1.65302 -0.1471 0.30319 1.66313 0.00211 -0.00576 0.00792 0.00814 -0.01826 0.01640 0.12162 0.09993 0.01820 -0.00776 0.09245 0.10569 -0.03998 0.00186 -0.4749992 0.5851237 -0.3568707 0.5519505 0.8859136 0.1726433 0.2260129 -0.3664281
0.41998 -0.62187 1.65566 -0.11536 0.22423 1.68048 0.00451 -0.00269 0.00264 0.03174 -0.07896 0.01735 0.11948 0.07578 -0.00214 -0.02415 0.11988 0.10617 0.02743 0.00048 -0.4275064 0.4966236 -0.4201605 0.6277487 0.9147701 0.1412543 0.1478932 -0.3483826
0.43093 -0.62445 1.68473 -0.09015 0.18992 1.71917 0.01095 -0.00258 0.02907 0.02521 -0.03431 0.03869 0.09721 0.12279 -0.02227 0.04701 0.05024 0.04638 -0.06964 -0.05979 -0.0753262 -0.0278969 -0.6079183 0.7899261 0.8779666 0.1565431 -0.1779735 -0.415926
0.41871 -0.6054 1.6325 -0.05573 0.04904 1.67069 -0.01222 0.01905 -0.05223 0.03442 -0.14088 -0.04848 0.10106 0.12557 0.00385 0.00278 0.06370 0.09828 0.01346 0.05190 0.2284676 -0.4059068 -0.568816 0.6778574 0.7546213 0.4446536 -0.0687876 -0.4775961
0.40454 -0.62589 1.74646 -0.07521 -0.05117 1.7208 -0.01417 -0.02049 0.11396 -0.01948 -0.10021 0.05011 0.11646 0.07187 0.01540 -0.05370 0.09688 0.08816 0.03318 -0.01012 0.2943594 -0.4299003 -0.4455968 0.7279984 0.8991213 0.190567 0.0772965 -0.3863811
0.40436 -0.62288 1.7373 -0.07816 -0.09811 1.69847 -0.00018 0.00301 -0.00916 -0.00295 -0.04694 -0.02233 0.11675 0.06945 0.00029 -0.00242 0.09732 0.09937 0.00044 0.01121 0.2748086 -0.4053597 -0.456933 0.742547 0.7656229 0.1868889 0.0718186 -0.6113397
0.39789 -0.61067 1.70335 -0.08478 -0.12021 1.64548 -0.00647 0.01221 -0.03395 -0.00662 -0.02210 -0.05299 0.12122 0.06098 0.00447 -0.00847 0.09616 0.10694 -0.00116 0.00757 0.2854819 -0.3971362 -0.465352 0.7377197 0.8413321 -0.1035722 0.1863191 -0.4967075
0.3967 -0.60816 1.69858 -0.09622 -0.14016 1.62985 -0.00119 0.00251 -0.00477 -0.01144 -0.01995 -0.01563 0.12134 0.05951 0.00012 -0.00147 0.09229 0.11012 -0.00387 0.00318 0.2774726 -0.3878062 -0.4662786 0.7451172 0.8330417 -0.1267107 0.2305697 -0.4866453
0.40822 -0.62441 1.74322 -0.11441 -0.14087 1.66757 0.01152 -0.01625 0.04464 -0.01819 -0.00071 0.03772 0.12635 0.06248 0.00501 0.00297 0.09651 0.09158 0.00422 -0.01854 0.2789866 -0.3886493 -0.4718363 0.7406002 0.8232046 -0.1466443 0.2798635 -0.4717055
0.39551 -0.60373 1.68757 -0.12969 -0.12272 1.61276 -0.01271 0.02068 -0.05565 -0.01528 0.01815 -0.05481 0.12325 0.06678 -0.00310 0.00430 0.09200 0.10401 -0.00451 0.01243 0.258356 -0.3666332 -0.4783323 0.7550037 0.9123569 -0.1381745 0.2945563 -0.248494
0.41839 -0.60007 1.64952 -0.15351 -0.10088 1.60846 0.02288 0.00366 -0.03805 -0.02382 0.02184 -0.00430 0.11502 0.06903 -0.00823 0.00225 0.09975 0.09022 0.00775 -0.01379 -0.472387 0.6958295 0.3759378 -0.3890278 0.9458878 -0.0999213 0.2787814 -0.1326385
0.43803 -0.59783 1.60848 -0.17655 -0.06801 1.59643 0.01964 0.00224 -0.04104 -0.02304 0.03287 -0.01203 0.08517 0.06750 -0.02985 -0.00153 0.09330 0.07443 -0.00645 -0.01579 -0.4695456 0.6847186 0.4234871 -0.3624168 0.9587489 -0.1712655 -0.0184607 -0.2261143
0.41474 -0.60021 1.64667 -0.19618 -0.04021 1.59201 -0.02329 -0.00238 0.03819 -0.01963 0.02780 -0.00442 0.11892 0.06793 0.03375 0.00043 0.10202 0.05436 0.00872 -0.02007 -0.4672828 0.6862736 0.373549 -0.4136867 0.9465477 -0.0780834 0.2911816 -0.1147329
0.4394 -0.59932 1.61064 -0.21605 -0.0094 1.5837 0.02466 0.00089 -0.03603 -0.01987 0.03081 -0.00831 0.08821 0.06735 -0.03071 -0.00058 0.09567 0.08015 -0.00635 0.02579 -0.471229 0.6899636 0.4190702 -0.3553499 0.9401003 -0.2730886 -0.0541873 -0.1967176
0.4002 -0.61574 1.71491 -0.23866 0.01578 1.61155 -0.03920 -0.01642 0.10427 -0.02261 0.02518 0.02785 0.13164 0.06696 0.04343 -0.00039 0.08667 0.09642 -0.00900 0.01627 0.2435251 -0.2952009 -0.4980304 0.7781502 0.9723849 -0.2290738 -0.0217796 0.0389681
0.39424 -0.60943 1.6964 -0.25144 0.0326 1.58091 -0.00596 0.00631 -0.01851 -0.01278 0.01682 -0.03064 0.13143 0.06779 -0.00021 0.00083 0.08329 0.07055 -0.00338 -0.02587 0.2402938 -0.2710239 -0.5038277 0.7841955 0.9660218 -0.2213236 -0.0532674 -0.122394
0.39261 -0.60755 1.69064 -0.26601 0.04162 1.55944 -0.00163 0.00188 -0.00576 -0.01457 0.00902 -0.02147 0.13058 0.06822 -0.00085 0.00043 0.09200 0.07500 0.00871 0.00445 0.3659858 -0.4625948 -0.4253556 0.6863913 0.9170038 -0.2809054 0.2650727 -0.0996627
0.38827 -0.60544 1.68574 -0.27858 0.04619 1.533 -0.00434 0.00211 -0.00490 -0.01257 0.00457 -0.02644 0.12969 0.06819 -0.00089 -0.00003 0.07632 0.08194 -0.01568 0.00694 0.2315252 -0.2267131 -0.5198788 0.7903943 0.932906 -0.3575069 0.0251118 -0.0352789
0.38391 -0.60257 1.67455 -0.29009 0.0412 1.49678 -0.00436 0.00287 -0.01119 -0.01151 -0.00499 -0.03622 0.12312 0.06621 -0.00657 -0.00198 0.07691 0.06317 0.00059 -0.01877 0.2477603 -0.2456196 -0.5135143 0.7839572 0.8911068 -0.3983718 0.1838061 -0.1159482
0.38042 -0.60162 1.67153 -0.30317 0.02865 1.46988 -0.00349 0.00095 -0.00302 -0.01308 -0.01255 -0.02690 0.12246 0.09115 -0.00066 0.02494 0.08278 0.04445 0.00587 -0.01872 0.3185234 -0.3483133 -0.466807 0.7478716 0.8650932 -0.4224581 0.221815 -0.1547287
0.37415 -0.59638 1.65874 -0.31066 0.01218 1.43643 -0.00627 0.00524 -0.01279 -0.00749 -0.01647 -0.03345 0.12036 0.10281 -0.00210 0.01166 0.08025 0.04905 -0.00253 0.00460 0.3263518 -0.35048 -0.46177 0.7466103 0.8658795 -0.474829 0.1457889 -0.0594617
0.37262 -0.59507 1.65514 -0.31484 -0.00136 1.42192 -0.00153 0.00131 -0.00360 -0.00418 -0.01354 -0.01451 0.12047 0.10074 0.00011 -0.00207 0.07546 0.08209 -0.00479 0.03304 0.3216356 -0.3384023 -0.4701329 0.7490057 0.8470664 -0.5274811 0.0603818 0.0244177
0.37331 -0.59368 1.64784 -0.30791 -0.02572 1.41874 0.00069 0.00139 -0.00730 0.00693 -0.02436 -0.00318 0.12346 0.11691 0.00299 0.01617 0.04998 0.04374 -0.02548 -0.03835 0.1352369 -0.0811863 -0.5476028 0.8217365 0.8098565 -0.5501544 0.0546139 -0.1961623
0.37395 -0.59366 1.64419 -0.30525 -0.02644 1.4222 0.00064 0.00002 -0.00365 0.00266 -0.00072 0.00346 0.12504 0.08384 0.00158 -0.03307 0.10804 0.09770 0.05806 0.05396 -0.5565042 0.8071281 0.0607497 -0.1875011 0.8929744 -0.3951048 -0.012797 -0.2152327
0.37761 -0.59934 1.65352 -0.30365 -0.02828 1.42275 0.00366 -0.00568 0.00933 0.00160 -0.00184 0.00055 0.11097 0.06096 -0.01407 -0.02288 0.08673 0.09999 -0.02131 0.00229 -0.4621804 0.8381044 0.1173384 -0.2649567 0.8969796 -0.3692309 -0.0673034 -0.2335945
0.37714 -0.60111 1.65406 -0.30371 -0.02711 1.42416 -0.00047 -0.00177 0.00054 -0.00006 0.00117 0.00141 0.11350 0.06098 0.00253 0.00002 0.08758 0.09848 0.00085 -0.00151 -0.4442129 0.8519922 0.10721 -0.2555193 0.9325583 -0.2756173 -0.0625633 -0.2246242
0.3729 -0.52474 1.73445 -0.30502 -0.02654 1.42643 -0.00424 0.07637 0.08039 -0.00131 0.00057 0.00227 0.11430 0.06266 0.00080 0.00168 0.13556 0.09840 0.04798 -0.00008 0.9433827 0.2064221 -0.2048682 0.1595245 0.9611884 -0.1956386 -0.0472256 -0.188712
0.35285 -0.54915 1.44088 -0.29113 -0.01765 1.35486 -0.02005 -0.02441 -0.29357 0.01389 0.00889 -0.07157 0.12402 0.05609 0.00972 -0.00657 0.09312 0.09329 -0.04244 -0.00511 -0.2978055 0.929298 0.0327611 -0.2159715 0.9933909 -0.0589156 -0.0373448 -0.0911534
0.35328 -0.54141 1.42741 -0.29301 -0.01588 1.35664 0.00043 0.00774 -0.01347 -0.00188 0.00177 0.00178 0.11544 0.05622 -0.00858 0.00013 0.10438 0.09843 0.01126 0.00514 -0.3097978 0.9450601 -0.0807039 0.0661341 0.9963973 -0.0554979 -0.0224612 -0.0600661
0.36007 -0.5202 1.40548 -0.29415 -0.01453 1.36157 0.00679 0.02121 -0.02193 -0.00114 0.00135 0.00493 0.10054 0.05963 -0.01490 0.00341 0.09930 0.08653 -0.00508 -0.01190 -0.4036152 0.9112902 0.0278756 -0.0766023 0.9976951 -0.0201916 -0.036227 -0.0537058
0.38366 -0.47657 1.51378 -0.31251 -0.01335 1.44561 0.02359 0.04363 0.10830 -0.01836 0.00118 0.08404 0.07462 0.06345 -0.02592 0.00382 0.06715 0.09503 -0.03215 0.00850 -0.6497424 0.6959204 0.1829945 -0.2450358 0.9977155 -0.0275388 -0.0343004 -0.0512721
0.36001 -0.43925 1.43802 -0.29951 -0.01138 1.38587 -0.02365 0.03732 -0.07576 0.01300 0.00197 -0.05974 0.06482 0.06116 -0.00980 -0.00229 0.05739 0.09257 -0.00976 -0.00246 -0.5013064 0.7656904 0.2374957 -0.3255857 0.9977472 0.0056224 -0.0487415 -0.0457504
0.37039 -0.43831 1.52351 -0.3161 -0.00991 1.46495 0.01038 0.00094 0.08549 -0.01659 0.00147 0.07908 0.06413 0.06208 -0.00069 0.00092 0.05853 0.08961 0.00114 -0.00296 -0.599468 0.7899759 -0.084702 -0.0969616 0.9976553 -0.0182383 -0.0308587 -0.058301
0.3633 -0.42095 1.53859 -0.31633 -0.01045 1.4684 -0.00709 0.01736 0.01508 -0.00023 -0.00054 0.00345 0.06699 0.06507 0.00286 0.00299 0.06540 0.08770 0.00687 -0.00191 0.5917684 -0.6832305 -0.1109716 0.4131483 0.9957016 -0.0269162 -0.0351246 -0.081364
0.3588 -0.37261 1.55387 -0.30777 -0.00915 1.43508 -0.00450 0.04834 0.01528 0.00856 0.00130 -0.03332 0.08079 0.06385 0.01380 -0.00122 0.06413 0.08249 -0.00127 -0.00521 0.5604341 -0.6731098 -0.186951 0.4448441 0.9920169 -0.013017 -0.0722312 -0.1025463
0.37485 -0.37265 1.61381 -0.31358 -0.00884 1.47174 0.01605 -0.00004 0.05994 -0.00581 0.00031 0.03666 0.08922 0.05942 0.00843 -0.00443 0.06567 0.07495 0.00154 -0.00754 0.5252364 -0.6598559 -0.0505797 0.534938 0.9848965 0.0007613 -0.1039675 -0.1384528
0.36483 -0.34165 1.56789 -0.29877 -0.00911 1.40816 -0.01002 0.03100 -0.04592 0.01481 -0.00027 -0.06358 0.09136 0.05854 0.00214 -0.00088 0.06199 0.07957 -0.00368 0.00462 0.5222917 -0.6152441 -0.0939333 0.5829774 0.9853382 -0.0069463 -0.0452456 -0.1643567
0.3707 -0.28951 1.72395 -0.31182 -0.01129 1.47806 0.00587 0.05214 0.15606 -0.01305 -0.00218 0.06990 0.08861 0.06195 -0.00275 0.00341 0.08076 0.08480 0.01877 0.00523 0.5369447 -0.5164733 0.0951034 0.660228 0.9768271 -0.0187048 -0.0771816 -0.1987507
0.36773 -0.25212 1.7547 -0.31041 -0.00862 1.48091 -0.00297 0.03739 0.03075 0.00141 0.00267 0.00285 0.06776 0.06244 -0.02085 0.00049 0.05364 0.10132 -0.02712 0.01652 0.3425277 -0.5810382 0.6799442 0.2876547 0.975171 0.0194468 -0.0703325 -0.2090853
0.36226 -0.22906 1.77518 -0.30796 -0.01225 1.48096 -0.00547 0.02306 0.02048 0.00245 -0.00363 0.00005 0.06921 0.06444 0.00145 0.00200 0.05768 0.08989 0.00404 -0.01143 0.0312714 -0.4777507 0.8364033 0.2668442 0.9580481 -0.0185845 -0.0783741 -0.2750563
0.35278 -0.22364 1.76881 -0.30508 -0.00976 1.4817 -0.00948 0.00542 -0.00637 0.00288 0.00249 0.00074 0.07696 0.06260 0.00775 -0.00184 0.05727 0.05969 -0.00041 -0.03020 0.275472 -0.3771732 0.834375 0.2927012 0.9379441 0.0550082 0.1987816 -0.2787848
0.35151 -0.24118 1.75569 -0.30489 -0.00874 1.48336 -0.00127 -0.01754 -0.01312 0.00019 0.00102 0.00166 0.09837 0.06325 0.02141 0.00065 0.05828 0.08388 0.00101 0.02419 -0.4952781 0.7443393 -0.3686571 -0.2544613 0.9619532 -0.043948 -0.0690282 -0.2606714
0.35707 -0.25998 1.74161 -0.30437 -0.00886 1.48275 0.00556 -0.01880 -0.01408 0.00052 -0.00012 -0.00061 0.09561 0.06199 -0.00276 -0.00126 0.05276 0.08405 -0.00552 0.00017 -0.4302883 0.7986692 -0.0839747 -0.412223 0.9609864 -0.0769273 -0.0640629 -0.2578436
0.36465 -0.25882 1.74546 -0.30485 -0.00917 1.48173 0.00758 0.00116 0.00385 -0.00048 -0.00031 -0.00102 0.09755 0.06421 0.00194 0.00222 0.05542 0.08692 0.00266 0.00287 -0.3755757 0.8811457 -0.1799091 -0.2239598 0.9555932 -0.1326347 -0.1131377 -0.237591
0.33419 -0.23553 1.76761 -0.30584 -0.01169 1.48037 -0.03046 0.02329 0.02215 -0.00099 -0.00252 -0.00136 0.05361 0.06378 -0.04394 -0.00043 0.06680 0.08517 0.01138 -0.00175 0.2539155 -0.6497248 0.6588428 0.2816217 0.9535463 -0.1783336 -0.0628994 -0.2345001
0.35044 -0.22236 1.76304 -0.30552 -0.01126 1.48184 0.01625 0.01317 -0.00457 0.00032 0.00043 0.00147 0.06654 0.06503 0.01293 0.00125 0.06039 0.07903 -0.00641 -0.00614 0.3683816 -0.5773509 0.6952801 0.2180513 0.9474117 -0.1974873 -0.1316208 -0.2146762
0.33708 -0.25173 1.72643 -0.30443 -0.01028 1.47509 -0.01336 -0.02937 -0.03661 0.00109 0.00098 -0.00675 0.09261 0.06450 0.02607 -0.00053 0.05295 0.08382 -0.00744 0.00479 -0.4806831 0.7577987 -0.2517688 -0.3623498 0.9628025 -0.1412782 -0.1086809 -0.203077
0.34324 -0.25866 1.73228 -0.3042 -0.01046 1.47644 0.00616 -0.00693 0.00585 0.00023 -0.00018 0.00135 0.09666 0.06345 0.00405 -0.00105 0.05224 0.08335 -0.00071 -0.00047 -0.1700495 0.8867761 -0.3914393 0.1774448 0.9657709 -0.115517 -0.1037746 -0.2077815
0.34305 -0.24413 1.77432 -0.30549 -0.01103 1.48583 -0.00019 0.01453 0.04204 -0.00129 -0.00057 0.00939 0.06026 0.06194 -0.03640 -0.00151 0.09975 0.08445 0.04751 0.00110 0.5802543 -0.0848806 0.1885317 0.7877538 0.9595518 -0.1513743 -0.1022567 -0.2142191
0.33212 -0.239 1.7654 -0.30236 -0.00987 1.47913 -0.01093 0.00513 -0.00892 0.00313 0.00116 -0.00670 0.06117 0.06360 0.00091 0.00166 0.07857 0.09350 -0.02118 0.00905 0.72845 0.2590294 -0.078684 0.6293435 0.9601056 -0.135955 -0.0668097 -0.2350529
0.3194 -0.23445 1.74306 -0.29949 -0.01073 1.47081 -0.01272 0.00455 -0.02234 0.00287 -0.00086 -0.00832 0.07201 0.06239 0.01084 -0.00121 0.07861 0.08457 0.00004 -0.00893 0.7094472 0.1945333 -0.3750803 0.5640532 0.9422799 -0.2030465 -0.1198695 -0.2377223
0.31618 -0.24768 1.79836 -0.31195 -0.01055 1.53938 -0.00322 -0.01323 0.05530 -0.01246 0.00018 0.06857 0.09264 0.06751 0.02063 0.00512 0.10089 0.08640 0.02228 0.00183 0.3399039 0.1029296 -0.4412305 0.8241277 0.9392129 -0.2135908 -0.1163683 -0.2423148
0.23273 -0.26977 1.62733 -0.28889 -0.00781 1.43668 -0.08345 -0.02209 -0.17103 0.02306 0.00274 -0.10270 0.15673 0.06124 0.06409 -0.00627 0.15293 0.08415 0.05204 -0.00225 -0.1494579 0.7627215 -0.5356559 0.330138 0.939714 -0.211034 -0.1095438 -0.2457691
0.27502 -0.23156 1.63317 -0.29477 -0.00677 1.47097 0.04229 0.03821 0.00584 -0.00588 0.00104 0.03429 0.08432 0.06357 -0.07241 0.00233 0.06515 0.07864 -0.08778 -0.00551 -0.4511398 0.7966201 -0.4004587 -0.0387568 0.9340675 -0.2410587 -0.1329427 -0.2274532
0.27017 -0.20114 1.60054 -0.29401 -0.00511 1.47735 -0.00485 0.03042 -0.03263 0.00076 0.00166 0.00638 0.08835 0.06494 0.00403 0.00137 0.07923 0.08239 0.01408 0.00375 0.3627801 0.0876601 -0.5840781 0.7208044 0.9387907 -0.2300266 -0.1003417 -0.2359904
0.26254 -0.16336 1.57502 -0.29339 -0.00326 1.48673 -0.00763 0.03778 -0.02552 0.00062 0.00185 0.00938 0.08575 0.06537 -0.00260 0.00043 0.05617 0.05544 -0.02306 -0.02695 0.3206348 0.1611229 -0.6545957 0.6653849 0.8940741 -0.1156914 0.3008018 -0.3110712
0.25698 -0.07313 1.54437 -0.29132 0.00263 1.49008 -0.00556 0.09023 -0.03065 0.00207 0.00589 0.00335 0.08975 0.06428 0.00400 -0.00109 0.05087 0.07595 -0.00530 0.02051 0.7830576 -0.2069401 -0.3577172 0.4647958 0.9383223 -0.2238079 -0.1658604 -0.2048212
0.26082 -0.02117 1.53406 -0.28941 0.00475 1.4904 0.00384 0.05196 -0.01031 0.00191 0.00212 0.00032 0.08687 0.06683 -0.00288 0.00255 0.05125 0.07461 0.00038 -0.00134 0.8674534 -0.2995788 -0.1031163 0.3835938 0.9409134 -0.2411826 -0.1287632 -0.1998323
0.26641 0.04375 1.50909 -0.28333 0.00585 1.46744 0.00559 0.06492 -0.02497 0.00608 0.00110 -0.02296 0.10654 0.06681 0.01967 -0.00002 0.05395 0.05875 0.00270 -0.01586 0.8943087 -0.3228201 -0.1419749 0.2753949 0.9022385 -0.1274099 0.3031297 -0.2790067
0.26567 0.06005 1.5012 -0.27977 0.00665 1.45883 -0.00074 0.01630 -0.00789 0.00356 0.00080 -0.00861 0.11752 0.06426 0.01098 -0.00255 0.06198 0.05619 0.00803 -0.00256 0.9216727 -0.3055028 -0.0827663 0.2243594 0.890355 -0.1360021 0.3240952 -0.2893679
0.27023 0.07007 1.52588 -0.28385 0.00682 1.48938 0.00456 0.01002 0.02468 -0.00408 0.00017 0.03055 0.12134 0.06523 0.00382 0.00097 0.07653 0.05843 0.01455 0.00224 0.926742 -0.3068562 -0.0689163 0.2055213 0.8974164 -0.1521997 0.3023932 -0.2829089
0.2646 0.06971 1.51521 -0.28126 0.00691 1.48544 -0.00563 -0.00036 -0.01067 0.00259 0.00009 -0.00394 0.11197 0.06624 -0.00937 0.00101 0.07692 0.09942 0.00039 0.04099 0.9310949 -0.3048072 -0.0451821 0.1952265 0.9381414 -0.2628257 -0.1181988 -0.1919439
0.25984 0.05878 1.50569 -0.28175 0.004 1.48992 -0.00476 -0.01093 -0.00952 -0.00049 -0.00291 0.00448 0.10555 0.06457 -0.00642 -0.00167 0.06888 0.08794 -0.00804 -0.01148 0.9252659 -0.3275376 -0.0356105 0.1879735 0.9319693 -0.2847714 -0.1239132 -0.1870402
0.25191 0.04073 1.49323 -0.27881 0.00224 1.48872 -0.00793 -0.01805 -0.01246 0.00294 -0.00176 -0.00120 0.10558 0.06567 0.00003 0.00110 0.07651 0.05601 0.00763 -0.03193 0.9191572 -0.3528806 -0.000956 0.1749981 0.9142175 -0.217411 0.1835164 -0.2885491
0.24614 0.02814 1.48508 -0.27868 0.00034 1.4927 -0.00577 -0.01259 -0.00815 0.00013 -0.00190 0.00398 0.10079 0.06242 -0.00479 -0.00325 0.04933 0.09515 -0.02718 0.03914 0.93572 -0.3122111 -0.0498825 0.1564095 0.9238881 -0.3111759 -0.1224816 -0.1860069
0.24026 0.01926 1.47999 -0.27816 -0.00097 1.49226 -0.00588 -0.00888 -0.00509 0.00052 -0.00131 -0.00044 0.10043 0.06261 -0.00036 0.00019 0.07297 0.09616 0.02364 0.00101 0.9282706 -0.3331036 -0.0250552 0.1634867 0.9278867 -0.3123161 -0.0798524 -0.1873726
0.23754 0.01612 1.47797 -0.27904 -0.00215 1.49114 -0.00272 -0.00314 -0.00202 -0.00088 -0.00118 -0.00112 0.10028 0.08033 -0.00015 0.01772 0.06719 0.07583 -0.00578 -0.02033 0.9076798 -0.2998401 -0.1942723 0.2201626 0.9279826 -0.2906791 0.068924 -0.2227184
0.22749 0.01851 1.43665 -0.27267 -0.00057 1.44665 -0.01005 0.00239 -0.04132 0.00637 0.00158 -0.04449 0.09620 0.07302 -0.00408 -0.00731 0.05269 0.07080 -0.01450 -0.00503 0.9160082 -0.3586591 -0.0131465 0.1792194 0.9318117 -0.2950327 0.0727005 -0.1984873
0.22586 0.02127 1.44021 -0.27387 -0.00068 1.44868 -0.00163 0.00276 0.00356 -0.00120 -0.00011 0.00203 0.09725 0.06135 0.00105 -0.01167 0.04832 0.09035 -0.00437 0.01955 0.9100048 -0.2662562 -0.2125444 0.2362704 0.9367489 -0.3115377 -0.0702463 -0.1432174
0.22375 0.03059 1.44373 -0.2759 0.00173 1.44949 -0.00211 0.00932 0.00352 -0.00203 0.00241 0.00081 0.09891 0.06123 0.00166 -0.00012 0.05989 0.08199 0.01157 -0.00836 0.9562003 -0.2443689 -0.0404735 0.1559704 0.9472839 -0.2899171 -0.0375443 -0.131117
0.22003 0.03606 1.44284 -0.27784 -0.00076 1.44936 -0.00372 0.00547 -0.00089 -0.00194 -0.00249 -0.00013 0.09758 0.06226 -0.00133 0.00103 0.06433 0.07390 0.00444 -0.00809 0.9578274 -0.2365057 -0.044969 0.1568738 0.9395961 -0.3109 -0.1079659 -0.0940414
0.21753 0.03595 1.44157 -0.27832 -0.00126 1.45087 -0.00250 -0.00011 -0.00127 -0.00048 -0.00050 0.00151 0.09890 0.06238 0.00132 0.00012 0.06547 0.08356 0.00114 0.00966 0.917844 -0.2125778 -0.2556984 0.2167749 0.9449916 -0.302903 -0.0567625 -0.1096299
0.21402 0.03584 1.43785 -0.27883 -0.0019 1.45021 -0.00351 -0.00011 -0.00372 -0.00051 -0.00064 -0.00066 0.09906 0.05849 0.00016 -0.00389 0.05366 0.09916 -0.01181 0.01560 0.906018 -0.2353968 -0.2611993 0.2355732 0.9423296 -0.3136393 -0.0386328 -0.1102396
0.20744 0.03765 1.43391 -0.27776 -0.00256 1.45117 -0.00658 0.00181 -0.00394 0.00107 -0.00066 0.00096 0.09870 0.06044 -0.00036 0.00195 0.06380 0.08007 0.01014 -0.01909 0.9090418 -0.2556801 -0.2194372 0.2451896 0.9414133 -0.3108642 -0.0453528 -0.1226686
0.20405 0.03864 1.46539 -0.28563 -0.00288 1.49229 -0.00339 0.00099 0.03148 -0.00787 -0.00032 0.04112 0.10263 0.06104 0.00393 0.00060 0.05500 0.05502 -0.00880 -0.02505 0.9275197 -0.2771553 -0.1121293 0.2243192 0.9013246 -0.2524221 0.2744784 -0.2203603
0.19104 0.04008 1.45902 -0.28499 -0.00222 1.49355 -0.01301 0.00144 -0.00637 0.00064 0.00066 0.00126 0.10183 0.06210 -0.00080 0.00106 0.05947 0.08112 0.00447 0.02610 0.9327074 -0.2967569 -0.001105 0.2049171 0.9460201 -0.2939249 -0.0451669 -0.128896
0.1726 0.04224 1.44766 -0.28398 -0.00154 1.4888 -0.01844 0.00216 -0.01136 0.00101 0.00068 -0.00475 0.10442 0.06126 0.00259 -0.00084 0.05688 0.08102 -0.00259 -0.00010 0.9003844 -0.2134758 -0.274609 0.2613924 0.9456547 -0.2923066 -0.0824161 -0.1161965
0.12015 0.05424 1.43911 -0.28483 0.00039 1.49595 -0.05245 0.01200 -0.00855 -0.00085 0.00193 0.00715 0.10173 0.06468 -0.00269 0.00342 0.04699 0.07775 -0.00989 -0.00327 0.9552818 -0.2080666 -0.0264637 0.2084339 0.9485886 -0.2724619 -0.1221475 -0.1049969
0.08824 0.05651 1.43669 -0.28429 0.0029 1.50007 -0.03191 0.00227 -0.00242 0.00054 0.00251 0.00412 0.10602 0.06231 0.00429 -0.00237 0.05675 0.08233 0.00976 0.00458 0.8973477 -0.1356388 -0.3774109 0.1842014 0.9612103 -0.236479 -0.0612696 -0.1280563
0.04838 0.06069 1.43277 -0.28169 0.00394 1.49682 -0.03986 0.00418 -0.00392 0.00260 0.00104 -0.00325 0.10745 0.06238 0.00143 0.00007 0.06531 0.07695 0.00856 -0.00538 0.9314213 -0.1604833 0.3165216 0.0807058 0.9478889 -0.2729526 -0.1046516 -0.1266948
0.00247 0.06152 1.4042 -0.26918 0.00631 1.46289 -0.04591 0.00083 -0.02857 0.01251 0.00237 -0.03393 0.10865 0.06219 0.00120 -0.00019 0.07928 0.07072 0.01397 -0.00623 0.6396148 -0.2822727 0.709555 0.088016 0.9537297 -0.2370623 -0.0318142 -0.1821782
-0.0452 0.05689 1.41773 -0.26363 0.0055 1.467 -0.04767 -0.00463 0.01353 0.00555 -0.00081 0.00411 0.11423 0.06377 0.00558 0.00158 0.06014 0.08270 -0.01914 0.01198 0.869946 -0.2934197 0.3258057 0.22572 0.935405 -0.2785199 -0.1099198 -0.1880474
-0.09556 0.05794 1.48765 -0.25968 0.00768 1.52453 -0.05036 0.00105 0.06992 0.00395 0.00218 0.05753 0.12103 0.06536 0.00680 0.00159 0.08834 0.08717 0.02820 0.00447 0.746392 -0.3041507 0.4694434 0.3605748 0.9354876 -0.2829491 -0.1343031 -0.1636015
-0.16613 0.05483 1.51913 -0.22041 0.04711 1.51705 -0.07057 -0.00311 0.03148 0.03927 0.03943 -0.00748 0.11145 0.08026 -0.00958 0.01490 0.08356 0.04277 -0.00478 -0.04440 0.6507613 -0.4011714 0.6303335 0.1350961 0.8972347 -0.0241011 0.3040414 -0.3192927
-0.17188 0.06115 1.53865 -0.20556 0.06424 1.53072 -0.00575 0.00632 0.01952 0.01485 0.01713 0.01367 0.07266 0.12162 -0.03879 0.04136 0.08334 0.07527 -0.00022 0.03250 0.6397963 -0.3510734 0.6631874 0.1661042 0.6234425 0.2272922 0.6976522 -0.2700725
-0.10987 0.17606 1.51464 -0.2786 0.0422 1.53202 0.06201 0.11491 -0.02401 -0.07304 -0.02204 0.00130 0.11451 0.06881 0.04185 -0.05281 0.05958 0.06402 -0.02376 -0.01125 0.6530598 -0.158879 0.7362295 0.0789703 0.0714418 -0.195512 0.9669995 -0.1469116
-0.06789 0.21457 1.51239 -0.28529 0.04914 1.53583 0.04198 0.03851 -0.00225 -0.00669 0.00694 0.00381 0.11330 0.06852 -0.00121 -0.00029 0.05302 0.06678 -0.00656 0.00276 0.2567214 -0.0982168 0.9610485 -0.0288692 0.04787 0.1125495 0.9595581 -0.2535533
-0.01706 0.23787 1.50325 -0.28984 0.05177 1.52672 0.05083 0.02330 -0.00914 -0.00455 0.00263 -0.00911 0.11045 0.06794 -0.00285 -0.00058 0.05282 0.09628 -0.00020 0.02950 0.315282 0.018291 0.9436428 -0.099 0.9675319 -0.2420653 -0.0544282 -0.0482067
0.03052 0.25582 1.52564 -0.3012 0.05337 1.54986 0.04758 0.01795 0.02239 -0.01136 0.00160 0.02314 0.11675 0.06887 0.00630 0.00093 0.05555 0.07077 0.00273 -0.02551 0.241502 -0.1077526 0.9643993 -0.0003219 0.9629133 -0.2496839 -0.0999709 0.0214874
0.12689 0.26171 1.52147 -0.30774 0.05232 1.54229 0.09637 0.00589 -0.00417 -0.00654 -0.00105 -0.00757 0.10804 0.07085 -0.00871 0.00198 0.07243 0.09300 0.01688 0.02223 0.1832946 -0.0664651 0.9775704 -0.0796351 0.9714056 -0.2355852 -0.0237415 0.0175265
0.16981 0.24869 1.51692 -0.31144 0.04886 1.54047 0.04292 -0.01302 -0.00455 -0.00370 -0.00346 -0.00182 0.10487 0.06654 -0.00317 -0.00431 0.07423 0.09590 0.00180 0.00290 0.1822841 -0.1322382 0.959907 -0.1669254 0.9625273 -0.2670349 -0.0293249 0.0370636
0.21173 0.22363 1.5322 -0.31728 0.04493 1.55909 0.04192 -0.02506 0.01528 -0.00584 -0.00393 0.01862 0.10760 0.07057 0.00273 0.00403 0.07409 0.09122 -0.00014 -0.00468 0.1782797 -0.1568005 0.9531128 -0.1876324 0.9511877 -0.3042164 -0.0388266 0.0344494
0.24726 0.1914 1.53019 -0.31853 0.04324 1.56455 0.03553 -0.03223 -0.00201 -0.00125 -0.00169 0.00546 0.10710 0.06805 -0.00050 -0.00252 0.06902 0.09462 -0.00507 0.00340 0.2251282 -0.1787289 0.9320537 -0.2205653 0.9510596 -0.3066406 -0.0313764 -0.0217425
0.27583 0.15444 1.52797 -0.31736 0.03831 1.56476 0.02857 -0.03696 -0.00222 0.00117 -0.00493 0.00021 0.10796 0.07020 0.00086 0.00215 0.06855 0.09678 -0.00047 0.00216 0.2073662 -0.1649991 0.92694 -0.2656256 0.9450617 -0.3178453 -0.0345707 -0.0681001
0.29507 0.12366 1.52494 -0.31502 0.03526 1.55996 0.01924 -0.03078 -0.00303 0.00234 -0.00305 -0.00480 0.10522 0.06836 -0.00274 -0.00184 0.06986 0.09813 0.00131 0.00135 0.198556 -0.1575806 0.9186842 -0.3029245 0.9294481 -0.3484885 -0.0591934 -0.1057269
0.31046 0.09283 1.526 -0.31363 0.03289 1.55905 0.01539 -0.03083 0.00106 0.00139 -0.00237 -0.00091 0.10442 0.06656 -0.00080 -0.00180 0.06722 0.09443 -0.00264 -0.00370 0.0285676 -0.0837988 0.9334193 -0.3476926 0.9121926 -0.3829726 -0.0702322 -0.1276871
0.31524 0.06723 1.50933 -0.30816 0.02847 1.53908 0.00478 -0.02560 -0.01667 0.00547 -0.00442 -0.01997 0.10425 0.06691 -0.00017 0.00035 0.06688 0.09633 -0.00034 0.00190 0.0792013 -0.1009437 0.9187486 -0.3734147 0.9117908 -0.3756192 -0.0349514 -0.1622534
0.31849 0.05069 1.49547 -0.30362 0.02836 1.52358 0.00325 -0.01654 -0.01386 0.00454 -0.00011 -0.01550 0.10166 0.06745 -0.00259 0.00054 0.06696 0.09495 0.00008 -0.00138 0.0483136 -0.0783231 0.917567 -0.3867843 0.9182127 -0.3554356 -0.0576285 -0.1650152
0.32861 0.0345 1.50961 -0.30333 0.02708 1.53286 0.01012 -0.01619 0.01414 0.00029 -0.00128 0.00928 0.10749 0.06673 0.00583 -0.00072 0.06632 0.08682 -0.00064 -0.00813 0.0907632 -0.0877129 0.9114097 -0.3916643 0.9148616 -0.3531515 -0.0881055 -0.1747849
0.33084 0.03096 1.50955 -0.30272 0.02623 1.52972 0.00223 -0.00354 -0.00006 0.00061 -0.00085 -0.00314 0.10588 0.06937 -0.00161 0.00264 0.06787 0.08942 0.00155 0.00260 0.0142722 -0.0509239 0.9168366 -0.3957447 0.9179808 -0.3501673 -0.0764997 -0.1698288
0.33344 0.02698 1.51039 -0.30181 0.02501 1.52827 0.00260 -0.00398 0.00084 0.00091 -0.00122 -0.00145 0.10703 0.06763 0.00115 -0.00174 0.06381 0.09374 -0.00406 0.00432 0.0397674 -0.0575474 0.9187178 -0.3886701 0.9222913 -0.3343142 -0.1053998 -0.162799
0.33556 0.02232 1.5088 -0.30123 0.02246 1.52348 0.00212 -0.00466 -0.00159 0.00058 -0.00255 -0.00479 0.10871 0.06712 0.00168 -0.00051 0.06537 0.09028 0.00156 -0.00346 0.0604413 -0.0646397 0.9171282 -0.3886445 0.9257482 -0.3287569 -0.0753526 -0.1709712
0.34109 0.01578 1.51378 -0.30414 0.01656 1.52479 0.00553 -0.00654 0.00498 -0.00291 -0.00590 0.00131 0.10749 0.06452 -0.00122 -0.00260 0.06405 0.09131 -0.00132 0.00103 0.0584919 -0.0581834 0.9140072 -0.3972207 0.9207961 -0.3523221 -0.044698 -0.1612634
0.35802 -0.03524 1.50248 -0.30982 -0.03365 1.49843 0.01693 -0.05102 -0.01130 -0.00568 -0.05021 -0.02636 0.10463 0.06572 -0.00286 0.00120 0.07643 0.08635 0.01238 -0.00496 0.0082794 -0.0312504 0.91062 -0.4119784 0.8735176 -0.4408337 0.0241689 -0.2050573
0.37276 -0.06239 1.50928 -0.3171 -0.06052 1.50274 0.01474 -0.02715 0.00680 -0.00728 -0.02687 0.00431 0.10035 0.09694 -0.00428 0.03122 0.07236 0.05700 -0.00407 -0.02935 0.0529198 -0.0348502 0.8971311 -0.4371965 0.8477072 -0.3974028 0.2442244 -0.2526223
0.39307 -0.10084 1.5255 -0.3272 -0.1 1.51216 0.02031 -0.03845 0.01622 -0.01010 -0.03948 0.00942 0.09974 0.08861 -0.00061 -0.00833 0.07027 0.06287 -0.00209 0.00587 0.0870937 -0.073904 0.8535466 -0.5083416 0.8878577 -0.3412452 0.2572767 -0.170496
0.41603 -0.14378 1.53687 -0.33991 -0.14825 1.51762 0.02296 -0.04294 0.01137 -0.01271 -0.04825 0.00546 0.09566 0.06064 -0.00408 -0.02797 0.05886 0.07811 -0.01141 0.01524 0.191483 -0.1485741 0.8301877 -0.5020443 0.9097859 -0.3890491 0.1304739 -0.0625059
0.4238 -0.17883 1.47258 -0.3367 -0.1849 1.44676 0.00777 -0.03505 -0.06429 0.00321 -0.03665 -0.07086 0.08617 0.04961 -0.00949 -0.01103 0.07422 0.09105 0.01536 0.01294 0.1305417 -0.0665251 0.8153356 -0.560144 0.8745772 -0.4655643 0.1332099 -0.0248941
0.46691 -0.22972 1.52413 -0.36072 -0.24541 1.48675 0.04311 -0.05089 0.05155 -0.02402 -0.06051 0.03999 0.08647 0.04780 0.00030 -0.00181 0.07734 0.07951 0.00312 -0.01154 0.1995086 -0.0466871 0.8180456 -0.5374178 0.8312466 -0.5390036 0.1095383 -0.0806576
0.4746 -0.2627 1.45954 -0.35905 -0.28665 1.41351 0.00769 -0.03298 -0.06459 0.00167 -0.04124 -0.07324 0.08226 0.05471 -0.00421 0.00691 0.03921 0.05226 -0.03813 -0.02725 0.7528875 -0.2155982 0.4666736 -0.4109665 0.4475101 -0.5616254 0.6285324 -0.2987617
0.52297 -0.31862 1.53786 -0.39112 -0.3623 1.4777 0.04837 -0.05592 0.07832 -0.03207 -0.07565 0.06419 0.08396 0.07397 0.00170 0.01926 0.05176 0.05355 0.01255 0.00129 -0.4639127 0.2582496 -0.578357 0.6193507 -0.5164806 0.5558937 -0.496324 0.4217732
0.54828 -0.38488 1.54359 -0.41398 -0.48714 1.45353 0.02531 -0.06626 0.00573 -0.02286 -0.12484 -0.02417 0.09014 0.16169 0.00618 0.08772 0.05441 0.05471 0.00265 0.00116 0.6575283 -0.363281 0.4595067 -0.4738534 0.2371624 -0.5087436 0.5738136 -0.5963823
0.57769 -0.43314 1.63852 -0.43865 -0.55547 1.60304 0.02941 -0.04826 0.09493 -0.02467 -0.06833 0.14951 0.09550 0.11425 0.00536 -0.04744 0.14977 0.05068 0.09536 -0.00403 0.5949603 -0.326895 0.5072172 -0.5309355 -0.3910047 0.6289845 -0.381015 0.5534632
0.57122 -0.50235 1.75463 -0.45925 -0.63202 1.70834 -0.00647 -0.06921 0.11611 -0.02060 -0.07655 0.10530 0.11754 0.09708 0.02204 -0.01717 0.12653 0.05451 -0.02324 0.00383 0.3882076 -0.2255755 0.697362 -0.5586563 -0.2526764 0.7236291 -0.2903651 0.5728907
0.57612 -0.52364 1.74854 -0.45615 -0.64481 1.7411 0.00490 -0.02129 -0.00609 0.00310 -0.01279 0.03276 0.15151 0.10278 0.03397 0.00570 0.10157 0.04969 -0.02496 -0.00482 -0.5324521 0.4043378 -0.5022068 0.548447 -0.1777431 0.755635 -0.2222256 0.5899483
0.5655 -0.60155 1.66685 -0.44519 -0.68413 1.73028 -0.01062 -0.07791 -0.08169 0.01096 -0.03932 -0.01082 0.10433 0.08720 -0.04718 -0.01558 0.15113 0.06203 0.04956 0.01234 -0.5482395 0.7289011 -0.0531297 0.4065881 -0.1005586 0.8896327 -0.1392401 0.4231475
0.56242 -0.60156 1.6584 -0.44233 -0.68581 1.74786 -0.00308 -0.00001 -0.00845 0.00286 -0.00168 0.01758 0.10386 0.08468 -0.00047 -0.00252 0.14726 0.05935 -0.00387 -0.00268 -0.552872 0.7197502 -0.0739624 0.413306 0.0079334 0.9379022 -0.0784959 0.3378091
0.57612 -0.61835 1.69652 -0.44328 -0.67126 1.81225 0.01370 -0.01679 0.03812 -0.00095 0.01455 0.06439 0.10506 0.10219 0.00120 0.01751 0.14140 0.05359 -0.00586 -0.00576 -0.5573463 0.7069429 -0.0923281 0.4255261 -0.153231 0.9053332 -0.1852368 0.3501135
0.56556 -0.62441 1.6978 -0.44571 -0.68829 1.82637 -0.01056 -0.00606 0.00128 -0.00243 -0.01703 0.01412 0.10635 0.11161 0.00129 0.00942 0.07480 0.08555 -0.06660 0.03196 -0.4490968 0.5151062 -0.3088326 0.6615134 -0.0888 0.9473668 -0.1431496 0.272248
0.56895 -0.62268 1.69157 -0.4425 -0.68948 1.83594 0.00339 0.00173 -0.00623 0.00321 -0.00119 0.00957 0.10297 0.11063 -0.00338 -0.00098 0.10109 0.04988 0.02629 -0.03567 -0.4769867 0.5118288 -0.3069497 0.6452107 -0.0304777 0.9501985 -0.1152083 0.28796
0.56897 -0.6251 1.6951 -0.43572 -0.67015 1.84778 0.00002 -0.00242 0.00353 0.00678 0.01933 0.01184 0.10422 0.11061 0.00125 -0.00002 0.09424 0.04918 -0.00685 -0.00070 -0.5035133 0.5467231 -0.2723249 0.6110706 0.0050218 0.9453425 -0.1277667 0.2999634
0.56577 -0.62597 1.69221 -0.44477 -0.70956 1.84448 -0.00320 -0.00087 -0.00289 -0.00905 -0.03941 -0.00330 0.10676 0.09086 0.00254 -0.01975 0.11398 0.05209 0.01974 0.00291 -0.4580941 0.4430628 -0.3536076 0.6846947 0.0143879 0.963546 -0.1308189 0.2329344
0.56427 -0.62908 1.6884 -0.41816 -0.6404 1.85373 -0.00150 -0.00311 -0.00381 0.02661 0.06916 0.00925 0.10158 0.12374 -0.00518 0.03288 0.11832 0.04804 0.00434 -0.00405 -0.4659401 0.4302803 -0.3512499 0.688754 0.5314261 0.8470109 0.0030201 0.0122372
0.55988 -0.62183 1.66946 -0.40751 -0.62394 1.82791 -0.00439 0.00725 -0.01894 0.01065 0.01646 -0.02582 0.15734 0.11526 0.05576 -0.00848 0.12873 0.04989 0.01041 0.00185 -0.4405535 0.3978459 -0.4164693 0.6886106 0.8639938 0.3464913 -0.1422616 -0.3364821
0.56356 -0.62685 1.68534 -0.40957 -0.62755 1.84011 0.00368 -0.00502 0.01588 -0.00206 -0.00361 0.01220 0.10090 0.12431 -0.05644 0.00905 0.11934 0.05340 -0.00939 0.00351 -0.421753 0.450908 -0.3796971 0.6889387 0.8963774 0.2277402 -0.2053882 -0.3200898
0.56331 -0.62625 1.68318 -0.42346 -0.67456 1.82103 -0.00025 0.00060 -0.00216 -0.01389 -0.04701 -0.01908 0.09595 0.11378 -0.00495 -0.01053 0.09841 0.05071 -0.02093 -0.00269 -0.4418044 0.4928577 -0.3518595 0.6618876 0.0136998 0.9535615 -0.144466 0.2639363
0.56421 -0.6268 1.68269 -0.41883 -0.66454 1.81267 0.00090 -0.00055 -0.00049 0.00463 0.01002 -0.00836 0.09635 0.08915 0.00040 -0.02463 0.10964 0.03778 0.01123 -0.01293 -0.4293559 0.4613485 -0.3700913 0.6825273 -0.0598712 0.9467943 -0.1650571 0.269726
0.56434 -0.62931 1.68986 -0.419 -0.6672 1.81611 0.00013 -0.00251 0.00717 -0.00017 -0.00266 0.00344 0.09735 0.09233 0.00100 0.00318 0.11065 0.04489 0.00101 0.00711 -0.5124947 0.3914697 -0.3553209 0.6766444 -0.0563739 0.9487333 -0.1586509 0.2675014
0.56418 -0.63019 1.68632 -0.41804 -0.66522 1.8145 -0.00016 -0.00088 -0.00354 0.00096 0.00198 -0.00161 0.09441 0.07695 -0.00294 -0.01538 0.11511 0.04712 0.00446 0.00223 -0.5130312 0.4010898 -0.353259 0.6716652 -0.0150302 0.9525244 -0.1744939 0.2490448
0.5644 -0.62956 1.68672 -0.4178 -0.66325 1.81293 0.00022 0.00063 0.00040 0.00024 0.00197 -0.00157 0.09739 0.07671 0.00298 -0.00024 0.11453 0.03842 -0.00058 -0.00870 -0.5223035 0.3840304 -0.357779 0.6720967 0.0090158 0.95381 -0.192612 0.2303601
]
