classifier_Car_weaves_and_bumps_into_fence_315 [ 0.6082 -0.69781 1.94588 -0.09434 -0.45429 1.83805 0.6082 -0.69781 1.94588 -0.09434 -0.45429 1.83805 0.13159 0.09894 0.13159 0.09894 0.12152 0.09568 0.12152 0.09568 -0.4320277 0.2754343 -0.3478642 0.7851615 0.6980788 -0.3744931 -0.0550171 -0.6077944
0.62276 -0.68109 1.91687 -0.15437 -0.44136 1.80028 0.01456 0.01672 -0.02901 -0.06003 0.01293 -0.03777 0.14019 0.10827 0.00860 0.00933 0.12613 0.14085 0.00461 0.04517 -0.3850882 0.1155542 -0.4048638 0.8212427 -0.5090182 0.3709942 0.0366083 0.7758374
0.62025 -0.64594 1.93206 -0.16982 -0.42583 1.8301 -0.00251 0.03515 0.01519 -0.01545 0.01553 0.02982 0.14555 0.10357 0.00536 -0.00470 0.14943 0.12815 0.02330 -0.01270 -0.2570871 -0.0482466 -0.4037069 0.8766979 -0.5820811 0.2435976 -0.0792101 0.7717302
0.55963 -0.52503 1.7938 -0.17356 -0.34159 1.69564 -0.06062 0.12091 -0.13826 -0.00374 0.08424 -0.13446 0.07508 0.07997 -0.07047 -0.02360 0.09850 0.10705 -0.05093 -0.02110 -0.4508065 0.1952782 -0.4997235 0.7133838 -0.6671403 0.1308999 -0.2708339 0.6814969
0.52881 -0.45881 1.67847 -0.19183 -0.30404 1.68772 -0.03082 0.06622 -0.11533 -0.01827 0.03755 -0.00792 0.12350 0.08345 0.04842 0.00348 0.07548 0.10024 -0.02302 -0.00681 -0.2571525 0.1769981 -0.6777907 0.6656906 -0.5786824 -0.0720957 -0.482883 0.6532633
0.4537 -0.38491 1.62338 -0.20279 -0.25702 1.657 -0.07511 0.07390 -0.05509 -0.01096 0.04702 -0.03072 0.13329 0.08187 0.00979 -0.00158 0.07717 0.08187 0.00169 -0.01837 -0.06048 0.1113201 -0.6306952 0.7656197 0.6259569 0.3306592 0.3570817 -0.6093727
0.32261 -0.25929 1.63207 -0.17916 -0.17189 1.64519 -0.13109 0.12562 0.00869 0.02363 0.08513 -0.01181 0.13118 0.10648 -0.00211 0.02461 0.07198 0.13254 -0.00519 0.05067 -0.4910532 -0.2975527 0.6858441 -0.4471544 0.7865188 0.0303621 0.36914 -0.4941678
0.26491 -0.19952 1.52967 -0.16271 -0.12651 1.53232 -0.05770 0.05977 -0.10240 0.01645 0.04538 -0.11287 0.10907 0.09929 -0.02211 -0.00719 0.08980 0.10144 0.01782 -0.03110 0.7415586 -0.2204768 0.6248487 0.1050949 0.7261048 0.2600369 0.3360614 -0.5405695
0.25189 -0.1873 1.73836 -0.16835 -0.11446 1.73788 -0.01302 0.01222 0.20869 -0.00564 0.01205 0.20556 0.12782 0.11931 0.01875 0.02002 0.10025 0.10748 0.01045 0.00604 0.6201311 -0.488457 0.608879 -0.0781902 0.7915698 0.2554461 0.264451 -0.4880884
0.20144 -0.14377 1.598 -0.14567 -0.08803 1.59881 -0.05045 0.04353 -0.14036 0.02268 0.02643 -0.13907 0.12373 0.10820 -0.00409 -0.01111 0.09623 0.09580 -0.00402 -0.01168 0.7574648 0.0767957 0.6480423 -0.0197645 0.7742885 0.1745119 0.3269557 -0.5129549
0.14186 -0.10039 1.5694 -0.12739 -0.06842 1.57713 -0.05958 0.04338 -0.02860 0.01828 0.01961 -0.02168 0.13002 0.10668 0.00629 -0.00152 0.09332 0.10259 -0.00291 0.00679 0.6320253 -0.351773 0.6273006 0.2886066 0.9130121 0.0373823 0.4058375 -0.0175336
0.14687 -0.09552 1.65241 -0.13148 -0.06843 1.66375 0.00501 0.00487 0.08301 -0.00409 -0.00001 0.08662 0.13039 0.11204 0.00037 0.00536 0.09896 0.05848 0.00564 -0.04411 0.6077292 -0.3408737 0.6395307 0.3247628 0.4072788 0.2398753 0.7206585 -0.5071836
0.1663 -0.08048 1.55454 -0.05372 -0.05197 1.5725 0.01943 0.01504 -0.09787 0.07776 0.01646 -0.09125 0.11270 0.10692 -0.01769 -0.00512 0.10181 0.05097 0.00285 -0.00751 0.7254204 -0.2344986 0.5980272 0.2472635 0.6426131 0.3646583 0.564003 -0.3687455
0.11274 -0.07217 1.61181 -0.13941 -0.0549 1.62581 -0.05356 0.00831 0.05727 -0.08569 -0.00293 0.05331 0.08484 0.11244 -0.02786 0.00552 0.12010 0.06018 0.01829 0.00921 0.4840835 -0.168167 0.654662 0.5556983 0.6793995 0.1853152 0.6744854 -0.2216849
0.18662 -0.07569 1.53025 -0.1507 -0.04414 1.54806 0.07388 -0.00352 -0.08156 -0.01129 0.01076 -0.07775 0.12192 0.11045 0.03708 -0.00199 0.08971 0.05978 -0.03039 -0.00040 0.4344271 0.437353 0.6705555 0.4127356 0.6126722 0.2793456 0.6560499 -0.3408774
0.20329 -0.07211 1.5455 -0.19309 -0.03711 1.55814 0.01667 0.00358 0.01525 -0.04239 0.00703 0.01008 0.10815 0.10628 -0.01377 -0.00417 0.09756 0.05352 0.00785 -0.00626 0.6775491 0.3116316 0.6484924 -0.1525471 0.4913868 0.49004 0.5790604 -0.4278887
0.24233 -0.07526 1.47824 -0.23787 -0.03596 1.48746 0.03904 -0.00315 -0.06726 -0.04478 0.00115 -0.07068 0.10818 0.09813 0.00003 -0.00815 0.09128 0.07633 -0.00628 0.02281 0.6767653 -0.3897102 0.4958864 0.3797517 0.6705256 -0.4224438 -0.4923953 -0.3598382
0.28888 -0.08903 1.51446 -0.29728 -0.04511 1.51911 0.04655 -0.01377 0.03622 -0.05941 -0.00915 0.03165 0.11186 0.09721 0.00368 -0.00092 0.09548 0.08064 0.00420 0.00431 0.7110498 -0.378662 0.4917382 0.3304797 0.7343271 -0.5146919 -0.3933311 -0.2028462
0.36738 -0.12814 1.6064 -0.39615 -0.07659 1.59471 0.07850 -0.03911 0.09194 -0.09887 -0.03148 0.07560 0.11896 0.08575 0.00710 -0.01146 0.10235 0.09429 0.00687 0.01365 0.7613125 -0.3756456 0.4968074 0.1802111 0.8013414 -0.5008322 -0.3042884 -0.1201148
0.37431 -0.1395 1.60486 -0.41406 -0.07623 1.5899 0.00693 -0.01136 -0.00154 -0.01791 0.00036 -0.00481 0.11757 0.08843 -0.00139 0.00268 0.11023 0.08686 0.00788 -0.00743 0.754275 -0.3841992 0.4911645 0.2054696 0.8372049 -0.4639332 -0.2821782 0.0650336
0.37409 -0.1476 1.60719 -0.41847 -0.07063 1.58797 -0.00022 -0.00810 0.00233 -0.00441 0.00560 -0.00193 0.11573 0.08817 -0.00184 -0.00026 0.10525 0.08270 -0.00498 -0.00416 0.7256142 -0.4054342 0.4929363 0.25714 0.8520593 -0.4735746 -0.2209703 0.029903
0.36527 -0.15252 1.59601 -0.42005 -0.0536 1.59796 -0.00882 -0.00492 -0.01118 -0.00158 0.01703 0.00999 0.11385 0.10848 -0.00188 0.02031 0.10001 0.07741 -0.00524 -0.00529 0.6802529 -0.3927139 0.4879149 0.3807505 0.883716 -0.4572595 -0.0989774 -0.0127716
0.3582 -0.15639 1.59356 -0.41555 -0.02881 1.63236 -0.00707 -0.00387 -0.00245 0.00450 0.02479 0.03440 0.10536 0.14736 -0.00849 0.03888 0.10680 0.05245 0.00679 -0.02496 0.7020929 -0.4234487 0.47898 0.3135837 0.9395746 -0.3378143 -0.0194995 -0.0519688
0.35311 -0.17452 1.64261 -0.41446 0.02406 1.65108 -0.00509 -0.01813 0.04905 0.00109 0.05287 0.01872 0.09821 0.13969 -0.00715 -0.00767 0.10588 0.06883 -0.00092 0.01638 0.6304316 -0.421635 0.4798225 0.4410787 0.9195479 -0.3667256 0.1411573 -0.0043147
0.34226 -0.18486 1.63563 -0.40854 0.02725 1.62897 -0.01085 -0.01034 -0.00698 0.00592 0.00319 -0.02211 0.09719 0.13494 -0.00102 -0.00475 0.10230 0.07501 -0.00358 0.00618 0.5499923 -0.479197 0.4918331 0.4753725 0.9199413 -0.3665606 0.1389987 -0.0045401
0.3229 -0.21665 1.65723 -0.42539 -0.02977 1.58145 -0.01936 -0.03179 0.02160 -0.01685 -0.05702 -0.04752 0.11527 0.14169 0.01808 0.00675 0.10278 0.07513 0.00048 0.00012 0.7536805 -0.3787188 0.4963163 0.2054459 0.8629199 -0.4823191 0.1456672 0.0389719
0.30905 -0.24445 1.66102 -0.44 -0.08419 1.53737 -0.01385 -0.02780 0.00379 -0.01461 -0.05442 -0.04408 0.10925 0.12719 -0.00602 -0.01450 0.11028 0.07892 0.00750 0.00379 0.8034995 -0.0745003 0.57265 0.1446041 0.8599108 -0.4773861 0.1761004 0.0405512
0.30684 -0.25502 1.67095 -0.43289 -0.08413 1.54708 -0.00221 -0.01057 0.00993 0.00711 0.00006 0.00971 0.10932 0.13041 0.00007 0.00322 0.10872 0.08231 -0.00156 0.00339 0.8065814 0.0419214 0.5517668 0.2079001 0.858079 -0.4819059 0.1713575 0.0458671
0.30642 -0.26022 1.67674 -0.42768 -0.08224 1.55534 -0.00042 -0.00520 0.00579 0.00521 0.00189 0.00826 0.10934 0.13101 0.00002 0.00060 0.10625 0.08676 -0.00247 0.00445 0.83245 0.216956 0.4385792 0.2600102 0.865162 -0.4729739 0.1600255 0.0467157
0.31041 -0.2569 1.68197 -0.42788 -0.08163 1.56126 0.00399 0.00332 0.00523 -0.00020 0.00061 0.00592 0.10787 0.13163 -0.00147 0.00062 0.10614 0.08497 -0.00011 -0.00179 0.8270416 0.1409064 0.5426589 -0.0408533 0.8657617 -0.469417 0.1654608 0.0522214
0.31563 -0.25526 1.68984 -0.43148 -0.08131 1.56959 0.00522 0.00164 0.00787 -0.00360 0.00032 0.00833 0.11082 0.13437 0.00295 0.00274 0.10941 0.08388 0.00327 -0.00109 0.8223962 0.1845503 0.5229828 -0.1268653 0.8674943 -0.4669611 0.1563506 0.0703948
0.31445 -0.2492 1.67717 -0.43108 -0.08099 1.55936 -0.00118 0.00606 -0.01267 0.00040 0.00032 -0.01023 0.10666 0.13596 -0.00416 0.00159 0.10551 0.08009 -0.00390 -0.00379 0.8133771 0.0978875 0.5571061 -0.1358994 0.8582661 -0.4780048 0.1737785 0.0684965
0.31661 -0.24374 1.677 -0.43498 -0.07958 1.56203 0.00216 0.00546 -0.00017 -0.00390 0.00141 0.00267 0.10851 0.13614 0.00185 0.00018 0.10422 0.08086 -0.00129 0.00077 0.799179 0.3610238 0.4680629 -0.1090501 0.8570353 -0.4726874 0.1903952 0.0762021
0.31998 -0.24146 1.67144 -0.43658 -0.07818 1.5609 0.00337 0.00228 -0.00556 -0.00160 0.00140 -0.00113 0.11074 0.12934 0.00223 -0.00680 0.09671 0.08179 -0.00751 0.00093 0.812103 0.229436 0.5159774 -0.1470209 0.8608659 -0.4640848 0.1890796 0.0882278
0.3202 -0.23627 1.66896 -0.43864 -0.07874 1.56362 0.00022 0.00519 -0.00248 -0.00206 -0.00056 0.00272 0.11222 0.13130 0.00148 0.00196 0.09780 0.08974 0.00109 0.00795 0.7619842 0.5571858 0.2967591 -0.1444232 0.8608131 -0.4600132 0.1929172 0.1008543
0.32212 -0.23404 1.66421 -0.43957 -0.08111 1.56455 0.00192 0.00223 -0.00475 -0.00093 -0.00237 0.00093 0.11119 0.13499 -0.00103 0.00369 0.09413 0.08448 -0.00367 -0.00526 0.7602519 0.5240639 0.3445732 -0.1692438 0.8547859 -0.4661199 0.2025147 0.1051713
0.31653 -0.22717 1.62971 -0.43264 -0.08388 1.53875 -0.00559 0.00687 -0.03450 0.00693 -0.00277 -0.02580 0.10453 0.12902 -0.00666 -0.00597 0.09391 0.08550 -0.00022 0.00102 0.8418062 -0.1946894 0.4789889 -0.1550099 0.842517 -0.4828131 0.2133138 0.1074887
0.31891 -0.22907 1.63971 -0.43854 -0.08766 1.55046 0.00238 -0.00190 0.01000 -0.00590 -0.00378 0.01171 0.10660 0.12910 0.00207 0.00008 0.09374 0.08205 -0.00017 -0.00345 0.8450122 -0.2401045 0.4661344 -0.1049898 0.8374358 -0.4945051 0.1898102 0.1346769
0.32211 -0.23137 1.66273 -0.44727 -0.09323 1.57702 0.00320 -0.00230 0.02302 -0.00873 -0.00557 0.02656 0.10512 0.13169 -0.00148 0.00259 0.09073 0.08786 -0.00301 0.00581 0.842752 0.1624472 0.5115252 -0.0414969 0.8247949 -0.5029479 0.2141957 0.1444886
0.31951 -0.23101 1.65048 -0.44712 -0.09525 1.56647 -0.00260 0.00036 -0.01225 0.00015 -0.00202 -0.01055 0.09920 0.13101 -0.00592 -0.00068 0.09028 0.08701 -0.00045 -0.00085 0.8720874 -0.2760721 0.4040356 0.0017774 0.819045 -0.5064409 0.2167169 0.1603639
0.31841 -0.23176 1.65004 -0.44913 -0.09882 1.56709 -0.00110 -0.00075 -0.00044 -0.00201 -0.00357 0.00062 0.09658 0.13168 -0.00262 0.00067 0.08812 0.08586 -0.00216 -0.00115 0.8674815 -0.3066286 0.3866616 0.0628296 0.8128043 -0.5158983 0.2123704 0.1676215
0.31988 -0.23595 1.6682 -0.45464 -0.10293 1.57632 0.00147 -0.00419 0.01816 -0.00551 -0.00411 0.00923 0.09264 0.12964 -0.00394 -0.00204 0.07633 0.08932 -0.01179 0.00346 0.9162808 -0.250005 0.0264555 0.3118125 0.8028689 -0.5201662 0.2197603 0.1911385
0.3253 -0.23598 1.6704 -0.45508 -0.10262 1.57437 0.00542 -0.00003 0.00220 -0.00044 0.00031 -0.00195 0.09310 0.12816 0.00046 -0.00148 0.09844 0.08880 0.02211 -0.00052 0.8585584 -0.3706711 0.3069159 0.1768701 0.8090593 -0.5144783 0.2159673 0.1846436
0.34985 -0.23032 1.69843 -0.46344 -0.10204 1.59755 0.02455 0.00566 0.02803 -0.00836 0.00058 0.02318 0.09349 0.13073 0.00039 0.00257 0.09464 0.08965 -0.00380 0.00085 0.9140803 -0.3292778 0.2336568 -0.0379205 0.8608323 -0.4681883 0.1887844 0.0642487
0.35771 -0.22546 1.70032 -0.46413 -0.10092 1.59681 0.00786 0.00486 0.00189 -0.00069 0.00112 -0.00074 0.09266 0.13035 -0.00083 -0.00038 0.09653 0.08986 0.00189 0.00021 0.9254906 -0.312545 0.197781 -0.081642 0.8617113 -0.4665099 0.1904338 0.0596417
0.36361 -0.21302 1.69453 -0.45828 -0.09943 1.59218 0.00590 0.01244 -0.00579 0.00585 0.00149 -0.00463 0.09522 0.13438 0.00256 0.00403 0.09977 0.08616 0.00324 -0.00370 0.9157007 -0.3477675 0.200536 -0.0183078 0.8664188 -0.4610726 0.1881023 0.0367151
0.35643 -0.20335 1.63965 -0.44172 -0.095 1.53969 -0.00718 0.00967 -0.05488 0.01656 0.00443 -0.05249 0.09489 0.13050 -0.00033 -0.00388 0.09612 0.08443 -0.00365 -0.00173 0.9019328 -0.3988114 0.1624708 -0.0327107 0.8559595 -0.47945 0.1838274 0.060569
0.35344 -0.19771 1.61395 -0.4324 -0.0943 1.51379 -0.00299 0.00564 -0.02570 0.00932 0.00070 -0.02590 0.08926 0.13005 -0.00563 -0.00045 0.09968 0.08429 0.00356 -0.00014 0.8700847 -0.482925 0.0940639 -0.0298025 0.8548796 -0.4840195 0.1763613 0.0616656
0.35279 -0.19364 1.63641 -0.43797 -0.09793 1.53525 -0.00065 0.00407 0.02246 -0.00557 -0.00363 0.02146 0.09107 0.12971 0.00181 -0.00034 0.09905 0.08419 -0.00063 -0.00010 0.903969 -0.3826724 0.1781897 0.0681933 0.848431 -0.4964834 0.1719058 0.0641683
0.35739 -0.19822 1.68385 -0.45208 -0.10214 1.57992 0.00460 -0.00458 0.04744 -0.01411 -0.00421 0.04467 0.07897 0.13488 -0.01210 0.00517 0.10981 0.09209 0.01076 0.00790 0.7715573 -0.4795839 0.1931638 0.3706566 0.8572603 -0.4829864 0.1671816 0.0622837
0.35535 -0.20036 1.67302 -0.45107 -0.10179 1.57199 -0.00204 -0.00214 -0.01083 0.00101 0.00035 -0.00793 0.07138 0.13018 -0.00759 -0.00470 0.09877 0.08496 -0.01104 -0.00713 0.7547035 -0.5204567 0.1546497 0.3682809 0.8505909 -0.4858368 0.1874239 0.0730066
0.35719 -0.20435 1.64724 -0.44756 -0.10092 1.55489 0.00184 -0.00399 -0.02578 0.00351 0.00087 -0.01710 0.07447 0.13007 0.00309 -0.00011 0.05970 0.07653 -0.03907 -0.00843 0.6875517 -0.4833217 -0.4080206 0.3566397 0.8448898 -0.4900782 0.1983773 0.0814305
0.36701 -0.21013 1.65921 -0.45913 -0.10279 1.59279 0.00982 -0.00578 0.01197 -0.01157 -0.00187 0.03790 0.06503 0.13493 -0.00944 0.00486 0.08386 0.08779 0.02416 0.01126 0.855291 -0.4060653 -0.0350501 0.319937 0.8605348 -0.4695835 0.1889035 0.0573286
0.36562 -0.19682 1.6108 -0.45494 -0.10033 1.57305 -0.00139 0.01331 -0.04841 0.00419 0.00246 -0.01974 0.05362 0.13060 -0.01141 -0.00433 0.07266 0.08556 -0.01120 -0.00223 0.8200396 -0.4621411 -0.2278728 0.2490674 0.8522152 -0.4867857 0.1753364 0.0776279
0.37052 -0.16638 1.57261 -0.45076 -0.09977 1.55822 0.00490 0.03044 -0.03819 0.00418 0.00056 -0.01483 0.05464 0.12998 0.00102 -0.00062 0.06921 0.08538 -0.00345 -0.00018 0.832847 -0.437433 -0.2323712 0.2470261 0.8452448 -0.4959705 0.18329 0.0773258
0.37404 -0.10531 1.56178 -0.45146 -0.10313 1.56867 0.00352 0.06107 -0.01083 -0.00070 -0.00336 0.01045 0.05381 0.13585 -0.00083 0.00587 0.06303 0.07678 -0.00618 -0.00860 0.8342572 -0.386279 -0.1596391 0.3596093 0.8364333 -0.5118646 0.1851024 0.0641178
0.38772 -0.03517 1.6208 -0.46713 -0.10944 1.62806 0.01368 0.07014 0.05902 -0.01567 -0.00631 0.05939 0.07179 0.13949 0.01798 0.00364 0.07641 0.08678 0.01338 0.01000 0.8608681 -0.3508476 -0.2206629 0.2951611 0.857059 -0.4821168 0.1775016 0.0388119
0.36637 0.03743 1.57736 -0.45158 -0.11048 1.57663 -0.02135 0.07260 -0.04344 0.01555 -0.00104 -0.05143 0.06948 0.13362 -0.00231 -0.00587 0.05949 0.07553 -0.01692 -0.01125 0.8830087 -0.2656147 -0.2501758 0.2952228 0.8498927 -0.4953398 0.1772377 0.0301263
0.36041 0.07768 1.58573 -0.4461 -0.10905 1.57971 -0.00596 0.04025 0.00837 0.00548 0.00143 0.00308 0.06727 0.13623 -0.00221 0.00261 0.03906 0.07597 -0.02043 0.00044 0.9417675 -0.2800913 0.0137096 0.1855662 0.8324514 -0.520184 0.1772381 0.0708518
0.36057 0.03626 1.57539 -0.44552 -0.10677 1.58368 0.00016 -0.04142 -0.01034 0.00058 0.00228 0.00397 0.05933 0.13739 -0.00794 0.00116 0.07329 0.08051 0.03423 0.00454 0.8769538 -0.3407816 -0.1603379 0.2985158 0.8368422 -0.5104634 0.1867153 0.0652658
0.35424 -0.14034 1.52782 -0.44732 -0.10402 1.57283 -0.00633 -0.17660 -0.04757 -0.00180 0.00275 -0.01085 0.04495 0.13709 -0.01438 -0.00030 0.06541 0.07781 -0.00788 -0.00270 -0.4247143 0.8390868 0.0030521 -0.3399144 0.8464301 -0.4891546 0.1963454 0.0757127
0.34827 -0.22676 1.5556 -0.46123 -0.10739 1.60411 -0.00597 -0.08642 0.02778 -0.01391 -0.00337 0.03128 0.04101 0.13386 -0.00394 -0.00323 0.06275 0.08211 -0.00266 0.00430 0.7694132 -0.5074493 -0.0485558 0.3848905 0.8490094 -0.4822893 0.1962676 0.0897725
0.35332 -0.26583 1.64714 -0.48782 -0.11502 1.6845 0.00505 -0.03907 0.09154 -0.02659 -0.00763 0.08039 0.04613 0.13637 0.00512 0.00251 0.05067 0.10038 -0.01208 0.01827 0.7204978 -0.606349 0.3105071 0.1296495 0.8523041 -0.4797982 0.1816067 0.1019329
0.34278 -0.21591 1.59205 -0.46789 -0.11186 1.60771 -0.01054 0.04992 -0.05509 0.01993 0.00316 -0.07679 0.05925 0.13488 0.01312 -0.00149 0.06811 0.08477 0.01744 -0.01561 0.4188772 -0.4848424 0.7381013 -0.2113675 0.8478296 -0.4854882 0.1930492 0.0906536
0.36446 -0.13275 1.64014 -0.4741 -0.11625 1.63313 0.02168 0.08316 0.04809 -0.00621 -0.00439 0.02542 0.07633 0.13700 0.01708 0.00212 0.06452 0.09741 -0.00359 0.01264 0.2640758 -0.439196 0.8052148 -0.2983288 0.8481583 -0.4902567 0.1847145 0.0784632
0.36723 -0.03381 1.62056 -0.46155 -0.11471 1.58752 0.00277 0.09894 -0.01958 0.01255 0.00154 -0.04561 0.08300 0.13601 0.00667 -0.00099 0.06180 0.07969 -0.00272 -0.01772 0.2729595 -0.3142278 0.863769 -0.2840018 0.8400305 -0.5017911 0.1991925 0.0536355
0.37293 0.0402 1.62031 -0.4563 -0.114 1.56771 0.00570 0.07401 -0.00025 0.00525 0.00071 -0.01981 0.06849 0.13394 -0.01451 -0.00207 0.05659 0.07983 -0.00521 0.00014 0.2336917 -0.2548939 0.909394 -0.2311275 0.8393002 -0.5046526 0.1971216 0.0452123
0.38395 0.05544 1.62101 -0.45755 -0.11396 1.57333 0.01102 0.01524 0.00070 -0.00125 0.00004 0.00562 0.06354 0.13636 -0.00495 0.00242 0.05562 0.07600 -0.00097 -0.00383 0.1824881 -0.1935731 0.9289089 -0.257596 0.8420561 -0.5020352 0.1930652 0.0403485
0.38717 -0.16557 1.65767 -0.48772 -0.12364 1.66848 0.00322 -0.22101 0.03666 -0.03017 -0.00968 0.09515 0.05307 0.14322 -0.01047 0.00686 0.05340 0.08629 -0.00222 0.01029 0.100409 -0.333032 0.8507884 -0.3939123 0.8397528 -0.4971846 0.2116073 0.0533395
0.3533 -0.18588 1.55704 -0.45791 -0.11936 1.56635 -0.03387 -0.02031 -0.10063 0.02981 0.00428 -0.10213 0.04963 0.13486 -0.00344 -0.00836 0.05077 0.08397 -0.00263 -0.00232 0.125006 -0.3863762 0.8343455 -0.3727661 0.8384176 -0.4993311 0.2105567 0.058226
0.37465 -0.16282 1.65434 -0.47647 -0.13083 1.64054 0.02135 0.02306 0.09730 -0.01856 -0.01147 0.07419 0.06705 0.13913 0.01742 0.00427 0.06279 0.09341 0.01202 0.00944 0.2155699 -0.3198467 0.8711017 -0.3039891 0.8414273 -0.5055259 0.1819722 0.0577055
0.38065 -0.12691 1.67063 -0.47765 -0.13102 1.64827 0.00600 0.03591 0.01629 -0.00118 -0.00019 0.00773 0.06971 0.14035 0.00266 0.00122 0.07907 0.08859 0.01628 -0.00482 0.8999259 -0.2794062 -0.1734153 0.2863435 0.8448389 -0.5026354 0.177262 0.046724
0.36878 -0.08537 1.61508 -0.45757 -0.12538 1.58966 -0.01187 0.04154 -0.05555 0.02008 0.00564 -0.05861 0.07960 0.13946 0.00989 -0.00089 0.05664 0.09053 -0.02243 0.00194 0.9237248 -0.2709843 -0.0069879 0.2706497 0.8503951 -0.4973392 0.1679341 0.0357778
0.37198 -0.02648 1.60294 -0.44742 -0.11891 1.56227 0.00320 0.05889 -0.01214 0.01015 0.00647 -0.02739 0.10826 0.13204 0.02866 -0.00742 0.07167 0.07301 0.01503 -0.01752 0.8742456 -0.0364991 -0.2779645 0.396356 0.854057 -0.4853416 0.18691 0.0097487
0.38457 0.01237 1.60343 -0.44175 -0.11814 1.56113 0.01259 0.03885 0.00049 0.00567 0.00077 -0.00114 0.14059 0.13566 0.03233 0.00362 0.10287 0.07828 0.03120 0.00527 0.8665442 -0.2690875 0.3942886 0.1457043 0.8608664 -0.4785297 0.1729669 -0.0009574
0.38877 0.02515 1.58957 -0.43507 -0.11787 1.547 0.00420 0.01278 -0.01386 0.00668 0.00027 -0.01413 0.14421 0.13306 0.00362 -0.00260 0.09792 0.07160 -0.00495 -0.00668 0.8542658 -0.259967 0.4087759 0.1885452 0.8604994 -0.4790539 0.1731405 -0.0083996
0.39214 0.03077 1.59351 -0.43344 -0.12016 1.55022 0.00337 0.00562 0.00394 0.00163 -0.00229 0.00322 0.14409 0.13481 -0.00012 0.00175 0.09841 0.07219 0.00049 0.00059 0.8614131 -0.2571983 0.4106286 0.1523173 0.8594284 -0.4827116 0.1681076 -0.010586
0.3912 0.02164 1.58846 -0.43044 -0.12014 1.54187 -0.00094 -0.00913 -0.00505 0.00300 0.00002 -0.00835 0.13916 0.13315 -0.00493 -0.00166 0.10418 0.06884 0.00577 -0.00335 0.8443069 -0.2878674 0.4280343 0.1451371 0.8612677 -0.4866603 0.1462175 0.0003336
0.39084 -0.03709 1.5892 -0.43029 -0.12284 1.5437 -0.00036 -0.05873 0.00074 0.00015 -0.00270 0.00183 0.14033 0.13694 0.00117 0.00379 0.10244 0.07768 -0.00174 0.00884 0.7913324 -0.4416943 0.3918735 0.1585384 0.8508073 -0.4947143 0.176249 -0.0179154
0.39603 -0.07558 1.59315 -0.43136 -0.11939 1.54172 0.00519 -0.03849 0.00395 -0.00107 0.00345 -0.00198 0.13655 0.13535 -0.00378 -0.00159 0.10490 0.07240 0.00246 -0.00528 0.7929922 -0.3963283 0.4427646 0.1343387 0.855905 -0.4869234 0.1739738 -0.0080862
0.39648 -0.07776 1.59095 -0.43064 -0.1173 1.54138 0.00045 -0.00218 -0.00220 0.00072 0.00209 -0.00034 0.13611 0.13421 -0.00044 -0.00114 0.11099 0.07163 0.00609 -0.00077 0.79391 -0.3922998 0.4523834 0.1056263 0.8595193 -0.4810107 0.1725985 -0.0080613
0.39587 -0.07948 1.5926 -0.43227 -0.11495 1.54555 -0.00061 -0.00172 0.00165 -0.00163 0.00235 0.00417 0.13863 0.13840 0.00252 0.00419 0.10975 0.07982 -0.00124 0.00819 0.8228896 -0.3818264 0.4007983 0.1281485 0.8680266 -0.4733729 0.149512 0.0096965
0.39531 -0.08045 1.58691 -0.43254 -0.11371 1.54758 -0.00056 -0.00097 -0.00569 -0.00027 0.00124 0.00203 0.13808 0.13874 -0.00055 0.00034 0.09086 0.06920 -0.01889 -0.01062 0.8288913 -0.4025604 0.37158 0.1131926 0.8641664 -0.4679891 0.1848508 -0.0057387
0.39584 -0.07989 1.58585 -0.43521 -0.11309 1.55446 0.00053 0.00056 -0.00106 -0.00267 0.00062 0.00688 0.14293 0.13619 0.00485 -0.00255 0.08561 0.06942 -0.00525 0.00022 0.8448458 -0.3996133 0.3365081 0.1153567 0.8637928 -0.4649694 0.1940016 -0.005367
0.39515 -0.07655 1.58235 -0.43666 -0.11375 1.55985 -0.00069 0.00334 -0.00350 -0.00145 -0.00066 0.00539 0.14221 0.13825 -0.00072 0.00206 0.09557 0.06981 0.00996 0.00039 0.8259934 -0.3933921 0.3943799 0.0862674 0.8652246 -0.4625707 0.1934204 0.0018294
0.39492 -0.07056 1.58037 -0.43973 -0.11502 1.56691 -0.00023 0.00599 -0.00198 -0.00307 -0.00127 0.00706 0.14245 0.13619 0.00024 -0.00206 0.09117 0.07242 -0.00440 0.00261 0.8551862 -0.3809223 0.3336619 0.1105649 0.8647974 -0.4643883 0.1906797 0.0104919
0.39841 -0.05982 1.5728 -0.44119 -0.11592 1.57161 0.00349 0.01074 -0.00757 -0.00146 -0.00090 0.00470 0.13707 0.13806 -0.00538 0.00187 0.09658 0.08244 0.00541 0.01002 0.8790061 -0.3620043 0.2935726 0.100579 0.8734794 -0.4572141 0.1631633 0.0369712
0.40147 -0.04347 1.57002 -0.44559 -0.11848 1.57997 0.00306 0.01635 -0.00278 -0.00440 -0.00256 0.00836 0.13995 0.13411 0.00288 -0.00395 0.10211 0.07661 0.00553 -0.00583 0.8825815 -0.3562781 0.2874497 0.1071841 0.86424 -0.4673109 0.1834577 0.0324515
0.40348 -0.02538 1.55246 -0.44529 -0.12122 1.5796 0.00201 0.01809 -0.01756 0.00030 -0.00274 -0.00037 0.14073 0.13911 0.00078 0.00500 0.08504 0.07750 -0.01707 0.00089 0.8697823 -0.3163912 0.3347994 0.1768752 0.8593504 -0.4758279 0.1848311 0.0306934
0.39853 -0.00629 1.54246 -0.44766 -0.12403 1.58853 -0.00495 0.01909 -0.01000 -0.00237 -0.00281 0.00893 0.13733 0.13992 -0.00340 0.00081 0.08095 0.08450 -0.00409 0.00700 0.8502955 -0.3504975 0.3622708 0.1513568 0.8432372 -0.5028285 0.1838147 0.048236
0.38699 0.00064 1.51227 -0.44321 -0.12492 1.57692 -0.01154 0.00693 -0.03019 0.00445 -0.00089 -0.01161 0.12457 0.13654 -0.01276 -0.00338 0.05418 0.08291 -0.02677 -0.00159 0.3296125 -0.4300978 0.8398271 0.0325872 0.8456767 -0.5049067 0.1669023 0.0452069
0.38709 0.00275 1.54971 -0.45721 -0.1294 1.63469 0.00010 0.00211 0.03744 -0.01400 -0.00448 0.05777 0.11176 0.14405 -0.01281 0.00751 0.08585 0.07931 0.03167 -0.00360 0.7982007 -0.3443598 0.3511127 0.3478677 0.8544973 -0.4911762 0.1650902 0.0364076
0.34469 -0.00801 1.47429 -0.43794 -0.1229 1.56868 -0.04240 -0.01076 -0.07542 0.01927 0.00650 -0.06601 0.11219 0.13605 0.00043 -0.00800 0.05192 0.07070 -0.03393 -0.00861 0.529973 -0.3495225 0.7724025 -0.0188976 0.8661986 -0.4799512 0.1308117 0.0472778
0.34182 -0.02503 1.51178 -0.44911 -0.1237 1.61703 -0.00287 -0.01702 0.03749 -0.01117 -0.00080 0.04835 0.08835 0.14074 -0.02384 0.00469 0.05064 0.07857 -0.00128 0.00787 0.3622407 -0.315816 0.8529944 0.2035744 0.8691533 -0.4649567 0.1665257 0.0256325
0.30642 -0.04609 1.50076 -0.44363 -0.12089 1.60586 -0.03540 -0.02106 -0.01102 0.00548 0.00281 -0.01117 0.09033 0.13735 0.00198 -0.00339 0.09666 0.07412 0.04602 -0.00445 0.7163484 -0.2818043 0.440179 0.4622486 0.8725617 -0.4540611 0.179378 0.0169767
0.27866 -0.07241 1.50237 -0.44055 -0.11795 1.59964 -0.02776 -0.02632 0.00161 0.00308 0.00294 -0.00622 0.09393 0.13719 0.00360 -0.00016 0.08707 0.07288 -0.00959 -0.00124 0.8121622 -0.0553793 0.5768668 -0.0674574 0.8367771 -0.5085655 0.1911925 0.0679018
0.24872 -0.09596 1.51746 -0.44055 -0.11777 1.60782 -0.02994 -0.02355 0.01509 0.00000 0.00018 0.00818 0.10714 0.13653 0.01321 -0.00066 0.04523 0.07515 -0.04184 0.00227 0.5557365 -0.3601583 0.7492796 0.0047965 0.8380771 -0.510542 0.173816 0.082229
0.18159 -0.13191 1.56393 -0.44366 -0.12331 1.62826 -0.06713 -0.03595 0.04647 -0.00311 -0.00554 0.02044 0.12151 0.14145 0.01437 0.00492 0.10067 0.07947 0.05544 0.00432 0.4701025 -0.4379108 0.5116684 0.5704675 0.8241659 -0.533106 0.1711809 0.0851212
0.16008 -0.14554 1.60522 -0.44988 -0.12686 1.66101 -0.02151 -0.01363 0.04129 -0.00622 -0.00355 0.03275 0.12197 0.14113 0.00046 -0.00032 0.08622 0.08029 -0.01445 0.00082 0.5593403 -0.4655157 0.4729838 0.496709 0.8595393 -0.4834376 0.1606354 0.040946
0.12864 -0.14132 1.53786 -0.42822 -0.1201 1.59456 -0.03144 0.00422 -0.06736 0.02166 0.00676 -0.06645 0.12079 0.13579 -0.00118 -0.00534 0.08600 0.07211 -0.00022 -0.00818 0.6301969 -0.4622498 0.4213532 0.4600418 0.8060815 -0.5523228 0.1829572 0.1081612
0.11952 -0.14641 1.58946 -0.44419 -0.12224 1.6692 -0.00912 -0.00509 0.05160 -0.01597 -0.00214 0.07464 0.12378 0.14827 0.00299 0.01248 0.11152 0.07826 0.02552 0.00615 0.6939598 -0.4825944 0.338623 0.4133483 0.8779923 -0.4520796 0.1560135 0.020333
0.10419 -0.14064 1.54446 -0.43913 -0.11735 1.66012 -0.01533 0.00577 -0.04500 0.00506 0.00489 -0.00908 0.13228 0.14400 0.00850 -0.00427 0.09512 0.07367 -0.01640 -0.00459 0.719155 -0.5162817 0.3504093 0.3057492 0.8771735 -0.449472 0.1687882 0.0072153
0.09848 -0.13973 1.49924 -0.43728 -0.11365 1.66223 -0.00571 0.00091 -0.04522 0.00185 0.00370 0.00211 0.13312 0.14370 0.00084 -0.00030 0.09882 0.07426 0.00370 0.00059 0.7203114 -0.5115157 0.3748818 0.2810105 0.8826042 -0.4400868 0.1652736 0.0042528
0.09382 -0.13888 1.43591 -0.43025 -0.10993 1.64304 -0.00466 0.00085 -0.06333 0.00703 0.00372 -0.01919 0.13093 0.14157 -0.00219 -0.00213 0.10589 0.08406 0.00707 0.00980 0.7068663 -0.5167854 0.4010604 0.269116 0.8659122 -0.4775332 0.1344808 0.0638207
0.08924 -0.13485 1.36651 -0.41706 -0.10608 1.601 -0.00458 0.00403 -0.06940 0.01319 0.00385 -0.04204 0.12734 0.13910 -0.00359 -0.00247 0.09524 0.07128 -0.01065 -0.01278 0.7029055 -0.4974043 0.4167101 0.2913166 0.859164 -0.4868761 0.1475749 0.0548679
0.09046 -0.12567 1.37033 -0.41804 -0.1058 1.61038 0.00122 0.00918 0.00382 -0.00098 0.00028 0.00938 0.12832 0.13898 0.00098 -0.00012 0.09817 0.08294 0.00293 0.01166 0.7251129 -0.4664718 0.4459202 0.2403549 0.8642815 -0.4780285 0.1494062 0.0467345
0.08822 -0.11838 1.39018 -0.41818 -0.10643 1.61102 -0.00224 0.00729 0.01985 -0.00014 -0.00063 0.00064 0.12147 0.13864 -0.00685 -0.00034 0.09330 0.07389 -0.00487 -0.00905 0.6874716 -0.3843907 0.52007 0.3303845 0.8704534 -0.4698121 0.1341543 0.059917
0.08588 -0.11371 1.42992 -0.42245 -0.10708 1.62148 -0.00234 0.00467 0.03974 -0.00427 -0.00065 0.01046 0.12086 0.14238 -0.00061 0.00374 0.10813 0.07216 0.01483 -0.00173 0.5784763 -0.389688 0.6136392 0.3700749 0.8678989 -0.466108 0.1643633 0.0497941
0.08105 -0.11057 1.47981 -0.42888 -0.10827 1.63666 -0.00483 0.00314 0.04989 -0.00643 -0.00119 0.01518 0.12509 0.13930 0.00423 -0.00308 0.10574 0.08672 -0.00239 0.01456 0.6857782 -0.3369883 0.492361 0.4168065 0.8616715 -0.4736098 0.1694362 0.0671365
0.06982 -0.10707 1.58337 -0.44101 -0.11356 1.66776 -0.01123 0.00350 0.10356 -0.01213 -0.00529 0.03110 0.13436 0.14644 0.00927 0.00714 0.08863 0.08128 -0.01711 -0.00544 0.6784831 -0.3760371 0.4585688 0.4335566 0.8593053 -0.4778652 0.1667796 0.0736472
0.07336 -0.10216 1.61441 -0.44244 -0.11449 1.67222 0.00354 0.00491 0.03104 -0.00143 -0.00093 0.00446 0.12006 0.14143 -0.01430 -0.00501 0.09428 0.08204 0.00565 0.00076 0.4988203 -0.3222375 0.6791072 0.4314564 0.8619825 -0.4725919 0.1738461 0.0584865
0.06906 -0.09612 1.63623 -0.44227 -0.11241 1.67117 -0.00430 0.00604 0.02182 0.00017 0.00208 -0.00105 0.11235 0.13713 -0.00771 -0.00430 0.08449 0.07834 -0.00979 -0.00370 0.6218521 -0.21215 0.5679309 0.4957284 0.8706728 -0.4643039 0.1520623 0.0568135
0.06029 -0.09005 1.64898 -0.44139 -0.11241 1.67302 -0.00877 0.00607 0.01275 0.00088 0.00000 0.00185 0.11907 0.14306 0.00672 0.00593 0.07776 0.07828 -0.00673 -0.00006 0.6555491 -0.1858416 0.5295807 0.5052353 0.8733408 -0.4622132 0.1450101 0.0510574
0.04913 -0.08113 1.64825 -0.43898 -0.11011 1.66793 -0.01116 0.00892 -0.00073 0.00241 0.00230 -0.00509 0.11101 0.14095 -0.00806 -0.00211 0.07114 0.07891 -0.00662 0.00063 0.663102 -0.2438031 0.5114735 0.4891325 0.8650507 -0.4752782 0.1500815 0.0572156
0.03406 -0.07324 1.64723 -0.43901 -0.10813 1.66851 -0.01507 0.00789 -0.00102 -0.00003 0.00198 0.00058 0.11611 0.14385 0.00510 0.00290 0.04120 0.07681 -0.02994 -0.00210 0.8029742 -0.0757521 0.2232993 0.5473859 0.8660043 -0.4764822 0.1328917 0.0730826
-0.01738 -0.05177 1.62618 -0.43511 -0.10746 1.64552 -0.05144 0.02147 -0.02105 0.00390 0.00067 -0.02299 0.11022 0.14137 -0.00589 -0.00248 0.08071 0.09092 0.03951 0.01411 0.7066136 -0.3444892 0.4939035 0.3715962 0.874235 -0.4682226 0.099727 0.0808407
-0.10916 -0.02944 1.59858 -0.42233 -0.10645 1.58759 -0.09178 0.02233 -0.02760 0.01278 0.00101 -0.05793 0.09983 0.13864 -0.01039 -0.00273 0.09602 0.07917 0.01531 -0.01175 0.4634531 -0.2296863 0.6681092 0.5348697 0.8698702 -0.472059 0.1269061 0.0661894
-0.09719 -0.02888 1.61299 -0.43757 -0.11141 1.63749 0.01197 0.00056 0.01441 -0.01524 -0.00496 0.04990 0.14057 0.14212 0.04074 0.00348 0.08483 0.07400 -0.01119 -0.00517 0.6140478 -0.3454278 0.5608463 0.4348292 0.8745646 -0.4705749 0.0901984 0.0745667
-0.12327 -0.03262 1.56609 -0.42093 -0.10781 1.59612 -0.02608 -0.00374 -0.04690 0.01664 0.00360 -0.04137 0.12604 0.14321 -0.01453 0.00109 0.06802 0.08328 -0.01681 0.00928 0.64807 -0.3787746 0.4331822 0.4988871 0.8469167 -0.5033303 0.0985384 0.1402886
-0.16233 -0.03747 1.56666 -0.40348 -0.09793 1.59337 -0.03906 -0.00485 0.00057 0.01745 0.00988 -0.00275 0.10891 0.14304 -0.01713 -0.00017 0.06227 0.08812 -0.00575 0.00484 0.6676801 -0.3751748 0.5068613 0.3956497 0.9010528 -0.4265495 0.0652661 0.0435845
-0.23733 -0.02149 1.52789 -0.41552 -0.09347 1.54228 -0.07500 0.01598 -0.03877 -0.01204 0.00446 -0.05109 0.13735 0.15491 0.02844 0.01187 0.08317 0.08160 0.02090 -0.00652 0.5011557 -0.2657792 0.6432185 0.5142708 0.900991 -0.3716976 0.1485558 0.1672946
-0.23448 -0.01669 1.53397 -0.44113 -0.09804 1.54329 0.00285 0.00480 0.00608 -0.02561 -0.00457 0.00101 0.13751 0.14558 0.00016 -0.00933 0.07987 0.08056 -0.00330 -0.00104 0.4983497 -0.2426367 0.6632323 0.5028896 0.879846 -0.3677077 0.105451 0.282032
-0.17117 -0.04342 1.57239 -0.46997 -0.09874 1.60602 0.06331 -0.02673 0.03842 -0.02884 -0.00070 0.06273 0.12585 0.14060 -0.01166 -0.00498 0.07088 0.09050 -0.00899 0.00994 0.6481291 -0.3189338 0.620403 0.3054667 0.9019805 -0.3878531 0.0295361 0.1874267
-0.13873 -0.04583 1.57952 -0.47693 -0.09359 1.61855 0.03244 -0.00241 0.00713 -0.00696 0.00515 0.01253 0.14371 0.13867 0.01786 -0.00193 0.07911 0.08931 0.00823 -0.00119 0.7228273 -0.2491846 0.5718601 0.2973279 0.9105375 -0.3696017 0.0518974 0.1778278
-0.0817 -0.05869 1.56563 -0.47851 -0.08887 1.61998 0.05703 -0.01286 -0.01389 -0.00158 0.00472 0.00143 0.14436 0.14044 0.00065 0.00177 0.07509 0.08466 -0.00402 -0.00465 0.7342265 -0.3551157 0.5416834 0.2034292 0.9124101 -0.3671308 0.0945731 0.1542036
-0.01087 -0.07565 1.59368 -0.49325 -0.08842 1.66333 0.07083 -0.01696 0.02805 -0.01474 0.00045 0.04335 0.14597 0.14179 0.00161 0.00135 0.08821 0.08745 0.01312 0.00279 0.7633886 -0.3349479 0.4791943 0.2746282 0.8969426 -0.4032545 0.0801726 0.1626408
0.11612 -0.08456 1.56338 -0.48703 -0.08135 1.64293 0.12699 -0.00891 -0.03030 0.00622 0.00707 -0.02040 0.11965 0.14139 -0.02632 -0.00040 0.09590 0.08758 0.00769 0.00013 0.767528 -0.0665396 0.5304258 0.3537256 0.9040223 -0.3954387 0.1023271 0.1260997
0.21524 -0.12226 1.55248 -0.48193 -0.07731 1.62951 0.09912 -0.03770 -0.01090 0.00510 0.00404 -0.01342 0.14147 0.13998 0.02182 -0.00141 0.10880 0.07649 0.01290 -0.01109 0.8822966 -0.2257869 0.3678822 -0.1877114 0.9048945 -0.3945131 0.121617 0.1036076
0.31958 -0.1444 1.54802 -0.46673 -0.07247 1.61437 0.10434 -0.02214 -0.00446 0.01520 0.00484 -0.01514 0.11796 0.14004 -0.02351 0.00006 0.08384 0.08687 -0.02496 0.01038 0.863323 -0.2659433 0.4233262 0.068866 0.9146106 -0.3862834 0.0970077 0.0697285
0.33826 -0.1421 1.55094 -0.46028 -0.07321 1.61068 0.01868 0.00230 0.00292 0.00645 -0.00074 -0.00369 0.12641 0.14123 0.00845 0.00119 0.09937 0.06889 0.01553 -0.01798 0.8825582 -0.2321499 0.4088849 0.0032564 0.9023932 -0.4076455 0.1369718 0.0273943
0.35196 -0.14157 1.57137 -0.45719 -0.07341 1.62456 0.01370 0.00053 0.02043 0.00309 -0.00020 0.01388 0.13145 0.14123 0.00504 0.00000 0.09293 0.07595 -0.00644 0.00706 0.8190074 -0.3123544 0.4613643 0.1371296 0.9025427 -0.415249 0.1130916 0.0139765
0.36364 -0.14348 1.59411 -0.45513 -0.07313 1.63872 0.01168 -0.00191 0.02274 0.00206 0.00028 0.01416 0.12107 0.14133 -0.01038 0.00010 0.09809 0.08171 0.00516 0.00576 0.8849489 -0.3371355 0.3114147 0.0789042 0.9019995 -0.4255454 0.0709106 0.0167208
0.34993 -0.13583 1.56022 -0.4308 -0.07187 1.60505 -0.01371 0.00765 -0.03389 0.02433 0.00126 -0.03367 0.12352 0.14356 0.00245 0.00223 0.08887 0.06545 -0.00922 -0.01626 0.8611734 -0.3540082 0.3520383 0.0955377 0.8945025 -0.4295488 0.1176826 -0.0387811
0.35052 -0.13592 1.55576 -0.42466 -0.07274 1.60061 0.00059 -0.00009 -0.00446 0.00614 -0.00087 -0.00444 0.12779 0.14128 0.00427 -0.00228 0.08284 0.06460 -0.00603 -0.00085 0.8570365 -0.3629508 0.3557763 0.0847249 0.8925062 -0.4354171 0.1131915 -0.0321272
0.35114 -0.13489 1.5588 -0.42208 -0.07422 1.60453 0.00062 0.00103 0.00304 0.00258 -0.00148 0.00392 0.13479 0.14330 0.00700 0.00202 0.08425 0.06809 0.00141 0.00349 0.8643786 -0.3600946 0.3394872 0.0890504 0.8913836 -0.4374417 0.1157639 -0.0260506
0.3547 -0.13601 1.55948 -0.4214 -0.07796 1.60385 0.00356 -0.00112 0.00068 0.00068 -0.00374 -0.00068 0.12599 0.14530 -0.00880 0.00200 0.04291 0.06929 -0.04134 0.00120 0.6101258 -0.3550443 0.6995904 -0.1107392 0.8859016 -0.4500231 0.1115833 -0.0143788
0.36243 -0.14236 1.57494 -0.4258 -0.08467 1.61866 0.00773 -0.00635 0.01546 -0.00440 -0.00671 0.01481 0.13067 0.14345 0.00468 -0.00185 0.08816 0.08172 0.04525 0.01243 0.8565207 -0.3444047 0.3721344 0.0963002 0.8821332 -0.4648299 0.0738647 0.0178375
0.37211 -0.15329 1.57051 -0.4241 -0.09295 1.61142 0.00968 -0.01093 -0.00443 0.00170 -0.00828 -0.00724 0.11297 0.14600 -0.01770 0.00255 0.04951 0.07125 -0.03865 -0.01047 0.3395826 -0.4139527 0.7376932 -0.4112611 0.870675 -0.4818101 0.0978025 0.0147917
0.38562 -0.16968 1.56191 -0.42122 -0.10342 1.59692 0.01351 -0.01639 -0.00860 0.00288 -0.01047 -0.01450 0.10153 0.14201 -0.01144 -0.00399 0.09165 0.07091 0.04214 -0.00034 0.8055408 -0.2890309 0.4373086 0.2762723 0.8465803 -0.5162762 0.1265455 0.0273298
0.42755 -0.20381 1.62877 -0.43615 -0.12301 1.66481 0.04193 -0.03413 0.06686 -0.01493 -0.01959 0.06789 0.08960 0.14568 -0.01193 0.00367 0.10512 0.07352 0.01347 0.00261 0.8333245 -0.4929846 0.2499777 0.0068875 0.8634836 -0.4837093 0.1403816 0.0267267
0.44457 -0.23681 1.58374 -0.41769 -0.1331 1.61583 0.01702 -0.03300 -0.04503 0.01846 -0.01009 -0.04898 0.06685 0.14751 -0.02275 0.00183 0.09513 0.07484 -0.00999 0.00132 0.813787 -0.5742153 0.0852313 -0.0276229 0.8518552 -0.5080891 0.1264582 0.0140164
0.51788 -0.3335 1.59891 -0.39101 -0.16969 1.60934 0.07331 -0.09669 0.01517 0.02668 -0.03659 -0.00649 0.08324 0.14459 0.01639 -0.00292 0.07827 0.08413 -0.01686 0.00929 0.7950903 -0.5944166 -0.0878986 0.0823057 0.8151944 -0.5763375 0.057148 0.0052182
0.55421 -0.38524 1.6182 -0.368 -0.18895 1.59492 0.03633 -0.05174 0.01929 0.02301 -0.01926 -0.01442 0.09670 0.13831 0.01346 -0.00628 0.04277 0.08091 -0.03550 -0.00322 0.7649001 -0.6290824 0.0516953 -0.128494 0.8038862 -0.5927363 0.0486389 -0.0080661
0.57964 -0.43598 1.74103 -0.34821 -0.21995 1.6434 0.02543 -0.05074 0.12283 0.01979 -0.03100 0.04848 0.13008 0.14443 0.03338 0.00612 0.08212 0.09106 0.03935 0.01015 0.6053685 -0.4050928 0.4428763 -0.5227708 0.8753897 -0.4809327 0.0489466 -0.0009307
0.55459 -0.46544 1.71201 -0.30592 -0.23046 1.56899 -0.02505 -0.02946 -0.02902 0.04229 -0.01051 -0.07441 0.13473 0.14226 0.00465 -0.00217 0.08107 0.08264 -0.00105 -0.00842 0.7882764 -0.0926405 -0.0481011 -0.6064027 0.8545361 -0.5169434 -0.0292412 -0.0410189
0.59816 -0.5302 1.80151 -0.28392 -0.27047 1.60478 0.04357 -0.06476 0.08950 0.02200 -0.04001 0.03579 0.14581 0.12404 0.01108 -0.01822 0.13456 0.08770 0.05349 0.00506 -0.4629233 0.2569079 -0.4968819 0.6876109 -0.6399073 0.7666065 -0.0495038 -0.0195618
0.59504 -0.55653 1.82405 -0.23966 -0.30797 1.59359 -0.00312 -0.02633 0.02254 0.04426 -0.03750 -0.01119 0.15477 0.08961 0.00896 -0.03443 0.08384 0.06454 -0.05072 -0.02316 -0.5234749 0.4404407 -0.2919406 0.6683986 0.8988031 -0.4354896 -0.0500083 -0.0010819
0.57283 -0.55676 1.82639 -0.19283 -0.33207 1.55017 -0.02221 -0.00023 0.00234 0.04683 -0.02410 -0.04342 0.18672 0.07340 0.03195 -0.01621 0.06465 0.07644 -0.01919 0.01190 -0.505478 0.4645906 -0.1777057 0.7050306 0.8151123 -0.5654363 -0.0959698 -0.0816298
0.59321 -0.58966 1.79579 -0.16302 -0.37442 1.58562 0.02038 -0.03290 -0.03060 0.02981 -0.04235 0.03545 0.15510 0.09395 -0.03162 0.02055 0.14346 0.07294 0.07881 -0.00350 -0.3376685 0.0587909 -0.4862847 0.8037728 -0.6598781 0.7041175 0.1842862 0.1865957
0.58387 -0.62871 1.78491 -0.1301 -0.39245 1.56673 -0.00934 -0.03905 -0.01088 0.03292 -0.01803 -0.01889 0.13495 0.09764 -0.02015 0.00369 0.12768 0.07375 -0.01578 0.00081 -0.340122 0.146926 -0.3739688 0.8502218 0.9319821 -0.0282854 -0.2825329 0.225354
0.61125 -0.66441 1.8738 -0.11777 -0.44113 1.67115 0.02738 -0.03570 0.08889 0.01233 -0.04868 0.10442 0.14682 0.12233 0.01187 0.02469 0.11831 0.08348 -0.00937 0.00973 -0.3344609 0.1547162 -0.3442332 0.8635405 -0.5082192 0.7804038 0.2277689 0.2842613
0.6066 -0.65753 1.82893 -0.10109 -0.45141 1.66231 -0.00465 0.00688 -0.04487 0.01668 -0.01028 -0.00884 0.16109 0.12779 0.01427 0.00546 0.11071 0.07150 -0.00760 -0.01198 -0.341087 0.1745967 -0.3766491 0.8433926 -0.2753366 0.8525395 0.4354536 -0.088013
0.58387 -0.63524 1.74533 -0.07865 -0.45133 1.60795 -0.02273 0.02229 -0.08360 0.02244 0.00008 -0.05436 0.16114 0.11753 0.00005 -0.01026 0.11494 0.12644 0.00423 0.05494 -0.3428102 0.2377294 -0.4072905 0.8124533 -0.0455049 0.7572573 0.4986074 -0.419382
0.60689 -0.66097 1.83412 -0.07405 -0.48423 1.68398 0.02302 -0.02573 0.08879 0.00460 -0.03290 0.07603 0.16133 0.12594 0.00019 0.00841 0.10803 0.13048 -0.00691 0.00404 -0.3713579 0.1819954 -0.391284 0.8221118 -0.0267159 0.7471703 0.4901164 -0.4481167
0.59835 -0.65555 1.81622 -0.07032 -0.49677 1.67312 -0.00854 0.00542 -0.01790 0.00373 -0.01254 -0.01086 0.14290 0.11865 -0.01843 -0.00729 0.10757 0.12545 -0.00046 -0.00503 -0.3858805 0.2351495 -0.3707503 0.8113847 0.0379538 0.8232576 0.4108696 -0.3898622
0.61755 -0.67754 1.87132 -0.07142 -0.52135 1.72866 0.01920 -0.02199 0.05510 -0.00110 -0.02458 0.05554 0.16517 0.12263 0.02227 0.00398 0.08386 0.13548 -0.02371 0.01003 -0.388867 0.2446538 -0.3608539 0.8116104 -0.0555977 0.7329597 0.5122911 -0.4441134
0.57536 -0.63038 1.71336 -0.05387 -0.49449 1.6018 -0.04219 0.04716 -0.15796 0.01755 0.02686 -0.12686 0.15022 0.11248 -0.01495 -0.01015 0.06890 0.12175 -0.01496 -0.01373 -0.3126611 0.3433954 -0.4279439 0.7753623 0.0379836 0.8214154 0.4028774 -0.4019003
0.60706 -0.6751 1.89829 -0.09366 -0.53281 1.73364 0.03170 -0.04472 0.18493 -0.03979 -0.03832 0.13184 0.15828 0.11165 0.00806 -0.00083 0.11301 0.14455 0.04411 0.02280 -0.3699538 0.249038 -0.3317935 0.8312805 -0.0879771 0.7083652 0.5819742 -0.3895957
0.59294 -0.65726 1.81188 -0.09588 -0.49812 1.67709 -0.01412 0.01784 -0.08641 -0.00222 0.03469 -0.05655 0.15976 0.10508 0.00148 -0.00657 0.12249 0.06188 0.00948 -0.08267 -0.4054866 0.3074772 -0.3236046 0.7976957 -0.0937722 0.6832702 0.3904731 -0.6098191
0.59091 -0.65659 1.81271 -0.09689 -0.4985 1.67427 -0.00203 0.00067 0.00083 -0.00101 -0.00038 -0.00282 0.16901 0.10197 0.00925 -0.00311 0.09611 0.06096 -0.02638 -0.00092 -0.3728085 0.2316923 -0.3566428 0.8247051 -0.0844629 0.6843732 0.4020897 -0.602348
0.59038 -0.65752 1.80886 -0.09536 -0.49865 1.67201 -0.00053 -0.00093 -0.00385 0.00153 -0.00015 -0.00226 0.14364 0.10338 -0.02537 0.00141 0.09858 0.06192 0.00247 0.00096 -0.3826132 0.2446181 -0.3538752 0.8176438 -0.0730854 0.7319855 0.359646 -0.5740301
0.58101 -0.65354 1.81854 -0.05571 -0.52813 1.66917 -0.00937 0.00398 0.00968 0.03965 -0.02948 -0.00284 0.14083 0.11638 -0.00281 0.01300 0.11105 0.13384 0.01247 0.07192 -0.3915167 0.2665784 -0.3469998 0.80947 0.0237931 0.855194 0.3936818 -0.3362909
0.58832 -0.66319 1.84204 -0.05374 -0.53976 1.6919 0.00731 -0.00965 0.02350 0.00197 -0.01163 0.02273 0.14446 0.11379 0.00363 -0.00259 0.09673 0.12810 -0.01432 -0.00574 -0.4169036 0.3111857 -0.328661 0.7882493 0.1250484 0.8591349 0.403469 -0.2888995
0.58869 -0.66393 1.84373 -0.05208 -0.54046 1.69182 0.00037 -0.00074 0.00169 0.00166 -0.00070 -0.00008 0.14411 0.11330 -0.00035 -0.00049 0.10227 0.12576 0.00554 -0.00234 -0.4161174 0.289305 -0.3387612 0.7927104 0.1359168 0.8496747 0.3919638 -0.3254903
0.58845 -0.66361 1.84154 -0.05664 -0.54192 1.68712 -0.00024 0.00032 -0.00219 -0.00456 -0.00146 -0.00470 0.14719 0.11132 0.00308 -0.00198 0.11967 0.12838 0.01740 0.00262 -0.405564 0.253437 -0.3542663 0.8036062 0.0764806 0.8675761 0.3789245 -0.3128558
0.58785 -0.66315 1.8423 -0.06961 -0.52648 1.67678 -0.00060 0.00046 0.00076 -0.01297 0.01544 -0.01034 0.14651 0.09635 -0.00068 -0.01497 0.09901 0.06310 -0.02066 -0.06528 -0.4414024 0.3333924 -0.3092343 0.7735552 0.0551311 0.7815275 0.3907795 -0.483184
0.58964 -0.66408 1.84291 -0.07055 -0.52577 1.67577 0.00179 -0.00093 0.00061 -0.00094 0.00071 -0.00101 0.14387 0.10742 -0.00264 0.01107 0.10949 0.06100 0.01048 -0.00210 -0.4073223 0.2379421 -0.3538481 0.8076284 0.0694617 0.738619 0.3925119 -0.5436464
0.58935 -0.66519 1.849 -0.07275 -0.52837 1.68154 -0.00029 -0.00111 0.00609 -0.00220 -0.00260 0.00577 0.15178 0.10091 0.00791 -0.00651 0.10221 0.06427 -0.00728 0.00327 -0.4335102 0.306136 -0.3205646 0.7845941 0.0618851 0.7471411 0.3669007 -0.5507578
0.59197 -0.66773 1.85396 -0.07614 -0.53069 1.68688 0.00262 -0.00254 0.00496 -0.00339 -0.00232 0.00534 0.15014 0.09772 -0.00164 -0.00319 0.09646 0.06515 -0.00575 0.00088 -0.4434471 0.326342 -0.3119009 0.7743213 0.0213126 0.7828187 0.3535605 -0.511601
0.59043 -0.66721 1.85337 -0.07289 -0.533 1.68665 -0.00154 0.00052 -0.00059 0.00325 -0.00231 -0.00023 0.14453 0.09783 -0.00561 0.00011 0.11885 0.06600 0.02239 0.00085 -0.406505 0.244849 -0.3629438 0.8019193 0.0272878 0.7923459 0.3385217 -0.5068
0.5894 -0.66587 1.84756 -0.07358 -0.53318 1.68086 -0.00103 0.00134 -0.00581 -0.00069 -0.00018 -0.00579 0.14612 0.10155 0.00159 0.00372 0.09708 0.06937 -0.02177 0.00337 -0.4470989 0.3299568 -0.3183435 0.768042 0.019955 0.7784756 0.3207091 -0.5391875
0.58767 -0.66428 1.84795 -0.07198 -0.53328 1.67884 -0.00173 0.00159 0.00039 0.00160 -0.00010 -0.00202 0.14670 0.10000 0.00058 -0.00155 0.10522 0.06828 0.00814 -0.00109 -0.4164657 0.255743 -0.3574687 0.7958442 0.0256249 0.7542794 0.3355886 -0.5637253
0.58869 -0.66577 1.84717 -0.07402 -0.53301 1.68077 0.00102 -0.00149 -0.00078 -0.00204 0.00027 0.00193 0.14237 0.10160 -0.00433 0.00160 0.10080 0.06963 -0.00442 0.00135 -0.4662319 0.3780417 -0.2909104 0.7450392 0.0389246 0.7440326 0.318199 -0.5862165
0.58997 -0.6656 1.85145 -0.07398 -0.53409 1.682 0.00128 0.00017 0.00428 0.00004 -0.00108 0.00123 0.14563 0.10068 0.00326 -0.00092 0.10347 0.06948 0.00267 -0.00015 -0.4278073 0.2697662 -0.3466412 0.7899664 0.0241331 0.7732651 0.3227554 -0.5452592
0.59035 -0.66712 1.85472 -0.07526 -0.53486 1.6854 0.00038 -0.00152 0.00327 -0.00128 -0.00077 0.00340 0.14620 0.09989 0.00057 -0.00079 0.07850 0.07120 -0.02497 0.00172 -0.4723477 0.3843518 -0.2814952 0.7415671 0.0149505 0.7841111 0.3194095 -0.5319058
]
