classifier_Monkey_goes_to_man_22506 [ 0.55173 -0.61781 1.65116 -0.42419 -0.68962 1.88295 0.55173 -0.61781 1.65116 -0.42419 -0.68962 1.88295 0.09326 0.02530 0.09326 0.02530 0.13313 0.03847 0.13313 0.03847 -0.3686586 0.660659 0.51683 -0.4006335 0.5278271 0.8194969 -0.2231922 0.0029272
0.5524 -0.6174 1.65033 -0.42543 -0.68753 1.87728 0.00067 0.00041 -0.00083 -0.00124 0.00209 -0.00567 0.09226 0.01474 -0.00100 -0.01056 0.13466 0.02639 0.00153 -0.01208 -0.2151619 0.5267521 0.5995802 -0.5627976 0.5133709 0.817805 -0.2596067 -0.0157991
0.55233 -0.61705 1.65011 -0.43137 -0.70097 1.90206 -0.00007 0.00035 -0.00022 -0.00594 -0.01344 0.02478 0.09228 0.05904 0.00002 0.04430 0.13421 0.06654 -0.00045 0.04015 -0.2576922 0.5653645 0.5837064 -0.5227281 0.5035342 0.826724 -0.244885 -0.0548821
0.55118 -0.61613 1.64865 -0.42492 -0.69002 1.87685 -0.00115 0.00092 -0.00146 0.00645 0.01095 -0.02521 0.09379 0.08023 0.00151 0.02119 0.13087 0.04717 -0.00334 -0.01937 -0.2237486 0.523945 0.6011568 -0.5603825 0.500086 0.8247334 -0.2607957 -0.0414065
0.55034 -0.61611 1.64893 -0.41655 -0.67671 1.84546 -0.00084 0.00002 0.00028 0.00837 0.01331 -0.03139 0.09396 0.00858 0.00017 -0.07165 0.13012 0.03453 -0.00075 -0.01264 -0.2483919 0.5446981 0.5907469 -0.540947 0.4826325 0.8202685 -0.3062379 -0.0210699
0.5488 -0.61316 1.64159 -0.43674 -0.73016 1.82445 -0.00154 0.00295 -0.00734 -0.02019 -0.05345 -0.02101 0.09471 0.04393 0.00075 0.03535 0.12930 0.09987 -0.00082 0.06534 -0.3793158 0.6456536 0.5230355 -0.4070441 0.2194746 0.949783 -0.2229576 0.0057484
0.55155 -0.60996 1.65151 -0.38519 -0.56216 1.68514 0.00275 0.00320 0.00992 0.05155 0.16800 -0.13931 0.09017 0.09775 -0.00454 0.05382 0.13386 0.03583 0.00456 -0.06404 -0.4276911 0.6524645 0.517778 -0.3511072 -0.3955441 0.8729095 -0.0384886 0.283006
0.55195 -0.61373 1.66246 -0.39513 -0.54899 1.53931 0.00040 -0.00377 0.01095 -0.00994 0.01317 -0.14583 0.14319 0.08201 0.05302 -0.01574 0.07939 0.05777 -0.05447 0.02194 0.015758 0.2936401 0.6703418 -0.6812994 -0.6047609 0.7655663 -0.1604126 0.1498007
0.53069 -0.58894 1.60797 -0.34628 -0.4455 1.43557 -0.02126 0.02479 -0.05449 0.04885 0.10349 -0.10374 0.09281 0.08833 -0.05038 0.00632 0.12713 0.07492 0.04774 0.01715 -0.3842562 0.6817804 0.5276557 -0.3303062 -0.5551059 0.8086475 0.0450247 -0.1895244
0.51898 -0.58156 1.60503 -0.32404 -0.33943 1.40137 -0.01171 0.00738 -0.00294 0.02224 0.10607 -0.03420 0.09844 0.08565 0.00563 -0.00268 0.13714 0.08454 0.01001 0.00962 -0.370559 0.8709289 0.3216038 -0.027198 -0.5600529 0.8215827 -0.1055767 -0.0140034
0.47384 -0.53073 1.52376 -0.25436 -0.109 1.31371 -0.04514 0.05083 -0.08127 0.06968 0.23043 -0.08766 0.11949 0.07134 0.02105 -0.01431 0.12591 0.07453 -0.01123 -0.01001 -0.2528539 0.9100066 0.260614 0.2000828 0.9093661 -0.2956809 0.1237199 -0.2651784
0.47763 -0.48708 1.56784 -0.23834 -0.01676 1.42331 0.00379 0.04365 0.04408 0.01602 0.09224 0.10960 0.08839 0.08389 -0.03110 0.01255 0.07641 0.10270 -0.04950 0.02817 -0.5416783 0.5681493 0.5524653 -0.2803091 0.90641 -0.2558369 0.1795449 -0.2841341
0.46243 -0.47941 1.56475 -0.21579 0.06593 1.45084 -0.01520 0.00767 -0.00309 0.02255 0.08269 0.02753 0.11583 0.10914 0.02744 0.02525 0.09225 0.09599 0.01584 -0.00671 0.6345769 -0.4166394 -0.5027087 0.4135306 0.934486 -0.1132799 0.1940734 -0.2761143
0.44713 -0.47011 1.54732 -0.19624 0.1347 1.47219 -0.01530 0.00930 -0.01743 0.01955 0.06877 0.02135 0.11106 0.08839 -0.00477 -0.02075 0.08937 0.09638 -0.00288 0.00039 0.6611162 -0.3850472 -0.4657177 0.4447146 0.9263471 -0.140539 0.2181889 -0.2729898
0.42683 -0.4538 1.5071 -0.17208 0.19437 1.45972 -0.02030 0.01631 -0.04022 0.02416 0.05967 -0.01247 0.10530 0.07843 -0.00576 -0.00996 0.08232 0.07163 -0.00705 -0.02475 0.7146896 -0.3252389 -0.4351726 0.4405263 0.9175696 -0.2211584 0.2495661 -0.2164988
0.42002 -0.45309 1.51957 -0.16538 0.23525 1.49612 -0.00681 0.00071 0.01247 0.00670 0.04088 0.03640 0.10891 0.08683 0.00361 0.00840 0.08500 0.05181 0.00268 -0.01982 0.7519407 -0.1672104 -0.363247 0.5240967 0.9640993 -0.0581199 0.1649388 -0.1998245
0.41601 -0.45495 1.53599 -0.15498 0.27399 1.52932 -0.00401 -0.00186 0.01642 0.01040 0.03874 0.03320 0.11062 0.08939 0.00171 0.00256 0.08428 0.08270 -0.00072 0.03089 0.6325785 -0.360878 -0.4632699 0.5049678 0.9775562 0.0518627 0.0843331 -0.1859626
0.40803 -0.45171 1.53087 -0.15008 0.28923 1.53196 -0.00798 0.00324 -0.00512 0.00490 0.01524 0.00264 0.10703 0.09463 -0.00359 0.00524 0.08553 0.06073 0.00125 -0.02197 0.662047 -0.3640178 -0.4383838 0.4868311 0.9692702 0.0607124 0.1108052 -0.2110724
0.40178 -0.45651 1.54246 -0.1456 0.2956 1.55004 -0.00625 -0.00480 0.01159 0.00448 0.00637 0.01808 0.11081 0.10168 0.00378 0.00705 0.08439 0.07120 -0.00114 0.01047 0.5519804 -0.4990947 -0.4227585 0.5172014 0.9655273 0.1440997 0.0098851 -0.2165515
0.39806 -0.45432 1.5256 -0.13666 0.2871 1.53924 -0.00372 0.00219 -0.01686 0.00894 -0.00850 -0.01080 0.10061 0.10531 -0.01020 0.00363 0.06551 0.06936 -0.01888 -0.00184 -0.4455676 0.4888318 0.6965631 -0.2780516 0.9419652 0.137953 0.0865132 -0.2935747
0.39568 -0.46425 1.53433 -0.12342 0.23635 1.55464 -0.00238 -0.00993 0.00873 0.01324 -0.05075 0.01540 0.10727 0.09034 0.00666 -0.01497 0.07454 0.07308 0.00903 0.00372 -0.5739194 0.5862255 0.5336961 -0.2052429 0.8644163 0.1760706 0.0320686 -0.469846
0.4215 -0.49527 1.60707 -0.11034 0.14538 1.63666 0.02582 -0.03102 0.07274 0.01308 -0.09097 0.08202 0.11552 0.09292 0.00825 0.00258 0.08672 0.08114 0.01218 0.00806 -0.5965102 0.6079969 0.4305035 -0.2986335 0.9263162 0.2618471 -0.0557634 -0.2650751
0.4056 -0.4745 1.53474 -0.0864 0.09078 1.56872 -0.01590 0.02077 -0.07233 0.02394 -0.05460 -0.06794 0.11021 0.07254 -0.00531 -0.02038 0.08265 0.07144 -0.00407 -0.00970 0.7378905 -0.3566726 -0.4665793 0.3325751 -0.6645955 -0.3062424 0.0561863 0.6792433
0.41041 -0.47612 1.54075 -0.07329 0.03706 1.58622 0.00481 -0.00162 0.00601 0.01311 -0.05372 0.01750 0.11191 0.06623 0.00170 -0.00631 0.08339 0.06652 0.00074 -0.00492 0.6875551 -0.3754617 -0.5600713 0.2694745 0.8866909 0.2264233 0.052975 -0.3996316
0.42564 -0.47885 1.5579 -0.05541 -0.08528 1.61136 0.01523 -0.00273 0.01715 0.01788 -0.12234 0.02514 0.11093 0.06227 -0.00098 -0.00396 0.08823 0.07583 0.00484 0.00931 -0.5134932 0.4424082 0.7286974 -0.097979 0.8646981 0.2635867 0.0950536 -0.4168741
0.43346 -0.47571 1.55915 -0.07932 -0.09738 1.60457 0.00782 0.00314 0.00125 -0.02391 -0.01210 -0.00679 0.10646 0.05878 -0.00447 -0.00349 0.08674 0.08846 -0.00149 0.01263 -0.5128922 0.4358619 0.7336477 -0.0934185 0.9343352 0.2267346 0.016992 -0.2744457
0.42652 -0.46154 1.51626 -0.12122 -0.07488 1.54291 -0.00694 0.01417 -0.04289 -0.04190 0.02250 -0.06166 0.10072 0.06544 -0.00574 0.00666 0.08281 0.05301 -0.00393 -0.03545 -0.45311 0.3639877 0.7795312 -0.2335279 0.8678207 0.3239746 0.0500821 -0.373389
0.42665 -0.46128 1.51181 -0.14028 -0.05202 1.53286 0.00013 0.00026 -0.00445 -0.01906 0.02286 -0.01005 0.09843 0.06351 -0.00229 -0.00193 0.08147 0.07410 -0.00134 0.02109 0.73679 -0.3693593 -0.5227996 0.2177035 0.9320644 -0.1217238 -0.1399556 -0.3112099
0.43303 -0.46956 1.53627 -0.18517 -0.01038 1.53221 0.00638 -0.00828 0.02446 -0.04489 0.04164 -0.00065 0.10054 0.05804 0.00211 -0.00547 0.08061 0.08204 -0.00086 0.00794 0.7371688 -0.3955292 -0.4400378 0.3263518 0.9724242 -0.0701264 -0.1040286 -0.1966
0.43176 -0.47358 1.54645 -0.20622 0.00052 1.52738 -0.00127 -0.00402 0.01018 -0.02105 0.01090 -0.00483 0.10254 0.06188 0.00200 0.00384 0.08502 0.08027 0.00441 -0.00177 0.7202196 -0.3213794 -0.4243542 0.4448849 0.9659722 -0.2493646 -0.0078939 -0.0682103
0.42762 -0.47313 1.54376 -0.22426 0.00995 1.50666 -0.00414 0.00045 -0.00269 -0.01804 0.00943 -0.02072 0.10249 0.06339 -0.00005 0.00151 0.08467 0.05744 -0.00035 -0.02283 0.7615049 -0.3155376 -0.3304308 0.4597411 0.909587 -0.2634214 0.3193839 0.0354192
0.41628 -0.46897 1.5217 -0.23846 0.01184 1.46231 -0.01134 0.00416 -0.02206 -0.01420 0.00189 -0.04435 0.09974 0.06343 -0.00275 0.00004 0.08231 0.05432 -0.00236 -0.00312 0.7406729 -0.3488127 -0.2629761 0.5104674 0.8833148 -0.3286072 0.3166974 -0.1071213
0.40721 -0.4685 1.51265 -0.25453 0.00816 1.4297 -0.00907 0.00047 -0.00905 -0.01607 -0.00368 -0.03261 0.10201 0.06159 0.00227 -0.00184 0.08162 0.08461 -0.00069 0.03029 0.7257918 -0.323966 -0.2414233 0.5567649 0.9313264 -0.3594117 0.0302181 -0.05041
0.39921 -0.46787 1.49902 -0.27051 -0.00416 1.39003 -0.00800 0.00063 -0.01363 -0.01598 -0.01232 -0.03967 0.09546 0.06405 -0.00655 0.00246 0.07658 0.09204 -0.00504 0.00743 0.6977452 -0.404831 -0.2575645 0.5319059 0.9206364 -0.3808483 0.0555874 -0.0655231
0.38726 -0.46466 1.47516 -0.28072 -0.01592 1.34703 -0.01195 0.00321 -0.02386 -0.01021 -0.01176 -0.04300 0.08852 0.10330 -0.00694 0.03925 0.09796 0.06293 0.02138 -0.02911 0.7304787 -0.4344417 -0.1428963 0.5071902 0.9057791 -0.3707225 0.1891487 -0.079699
0.35915 -0.54421 1.41413 -0.2965 -0.04537 1.32135 -0.02811 -0.07955 -0.06103 -0.01578 -0.02945 -0.02568 0.12867 0.05797 0.04015 -0.04533 0.09634 0.09120 -0.00162 0.02827 -0.3327685 0.9192638 -0.1367705 0.159728 0.9560454 -0.2889789 0.0495638 -0.0034391
0.35161 -0.5474 1.4031 -0.29397 -0.04702 1.31637 -0.00754 -0.00319 -0.01103 0.00253 -0.00165 -0.00498 0.12615 0.05770 -0.00252 -0.00027 0.09156 0.07808 -0.00478 -0.01312 -0.3343939 0.9210189 -0.1296265 0.1519932 0.9547257 -0.2813823 0.0794943 -0.0548031
0.34496 -0.54882 1.40387 -0.29243 -0.04702 1.31945 -0.00665 -0.00142 0.00077 0.00154 0.00000 0.00308 0.11976 0.05733 -0.00639 -0.00037 0.10379 0.07736 0.01223 -0.00072 -0.3101886 0.9327247 -0.1190806 0.1400985 0.9803634 -0.1896775 -0.0017686 -0.0539157
0.34072 -0.54434 1.40007 -0.29046 -0.04281 1.32074 -0.00424 0.00448 -0.00380 0.00197 0.00421 0.00129 0.11465 0.05792 -0.00511 0.00059 0.09027 0.08990 -0.01352 0.01254 -0.3139381 0.9292002 -0.0971788 0.1690741 0.9886075 -0.1298351 -0.030726 -0.0696704
0.36854 -0.56005 1.58063 -0.30583 -0.04565 1.40274 0.02782 -0.01571 0.18056 -0.01537 -0.00284 0.08200 0.13475 0.05972 0.02010 0.00180 0.10272 0.08724 0.01245 -0.00266 0.7212516 -0.6323788 -0.1629993 0.2309209 0.9873977 -0.1168562 -0.0353305 -0.1007081
0.36485 -0.4986 1.54436 -0.30387 -0.04522 1.40383 -0.00369 0.06145 -0.03627 0.00196 0.00043 0.00109 0.08371 0.06081 -0.05104 0.00109 0.05501 0.07572 -0.04771 -0.01152 0.6839221 -0.6255162 -0.244282 0.2851427 0.9827999 -0.1193865 -0.0720396 -0.1210847
0.35889 -0.5102 1.54567 -0.30399 -0.04404 1.40877 -0.00596 -0.01160 0.00131 -0.00012 0.00118 0.00494 0.09325 0.06134 0.00954 0.00053 0.07796 0.08939 0.02295 0.01367 0.6945348 -0.686564 -0.1029224 0.188834 0.9838271 -0.1232234 -0.0507753 -0.119675
0.3507 -0.5009 1.53421 -0.30369 -0.04545 1.40892 -0.00819 0.00930 -0.01146 0.00030 -0.00141 0.00015 0.08669 0.06174 -0.00656 0.00040 0.06594 0.08142 -0.01202 -0.00797 0.6594312 -0.5844554 -0.2843825 0.3777419 0.9841572 -0.1198769 -0.0311105 -0.1268715
0.34782 -0.50004 1.52932 -0.30325 -0.04332 1.40954 -0.00288 0.00086 -0.00489 0.00044 0.00213 0.00062 0.08579 0.05943 -0.00090 -0.00231 0.08428 0.08134 0.01834 -0.00008 0.7076936 -0.7009367 0.0635374 0.0618119 0.9864838 -0.1050031 -0.0339584 -0.1211241
0.34464 -0.48388 1.51977 -0.3037 -0.04312 1.41085 -0.00318 0.01616 -0.00955 -0.00045 0.00020 0.00131 0.08036 0.06377 -0.00543 0.00434 0.06934 0.08846 -0.01494 0.00712 0.7299319 -0.675459 0.0743434 0.0736722 0.9850199 -0.1221778 -0.0357181 -0.1163292
0.32987 -0.45054 1.46359 -0.29627 -0.04046 1.37399 -0.01477 0.03334 -0.05618 0.00743 0.00266 -0.03686 0.06567 0.05892 -0.01469 -0.00485 0.03977 0.09061 -0.02957 0.00215 -0.4359095 0.6613061 -0.4311088 0.4322062 0.9909022 -0.0809171 -0.0245505 -0.1047021
0.31867 -0.42868 1.42566 -0.28951 -0.03993 1.34261 -0.01120 0.02186 -0.03793 0.00676 0.00053 -0.03138 0.06467 0.05816 -0.00100 -0.00076 0.04046 0.09025 0.00069 -0.00036 -0.4691179 0.7668657 -0.2578699 0.3540457 0.9939258 -0.0177876 -0.0332741 -0.1033824
0.31903 -0.41561 1.42457 -0.29077 -0.03801 1.35221 0.00036 0.01307 -0.00109 -0.00126 0.00192 0.00960 0.06085 0.05665 -0.00382 -0.00151 0.05089 0.08010 0.01043 -0.01015 -0.5280988 0.7757092 -0.2423899 0.2462401 0.9928741 -0.0377504 -0.0360178 -0.107139
0.33983 -0.42746 1.51038 -0.30789 -0.03816 1.43891 0.02080 -0.01185 0.08581 -0.01712 -0.00015 0.08670 0.06598 0.06323 0.00513 0.00658 0.06218 0.10437 0.01129 0.02427 0.6326661 -0.7019318 -0.084014 0.3161756 0.9908325 -0.0593094 -0.0251827 -0.1187403
0.33638 -0.41393 1.49406 -0.30343 -0.03799 1.42187 -0.00345 0.01353 -0.01632 0.00446 0.00017 -0.01704 0.06213 0.06226 -0.00385 -0.00097 0.05401 0.09142 -0.00817 -0.01295 -0.5952383 0.749822 0.0678431 -0.2808123 0.9897898 -0.0353719 -0.0249319 -0.1358068
0.34383 -0.40667 1.5105 -0.30478 -0.03589 1.42929 0.00745 0.00726 0.01644 -0.00135 0.00210 0.00742 0.07022 0.06369 0.00809 0.00143 0.07269 0.08184 0.01868 -0.00958 0.5054918 -0.5555022 -0.3075247 0.5842293 0.9896004 -0.024642 -0.0555578 -0.130373
0.35887 -0.39926 1.53518 -0.30636 -0.03353 1.43874 0.01504 0.00741 0.02468 -0.00158 0.00236 0.00945 0.07958 0.06240 0.00936 -0.00129 0.07543 0.08015 0.00274 -0.00169 0.473228 -0.5537247 -0.2690198 0.630137 0.9820213 -0.1300953 -0.0680655 -0.1186436
0.37199 -0.35928 1.58461 -0.30174 -0.02935 1.43235 0.01312 0.03998 0.04943 0.00462 0.00418 -0.00639 0.10288 0.06469 0.02330 0.00229 0.07551 0.08184 0.00008 0.00169 0.4141307 -0.4563016 -0.25666 0.7445874 0.9852412 -0.0931571 -0.01455 -0.1428627
0.36478 -0.32052 1.64011 -0.30221 -0.02781 1.4394 -0.00721 0.03876 0.05550 -0.00047 0.00154 0.00705 0.08930 0.06450 -0.01358 -0.00019 0.07742 0.08281 0.00191 0.00097 0.5562156 -0.3786849 -0.136858 0.7269744 0.9808596 -0.1230104 -0.0648123 -0.1363166
0.36373 -0.27086 1.68793 -0.30145 -0.02604 1.44522 -0.00105 0.04966 0.04782 0.00076 0.00177 0.00582 0.06708 0.06519 -0.02222 0.00069 0.08906 0.08486 0.01164 0.00205 0.7319617 -0.2296373 0.2215542 0.6020071 0.980911 -0.1143464 -0.0308882 -0.1542224
0.34179 -0.24226 1.72708 -0.3011 -0.02379 1.44916 -0.02194 0.02860 0.03915 0.00035 0.00225 0.00394 0.06093 0.06206 -0.00615 -0.00313 0.06152 0.10133 -0.02754 0.01647 -0.4462158 -0.089729 0.8903323 -0.012186 0.9809738 -0.1220396 -0.0301721 -0.1479408
0.32994 -0.22738 1.73773 -0.29987 -0.02446 1.44853 -0.01185 0.01488 0.01065 0.00123 -0.00067 -0.00063 0.06622 0.06534 0.00529 0.00328 0.10559 0.09649 0.04407 -0.00484 0.8634146 0.0367383 0.2595854 0.4310231 0.9752055 -0.1460293 -0.0347945 -0.162601
0.34021 -0.22819 1.7297 -0.29959 -0.02476 1.44751 0.01027 -0.00081 -0.00803 0.00028 -0.00030 -0.00102 0.08326 0.06457 0.01704 -0.00077 0.07134 0.07767 -0.03425 -0.01882 0.6114212 0.2777164 -0.2684087 0.6906479 0.9670653 -0.183113 -0.0940664 -0.1496855
0.3376 -0.24809 1.70215 -0.29548 -0.02289 1.43352 -0.00261 -0.01990 -0.02755 0.00411 0.00187 -0.01399 0.09801 0.06227 0.01475 -0.00230 0.07437 0.08475 0.00303 0.00708 0.3163336 0.2007316 -0.4704595 0.7989417 0.969195 -0.1848438 -0.0444084 -0.156594
0.35705 -0.26619 1.71259 -0.29953 -0.02172 1.4499 0.01945 -0.01810 0.01044 -0.00405 0.00117 0.01638 0.09560 0.06324 -0.00241 0.00097 0.06428 0.08163 -0.01009 -0.00312 0.0279662 0.4199399 -0.4247249 0.8015467 0.9685169 -0.200596 -0.0556187 -0.1365392
0.36141 -0.25597 1.71381 -0.29869 -0.02026 1.44222 0.00436 0.01022 0.00122 0.00084 0.00146 -0.00768 0.09588 0.06232 0.00028 -0.00092 0.05066 0.07744 -0.01362 -0.00419 -0.1978812 0.8453402 -0.360864 0.3406172 0.9707347 -0.2015552 -0.0296551 -0.1271621
0.36084 -0.21998 1.73538 -0.2992 -0.0194 1.4449 -0.00057 0.03599 0.02157 -0.00051 0.00086 0.00268 0.07120 0.06392 -0.02468 0.00160 0.03557 0.08355 -0.01509 0.00611 -0.358873 -0.3455124 0.8546989 -0.1460176 0.9695151 -0.2077674 -0.014996 -0.1290279
0.35434 -0.19599 1.76532 -0.30152 -0.01865 1.45503 -0.00650 0.02399 0.02994 -0.00232 0.00075 0.01013 0.06436 0.06289 -0.00684 -0.00103 0.05586 0.07889 0.02029 -0.00466 -0.1223452 -0.3680581 0.8923391 0.2308588 0.9694326 -0.2106279 -0.037289 -0.1201909
0.3513 -0.18406 1.76194 -0.30186 -0.01878 1.45475 -0.00304 0.01193 -0.00338 -0.00034 -0.00013 -0.00028 0.07203 0.06432 0.00767 0.00143 0.05548 0.08455 -0.00038 0.00566 0.179528 -0.3151625 0.9104226 0.1989295 0.9639326 -0.2352036 -0.0129302 -0.1238791
0.3466 -0.19416 1.75017 -0.30153 -0.01731 1.45653 -0.00470 -0.01010 -0.01177 0.00033 0.00147 0.00178 0.09089 0.06521 0.01886 0.00089 0.05536 0.07887 -0.00012 -0.00568 0.5786088 -0.5484498 0.5901778 0.1269051 0.9652548 -0.2245613 -0.0694453 -0.1141604
0.34124 -0.22501 1.72594 -0.30054 -0.01571 1.45515 -0.00536 -0.03085 -0.02423 0.00099 0.00160 -0.00138 0.09986 0.06608 0.00897 0.00087 0.05670 0.08053 0.00134 0.00166 -0.4646362 0.8062856 -0.127134 -0.3432983 0.9722059 -0.1944727 -0.0511624 -0.11991
0.34834 -0.24076 1.71237 -0.2988 -0.01617 1.45039 0.00710 -0.01575 -0.01357 0.00174 -0.00046 -0.00476 0.10433 0.06497 0.00447 -0.00111 0.09173 0.07899 0.03503 -0.00154 0.3471201 -0.3755455 -0.2078794 0.8338221 0.9657233 -0.2154765 -0.0689811 -0.1272405
0.35076 -0.22787 1.7255 -0.29877 -0.0185 1.45103 0.00242 0.01289 0.01313 0.00003 -0.00233 0.00064 0.10624 0.06658 0.00191 0.00161 0.10021 0.08045 0.00848 0.00146 0.4293424 -0.24924 -0.1580307 0.8535636 0.9645426 -0.2183256 -0.0474609 -0.1404952
0.3175 -0.21963 1.74904 -0.29788 -0.01919 1.45227 -0.03326 0.00824 0.02354 0.00089 -0.00069 0.00124 0.08465 0.06420 -0.02159 -0.00238 0.08568 0.09642 -0.01453 0.01597 0.4637566 -0.4348235 0.4738379 0.6093735 0.9606176 -0.2243383 -0.0383459 -0.1594232
0.31842 -0.18589 1.75105 -0.29694 -0.02252 1.4538 0.00092 0.03374 0.00201 0.00094 -0.00333 0.00153 0.07504 0.06359 -0.00961 -0.00061 0.05482 0.08581 -0.03086 -0.01061 0.1124755 -0.5620988 0.7728112 0.2723177 0.9374224 -0.293725 -0.0760137 -0.1708416
0.302 -0.18466 1.72805 -0.29513 -0.02397 1.45285 -0.01642 0.00123 -0.02300 0.00181 -0.00145 -0.00095 0.08851 0.06556 0.01347 0.00197 0.05584 0.08152 0.00102 -0.00429 0.2667144 -0.6251973 0.6966526 0.2294931 0.9292387 -0.3080945 -0.06329 -0.1938749
0.21783 -0.19685 1.6315 -0.28379 -0.02284 1.40072 -0.08417 -0.01219 -0.09655 0.01134 0.00113 -0.05213 0.07020 0.06150 -0.01831 -0.00406 0.07187 0.08453 0.01603 0.00301 0.2154579 -0.5014133 0.1864036 0.8169555 0.9316387 -0.2979205 -0.0973222 -0.1839052
0.2267 -0.18179 1.58436 -0.28276 -0.02229 1.40295 0.00887 0.01506 -0.04714 0.00103 0.00055 0.00223 0.07551 0.06237 0.00531 0.00087 0.04398 0.08805 -0.02789 0.00352 -0.371509 0.8181082 -0.093716 -0.4288327 0.9374607 -0.2811922 -0.0604714 -0.1960652
0.2599 -0.16248 1.60521 -0.29158 -0.02149 1.45382 0.03320 0.01931 0.02085 -0.00882 0.00080 0.05087 0.09455 0.06587 0.01904 0.00350 0.07352 0.09452 0.02954 0.00647 0.6055998 -0.1431938 -0.2647134 0.7366622 0.9415544 -0.2658676 -0.072657 -0.1936767
0.26675 -0.13085 1.58243 -0.29112 -0.02391 1.45556 0.00685 0.03163 -0.02278 0.00046 -0.00242 0.00174 0.10238 0.06595 0.00783 0.00008 0.05514 0.08406 -0.01838 -0.01046 -0.2321503 -0.2932525 0.6986744 -0.609888 0.925624 -0.3087796 -0.1191352 -0.183527
0.24871 -0.08914 1.56709 -0.29053 -0.02169 1.46148 -0.01804 0.04171 -0.01534 0.00059 0.00222 0.00592 0.09043 0.06541 -0.01195 -0.00054 0.05708 0.11626 0.00194 0.03220 0.0100455 -0.429037 0.7634692 -0.4826397 0.944139 -0.2589206 -0.0473389 -0.1982948
0.25375 -0.04471 1.55626 -0.28921 -0.02149 1.46124 0.00504 0.04443 -0.01083 0.00132 0.00020 -0.00024 0.09813 0.06502 0.00770 -0.00039 0.06343 0.08804 0.00635 -0.02822 -0.0169293 -0.2989309 0.8746074 -0.3813339 0.9386005 -0.2780909 -0.0675792 -0.192685
0.25888 0.0235 1.55327 -0.28596 -0.01912 1.45982 0.00513 0.06821 -0.00299 0.00325 0.00237 -0.00142 0.10734 0.06253 0.00921 -0.00249 0.06200 0.09625 -0.00143 0.00821 0.0772745 -0.2316703 0.9281278 -0.2809559 0.9407504 -0.2705238 -0.0613779 -0.1950341
0.24762 0.06588 1.5085 -0.27565 -0.01754 1.42084 -0.01126 0.04238 -0.04477 0.01031 0.00158 -0.03898 0.10500 0.06383 -0.00234 0.00130 0.06663 0.08366 0.00463 -0.01259 0.201825 -0.2611093 0.8847812 -0.3290149 0.9356942 -0.2831603 -0.0690796 -0.1988082
0.24435 0.07719 1.50128 -0.27332 -0.01459 1.42214 -0.00327 0.01131 -0.00722 0.00233 0.00295 0.00130 0.10398 0.06184 -0.00102 -0.00199 0.06536 0.08682 -0.00127 0.00316 0.0940929 -0.1962185 0.9247153 -0.3123243 0.9420753 -0.2621273 -0.0605475 -0.2002937
0.23915 0.07477 1.48544 -0.27216 -0.01558 1.42053 -0.00520 -0.00242 -0.01584 0.00116 -0.00099 -0.00161 0.10744 0.06247 0.00346 0.00063 0.06581 0.07768 0.00045 -0.00914 0.2095913 -0.2650836 0.8815525 -0.3296473 0.9365116 -0.2867376 -0.0365033 -0.1984819
0.23885 0.06677 1.4985 -0.27774 -0.01593 1.45577 -0.00030 -0.00800 0.01306 -0.00558 -0.00035 0.03524 0.10988 0.06253 0.00244 0.00006 0.06383 0.08770 -0.00198 0.01002 0.1786594 -0.2627163 0.9043709 -0.2849108 0.9355706 -0.3026645 -0.0541267 -0.1737014
0.23465 0.05507 1.47315 -0.27566 -0.01683 1.45567 -0.00420 -0.01170 -0.02535 0.00208 -0.00090 -0.00010 0.10472 0.06263 -0.00516 0.00010 0.06485 0.08883 0.00102 0.00113 0.0233993 -0.1766499 0.9317583 -0.3163441 0.931964 -0.3131005 -0.0497339 -0.1758915
0.23097 0.02822 1.44199 -0.27451 -0.01874 1.45646 -0.00368 -0.02685 -0.03116 0.00115 -0.00191 0.00079 0.10358 0.06371 -0.00114 0.00108 0.06473 0.08723 -0.00012 -0.00160 0.2276136 -0.2241052 0.9015805 -0.291756 0.9242229 -0.3386455 -0.0604022 -0.1657792
0.23152 0.02426 1.44139 -0.27406 -0.01866 1.46021 0.00055 -0.00396 -0.00060 0.00045 0.00008 0.00375 0.10429 0.06242 0.00071 -0.00129 0.06448 0.09217 -0.00025 0.00494 0.0418009 -0.1508331 0.9334846 -0.3226588 0.9266492 -0.3327335 -0.0810437 -0.1550531
0.23159 0.02373 1.44146 -0.27542 -0.01884 1.45873 0.00007 -0.00053 0.00007 -0.00136 -0.00018 -0.00148 0.10245 0.06152 -0.00184 -0.00090 0.06616 0.08269 0.00168 -0.00948 0.0321126 -0.1423442 0.9390798 -0.3111849 0.9284475 -0.335942 -0.0655646 -0.144324
0.23114 0.02962 1.44569 -0.27797 -0.02035 1.45905 -0.00045 0.00589 0.00423 -0.00255 -0.00151 0.00032 0.10279 0.06168 0.00034 0.00016 0.06446 0.08828 -0.00170 0.00559 0.0026224 -0.1292216 0.951668 -0.2786091 0.9294254 -0.3405548 -0.0560352 -0.1305793
0.22969 0.02908 1.44496 -0.27739 -0.02127 1.45775 -0.00145 -0.00054 -0.00073 0.00058 -0.00092 -0.00130 0.10349 0.06254 0.00070 0.00086 0.06502 0.08779 0.00056 -0.00049 0.0484968 -0.1484195 0.9507492 -0.2677602 0.9292346 -0.3414962 -0.0507791 -0.1316245
0.2283 0.02828 1.44355 -0.27722 -0.02115 1.45735 -0.00139 -0.00080 -0.00141 0.00017 0.00012 -0.00040 0.10299 0.06239 -0.00050 -0.00015 0.06395 0.08954 -0.00107 0.00175 0.222798 -0.2016967 0.9230163 -0.2402507 0.9306822 -0.3387035 -0.0541418 -0.1271976
0.2272 0.02554 1.44077 -0.2765 -0.02191 1.45792 -0.00110 -0.00274 -0.00278 0.00072 -0.00076 0.00057 0.10166 0.06219 -0.00133 -0.00020 0.06265 0.08607 -0.00130 -0.00347 0.1479682 -0.1867949 0.9331132 -0.269282 0.9304123 -0.3388266 -0.0483285 -0.1311251
0.22606 0.0232 1.43913 -0.27582 -0.0222 1.45756 -0.00114 -0.00234 -0.00164 0.00068 -0.00029 -0.00036 0.10296 0.06251 0.00130 0.00032 0.06400 0.08548 0.00135 -0.00059 0.04821 -0.1595091 0.9411042 -0.2942035 0.9317068 -0.3343768 -0.0496691 -0.132844
0.22293 0.02199 1.43326 -0.27558 -0.02263 1.45506 -0.00313 -0.00121 -0.00587 0.00024 -0.00043 -0.00250 0.10156 0.06303 -0.00140 0.00052 0.05987 0.08443 -0.00413 -0.00105 0.2178372 -0.2191795 0.9115485 -0.2712687 0.9315958 -0.3355964 -0.0489683 -0.1307912
0.21465 0.01745 1.4285 -0.27679 -0.02304 1.45499 -0.00828 -0.00454 -0.00476 -0.00121 -0.00041 -0.00007 0.10332 0.06256 0.00176 -0.00047 0.06281 0.08880 0.00294 0.00437 0.2260187 -0.2478915 0.9010428 -0.2749311 0.9330899 -0.3351462 -0.0456874 -0.1222003
0.20335 0.02058 1.38993 -0.26923 -0.02216 1.4177 -0.01130 0.00313 -0.03857 0.00756 0.00088 -0.03729 0.09720 0.06090 -0.00612 -0.00166 0.06496 0.08711 0.00215 -0.00169 0.0258915 -0.1908763 0.9301848 -0.3124933 0.9324062 -0.3363959 -0.0530306 -0.1210131
0.18572 0.02179 1.38149 -0.26857 -0.02148 1.41587 -0.01763 0.00121 -0.00844 0.00066 0.00068 -0.00183 0.09887 0.06173 0.00167 0.00083 0.06121 0.08487 -0.00375 -0.00224 0.0181081 -0.2134178 0.9287659 -0.3025208 0.933531 -0.3331974 -0.047333 -0.1235276
0.17596 0.02545 1.3814 -0.2681 -0.0195 1.41924 -0.00976 0.00366 -0.00009 0.00047 0.00198 0.00337 0.09987 0.06038 0.00100 -0.00135 0.06079 0.10819 -0.00042 0.02332 0.2290684 -0.1910695 0.9233006 -0.2419422 0.9373698 -0.3209352 -0.044793 -0.1277969
0.13264 0.04141 1.38629 -0.26934 -0.01906 1.43467 -0.04332 0.01596 0.00489 -0.00124 0.00044 0.01543 0.10217 0.06066 0.00230 0.00028 0.06184 0.09445 0.00105 -0.01374 0.002162 -0.2168051 0.9450262 -0.2447779 0.9385054 -0.3134861 -0.055127 -0.1337728
0.11594 0.04469 1.38836 -0.27059 -0.01884 1.44009 -0.01670 0.00328 0.00207 -0.00125 0.00022 0.00542 0.10499 0.06274 0.00282 0.00208 0.05371 0.08905 -0.00813 -0.00540 0.2775345 -0.2903022 0.9019654 -0.1586118 0.9376029 -0.3186366 -0.0522608 -0.1289968
0.09666 0.04675 1.38041 -0.26793 -0.01836 1.43243 -0.01928 0.00206 -0.00795 0.00266 0.00048 -0.00766 0.10752 0.06087 0.00253 -0.00187 0.06199 0.09295 0.00828 0.00390 -0.1263352 0.012037 0.982339 -0.1374943 0.9353063 -0.3233868 -0.0567624 -0.1319137
0.07628 0.05481 1.37725 -0.26699 -0.01822 1.43196 -0.02038 0.00806 -0.00316 0.00094 0.00014 -0.00047 0.10591 0.06188 -0.00161 0.00101 0.05933 0.08171 -0.00266 -0.01124 0.0018703 -0.1268295 0.9820792 -0.1393959 0.9343004 -0.3257608 -0.0510873 -0.1354727
0.05571 0.05971 1.37695 -0.26526 -0.01687 1.43278 -0.02057 0.00490 -0.00030 0.00173 0.00135 0.00082 0.10621 0.06276 0.00030 0.00088 0.04840 0.07975 -0.01093 -0.00196 0.4139304 -0.1831032 0.8903591 -0.0489445 0.9368423 -0.3158925 -0.0465207 -0.1427387
0.03369 0.0627 1.37415 -0.26434 -0.01592 1.43081 -0.02202 0.00299 -0.00280 0.00092 0.00095 -0.00197 0.10608 0.06192 -0.00013 -0.00084 0.06453 0.08363 0.01613 0.00388 -0.1815331 -0.1694693 0.9615104 -0.1175744 0.9370388 -0.3145607 -0.0642322 -0.1374196
0.01311 0.06555 1.37774 -0.26537 -0.01521 1.43214 -0.02058 0.00285 0.00359 -0.00103 0.00071 0.00133 0.10739 0.06263 0.00131 0.00071 0.05757 0.07841 -0.00696 -0.00522 0.0382853 -0.1854322 0.9786464 -0.0800018 0.9432112 -0.2956033 -0.0785896 -0.1295957
-0.00859 0.06809 1.37847 -0.26531 -0.01514 1.43128 -0.02170 0.00254 0.00073 0.00006 0.00007 -0.00086 0.10654 0.06334 -0.00085 0.00071 0.05604 0.07919 -0.00153 0.00078 0.5423175 -0.2213762 0.8098355 0.0324148 0.9396825 -0.303602 -0.1034981 -0.1187886
-0.03039 0.06964 1.38643 -0.26618 -0.01292 1.43793 -0.02180 0.00155 0.00796 -0.00087 0.00222 0.00665 0.10908 0.06127 0.00254 -0.00207 0.06174 0.08344 0.00570 0.00425 0.5167887 -0.258714 0.8153707 0.0341623 0.9478138 -0.2873023 -0.0530386 -0.1276458
-0.04975 0.07089 1.39457 -0.26815 -0.01215 1.44387 -0.01936 0.00125 0.00814 -0.00197 0.00077 0.00594 0.11124 0.06388 0.00216 0.00261 0.06771 0.09876 0.00597 0.01532 0.6478825 -0.306136 0.6819035 0.1467536 0.9480335 -0.2899046 -0.0614651 -0.1158008
-0.10751 0.06384 1.41313 -0.271 -0.0134 1.44944 -0.05776 -0.00705 0.01856 -0.00285 -0.00125 0.00557 0.11569 0.06242 0.00445 -0.00146 0.07332 0.08425 0.00561 -0.01451 0.5740579 -0.3334305 0.7472776 0.0292879 0.9415358 -0.3186244 -0.0561628 -0.0939921
-0.1264 0.06058 1.42087 -0.27177 -0.01366 1.45118 -0.01889 -0.00326 0.00774 -0.00077 -0.00026 0.00174 0.11727 0.14323 0.00158 0.08081 0.08475 0.10318 0.01143 0.01893 0.5847535 -0.3616247 0.7187605 0.1033168 0.9337667 -0.3318924 -0.1179935 -0.0632835
-0.13021 0.04684 1.42292 -0.241 0.02131 1.43762 -0.00381 -0.01374 0.00205 0.03077 0.03497 -0.01356 0.08204 0.12289 -0.03523 -0.02034 0.07320 0.05686 -0.01155 -0.04632 0.8183695 -0.3224515 0.4123411 0.2372154 0.8318313 -0.3366632 -0.4352377 -0.0726823
-0.14884 0.04654 1.44019 -0.18408 0.06826 1.43389 -0.01863 -0.00030 0.01727 0.05692 0.04695 -0.00373 0.08053 0.07778 -0.00151 -0.04511 0.06726 0.07225 -0.00594 0.01539 0.791117 -0.3221712 0.4531765 0.2548939 0.7445902 -0.3259905 -0.5500681 -0.1916784
-0.1719 0.04149 1.44767 -0.21488 0.04905 1.4449 -0.02306 -0.00505 0.00748 -0.03080 -0.01921 0.01101 0.07650 0.06978 -0.00403 -0.00800 0.08076 0.06532 0.01350 -0.00693 0.6389005 -0.4026055 0.622135 0.20655 0.788785 -0.3060792 -0.4951762 -0.1973176
-0.20044 0.03585 1.53816 -0.23081 0.04802 1.53718 -0.02854 -0.00564 0.09049 -0.01593 -0.00103 0.09228 0.07717 0.10577 0.00067 0.03599 0.08838 0.07349 0.00762 0.00817 0.6275988 -0.4128208 0.6221228 0.2205944 0.806241 -0.4461869 -0.3884009 -0.0061165
-0.19222 0.02866 1.42361 -0.22315 0.03522 1.41912 0.00822 -0.00719 -0.11455 0.00766 -0.01280 -0.11806 0.07207 0.06796 -0.00510 -0.03781 0.08197 0.06073 -0.00641 -0.01276 0.6376871 -0.4110509 0.6133504 0.2195308 0.7240978 -0.2445349 -0.5532548 -0.3313518
-0.19717 0.0278 1.42442 -0.22853 0.03227 1.41914 -0.00495 -0.00086 0.00081 -0.00538 -0.00295 0.00002 0.06933 0.06696 -0.00274 -0.00100 0.08374 0.06125 0.00177 0.00052 0.6552781 -0.4218249 0.5945857 0.1978439 0.7419419 -0.2110683 -0.5188614 -0.36845
-0.2177 0.02845 1.55084 -0.24548 0.03798 1.54803 -0.02053 0.00065 0.12642 -0.01695 0.00571 0.12889 0.07333 0.11492 0.00400 0.04796 0.08963 0.08990 0.00589 0.02865 0.6393259 -0.4321246 0.6072 0.1893118 -0.5934345 0.422217 0.6622183 -0.1761684
-0.20252 0.02596 1.42903 -0.23439 0.03029 1.42511 0.01518 -0.00249 -0.12181 0.01109 -0.00769 -0.12292 0.06683 0.10932 -0.00650 -0.00560 0.08223 0.06331 -0.00740 -0.02659 0.6504628 -0.4340405 0.5937043 0.1897948 0.7178714 -0.2256373 -0.5658147 -0.3370492
-0.20052 0.02382 1.41059 -0.23156 0.03219 1.40901 0.00200 -0.00214 -0.01844 0.00283 0.00190 -0.01610 0.06873 0.10404 0.00190 -0.00528 0.08134 0.06653 -0.00089 0.00322 0.6593471 -0.4379476 0.5796605 0.1935382 -0.541705 0.6869864 0.2637052 0.4062819
-0.20366 0.02322 1.43326 -0.23625 0.02816 1.43087 -0.00314 -0.00060 0.02267 -0.00469 -0.00403 0.02186 0.06461 0.11015 -0.00412 0.00611 0.08332 0.06293 0.00198 -0.00360 0.6480606 -0.4482736 0.5917329 0.1700605 0.7245741 -0.2032104 -0.5163431 -0.4087637
-0.2032 0.02232 1.42958 -0.23756 0.02692 1.4272 0.00046 -0.00090 -0.00368 -0.00131 -0.00124 -0.00367 0.06350 0.10958 -0.00111 -0.00057 0.08495 0.06426 0.00163 0.00133 0.6548092 -0.4507415 0.5822879 0.1702871 0.7370932 -0.1992766 -0.4981596 -0.4108766
-0.20196 0.02262 1.42902 -0.23569 0.02743 1.42635 0.00124 0.00030 -0.00056 0.00187 0.00051 -0.00085 0.05680 0.11129 -0.00670 0.00171 0.08494 0.06512 -0.00001 0.00086 0.6725913 -0.4405813 0.5665556 0.1803436 0.738371 -0.1995773 -0.4970776 -0.4097451
-0.20573 0.02139 1.45539 -0.24096 0.02382 1.45391 -0.00377 -0.00123 0.02637 -0.00527 -0.00361 0.02756 0.05496 0.12267 -0.00184 0.01138 0.08207 0.06035 -0.00287 -0.00477 0.6628655 -0.4130007 0.5980063 0.180078 0.7638501 -0.2928394 -0.5126072 -0.2607913
-0.19996 0.01876 1.46851 -0.23743 0.01931 1.47046 0.00577 -0.00263 0.01312 0.00353 -0.00451 0.01655 0.07040 0.08038 0.01544 -0.04229 0.07269 0.09912 -0.00938 0.03877 0.5898976 -0.414111 0.6764024 0.1516992 0.7730161 -0.3041863 -0.4936963 -0.2572561
-0.13925 0.00127 1.44137 -0.19414 0.02026 1.43665 0.06071 -0.01749 -0.02714 0.04329 0.00095 -0.03381 0.07616 0.06534 0.00576 -0.01504 0.07111 0.08487 -0.00158 -0.01425 0.6457434 -0.3472095 0.6800407 0.0023863 0.7580807 -0.3749759 -0.4949214 -0.1993983
-0.11659 -0.0117 1.4298 -0.17156 0.01237 1.42392 0.02266 -0.01297 -0.01157 0.02258 -0.00789 -0.01273 0.10972 0.06034 0.03356 -0.00500 0.05684 0.07249 -0.01427 -0.01238 0.3685399 -0.3298469 0.8571262 -0.1439241 0.6926977 -0.4354676 -0.5163481 -0.2528291
-0.08842 -0.02828 1.42071 -0.12395 0.01118 1.41326 0.02817 -0.01658 -0.00909 0.04761 -0.00119 -0.01066 0.10385 0.03273 -0.00587 -0.02761 0.05341 0.05819 -0.00343 -0.01430 0.40176 -0.4031114 0.8217891 -0.027436 -0.4930708 0.5186273 0.6769218 0.1722895
-0.06592 -0.03963 1.43562 -0.30556 -0.09873 1.46934 0.02250 -0.01135 0.01491 -0.18161 -0.10991 0.05608 0.08122 0.06201 -0.02263 0.02928 0.05604 0.06880 0.00263 0.01061 0.3357837 -0.3907733 0.8500158 -0.1096299 -0.1394215 -0.0405905 0.9459996 -0.2898253
-0.02655 -0.07036 1.44246 -0.32319 -0.15855 1.49485 0.03937 -0.03073 0.00684 -0.01763 -0.05982 0.02551 0.07825 0.05852 -0.00297 -0.00349 0.06104 0.05748 0.00500 -0.01132 0.313305 -0.4137994 0.8401063 -0.1575795 -0.0695499 -0.0609436 0.9830638 -0.158222
0.01952 -0.10432 1.4179 -0.33762 -0.20723 1.48416 0.04607 -0.03396 -0.02456 -0.01443 -0.04868 -0.01069 0.08240 0.05768 0.00415 -0.00084 0.06002 0.05179 -0.00102 -0.00569 -0.1328418 -0.2611045 0.8659114 -0.405432 -0.1096896 -0.0340483 0.9489416 -0.2938005
0.06702 -0.13764 1.37323 -0.34611 -0.2551 1.44906 0.04750 -0.03332 -0.04467 -0.00849 -0.04787 -0.03510 0.07959 0.05429 -0.00281 -0.00339 0.06305 0.05001 0.00303 -0.00178 0.0283757 -0.3238954 0.868215 -0.374819 -0.1745862 -0.0374214 0.7567412 -0.6288577
0.11951 -0.17954 1.34672 -0.36114 -0.30875 1.42455 0.05249 -0.04190 -0.02651 -0.01503 -0.05365 -0.02451 0.07350 0.05137 -0.00609 -0.00292 0.05284 0.04960 -0.01021 -0.00041 -0.1054738 -0.0297499 0.9843174 -0.1382375 0.6599805 -0.2680089 -0.4705541 0.5207455
0.17624 -0.22547 1.36787 -0.38951 -0.38095 1.46414 0.05673 -0.04593 0.02115 -0.02837 -0.07220 0.03959 0.07193 0.05481 -0.00157 0.00344 0.04707 0.05121 -0.00577 0.00161 -0.1201758 -0.1932107 0.8918508 -0.3909343 -0.1156739 0.1047446 0.7018922 -0.6949788
0.21975 -0.25465 1.32337 -0.39529 -0.43555 1.44306 0.04351 -0.02918 -0.04450 -0.00578 -0.05460 -0.02108 0.05861 0.06711 -0.01332 0.01230 0.05012 0.05414 0.00305 0.00293 0.1635758 -0.2113605 0.8992806 -0.3462138 -0.3538379 0.296713 0.6892104 -0.5583451
0.26527 -0.28378 1.28678 -0.39546 -0.48083 1.43848 0.04552 -0.02913 -0.03659 -0.00017 -0.04528 -0.00458 0.03930 0.07081 -0.01931 0.00370 0.04025 0.05341 -0.00987 -0.00073 -0.0456914 -0.0724509 -0.5832314 0.8077773 0.4476987 -0.4134558 -0.4554757 0.64897
0.331 -0.33353 1.37147 -0.42872 -0.57294 1.55464 0.06573 -0.04975 0.08469 -0.03326 -0.09211 0.11616 0.04893 0.07325 0.00963 0.00244 0.04853 0.05852 0.00828 0.00511 0.1419992 0.0636431 0.7319052 -0.6634008 0.3116361 -0.4311106 -0.4699382 0.7044038
0.43129 -0.39017 1.39287 -0.43242 -0.63429 1.6345 0.10029 -0.05664 0.02140 -0.00370 -0.06135 0.07986 0.09825 0.08925 0.04932 0.01600 0.08876 0.05750 0.04023 -0.00102 0.3916702 -0.3358252 0.626096 -0.5846534 0.2297601 -0.4646423 -0.2883285 0.8050991
0.50097 -0.46961 1.53851 -0.44967 -0.70806 1.75261 0.06968 -0.07944 0.14564 -0.01725 -0.07377 0.11811 0.07684 0.08720 -0.02141 -0.00205 0.19948 0.06494 0.11072 0.00744 -0.1190819 0.0023453 -0.6477839 0.7524559 0.1397066 -0.3398937 -0.2009499 0.9080603
0.53445 -0.53207 1.62009 -0.45565 -0.70932 1.83097 0.03348 -0.06246 0.08158 -0.00598 -0.00126 0.07836 0.05749 0.10524 -0.01935 0.01804 0.13442 0.04549 -0.06506 -0.01945 -0.0991793 -0.147184 -0.4743206 0.8622762 0.1623345 -0.3242987 -0.1319149 0.922538
0.54461 -0.55367 1.62417 -0.44934 -0.70911 1.83383 0.01016 -0.02160 0.00408 0.00631 0.00021 0.00286 0.12217 0.08686 0.06468 -0.01838 0.11142 0.04730 -0.02300 0.00181 -0.1103953 -0.1839995 -0.4015058 0.8903652 0.1775911 -0.2841709 -0.1207499 0.9344131
0.56512 -0.59169 1.64243 -0.44154 -0.70058 1.83694 0.02051 -0.03802 0.01826 0.00780 0.00853 0.00311 0.08549 0.08729 -0.03668 0.00043 0.17120 0.02954 0.05978 -0.01776 -0.4618891 0.8670962 0.1275873 0.1361033 0.1481627 -0.3249277 -0.2133229 0.9093752
0.57603 -0.58411 1.62841 -0.44226 -0.70809 1.84608 0.01091 0.00758 -0.01402 -0.00072 -0.00751 0.00914 0.16211 0.08373 0.07662 -0.00356 0.15881 0.06347 -0.01239 0.03393 -0.5075992 0.8177216 0.1078414 0.2490878 0.100944 -0.1700742 0.0079042 0.9802156
0.57734 -0.58747 1.63723 -0.44449 -0.72334 1.85469 0.00131 -0.00336 0.00882 -0.00223 -0.01525 0.00861 0.08733 0.07620 -0.07478 -0.00753 0.15027 0.04423 -0.00854 -0.01924 -0.4741128 0.8444905 0.1816235 0.1704871 0.1309684 -0.1361156 0.1329345 0.9729585
0.57138 -0.58858 1.62586 -0.43495 -0.70531 1.84497 -0.00596 -0.00111 -0.01137 0.00954 0.01803 -0.00972 0.08445 0.07474 -0.00288 -0.00146 0.13628 0.05968 -0.01399 0.01545 -0.5678383 0.7299061 -0.0381006 0.3786093 0.1182214 -0.1216143 0.2972196 0.9396245
0.56951 -0.58891 1.61395 -0.43741 -0.71301 1.85307 -0.00187 -0.00033 -0.01191 -0.00246 -0.00770 0.00810 0.15993 0.09228 0.07548 0.01754 0.11041 0.04345 -0.02587 -0.01623 0.5490578 -0.6388541 0.1838423 -0.50656 0.1255993 -0.2512483 0.3602194 0.8895736
0.55058 -0.60589 1.63393 -0.44327 -0.728 1.88047 -0.01893 -0.01698 0.01998 -0.00586 -0.01499 0.02740 0.13640 0.10115 -0.02353 0.00887 0.08704 0.05959 -0.02337 0.01614 -0.4216793 0.5287774 -0.3329888 0.6570383 0.1469061 -0.1118326 0.3464538 0.9197183
0.57533 -0.60133 1.62115 -0.43273 -0.7052 1.86778 0.02475 0.00456 -0.01278 0.01054 0.02280 -0.01269 0.11582 0.11679 -0.02058 0.01564 0.12312 0.01919 0.03608 -0.04040 -0.4983815 0.4453994 -0.342914 0.6600343 0.1253075 -0.2246209 0.4083119 0.8758566
0.5745 -0.60777 1.63351 -0.44498 -0.73153 1.90347 -0.00083 -0.00644 0.01236 -0.01225 -0.02633 0.03569 0.08893 0.12501 -0.02689 0.00822 0.09437 0.07027 -0.02875 0.05108 -0.5155174 0.4703582 -0.3273486 0.637062 0.1597451 -0.065799 0.2682682 0.9477258
0.5725 -0.61151 1.63705 -0.42141 -0.6792 1.84815 -0.00200 -0.00374 0.00354 0.02357 0.05233 -0.05532 0.09956 0.09041 0.01063 -0.03460 0.11237 0.07810 0.01800 0.00783 -0.4922791 0.4217399 -0.3695866 0.6657346 0.3249801 -0.0185866 0.3330431 0.8849434
0.57653 -0.61472 1.6358 -0.42077 -0.6798 1.84391 0.00403 -0.00321 -0.00125 0.00064 -0.00060 -0.00424 0.13384 0.10684 0.03428 0.01643 0.09147 0.09739 -0.02090 0.01929 -0.5331474 0.4744761 -0.3091871 0.6285139 0.3189846 -0.0403486 0.2670409 0.9084657
0.57518 -0.61432 1.63425 -0.42887 -0.70442 1.83264 -0.00135 0.00040 -0.00155 -0.00810 -0.02462 -0.01127 0.11976 0.07565 -0.01408 -0.03119 0.08614 0.08171 -0.00533 -0.01568 -0.5250415 0.4447539 -0.3330928 0.6446508 0.2437601 -0.0353022 0.1659248 0.9548842
0.57957 -0.61408 1.63329 -0.42201 -0.6896 1.81208 0.00439 0.00024 -0.00096 0.00686 0.01482 -0.02056 0.12501 0.08207 0.00525 0.00642 0.08657 0.08097 0.00043 -0.00074 -0.5658439 0.4831349 -0.2776851 0.6076943 0.2475496 -0.0589724 0.1147269 0.9602495
0.57851 -0.61354 1.63267 -0.42183 -0.69395 1.80072 -0.00106 0.00054 -0.00062 0.00018 -0.00435 -0.01136 0.11000 0.07064 -0.01501 -0.01143 0.11150 0.04901 0.02493 -0.03196 -0.5171582 0.3851896 -0.3626707 0.6727899 0.1893472 -0.0567472 0.0710901 0.9776879
0.57835 -0.61576 1.63573 -0.42374 -0.69828 1.80111 -0.00016 -0.00222 0.00306 -0.00191 -0.00433 0.00039 0.11639 0.06378 0.00639 -0.00686 0.07682 0.04829 -0.03468 -0.00072 -0.555647 0.4613762 -0.2969053 0.6246884 0.2004766 -0.0668739 0.1244683 0.9694558
0.57766 -0.61614 1.63575 -0.40643 -0.65495 1.78482 -0.00069 -0.00038 0.00002 0.01731 0.04333 -0.01629 0.12778 0.10306 0.01139 0.03928 0.08768 0.05915 0.01086 0.01086 -0.5602122 0.4691553 -0.2910594 0.6175274 0.2591341 -0.168349 0.0462227 0.9499324
0.57722 -0.61584 1.63656 -0.41035 -0.66411 1.79123 -0.00044 0.00030 0.00081 -0.00392 -0.00916 0.00641 0.11543 0.09940 -0.01235 -0.00366 0.07707 0.06684 -0.01061 0.00769 -0.545595 0.4574826 -0.3070856 0.631454 0.2300895 -0.1059517 0.1182269 0.9601331
0.57693 -0.61584 1.63527 -0.40461 -0.6491 1.7885 -0.00029 0.00000 -0.00129 0.00574 0.01501 -0.00273 0.12934 0.06716 0.01391 -0.03224 0.08855 0.06081 0.01148 -0.00603 -0.5665135 0.4960687 -0.2705716 0.5998077 0.2750366 -0.1359428 0.190642 0.9324859
0.58045 -0.61553 1.63379 -0.41381 -0.67038 1.81282 0.00352 0.00031 -0.00148 -0.00920 -0.02128 0.02432 0.11636 0.12587 -0.01298 0.05871 0.09299 0.07013 0.00444 0.00932 -0.5376362 0.4099239 -0.3394274 0.6539869 0.2044141 -0.0522296 0.2954828 0.9317601
0.57474 -0.61535 1.63656 -0.41089 -0.66321 1.81273 -0.00571 0.00018 0.00277 0.00292 0.00717 -0.00009 0.11336 0.12576 -0.00300 -0.00011 0.07300 0.03012 -0.01999 -0.04001 -0.5638332 0.481882 -0.2896783 0.6049531 0.188501 -0.2262021 0.133527 0.9462931
0.5766 -0.61549 1.63809 -0.41344 -0.66615 1.83238 0.00186 -0.00014 0.00153 -0.00255 -0.00294 0.01965 0.11599 0.11337 0.00263 -0.01239 0.08013 0.02840 0.00713 -0.00172 -0.5486803 0.4335247 -0.3202211 0.6391125 0.0751527 -0.3446127 0.353068 0.8665664
]
