classifier_Car_bumps_into_monkey_20200 [ 0.78037 -0.77231 1.98387 -0.08143 -0.59081 1.80827 0.78037 -0.77231 1.98387 -0.08143 -0.59081 1.80827 0.11605 0.11622 0.11544 0.06700
0.7795 -0.77036 1.98184 -0.08149 -0.59038 1.80629 -0.00087 0.00195 -0.00203 -0.00006 0.00043 -0.00198 0.11381 0.11630 0.11385 0.06795
0.77984 -0.77142 1.99047 -0.0824 -0.59829 1.80677 0.00034 -0.00106 0.00863 -0.00091 -0.00791 0.00048 0.11909 0.11678 0.11258 0.06736
0.78013 -0.77019 1.98787 -0.08254 -0.5999 1.80384 0.00029 0.00123 -0.00260 -0.00014 -0.00161 -0.00293 0.11943 0.11307 0.11588 0.06512
0.77734 -0.77264 1.98235 -0.08297 -0.60237 1.80273 -0.00279 -0.00245 -0.00552 -0.00043 -0.00247 -0.00111 0.12267 0.11768 0.12148 0.06515
0.77467 -0.76898 1.98107 -0.08331 -0.60179 1.80372 -0.00267 0.00366 -0.00128 -0.00034 0.00058 0.00099 0.13915 0.11891 0.12535 0.06451
0.77945 -0.76867 1.97807 -0.08492 -0.59848 1.80705 0.00478 0.00031 -0.00300 -0.00161 0.00331 0.00333 0.12067 0.11655 0.12881 0.07407
0.77455 -0.76406 1.97354 -0.08787 -0.59548 1.80944 -0.00490 0.00461 -0.00453 -0.00295 0.00300 0.00239 0.14422 0.12011 0.13467 0.06106
0.7656 -0.75927 1.95738 -0.09284 -0.59232 1.81233 -0.00895 0.00479 -0.01616 -0.00497 0.00316 0.00289 0.07992 0.11928 0.13890 0.06274
0.75432 -0.77343 1.96453 -0.10172 -0.58591 1.8171 -0.01128 -0.01416 0.00715 -0.00888 0.00641 0.00477 0.07735 0.12396 0.10968 0.05243
0.68007 -0.69017 1.94825 -0.11348 -0.59265 1.8204 -0.07425 0.08326 -0.01628 -0.01176 -0.00674 0.00330 0.17362 0.12072 0.08044 0.05532
0.68146 -0.69138 1.90439 -0.1284 -0.59626 1.82896 0.00139 -0.00121 -0.04386 -0.01492 -0.00361 0.00856 0.16338 0.11729 0.05783 0.05066
0.61946 -0.6693 1.85289 -0.1464 -0.58866 1.79131 -0.06200 0.02208 -0.05150 -0.01800 0.00760 -0.03765 0.18685 0.14226 0.18763 0.04199
0.56714 -0.6345 1.94211 -0.17492 -0.58694 1.86546 -0.05232 0.03480 0.08922 -0.02852 0.00172 0.07415 0.11157 0.12589 0.06508 0.05696
0.5359 -0.62703 1.94621 -0.19107 -0.60549 1.86596 -0.03124 0.00747 0.00410 -0.01615 -0.01855 0.00050 0.11199 0.13022 0.07970 0.06006
0.50539 -0.6207 1.94221 -0.205 -0.61025 1.8694 -0.03051 0.00633 -0.00400 -0.01393 -0.00476 0.00344 0.10851 0.13666 0.04501 0.05815
0.42794 -0.62668 1.92361 -0.24089 -0.62894 1.89094 -0.07745 -0.00598 -0.01860 -0.03589 -0.01869 0.02154 0.07977 0.13800 0.05832 0.04215
0.41426 -0.62313 1.92295 -0.24407 -0.63292 1.89075 -0.01368 0.00355 -0.00066 -0.00318 -0.00398 -0.00019 0.07855 0.14041 0.07573 0.03807
0.40892 -0.61579 1.92556 -0.25373 -0.63438 1.8968 -0.00534 0.00734 0.00261 -0.00966 -0.00146 0.00605 0.08212 0.14383 0.07762 0.06465
0.40515 -0.60663 1.91864 -0.26638 -0.63057 1.89871 -0.00377 0.00916 -0.00692 -0.01265 0.00381 0.00191 0.08141 0.14703 0.05805 0.05789
0.4089 -0.61201 1.95158 -0.3352 -0.57883 1.95316 0.00375 -0.00538 0.03294 -0.06882 0.05174 0.05445 0.07811 0.08227 0.10854 0.09382
0.41352 -0.6102 1.95535 -0.34583 -0.56964 1.95359 0.00462 0.00181 0.00377 -0.01063 0.00919 0.00043 0.07640 0.08187 0.11296 0.12405
0.42201 -0.59472 1.95679 -0.35592 -0.55497 1.9529 0.00849 0.01548 0.00144 -0.01009 0.01467 -0.00069 0.07870 0.08771 0.12464 0.12474
0.42613 -0.58544 1.95544 -0.35822 -0.54045 1.95316 0.00412 0.00928 -0.00135 -0.00230 0.01452 0.00026 0.07877 0.09310 0.08274 0.13958
0.42975 -0.57371 1.96203 -0.3583 -0.53223 1.95997 0.00362 0.01173 0.00659 -0.00008 0.00822 0.00681 0.09288 0.09387 0.06753 0.07399
0.42878 -0.55908 1.95845 -0.3536 -0.52232 1.95809 -0.00097 0.01463 -0.00358 0.00470 0.00991 -0.00188 0.09353 0.09346 0.05964 0.04934
0.42419 -0.55028 1.96663 -0.34331 -0.5179 1.96252 -0.00459 0.00880 0.00818 0.01029 0.00442 0.00443 0.08072 0.09323 0.05163 0.06488
0.41888 -0.53606 1.98046 -0.33046 -0.51637 1.97624 -0.00531 0.01422 0.01383 0.01285 0.00153 0.01372 0.06874 0.09682 0.06907 0.06409
0.37814 -0.52243 2.01092 -0.29338 -0.47481 2.00807 -0.04074 0.01363 0.03046 0.03708 0.04156 0.03183 0.17515 0.08366 0.07753 0.05636
0.35433 -0.48348 2.02655 -0.28001 -0.42886 2.01309 -0.02381 0.03895 0.01563 0.01337 0.04595 0.00502 0.18569 0.05592 0.06939 0.06541
0.34701 -0.41067 2.00321 -0.26745 -0.37154 2.00292 -0.00732 0.07281 -0.02334 0.01256 0.05732 -0.01017 0.06782 0.07888 0.09010 0.07636
0.35896 -0.38893 2.12482 -0.35179 -0.30638 2.12601 0.01195 0.02174 0.12161 -0.08434 0.06516 0.12309 0.06271 0.08953 0.08847 0.09135
0.42975 -0.29515 2.13106 -0.37214 -0.23909 2.14227 0.07079 0.09378 0.00624 -0.02035 0.06729 0.01626 0.09501 0.11089 0.09632 0.09924
0.43619 -0.288 2.09594 -0.37645 -0.2347 2.11345 0.00644 0.00715 -0.03512 -0.00431 0.00439 -0.02882 0.08644 0.11073 0.09857 0.07944
0.42787 -0.29478 1.99124 -0.37041 -0.24553 2.00761 -0.00832 -0.00678 -0.10470 0.00604 -0.01083 -0.10584 0.08019 0.10212 0.09912 0.06997
0.45284 -0.34363 2.04016 -0.39089 -0.29484 2.0627 0.02497 -0.04885 0.04892 -0.02048 -0.04931 0.05509 0.09646 0.12084 0.09136 0.07679
0.46424 -0.39272 2.05022 -0.38652 -0.35253 2.06921 0.01140 -0.04909 0.01006 0.00437 -0.05769 0.00651 0.10828 0.12706 0.06473 0.05953
0.43609 -0.43124 1.95155 -0.35034 -0.39273 1.97109 -0.02815 -0.03852 -0.09867 0.03618 -0.04020 -0.09812 0.10376 0.11565 0.06813 0.06818
0.42887 -0.48756 1.97114 -0.3198 -0.45064 1.98771 -0.00722 -0.05632 0.01959 0.03054 -0.05791 0.01662 0.07769 0.11247 0.04859 0.06550
0.31004 -0.561 2.05816 -0.27126 -0.46494 2.03852 -0.11883 -0.07344 0.08702 0.04854 -0.01430 0.05081 0.16807 0.08286 0.11143 0.05028
0.3808 -0.45175 2.03607 -0.24681 -0.43218 2.05366 0.07076 0.10925 -0.02209 0.02445 0.03276 0.01514 0.07117 0.06329 0.08847 0.06349
0.38751 -0.44108 2.15686 -0.3087 -0.35024 2.16127 0.00671 0.01067 0.12079 -0.06189 0.08194 0.10761 0.07252 0.09829 0.09940 0.05999
0.38514 -0.40978 2.15081 -0.28714 -0.28268 2.134 -0.00237 0.03130 -0.00605 0.02156 0.06756 -0.02727 0.07231 0.10573 0.09169 0.06349
0.35523 -0.3685 1.9715 -0.24504 -0.18106 1.93444 -0.02991 0.04128 -0.17931 0.04210 0.10162 -0.19956 0.06677 0.09522 0.06908 0.07853
0.35432 -0.37258 1.97022 -0.24608 -0.08706 1.89339 -0.00091 -0.00408 -0.00128 -0.00104 0.09400 -0.04105 0.06119 0.09172 0.05563 0.07509
0.35648 -0.40218 1.9809 -0.26444 0.05982 1.8932 0.00216 -0.02960 0.01068 -0.01836 0.14688 -0.00019 0.05932 0.12696 0.06562 0.07187
0.35645 -0.41816 1.99084 -0.25693 0.13481 1.89665 -0.00003 -0.01598 0.00994 0.00751 0.07499 0.00345 0.06112 0.12323 0.06231 0.09250
0.35606 -0.4295 2.00001 -0.26336 0.16552 1.89098 -0.00039 -0.01134 0.00917 -0.00643 0.03071 -0.00567 0.06351 0.11052 0.06665 0.07114
0.35395 -0.43917 2.00839 -0.25617 0.20411 1.88997 -0.00211 -0.00967 0.00838 0.00719 0.03859 -0.00101 0.06518 0.12491 0.06499 0.06822
0.3492 -0.45494 2.03498 -0.23098 0.29754 1.9282 -0.00475 -0.01577 0.02659 0.02519 0.09343 0.03823 0.12586 0.07903 0.06800 0.06607
0.34027 -0.46828 2.0478 -0.22181 0.30141 1.92505 -0.00893 -0.01334 0.01282 0.00917 0.00387 -0.00315 0.11526 0.08420 0.07381 0.06372
0.34274 -0.47716 2.06058 -0.21245 0.22202 1.89154 0.00247 -0.00888 0.01278 0.00936 -0.07939 -0.03351 0.11077 0.12765 0.07208 0.06625
0.32837 -0.50892 2.09927 -0.17585 0.08883 1.87798 -0.01437 -0.03176 0.03869 0.03660 -0.13319 -0.01356 0.08984 0.07488 0.08888 0.07721
0.35086 -0.55712 2.28022 -0.20209 0.00163 2.03391 0.02249 -0.04820 0.18095 -0.02624 -0.08720 0.15593 0.09398 0.13266 0.08931 0.09596
0.34471 -0.56311 2.27491 -0.19939 -0.01072 2.02553 -0.00615 -0.00599 -0.00531 0.00270 -0.01235 -0.00838 0.18654 0.12546 0.09933 0.09841
0.34152 -0.56638 2.27247 -0.20258 -0.01801 2.02163 -0.00319 -0.00327 -0.00244 -0.00319 -0.00729 -0.00390 0.18059 0.12651 0.09300 0.10937
0.34531 -0.56135 2.27637 -0.2165 -0.01465 2.02836 0.00379 0.00503 0.00390 -0.01392 0.00336 0.00673 0.19230 0.13574 0.10191 0.10271
0.34821 -0.5617 2.27836 -0.22365 -0.01566 2.03298 0.00290 -0.00035 0.00199 -0.00715 -0.00101 0.00462 0.18710 0.13901 0.09845 0.10608
0.35206 -0.55918 2.27651 -0.2285 -0.01109 2.03366 0.00385 0.00252 -0.00185 -0.00485 0.00457 0.00068 0.18911 0.13802 0.09662 0.09226
0.35258 -0.55834 2.27577 -0.23253 -0.01044 2.03495 0.00052 0.00084 -0.00074 -0.00403 0.00065 0.00129 0.18539 0.13692 0.09943 0.09714
0.35254 -0.55947 2.27613 -0.23344 -0.01087 2.03605 -0.00004 -0.00113 0.00036 -0.00091 -0.00043 0.00110 0.18851 0.13719 0.10397 0.09480
0.35357 -0.56168 2.28049 -0.23498 -0.00985 2.03908 0.00103 -0.00221 0.00436 -0.00154 0.00102 0.00303 0.18832 0.13658 0.10576 0.09384
0.35366 -0.56139 2.282 -0.23612 -0.00973 2.03869 0.00009 0.00029 0.00151 -0.00114 0.00012 -0.00039 0.18359 0.13560 0.09534 0.08732
0.35432 -0.56398 2.28771 -0.23789 -0.00954 2.04366 0.00066 -0.00259 0.00571 -0.00177 0.00019 0.00497 0.18519 0.13548 0.10554 0.09940
0.3552 -0.56617 2.29226 -0.23965 -0.00898 2.04563 0.00088 -0.00219 0.00455 -0.00176 0.00056 0.00197 0.18819 0.13548 0.11031 0.08383
0.35662 -0.57128 2.29528 -0.24076 -0.01458 2.0465 0.00142 -0.00511 0.00302 -0.00111 -0.00560 0.00087 0.18669 0.13609 0.10166 0.08064
0.35775 -0.57077 2.29595 -0.24086 -0.01472 2.04564 0.00113 0.00051 0.00067 -0.00010 -0.00014 -0.00086 0.18724 0.13702 0.10225 0.08237
0.35792 -0.57363 2.29928 -0.24082 -0.01515 2.04695 0.00017 -0.00286 0.00333 0.00004 -0.00043 0.00131 0.18801 0.13741 0.10204 0.08482
0.35776 -0.57288 2.30186 -0.24094 -0.015 2.04879 -0.00016 0.00075 0.00258 -0.00012 0.00015 0.00184 0.18975 0.13651 0.10067 0.08557
0.35721 -0.57489 2.29933 -0.24182 -0.01446 2.04717 -0.00055 -0.00201 -0.00253 -0.00088 0.00054 -0.00162 0.18888 0.13619 0.09936 0.08251
0.35742 -0.57628 2.30126 -0.24276 -0.01521 2.04974 0.00021 -0.00139 0.00193 -0.00094 -0.00075 0.00257 0.18946 0.13668 0.09751 0.08495
0.35641 -0.57315 2.30065 -0.24442 -0.01565 2.04879 -0.00101 0.00313 -0.00061 -0.00166 -0.00044 -0.00095 0.18780 0.13725 0.10015 0.08296
0.3571 -0.57309 2.29617 -0.24593 -0.02012 2.0509 0.00069 0.00006 -0.00448 -0.00151 -0.00447 0.00211 0.18539 0.13671 0.10031 0.08499
0.36717 -0.54485 2.26077 -0.24698 -0.02087 2.04888 0.01007 0.02824 -0.03540 -0.00105 -0.00075 -0.00202 0.18676 0.13729 0.09086 0.07867
0.39191 -0.42192 2.15491 -0.24591 -0.02031 2.0426 0.02474 0.12293 -0.10586 0.00107 0.00056 -0.00628 0.07293 0.13680 0.07831 0.08361
0.41069 -0.33623 2.11855 -0.24383 -0.01961 2.0387 0.01878 0.08569 -0.03636 0.00208 0.00070 -0.00390 0.09152 0.13580 0.10651 0.08346
0.39193 -0.25233 2.03465 -0.23743 -0.01977 1.99818 -0.01876 0.08390 -0.08390 0.00640 -0.00016 -0.04052 0.09342 0.12955 0.10284 0.08718
0.39491 -0.16894 2.04351 -0.23932 -0.01577 2.04026 0.00298 0.08339 0.00886 -0.00189 0.00400 0.04208 0.10524 0.13522 0.09985 0.08564
0.38635 -0.07343 2.00472 -0.23577 -0.01535 2.02758 -0.00856 0.09551 -0.03879 0.00355 0.00042 -0.01268 0.10511 0.12986 0.09842 0.08064
0.35146 0.11162 1.98561 -0.23199 -0.01052 2.03018 -0.03489 0.18505 -0.01911 0.00378 0.00483 0.00260 0.10358 0.13190 0.08083 0.08680
0.35295 0.16656 1.99826 -0.23117 -0.00966 2.0354 0.00149 0.05494 0.01265 0.00082 0.00086 0.00522 0.11808 0.12885 0.09862 0.09744
0.34206 0.20588 1.99818 -0.22997 -0.0097 2.03387 -0.01089 0.03932 -0.00008 0.00120 -0.00004 -0.00153 0.11317 0.12998 0.10293 0.09850
0.32742 0.18661 1.99811 -0.23154 -0.00982 2.03672 -0.01464 -0.01927 -0.00007 -0.00157 -0.00012 0.00285 0.11135 0.13022 0.09409 0.10272
0.31664 0.13326 1.98975 -0.23314 -0.00971 2.03437 -0.01078 -0.05335 -0.00836 -0.00160 0.00011 -0.00235 0.10437 0.12932 0.07802 0.09415
0.31096 0.04878 1.97506 -0.23236 -0.00489 2.02116 -0.00568 -0.08448 -0.01469 0.00078 0.00482 -0.01321 0.10089 0.13450 0.06812 0.08835
0.29079 -0.13571 2.00207 -0.23706 -0.00453 2.03099 -0.02017 -0.18449 0.02701 -0.00470 0.00036 0.00983 0.08154 0.13432 0.08184 0.09037
0.33427 -0.1952 2.15658 -0.25495 -0.00425 2.16725 0.04348 -0.05949 0.15451 -0.01789 0.00028 0.13626 0.10621 0.14312 0.10426 0.09626
0.3095 -0.17613 2.00047 -0.23713 -0.00422 2.00454 -0.02477 0.01907 -0.15611 0.01782 0.00003 -0.16271 0.10017 0.13299 0.09448 0.08575
0.28809 -0.04815 1.88262 -0.22576 -0.00421 1.91161 -0.02141 0.12798 -0.11785 0.01137 0.00001 -0.09293 0.09420 0.12734 0.12002 0.08357
0.31125 0.10962 1.96423 -0.23367 -0.005 2.00973 0.02316 0.15777 0.08161 -0.00791 -0.00079 0.09812 0.11133 0.13251 0.08990 0.09185
0.31664 0.16086 1.97039 -0.23236 -0.00443 2.01033 0.00539 0.05124 0.00616 0.00131 0.00057 0.00060 0.11098 0.13146 0.09945 0.10251
0.31595 0.17481 1.97304 -0.23018 -0.00429 2.00457 -0.00069 0.01395 0.00265 0.00218 0.00014 -0.00576 0.10908 0.13292 0.07903 0.08852
0.31337 0.07285 1.98038 -0.23337 -0.00456 2.01083 -0.00258 -0.10196 0.00734 -0.00319 -0.00027 0.00626 0.10109 0.13447 0.06744 0.08347
0.32034 -0.09969 1.9965 -0.23629 -0.00355 2.01043 0.00697 -0.17254 0.01612 -0.00292 0.00101 -0.00040 0.09960 0.13275 0.08205 0.08674
0.33111 -0.1721 2.01198 -0.23748 -0.00374 2.00333 0.01077 -0.07241 0.01548 -0.00119 -0.00019 -0.00710 0.10123 0.13241 0.10092 0.08013
0.3398 -0.21398 2.03419 -0.2394 -0.00406 2.00712 0.00869 -0.04188 0.02221 -0.00192 -0.00032 0.00379 0.10329 0.13563 0.08905 0.08084
0.34067 -0.21382 2.02788 -0.23899 -0.00459 1.99389 0.00087 0.00016 -0.00631 0.00041 -0.00053 -0.01323 0.10222 0.13322 0.09136 0.08749
0.33989 -0.11195 2.00462 -0.24043 -0.0043 2.00355 -0.00078 0.10187 -0.02326 -0.00144 0.00029 0.00966 0.10529 0.13184 0.11679 0.08761
0.34457 -0.03108 1.99924 -0.24214 -0.00369 2.02049 0.00468 0.08087 -0.00538 -0.00171 0.00061 0.01694 0.10990 0.12564 0.12164 0.08578
0.34158 0.05425 1.96933 -0.23826 0.00157 2.00597 -0.00299 0.08533 -0.02991 0.00388 0.00526 -0.01452 0.11469 0.12712 0.12473 0.08907
0.34175 0.13685 1.96697 -0.23831 0.00206 2.00525 0.00017 0.08260 -0.00236 -0.00005 0.00049 -0.00072 0.11636 0.12430 0.09917 0.08399
0.3449 0.2014 1.95735 -0.23562 0.00642 1.9866 0.00315 0.06455 -0.00962 0.00269 0.00436 -0.01865 0.11781 0.12543 0.07982 0.08423
0.34437 0.2526 1.95511 -0.23397 0.007 1.97273 -0.00053 0.05120 -0.00224 0.00165 0.00058 -0.01387 0.11850 0.12256 0.09501 0.08666
0.3492 0.29454 1.99657 -0.23756 0.01195 2.00198 0.00483 0.04194 0.04146 -0.00359 0.00495 0.02925 0.11890 0.12837 0.08536 0.07853
0.34999 0.31791 2.01484 -0.23992 0.01187 2.01027 0.00079 0.02337 0.01827 -0.00236 -0.00008 0.00829 0.12031 0.12916 0.07968 0.08731
0.34262 0.32807 2.02537 -0.24187 0.01148 2.01318 -0.00737 0.01016 0.01053 -0.00195 -0.00039 0.00291 0.12092 0.12905 0.09475 0.07625
0.3403 0.31802 2.03225 -0.24322 0.01222 2.01296 -0.00232 -0.01005 0.00688 -0.00135 0.00074 -0.00022 0.13980 0.12871 0.07992 0.08883
0.35971 0.22322 2.00721 -0.24279 0.01181 1.98479 0.01941 -0.09480 -0.02504 0.00043 -0.00041 -0.02817 0.13891 0.13048 0.08016 0.08556
0.36187 0.17418 1.99559 -0.24225 0.01152 1.97419 0.00216 -0.04904 -0.01162 0.00054 -0.00029 -0.01060 0.13124 0.13029 0.06480 0.08463
0.34775 0.02722 1.99831 -0.2409 0.01168 1.96484 -0.01412 -0.14696 0.00272 0.00135 0.00016 -0.00935 0.14550 0.12861 0.11333 0.07506
0.32701 -0.00289 1.96212 -0.23493 0.01057 1.92253 -0.02074 -0.03011 -0.03619 0.00597 -0.00111 -0.04231 0.13918 0.12330 0.10216 0.07741
0.35246 -0.02581 2.14787 -0.2565 0.00639 2.10148 0.02545 -0.02292 0.18575 -0.02157 -0.00418 0.17895 0.14737 0.13660 0.11043 0.08543
0.30943 -0.03949 1.95117 -0.2308 0.00365 1.90459 -0.04303 -0.01368 -0.19670 0.02570 -0.00274 -0.19689 0.12340 0.12099 0.09721 0.07855
0.32351 -0.04015 2.04372 -0.24152 0.00071 1.99503 0.01408 -0.00066 0.09255 -0.01072 -0.00294 0.09044 0.12886 0.12938 0.09631 0.08007
0.33386 -0.03359 2.0621 -0.24366 -0.00188 2.01424 0.01035 0.00656 0.01838 -0.00214 -0.00259 0.01921 0.13375 0.13166 0.10743 0.08420
0.22432 -0.0422 2.02707 -0.23914 -0.00217 1.97829 -0.10954 -0.00861 -0.03503 0.00452 -0.00029 -0.03595 0.04831 0.12993 0.07580 0.07884
0.22624 -0.03436 2.02938 -0.23906 -0.00229 1.9786 0.00192 0.00784 0.00231 0.00008 -0.00012 0.00031 0.04089 0.13143 0.07284 0.07819
0.22595 -0.02967 2.02646 -0.23987 -0.00634 1.97808 -0.00029 0.00469 -0.00292 -0.00081 -0.00405 -0.00052 0.03905 0.13301 0.07221 0.08838
0.22552 -0.0273 2.02405 -0.23978 -0.00679 1.97779 -0.00043 0.00237 -0.00241 0.00009 -0.00045 -0.00029 0.04248 0.13328 0.07360 0.09198
0.22707 -0.01785 2.02095 -0.23993 -0.00701 1.97821 0.00155 0.00945 -0.00310 -0.00015 -0.00022 0.00042 0.05127 0.13459 0.07346 0.08290
0.23443 -0.01217 2.02965 -0.24168 -0.00647 1.98887 0.00736 0.00568 0.00870 -0.00175 0.00054 0.01066 0.05024 0.13315 0.07310 0.07990
0.23052 -0.01096 2.02268 -0.24173 -0.00652 1.98421 -0.00391 0.00121 -0.00697 -0.00005 -0.00005 -0.00466 0.05201 0.13406 0.07178 0.08098
0.37107 -0.00209 2.16114 -0.25968 -0.00683 2.12481 0.14055 0.00887 0.13846 -0.01795 -0.00031 0.14060 0.15859 0.14320 0.11267 0.08327
0.36265 -0.00094 2.15295 -0.26111 -0.00644 2.12477 -0.00842 0.00115 -0.00819 -0.00143 0.00039 -0.00004 0.15520 0.14234 0.10066 0.08499
0.32494 -0.00073 2.02277 -0.2464 -0.00576 2.00172 -0.03771 0.00021 -0.13018 0.01471 0.00068 -0.12305 0.14424 0.13274 0.08474 0.08006
0.28075 0.00254 2.00306 -0.24227 -0.00689 1.99782 -0.04419 0.00327 -0.01971 0.00413 -0.00113 -0.00390 0.13285 0.13127 0.09942 0.08144
0.26572 -0.00101 2.00525 -0.24011 -0.01037 2.00665 -0.01503 -0.00355 0.00219 0.00216 -0.00348 0.00883 0.13961 0.13232 0.06189 0.07848
0.24788 -0.00717 1.97046 -0.23051 -0.01224 1.98382 -0.01784 -0.00616 -0.03479 0.00960 -0.00187 -0.02283 0.13877 0.13170 0.05889 0.08096
0.21761 -0.01029 1.94783 -0.2179 -0.0177 1.97229 -0.03027 -0.00312 -0.02263 0.01261 -0.00546 -0.01153 0.13196 0.13237 0.08177 0.08270
0.17595 -0.00697 1.94818 -0.19889 -0.01815 1.98111 -0.04166 0.00332 0.00035 0.01901 -0.00045 0.00882 0.12526 0.13442 0.12825 0.09679
0.0006 0.0374 1.93151 -0.18484 -0.03861 1.94543 -0.17535 0.04437 -0.01667 0.01405 -0.02046 -0.03568 0.16002 0.13083 0.07962 0.05554
-0.06122 0.08078 1.89778 -0.18557 -0.04186 1.9077 -0.06182 0.04338 -0.03373 -0.00073 -0.00325 -0.03773 0.14044 0.11736 0.09997 0.06129
0.02495 0.17025 1.77868 -0.20591 0.05113 1.79348 0.08617 0.08947 -0.11910 -0.02034 0.09299 -0.11422 0.12586 0.11851 0.09143 0.07210
0.09855 0.18699 1.94929 -0.24118 0.06367 1.98052 0.07360 0.01674 0.17061 -0.03527 0.01254 0.18704 0.16625 0.10857 0.06647 0.07610
0.12195 0.22043 1.85341 -0.2403 0.07266 1.88049 0.02340 0.03344 -0.09588 0.00088 0.00899 -0.10003 0.15064 0.10133 0.05461 0.07363
0.15176 0.25039 1.86909 -0.25173 0.08275 1.89202 0.02981 0.02996 0.01568 -0.01143 0.01009 0.01153 0.13773 0.10337 0.05312 0.07325
0.21188 0.29549 1.9028 -0.27047 0.08896 1.90968 0.06012 0.04510 0.03371 -0.01874 0.00621 0.01766 0.14180 0.10675 0.12073 0.07652
0.23266 0.30632 1.90528 -0.27403 0.09027 1.90086 0.02078 0.01083 0.00248 -0.00356 0.00131 -0.00882 0.14027 0.10806 0.05337 0.07045
0.25592 0.31561 1.92041 -0.27938 0.08945 1.90391 0.02326 0.00929 0.01513 -0.00535 -0.00082 0.00305 0.13926 0.11732 0.08830 0.06660
0.28096 0.30819 1.92569 -0.2831 0.08938 1.90609 0.02504 -0.00742 0.00528 -0.00372 -0.00007 0.00218 0.13806 0.12545 0.08225 0.07069
0.30796 0.29182 1.92752 -0.28456 0.08763 1.90745 0.02700 -0.01637 0.00183 -0.00146 -0.00175 0.00136 0.13861 0.12576 0.05718 0.07109
0.33186 0.28201 1.93315 -0.28573 0.08395 1.90865 0.02390 -0.00981 0.00563 -0.00117 -0.00368 0.00120 0.13583 0.12502 0.06844 0.07146
0.34822 0.26612 1.90674 -0.28239 0.08308 1.88239 0.01636 -0.01589 -0.02641 0.00334 -0.00087 -0.02626 0.13371 0.12398 0.06776 0.06960
0.41651 0.18962 1.89509 -0.28316 0.06802 1.87065 0.06829 -0.07650 -0.01165 -0.00077 -0.01506 -0.01174 0.13434 0.11453 0.09049 0.07006
0.42426 0.16843 1.86554 -0.28103 0.05129 1.84434 0.00775 -0.02119 -0.02955 0.00213 -0.01673 -0.02631 0.11722 0.11840 0.10056 0.06421
0.48794 0.07739 1.90361 -0.29056 0.02916 1.87853 0.06368 -0.09104 0.03807 -0.00953 -0.02213 0.03419 0.13487 0.12157 0.09651 0.07425
0.50887 0.02865 1.891 -0.29063 0.01914 1.86385 0.02093 -0.04874 -0.01261 -0.00007 -0.01002 -0.01468 0.13910 0.11867 0.10618 0.07282
0.5254 -0.01659 1.87715 -0.28964 0.0045 1.84799 0.01653 -0.04524 -0.01385 0.00099 -0.01464 -0.01586 0.12935 0.11940 0.10794 0.06621
0.56147 -0.08197 1.91039 -0.29534 -0.01515 1.87602 0.03607 -0.06538 0.03324 -0.00570 -0.01965 0.02803 0.12906 0.12392 0.10356 0.06186
0.60521 -0.19969 1.88001 -0.29222 -0.05553 1.86249 0.04374 -0.11772 -0.03038 0.00312 -0.04038 -0.01353 0.07458 0.11984 0.08820 0.06823
0.63302 -0.2697 1.90977 -0.29168 -0.08225 1.86756 0.02781 -0.07001 0.02976 0.00054 -0.02672 0.00507 0.12392 0.11766 0.05278 0.06116
0.67343 -0.34275 1.94814 -0.29069 -0.07487 1.85179 0.04041 -0.07305 0.03837 0.00099 0.00738 -0.01577 0.16163 0.07401 0.05603 0.04745
0.75933 -0.44565 2.07253 -0.29883 -0.17037 1.99829 0.08590 -0.10290 0.12439 -0.00814 -0.09550 0.14650 0.15565 0.12773 0.11132 0.06412
0.76547 -0.49062 2.06288 -0.28415 -0.20406 1.95979 0.00614 -0.04497 -0.00965 0.01468 -0.03369 -0.03850 0.12684 0.11410 0.07557 0.06149
0.77265 -0.53448 2.10095 -0.26594 -0.2669 1.97468 0.00718 -0.04386 0.03807 0.01821 -0.06284 0.01489 0.16370 0.12670 0.08201 0.06449
0.76572 -0.56355 2.08338 -0.23884 -0.31614 1.93679 -0.00693 -0.02907 -0.01757 0.02710 -0.04924 -0.03789 0.17489 0.12604 0.06640 0.06309
0.77918 -0.6511 1.99587 -0.17291 -0.4292 1.83654 0.01346 -0.08755 -0.08751 0.06593 -0.11306 -0.10025 0.13212 0.09569 0.08056 0.05206
0.80628 -0.6872 2.00571 -0.15649 -0.45042 1.82531 0.02710 -0.03610 0.00984 0.01642 -0.02122 -0.01123 0.11853 0.06691 0.10444 0.07980
0.77861 -0.73109 2.00469 -0.14236 -0.47705 1.82218 -0.02767 -0.04389 -0.00102 0.01413 -0.02663 -0.00313 0.14968 0.06468 0.12960 0.07449
0.76328 -0.73117 1.94917 -0.11409 -0.62401 1.77248 -0.01533 -0.00008 -0.05552 0.02827 -0.14696 -0.04970 0.13157 0.07359 0.11773 0.07667
0.7803 -0.75849 1.99575 -0.11822 -0.55808 1.87085 0.01702 -0.02732 0.04658 -0.00413 0.06593 0.09837 0.13237 0.10836 0.11287 0.09963
0.78172 -0.7653 1.99267 -0.11162 -0.57295 1.8621 0.00142 -0.00681 -0.00308 0.00660 -0.01487 -0.00875 0.12136 0.09052 0.11422 0.10158
0.75174 -0.74164 1.92215 -0.0767 -0.63423 1.67372 -0.02998 0.02366 -0.07052 0.03492 -0.06128 -0.18838 0.09811 0.12509 0.11479 0.06843
0.77057 -0.76392 1.97668 -0.09561 -0.60736 1.7868 0.01883 -0.02228 0.05453 -0.01891 0.02687 0.11308 0.09558 0.12964 0.11606 0.06716
0.77762 -0.77005 1.97852 -0.09458 -0.60867 1.79434 0.00705 -0.00613 0.00184 0.00103 -0.00131 0.00754 0.11183 0.12661 0.11544 0.07000
0.7426 -0.7647 2.00072 -0.0949 -0.60892 1.7998 -0.03502 0.00535 0.02220 -0.00032 -0.00025 0.00546 0.11541 0.12489 0.11765 0.06848
0.77599 -0.77279 1.99213 -0.09512 -0.61108 1.8015 0.03339 -0.00809 -0.00859 -0.00022 -0.00216 0.00170 0.08735 0.12279 0.11587 0.06844
0.78326 -0.77759 2.00203 -0.09642 -0.61341 1.80989 0.00727 -0.00480 0.00990 -0.00130 -0.00233 0.00839 0.09249 0.12313 0.11443 0.06968
0.77384 -0.7664 1.97179 -0.08568 -0.6274 1.74892 -0.00942 0.01119 -0.03024 0.01074 -0.01399 -0.06097 0.09369 0.13227 0.10923 0.09309
0.77651 -0.769 1.97585 -0.08429 -0.62979 1.74803 0.00267 -0.00260 0.00406 0.00139 -0.00239 -0.00089 0.08626 0.13403 0.11359 0.09234
0.79406 -0.78474 2.01535 -0.09506 -0.62163 1.80939 0.01755 -0.01574 0.03950 -0.01077 0.00816 0.06136 0.08571 0.12507 0.11564 0.07242
0.78308 -0.77219 1.98005 -0.08802 -0.63122 1.75223 -0.01098 0.01255 -0.03530 0.00704 -0.00959 -0.05716 0.08422 0.12999 0.11064 0.08692
0.79705 -0.78561 2.01327 -0.09608 -0.62389 1.80616 0.01397 -0.01342 0.03322 -0.00806 0.00733 0.05393 0.08338 0.12486 0.11289 0.07370
0.79751 -0.78619 2.01342 -0.09659 -0.62291 1.80633 0.00046 -0.00058 0.00015 -0.00051 0.00098 0.00017 0.09019 0.12377 0.11390 0.07268
0.79508 -0.78658 2.01294 -0.09696 -0.62347 1.80487 -0.00243 -0.00039 -0.00048 -0.00037 -0.00056 -0.00146 0.08236 0.12555 0.11208 0.07276
0.78299 -0.77356 1.97924 -0.08822 -0.63292 1.74661 -0.01209 0.01302 -0.03370 0.00874 -0.00945 -0.05826 0.08194 0.13073 0.10940 0.07608
0.79536 -0.7874 2.01049 -0.09543 -0.62406 1.80332 0.01237 -0.01384 0.03125 -0.00721 0.00886 0.05671 0.09030 0.12727 0.11401 0.07308
0.79619 -0.78717 2.01083 -0.09642 -0.62325 1.80339 0.00083 0.00023 0.00034 -0.00099 0.00081 0.00007 0.09167 0.12646 0.11154 0.07122
0.79533 -0.78746 2.00917 -0.09631 -0.62331 1.8034 -0.00086 -0.00029 -0.00166 0.00011 -0.00006 0.00001 0.08069 0.12634 0.11252 0.07360
]
