classifier_Monkey_jumps_on_fence_25185 [ 0.56636 -0.73972 2.02383 -0.22754 -0.58296 2.02098 0.56636 -0.73972 2.02383 -0.22754 -0.58296 2.02098 0.08673 0.11042 0.07244 0.11387
0.58099 -0.73029 1.99375 -0.22353 -0.57606 1.99488 0.01463 0.00943 -0.03008 0.00401 0.00690 -0.02610 0.09202 0.11258 0.07677 0.10985
0.56759 -0.73711 2.02168 -0.22626 -0.5824 2.01431 -0.01340 -0.00682 0.02793 -0.00273 -0.00634 0.01943 0.08099 0.11555 0.07153 0.08056
0.5681 -0.73643 2.02372 -0.23398 -0.58269 2.00589 0.00051 0.00068 0.00204 -0.00772 -0.00029 -0.00842 0.08479 0.10354 0.07535 0.06342
0.57368 -0.72518 1.99507 -0.24173 -0.56884 1.9531 0.00558 0.01125 -0.02865 -0.00775 0.01385 -0.05279 0.09332 0.08347 0.09675 0.06422
0.56862 -0.72448 1.99515 -0.24224 -0.57014 1.92285 -0.00506 0.00070 0.00008 -0.00051 -0.00130 -0.03025 0.08989 0.07928 0.08908 0.08655
0.56597 -0.71552 1.99498 -0.18066 -0.56682 1.76212 -0.00265 0.00896 -0.00017 0.06158 0.00332 -0.16073 0.09042 0.10829 0.12796 0.07039
0.56439 -0.67614 2.01638 -0.21501 -0.56032 1.80592 -0.00158 0.03938 0.02140 -0.03435 0.00650 0.04380 0.11188 0.11540 0.08353 0.08244
0.5447 -0.61461 1.94259 -0.22392 -0.51877 1.74291 -0.01969 0.06153 -0.07379 -0.00891 0.04155 -0.06301 0.12490 0.12776 0.06270 0.06274
0.42939 -0.4355 1.88225 -0.23996 -0.41182 1.70098 -0.11531 0.17911 -0.06034 -0.01604 0.10695 -0.04193 0.12655 0.09958 0.07729 0.09802
0.28307 -0.27 1.80065 -0.22783 -0.30641 1.6641 -0.14632 0.16550 -0.08160 0.01213 0.10541 -0.03688 0.11225 0.09327 0.06857 0.13041
0.23532 -0.21721 1.88827 -0.22244 -0.26215 1.73739 -0.04775 0.05279 0.08762 0.00539 0.04426 0.07329 0.10623 0.10255 0.08290 0.11066
0.20135 -0.12341 1.94314 -0.13091 -0.12977 1.79074 -0.03397 0.09380 0.05487 0.09153 0.13238 0.05335 0.11770 0.12032 0.10095 0.09979
0.21971 -0.11028 2.07238 -0.10008 -0.08046 1.93348 0.01836 0.01313 0.12924 0.03083 0.04931 0.14274 0.13026 0.12265 0.06025 0.14586
-0.00218 0.03658 1.55896 -0.01854 0.03015 1.55724 -0.22189 0.14686 -0.51342 0.08154 0.11061 -0.37624 0.13180 0.12418 0.07082 0.07445
-0.03782 0.04612 1.51279 0.02608 0.04629 1.5233 -0.03564 0.00954 -0.04617 0.04462 0.01614 -0.03394 0.07909 0.09750 0.09311 0.05772
0.08114 0.08462 1.63458 0.14179 0.04745 1.64049 0.11896 0.03850 0.12179 0.11571 0.00116 0.11719 0.02406 0.10406 0.08543 0.09687
0.18607 0.03176 1.6351 -0.12947 0.03017 1.61421 0.10493 -0.05286 0.00052 -0.27126 -0.01728 -0.02628 0.11100 0.10247 0.07371 0.09811
0.20478 0.02236 1.60665 -0.20277 -0.00225 1.58623 0.01871 -0.00940 -0.02845 -0.07330 -0.03242 -0.02798 0.11334 0.13137 0.08108 0.09579
0.26463 0.00016 1.619 -0.25675 -0.01472 1.60274 0.05985 -0.02220 0.01235 -0.05398 -0.01247 0.01651 0.11692 0.12651 0.08888 0.08120
0.32713 -0.03086 1.68063 -0.32269 -0.01344 1.66476 0.06250 -0.03102 0.06163 -0.06594 0.00128 0.06202 0.11897 0.12774 0.07845 0.08153
0.36981 -0.05588 1.6469 -0.36815 0.00086 1.62298 0.04268 -0.02502 -0.03373 -0.04546 0.01430 -0.04178 0.12218 0.13391 0.08328 0.09265
0.39682 -0.07582 1.63264 -0.42891 0.01125 1.64171 0.02701 -0.01994 -0.01426 -0.06076 0.01039 0.01873 0.11810 0.12620 0.09022 0.06827
0.42663 -0.08687 1.66009 -0.44911 0.19848 1.65573 0.02981 -0.01105 0.02745 -0.02020 0.18723 0.01402 0.12007 0.09537 0.07309 0.06298
0.4436 -0.10129 1.75266 -0.47265 0.18696 1.77831 0.01697 -0.01442 0.09257 -0.02354 -0.01152 0.12258 0.11874 0.13236 0.07406 0.06206
0.41688 -0.09193 1.70558 -0.44767 0.15617 1.7172 -0.02672 0.00936 -0.04708 0.02498 -0.03079 -0.06111 0.13133 0.12004 0.06676 0.07643
0.42598 -0.07519 1.79531 -0.44975 0.09481 1.78053 0.00910 0.01674 0.08973 -0.00208 -0.06136 0.06333 0.12998 0.12755 0.06953 0.07270
0.41298 -0.08437 1.78886 -0.43048 -0.00452 1.75797 -0.01300 -0.00918 -0.00645 0.01927 -0.09933 -0.02256 0.11744 0.16128 0.06609 0.07165
0.40156 -0.08714 1.79313 -0.4238 -0.1008 1.72665 -0.01142 -0.00277 0.00427 0.00668 -0.09628 -0.03132 0.11653 0.13436 0.07452 0.07342
0.37567 -0.08507 1.72371 -0.4156 -0.15718 1.62169 -0.02589 0.00207 -0.06942 0.00820 -0.05638 -0.10496 0.11259 0.12691 0.06444 0.09299
0.3639 -0.09282 1.72788 -0.40826 -0.1371 1.63057 -0.01177 -0.00775 0.00417 0.00734 0.02008 0.00888 0.11954 0.13083 0.07542 0.07763
0.35749 -0.0887 1.72226 -0.4076 -0.11011 1.62892 -0.00641 0.00412 -0.00562 0.00066 0.02699 -0.00165 0.11554 0.13550 0.07756 0.07924
0.35191 -0.0891 1.71394 -0.40591 -0.09543 1.61847 -0.00558 -0.00040 -0.00832 0.00169 0.01468 -0.01045 0.11708 0.13239 0.08572 0.07352
0.34699 -0.09055 1.70974 -0.40437 -0.09106 1.6131 -0.00492 -0.00145 -0.00420 0.00154 0.00437 -0.00537 0.11997 0.13212 0.08110 0.07309
0.33832 -0.08745 1.70061 -0.40295 -0.08293 1.60603 -0.00867 0.00310 -0.00913 0.00142 0.00813 -0.00707 0.11104 0.13104 0.08018 0.07615
0.33707 -0.08881 1.71182 -0.40936 -0.07896 1.61463 -0.00125 -0.00136 0.01121 -0.00641 0.00397 0.00860 0.11083 0.12770 0.07320 0.07395
0.33623 -0.08965 1.71501 -0.41111 -0.07239 1.61237 -0.00084 -0.00084 0.00319 -0.00175 0.00657 -0.00226 0.11467 0.13072 0.07564 0.07858
0.35094 -0.09003 1.79194 -0.4331 -0.07452 1.68273 0.01471 -0.00038 0.07693 -0.02199 -0.00213 0.07036 0.12222 0.13778 0.07612 0.07253
0.35105 -0.09321 1.78852 -0.43261 -0.06987 1.68398 0.00011 -0.00318 -0.00342 0.00049 0.00465 0.00125 0.11430 0.13783 0.08013 0.07384
0.35136 -0.08981 1.78463 -0.43546 -0.06789 1.68064 0.00031 0.00340 -0.00389 -0.00285 0.00198 -0.00334 0.10858 0.13685 0.07256 0.08330
0.35051 -0.08824 1.78176 -0.43585 -0.06621 1.67585 -0.00085 0.00157 -0.00287 -0.00039 0.00168 -0.00479 0.11228 0.13403 0.07537 0.07885
0.35154 -0.09176 1.78366 -0.43682 -0.06853 1.67939 0.00103 -0.00352 0.00190 -0.00097 -0.00232 0.00354 0.10665 0.13625 0.07162 0.07571
0.35138 -0.09378 1.77872 -0.4364 -0.06835 1.67967 -0.00016 -0.00202 -0.00494 0.00042 0.00018 0.00028 0.09938 0.13731 0.07493 0.07410
0.35239 -0.09581 1.78008 -0.43714 -0.06665 1.67687 0.00101 -0.00203 0.00136 -0.00074 0.00170 -0.00280 0.10594 0.13731 0.08037 0.08541
0.35222 -0.1004 1.77823 -0.43856 -0.06724 1.67849 -0.00017 -0.00459 -0.00185 -0.00142 -0.00059 0.00162 0.10147 0.13687 0.07985 0.08353
0.34994 -0.11468 1.76936 -0.4447 -0.06381 1.67999 -0.00228 -0.01428 -0.00887 -0.00614 0.00343 0.00150 0.09002 0.13651 0.07315 0.07932
0.34638 -0.12468 1.76082 -0.44968 -0.06331 1.68307 -0.00356 -0.01000 -0.00854 -0.00498 0.00050 0.00308 0.08573 0.13792 0.08080 0.07944
0.34847 -0.14686 1.78405 -0.46077 -0.06197 1.71073 0.00209 -0.02218 0.02323 -0.01109 0.00134 0.02766 0.07401 0.13830 0.08450 0.08027
0.32519 -0.18056 1.68808 -0.43649 -0.05858 1.61167 -0.02328 -0.03370 -0.09597 0.02428 0.00339 -0.09906 0.09621 0.13140 0.08085 0.08011
0.33041 -0.24938 1.71992 -0.44359 -0.06214 1.63421 0.00522 -0.06882 0.03184 -0.00710 -0.00356 0.02254 0.12755 0.13891 0.06469 0.08027
0.3488 -0.31524 1.83054 -0.46178 -0.06703 1.69427 0.01839 -0.06586 0.11062 -0.01819 -0.00489 0.06006 0.10136 0.13858 0.08613 0.08556
0.36407 -0.38956 1.89 -0.46304 -0.07049 1.70875 0.01527 -0.07432 0.05946 -0.00126 -0.00346 0.01448 0.10004 0.14593 0.06394 0.08991
0.3638 -0.49369 1.98291 -0.47149 -0.07447 1.73066 -0.00027 -0.10413 0.09291 -0.00845 -0.00398 0.02191 0.06727 0.14702 0.08770 0.08905
0.38948 -0.52093 2.08312 -0.4765 -0.07896 1.74795 0.02568 -0.02724 0.10021 -0.00501 -0.00449 0.01729 0.09250 0.14909 0.08329 0.08633
0.35002 -0.57146 2.14847 -0.4744 -0.07825 1.74285 -0.03946 -0.05053 0.06535 0.00210 0.00071 -0.00510 0.13251 0.14946 0.15982 0.08727
0.34944 -0.51561 2.22899 -0.48088 -0.08388 1.76937 -0.00058 0.05585 0.08052 -0.00648 -0.00563 0.02652 0.15789 0.15065 0.17647 0.08470
0.27873 -0.48327 2.18232 -0.46517 -0.08588 1.71904 -0.07071 0.03234 -0.04667 0.01571 -0.00200 -0.05033 0.14362 0.14659 0.18653 0.09098
0.19809 -0.41172 2.169 -0.4669 -0.08992 1.73025 -0.08064 0.07155 -0.01332 -0.00173 -0.00404 0.01121 0.14392 0.14498 0.15450 0.09148
0.1934 -0.2797 2.11887 -0.4698 -0.09659 1.74086 -0.00469 0.13202 -0.05013 -0.00290 -0.00667 0.01061 0.12086 0.14393 0.13616 0.09641
0.24177 -0.18584 2.0992 -0.46843 -0.09701 1.7324 0.04837 0.09386 -0.01967 0.00137 -0.00042 -0.00846 0.08406 0.14160 0.11381 0.09656
0.28153 -0.14296 2.07048 -0.47022 -0.10316 1.74329 0.03976 0.04288 -0.02872 -0.00179 -0.00615 0.01089 0.11726 0.14569 0.07566 0.09025
0.29369 -0.09519 1.85548 -0.43272 -0.09235 1.60883 0.01216 0.04777 -0.21500 0.03750 0.01081 -0.13446 0.04437 0.13426 0.06256 0.08730
0.34904 -0.09447 1.91836 -0.44586 -0.09335 1.66294 0.05535 0.00072 0.06288 -0.01314 -0.00100 0.05411 0.06216 0.14178 0.06997 0.08887
0.34807 -0.15851 1.91463 -0.44323 -0.09376 1.65543 -0.00097 -0.06404 -0.00373 0.00263 -0.00041 -0.00751 0.04056 0.14053 0.06937 0.08738
0.38307 -0.20837 1.99757 -0.45271 -0.0982 1.69855 0.03500 -0.04986 0.08294 -0.00948 -0.00444 0.04312 0.06836 0.14734 0.07036 0.09726
0.38357 -0.27649 2.14327 -0.46681 -0.10657 1.76819 0.00050 -0.06812 0.14570 -0.01410 -0.00837 0.06964 0.07229 0.15359 0.06850 0.10410
0.27911 -0.31972 2.2312 -0.46519 -0.10623 1.76587 -0.10446 -0.04323 0.08793 0.00162 0.00034 -0.00232 0.17178 0.15173 0.06891 0.10013
0.24983 -0.30539 2.22115 -0.46047 -0.10774 1.76633 -0.02928 0.01433 -0.01005 0.00472 -0.00151 0.00046 0.16467 0.15471 0.06209 0.10604
0.25315 -0.23338 2.18097 -0.45499 -0.10621 1.75536 0.00332 0.07201 -0.04018 0.00548 0.00153 -0.01097 0.13568 0.15386 0.10344 0.10480
0.2543 -0.22 2.14406 -0.45149 -0.10706 1.7544 0.00115 0.01338 -0.03691 0.00350 -0.00085 -0.00096 0.12191 0.15522 0.11840 0.10312
0.20081 -0.18922 2.04864 -0.43993 -0.1013 1.71083 -0.05349 0.03078 -0.09542 0.01156 0.00576 -0.04357 0.12464 0.14481 0.08185 0.09775
0.19189 -0.20047 2.02524 -0.4419 -0.10178 1.7157 -0.00892 -0.01125 -0.02340 -0.00197 -0.00048 0.00487 0.09335 0.15265 0.11904 0.09458
0.27951 -0.18107 1.92953 -0.44367 -0.10023 1.72598 0.08762 0.01940 -0.09571 -0.00177 0.00155 0.01028 0.04693 0.15142 0.05848 0.09373
0.31306 -0.07946 1.8466 -0.43632 -0.09346 1.71059 0.03355 0.10161 -0.08293 0.00735 0.00677 -0.01539 0.08158 0.15488 0.05638 0.09210
0.30347 0.02311 1.84043 -0.43717 -0.08914 1.73259 -0.00959 0.10257 -0.00617 -0.00085 0.00432 0.02200 0.09934 0.15042 0.06024 0.09217
0.30506 0.05741 1.85262 -0.43831 -0.08151 1.74257 0.00159 0.03430 0.01219 -0.00114 0.00763 0.00998 0.11144 0.15156 0.06938 0.09207
0.30288 0.08601 1.8457 -0.43417 -0.0774 1.7426 -0.00218 0.02860 -0.00692 0.00414 0.00411 0.00003 0.11400 0.15743 0.06641 0.09612
0.29427 0.09939 1.80083 -0.42042 -0.06696 1.70507 -0.00861 0.01338 -0.04487 0.01375 0.01044 -0.03753 0.11049 0.16408 0.06532 0.08775
0.29646 0.09657 1.82211 -0.42256 -0.06395 1.73376 0.00219 -0.00282 0.02128 -0.00214 0.00301 0.02869 0.10978 0.16075 0.05968 0.09319
0.289 0.07657 1.8053 -0.4144 -0.06019 1.73754 -0.00746 -0.02000 -0.01681 0.00816 0.00376 0.00378 0.10032 0.16854 0.06166 0.09811
0.27771 0.04445 1.77458 -0.4031 -0.06082 1.72503 -0.01129 -0.03212 -0.03072 0.01130 -0.00063 -0.01251 0.09377 0.16364 0.05699 0.10291
0.26504 -0.00854 1.71684 -0.38394 -0.06074 1.6791 -0.01267 -0.05299 -0.05774 0.01916 0.00008 -0.04593 0.10407 0.16094 0.05959 0.09943
0.26173 -0.03224 1.7306 -0.38531 -0.0648 1.7123 -0.00331 -0.02370 0.01376 -0.00137 -0.00406 0.03320 0.09792 0.16925 0.05249 0.09901
0.25873 -0.0509 1.71602 -0.37992 -0.06249 1.70467 -0.00300 -0.01866 -0.01458 0.00539 0.00231 -0.00763 0.09125 0.16668 0.05856 0.09465
0.26221 -0.05857 1.71622 -0.37874 -0.06594 1.7068 0.00348 -0.00767 0.00020 0.00118 -0.00345 0.00213 0.09357 0.16385 0.05742 0.10141
0.25253 -0.05366 1.64225 -0.35995 -0.05998 1.63085 -0.00968 0.00491 -0.07397 0.01879 0.00596 -0.07595 0.08932 0.14601 0.06283 0.08952
0.26346 -0.04897 1.70367 -0.37164 -0.06163 1.68435 0.01093 0.00469 0.06142 -0.01169 -0.00165 0.05350 0.09211 0.16064 0.05532 0.10236
0.25842 -0.04253 1.68022 -0.36295 -0.05653 1.65529 -0.00504 0.00644 -0.02345 0.00869 0.00510 -0.02906 0.08756 0.16481 0.05495 0.09757
0.26161 -0.04079 1.70988 -0.36798 -0.05486 1.67531 0.00319 0.00174 0.02966 -0.00503 0.00167 0.02002 0.09032 0.15090 0.05695 0.09215
0.25992 -0.04242 1.7157 -0.36672 -0.05577 1.67805 -0.00169 -0.00163 0.00582 0.00126 -0.00091 0.00274 0.09170 0.15847 0.05972 0.09827
0.25976 -0.04734 1.7228 -0.3664 -0.05417 1.67997 -0.00016 -0.00492 0.00710 0.00032 0.00160 0.00192 0.09450 0.15668 0.05352 0.09317
0.2495 -0.05597 1.6722 -0.35386 -0.05558 1.6315 -0.01026 -0.00863 -0.05060 0.01254 -0.00141 -0.04847 0.09329 0.14985 0.04828 0.10280
0.24427 -0.06786 1.66808 -0.35131 -0.06051 1.63044 -0.00523 -0.01189 -0.00412 0.00255 -0.00493 -0.00106 0.08747 0.15335 0.03990 0.10022
0.23495 -0.08405 1.65944 -0.34884 -0.07295 1.62947 -0.00932 -0.01619 -0.00864 0.00247 -0.01244 -0.00097 0.08826 0.14619 0.04074 0.09758
0.21815 -0.09399 1.63216 -0.34063 -0.08804 1.61533 -0.01680 -0.00994 -0.02728 0.00821 -0.01509 -0.01414 0.08448 0.13328 0.03822 0.09636
0.19372 -0.09659 1.61504 -0.33509 -0.10494 1.61005 -0.02443 -0.00260 -0.01712 0.00554 -0.01690 -0.00528 0.08610 0.14851 0.04665 0.10090
0.16792 -0.0945 1.75034 -0.35875 -0.13586 1.76401 -0.02580 0.00209 0.13530 -0.02366 -0.03092 0.15396 0.09689 0.16990 0.04040 0.11377
0.09844 -0.05771 1.54958 -0.31279 -0.13427 1.57156 -0.06948 0.03679 -0.20076 0.04596 0.00159 -0.19245 0.09146 0.14721 0.06486 0.09434
0.04673 -0.04077 1.77801 -0.34862 -0.16003 1.79016 -0.05171 0.01694 0.22843 -0.03583 -0.02576 0.21860 0.13394 0.15946 0.11319 0.10597
-0.01252 -0.01501 1.79426 -0.34194 -0.15474 1.79307 -0.05925 0.02576 0.01625 0.00668 0.00529 0.00291 0.13064 0.16514 0.12414 0.11003
-0.08236 0.08689 1.6664 -0.31691 -0.14652 1.67253 -0.06984 0.10190 -0.12786 0.02503 0.00822 -0.12054 0.10430 0.14687 0.06764 0.10316
-0.17949 0.12627 1.80234 -0.3347 -0.14054 1.75255 -0.09713 0.03938 0.13594 -0.01779 0.00598 0.08002 0.13100 0.15708 0.10802 0.07348
-0.27076 0.26606 1.75697 -0.32744 -0.12312 1.68949 -0.09127 0.13979 -0.04537 0.00726 0.01742 -0.06306 0.09216 0.16452 0.05975 0.07148
-0.33908 0.25515 1.84504 -0.34309 -0.11339 1.73062 -0.06832 -0.01091 0.08807 -0.01565 0.00973 0.04113 0.10134 0.15941 0.09332 0.07504
-0.41578 0.15209 1.75581 -0.32448 -0.0943 1.59908 -0.07670 -0.10306 -0.08923 0.01861 0.01909 -0.13154 0.09509 0.15178 0.06478 0.08523
-0.45244 0.08613 1.79828 -0.33408 -0.10493 1.62183 -0.03666 -0.06596 0.04247 -0.00960 -0.01063 0.02275 0.09648 0.15865 0.07163 0.07443
-0.46563 0.02565 1.78658 -0.33241 -0.10837 1.60405 -0.01319 -0.06048 -0.01170 0.00167 -0.00344 -0.01778 0.09296 0.15437 0.06792 0.07820
-0.50565 0.00516 1.74495 -0.33029 -0.11162 1.58122 -0.04002 -0.02049 -0.04163 0.00212 -0.00325 -0.02283 0.04361 0.14815 0.04704 0.07785
-0.5112 -0.03573 1.75299 -0.33356 -0.10685 1.58134 -0.00555 -0.04089 0.00804 -0.00327 0.00477 0.00012 0.04061 0.13894 0.04872 0.08899
-0.51586 -0.08376 1.8515 -0.3584 -0.13397 1.66066 -0.00466 -0.04803 0.09851 -0.02484 -0.02712 0.07932 0.07108 0.15462 0.05777 0.08789
-0.50418 -0.1006 1.92185 -0.37659 -0.13874 1.74801 0.01168 -0.01684 0.07035 -0.01819 -0.00477 0.08735 0.09910 0.16186 0.10440 0.09438
-0.4788 -0.09595 1.86265 -0.36732 -0.1399 1.68812 0.02538 0.00465 -0.05920 0.00927 -0.00116 -0.05989 0.10778 0.14591 0.06031 0.08413
-0.46186 -0.09278 1.83722 -0.36221 -0.13462 1.66759 0.01694 0.00317 -0.02543 0.00511 0.00528 -0.02053 0.09670 0.16239 0.08471 0.09030
-0.46592 -0.073 1.85394 -0.36331 -0.11176 1.69184 -0.00406 0.01978 0.01672 -0.00110 0.02286 0.02425 0.09975 0.15195 0.07798 0.09794
-0.46575 -0.0614 1.86548 -0.36584 -0.12581 1.69326 0.00017 0.01160 0.01154 -0.00253 -0.01405 0.00142 0.10807 0.15433 0.09534 0.07840
-0.48053 -0.02197 1.843 -0.3581 -0.12071 1.65529 -0.01478 0.03943 -0.02248 0.00774 0.00510 -0.03797 0.08130 0.15379 0.07901 0.07791
-0.47093 -0.01361 1.82624 -0.35432 -0.10843 1.64965 0.00960 0.00836 -0.01676 0.00378 0.01228 -0.00564 0.07848 0.10910 0.07282 0.06472
-0.45337 -0.03497 1.86223 -0.38177 -0.09225 1.73987 0.01756 -0.02136 0.03599 -0.02745 0.01618 0.09022 0.09545 0.11457 0.06230 0.08302
-0.41334 0.00959 1.86922 -0.35651 -0.10155 1.70116 0.04003 0.04456 0.00699 0.02526 -0.00930 -0.03871 0.07531 0.10809 0.04168 0.07497
-0.36675 -0.02155 1.91678 -0.35429 -0.11163 1.73977 0.04659 -0.03114 0.04756 0.00222 -0.01008 0.03861 0.06395 0.11408 0.04337 0.03650
-0.32914 -0.03026 1.90044 -0.33905 -0.11551 1.73319 0.03761 -0.00871 -0.01634 0.01524 -0.00388 -0.00658 0.06772 0.10288 0.04805 0.03643
-0.29813 -0.03666 1.86398 -0.31571 -0.11585 1.71125 0.03101 -0.00640 -0.03646 0.02334 -0.00034 -0.02194 0.06297 0.07400 0.04981 0.04581
-0.28477 -0.0564 1.80917 -0.28347 -0.15045 1.61279 0.01336 -0.01974 -0.05481 0.03224 -0.03460 -0.09846 0.02654 0.10186 0.01739 0.06208
-0.19618 -0.18435 1.80748 -0.23763 -0.27228 1.57079 0.08859 -0.12795 -0.00169 0.04584 -0.12183 -0.04200 0.02840 0.04965 0.10356 0.03620
-0.05056 -0.3821 1.88329 -0.2318 -0.36301 1.68579 0.14562 -0.19775 0.07581 0.00583 -0.09073 0.11500 0.09296 0.05637 0.10546 0.04816
-0.05597 -0.41294 1.90205 -0.20596 -0.45145 1.71338 -0.00541 -0.03084 0.01876 0.02584 -0.08844 0.02759 0.13242 0.04108 0.09011 0.04689
-0.07873 -0.45666 1.68544 -0.19158 -0.46676 1.67698 -0.02276 -0.04372 -0.21661 0.01438 -0.01531 -0.03640 0.14141 0.08968 0.05898 0.05628
-0.03356 -0.51964 1.7547 -0.17474 -0.54527 1.76364 0.04517 -0.06298 0.06926 0.01684 -0.07851 0.08666 0.11565 0.10432 0.13035 0.06128
-0.01234 -0.55531 1.77234 -0.14818 -0.58747 1.78032 0.02122 -0.03567 0.01764 0.02656 -0.04220 0.01668 0.11988 0.10961 0.12229 0.06351
0.13453 -0.63546 1.71967 -0.1425 -0.59284 1.78783 0.14687 -0.08015 -0.05267 0.00568 -0.00537 0.00751 0.08553 0.10629 0.07847 0.07181
0.1316 -0.63432 1.71932 -0.14198 -0.58962 1.78248 -0.00293 0.00114 -0.00035 0.00052 0.00322 -0.00535 0.09152 0.11057 0.12270 0.06779
0.13174 -0.63657 1.72091 -0.1434 -0.58671 1.77388 0.00014 -0.00225 0.00159 -0.00142 0.00291 -0.00860 0.09099 0.10437 0.07906 0.07384
0.13133 -0.63628 1.71643 -0.14204 -0.59006 1.76453 -0.00041 0.00029 -0.00448 0.00136 -0.00335 -0.00935 0.09002 0.10843 0.07946 0.07665
0.20889 -0.61778 2.02555 -0.14992 -0.62469 1.85731 0.07756 0.01850 0.30912 -0.00788 -0.03463 0.09278 0.14454 0.11308 0.09299 0.07427
0.20975 -0.61294 2.02365 -0.14996 -0.62329 1.85481 0.00086 0.00484 -0.00190 -0.00004 0.00140 -0.00250 0.14555 0.11500 0.09417 0.07962
0.21408 -0.61182 2.02819 -0.14986 -0.62445 1.85617 0.00433 0.00112 0.00454 0.00010 -0.00116 0.00136 0.14717 0.11722 0.09510 0.07803
0.15324 -0.61599 1.82699 -0.14752 -0.60982 1.81314 -0.06084 -0.00417 -0.20120 0.00234 0.01463 -0.04303 0.13800 0.11442 0.05802 0.07626
0.17192 -0.61596 1.8189 -0.14621 -0.6066 1.79852 0.01868 0.00003 -0.00809 0.00131 0.00322 -0.01462 0.13370 0.11554 0.07625 0.07217
0.20199 -0.61826 1.78026 -0.14306 -0.59483 1.76254 0.03007 -0.00230 -0.03864 0.00315 0.01177 -0.03598 0.14709 0.11139 0.07299 0.07381
0.29552 -0.61421 1.88051 -0.14794 -0.61114 1.81269 0.09353 0.00405 0.10025 -0.00488 -0.01631 0.05015 0.10235 0.11728 0.05585 0.07303
0.34564 -0.61121 1.86383 -0.14522 -0.60114 1.78271 0.05012 0.00300 -0.01668 0.00272 0.01000 -0.02998 0.10674 0.11165 0.08596 0.07510
0.39089 -0.63064 1.93237 -0.18503 -0.61931 1.80233 0.04525 -0.01943 0.06854 -0.03981 -0.01817 0.01962 0.10811 0.11671 0.07511 0.08344
0.44677 -0.63672 1.90752 -0.16132 -0.6042 1.79282 0.05588 -0.00608 -0.02485 0.02371 0.01511 -0.00951 0.10893 0.10566 0.08524 0.07654
0.53561 -0.67305 1.93068 -0.16014 -0.60398 1.80844 0.08884 -0.03633 0.02316 0.00118 0.00022 0.01562 0.14731 0.09582 0.08292 0.07836
0.55138 -0.70346 1.9749 -0.16034 -0.60958 1.8255 0.01577 -0.03041 0.04422 -0.00020 -0.00560 0.01706 0.12461 0.09741 0.09248 0.08060
0.56275 -0.71907 1.99873 -0.16014 -0.60909 1.82935 0.01137 -0.01561 0.02383 0.00020 0.00049 0.00385 0.11495 0.09658 0.09524 0.07900
0.56488 -0.72837 2.01909 -0.16123 -0.61299 1.84431 0.00213 -0.00930 0.02036 -0.00109 -0.00390 0.01496 0.11916 0.09749 0.09801 0.07721
0.57009 -0.72939 2.01908 -0.16145 -0.6121 1.84683 0.00521 -0.00102 -0.00001 -0.00022 0.00089 0.00252 0.11496 0.09598 0.08093 0.07475
0.57152 -0.72914 2.02147 -0.16127 -0.61149 1.84647 0.00143 0.00025 0.00239 0.00018 0.00061 -0.00036 0.11601 0.09692 0.07972 0.07367
0.58179 -0.72872 2.02193 -0.16258 -0.60941 1.84418 0.01027 0.00042 0.00046 -0.00131 0.00208 -0.00229 0.12476 0.09527 0.09676 0.07202
0.58081 -0.72996 2.03032 -0.16149 -0.60952 1.84046 -0.00098 -0.00124 0.00839 0.00109 -0.00011 -0.00372 0.12839 0.09436 0.10032 0.07417
0.58577 -0.73192 2.03163 -0.15661 -0.61188 1.83407 0.00496 -0.00196 0.00131 0.00488 -0.00236 -0.00639 0.12676 0.09762 0.09361 0.07344
0.5862 -0.73304 2.03327 -0.15499 -0.61197 1.83178 0.00043 -0.00112 0.00164 0.00162 -0.00009 -0.00229 0.12828 0.10350 0.08997 0.07424
0.61433 -0.73871 2.0227 -0.155 -0.61405 1.83718 0.02813 -0.00567 -0.01057 -0.00001 -0.00208 0.00540 0.12319 0.10386 0.09002 0.07871
0.58217 -0.73936 2.04333 -0.15388 -0.61389 1.83892 -0.03216 -0.00065 0.02063 0.00112 0.00016 0.00174 0.11358 0.10368 0.08847 0.07610
0.60962 -0.74344 2.02553 -0.15348 -0.61543 1.83816 0.02745 -0.00408 -0.01780 0.00040 -0.00154 -0.00076 0.12578 0.10565 0.08299 0.07322
0.60508 -0.7435 2.02403 -0.15339 -0.61485 1.83557 -0.00454 -0.00006 -0.00150 0.00009 0.00058 -0.00259 0.12704 0.10621 0.11277 0.07529
0.60283 -0.74332 2.02693 -0.15363 -0.61642 1.83344 -0.00225 0.00018 0.00290 -0.00024 -0.00157 -0.00213 0.12640 0.10981 0.07810 0.07648
0.60283 -0.74312 2.02699 -0.15361 -0.61704 1.83438 0.00000 0.00020 0.00006 0.00002 -0.00062 0.00094 0.12643 0.10895 0.07800 0.07591
0.60245 -0.74328 2.02658 -0.15276 -0.61693 1.83436 -0.00038 -0.00016 -0.00041 0.00085 0.00011 -0.00002 0.12580 0.10676 0.07564 0.07295
0.60126 -0.74237 2.02561 -0.15324 -0.61691 1.83533 -0.00119 0.00091 -0.00097 -0.00048 0.00002 0.00097 0.12778 0.10905 0.07502 0.07471
0.60079 -0.74268 2.02944 -0.15325 -0.61892 1.83917 -0.00047 -0.00031 0.00383 -0.00001 -0.00201 0.00384 0.13092 0.10998 0.07417 0.07295
0.57964 -0.73875 2.03032 -0.15317 -0.61601 1.83134 -0.02115 0.00393 0.00088 0.00008 0.00291 -0.00783 0.12579 0.11094 0.07305 0.07448
0.57954 -0.73905 2.03101 -0.15245 -0.61699 1.82948 -0.00010 -0.00030 0.00069 0.00072 -0.00098 -0.00186 0.12963 0.11267 0.07190 0.07492
0.57772 -0.73854 2.03092 -0.15147 -0.61719 1.8298 -0.00182 0.00051 -0.00009 0.00098 -0.00020 0.00032 0.11226 0.11145 0.07197 0.07391
0.57683 -0.73858 2.03197 -0.15215 -0.6167 1.82898 -0.00089 -0.00004 0.00105 -0.00068 0.00049 -0.00082 0.11404 0.11128 0.07283 0.07480
0.57573 -0.73884 2.03365 -0.15192 -0.61758 1.82938 -0.00110 -0.00026 0.00168 0.00023 -0.00088 0.00040 0.11702 0.11250 0.07047 0.07498
]
