classifier_Man_bumps_into_fence_23474 [ 0.55354 -0.63173 1.6622 -0.42732 -0.77004 1.85177 0.55354 -0.63173 1.6622 -0.42732 -0.77004 1.85177 0.12871 0.00266 0.14638 0.02761
0.55304 -0.63159 1.66231 -0.42704 -0.76965 1.84926 -0.00050 0.00014 0.00011 0.00028 0.00039 -0.00251 0.12720 0.00265 0.14638 0.02656
0.55205 -0.63091 1.66065 -0.42692 -0.76892 1.84473 -0.00099 0.00068 -0.00166 0.00012 0.00073 -0.00453 0.12909 0.00265 0.14517 0.02474
0.55305 -0.6309 1.65934 -0.42714 -0.76705 1.83909 0.00100 0.00001 -0.00131 -0.00022 0.00187 -0.00564 0.12773 0.00264 0.14533 0.02429
0.5483 -0.62391 1.64838 -0.42904 -0.69347 1.79423 -0.00475 0.00699 -0.01096 -0.00190 0.07358 -0.04486 0.13190 0.07023 0.14158 0.08002
0.54874 -0.61778 1.64695 -0.43159 -0.67989 1.73896 0.00044 0.00613 -0.00143 -0.00255 0.01358 -0.05527 0.13001 0.10036 0.14306 0.06025
0.54162 -0.54123 1.62076 -0.46078 -0.60771 1.68807 -0.00712 0.07655 -0.02619 -0.02919 0.07218 -0.05089 0.18135 0.10234 0.13323 0.05844
0.50855 -0.49072 1.59739 -0.4535 -0.52453 1.62728 -0.03307 0.05051 -0.02337 0.00728 0.08318 -0.06079 0.08767 0.11386 0.08650 0.06926
0.49964 -0.44622 1.5333 -0.44328 -0.48301 1.54961 -0.00891 0.04450 -0.06409 0.01022 0.04152 -0.07767 0.11490 0.08960 0.08044 0.06115
0.47469 -0.39706 1.48027 -0.42213 -0.4143 1.51662 -0.02495 0.04916 -0.05303 0.02115 0.06871 -0.03299 0.11228 0.07370 0.07149 0.04490
0.41899 -0.32227 1.46428 -0.39189 -0.32665 1.51345 -0.05570 0.07479 -0.01599 0.03024 0.08765 -0.00317 0.12197 0.03938 0.06747 0.05978
0.346 -0.24454 1.38101 -0.34689 -0.24017 1.45863 -0.07299 0.07773 -0.08327 0.04500 0.08648 -0.05482 0.11604 0.05308 0.05584 0.06366
0.32861 -0.21948 1.54418 -0.34545 -0.17913 1.61846 -0.01739 0.02506 0.16317 0.00144 0.06104 0.15983 0.13640 0.06821 0.09110 0.10551
0.24696 -0.14737 1.3957 -0.27471 -0.10533 1.45065 -0.08165 0.07211 -0.14848 0.07074 0.07380 -0.16781 0.10940 0.08021 0.09264 0.07996
0.13565 -0.05668 1.45703 -0.21245 -0.02293 1.50173 -0.11131 0.09069 0.06133 0.06226 0.08240 0.05108 0.11961 0.12191 0.09050 0.11242
0.12077 -0.03517 1.45027 -0.1855 -0.00301 1.48011 -0.01488 0.02151 -0.00676 0.02695 0.01992 -0.02162 0.12047 0.11096 0.10056 0.09256
-0.01382 0.01546 1.45305 -0.16832 0.00594 1.47183 -0.13459 0.05063 0.00278 0.01718 0.00895 -0.00828 0.11482 0.12376 0.06882 0.04584
-0.01924 0.02171 1.44984 -0.10883 0.02885 1.45636 -0.00542 0.00625 -0.00321 0.05949 0.02291 -0.01547 0.10583 0.07929 0.06495 0.04709
-0.09707 0.03862 1.45968 -0.09258 0.04911 1.45966 -0.07783 0.01691 0.00984 0.01625 0.02026 0.00330 0.07953 0.07627 0.07329 0.06221
-0.09286 0.05013 1.44367 -0.08691 0.05592 1.44685 0.00421 0.01151 -0.01601 0.00567 0.00681 -0.01281 0.06218 0.07310 0.05812 0.05773
-0.10006 0.05258 1.39601 -0.00088 0.04477 1.3851 -0.00720 0.00245 -0.04766 0.08603 -0.01115 -0.06175 0.10710 0.08019 0.10784 0.07508
-0.05533 0.05992 1.29806 0.04959 0.0443 1.29672 0.04473 0.00734 -0.09795 0.05047 -0.00047 -0.08838 0.09306 0.09843 0.06852 0.08315
0.07156 0.06186 1.38449 -0.17925 0.07322 1.40876 0.12689 0.00194 0.08643 -0.22884 0.02892 0.11204 0.12705 0.12139 0.09669 0.09995
0.12545 0.06249 1.3818 -0.21981 0.07845 1.40915 0.05389 0.00063 -0.00269 -0.04056 0.00523 0.00039 0.11204 0.11288 0.10307 0.09655
0.17614 0.06228 1.35342 -0.26211 0.07948 1.38559 0.05069 -0.00021 -0.02838 -0.04230 0.00103 -0.02356 0.12262 0.11226 0.10503 0.11928
0.24799 0.05973 1.32829 -0.33203 0.07238 1.366 0.07185 -0.00255 -0.02513 -0.06992 -0.00710 -0.01959 0.11916 0.11312 0.09927 0.09472
0.26251 0.0523 1.30753 -0.35059 0.06305 1.3411 0.01452 -0.00743 -0.02076 -0.01856 -0.00933 -0.02490 0.11092 0.10406 0.09936 0.10565
0.2721 0.04375 1.29459 -0.36429 0.07153 1.36275 0.00959 -0.00855 -0.01294 -0.01370 0.00848 0.02165 0.10921 0.13445 0.09728 0.06476
0.27479 0.03042 1.28495 -0.36638 0.08848 1.36428 0.00269 -0.01333 -0.00964 -0.00209 0.01695 0.00153 0.10093 0.14279 0.09982 0.07008
0.28518 0.01531 1.33265 -0.37781 0.086 1.4055 0.01039 -0.01511 0.04770 -0.01143 -0.00248 0.04122 0.09928 0.14292 0.05096 0.05694
0.29049 -0.03144 1.39445 -0.37967 0.10833 1.43977 0.00531 -0.04675 0.06180 -0.00186 0.02233 0.03427 0.07805 0.13978 0.09650 0.05667
0.27296 -0.05704 1.36599 -0.36171 0.12346 1.39381 -0.01753 -0.02560 -0.02846 0.01796 0.01513 -0.04596 0.05367 0.13958 0.08627 0.06259
0.26548 -0.08806 1.33718 -0.343 0.13553 1.34553 -0.00748 -0.03102 -0.02881 0.01871 0.01207 -0.04828 0.04532 0.13595 0.07675 0.07363
0.2664 -0.12176 1.35293 -0.34106 0.15278 1.33888 0.00092 -0.03370 0.01575 0.00194 0.01725 -0.00665 0.04209 0.13086 0.06397 0.08079
0.26438 -0.15976 1.36587 -0.34123 0.15574 1.33173 -0.00202 -0.03800 0.01294 -0.00017 0.00296 -0.00715 0.04280 0.12902 0.05611 0.06895
0.26333 -0.2022 1.39611 -0.34582 0.15255 1.34196 -0.00105 -0.04244 0.03024 -0.00459 -0.00319 0.01023 0.04180 0.12651 0.05857 0.06759
0.25891 -0.24646 1.42115 -0.34767 0.13419 1.34428 -0.00442 -0.04426 0.02504 -0.00185 -0.01836 0.00232 0.04068 0.13201 0.05794 0.06494
0.25774 -0.29148 1.46034 -0.35434 0.10691 1.3493 -0.00117 -0.04502 0.03919 -0.00667 -0.02728 0.00502 0.03838 0.13644 0.05798 0.07174
0.26191 -0.33558 1.53188 -0.36601 0.07703 1.38727 0.00417 -0.04410 0.07154 -0.01167 -0.02988 0.03797 0.04374 0.14955 0.05035 0.09348
0.2482 -0.37425 1.57004 -0.37018 0.04525 1.38698 -0.01371 -0.03867 0.03816 -0.00417 -0.03178 -0.00029 0.05379 0.15603 0.08181 0.08583
0.23171 -0.3932 1.56342 -0.36529 0.02714 1.35994 -0.01649 -0.01895 -0.00662 0.00489 -0.01811 -0.02704 0.05327 0.14847 0.07557 0.08328
0.23033 -0.39507 1.5633 -0.36433 0.01781 1.35146 -0.00138 -0.00187 -0.00012 0.00096 -0.00933 -0.00848 0.06122 0.14959 0.08434 0.08719
0.2228 -0.39715 1.56469 -0.36316 0.01599 1.35118 -0.00753 -0.00208 0.00139 0.00117 -0.00182 -0.00028 0.06354 0.14747 0.07923 0.08374
0.2198 -0.39357 1.55705 -0.36127 0.02036 1.34466 -0.00300 0.00358 -0.00764 0.00189 0.00437 -0.00652 0.07331 0.14514 0.07757 0.08698
0.20415 -0.37825 1.51263 -0.35128 0.02496 1.30975 -0.01565 0.01532 -0.04442 0.00999 0.00460 -0.03491 0.07353 0.14148 0.08221 0.08238
0.19993 -0.36786 1.48828 -0.34713 0.03055 1.29615 -0.00422 0.01039 -0.02435 0.00415 0.00559 -0.01360 0.06901 0.14372 0.07761 0.07812
0.19586 -0.35963 1.48028 -0.34651 0.03379 1.29695 -0.00407 0.00823 -0.00800 0.00062 0.00324 0.00080 0.07111 0.14095 0.08296 0.07769
0.18484 -0.37907 1.49501 -0.35075 0.03535 1.31283 -0.01102 -0.01944 0.01473 -0.00424 0.00156 0.01588 0.10100 0.14388 0.11210 0.08037
0.20078 -0.28679 1.52198 -0.36992 0.04074 1.38569 0.01594 0.09228 0.02697 -0.01917 0.00539 0.07286 0.07765 0.15648 0.10398 0.08116
0.18579 -0.2362 1.49511 -0.36632 0.04059 1.36801 -0.01499 0.05059 -0.02687 0.00360 -0.00015 -0.01768 0.07436 0.15110 0.06843 0.08089
0.16625 -0.18102 1.50317 -0.367 0.03861 1.37056 -0.01954 0.05518 0.00806 -0.00068 -0.00198 0.00255 0.06607 0.15579 0.08554 0.08132
0.12654 -0.07056 1.52934 -0.37349 0.03888 1.38724 -0.03971 0.11046 0.02617 -0.00649 0.00027 0.01668 0.09148 0.15738 0.09329 0.08134
0.06781 0.18444 1.56082 -0.36323 0.04328 1.3713 -0.05873 0.25500 0.03148 0.01026 0.00440 -0.01594 0.06243 0.15704 0.05245 0.08378
0.08416 0.18976 1.56654 -0.3611 0.04441 1.36973 0.01635 0.00532 0.00572 0.00213 0.00113 -0.00157 0.10685 0.15619 0.07158 0.07840
0.07656 0.22706 1.56449 -0.35831 0.04836 1.364 -0.00760 0.03730 -0.00205 0.00279 0.00395 -0.00573 0.11016 0.15419 0.06040 0.08201
0.07278 0.25531 1.57089 -0.35755 0.05122 1.36956 -0.00378 0.02825 0.00640 0.00076 0.00286 0.00556 0.11406 0.15421 0.05506 0.07968
0.05448 0.292 1.58253 -0.35788 0.05213 1.37417 -0.01830 0.03669 0.01164 -0.00033 0.00091 0.00461 0.10524 0.15872 0.06419 0.07476
0.02028 0.33405 1.60046 -0.35752 0.05407 1.37897 -0.03420 0.04205 0.01793 0.00036 0.00194 0.00480 0.07967 0.15691 0.09186 0.07839
0.01113 0.3262 1.60493 -0.35827 0.05418 1.37627 -0.00915 -0.00785 0.00447 -0.00075 0.00011 -0.00270 0.07741 0.15879 0.10446 0.07283
0.04265 0.22301 1.59292 -0.35865 0.05503 1.37707 0.03152 -0.10319 -0.01201 -0.00038 0.00085 0.00080 0.11766 0.15677 0.06670 0.07386
0.0268 0.17826 1.54925 -0.34637 0.05259 1.33063 -0.01585 -0.04475 -0.04367 0.01228 -0.00244 -0.04644 0.09244 0.15236 0.07751 0.07083
-0.00375 0.17704 1.64217 -0.36265 0.05325 1.39259 -0.03055 -0.00122 0.09292 -0.01628 0.00066 0.06196 0.12753 0.15775 0.11029 0.07495
-0.00321 0.08507 1.66746 -0.36773 0.05087 1.41278 0.00054 -0.09197 0.02529 -0.00508 -0.00238 0.02019 0.05878 0.16229 0.08971 0.07850
-0.00576 -0.00658 1.68438 -0.36999 0.04915 1.42126 -0.00255 -0.09165 0.01692 -0.00226 -0.00172 0.00848 0.06478 0.15852 0.08043 0.08073
0.00404 -0.20602 1.72391 -0.37566 0.04495 1.42198 0.00980 -0.19944 0.03953 -0.00567 -0.00420 0.00072 0.09304 0.15609 0.05163 0.08662
0.01481 -0.21586 1.71537 -0.37724 0.04622 1.42426 0.01077 -0.00984 -0.00854 -0.00158 0.00127 0.00228 0.09806 0.15268 0.07640 0.08484
0.03572 -0.20973 1.70468 -0.37942 0.04699 1.42312 0.02091 0.00613 -0.01069 -0.00218 0.00077 -0.00114 0.10052 0.15973 0.08917 0.08423
0.07003 -0.14421 1.6309 -0.37675 0.04753 1.40744 0.03431 0.06552 -0.07378 0.00267 0.00054 -0.01568 0.04922 0.15298 0.05966 0.08314
0.1042 -0.13238 1.63861 -0.38211 0.04685 1.41643 0.03417 0.01183 0.00771 -0.00536 -0.00068 0.00899 0.05720 0.15886 0.04680 0.08297
0.14046 -0.11111 1.63158 -0.38278 0.04758 1.41601 0.03626 0.02127 -0.00703 -0.00067 0.00073 -0.00042 0.07834 0.15964 0.04515 0.08480
0.15322 -0.06429 1.61831 -0.38444 0.04857 1.42111 0.01276 0.04682 -0.01327 -0.00166 0.00099 0.00510 0.06813 0.15944 0.07447 0.08285
0.17234 -0.01149 1.57876 -0.38277 0.04851 1.41468 0.01912 0.05280 -0.03955 0.00167 -0.00006 -0.00643 0.05027 0.15899 0.07700 0.08320
0.2028 0.00344 1.5721 -0.38199 0.04807 1.41401 0.03046 0.01493 -0.00666 0.00078 -0.00044 -0.00067 0.06902 0.15805 0.10846 0.08246
0.22971 0.00862 1.54734 -0.38118 0.0446 1.41384 0.02691 0.00518 -0.02476 0.00081 -0.00347 -0.00017 0.07639 0.15805 0.07158 0.08546
0.24945 0.02418 1.52537 -0.38127 0.04283 1.41498 0.01974 0.01556 -0.02197 -0.00009 -0.00177 0.00114 0.07428 0.15773 0.07179 0.08791
0.25823 0.0217 1.44954 -0.36866 0.04157 1.37324 0.00878 -0.00248 -0.07583 0.01261 -0.00126 -0.04174 0.07322 0.15379 0.08939 0.08158
0.27501 0.00939 1.41714 -0.36804 0.04099 1.37137 0.01678 -0.01231 -0.03240 0.00062 -0.00058 -0.00187 0.07555 0.15411 0.07718 0.08125
0.31571 -0.01015 1.50671 -0.3999 0.04532 1.48858 0.04070 -0.01954 0.08957 -0.03186 0.00433 0.11721 0.07950 0.16648 0.11556 0.08910
0.31128 -0.04726 1.34655 -0.36767 0.04072 1.36856 -0.00443 -0.03711 -0.16016 0.03223 -0.00460 -0.12002 0.07067 0.15449 0.10570 0.08308
0.32014 -0.05544 1.38205 -0.37826 0.04254 1.40448 0.00886 -0.00818 0.03550 -0.01059 0.00182 0.03592 0.07125 0.15864 0.10122 0.08301
0.31919 -0.0588 1.38335 -0.37947 0.04423 1.40183 -0.00095 -0.00336 0.00130 -0.00121 0.00169 -0.00265 0.07079 0.15361 0.10600 0.08628
0.31563 -0.06121 1.38123 -0.38014 0.04285 1.39997 -0.00356 -0.00241 -0.00212 -0.00067 -0.00138 -0.00186 0.07263 0.15768 0.10132 0.08701
0.31219 -0.06097 1.38158 -0.38109 0.04169 1.39939 -0.00344 0.00024 0.00035 -0.00095 -0.00116 -0.00058 0.06901 0.15666 0.10030 0.08449
0.30946 -0.06156 1.38607 -0.38244 0.04234 1.40207 -0.00273 -0.00059 0.00449 -0.00135 0.00065 0.00268 0.07201 0.15722 0.10388 0.08348
0.30277 -0.06105 1.36089 -0.37535 0.0421 1.37765 -0.00669 0.00051 -0.02518 0.00709 -0.00024 -0.02442 0.07093 0.15742 0.10107 0.07792
0.30555 -0.06176 1.37694 -0.38013 0.04291 1.39346 0.00278 -0.00071 0.01605 -0.00478 0.00081 0.01581 0.06955 0.15641 0.10596 0.08068
0.29836 -0.065 1.36741 -0.37853 0.04482 1.39632 -0.00719 -0.00324 -0.00953 0.00160 0.00191 0.00286 0.07101 0.15425 0.09292 0.08302
0.28865 -0.06415 1.36335 -0.37811 0.0445 1.39954 -0.00971 0.00085 -0.00406 0.00042 -0.00032 0.00322 0.06988 0.15347 0.08847 0.08169
0.27401 -0.06231 1.36107 -0.37825 0.0433 1.40042 -0.01464 0.00184 -0.00228 -0.00014 -0.00120 0.00088 0.07109 0.15670 0.08683 0.08379
0.24418 -0.05577 1.31246 -0.36528 0.04197 1.35739 -0.02983 0.00654 -0.04861 0.01297 -0.00133 -0.04303 0.06837 0.15182 0.09284 0.08098
0.14366 -0.03474 1.3332 -0.36674 0.04313 1.39116 -0.10052 0.02103 0.02074 -0.00146 0.00116 0.03377 0.06492 0.15968 0.09290 0.07890
0.09662 -0.02652 1.34309 -0.36512 0.04433 1.39435 -0.04704 0.00822 0.00989 0.00162 0.00120 0.00319 0.06551 0.15371 0.08786 0.08175
0.0444 -0.01641 1.3574 -0.36176 0.04712 1.40753 -0.05222 0.01011 0.01431 0.00336 0.00279 0.01318 0.06248 0.16098 0.09667 0.08498
-0.01168 -0.0038 1.38729 -0.35944 0.04962 1.42383 -0.05608 0.01261 0.02989 0.00232 0.00250 0.01630 0.06850 0.15782 0.09305 0.08228
-0.06896 0.00327 1.38466 -0.34445 0.05141 1.40729 -0.05728 0.00707 -0.00263 0.01499 0.00179 -0.01654 0.07642 0.15582 0.08488 0.08220
-0.12278 0.00199 1.36638 -0.32242 0.04932 1.36388 -0.05382 -0.00128 -0.01828 0.02203 -0.00209 -0.04341 0.08043 0.15469 0.09192 0.07910
-0.25477 0.04795 1.43625 -0.27643 0.07411 1.42584 -0.13199 0.04596 0.06987 0.04599 0.02479 0.06196 0.11888 0.06417 0.06208 0.05997
-0.2574 0.08481 1.42354 -0.28241 0.09381 1.42699 -0.00263 0.03686 -0.01271 -0.00598 0.01970 0.00115 0.13146 0.05780 0.06275 0.08888
-0.17568 0.10767 1.37431 -0.29454 0.1041 1.38663 0.08172 0.02286 -0.04923 -0.01213 0.01029 -0.04036 0.07761 0.13030 0.05322 0.08421
-0.12363 0.14054 1.3706 -0.33552 0.1104 1.36923 0.05205 0.03287 -0.00371 -0.04098 0.00630 -0.01740 0.08154 0.15232 0.06619 0.07997
-0.06941 0.18168 1.35671 -0.3411 0.11274 1.36586 0.05422 0.04114 -0.01389 -0.00558 0.00234 -0.00337 0.07704 0.14337 0.07314 0.07849
0.05511 0.24243 1.3677 -0.35472 0.11691 1.38003 0.12452 0.06075 0.01099 -0.01362 0.00417 0.01417 0.06206 0.14974 0.10074 0.07399
0.12078 0.23085 1.37774 -0.35896 0.11701 1.38599 0.06567 -0.01158 0.01004 -0.00424 0.00010 0.00596 0.07485 0.14681 0.05614 0.07956
0.18322 0.22719 1.41711 -0.36979 0.11762 1.4217 0.06244 -0.00366 0.03937 -0.01083 0.00061 0.03571 0.07740 0.15164 0.07370 0.07995
0.24021 0.20296 1.42062 -0.37282 0.11585 1.42475 0.05699 -0.02423 0.00351 -0.00303 -0.00177 0.00305 0.08113 0.15447 0.05508 0.09096
0.278 0.16497 1.36521 -0.35949 0.10697 1.36645 0.03779 -0.03799 -0.05541 0.01333 -0.00888 -0.05830 0.07477 0.14594 0.06380 0.07624
0.31636 0.12095 1.34977 -0.35567 0.09828 1.35018 0.03836 -0.04402 -0.01544 0.00382 -0.00869 -0.01627 0.07642 0.14557 0.06211 0.07900
0.33618 0.0746 1.30123 -0.34316 0.09061 1.30001 0.01982 -0.04635 -0.04854 0.01251 -0.00767 -0.05017 0.07006 0.14379 0.10915 0.07659
0.36111 0.02629 1.31502 -0.34746 0.08607 1.31293 0.02493 -0.04831 0.01379 -0.00430 -0.00454 0.01292 0.06875 0.14917 0.09215 0.07431
0.37942 -0.01259 1.32744 -0.35102 0.08328 1.32348 0.01831 -0.03888 0.01242 -0.00356 -0.00279 0.01055 0.06513 0.14632 0.09733 0.07269
0.38357 -0.04667 1.3167 -0.34751 0.07796 1.30719 0.00415 -0.03408 -0.01074 0.00351 -0.00532 -0.01629 0.06550 0.14541 0.10069 0.07628
0.38805 -0.07369 1.32158 -0.34829 0.07483 1.30844 0.00448 -0.02702 0.00488 -0.00078 -0.00313 0.00125 0.06814 0.14777 0.09285 0.07530
0.38833 -0.09239 1.31934 -0.34777 0.07297 1.3008 0.00028 -0.01870 -0.00224 0.00052 -0.00186 -0.00764 0.06933 0.14578 0.09188 0.08327
0.39075 -0.1029 1.32606 -0.35047 0.06769 1.30259 0.00242 -0.01051 0.00672 -0.00270 -0.00528 0.00179 0.06681 0.14618 0.09628 0.07614
0.39166 -0.12545 1.34782 -0.3567 0.05769 1.31397 0.00091 -0.02255 0.02176 -0.00623 -0.01000 0.01138 0.06825 0.14771 0.09308 0.07886
0.39424 -0.15534 1.37303 -0.36176 0.02045 1.34565 0.00258 -0.02989 0.02521 -0.00506 -0.03724 0.03168 0.06846 0.15400 0.09635 0.07052
0.41241 -0.23913 1.42686 -0.37184 -0.08112 1.33721 0.01817 -0.08379 0.05383 -0.01008 -0.10157 -0.00844 0.06763 0.08842 0.07103 0.08034
0.41831 -0.269 1.42339 -0.37775 -0.13552 1.32181 0.00590 -0.02987 -0.00347 -0.00591 -0.05440 -0.01540 0.06853 0.06834 0.06079 0.08320
0.43692 -0.30985 1.46077 -0.39621 -0.19027 1.34881 0.01861 -0.04085 0.03738 -0.01846 -0.05475 0.02700 0.06744 0.07614 0.07445 0.06460
0.43014 -0.32843 1.398 -0.38843 -0.2342 1.29295 -0.00678 -0.01858 -0.06277 0.00778 -0.04393 -0.05586 0.06272 0.07724 0.06438 0.06256
0.47553 -0.38182 1.4975 -0.42822 -0.31235 1.38643 0.04539 -0.05339 0.09950 -0.03979 -0.07815 0.09348 0.06407 0.07338 0.07563 0.08417
0.47362 -0.39877 1.4681 -0.42427 -0.35767 1.36451 -0.00191 -0.01695 -0.02940 0.00395 -0.04532 -0.02192 0.07381 0.07373 0.06909 0.04699
0.50625 -0.45279 1.56911 -0.45296 -0.42798 1.46306 0.03263 -0.05402 0.10101 -0.02869 -0.07031 0.09855 0.09105 0.07216 0.06019 0.04590
0.50524 -0.46842 1.54724 -0.44556 -0.45854 1.45547 -0.00101 -0.01563 -0.02187 0.00740 -0.03056 -0.00759 0.08026 0.07345 0.06766 0.04909
0.52711 -0.50262 1.57804 -0.45306 -0.49414 1.52884 0.02187 -0.03420 0.03080 -0.00750 -0.03560 0.07337 0.10436 0.09600 0.09124 0.05305
0.54834 -0.60384 1.68575 -0.46177 -0.54857 1.5697 0.02123 -0.10122 0.10771 -0.00871 -0.05443 0.04086 0.11796 0.08753 0.14857 0.04862
0.54154 -0.60259 1.65851 -0.4579 -0.57678 1.58506 -0.00680 0.00125 -0.02724 0.00387 -0.02821 0.01536 0.10916 0.08894 0.13885 0.05984
0.54296 -0.60866 1.66238 -0.45736 -0.59882 1.63492 0.00142 -0.00607 0.00387 0.00054 -0.02204 0.04986 0.10744 0.09425 0.13609 0.08800
0.5443 -0.61392 1.6658 -0.45432 -0.61327 1.67906 0.00134 -0.00526 0.00342 0.00304 -0.01445 0.04414 0.10589 0.09251 0.13532 0.08410
0.54094 -0.61426 1.64499 -0.44856 -0.63069 1.6919 -0.00336 -0.00034 -0.02081 0.00576 -0.01742 0.01284 0.09393 0.09180 0.14320 0.08204
0.5514 -0.62614 1.67031 -0.45331 -0.6579 1.74212 0.01046 -0.01188 0.02532 -0.00475 -0.02721 0.05022 0.09790 0.09845 0.14617 0.07350
0.53466 -0.60741 1.61442 -0.4408 -0.66962 1.69453 -0.01674 0.01873 -0.05589 0.01251 -0.01172 -0.04759 0.09754 0.09599 0.14103 0.05611
0.53497 -0.60829 1.61348 -0.43988 -0.67847 1.71154 0.00031 -0.00088 -0.00094 0.00092 -0.00885 0.01701 0.09838 0.09347 0.13535 0.05011
0.54998 -0.62581 1.65976 -0.44917 -0.70384 1.79436 0.01501 -0.01752 0.04628 -0.00929 -0.02537 0.08282 0.10543 0.09622 0.14139 0.06039
0.53824 -0.61399 1.62966 -0.43595 -0.67516 1.77952 -0.01174 0.01182 -0.03010 0.01322 0.02868 -0.01484 0.10267 0.09379 0.14824 0.06333
0.54808 -0.62417 1.65106 -0.4414 -0.68958 1.8148 0.00984 -0.01018 0.02140 -0.00545 -0.01442 0.03528 0.10156 0.09835 0.13735 0.06818
0.54533 -0.62074 1.64114 -0.43143 -0.67702 1.82396 -0.00275 0.00343 -0.00992 0.00997 0.01256 0.00916 0.10022 0.10337 0.12998 0.05766
0.54519 -0.61947 1.6368 -0.43957 -0.70926 1.81251 -0.00014 0.00127 -0.00434 -0.00814 -0.03224 -0.01145 0.09927 0.08027 0.13277 0.04816
0.54652 -0.61879 1.63395 -0.43957 -0.70883 1.8137 0.00133 0.00068 -0.00285 0.00000 0.00043 0.00119 0.09568 0.07597 0.12454 0.04525
0.54612 -0.61867 1.63325 -0.43769 -0.70689 1.81475 -0.00040 0.00012 -0.00070 0.00188 0.00194 0.00105 0.14461 0.07965 0.11936 0.05467
0.54662 -0.61909 1.63171 -0.43702 -0.70732 1.81534 0.00050 -0.00042 -0.00154 0.00067 -0.00043 0.00059 0.14639 0.06842 0.12315 0.04205
0.5462 -0.61836 1.6298 -0.43678 -0.70927 1.81493 -0.00042 0.00073 -0.00191 0.00024 -0.00195 -0.00041 0.09214 0.07447 0.11384 0.06010
0.54621 -0.61816 1.62901 -0.43502 -0.70634 1.81398 0.00001 0.00020 -0.00079 0.00176 0.00293 -0.00095 0.09215 0.07045 0.12188 0.06435
0.54811 -0.61808 1.62712 -0.42597 -0.68233 1.81562 0.00190 0.00008 -0.00189 0.00905 0.02401 0.00164 0.14304 0.08581 0.10898 0.06649
0.5475 -0.61825 1.62836 -0.43298 -0.70273 1.81336 -0.00061 -0.00017 0.00124 -0.00701 -0.02040 -0.00226 0.09045 0.06747 0.10806 0.07147
0.54683 -0.61791 1.62819 -0.42354 -0.68118 1.81085 -0.00067 0.00034 -0.00017 0.00944 0.02155 -0.00251 0.08963 0.08477 0.11562 0.07576
0.54641 -0.61729 1.62855 -0.42213 -0.67929 1.8134 -0.00042 0.00062 0.00036 0.00141 0.00189 0.00255 0.09164 0.08332 0.11155 0.07975
0.54702 -0.61683 1.62683 -0.42298 -0.68183 1.81567 0.00061 0.00046 -0.00172 -0.00085 -0.00254 0.00227 0.14307 0.08195 0.10606 0.08474
]
