classifier_Car_bumps_into_house_22392 [ 0.60029 -0.66616 1.77223 -0.47754 -0.71201 1.86565 0.60029 -0.66616 1.77223 -0.47754 -0.71201 1.86565 0.12151 0.09791 0.09155 0.06966
0.60084 -0.66549 1.77548 -0.47828 -0.71226 1.86486 0.00055 0.00067 0.00325 -0.00074 -0.00025 -0.00079 0.12049 0.09937 0.10117 0.07144
0.59746 -0.66029 1.77141 -0.48223 -0.70645 1.85163 -0.00338 0.00520 -0.00407 -0.00395 0.00581 -0.01323 0.11971 0.10053 0.09116 0.06095
0.59587 -0.65049 1.75347 -0.48496 -0.68954 1.8078 -0.00159 0.00980 -0.01794 -0.00273 0.01691 -0.04383 0.12188 0.10178 0.13006 0.06738
0.58874 -0.63478 1.74628 -0.48755 -0.66728 1.76693 -0.00713 0.01571 -0.00719 -0.00259 0.02226 -0.04087 0.11942 0.10426 0.13447 0.07139
0.54824 -0.53387 1.72982 -0.50678 -0.62138 1.71926 -0.04050 0.10091 -0.01646 -0.01923 0.04590 -0.04767 0.15284 0.11215 0.10159 0.08413
0.52763 -0.48357 1.66835 -0.49919 -0.56628 1.6533 -0.02061 0.05030 -0.06147 0.00759 0.05510 -0.06596 0.04978 0.11442 0.08706 0.06862
0.53477 -0.44998 1.70912 -0.51528 -0.538 1.67549 0.00714 0.03359 0.04077 -0.01609 0.02828 0.02219 0.11821 0.12025 0.08613 0.04742
0.47464 -0.3662 1.59424 -0.47413 -0.44779 1.54697 -0.06013 0.08378 -0.11488 0.04115 0.09021 -0.12852 0.10843 0.11160 0.10590 0.06110
0.43862 -0.30353 1.57107 -0.45003 -0.37644 1.48735 -0.03602 0.06267 -0.02317 0.02410 0.07135 -0.05962 0.13193 0.10160 0.07212 0.04737
0.35883 -0.16415 1.58446 -0.38901 -0.21023 1.48111 -0.07979 0.13938 0.01339 0.06102 0.16621 -0.00624 0.13011 0.09772 0.09149 0.05112
0.28006 -0.07885 1.44497 -0.31359 -0.11426 1.3547 -0.07877 0.08530 -0.13949 0.07542 0.09597 -0.12641 0.12934 0.07551 0.08030 0.04500
0.17653 0.05409 1.47388 -0.25236 0.0058 1.46332 -0.10353 0.13294 0.02891 0.06123 0.12006 0.10862 0.13951 0.14455 0.08370 0.14114
0.11078 0.10661 1.37901 -0.19467 0.0647 1.37794 -0.06575 0.05252 -0.09487 0.05769 0.05890 -0.08538 0.13361 0.13498 0.07543 0.09436
0.04293 0.17286 1.42348 -0.15857 0.13017 1.41704 -0.06785 0.06625 0.04447 0.03610 0.06547 0.03910 0.17978 0.14555 0.08457 0.09450
-0.0375 0.21444 1.36446 -0.09018 0.19566 1.36603 -0.08043 0.04158 -0.05902 0.06839 0.06549 -0.05101 0.11495 0.12647 0.07435 0.09330
-0.0526 0.23179 1.36882 -0.07765 0.22497 1.37052 -0.01510 0.01735 0.00436 0.01253 0.02931 0.00449 0.12632 0.13637 0.06296 0.08267
-0.05126 0.26474 1.40395 -0.09193 0.27596 1.38495 0.00134 0.03295 0.03513 -0.01428 0.05099 0.01443 0.12767 0.12062 0.06637 0.09348
-0.0516 0.30957 1.40582 -0.09975 0.30798 1.39627 -0.00034 0.04483 0.00187 -0.00782 0.03202 0.01132 0.12470 0.12846 0.06654 0.09121
-0.04344 0.33722 1.37516 -0.11589 0.33377 1.36343 0.00816 0.02765 -0.03066 -0.01614 0.02579 -0.03284 0.12396 0.12887 0.07152 0.09104
0.0611 0.3331 1.42864 -0.16569 0.34088 1.41794 0.10454 -0.00412 0.05348 -0.04980 0.00711 0.05451 0.13498 0.15425 0.09613 0.08872
0.09594 0.35124 1.44634 -0.20218 0.35077 1.43779 0.03484 0.01814 0.01770 -0.03649 0.00989 0.01985 0.13492 0.15150 0.10201 0.09359
0.13384 0.36038 1.45158 -0.24 0.35203 1.44881 0.03790 0.00914 0.00524 -0.03782 0.00126 0.01102 0.13569 0.15150 0.10456 0.10076
0.17053 0.35369 1.42853 -0.27215 0.33948 1.42782 0.03669 -0.00669 -0.02305 -0.03215 -0.01255 -0.02099 0.14242 0.14441 0.08260 0.09018
0.23493 0.32005 1.40976 -0.33402 0.29121 1.40485 0.06440 -0.03364 -0.01877 -0.06187 -0.04827 -0.02297 0.15562 0.17058 0.08160 0.08883
0.26134 0.28819 1.40963 -0.35979 0.25057 1.40308 0.02641 -0.03186 -0.00013 -0.02577 -0.04064 -0.00177 0.15573 0.15710 0.08612 0.10636
0.29069 0.24257 1.42393 -0.38588 0.19878 1.4133 0.02935 -0.04562 0.01430 -0.02609 -0.05179 0.01022 0.15596 0.16490 0.07151 0.09140
0.33628 0.11984 1.47225 -0.41775 0.06215 1.4431 0.04559 -0.12273 0.04832 -0.03187 -0.13663 0.02980 0.14852 0.16994 0.08449 0.08526
0.34272 0.04006 1.47349 -0.41268 -0.01863 1.4303 0.00644 -0.07978 0.00124 0.00507 -0.08078 -0.01280 0.14038 0.15843 0.08822 0.08736
0.34794 -0.04268 1.47248 -0.40744 -0.09811 1.41155 0.00522 -0.08274 -0.00101 0.00524 -0.07948 -0.01875 0.15235 0.16314 0.10926 0.07940
0.34845 -0.18066 1.41879 -0.38374 -0.20627 1.38165 0.00051 -0.13798 -0.05369 0.02370 -0.10816 -0.02990 0.14012 0.14491 0.07460 0.09428
0.35169 -0.20732 1.45035 -0.38379 -0.22914 1.41261 0.00324 -0.02666 0.03156 -0.00005 -0.02287 0.03096 0.14054 0.13717 0.08899 0.11094
0.35489 -0.2377 1.44525 -0.37737 -0.22876 1.41673 0.00320 -0.03038 -0.00510 0.00642 0.00038 0.00412 0.12974 0.14012 0.07626 0.10915
0.36121 -0.25585 1.48069 -0.38057 -0.22633 1.45552 0.00632 -0.01815 0.03544 -0.00320 0.00243 0.03879 0.13121 0.14126 0.10016 0.11550
0.35914 -0.261 1.48193 -0.37369 -0.20706 1.45677 -0.00207 -0.00515 0.00124 0.00688 0.01927 0.00125 0.13214 0.14318 0.09416 0.10538
0.36026 -0.26713 1.49686 -0.37262 -0.1734 1.44789 0.00112 -0.00613 0.01493 0.00107 0.03366 -0.00888 0.12976 0.11172 0.09913 0.09400
0.36367 -0.27673 1.51265 -0.36741 -0.13717 1.44343 0.00341 -0.00960 0.01579 0.00521 0.03623 -0.00446 0.13050 0.09687 0.09800 0.09741
0.36049 -0.2832 1.50183 -0.37336 -0.1015 1.41671 -0.00318 -0.00647 -0.01082 -0.00595 0.03567 -0.02672 0.12244 0.09040 0.09829 0.08373
0.36477 -0.29659 1.52329 -0.37787 -0.06112 1.42941 0.00428 -0.01339 0.02146 -0.00451 0.04038 0.01270 0.12046 0.08484 0.10265 0.08783
0.36175 -0.30568 1.52811 -0.37725 -0.02046 1.42899 -0.00302 -0.00909 0.00482 0.00062 0.04066 -0.00042 0.11735 0.08503 0.09707 0.08925
0.36128 -0.3211 1.53742 -0.37019 0.01734 1.43089 -0.00047 -0.01542 0.00931 0.00706 0.03780 0.00190 0.11137 0.08293 0.09845 0.08990
0.35963 -0.33428 1.54585 -0.37081 0.05016 1.42516 -0.00165 -0.01318 0.00843 -0.00062 0.03282 -0.00573 0.10975 0.07900 0.10104 0.09552
0.33586 -0.34151 1.50149 -0.35556 0.08242 1.35456 -0.02377 -0.00723 -0.04436 0.01525 0.03226 -0.07060 0.10390 0.08269 0.09984 0.07942
0.32448 -0.35317 1.49374 -0.3578 0.08227 1.33359 -0.01138 -0.01166 -0.00775 -0.00224 -0.00015 -0.02097 0.10046 0.08799 0.08715 0.14495
0.32896 -0.38829 1.5555 -0.36346 0.06912 1.37 0.00448 -0.03512 0.06176 -0.00566 -0.01315 0.03641 0.10539 0.09914 0.09482 0.09825
0.29986 -0.38325 1.46878 -0.34515 0.05593 1.28476 -0.02910 0.00504 -0.08672 0.01831 -0.01319 -0.08524 0.09667 0.10250 0.08496 0.10206
0.27931 -0.37694 1.41438 -0.33475 0.04061 1.22706 -0.02055 0.00631 -0.05440 0.01040 -0.01532 -0.05770 0.09302 0.10182 0.09259 0.09742
0.28435 -0.40457 1.48766 -0.35379 0.02721 1.28099 0.00504 -0.02763 0.07328 -0.01904 -0.01340 0.05393 0.09206 0.10553 0.09809 0.10331
0.27362 -0.39795 1.47046 -0.34571 0.01552 1.25725 -0.01073 0.00662 -0.01720 0.00808 -0.01169 -0.02374 0.09565 0.10429 0.09123 0.10235
0.28164 -0.42088 1.54042 -0.36112 0.01051 1.31431 0.00802 -0.02293 0.06996 -0.01541 -0.00501 0.05706 0.09150 0.10820 0.10091 0.09196
0.26332 -0.3942 1.46087 -0.33378 -0.02526 1.22127 -0.01832 0.02668 -0.07955 0.02734 -0.03577 -0.09304 0.08522 0.07710 0.08798 0.08333
0.26821 -0.3952 1.49158 -0.34074 -0.02782 1.2492 0.00489 -0.00100 0.03071 -0.00696 -0.00256 0.02793 0.08569 0.07885 0.09215 0.08511
0.27637 -0.39014 1.51207 -0.34689 -0.02901 1.27068 0.00816 0.00506 0.02049 -0.00615 -0.00119 0.02148 0.09057 0.08297 0.08175 0.08925
0.2596 -0.34381 1.40856 -0.32523 -0.02897 1.1933 -0.01677 0.04633 -0.10351 0.02166 0.00004 -0.07738 0.07294 0.07548 0.06491 0.08446
0.26656 -0.3175 1.40099 -0.32576 -0.02945 1.19319 0.00696 0.02631 -0.00757 -0.00053 -0.00048 -0.00011 0.06394 0.07431 0.08317 0.07804
0.27691 -0.28367 1.40099 -0.32851 -0.02868 1.20126 0.01035 0.03383 0.00000 -0.00275 0.00077 0.00807 0.05577 0.07439 0.07708 0.08223
0.29015 -0.24587 1.40566 -0.33306 -0.02765 1.21298 0.01324 0.03780 0.00467 -0.00455 0.00103 0.01172 0.04922 0.07579 0.07400 0.08434
0.30228 -0.19776 1.4014 -0.34131 -0.00686 1.23925 0.01213 0.04811 -0.00426 -0.00825 0.02079 0.02627 0.04366 0.10074 0.07573 0.04798
0.31704 -0.1478 1.43403 -0.35441 -0.00551 1.27713 0.01476 0.04996 0.03263 -0.01310 0.00135 0.03788 0.04528 0.10053 0.08452 0.10911
0.32886 -0.09116 1.46884 -0.37426 -0.0032 1.31892 0.01182 0.05664 0.03481 -0.01985 0.00231 0.04179 0.04971 0.10637 0.07939 0.11062
0.33329 -0.03184 1.53907 -0.39472 -0.00461 1.38282 0.00443 0.05932 0.07023 -0.02046 -0.00141 0.06390 0.04522 0.11405 0.08443 0.09061
0.28593 0.07977 1.47943 -0.37514 -0.01218 1.30775 -0.04736 0.11161 -0.05964 0.01958 -0.00757 -0.07507 0.04447 0.10693 0.06922 0.10644
0.2778 0.11873 1.49348 -0.3757 -0.01553 1.29819 -0.00813 0.03896 0.01405 -0.00056 -0.00335 -0.00956 0.05156 0.10841 0.06416 0.10175
0.2941 0.1612 1.58587 -0.39571 -0.02017 1.3432 0.01630 0.04247 0.09239 -0.02001 -0.00464 0.04501 0.06104 0.11050 0.06555 0.10809
0.31022 0.1575 1.5887 -0.39781 -0.01853 1.34501 0.01612 -0.00370 0.00283 -0.00210 0.00164 0.00181 0.05510 0.11309 0.06961 0.10932
0.33654 0.12821 1.57756 -0.39745 -0.01544 1.34319 0.02632 -0.02929 -0.01114 0.00036 0.00309 -0.00182 0.05182 0.10993 0.07040 0.05428
0.36768 0.07659 1.55011 -0.39728 -0.0105 1.34063 0.03114 -0.05162 -0.02745 0.00017 0.00494 -0.00256 0.04604 0.11354 0.07592 0.04876
0.37463 0.01248 1.45645 -0.37559 -0.00726 1.27504 0.00695 -0.06411 -0.09366 0.02169 0.00324 -0.06559 0.04148 0.10145 0.06950 0.05701
0.39414 -0.04878 1.45805 -0.3786 -0.00403 1.28254 0.01951 -0.06126 0.00160 -0.00301 0.00323 0.00750 0.04655 0.09897 0.07292 0.06681
0.40351 -0.08823 1.44557 -0.37727 -0.00061 1.27676 0.00937 -0.03945 -0.01248 0.00133 0.00342 -0.00578 0.04266 0.09879 0.07296 0.05318
0.41056 -0.09809 1.44422 -0.3775 0.0031 1.2751 0.00705 -0.00986 -0.00135 -0.00023 0.00371 -0.00166 0.04345 0.09689 0.06948 0.05592
0.41074 -0.08108 1.43925 -0.37716 0.00487 1.26951 0.00018 0.01701 -0.00497 0.00034 0.00177 -0.00559 0.04556 0.10100 0.07376 0.04818
0.41072 -0.04688 1.43916 -0.37583 0.00619 1.26637 -0.00002 0.03420 -0.00009 0.00133 0.00132 -0.00314 0.04309 0.09844 0.07911 0.05197
0.40618 0.00287 1.44825 -0.37576 0.00684 1.2696 -0.00454 0.04975 0.00909 0.00007 0.00065 0.00323 0.06113 0.09762 0.06894 0.05584
0.40253 0.05619 1.47372 -0.37805 0.00853 1.2862 -0.00365 0.05332 0.02547 -0.00229 0.00169 0.01660 0.06743 0.09928 0.06494 0.08520
0.38467 0.10282 1.48432 -0.37543 0.01073 1.28573 -0.01786 0.04663 0.01060 0.00262 0.00220 -0.00047 0.05657 0.10190 0.06789 0.05123
0.35531 0.14914 1.44562 -0.37143 0.01398 1.25406 -0.02936 0.04632 -0.03870 0.00400 0.00325 -0.03167 0.05263 0.09985 0.07384 0.06035
0.36164 0.18561 1.53466 -0.38358 0.01821 1.30724 0.00633 0.03647 0.08904 -0.01215 0.00423 0.05318 0.05941 0.10716 0.08913 0.10462
0.3651 0.18235 1.5401 -0.38455 0.01907 1.31155 0.00346 -0.00326 0.00544 -0.00097 0.00086 0.00431 0.05771 0.10569 0.08664 0.10012
0.3584 0.15768 1.47676 -0.35934 0.01323 1.26522 -0.00670 -0.02467 -0.06334 0.02521 -0.00584 -0.04633 0.05405 0.09812 0.07344 0.04881
0.41059 0.07374 1.53054 -0.38209 0.01608 1.33989 0.05219 -0.08394 0.05378 -0.02275 0.00285 0.07467 0.05154 0.10027 0.08000 0.05700
0.41819 0.00747 1.50498 -0.38178 0.01908 1.33236 0.00760 -0.06627 -0.02556 0.00031 0.00300 -0.00753 0.04678 0.10295 0.08119 0.11968
0.39994 -0.05383 1.41423 -0.36193 0.01693 1.26012 -0.01825 -0.06130 -0.09075 0.01985 -0.00215 -0.07224 0.04935 0.09517 0.07315 0.11135
0.4006 -0.09872 1.41977 -0.36589 0.01678 1.26961 0.00066 -0.04489 0.00554 -0.00396 -0.00015 0.00949 0.04650 0.09343 0.07149 0.11357
0.39714 -0.12263 1.44234 -0.37349 0.01749 1.28941 -0.00346 -0.02391 0.02257 -0.00760 0.00071 0.01980 0.04607 0.09480 0.08825 0.11097
0.38704 -0.12528 1.44677 -0.37627 0.01819 1.29012 -0.01010 -0.00265 0.00443 -0.00278 0.00070 0.00071 0.05238 0.09392 0.08755 0.11269
0.39862 -0.07828 1.48491 -0.38458 0.01894 1.30873 0.01158 0.04700 0.03814 -0.00831 0.00075 0.01861 0.08270 0.09646 0.10739 0.11548
0.38194 -0.03494 1.4425 -0.37247 0.01893 1.2658 -0.01668 0.04334 -0.04241 0.01211 -0.00001 -0.04293 0.09205 0.09618 0.10040 0.10919
0.38469 0.00275 1.46787 -0.3772 0.01729 1.28405 0.00275 0.03769 0.02537 -0.00473 -0.00164 0.01825 0.10783 0.09490 0.10048 0.11389
0.37071 0.04376 1.44249 -0.36864 0.01637 1.25917 -0.01398 0.04101 -0.02538 0.00856 -0.00092 -0.02488 0.10438 0.09129 0.09428 0.11114
0.36448 0.07541 1.44223 -0.36705 0.01611 1.2579 -0.00623 0.03165 -0.00026 0.00159 -0.00026 -0.00127 0.09773 0.09278 0.09457 0.11077
0.35539 0.09802 1.43593 -0.36496 0.01509 1.25378 -0.00909 0.02261 -0.00630 0.00209 -0.00102 -0.00412 0.10272 0.09557 0.10345 0.10886
0.34975 0.10774 1.43614 -0.36345 0.01252 1.25749 -0.00564 0.00972 0.00021 0.00151 -0.00257 0.00371 0.10811 0.09670 0.10457 0.11224
0.34514 0.09995 1.42519 -0.36243 0.00734 1.26184 -0.00461 -0.00779 -0.01095 0.00102 -0.00518 0.00435 0.11686 0.09258 0.10428 0.10547
0.3398 0.07844 1.40516 -0.36241 0.00626 1.26529 -0.00534 -0.02151 -0.02003 0.00002 -0.00108 0.00345 0.12385 0.09490 0.10148 0.11410
0.33442 0.05012 1.38397 -0.36302 0.00377 1.26684 -0.00538 -0.02832 -0.02119 -0.00061 -0.00249 0.00155 0.13780 0.09585 0.10220 0.11487
0.33068 0.02944 1.36798 -0.36194 0.00161 1.26491 -0.00374 -0.02068 -0.01599 0.00108 -0.00216 -0.00193 0.12990 0.08907 0.07479 0.10858
0.32638 0.01953 1.35964 -0.36328 0.00155 1.26353 -0.00430 -0.00991 -0.00834 -0.00134 -0.00006 -0.00138 0.13661 0.09431 0.09874 0.10479
0.32515 0.01639 1.35827 -0.36464 0.00206 1.26486 -0.00123 -0.00314 -0.00137 -0.00136 0.00051 0.00133 0.13185 0.09416 0.10203 0.10783
0.33596 0.01479 1.40342 -0.38124 0.00454 1.30579 0.01081 -0.00160 0.04515 -0.01660 0.00248 0.04093 0.12472 0.09903 0.10950 0.11262
0.31034 0.01513 1.34556 -0.37245 0.00657 1.26086 -0.02562 0.00034 -0.05786 0.00879 0.00203 -0.04493 0.12428 0.09429 0.09886 0.09333
0.30237 0.01578 1.33962 -0.372 0.0069 1.25944 -0.00797 0.00065 -0.00594 0.00045 0.00033 -0.00142 0.11917 0.09574 0.09687 0.10917
0.2912 0.01836 1.33311 -0.36957 0.00766 1.25799 -0.01117 0.00258 -0.00651 0.00243 0.00076 -0.00145 0.11872 0.09712 0.09769 0.11026
0.22143 0.03575 1.30114 -0.35678 0.00858 1.24692 -0.06977 0.01739 -0.03197 0.01279 0.00092 -0.01107 0.13049 0.09838 0.05051 0.11081
0.19747 0.04251 1.335 -0.3695 0.012 1.2803 -0.02396 0.00676 0.03386 -0.01272 0.00342 0.03338 0.13064 0.10056 0.05922 0.07954
0.15755 0.05296 1.33192 -0.3675 0.01284 1.27919 -0.03992 0.01045 -0.00308 0.00200 0.00084 -0.00111 0.13693 0.10270 0.09649 0.10055
0.11347 0.06348 1.33521 -0.36106 0.01182 1.28459 -0.04408 0.01052 0.00329 0.00644 -0.00102 0.00540 0.13899 0.10397 0.09786 0.10070
-0.05395 0.05659 1.26633 -0.25664 -0.00764 1.18136 -0.16742 -0.00689 -0.06888 0.10442 -0.01946 -0.10323 0.09205 0.07594 0.08283 0.06578
-0.19387 0.05302 1.22201 -0.17229 0.03255 1.21104 -0.13992 -0.00357 -0.04432 0.08435 0.04019 0.02968 0.09890 0.08494 0.06116 0.08509
-0.21168 0.06092 1.22531 -0.12698 0.04795 1.25244 -0.01781 0.00790 0.00330 0.04531 0.01540 0.04140 0.11349 0.07988 0.07355 0.14713
-0.21001 0.07343 1.23566 -0.25629 0.08066 1.22356 0.00167 0.01251 0.01035 -0.12931 0.03271 -0.02888 0.11379 0.10393 0.06380 0.08869
-0.19205 0.09784 1.23035 -0.24055 0.0973 1.21934 0.01796 0.02441 -0.00531 0.01574 0.01664 -0.00422 0.12043 0.09305 0.06305 0.09287
-0.14468 0.13806 1.21635 -0.29813 0.04921 1.17519 0.04737 0.04022 -0.01400 -0.05758 -0.04809 -0.04415 0.06859 0.06741 0.05203 0.05512
-0.09343 0.1894 1.27052 -0.33093 0.06853 1.24124 0.05125 0.05134 0.05417 -0.03280 0.01932 0.06605 0.11232 0.08726 0.10251 0.05015
-0.00154 0.25942 1.27709 -0.35211 0.08062 1.26179 0.09189 0.07002 0.00657 -0.02118 0.01209 0.02055 0.12239 0.08775 0.10868 0.10502
0.13668 0.28549 1.26133 -0.36572 0.07269 1.25357 0.13822 0.02607 -0.01576 -0.01361 -0.00793 -0.00822 0.12061 0.08628 0.09963 0.08386
0.17488 0.28555 1.27796 -0.36276 0.07357 1.27661 0.03820 0.00006 0.01663 0.00296 0.00088 0.02304 0.12350 0.09190 0.10133 0.10225
0.21643 0.26894 1.28391 -0.36578 0.06907 1.28453 0.04155 -0.01661 0.00595 -0.00302 -0.00450 0.00792 0.12951 0.09575 0.10297 0.10780
0.24834 0.25136 1.29223 -0.36668 0.05866 1.29151 0.03191 -0.01758 0.00832 -0.00090 -0.01041 0.00698 0.13098 0.09633 0.10746 0.09971
0.27342 0.22213 1.27691 -0.36306 0.04996 1.27528 0.02508 -0.02923 -0.01532 0.00362 -0.00870 -0.01623 0.12678 0.09775 0.10669 0.10055
0.29468 0.1955 1.27722 -0.36409 0.04178 1.27187 0.02126 -0.02663 0.00031 -0.00103 -0.00818 -0.00341 0.13038 0.09658 0.10599 0.05615
0.31526 0.17316 1.2956 -0.35963 0.0404 1.28826 0.02058 -0.02234 0.01838 0.00446 -0.00138 0.01639 0.15518 0.09682 0.10687 0.10114
0.36115 0.11798 1.34882 -0.36609 0.03229 1.32624 0.04589 -0.05518 0.05322 -0.00646 -0.00811 0.03798 0.13266 0.10009 0.11255 0.10071
0.36149 0.09673 1.3315 -0.3628 0.02751 1.3046 0.00034 -0.02125 -0.01732 0.00329 -0.00478 -0.02164 0.11628 0.09771 0.11315 0.09771
0.35543 0.07431 1.29501 -0.35058 0.02529 1.26577 -0.00606 -0.02242 -0.03649 0.01222 -0.00222 -0.03883 0.14877 0.09581 0.10960 0.09441
0.37161 0.02294 1.29786 -0.34804 0.02184 1.25223 0.01618 -0.05137 0.00285 0.00254 -0.00345 -0.01354 0.11448 0.09536 0.10112 0.05210
0.37534 0.00299 1.29708 -0.34825 0.01986 1.24121 0.00373 -0.01995 -0.00078 -0.00021 -0.00198 -0.01102 0.10400 0.09680 0.10634 0.05008
0.39686 -0.05768 1.33352 -0.35398 0.01133 1.24806 0.02152 -0.06067 0.03644 -0.00573 -0.00853 0.00685 0.09038 0.09702 0.10196 0.10471
0.42187 -0.09918 1.42311 -0.37535 0.0023 1.31069 0.02501 -0.04150 0.08959 -0.02137 -0.00903 0.06263 0.09249 0.10236 0.10831 0.10833
0.44021 -0.19119 1.48114 -0.38761 -0.02123 1.32477 0.01834 -0.09201 0.05803 -0.01226 -0.02353 0.01408 0.06233 0.10064 0.10679 0.11199
0.44938 -0.23704 1.49998 -0.39528 -0.03804 1.31993 0.00917 -0.04585 0.01884 -0.00767 -0.01681 -0.00484 0.05965 0.09744 0.10293 0.10729
0.45575 -0.27819 1.51076 -0.40077 -0.0615 1.31064 0.00637 -0.04115 0.01078 -0.00549 -0.02346 -0.00929 0.05427 0.09950 0.07899 0.10798
0.46042 -0.31571 1.51242 -0.40465 -0.08875 1.29443 0.00467 -0.03752 0.00166 -0.00388 -0.02725 -0.01621 0.05399 0.09842 0.06371 0.08657
0.50049 -0.37457 1.60022 -0.4352 -0.12961 1.35498 0.04007 -0.05886 0.08780 -0.03055 -0.04086 0.06055 0.05173 0.10341 0.07077 0.10503
0.52636 -0.41396 1.62534 -0.45149 -0.16866 1.36902 0.02587 -0.03939 0.02512 -0.01629 -0.03905 0.01404 0.05638 0.10725 0.06526 0.09838
0.57665 -0.46938 1.73974 -0.49697 -0.21754 1.45962 0.05029 -0.05542 0.11440 -0.04548 -0.04888 0.09060 0.07296 0.11745 0.07612 0.09424
0.56391 -0.47454 1.68496 -0.48233 -0.2589 1.38946 -0.01274 -0.00516 -0.05478 0.01464 -0.04136 -0.07016 0.09954 0.11442 0.07166 0.08580
0.57972 -0.50615 1.77276 -0.50049 -0.31193 1.40863 0.01581 -0.03161 0.08780 -0.01816 -0.05303 0.01917 0.13387 0.10966 0.06078 0.09179
0.59194 -0.53053 1.79512 -0.51498 -0.35968 1.42843 0.01222 -0.02438 0.02236 -0.01449 -0.04775 0.01980 0.16945 0.10870 0.09693 0.08127
0.57477 -0.52774 1.7125 -0.50331 -0.38345 1.38398 -0.01717 0.00279 -0.08262 0.01167 -0.02377 -0.04445 0.15307 0.09880 0.09139 0.08890
0.58426 -0.55082 1.73542 -0.51867 -0.43624 1.41652 0.00949 -0.02308 0.02292 -0.01536 -0.05279 0.03254 0.13209 0.09927 0.10023 0.09119
0.5914 -0.58093 1.84387 -0.54286 -0.48986 1.49417 0.00714 -0.03011 0.10845 -0.02419 -0.05362 0.07765 0.07851 0.09582 0.12122 0.07733
0.6327 -0.66354 1.84222 -0.55838 -0.58826 1.59043 0.04130 -0.08261 -0.00165 -0.01552 -0.09840 0.09626 0.11615 0.09747 0.14691 0.07231
0.62175 -0.66274 1.81745 -0.54577 -0.60529 1.609 -0.01095 0.00080 -0.02477 0.01261 -0.01703 0.01857 0.11538 0.09408 0.15085 0.06986
0.60176 -0.65078 1.75844 -0.52294 -0.61313 1.58657 -0.01999 0.01196 -0.05901 0.02283 -0.00784 -0.02243 0.13045 0.09289 0.14720 0.06460
0.60445 -0.65872 1.76649 -0.51943 -0.62866 1.63618 0.00269 -0.00794 0.00805 0.00351 -0.01553 0.04961 0.12510 0.09294 0.14529 0.06334
0.62165 -0.68683 1.84204 -0.53497 -0.67296 1.74331 0.01720 -0.02811 0.07555 -0.01554 -0.04430 0.10713 0.12271 0.09579 0.07838 0.07124
0.60969 -0.67219 1.78219 -0.5091 -0.66145 1.71625 -0.01196 0.01464 -0.05985 0.02587 0.01151 -0.02706 0.12254 0.09135 0.11283 0.06916
0.60913 -0.6695 1.7952 -0.50209 -0.66773 1.74531 -0.00056 0.00269 0.01301 0.00701 -0.00628 0.02906 0.11986 0.09634 0.09671 0.06155
0.61138 -0.67083 1.79345 -0.49478 -0.67335 1.76763 0.00225 -0.00133 -0.00175 0.00731 -0.00562 0.02232 0.12632 0.09526 0.09833 0.06330
0.60757 -0.66598 1.807 -0.48931 -0.68122 1.78844 -0.00381 0.00485 0.01355 0.00547 -0.00787 0.02081 0.12733 0.09578 0.08845 0.06280
0.60737 -0.66623 1.80033 -0.48406 -0.68944 1.79682 -0.00020 -0.00025 -0.00667 0.00525 -0.00822 0.00838 0.12542 0.09522 0.09804 0.05966
0.60976 -0.6725 1.7911 -0.47908 -0.69334 1.82156 0.00239 -0.00627 -0.00923 0.00498 -0.00390 0.02474 0.12458 0.09971 0.09640 0.06963
0.61119 -0.67441 1.79288 -0.47707 -0.69244 1.83307 0.00143 -0.00191 0.00178 0.00201 0.00090 0.01151 0.12726 0.10106 0.10331 0.06944
0.61117 -0.67451 1.78568 -0.47388 -0.68975 1.83537 -0.00002 -0.00010 -0.00720 0.00319 0.00269 0.00230 0.12606 0.10093 0.10746 0.06546
0.61176 -0.67598 1.78832 -0.47279 -0.69241 1.84337 0.00059 -0.00147 0.00264 0.00109 -0.00266 0.00800 0.12555 0.10265 0.10468 0.07182
0.61314 -0.67772 1.78885 -0.47124 -0.68986 1.85164 0.00138 -0.00174 0.00053 0.00155 0.00255 0.00827 0.12312 0.10333 0.10410 0.08084
0.61353 -0.67896 1.79104 -0.47095 -0.68819 1.85778 0.00039 -0.00124 0.00219 0.00029 0.00167 0.00614 0.12275 0.10221 0.10512 0.07041
]
